/*--------------------------------*- C++ -*----------------------------------*\
| =========                 |                                                 |
| \\      /  F ield         | OpenFOAM: The Open Source CFD Toolbox           |
|  \\    /   O peration     | Version:  3.0.1                                 |
|   \\  /    A nd           | Web:      www.OpenFOAM.org                      |
|    \\/     M anipulation  |                                                 |
\*---------------------------------------------------------------------------*/
FoamFile
{
    version     2.0;
    format      ascii;
    class       volScalarField;
    location    "0.1";
    object      p;
}
// * * * * * * * * * * * * * * * * * * * * * * * * * * * * * * * * * * * * * //

dimensions      [0 2 -2 0 0 0 0];

internalField   nonuniform List<scalar> 
400
(
-1.63721e-08
-0.000381988
-0.000620787
-0.000607565
-0.000303031
0.00029116
0.00115228
0.00224816
0.00354005
0.00498121
0.0065148
0.00807266
0.00957578
0.0109369
0.0120662
0.0128815
0.0133249
0.013387
0.0131314
0.0127067
0.000377979
-1.41492e-05
-0.00018703
-0.00011764
0.000193947
0.000751697
0.00154471
0.00255016
0.00373611
0.00506092
0.0064722
0.00790675
0.00929127
0.0105462
0.0115918
0.0123582
0.0128015
0.0129184
0.0127302
0.0122969
0.000633035
0.000133687
-5.69115e-05
2.074e-05
0.000328343
0.000866382
0.00162752
0.00259347
0.00373695
0.00502042
0.00639476
0.00779893
0.00916112
0.0104021
0.0114415
0.0122079
0.0126561
0.0127771
0.012557
0.012001
0.00064291
1.48182e-05
-0.000226184
-0.000162224
0.000138644
0.00067154
0.00142952
0.00239667
0.00354908
0.00485239
0.00625954
0.00770979
0.00912894
0.0104325
0.0115316
0.012344
0.0128136
0.0129215
0.0126293
0.0119176
0.000336122
-0.000410123
-0.000703947
-0.00065582
-0.000356044
0.000186462
0.000965133
0.00196624
0.00316908
0.00454223
0.0060401
0.00760105
0.00914593
0.0105807
0.0118019
0.0127092
0.0132289
0.0133296
0.0129564
0.0120838
-0.000332875
-0.00119494
-0.00154127
-0.00150536
-0.0011968
-0.000627691
0.000196218
0.00126384
0.00255818
0.00405122
0.00569898
0.00743915
0.00918525
0.01083
0.0122489
0.0133147
0.0139271
0.0140362
0.0135718
0.0125119
-0.00140339
-0.00239259
-0.00279371
-0.00276472
-0.00243622
-0.00182365
-0.00093147
0.000232799
0.00165719
0.00331857
0.00517561
0.00716851
0.00920114
0.0111505
0.0128642
0.0141759
0.0149448
0.0150901
0.0145171
0.0132104
-0.00292389
-0.00406355
-0.00452485
-0.00449732
-0.00413844
-0.0034682
-0.00248928
-0.0012042
0.000382328
0.00225547
0.0043824
0.0066994
0.00911305
0.0114817
0.0136172
0.0152996
0.016325
0.0165574
0.0158528
0.0141968
-0.00496101
-0.00628567
-0.00681521
-0.00678358
-0.00638546
-0.0056477
-0.00457074
-0.00315025
-0.00138077
0.000734956
0.00317623
0.00589149
0.00878824
0.0117124
0.0144374
0.0166713
0.0181145
0.0185324
0.0176769
0.0155092
-0.00760643
-0.00916202
-0.00976847
-0.00972491
-0.0092793
-0.00846902
-0.00729176
-0.00573432
-0.00377775
-0.00140759
0.00137563
0.00454268
0.00801779
0.0116487
0.0151762
0.0182225
0.0203482
0.0211452
0.0201504
0.0172287
-0.0109866
-0.0128311
-0.0135183
-0.0134466
-0.0129419
-0.0120571
-0.0107865
-0.00910597
-0.00698056
-0.00437414
-0.00125848
0.00237414
0.00648932
0.010968
0.0155476
0.019769
0.0230064
0.0245602
0.0235389
0.0195353
-0.0152817
-0.0174834
-0.0182372
-0.0180994
-0.0175116
-0.0165471
-0.0151947
-0.0134185
-0.0111669
-0.00838109
-0.00499829
-0.000958261
0.00377791
0.009179
0.01505
0.0209077
0.0259245
0.028945
0.0282697
0.02284
-0.020764
-0.0233888
-0.0241473
-0.0238573
-0.0231313
-0.0220641
-0.0206334
-0.0187904
-0.0164709
-0.0135987
-0.0100796
-0.005793
-0.000595841
0.00564238
0.0129227
0.0209012
0.0286488
0.0343877
0.0350004
0.0280724
-0.0278808
-0.0309452
-0.0315291
-0.0309007
-0.0299165
-0.0286785
-0.0271377
-0.0252306
-0.0228881
-0.0200316
-0.0165526
-0.0122808
-0.00695427
-0.000219125
0.00829827
0.0187055
0.0303247
0.0407598
0.0446894
0.0372384
-0.0374363
-0.0407552
-0.0407054
-0.0393555
-0.0378727
-0.0363071
-0.0345473
-0.0325083
-0.0301255
-0.0273377
-0.0240507
-0.0200754
-0.0150452
-0.00838462
0.00081545
0.013515
0.029972
0.0476876
0.0586403
0.0541381
-0.0509891
-0.0537348
-0.0519349
-0.0491185
-0.0467002
-0.0445092
-0.0423042
-0.0399604
-0.037418
-0.0346428
-0.0315733
-0.0280353
-0.0236131
-0.0174881
-0.00824213
0.00622518
0.0278962
0.0554105
0.0788383
0.0846778
-0.0717624
-0.0711908
-0.0651448
-0.0595383
-0.0554607
-0.0521752
-0.0491982
-0.0463163
-0.0434407
-0.0405356
-0.0375444
-0.0342886
-0.0303037
-0.0245474
-0.015124
0.00115636
0.0283476
0.067697
0.11023
0.138409
-0.107589
-0.0943487
-0.0791467
-0.0687341
-0.0619898
-0.0571143
-0.0531783
-0.0497279
-0.0465344
-0.0434783
-0.0404342
-0.037131
-0.0329501
-0.0265627
-0.0154751
0.0045078
0.0393636
0.0939504
0.165244
0.239199
-0.182651
-0.121075
-0.0863756
-0.0696598
-0.0605329
-0.0548001
-0.0508366
-0.0477292
-0.0449674
-0.0422949
-0.0394963
-0.0361806
-0.031524
-0.0237641
-0.00982342
0.0158228
0.0618091
0.139025
0.258677
0.431411
-0.34913
-0.142405
-0.067571
-0.0495034
-0.0433867
-0.0404227
-0.0392039
-0.0386093
-0.0379016
-0.036791
-0.0350978
-0.0324444
-0.0279928
-0.0200775
-0.0051028
0.0233604
0.0772872
0.17959
0.369533
0.696826
)
;

boundaryField
{
    movingWall
    {
        type            zeroGradient;
    }
    fixedWalls
    {
        type            zeroGradient;
    }
    frontAndBack
    {
        type            empty;
    }
}


// ************************************************************************* //
