/*--------------------------------*- C++ -*----------------------------------*\
| =========                 |                                                 |
| \\      /  F ield         | OpenFOAM: The Open Source CFD Toolbox           |
|  \\    /   O peration     | Version:  3.0.1                                 |
|   \\  /    A nd           | Web:      www.OpenFOAM.org                      |
|    \\/     M anipulation  |                                                 |
\*---------------------------------------------------------------------------*/
FoamFile
{
    version     2.0;
    format      ascii;
    class       surfaceScalarField;
    location    "0.1";
    object      phi;
}
// * * * * * * * * * * * * * * * * * * * * * * * * * * * * * * * * * * * * * //

dimensions      [0 3 -1 0 0 0 0];

internalField   nonuniform List<scalar> 
760
(
-4.4662e-09
4.46698e-09
-4.73857e-08
4.29193e-08
-1.18427e-07
7.10412e-08
-2.01352e-07
8.29245e-08
-2.84937e-07
8.35849e-08
-3.62253e-07
7.7316e-08
-4.28955e-07
6.67013e-08
-4.82017e-07
5.30619e-08
-5.19008e-07
3.69906e-08
-5.37804e-07
1.87968e-08
-5.36605e-07
-1.20004e-09
-5.14127e-07
-2.24776e-08
-4.69969e-07
-4.41578e-08
-4.0513e-07
-6.48396e-08
-3.22729e-07
-8.24004e-08
-2.28934e-07
-9.3795e-08
-1.33951e-07
-9.4983e-08
-5.28423e-08
-8.11091e-08
-4.74783e-09
-4.80943e-08
-4.74795e-09
-4.32072e-08
4.7674e-08
-1.61877e-07
1.61588e-07
-3.29134e-07
2.38297e-07
-5.18039e-07
2.7183e-07
-7.07299e-07
2.72845e-07
-8.82041e-07
2.52057e-07
-1.03213e-06
2.16795e-07
-1.15035e-06
1.71273e-07
-1.23109e-06
1.17736e-07
-1.26987e-06
5.75754e-08
-1.26323e-06
-7.84088e-09
-1.20907e-06
-7.66335e-08
-1.10738e-06
-1.4585e-07
-9.61177e-07
-2.11043e-07
-7.77863e-07
-2.65715e-07
-5.70749e-07
-3.00909e-07
-3.60384e-07
-3.05348e-07
-1.74639e-07
-2.66854e-07
-4.53378e-08
-1.77396e-07
-5.0086e-08
-7.58962e-08
1.2357e-07
-2.53398e-07
3.3909e-07
-4.90603e-07
4.75503e-07
-7.52437e-07
5.33663e-07
-1.01208e-06
5.3249e-07
-1.25053e-06
4.90504e-07
-1.45452e-06
4.20787e-07
-1.61446e-06
3.3121e-07
-1.72296e-06
2.26239e-07
-1.77418e-06
1.08797e-07
-1.76371e-06
-1.83103e-08
-1.68899e-06
-1.51361e-07
-1.55011e-06
-2.84723e-07
-1.35116e-06
-4.09998e-07
-1.10182e-06
-5.15058e-07
-8.19286e-07
-5.8344e-07
-5.29829e-07
-5.94805e-07
-2.68853e-07
-5.27831e-07
-7.80245e-08
-3.68225e-07
-1.2811e-07
-9.80443e-08
2.21614e-07
-3.20542e-07
5.61587e-07
-6.11633e-07
7.66594e-07
-9.28488e-07
8.50519e-07
-1.24007e-06
8.44072e-07
-1.5249e-06
7.75334e-07
-1.76811e-06
6.64001e-07
-1.95892e-06
5.22018e-07
-2.08895e-06
3.56268e-07
-2.15143e-06
1.71278e-07
-2.14106e-06
-2.86807e-08
-2.05442e-06
-2.38004e-07
-1.89098e-06
-4.48164e-07
-1.65468e-06
-6.46299e-07
-1.35606e-06
-8.13672e-07
-1.01475e-06
-9.24747e-07
-6.61575e-07
-9.47984e-07
-3.39156e-07
-8.5025e-07
-9.9659e-08
-6.07722e-07
-2.27769e-07
-1.14811e-07
3.36425e-07
-3.74711e-07
8.21487e-07
-7.11969e-07
1.10385e-06
-1.07621e-06
1.21476e-06
-1.43246e-06
1.20032e-06
-1.75734e-06
1.10022e-06
-2.03509e-06
9.41751e-07
-2.25433e-06
7.41259e-07
-2.40608e-06
5.08013e-07
-2.48271e-06
2.47911e-07
-2.47775e-06
-3.36443e-08
-2.38622e-06
-3.29531e-07
-2.20594e-06
-6.28441e-07
-1.93949e-06
-9.12753e-07
-1.59712e-06
-1.15605e-06
-1.20028e-06
-1.32158e-06
-7.84821e-07
-1.36344e-06
-4.02264e-07
-1.23281e-06
-1.17233e-07
-8.92753e-07
-3.45002e-07
-1.3065e-07
4.67075e-07
-4.27044e-07
1.11788e-06
-8.10155e-07
1.48696e-06
-1.22188e-06
1.62649e-06
-1.62317e-06
1.60161e-06
-1.98897e-06
1.46602e-06
-2.30297e-06
1.25575e-06
-2.55357e-06
9.91867e-07
-2.73142e-06
6.85854e-07
-2.82798e-06
3.44472e-07
-2.8352e-06
-2.64214e-08
-2.74566e-06
-4.19069e-07
-2.55424e-06
-8.19862e-07
-2.26058e-06
-1.20641e-06
-1.87323e-06
-1.54339e-06
-1.4149e-06
-1.77991e-06
-9.27482e-07
-1.85086e-06
-4.74365e-07
-1.68592e-06
-1.36612e-07
-1.23051e-06
-4.81614e-07
-1.48645e-07
6.1572e-07
-4.85994e-07
1.45523e-06
-9.20361e-07
1.92133e-06
-1.38502e-06
2.09115e-06
-1.83656e-06
2.05314e-06
-2.24837e-06
1.87783e-06
-2.60396e-06
1.61135e-06
-2.89199e-06
1.2799e-06
-3.10301e-06
8.96867e-07
-3.22762e-06
4.69085e-07
-3.25592e-06
1.87675e-09
-3.17692e-06
-4.98069e-07
-2.98102e-06
-1.01576e-06
-2.66269e-06
-1.52475e-06
-2.22643e-06
-1.97965e-06
-1.69472e-06
-2.31163e-06
-1.11631e-06
-2.42927e-06
-5.70717e-07
-2.23151e-06
-1.62632e-07
-1.63859e-06
-6.44246e-07
-1.70998e-07
7.86718e-07
-5.57835e-07
1.84207e-06
-1.05299e-06
2.41649e-06
-1.57948e-06
2.61764e-06
-2.08907e-06
2.56274e-06
-2.55391e-06
2.34266e-06
-2.958e-06
2.01544e-06
-3.29095e-06
1.61284e-06
-3.54386e-06
1.14978e-06
-3.70691e-06
6.3213e-07
-3.76784e-06
6.28117e-08
-3.7118e-06
-5.54115e-07
-3.52235e-06
-1.20521e-06
-3.18564e-06
-1.86146e-06
-2.69811e-06
-2.46719e-06
-2.07849e-06
-2.93124e-06
-1.38186e-06
-3.1259e-06
-7.09196e-07
-2.90418e-06
-2.00733e-07
-2.14705e-06
-8.44979e-07
-1.99631e-07
9.86349e-07
-6.47943e-07
2.29038e-06
-1.21651e-06
2.98505e-06
-1.81566e-06
3.21679e-06
-2.39194e-06
3.13901e-06
-2.91689e-06
2.86761e-06
-3.37609e-06
2.47465e-06
-3.76129e-06
1.99804e-06
-4.0653e-06
1.45379e-06
-4.27877e-06
8.45595e-07
-4.38769e-06
1.71736e-07
-4.37255e-06
-5.69257e-07
-4.20813e-06
-1.36963e-06
-3.86796e-06
-2.20163e-06
-3.33397e-06
-3.00118e-06
-2.61398e-06
-3.65123e-06
-1.76536e-06
-3.97452e-06
-9.15699e-07
-3.75384e-06
-2.59259e-07
-2.80349e-06
-1.10424e-06
-2.36868e-07
1.22322e-06
-7.62281e-07
2.81579e-06
-1.4194e-06
3.64217e-06
-2.10268e-06
3.90007e-06
-2.75329e-06
3.78962e-06
-3.3434e-06
3.45772e-06
-3.86184e-06
2.99309e-06
-4.30429e-06
2.44049e-06
-4.66712e-06
1.81662e-06
-4.94318e-06
1.12165e-06
-5.11826e-06
3.4681e-07
-5.1684e-06
-5.19112e-07
-5.05818e-06
-1.47985e-06
-4.7436e-06
-2.51621e-06
-4.18289e-06
-3.56189e-06
-3.36029e-06
-4.47383e-06
-2.32434e-06
-5.01047e-06
-1.23052e-06
-4.84765e-06
-3.52733e-07
-3.68128e-06
-1.45697e-06
-2.86266e-07
1.50948e-06
-9.08969e-07
3.4385e-06
-1.67182e-06
4.40503e-06
-2.44957e-06
4.67782e-06
-3.17859e-06
4.51864e-06
-3.83382e-06
4.11295e-06
-4.40974e-06
3.56901e-06
-4.90842e-06
2.93917e-06
-5.33235e-06
2.24056e-06
-5.67938e-06
1.46868e-06
-5.93788e-06
6.05313e-07
-6.08177e-06
-3.75226e-07
-6.06567e-06
-1.49595e-06
-5.82422e-06
-2.75766e-06
-5.28106e-06
-4.10505e-06
-4.37771e-06
-5.37718e-06
-3.1309e-06
-6.25728e-06
-1.71321e-06
-6.26533e-06
-5.06238e-07
-4.88825e-06
-1.96321e-06
-3.53818e-07
1.8633e-06
-1.10003e-06
4.18471e-06
-1.98657e-06
5.29156e-06
-2.86465e-06
5.55591e-06
-3.66806e-06
5.32205e-06
-4.37803e-06
4.82292e-06
-4.99801e-06
4.18899e-06
-5.53946e-06
3.48062e-06
-6.01414e-06
2.71523e-06
-6.42857e-06
1.88311e-06
-6.77814e-06
9.54884e-07
-7.03953e-06
-1.13836e-07
-7.16156e-06
-1.37392e-06
-7.0578e-06
-2.86142e-06
-6.60878e-06
-4.55407e-06
-5.69026e-06
-6.29569e-06
-4.2491e-06
-7.69845e-06
-2.43847e-06
-8.07596e-06
-7.60088e-07
-6.56664e-06
-2.7233e-06
-4.49956e-07
2.31326e-06
-1.3533e-06
5.08805e-06
-2.3783e-06
6.31656e-06
-3.35075e-06
6.52836e-06
-4.20767e-06
6.17897e-06
-4.94243e-06
5.55768e-06
-5.57171e-06
4.81827e-06
-6.11975e-06
4.02866e-06
-6.61077e-06
3.20625e-06
-7.06388e-06
2.33623e-06
-7.48694e-06
1.37795e-06
-7.86699e-06
2.66218e-07
-8.15679e-06
-1.08412e-06
-8.25792e-06
-2.7603e-06
-8.00965e-06
-4.80234e-06
-7.20486e-06
-7.10048e-06
-5.67175e-06
-9.23157e-06
-3.4677e-06
-1.028e-05
-1.17092e-06
-8.86343e-06
-3.89422e-06
-5.93104e-07
2.90636e-06
-1.69386e-06
6.1888e-06
-2.85773e-06
7.48044e-06
-3.89068e-06
7.5613e-06
-4.74636e-06
7.03465e-06
-5.44001e-06
6.25133e-06
-6.00735e-06
5.38561e-06
-6.48877e-06
4.51008e-06
-6.92332e-06
3.6408e-06
-7.34527e-06
2.75817e-06
-7.77943e-06
1.81211e-06
-8.23188e-06
7.18673e-07
-8.67392e-06
-6.42085e-07
-9.01717e-06
-2.41705e-06
-9.08227e-06
-4.73724e-06
-8.58679e-06
-7.59596e-06
-7.20175e-06
-1.06166e-05
-4.77263e-06
-1.27091e-05
-1.79748e-06
-1.18386e-05
-5.6917e-06
-8.1605e-07
3.72241e-06
-2.15228e-06
7.52503e-06
-3.41178e-06
8.73994e-06
-4.40884e-06
8.55836e-06
-5.14277e-06
7.76858e-06
-5.667e-06
6.77556e-06
-6.04422e-06
5.76283e-06
-6.33398e-06
4.79984e-06
-6.5901e-06
3.89692e-06
-6.86072e-06
3.02879e-06
-7.18756e-06
2.13895e-06
-7.6011e-06
1.13222e-06
-8.10469e-06
-1.38494e-07
-8.65432e-06
-1.86742e-06
-9.10037e-06
-4.29118e-06
-9.13947e-06
-7.55686e-06
-8.29761e-06
-1.14585e-05
-6.09211e-06
-1.49146e-05
-2.64265e-06
-1.5288e-05
-8.33434e-06
-1.17542e-06
4.89784e-06
-2.74799e-06
9.0976e-06
-3.94376e-06
9.93571e-06
-4.67634e-06
9.29095e-06
-5.04897e-06
8.14121e-06
-5.17834e-06
6.90493e-06
-5.16267e-06
5.74716e-06
-5.08044e-06
4.71761e-06
-4.99486e-06
3.81134e-06
-4.95963e-06
2.99356e-06
-5.02456e-06
2.20388e-06
-5.23954e-06
1.3472e-06
-5.64618e-06
2.6814e-07
-6.27198e-06
-1.24162e-06
-7.06298e-06
-3.50019e-06
-7.80203e-06
-6.81781e-06
-7.97761e-06
-1.12829e-05
-6.75538e-06
-1.61369e-05
-3.51657e-06
-1.85268e-05
-1.18509e-05
-1.75581e-06
6.65365e-06
-3.40001e-06
1.07418e-05
-4.08981e-06
1.06255e-05
-4.07905e-06
9.28019e-06
-3.67077e-06
7.73293e-06
-3.06698e-06
6.30114e-06
-2.39648e-06
5.07666e-06
-1.74239e-06
4.06352e-06
-1.15983e-06
3.22878e-06
-6.89918e-07
2.52364e-06
-3.72194e-07
1.88615e-06
-2.5624e-07
1.23125e-06
-4.18102e-07
4.30001e-07
-9.44943e-07
-7.14781e-07
-1.93201e-06
-2.51312e-06
-3.37213e-06
-5.37768e-06
-4.93327e-06
-9.72174e-06
-5.61989e-06
-1.54502e-05
-3.88554e-06
-2.02612e-05
-1.57365e-05
-2.6084e-06
9.26205e-06
-3.48631e-06
1.16197e-05
-2.6251e-06
9.76431e-06
-1.04893e-06
7.70402e-06
6.92621e-07
5.99138e-06
2.37077e-06
4.62299e-06
3.88879e-06
3.55864e-06
5.20842e-06
2.74389e-06
6.31929e-06
2.11791e-06
7.21991e-06
1.62302e-06
7.90259e-06
1.20347e-06
8.33784e-06
7.96007e-07
8.45286e-06
3.14981e-07
8.11514e-06
-3.77067e-07
7.10569e-06
-1.50367e-06
5.1562e-06
-3.4282e-06
2.17151e-06
-6.73704e-06
-1.16348e-06
-1.21153e-05
-2.68401e-06
-1.87407e-05
-1.84205e-05
-2.45246e-06
1.17145e-05
1.94876e-07
8.97237e-06
4.34591e-06
5.61328e-06
8.14465e-06
3.90528e-06
1.13343e-05
2.80172e-06
1.39516e-05
2.00564e-06
1.60689e-05
1.44141e-06
1.77647e-05
1.04805e-06
1.91121e-05
7.7054e-07
2.01679e-05
5.67158e-07
2.09659e-05
4.05471e-07
2.15064e-05
2.55548e-07
2.17348e-05
8.66029e-08
2.15304e-05
-1.72674e-07
2.06228e-05
-5.961e-07
1.85533e-05
-1.3587e-06
1.46967e-05
-2.88045e-06
8.74589e-06
-6.16442e-06
2.31588e-06
-1.23107e-05
-1.61046e-05
1.17145e-05
2.06869e-05
2.63001e-05
3.02054e-05
3.30072e-05
3.50128e-05
3.64542e-05
3.75023e-05
3.82728e-05
3.884e-05
3.92454e-05
3.9501e-05
3.95876e-05
3.94149e-05
3.88188e-05
3.74601e-05
3.45797e-05
2.84152e-05
1.61046e-05
)
;

boundaryField
{
    movingWall
    {
        type            calculated;
        value           uniform 0;
    }
    fixedWalls
    {
        type            calculated;
        value           uniform 0;
    }
    frontAndBack
    {
        type            empty;
        value           nonuniform 0();
    }
}


// ************************************************************************* //
