/*--------------------------------*- C++ -*----------------------------------*\
| =========                 |                                                 |
| \\      /  F ield         | OpenFOAM: The Open Source CFD Toolbox           |
|  \\    /   O peration     | Version:  3.0.1                                 |
|   \\  /    A nd           | Web:      www.OpenFOAM.org                      |
|    \\/     M anipulation  |                                                 |
\*---------------------------------------------------------------------------*/
FoamFile
{
    version     2.0;
    format      ascii;
    class       volScalarField;
    location    "0.35";
    object      p;
}
// * * * * * * * * * * * * * * * * * * * * * * * * * * * * * * * * * * * * * //

dimensions      [1 -1 -2 0 0 0 0];

internalField   nonuniform List<scalar> 
1915
(
3.70992
3.75201
3.796
3.84192
3.8898
3.93968
3.99161
4.04564
4.10183
4.16026
4.22103
4.28427
4.3501
4.41871
4.49032
4.56516
4.64352
4.72571
4.81203
4.90277
4.99807
5.09798
5.20231
5.3105
5.42163
3.13342
3.13579
3.13906
3.14499
3.15307
3.16323
3.17547
3.18978
3.20613
3.2245
3.24488
3.26724
3.29156
3.31782
3.34602
3.37614
3.40817
3.44209
3.47792
3.51564
3.55528
3.59682
3.64031
3.68575
3.7332
3.7827
3.83429
3.88806
3.94406
4.00239
4.06317
4.12651
4.19256
4.26149
4.33351
4.40882
4.48767
4.57027
4.65686
4.74758
4.84249
4.94148
5.04424
5.15019
5.25845
2.98238
2.98474
2.98803
2.99386
3.00178
3.01171
3.02367
3.03765
3.05362
3.07157
3.09148
3.11335
3.13714
3.16286
3.19049
3.22002
3.25145
3.28477
3.31999
3.3571
3.39613
3.43709
3.48
3.5249
3.57183
3.62084
3.67199
3.72536
3.78102
3.83907
3.89963
3.96282
4.02878
4.09767
4.16968
4.24498
4.32375
4.40618
4.49238
4.58243
4.67629
4.77377
4.87448
4.97785
5.08301
2.82702
2.82938
2.83267
2.83841
2.84616
2.85587
2.86755
2.88119
2.89678
2.9143
2.93374
2.9551
2.97836
3.00351
3.03055
3.05948
3.09028
3.12296
3.15752
3.19397
3.23234
3.27264
3.31491
3.35918
3.40549
3.45391
3.50449
3.5573
3.61245
3.67001
3.73011
3.79286
3.85841
3.9269
3.99847
4.07329
4.15148
4.23316
4.3184
4.4072
4.49945
4.5949
4.69313
4.79356
4.89534
2.66734
2.66967
2.67295
2.67858
2.68617
2.69565
2.70705
2.72035
2.73555
2.75263
2.7716
2.79244
2.81514
2.83971
2.86613
2.89441
2.92455
2.95654
2.9904
3.02614
3.06379
3.10336
3.1449
3.18844
3.23402
3.28171
3.33156
3.38366
3.43809
3.49494
3.55433
3.61636
3.68117
3.74887
3.8196
3.89347
3.97058
4.05101
4.13476
4.22177
4.3119
4.40483
4.50014
4.59723
4.69528
2.5033
2.5056
2.50884
2.51436
2.52177
2.53102
2.54213
2.55508
2.56988
2.58651
2.60498
2.62529
2.64741
2.67137
2.69715
2.72475
2.75418
2.78544
2.81854
2.85351
2.89036
2.92912
2.96983
3.01253
3.05725
3.10407
3.15304
3.20424
3.25775
3.31365
3.37206
3.43307
3.49679
3.56334
3.63281
3.7053
3.78086
3.85953
3.94127
4.026
4.1135
4.20344
4.29536
4.38865
4.48251
2.33487
2.33714
2.34032
2.34571
2.35294
2.36195
2.37275
2.38534
2.39972
2.41589
2.43385
2.4536
2.47512
2.49843
2.52353
2.55041
2.57909
2.60956
2.64184
2.67596
2.71194
2.7498
2.78957
2.83131
2.87505
2.92085
2.96876
3.01886
3.07123
3.12594
3.1831
3.24278
3.30508
3.3701
3.43791
3.50858
3.58212
3.65855
3.73781
3.81974
3.90411
3.99056
4.07859
4.16756
4.25665
2.16204
2.16425
2.16736
2.17261
2.17964
2.18839
2.19887
2.21109
2.22504
2.24073
2.25815
2.27731
2.29821
2.32085
2.34522
2.37134
2.39921
2.42883
2.46023
2.49343
2.52844
2.5653
2.60403
2.64468
2.68729
2.73191
2.77859
2.82739
2.8784
2.93167
2.98729
3.04533
3.10588
3.169
3.23475
3.30316
3.37424
3.44796
3.52421
3.60284
3.68357
3.766
3.84959
3.93365
4.01729
1.98478
1.98691
1.98993
1.99502
2.00185
2.01032
2.02047
2.0323
2.0458
2.06099
2.07785
2.0964
2.11664
2.13856
2.16217
2.18748
2.21448
2.2432
2.27364
2.30583
2.33979
2.37554
2.41312
2.45255
2.49388
2.53715
2.58242
2.62972
2.67913
2.73071
2.78452
2.84062
2.89907
2.95993
3.02321
3.08895
3.15711
3.22763
3.3004
3.37521
3.45175
3.5296
3.60816
3.68665
3.76406
1.80306
1.8051
1.80802
1.81294
1.81954
1.82773
1.83752
1.84894
1.86197
1.87663
1.89291
1.91082
1.93036
1.95153
1.97433
1.99878
2.02486
2.05261
2.08202
2.11312
2.14593
2.18047
2.21677
2.25485
2.29475
2.33651
2.38017
2.42577
2.47336
2.52299
2.57471
2.62856
2.68459
2.74281
2.80325
2.86589
2.93068
2.99754
3.06632
3.13679
3.2086
3.28128
3.35417
3.42639
3.49674
1.61687
1.61881
1.62161
1.62635
1.63271
1.64058
1.65001
1.661
1.67354
1.68765
1.70332
1.72056
1.73936
1.75974
1.78169
1.80521
1.83032
1.85702
1.88533
1.91525
1.94682
1.98004
2.01494
2.05154
2.08986
2.12994
2.17181
2.2155
2.26105
2.30848
2.35784
2.40915
2.46242
2.51766
2.57487
2.634
2.69499
2.75773
2.82203
2.88764
2.95416
3.02108
3.08765
3.15286
3.21529
1.42621
1.42803
1.4307
1.43523
1.44134
1.44889
1.45793
1.46847
1.4805
1.49403
1.50906
1.52559
1.54362
1.56316
1.58421
1.60676
1.63083
1.65642
1.68355
1.71221
1.74244
1.77423
1.80761
1.84259
1.87919
1.91743
1.95733
1.99891
2.0422
2.0872
2.13393
2.1824
2.23261
2.28454
2.33816
2.39339
2.45017
2.50833
2.56769
2.62793
2.68864
2.74923
2.80887
2.86637
2.92003
1.23107
1.23274
1.23528
1.2396
1.24543
1.25264
1.26127
1.27134
1.28283
1.29576
1.31011
1.32591
1.34313
1.3618
1.38189
1.40343
1.4264
1.45081
1.47667
1.504
1.53278
1.56305
1.59479
1.62802
1.66276
1.699
1.73676
1.77604
1.81685
1.85919
1.90306
1.94843
1.99529
2.04359
2.09327
2.14426
2.19643
2.24962
2.30359
2.35803
2.41247
2.46626
2.51847
2.56772
2.61195
1.03144
1.03297
1.03536
1.03945
1.04499
1.05184
1.06005
1.06962
1.08055
1.09285
1.10651
1.12153
1.13791
1.15565
1.17475
1.19521
1.21702
1.24019
1.26472
1.29062
1.31788
1.34651
1.37651
1.40787
1.4406
1.4747
1.51015
1.54696
1.58511
1.62458
1.66535
1.70739
1.75063
1.79502
1.84048
1.8869
1.93413
1.98199
2.03023
2.07849
2.12631
2.17298
2.2175
2.25832
2.29302
0.827334
0.82871
0.830948
0.834795
0.840027
0.846502
0.854267
0.863326
0.873675
0.885316
0.898247
0.912465
0.927966
0.944747
0.962804
0.982133
1.00273
1.0246
1.04773
1.07212
1.09777
1.12467
1.15281
1.18219
1.2128
1.24461
1.27761
1.31179
1.3471
1.38352
1.421
1.45948
1.49889
1.53914
1.58013
1.62172
1.66374
1.706
1.74822
1.79007
1.83105
1.87049
1.90739
1.94014
1.96608
0.618766
0.619988
0.62207
0.62566
0.630569
0.636653
0.643956
0.652484
0.66223
0.673192
0.685367
0.698751
0.713337
0.729118
0.746089
0.764243
0.783572
0.804071
0.825732
0.848547
0.872503
0.897588
0.923786
0.951077
0.979439
1.00885
1.03927
1.07067
1.10301
1.13622
1.17024
1.205
1.2404
1.27632
1.31265
1.34922
1.38585
1.42233
1.45839
1.4937
1.52784
1.56019
1.58989
1.61556
1.63461
0.40575
0.406823
0.408743
0.412067
0.416639
0.42232
0.429149
0.437128
0.446251
0.456513
0.467908
0.480429
0.494067
0.508813
0.524658
0.541592
0.559603
0.578681
0.598813
0.619984
0.642175
0.665365
0.68953
0.714639
0.740663
0.767562
0.795295
0.823808
0.853041
0.88292
0.913363
0.94427
0.975528
1.00701
1.03855
1.07
1.10114
1.13177
1.16162
1.19043
1.21786
1.24348
1.26672
1.2868
1.3018
0.188308
0.189242
0.190994
0.194048
0.198274
0.203544
0.209886
0.217304
0.225787
0.235329
0.245921
0.257554
0.270216
0.283894
0.298577
0.31425
0.330898
0.348506
0.367055
0.386523
0.406885
0.428111
0.450168
0.473018
0.49662
0.520925
0.545878
0.571412
0.597453
0.623911
0.650687
0.677666
0.704716
0.731686
0.758407
0.784691
0.810331
0.835111
0.858807
0.8812
0.902087
0.9213
0.938687
0.954327
0.967647
-0.0335293
-0.032723
-0.0311405
-0.028355
-0.0244798
-0.019627
-0.0137787
-0.00693434
0.000895928
0.00970152
0.019472
0.0301945
0.0418545
0.0544371
0.0679258
0.082303
0.09755
0.113645
0.130565
0.14828
0.166758
0.185961
0.20585
0.226377
0.247492
0.269137
0.291245
0.313738
0.336529
0.359515
0.382584
0.405604
0.428429
0.450891
0.472802
0.493961
0.514149
0.533151
0.550759
0.566804
0.58119
0.593966
0.605377
0.616235
0.627431
-0.259717
-0.259023
-0.257613
-0.255088
-0.251563
-0.247131
-0.241781
-0.235518
-0.228352
-0.220296
-0.211364
-0.20157
-0.190933
-0.17947
-0.167201
-0.154148
-0.140335
-0.125788
-0.110536
-0.0946163
-0.0780665
-0.0609309
-0.0432577
-0.0251
-0.0065168
0.0124248
0.0316483
0.0510669
0.070582
0.0900827
0.109444
0.128522
0.147157
0.165167
0.182346
0.198476
0.213321
0.226651
0.238249
0.247948
0.255684
0.261579
0.266057
0.270218
0.27579
-0.490189
-0.489592
-0.488356
-0.486084
-0.482905
-0.478893
-0.474045
-0.468369
-0.461875
-0.45458
-0.446497
-0.437647
-0.428048
-0.417723
-0.406695
-0.39499
-0.382635
-0.369664
-0.35611
-0.342016
-0.327427
-0.312391
-0.296964
-0.281204
-0.26518
-0.248963
-0.232639
-0.216301
-0.200054
-0.184017
-0.168324
-0.153127
-0.138599
-0.124935
-0.112355
-0.101104
-0.0914413
-0.0836356
-0.0779515
-0.074619
-0.0737852
-0.0754456
-0.0793071
-0.0845081
-0.089389
-0.724858
-0.72435
-0.723287
-0.721259
-0.718418
-0.714827
-0.710482
-0.705397
-0.699581
-0.693052
-0.685828
-0.677931
-0.669383
-0.660209
-0.650436
-0.640094
-0.629216
-0.617839
-0.606003
-0.593755
-0.581144
-0.568225
-0.555059
-0.54171
-0.52825
-0.514759
-0.501324
-0.488044
-0.475029
-0.462401
-0.450301
-0.438887
-0.42834
-0.418868
-0.410709
-0.404133
-0.399439
-0.39695
-0.397019
-0.400001
-0.406238
-0.416027
-0.429502
-0.446513
-0.466434
-0.963619
-0.963199
-0.962308
-0.960518
-0.95801
-0.954838
-0.950995
-0.946501
-0.941364
-0.935606
-0.929245
-0.922307
-0.914815
-0.906799
-0.89829
-0.88932
-0.879928
-0.870155
-0.860045
-0.84965
-0.839024
-0.828225
-0.817318
-0.806374
-0.795467
-0.784679
-0.7741
-0.76383
-0.753982
-0.744681
-0.736068
-0.728306
-0.721581
-0.716113
-0.712156
-0.710006
-0.710004
-0.712542
-0.718082
-0.727141
-0.740322
-0.758336
-0.781918
-0.811907
-0.849352
-1.20636
-1.20603
-1.20531
-1.20376
-1.20157
-1.19882
-1.19548
-1.19157
-1.18711
-1.18213
-1.17663
-1.17065
-1.16422
-1.15736
-1.15011
-1.14252
-1.13461
-1.12644
-1.11805
-1.10951
-1.10086
-1.09217
-1.0835
-1.07494
-1.06655
-1.05843
-1.05065
-1.04332
-1.03655
-1.03047
-1.02522
-1.02096
-1.01788
-1.0162
-1.0162
-1.01819
-1.02255
-1.02972
-1.04029
-1.05492
-1.07447
-1.10007
-1.13305
-1.17523
-1.22941
-1.45297
-1.45274
-1.45219
-1.45086
-1.449
-1.44666
-1.44381
-1.44049
-1.43671
-1.43249
-1.42785
-1.42283
-1.41744
-1.41174
-1.40575
-1.39952
-1.39309
-1.38651
-1.37984
-1.37312
-1.36643
-1.35982
-1.35337
-1.34715
-1.34123
-1.3357
-1.33065
-1.32618
-1.32239
-1.31941
-1.31738
-1.31646
-1.31683
-1.31874
-1.32244
-1.32826
-1.3366
-1.34795
-1.36294
-1.38234
-1.40722
-1.43898
-1.47938
-1.53101
-1.598
-1.70333
-1.7032
-1.70281
-1.70171
-1.70016
-1.69823
-1.69587
-1.69314
-1.69002
-1.68656
-1.68277
-1.67869
-1.67435
-1.66979
-1.66505
-1.66017
-1.6552
-1.65019
-1.6452
-1.64029
-1.63551
-1.63095
-1.62666
-1.62272
-1.61921
-1.61621
-1.6138
-1.61209
-1.61117
-1.61117
-1.61222
-1.61449
-1.61816
-1.62344
-1.63061
-1.63998
-1.65192
-1.66692
-1.6856
-1.70874
-1.73747
-1.77327
-1.81806
-1.87491
-1.94862
-1.95733
-1.9573
-1.95706
-1.95618
-1.95493
-1.95341
-1.95153
-1.94937
-1.94692
-1.9442
-1.94125
-1.93811
-1.93479
-1.93135
-1.92783
-1.92428
-1.92074
-1.91728
-1.91394
-1.91079
-1.90789
-1.90531
-1.90313
-1.90141
-1.90023
-1.89966
-1.8998
-1.90074
-1.90259
-1.90546
-1.90948
-1.91481
-1.92164
-1.93016
-1.94062
-1.9533
-1.96851
-1.98667
-2.00829
-2.03401
-2.06482
-2.10204
-2.14735
-2.20396
-2.27667
-2.21485
-2.21488
-2.21479
-2.21414
-2.21318
-2.21207
-2.21066
-2.20906
-2.20725
-2.20527
-2.20315
-2.20091
-2.1986
-2.19627
-2.19394
-2.19169
-2.18955
-2.18758
-2.18585
-2.18441
-2.18333
-2.18267
-2.18252
-2.18294
-2.184
-2.18579
-2.18838
-2.19188
-2.19639
-2.20203
-2.20893
-2.21725
-2.22717
-2.23886
-2.25254
-2.26843
-2.28674
-2.30773
-2.33169
-2.35897
-2.39013
-2.42596
-2.46744
-2.51716
-2.57915
-2.47574
-2.47582
-2.47586
-2.47544
-2.47477
-2.47406
-2.47311
-2.47206
-2.47089
-2.46962
-2.46831
-2.46696
-2.46563
-2.46437
-2.46321
-2.46221
-2.46142
-2.46091
-2.46073
-2.46093
-2.4616
-2.4628
-2.4646
-2.46707
-2.47029
-2.47432
-2.47928
-2.48524
-2.49233
-2.50066
-2.51039
-2.52167
-2.53467
-2.54958
-2.56655
-2.58574
-2.60726
-2.63116
-2.65739
-2.68588
-2.71644
-2.74896
-2.78295
-2.81935
-2.8597
-2.73982
-2.73996
-2.74011
-2.73995
-2.73954
-2.73923
-2.73873
-2.73822
-2.73767
-2.7371
-2.73657
-2.73609
-2.73572
-2.73549
-2.73545
-2.73567
-2.73619
-2.73707
-2.73837
-2.74016
-2.7425
-2.74546
-2.74912
-2.75355
-2.75881
-2.76501
-2.77222
-2.78056
-2.79015
-2.80112
-2.81365
-2.82791
-2.84406
-2.86231
-2.88279
-2.90561
-2.9308
-2.95822
-2.98754
-3.01821
-3.04915
-3.0792
-3.10557
-3.12676
-3.13901
-3.00692
-3.00715
-3.00738
-3.00749
-3.00735
-3.00742
-3.00737
-3.00738
-3.00743
-3.00755
-3.00777
-3.00813
-3.00867
-3.00944
-3.01049
-3.01187
-3.01363
-3.01584
-3.01855
-3.02184
-3.02577
-3.03041
-3.03582
-3.0421
-3.04931
-3.05755
-3.06692
-3.07754
-3.08956
-3.10314
-3.11845
-3.13571
-3.15512
-3.17688
-3.20117
-3.2281
-3.25768
-3.28972
-3.32382
-3.35916
-3.39415
-3.42697
-3.45246
-3.46722
-3.46019
-3.27685
-3.27721
-3.27751
-3.27791
-3.27802
-3.27848
-3.27886
-3.27939
-3.28002
-3.28079
-3.28175
-3.28291
-3.28433
-3.28605
-3.28813
-3.29061
-3.29355
-3.29701
-3.30106
-3.30576
-3.31117
-3.31737
-3.32444
-3.33244
-3.34148
-3.35164
-3.36306
-3.37587
-3.39023
-3.40634
-3.42441
-3.44469
-3.46743
-3.49289
-3.52127
-3.55276
-3.58745
-3.62528
-3.66604
-3.70916
-3.75344
-3.79758
-3.83581
-3.86532
-3.87147
-3.54946
-3.55001
-3.55034
-3.55106
-3.55142
-3.55225
-3.55307
-3.55408
-3.55528
-3.55669
-3.55834
-3.56027
-3.56253
-3.56515
-3.5682
-3.57172
-3.57576
-3.5804
-3.58569
-3.59169
-3.59848
-3.60613
-3.61471
-3.62431
-3.63503
-3.64699
-3.66031
-3.67517
-3.69175
-3.71029
-3.73105
-3.75432
-3.78042
-3.80965
-3.84232
-3.87871
-3.91901
-3.9634
-4.01197
-4.06477
-4.12185
-4.18379
-4.24705
-4.31503
-4.38006
-3.82462
-3.82541
-3.82577
-3.82682
-3.82742
-3.82863
-3.82986
-3.83135
-3.8331
-3.83511
-3.83743
-3.84009
-3.84313
-3.84661
-3.85056
-3.85505
-3.86013
-3.86585
-3.87228
-3.87948
-3.88752
-3.89648
-3.90644
-3.91749
-3.92974
-3.94331
-3.95837
-3.97509
-3.99372
-4.01453
-4.03781
-4.06394
-4.0933
-4.12628
-4.16331
-4.20477
-4.25101
-4.30234
-4.35908
-4.4217
-4.49128
-4.56985
-4.65751
-4.76936
-4.91022
-4.10223
-4.10332
-4.10368
-4.10506
-4.10592
-4.10747
-4.10912
-4.11107
-4.11333
-4.11592
-4.11888
-4.12223
-4.12602
-4.13029
-4.13509
-4.14048
-4.1465
-4.15321
-4.16068
-4.16896
-4.17813
-4.18827
-4.19945
-4.21177
-4.22535
-4.24034
-4.25691
-4.27527
-4.29568
-4.31846
-4.34398
-4.37266
-4.40499
-4.4415
-4.48274
-4.52926
-4.58161
-4.64028
-4.70564
-4.77818
-4.85891
-4.9486
-5.04959
-5.18228
-5.35332
-4.38203
-4.38347
-4.3838
-4.38553
-4.38662
-4.38852
-4.39055
-4.39295
-4.39571
-4.39885
-4.4024
-4.4064
-4.41089
-4.4159
-4.42148
-4.42769
-4.43457
-4.44217
-4.45057
-4.45981
-4.46997
-4.48111
-4.49334
-4.50674
-4.52144
-4.53759
-4.55537
-4.57503
-4.59685
-4.62117
-4.64842
-4.6791
-4.7138
-4.75319
-4.79804
-4.84916
-4.90743
-4.97373
-5.04876
-5.13319
-5.22742
-5.32948
-5.44112
-5.56924
-5.70791
-4.66374
-4.66555
-4.6658
-4.66787
-4.6692
-4.67141
-4.67384
-4.67666
-4.67988
-4.68354
-4.68765
-4.69226
-4.69738
-4.70307
-4.70937
-4.71632
-4.72396
-4.73236
-4.74157
-4.75164
-4.76263
-4.77463
-4.7877
-4.80196
-4.81752
-4.83453
-4.85319
-4.87374
-4.89645
-4.92172
-4.94997
-4.98178
-5.01781
-5.05889
-5.10599
-5.16027
-5.2231
-5.29608
-5.38111
-5.48011
-5.59429
-5.72281
-5.86747
-6.01028
-6.13052
-4.94781
-4.95006
-4.9502
-4.95261
-4.9542
-4.95672
-4.95951
-4.96274
-4.96642
-4.97057
-4.97521
-4.98038
-4.98611
-4.99243
-4.99938
-5.00701
-5.01536
-5.02446
-5.03439
-5.04517
-5.05688
-5.06957
-5.08333
-5.09824
-5.11442
-5.13201
-5.15118
-5.17216
-5.19522
-5.22072
-5.24909
-5.2809
-5.31684
-5.35781
-5.40492
-5.45958
-5.52362
-5.59944
-5.6905
-5.80115
-5.93567
-6.10225
-6.31235
-6.53704
-6.8148
-5.23505
-5.23801
-5.23801
-5.24074
-5.24262
-5.24542
-5.24859
-5.25222
-5.25634
-5.26097
-5.26613
-5.27185
-5.27816
-5.28508
-5.29266
-5.30093
-5.30992
-5.31968
-5.33025
-5.34168
-5.354
-5.36728
-5.38159
-5.39699
-5.41358
-5.43148
-5.45083
-5.47181
-5.49465
-5.51965
-5.54718
-5.57772
-5.6119
-5.65053
-5.69466
-5.74568
-5.80557
-5.87712
-5.96423
-6.0733
-6.20941
-6.39303
-6.64173
-6.95419
-7.51028
-5.52252
-5.52645
-5.52632
-5.52926
-5.53146
-5.53453
-5.53804
-5.54206
-5.5466
-5.55168
-5.55733
-5.56355
-5.57039
-5.57786
-5.586
-5.59483
-5.60439
-5.61471
-5.62583
-5.63778
-5.65059
-5.66431
-5.67899
-5.69468
-5.71144
-5.72937
-5.74854
-5.7691
-5.79117
-5.81496
-5.84071
-5.86874
-5.89949
-5.93352
-5.97153
-6.01458
-6.06428
-6.12298
-6.19087
-6.27787
-6.38936
-6.54041
-6.74702
-7.03779
-7.57976
-5.80546
-5.81006
-5.80992
-5.81296
-5.81554
-5.81888
-5.82272
-5.82709
-5.83201
-5.83748
-5.84354
-5.8502
-5.85748
-5.8654
-5.87399
-5.88328
-5.89329
-5.90404
-5.91557
-5.92789
-5.94104
-5.95504
-5.96991
-5.98569
-6.00241
-6.02011
-6.03883
-6.05862
-6.07952
-6.1016
-6.12495
-6.14966
-6.17587
-6.20375
-6.23348
-6.26534
-6.29984
-6.33746
-6.37945
-6.42837
-6.48797
-6.56477
-6.66664
-6.80921
-7.06599
-6.09044
-6.09506
-6.09555
-6.09875
-6.10182
-6.10548
-6.10966
-6.11438
-6.11966
-6.12552
-6.13198
-6.13906
-6.14677
-6.15514
-6.16419
-6.17393
-6.18438
-6.19557
-6.20752
-6.22023
-6.23372
-6.248
-6.26308
-6.27898
-6.29568
-6.31318
-6.33147
-6.35051
-6.37027
-6.39067
-6.41162
-6.43299
-6.45461
-6.4762
-6.49741
-6.51768
-6.53643
-6.55258
-6.56494
-6.57214
-6.5725
-6.56442
-6.54779
-6.52502
-6.50939
-6.38949
-6.3973
-6.3986
-6.40208
-6.4056
-6.40963
-6.41418
-6.4193
-6.42501
-6.43134
-6.4383
-6.44591
-6.45419
-6.46314
-6.4728
-6.48317
-6.49426
-6.50608
-6.51865
-6.53197
-6.54605
-6.56087
-6.57643
-6.59271
-6.60968
-6.62729
-6.64548
-6.66414
-6.68314
-6.70232
-6.72141
-6.7401
-6.75792
-6.77427
-6.78831
-6.79884
-6.8054
-6.80408
-6.79299
-6.76802
-6.7235
-6.65169
-6.54221
-6.38242
-6.16203
)
;

boundaryField
{
    leftWall
    {
        type            calculated;
        value           nonuniform List<scalar> 
42
(
3.13342
2.98238
2.82702
2.66734
2.5033
2.33487
2.16204
1.98478
1.80306
1.61687
1.42621
1.23107
1.03144
0.827334
0.618766
0.40575
0.188308
-0.0335293
-0.259717
-0.490189
-0.724858
-0.963619
-1.20636
-1.45297
-1.70333
-1.95733
-2.21485
-2.47574
-2.73982
-3.00692
-3.27685
-3.54946
-3.82462
-4.10223
-4.38203
-4.66374
-4.94781
-5.23505
-5.52252
-5.80546
-6.09044
-6.38949
)
;
    }
    rightWall
    {
        type            calculated;
        value           nonuniform 0();
    }
    lowerWall
    {
        type            calculated;
        value           nonuniform 0();
    }
    atmosphere
    {
        type            calculated;
        value           nonuniform List<scalar> 
45
(
-6.55043
-6.56923
-6.56818
-6.57172
-6.57534
-6.57952
-6.58429
-6.58966
-6.59566
-6.60231
-6.60963
-6.61763
-6.62632
-6.63572
-6.64584
-6.6567
-6.6683
-6.68064
-6.69375
-6.7076
-6.72221
-6.73756
-6.75362
-6.77038
-6.78777
-6.80574
-6.8242
-6.84302
-6.86204
-6.88104
-6.89971
-6.91766
-6.93436
-6.9491
-6.96096
-6.96876
-6.97084
-6.96483
-6.94781
-6.91565
-6.86282
-6.78201
-6.66472
-6.50186
-6.27353
)
;
    }
    defaultFaces
    {
        type            empty;
    }
    procBoundary2to0
    {
        type            processor;
        value           nonuniform List<scalar> 
46
(
3.86019
3.90277
3.94723
3.99357
4.04182
4.09201
4.14417
4.19835
4.25461
4.31299
4.37357
4.43647
4.50181
4.56977
4.64053
4.71439
4.79167
4.87276
4.95807
5.04801
5.14296
5.24311
5.34841
5.45841
5.57218
3.28019
3.28257
3.2858
3.29183
3.30008
3.31047
3.323
3.33764
3.35437
3.37317
3.394
3.41684
3.44168
3.46848
3.49723
3.52791
3.56051
3.59503
3.63143
3.66973
3.66973
)
;
    }
    procBoundary2to3
    {
        type            processor;
        value           nonuniform List<scalar> 
43
(
5.53439
5.36787
5.18892
4.99747
4.79326
4.57586
4.34473
4.09931
3.83907
3.56369
3.27307
2.96744
2.64799
2.31767
1.98112
1.64402
1.31117
0.98119
0.643375
0.287152
-0.0907965
-0.488559
-0.89702
-1.30203
-1.69009
-2.05165
-2.37993
-2.66786
-2.91445
-3.14376
-3.42446
-3.84876
-4.45027
-5.11187
-5.61806
-5.91391
-6.23725
-7.21445
-8.57883
-8.53752
-7.54078
-6.57019
-5.88541
)
;
    }
}


// ************************************************************************* //
