/*--------------------------------*- C++ -*----------------------------------*\
| =========                 |                                                 |
| \\      /  F ield         | OpenFOAM: The Open Source CFD Toolbox           |
|  \\    /   O peration     | Version:  3.0.1                                 |
|   \\  /    A nd           | Web:      www.OpenFOAM.org                      |
|    \\/     M anipulation  |                                                 |
\*---------------------------------------------------------------------------*/
FoamFile
{
    version     2.0;
    format      ascii;
    class       surfaceScalarField;
    location    "0.35";
    object      phi;
}
// * * * * * * * * * * * * * * * * * * * * * * * * * * * * * * * * * * * * * //

dimensions      [0 3 -1 0 0 0 0];

internalField   nonuniform List<scalar> 
3742
(
3.60492e-05
-6.13646e-05
3.80187e-05
-6.11159e-05
4.00051e-05
-6.08523e-05
4.20061e-05
-6.05689e-05
4.402e-05
-6.02591e-05
4.60458e-05
-5.99154e-05
4.80834e-05
-5.95289e-05
5.01335e-05
-5.90894e-05
5.21977e-05
-5.85858e-05
5.42783e-05
-5.80055e-05
5.63783e-05
-5.7335e-05
5.8501e-05
-5.6559e-05
6.06502e-05
-5.56611e-05
6.28305e-05
-5.46225e-05
6.50483e-05
-5.34225e-05
6.73124e-05
-5.20374e-05
6.9635e-05
-5.04407e-05
7.20336e-05
-4.86035e-05
7.45326e-05
-4.64949e-05
7.71652e-05
-4.40836e-05
7.99744e-05
-4.13404e-05
8.30119e-05
-3.82412e-05
8.63367e-05
-3.47723e-05
9.00093e-05
-3.0935e-05
-2.67526e-05
1.88931e-06
-3.27416e-05
3.73794e-06
-7.10619e-05
5.17991e-06
-7.18584e-05
6.63057e-06
-6.75348e-05
8.18248e-06
-6.57693e-05
9.78546e-06
-6.55258e-05
1.14061e-05
-6.55684e-05
1.30407e-05
-6.55385e-05
1.4695e-05
-6.54366e-05
1.63733e-05
-6.53052e-05
1.80779e-05
-6.51623e-05
1.98099e-05
-6.50113e-05
2.15703e-05
-6.48525e-05
2.33597e-05
-6.46863e-05
2.51784e-05
-6.45136e-05
2.70267e-05
-6.43351e-05
2.89042e-05
-6.41511e-05
3.08104e-05
-6.39617e-05
3.27445e-05
-6.37661e-05
3.47052e-05
-6.35631e-05
3.66913e-05
-6.33507e-05
3.87014e-05
-6.3126e-05
4.07343e-05
-6.28852e-05
4.2789e-05
-6.26236e-05
4.48651e-05
-6.23351e-05
4.69626e-05
-6.20129e-05
4.90825e-05
-6.16488e-05
5.12267e-05
-6.12336e-05
5.33979e-05
-6.0757e-05
5.55998e-05
-6.02073e-05
5.78368e-05
-5.95719e-05
6.01144e-05
-5.88366e-05
6.24392e-05
-5.79858e-05
6.48189e-05
-5.70022e-05
6.72631e-05
-5.58666e-05
6.97837e-05
-5.45579e-05
7.23961e-05
-5.30531e-05
7.512e-05
-5.13274e-05
7.79802e-05
-4.93551e-05
8.10073e-05
-4.71108e-05
8.42377e-05
-4.45709e-05
8.77129e-05
-4.17164e-05
9.14761e-05
-3.85356e-05
9.55672e-05
-3.50261e-05
-3.12006e-05
1.88544e-06
-3.46271e-05
3.74655e-06
-7.2923e-05
5.22604e-06
-7.33379e-05
6.72125e-06
-6.90301e-05
8.31482e-06
-6.73628e-05
9.95515e-06
-6.71661e-05
1.16104e-05
-6.72236e-05
1.32781e-05
-6.72062e-05
1.49641e-05
-6.71227e-05
1.66729e-05
-6.7014e-05
1.84068e-05
-6.68961e-05
2.01671e-05
-6.67716e-05
2.1955e-05
-6.66404e-05
2.37716e-05
-6.65028e-05
2.56174e-05
-6.63594e-05
2.7493e-05
-6.62107e-05
2.93985e-05
-6.60567e-05
3.1334e-05
-6.58972e-05
3.32993e-05
-6.57313e-05
3.52939e-05
-6.55577e-05
3.73176e-05
-6.53744e-05
3.937e-05
-6.51783e-05
4.14509e-05
-6.49661e-05
4.35605e-05
-6.47332e-05
4.56995e-05
-6.44742e-05
4.78693e-05
-6.41827e-05
5.00718e-05
-6.38514e-05
5.23101e-05
-6.34719e-05
5.4588e-05
-6.30349e-05
5.69105e-05
-6.25298e-05
5.92837e-05
-6.19451e-05
6.17148e-05
-6.12677e-05
6.42124e-05
-6.04835e-05
6.67868e-05
-5.95766e-05
6.94501e-05
-5.85299e-05
7.2217e-05
-5.73248e-05
7.51049e-05
-5.5941e-05
7.8135e-05
-5.43575e-05
8.13321e-05
-5.25522e-05
8.47246e-05
-5.05034e-05
8.83445e-05
-4.81907e-05
9.22249e-05
-4.55968e-05
9.63978e-05
-4.27085e-05
0.000100889
-3.95178e-05
-3.60253e-05
1.8926e-06
-3.65197e-05
3.76499e-06
-7.47954e-05
5.27484e-06
-7.48478e-05
6.80879e-06
-7.0564e-05
8.43979e-06
-6.89938e-05
1.01141e-05
-6.88404e-05
1.1801e-05
-6.89106e-05
1.34993e-05
-6.89045e-05
1.5215e-05
-6.88384e-05
1.69526e-05
-6.87515e-05
1.87143e-05
-6.86578e-05
2.05018e-05
-6.85591e-05
2.23164e-05
-6.8455e-05
2.41595e-05
-6.83458e-05
2.6032e-05
-6.82319e-05
2.79347e-05
-6.81134e-05
2.98685e-05
-6.79905e-05
3.18337e-05
-6.78624e-05
3.38308e-05
-6.77284e-05
3.58601e-05
-6.75871e-05
3.79221e-05
-6.74363e-05
4.00173e-05
-6.72736e-05
4.21466e-05
-6.70954e-05
4.43112e-05
-6.68978e-05
4.65129e-05
-6.66759e-05
4.87541e-05
-6.64238e-05
5.10378e-05
-6.61351e-05
5.33682e-05
-6.58023e-05
5.57504e-05
-6.5417e-05
5.81904e-05
-6.49699e-05
6.06959e-05
-6.44506e-05
6.32757e-05
-6.38475e-05
6.59401e-05
-6.31479e-05
6.87016e-05
-6.2338e-05
7.15743e-05
-6.14026e-05
7.45749e-05
-6.03254e-05
7.77228e-05
-5.90889e-05
8.104e-05
-5.76746e-05
8.45514e-05
-5.60636e-05
8.82844e-05
-5.42364e-05
9.22678e-05
-5.21741e-05
9.65299e-05
-4.98589e-05
0.000101096
-4.72745e-05
0.000105985
-4.44068e-05
-4.12432e-05
1.90979e-06
-3.84295e-05
3.79136e-06
-7.6677e-05
5.32502e-06
-7.63815e-05
6.89267e-06
-7.21317e-05
8.55726e-06
-7.06584e-05
1.02622e-05
-7.05453e-05
1.1978e-05
-7.06264e-05
1.37043e-05
-7.06309e-05
1.54474e-05
-7.05815e-05
1.72117e-05
-7.05158e-05
1.89996e-05
-7.04457e-05
2.08129e-05
-7.03723e-05
2.2653e-05
-7.02952e-05
2.45217e-05
-7.02144e-05
2.64201e-05
-7.01303e-05
2.83495e-05
-7.00429e-05
3.03111e-05
-6.9952e-05
3.23057e-05
-6.98571e-05
3.43344e-05
-6.97572e-05
3.63982e-05
-6.96509e-05
3.84983e-05
-6.95364e-05
4.0636e-05
-6.94113e-05
4.2813e-05
-6.92725e-05
4.50316e-05
-6.91164e-05
4.72943e-05
-6.89386e-05
4.96046e-05
-6.87342e-05
5.19668e-05
-6.84972e-05
5.43858e-05
-6.82213e-05
5.68678e-05
-6.7899e-05
5.94202e-05
-6.75223e-05
6.20518e-05
-6.70821e-05
6.47727e-05
-6.65685e-05
6.75951e-05
-6.59703e-05
7.05328e-05
-6.52758e-05
7.36021e-05
-6.44719e-05
7.68213e-05
-6.35446e-05
8.02112e-05
-6.24788e-05
8.37953e-05
-6.12587e-05
8.75991e-05
-5.98673e-05
9.16498e-05
-5.82871e-05
9.59753e-05
-5.64996e-05
0.000100602
-5.44857e-05
0.000105553
-5.22253e-05
0.000110844
-4.96979e-05
-4.68787e-05
1.93568e-06
-4.03651e-05
3.8235e-06
-7.85648e-05
5.37503e-06
-7.7933e-05
6.972e-06
-7.37287e-05
8.66664e-06
-7.23531e-05
1.03989e-05
-7.22776e-05
1.21406e-05
-7.23681e-05
1.38924e-05
-7.23826e-05
1.56606e-05
-7.23498e-05
1.74496e-05
-7.23048e-05
1.92617e-05
-7.22579e-05
2.1099e-05
-7.22096e-05
2.29632e-05
-7.21594e-05
2.48561e-05
-7.21073e-05
2.67793e-05
-7.20535e-05
2.87343e-05
-7.19979e-05
3.07227e-05
-7.19404e-05
3.27458e-05
-7.18802e-05
3.48052e-05
-7.18166e-05
3.69026e-05
-7.17482e-05
3.90396e-05
-7.16734e-05
4.12184e-05
-7.15901e-05
4.34414e-05
-7.14956e-05
4.57117e-05
-7.13867e-05
4.80328e-05
-7.12597e-05
5.04089e-05
-7.11103e-05
5.28451e-05
-7.09334e-05
5.53475e-05
-7.07237e-05
5.79233e-05
-7.04747e-05
6.05807e-05
-7.01798e-05
6.33298e-05
-6.98312e-05
6.6182e-05
-6.94207e-05
6.91506e-05
-6.8939e-05
7.22512e-05
-6.83764e-05
7.55014e-05
-6.7722e-05
7.89211e-05
-6.69643e-05
8.2533e-05
-6.60907e-05
8.63618e-05
-6.50875e-05
9.04347e-05
-6.39402e-05
9.47802e-05
-6.26326e-05
9.94273e-05
-6.11467e-05
0.000104404
-5.94622e-05
0.000109734
-5.75554e-05
0.000115435
-5.53991e-05
-5.29589e-05
1.96882e-06
-4.23339e-05
3.85917e-06
-8.04551e-05
5.4232e-06
-7.9497e-05
7.04571e-06
-7.53512e-05
8.76707e-06
-7.40745e-05
1.05236e-05
-7.40341e-05
1.22882e-05
-7.41328e-05
1.40627e-05
-7.41571e-05
1.58535e-05
-7.41406e-05
1.76649e-05
-7.41161e-05
1.94993e-05
-7.40923e-05
2.13586e-05
-7.4069e-05
2.32451e-05
-7.40459e-05
2.51605e-05
-7.40228e-05
2.71068e-05
-7.39998e-05
2.90858e-05
-7.3977e-05
3.10995e-05
-7.3954e-05
3.31495e-05
-7.39303e-05
3.5238e-05
-7.39051e-05
3.73671e-05
-7.38773e-05
3.95391e-05
-7.38454e-05
4.17567e-05
-7.38077e-05
4.40231e-05
-7.37619e-05
4.63419e-05
-7.37055e-05
4.87174e-05
-7.36352e-05
5.11545e-05
-7.35474e-05
5.36593e-05
-7.34382e-05
5.62385e-05
-7.33028e-05
5.89001e-05
-7.31364e-05
6.16535e-05
-7.29332e-05
6.45095e-05
-7.26872e-05
6.74806e-05
-7.23918e-05
7.05814e-05
-7.20398e-05
7.38284e-05
-7.16235e-05
7.72408e-05
-7.11344e-05
8.08401e-05
-7.05636e-05
8.46505e-05
-6.99011e-05
8.8699e-05
-6.91359e-05
9.30147e-05
-6.82559e-05
9.7629e-05
-6.72469e-05
0.000102574
-6.6092e-05
0.000107883
-6.47705e-05
0.000113584
-6.32562e-05
0.0001197
-6.15161e-05
-5.95079e-05
2.00772e-06
-4.43417e-05
3.89618e-06
-8.23436e-05
5.46797e-06
-8.10688e-05
7.11272e-06
-7.69959e-05
8.85759e-06
-7.58193e-05
1.06351e-05
-7.58117e-05
1.24198e-05
-7.59175e-05
1.42143e-05
-7.59516e-05
1.60251e-05
-7.59514e-05
1.78564e-05
-7.59474e-05
1.97106e-05
-7.59464e-05
2.15898e-05
-7.59483e-05
2.34963e-05
-7.59524e-05
2.54321e-05
-7.59586e-05
2.73995e-05
-7.59672e-05
2.94005e-05
-7.59781e-05
3.14374e-05
-7.59909e-05
3.35122e-05
-7.60052e-05
3.56275e-05
-7.60204e-05
3.77858e-05
-7.60356e-05
3.999e-05
-7.60496e-05
4.22433e-05
-7.6061e-05
4.45493e-05
-7.6068e-05
4.69124e-05
-7.60685e-05
4.93373e-05
-7.60601e-05
5.18297e-05
-7.60398e-05
5.43962e-05
-7.60046e-05
5.70442e-05
-7.59508e-05
5.97824e-05
-7.58746e-05
6.26209e-05
-7.57717e-05
6.55713e-05
-7.56376e-05
6.86468e-05
-7.54673e-05
7.18629e-05
-7.52559e-05
7.52373e-05
-7.49978e-05
7.87901e-05
-7.46873e-05
8.25444e-05
-7.43179e-05
8.65262e-05
-7.38828e-05
9.07645e-05
-7.33743e-05
9.52918e-05
-7.27832e-05
0.000100143
-7.20984e-05
0.000105357
-7.13055e-05
0.000110971
-7.03851e-05
0.000117026
-6.93107e-05
0.000123555
-6.80455e-05
-6.65415e-05
2.05079e-06
-4.63924e-05
3.93245e-06
-8.42252e-05
5.508e-06
-8.26443e-05
7.1721e-06
-7.866e-05
8.93731e-06
-7.75845e-05
1.07327e-05
-7.76071e-05
1.25343e-05
-7.77191e-05
1.43459e-05
-7.77631e-05
1.6174e-05
-7.77795e-05
1.80225e-05
-7.77959e-05
1.98939e-05
-7.78179e-05
2.17905e-05
-7.78449e-05
2.37145e-05
-7.78764e-05
2.56684e-05
-7.79125e-05
2.76544e-05
-7.79532e-05
2.96748e-05
-7.79985e-05
3.17323e-05
-7.80483e-05
3.38292e-05
-7.81021e-05
3.59683e-05
-7.81596e-05
3.81527e-05
-7.82199e-05
4.03855e-05
-7.82824e-05
4.26704e-05
-7.8346e-05
4.50116e-05
-7.84092e-05
4.74138e-05
-7.84707e-05
4.98822e-05
-7.85285e-05
5.2423e-05
-7.85806e-05
5.50432e-05
-7.86248e-05
5.77507e-05
-7.86584e-05
6.05549e-05
-7.86787e-05
6.34661e-05
-7.86829e-05
6.64965e-05
-7.8668e-05
6.96599e-05
-7.86308e-05
7.29723e-05
-7.85684e-05
7.64521e-05
-7.84776e-05
8.01203e-05
-7.83555e-05
8.40011e-05
-7.81987e-05
8.81223e-05
-7.80039e-05
9.25152e-05
-7.77672e-05
9.72157e-05
-7.74837e-05
0.000102264
-7.71466e-05
0.000107705
-7.67461e-05
0.000113587
-7.6267e-05
0.000119962
-7.56859e-05
0.000126882
-7.49659e-05
-7.40576e-05
2.09637e-06
-4.84888e-05
3.96605e-06
-8.60949e-05
5.54215e-06
-8.42204e-05
7.22308e-06
-8.0341e-05
9.00549e-06
-7.9367e-05
1.08154e-05
-7.9417e-05
1.26309e-05
-7.95346e-05
1.44566e-05
-7.95888e-05
1.6299e-05
-7.96219e-05
1.81619e-05
-7.96588e-05
2.00476e-05
-7.97037e-05
2.19587e-05
-7.9756e-05
2.38975e-05
-7.98152e-05
2.58664e-05
-7.98815e-05
2.78681e-05
-7.99549e-05
2.99051e-05
-8.00355e-05
3.198e-05
-8.01232e-05
3.40957e-05
-8.02178e-05
3.62551e-05
-8.0319e-05
3.84617e-05
-8.04265e-05
4.07189e-05
-8.05397e-05
4.30308e-05
-8.06579e-05
4.54019e-05
-8.07803e-05
4.78371e-05
-8.09059e-05
5.03422e-05
-8.10336e-05
5.29235e-05
-8.1162e-05
5.55884e-05
-8.12897e-05
5.83453e-05
-8.14152e-05
6.12034e-05
-8.15369e-05
6.41736e-05
-8.16531e-05
6.72681e-05
-8.17625e-05
7.05011e-05
-8.18637e-05
7.38886e-05
-8.19559e-05
7.74493e-05
-8.20383e-05
8.12046e-05
-8.21109e-05
8.51796e-05
-8.21737e-05
8.94031e-05
-8.22274e-05
9.39086e-05
-8.22727e-05
9.87352e-05
-8.23103e-05
0.000103928
-8.23395e-05
0.00010954
-8.23579e-05
0.000115631
-8.23579e-05
0.000122269
-8.23243e-05
0.00012953
-8.2227e-05
-8.20235e-05
2.14272e-06
-5.06315e-05
3.99527e-06
-8.79474e-05
5.5696e-06
-8.57947e-05
7.26514e-06
-8.20365e-05
9.06152e-06
-8.11634e-05
1.08826e-05
-8.12381e-05
1.27087e-05
-8.13607e-05
1.45453e-05
-8.14255e-05
1.63989e-05
-8.14755e-05
1.82729e-05
-8.15328e-05
2.01699e-05
-8.16007e-05
2.20923e-05
-8.16784e-05
2.40426e-05
-8.17655e-05
2.60235e-05
-8.18624e-05
2.80376e-05
-8.1969e-05
3.00876e-05
-8.20855e-05
3.21764e-05
-8.2212e-05
3.4307e-05
-8.23485e-05
3.64827e-05
-8.24948e-05
3.87071e-05
-8.26509e-05
4.09839e-05
-8.28165e-05
4.33174e-05
-8.29914e-05
4.57123e-05
-8.31752e-05
4.81739e-05
-8.33675e-05
5.0708e-05
-8.35677e-05
5.33213e-05
-8.37753e-05
5.60212e-05
-8.39896e-05
5.8816e-05
-8.421e-05
6.17153e-05
-8.44361e-05
6.47296e-05
-8.46675e-05
6.78713e-05
-8.49041e-05
7.1154e-05
-8.51465e-05
7.45936e-05
-8.53956e-05
7.82086e-05
-8.56533e-05
8.20202e-05
-8.59224e-05
8.60533e-05
-8.62067e-05
9.03371e-05
-8.65112e-05
9.49062e-05
-8.68418e-05
9.98019e-05
-8.7206e-05
0.000105074
-8.76114e-05
0.000110782
-8.80659e-05
0.000116998
-8.85741e-05
0.000123809
-8.91355e-05
0.000131319
-8.97369e-05
-9.03587e-05
2.18809e-06
-5.28196e-05
4.01869e-06
-8.9778e-05
5.58991e-06
-8.7366e-05
7.298e-06
-8.37446e-05
9.105e-06
-8.29704e-05
1.09336e-05
-8.30667e-05
1.27669e-05
-8.3194e-05
1.46111e-05
-8.32697e-05
1.64725e-05
-8.33368e-05
1.83543e-05
-8.34146e-05
2.0259e-05
-8.35055e-05
2.21893e-05
-8.36086e-05
2.41476e-05
-8.37239e-05
2.61368e-05
-8.38515e-05
2.81595e-05
-8.39917e-05
3.02187e-05
-8.41447e-05
3.23174e-05
-8.43107e-05
3.44588e-05
-8.44898e-05
3.66462e-05
-8.46822e-05
3.88834e-05
-8.48881e-05
4.11744e-05
-8.51075e-05
4.35236e-05
-8.53406e-05
4.59358e-05
-8.55874e-05
4.84164e-05
-8.58481e-05
5.09713e-05
-8.61227e-05
5.36073e-05
-8.64112e-05
5.63317e-05
-8.67139e-05
5.91527e-05
-8.7031e-05
6.20795e-05
-8.7363e-05
6.51226e-05
-8.77105e-05
6.82934e-05
-8.8075e-05
7.16053e-05
-8.84584e-05
7.50733e-05
-8.88636e-05
7.87147e-05
-8.92947e-05
8.25497e-05
-8.97575e-05
8.66021e-05
-9.02591e-05
9.09001e-05
-9.08092e-05
9.54777e-05
-9.14194e-05
0.000100376
-9.21048e-05
0.000105648
-9.28828e-05
0.000111357
-9.37747e-05
0.000117584
-9.48015e-05
0.000124435
-9.59865e-05
0.000132045
-9.73468e-05
-9.89058e-05
2.23069e-06
-5.50503e-05
4.03538e-06
-9.15827e-05
5.60319e-06
-8.89338e-05
7.32175e-06
-8.54632e-05
9.13573e-06
-8.47844e-05
1.09682e-05
-8.48992e-05
1.28051e-05
-8.50308e-05
1.46532e-05
-8.51178e-05
1.65186e-05
-8.52022e-05
1.84045e-05
-8.53005e-05
2.03133e-05
-8.54143e-05
2.22476e-05
-8.5543e-05
2.42101e-05
-8.56865e-05
2.62037e-05
-8.58451e-05
2.8231e-05
-8.60191e-05
3.02952e-05
-8.62089e-05
3.23994e-05
-8.64148e-05
3.45467e-05
-8.66372e-05
3.67408e-05
-8.68763e-05
3.89855e-05
-8.71328e-05
4.12847e-05
-8.74068e-05
4.36432e-05
-8.7699e-05
4.60656e-05
-8.80099e-05
4.85574e-05
-8.83399e-05
5.11246e-05
-8.86898e-05
5.37735e-05
-8.90602e-05
5.65115e-05
-8.94519e-05
5.93465e-05
-8.9866e-05
6.22871e-05
-9.03036e-05
6.53431e-05
-9.07665e-05
6.85252e-05
-9.12572e-05
7.18456e-05
-9.17788e-05
7.53179e-05
-9.23359e-05
7.89577e-05
-9.29345e-05
8.27831e-05
-9.35829e-05
8.68153e-05
-9.42913e-05
9.10796e-05
-9.50735e-05
9.56071e-05
-9.59468e-05
0.000100436
-9.69337e-05
0.000105616
-9.80624e-05
0.00011121
-9.9369e-05
0.000117303
-0.000100895
0.000124011
-0.000102694
0.000131495
-0.000104831
-0.000107384
2.26865e-06
-5.73189e-05
4.04504e-06
-9.33591e-05
5.61021e-06
-9.0499e-05
7.33684e-06
-8.71898e-05
9.15374e-06
-8.66013e-05
1.0986e-05
-8.67315e-05
1.28226e-05
-8.68674e-05
1.46708e-05
-8.69661e-05
1.65363e-05
-8.70677e-05
1.84223e-05
-8.71864e-05
2.03311e-05
-8.73231e-05
2.22654e-05
-8.74773e-05
2.4228e-05
-8.76491e-05
2.62217e-05
-8.78387e-05
2.82493e-05
-8.80467e-05
3.03139e-05
-8.82735e-05
3.24187e-05
-8.85196e-05
3.45669e-05
-8.87854e-05
3.67623e-05
-8.90717e-05
3.90086e-05
-8.9379e-05
4.13099e-05
-8.97081e-05
4.36707e-05
-9.00599e-05
4.60959e-05
-9.04351e-05
4.85908e-05
-9.08348e-05
5.11611e-05
-9.12601e-05
5.38131e-05
-9.17122e-05
5.65537e-05
-9.21925e-05
5.93903e-05
-9.27026e-05
6.2331e-05
-9.32443e-05
6.53845e-05
-9.38201e-05
6.85605e-05
-9.44332e-05
7.18696e-05
-9.50878e-05
7.53234e-05
-9.57897e-05
7.89351e-05
-9.65462e-05
8.27196e-05
-9.73673e-05
8.6694e-05
-9.82658e-05
9.08788e-05
-9.92583e-05
9.52987e-05
-0.000100367
9.99847e-05
-0.00010162
0.000104977
-0.000103055
0.00011033
-0.000104722
0.000116119
-0.000106683
0.000122454
-0.000109029
0.000129498
-0.000111875
-0.000115348
2.30001e-06
-5.96189e-05
4.04822e-06
-9.51073e-05
5.61245e-06
-9.20632e-05
7.34409e-06
-8.89215e-05
9.15927e-06
-8.84165e-05
1.0987e-05
-8.85592e-05
1.28191e-05
-8.86996e-05
1.46633e-05
-8.88103e-05
1.65248e-05
-8.89293e-05
1.84066e-05
-8.90683e-05
2.03113e-05
-8.92278e-05
2.22413e-05
-8.94074e-05
2.41996e-05
-8.96073e-05
2.61888e-05
-8.9828e-05
2.8212e-05
-9.00699e-05
3.02721e-05
-9.03336e-05
3.23723e-05
-9.06198e-05
3.45161e-05
-9.09292e-05
3.67069e-05
-9.12625e-05
3.89486e-05
-9.16207e-05
4.12452e-05
-9.20048e-05
4.36013e-05
-9.24159e-05
4.60215e-05
-9.28553e-05
4.8511e-05
-9.33243e-05
5.10753e-05
-9.38244e-05
5.37204e-05
-9.43573e-05
5.64526e-05
-9.49247e-05
5.92788e-05
-9.55287e-05
6.22062e-05
-9.61717e-05
6.52427e-05
-9.68565e-05
6.83963e-05
-9.75868e-05
7.1676e-05
-9.83675e-05
7.5091e-05
-9.92047e-05
7.86514e-05
-0.000100107
8.2368e-05
-0.000101084
8.62527e-05
-0.000102151
9.0319e-05
-0.000103325
9.45823e-05
-0.00010463
9.90613e-05
-0.000106099
0.00010378
-0.000107774
0.000108772
-0.000109714
0.000114085
-0.000111997
0.000119797
-0.000114741
0.000126026
-0.000118103
-0.000122222
2.32283e-06
-6.19418e-05
4.04632e-06
-9.68308e-05
5.61181e-06
-9.36287e-05
7.34436e-06
-9.06541e-05
9.15261e-06
-9.02248e-05
1.09711e-05
-9.03777e-05
1.27945e-05
-9.05229e-05
1.46303e-05
-9.06461e-05
1.64835e-05
-9.07825e-05
1.83568e-05
-9.09416e-05
2.02528e-05
-9.11238e-05
2.2174e-05
-9.13287e-05
2.41233e-05
-9.15566e-05
2.61034e-05
-9.18081e-05
2.81171e-05
-9.20837e-05
3.01676e-05
-9.23841e-05
3.22579e-05
-9.27101e-05
3.43913e-05
-9.30627e-05
3.65715e-05
-9.34427e-05
3.88021e-05
-9.38513e-05
4.10872e-05
-9.42899e-05
4.3431e-05
-9.47598e-05
4.58382e-05
-9.52625e-05
4.83137e-05
-9.57998e-05
5.08628e-05
-9.63735e-05
5.34909e-05
-9.69854e-05
5.6204e-05
-9.76378e-05
5.90082e-05
-9.83329e-05
6.19099e-05
-9.90734e-05
6.49158e-05
-9.98624e-05
6.80327e-05
-0.000100704
7.12674e-05
-0.000101602
7.46268e-05
-0.000102564
7.81177e-05
-0.000103597
8.17464e-05
-0.000104713
8.5519e-05
-0.000105923
8.94405e-05
-0.000107246
9.35149e-05
-0.000108704
9.77451e-05
-0.000110329
0.000102132
-0.000112161
0.000106677
-0.000114258
0.000111383
-0.000116703
0.000116263
-0.000119621
0.000121326
-0.000123167
-0.000127449
2.33542e-06
-6.42772e-05
4.0413e-06
-9.85367e-05
5.60996e-06
-9.51974e-05
7.33818e-06
-9.23823e-05
9.13384e-06
-9.20204e-05
1.09383e-05
-9.21821e-05
1.27484e-05
-9.23331e-05
1.45715e-05
-9.24692e-05
1.64118e-05
-9.26229e-05
1.82722e-05
-9.2802e-05
2.0155e-05
-9.30066e-05
2.20629e-05
-9.32365e-05
2.39984e-05
-9.34921e-05
2.59644e-05
-9.3774e-05
2.79636e-05
-9.40829e-05
2.9999e-05
-9.44195e-05
3.20737e-05
-9.47848e-05
3.4191e-05
-9.51799e-05
3.63542e-05
-9.56059e-05
3.8567e-05
-9.60642e-05
4.08334e-05
-9.65563e-05
4.31574e-05
-9.70838e-05
4.55435e-05
-9.76486e-05
4.79964e-05
-9.82527e-05
5.05209e-05
-9.8898e-05
5.31222e-05
-9.95867e-05
5.58057e-05
-0.000100321
5.85768e-05
-0.000101104
6.14413e-05
-0.000101938
6.44046e-05
-0.000102826
6.74723e-05
-0.000103771
7.06496e-05
-0.000104779
7.3941e-05
-0.000105856
7.73504e-05
-0.000107007
8.08801e-05
-0.000108242
8.45306e-05
-0.000109573
8.82988e-05
-0.000111014
9.21772e-05
-0.000112583
9.61516e-05
-0.000114303
0.000100198
-0.000116208
0.00010428
-0.000118341
0.000108347
-0.00012077
0.000112321
-0.000123594
0.000116057
-0.000126903
-0.000130746
2.337e-06
-6.66142e-05
4.03518e-06
-0.000100235
5.60758e-06
-9.67698e-05
7.32528e-06
-9.41e-05
9.10259e-06
-9.37977e-05
1.08882e-05
-9.39677e-05
1.26807e-05
-9.41256e-05
1.44865e-05
-9.4275e-05
1.63097e-05
-9.4446e-05
1.81526e-05
-9.46449e-05
2.00177e-05
-9.48717e-05
2.19075e-05
-9.51263e-05
2.38246e-05
-9.54092e-05
2.57715e-05
-9.57209e-05
2.7751e-05
-9.60624e-05
2.9766e-05
-9.64345e-05
3.18194e-05
-9.68383e-05
3.39144e-05
-9.72749e-05
3.60543e-05
-9.77458e-05
3.82427e-05
-9.82525e-05
4.04832e-05
-9.87968e-05
4.27798e-05
-9.93804e-05
4.51367e-05
-0.000100006
4.75583e-05
-0.000100674
5.00492e-05
-0.000101389
5.26141e-05
-0.000102152
5.52579e-05
-0.000102965
5.79857e-05
-0.000103832
6.08022e-05
-0.000104754
6.37123e-05
-0.000105736
6.67204e-05
-0.00010678
6.98306e-05
-0.00010789
7.3046e-05
-0.000109071
7.63682e-05
-0.000110329
7.97969e-05
-0.000111671
8.33283e-05
-0.000113105
8.6954e-05
-0.00011464
9.06576e-05
-0.000116287
9.44121e-05
-0.000118058
9.81742e-05
-0.00011997
0.000101878
-0.000122044
0.000105424
-0.000124316
0.000108653
-0.000126823
0.000111279
-0.000129529
-0.000132415
2.32867e-06
-6.89429e-05
4.0294e-06
-0.000101936
5.60368e-06
-9.8344e-05
7.30421e-06
-9.58005e-05
9.05781e-06
-9.55513e-05
1.08202e-05
-9.57301e-05
1.25907e-05
-9.58961e-05
1.43751e-05
-9.60594e-05
1.61767e-05
-9.62476e-05
1.7998e-05
-9.64662e-05
1.9841e-05
-9.67148e-05
2.17083e-05
-9.69936e-05
2.36022e-05
-9.73031e-05
2.55252e-05
-9.7644e-05
2.748e-05
-9.80172e-05
2.94693e-05
-9.84238e-05
3.14959e-05
-9.88649e-05
3.35628e-05
-9.93418e-05
3.56733e-05
-9.98563e-05
3.78305e-05
-0.00010041
4.00382e-05
-0.000101004
4.23e-05
-0.000101642
4.46199e-05
-0.000102325
4.7002e-05
-0.000103056
4.94505e-05
-0.000103837
5.19698e-05
-0.000104671
5.45644e-05
-0.00010556
5.72389e-05
-0.000106506
5.99976e-05
-0.000107513
6.2845e-05
-0.000108583
6.57848e-05
-0.000109719
6.88206e-05
-0.000110925
7.19549e-05
-0.000112205
7.51888e-05
-0.000113563
7.85209e-05
-0.000115003
8.19464e-05
-0.00011653
8.54547e-05
-0.000118148
8.90273e-05
-0.000119859
9.26329e-05
-0.000121664
9.62226e-05
-0.00012356
9.97215e-05
-0.000125543
0.000103014
-0.000127608
0.00010591
-0.000129719
0.000108071
-0.000131691
-0.000133469
2.31345e-06
-7.12563e-05
4.02406e-06
-0.000103646
5.5953e-06
-9.99153e-05
7.27239e-06
-9.74776e-05
8.99777e-06
-9.72767e-05
1.07331e-05
-9.74655e-05
1.24778e-05
-9.76408e-05
1.42367e-05
-9.78183e-05
1.60129e-05
-9.80238e-05
1.78084e-05
-9.82617e-05
1.96253e-05
-9.85317e-05
2.14658e-05
-9.88341e-05
2.33322e-05
-9.91694e-05
2.52269e-05
-9.95386e-05
2.71523e-05
-9.99425e-05
2.91109e-05
-0.000100382
3.11055e-05
-0.000100859
3.31389e-05
-0.000101375
3.52141e-05
-0.000101931
3.73342e-05
-0.00010253
3.95026e-05
-0.000103173
4.17227e-05
-0.000103862
4.39982e-05
-0.000104601
4.63329e-05
-0.000105391
4.87308e-05
-0.000106235
5.11959e-05
-0.000107136
5.37324e-05
-0.000108096
5.63445e-05
-0.000109118
5.90363e-05
-0.000110205
6.18121e-05
-0.000111359
6.46757e-05
-0.000112583
6.76308e-05
-0.000113881
7.06803e-05
-0.000115255
7.38261e-05
-0.000116709
7.7068e-05
-0.000118245
8.0403e-05
-0.000119865
8.38236e-05
-0.000121569
8.73153e-05
-0.000123351
9.08538e-05
-0.000125202
9.44008e-05
-0.000127107
9.78984e-05
-0.000129041
0.000101257
-0.000130967
0.00010432
-0.000132782
0.000106829
-0.0001342
-0.000135231
2.29558e-06
-7.35519e-05
4.01739e-06
-0.000105368
5.57792e-06
-0.000101476
7.22637e-06
-9.91261e-05
8.92028e-06
-9.89706e-05
1.06254e-05
-9.91706e-05
1.23409e-05
-9.93563e-05
1.40709e-05
-9.95484e-05
1.58181e-05
-9.9771e-05
1.75842e-05
-0.000100028
1.93712e-05
-0.000100319
2.11811e-05
-0.000100644
2.3016e-05
-0.000101004
2.48782e-05
-0.000101401
2.67699e-05
-0.000101834
2.86934e-05
-0.000102306
3.06514e-05
-0.000102817
3.26463e-05
-0.00010337
3.46811e-05
-0.000103966
3.67586e-05
-0.000104607
3.88818e-05
-0.000105296
4.10541e-05
-0.000106035
4.32786e-05
-0.000106826
4.5559e-05
-0.000107671
4.78989e-05
-0.000108575
5.0302e-05
-0.000109539
5.27722e-05
-0.000110567
5.53134e-05
-0.00011166
5.79299e-05
-0.000112821
6.06258e-05
-0.000114055
6.34054e-05
-0.000115363
6.62731e-05
-0.000116748
6.9233e-05
-0.000118215
7.22888e-05
-0.000119764
7.54433e-05
-0.0001214
7.86981e-05
-0.00012312
8.20518e-05
-0.000124923
8.55001e-05
-0.000126799
8.90333e-05
-0.000128735
9.26362e-05
-0.00013071
9.6286e-05
-0.000132691
9.99466e-05
-0.000134628
0.000103542
-0.000136378
0.000106974
-0.000137632
-0.000138628
2.27907e-06
-7.5831e-05
4.00585e-06
-0.000107095
5.54628e-06
-0.000103016
7.16246e-06
-0.000100742
8.82282e-06
-0.000100631
1.04952e-05
-0.000100843
1.21787e-05
-0.00010104
1.38767e-05
-0.000101246
1.55916e-05
-0.000101486
1.73251e-05
-0.000101761
1.90788e-05
-0.000102072
2.08546e-05
-0.00010242
2.26545e-05
-0.000102804
2.44805e-05
-0.000103227
2.63346e-05
-0.000103688
2.82191e-05
-0.00010419
3.01362e-05
-0.000104735
3.20885e-05
-0.000105322
3.40783e-05
-0.000105956
3.61084e-05
-0.000106638
3.81815e-05
-0.000107369
4.03005e-05
-0.000108154
4.24684e-05
-0.000108993
4.46885e-05
-0.000109892
4.69639e-05
-0.000110851
4.92982e-05
-0.000111874
5.16949e-05
-0.000112963
5.41579e-05
-0.000114123
5.66912e-05
-0.000115355
5.92992e-05
-0.000116663
6.19868e-05
-0.00011805
6.47591e-05
-0.000119521
6.76218e-05
-0.000121077
7.05811e-05
-0.000122724
7.36437e-05
-0.000124462
7.68162e-05
-0.000126293
8.01061e-05
-0.000128212
8.35207e-05
-0.000130214
8.70685e-05
-0.000132283
9.07606e-05
-0.000134402
9.46139e-05
-0.000136544
9.8649e-05
-0.000138663
0.000102875
-0.000140604
0.000107369
-0.000142126
-0.000143859
2.26615e-06
-7.80971e-05
3.9849e-06
-0.000108814
5.49557e-06
-0.000104527
7.07726e-06
-0.000102324
8.70281e-06
-0.000102257
1.03404e-05
-0.000102481
1.19892e-05
-0.000102689
1.36525e-05
-0.00010291
1.53322e-05
-0.000103166
1.70299e-05
-0.000103459
1.8747e-05
-0.00010379
2.04854e-05
-0.000104158
2.22468e-05
-0.000104566
2.40331e-05
-0.000105013
2.58461e-05
-0.000105501
2.76879e-05
-0.000106032
2.95605e-05
-0.000106607
3.14661e-05
-0.000107228
3.3407e-05
-0.000107897
3.53855e-05
-0.000108616
3.7404e-05
-0.000109388
3.94653e-05
-0.000110215
4.15718e-05
-0.0001111
4.37265e-05
-0.000112046
4.59322e-05
-0.000113056
4.8192e-05
-0.000114133
5.05092e-05
-0.000115281
5.28875e-05
-0.000116501
5.53307e-05
-0.000117798
5.78434e-05
-0.000119176
6.04306e-05
-0.000120638
6.30983e-05
-0.000122188
6.58535e-05
-0.000123833
6.87046e-05
-0.000125575
7.16616e-05
-0.000127419
7.47364e-05
-0.000129368
7.7944e-05
-0.00013142
8.13026e-05
-0.000133572
8.48364e-05
-0.000135817
8.85783e-05
-0.000138144
9.25763e-05
-0.000140542
9.68892e-05
-0.000142976
0.000101586
-0.0001453
0.000106888
-0.000147429
-0.000150502
2.25654e-06
-8.03537e-05
3.95017e-06
-0.000110507
5.42228e-06
-0.000105999
6.96809e-06
-0.00010387
8.5576e-06
-0.000103846
1.01583e-05
-0.000104081
1.17698e-05
-0.0001043
1.33954e-05
-0.000104535
1.50367e-05
-0.000104807
1.66953e-05
-0.000105118
1.83726e-05
-0.000105467
2.00701e-05
-0.000105856
2.17895e-05
-0.000106285
2.35325e-05
-0.000106756
2.53007e-05
-0.00010727
2.70961e-05
-0.000107828
2.89204e-05
-0.000108431
3.07756e-05
-0.000109083
3.26636e-05
-0.000109785
3.45866e-05
-0.000110539
3.65467e-05
-0.000111348
3.85461e-05
-0.000112214
4.05871e-05
-0.000113141
4.26721e-05
-0.000114131
4.48036e-05
-0.000115188
4.69844e-05
-0.000116314
4.92173e-05
-0.000117513
5.15056e-05
-0.000118789
5.38529e-05
-0.000120145
5.62636e-05
-0.000121586
5.87425e-05
-0.000123117
6.1296e-05
-0.000124742
6.39316e-05
-0.000126468
6.66591e-05
-0.000128302
6.94904e-05
-0.00013025
7.2441e-05
-0.000132318
7.55306e-05
-0.00013451
7.87846e-05
-0.000136826
8.2237e-05
-0.000139269
8.59326e-05
-0.000141839
8.99344e-05
-0.000144544
9.43118e-05
-0.000147353
9.91582e-05
-0.000150147
0.000104788
-0.000153058
-0.000157791
2.2482e-06
-8.26019e-05
3.89877e-06
-0.000112158
5.32461e-06
-0.000107425
6.83304e-06
-0.000105378
8.38454e-06
-0.000105398
9.94566e-06
-0.000105642
1.15166e-05
-0.000105871
1.31009e-05
-0.00010612
1.47003e-05
-0.000106406
1.6316e-05
-0.000106733
1.79495e-05
-0.0001071
1.96022e-05
-0.000107508
2.12756e-05
-0.000107958
2.29712e-05
-0.000108452
2.46907e-05
-0.000108989
2.64355e-05
-0.000109572
2.82074e-05
-0.000110203
3.00081e-05
-0.000110884
3.18392e-05
-0.000111616
3.37027e-05
-0.000112402
3.56003e-05
-0.000113245
3.75338e-05
-0.000114148
3.95054e-05
-0.000115113
4.15168e-05
-0.000116143
4.35703e-05
-0.000117241
4.56681e-05
-0.000118412
4.78127e-05
-0.000119658
5.00068e-05
-0.000120983
5.22536e-05
-0.000122392
5.45566e-05
-0.000123889
5.69205e-05
-0.000125481
5.93511e-05
-0.000127172
6.18556e-05
-0.000128973
6.44435e-05
-0.00013089
6.71271e-05
-0.000132934
6.99225e-05
-0.000135114
7.28506e-05
-0.000137438
7.59389e-05
-0.000139915
7.92232e-05
-0.000142554
8.275e-05
-0.000145366
8.65794e-05
-0.000148373
9.07662e-05
-0.00015154
9.53968e-05
-0.000154777
0.000100829
-0.00015849
-0.000164904
2.23931e-06
-8.48412e-05
3.82994e-06
-0.000113749
5.20241e-06
-0.000108797
6.67107e-06
-0.000106847
8.18118e-06
-0.000106908
9.69883e-06
-0.00010716
1.1225e-05
-0.000107397
1.27638e-05
-0.000107658
1.43168e-05
-0.000107959
1.58851e-05
-0.000108302
1.74701e-05
-0.000108685
1.90733e-05
-0.000109112
2.06959e-05
-0.000109581
2.23394e-05
-0.000110095
2.40052e-05
-0.000110655
2.56947e-05
-0.000111262
2.74095e-05
-0.000111918
2.91509e-05
-0.000112625
3.09204e-05
-0.000113386
3.27197e-05
-0.000114202
3.45502e-05
-0.000115076
3.64136e-05
-0.000116011
3.83114e-05
-0.00011701
4.02453e-05
-0.000118076
4.22169e-05
-0.000119213
4.4228e-05
-0.000120423
4.62807e-05
-0.000121711
4.83769e-05
-0.00012308
5.05192e-05
-0.000124535
5.27104e-05
-0.000126081
5.49542e-05
-0.000127724
5.72552e-05
-0.000129473
5.96195e-05
-0.000131337
6.20551e-05
-0.000133326
6.45724e-05
-0.000135451
6.71855e-05
-0.000137727
6.99126e-05
-0.000140165
7.2778e-05
-0.00014278
7.58127e-05
-0.000145588
7.9055e-05
-0.000148608
8.25489e-05
-0.000151867
8.63176e-05
-0.000155308
9.04201e-05
-0.00015888
9.52136e-05
-0.000163283
-0.000171154
2.23026e-06
-8.70715e-05
3.74499e-06
-0.000115263
5.05682e-06
-0.000110109
6.48189e-06
-0.000108272
7.94565e-06
-0.000108371
9.41466e-06
-0.000108629
1.08909e-05
-0.000108873
1.23789e-05
-0.000109146
1.388e-05
-0.00010946
1.53954e-05
-0.000109817
1.69265e-05
-0.000110217
1.84746e-05
-0.00011066
2.00409e-05
-0.000111147
2.16266e-05
-0.000111681
2.32332e-05
-0.000112261
2.48618e-05
-0.000112891
2.65137e-05
-0.00011357
2.81902e-05
-0.000114302
2.98927e-05
-0.000115088
3.16224e-05
-0.000115931
3.33806e-05
-0.000116834
3.51686e-05
-0.000117799
3.69877e-05
-0.000118829
3.88392e-05
-0.000119928
4.07243e-05
-0.000121098
4.26446e-05
-0.000122343
4.46012e-05
-0.000123667
4.65958e-05
-0.000125074
4.86301e-05
-0.000126569
5.07059e-05
-0.000128156
5.28259e-05
-0.000129844
5.49933e-05
-0.000131641
5.72123e-05
-0.000133556
5.94885e-05
-0.000135602
6.1829e-05
-0.000137792
6.42437e-05
-0.000140141
6.67453e-05
-0.000142666
6.93508e-05
-0.000145385
7.20811e-05
-0.000148319
7.49605e-05
-0.000151488
7.80093e-05
-0.000154916
8.12121e-05
-0.000158511
8.45915e-05
-0.000162259
8.84644e-05
-0.000167156
-0.000176112
2.22421e-06
-8.92957e-05
3.64638e-06
-0.000116685
4.88985e-06
-0.000111353
6.26609e-06
-0.000109648
7.67711e-06
-0.000109782
9.09111e-06
-0.000110043
1.05113e-05
-0.000110294
1.19423e-05
-0.000110577
1.33854e-05
-0.000110903
1.48418e-05
-0.000111273
1.63128e-05
-0.000111687
1.77995e-05
-0.000112146
1.93032e-05
-0.000112651
2.08249e-05
-0.000113202
2.23659e-05
-0.000113802
2.39272e-05
-0.000114452
2.551e-05
-0.000115153
2.71153e-05
-0.000115907
2.87443e-05
-0.000116717
3.03981e-05
-0.000117585
3.20778e-05
-0.000118514
3.37843e-05
-0.000119506
3.55187e-05
-0.000120564
3.7282e-05
-0.000121691
3.90751e-05
-0.000122891
4.0899e-05
-0.000124167
4.27546e-05
-0.000125523
4.46428e-05
-0.000126963
4.65647e-05
-0.000128491
4.85214e-05
-0.000130113
5.05146e-05
-0.000131837
5.2546e-05
-0.000133672
5.46181e-05
-0.000135628
5.67339e-05
-0.000137718
5.88971e-05
-0.000139955
6.11126e-05
-0.000142357
6.33867e-05
-0.00014494
6.57271e-05
-0.000147726
6.81427e-05
-0.000150734
7.06418e-05
-0.000153987
7.32199e-05
-0.000157494
7.58254e-05
-0.000161117
7.84436e-05
-0.000164878
8.13198e-05
-0.000170032
-0.000179687
2.22587e-06
-9.15216e-05
3.53643e-06
-0.000117996
4.70392e-06
-0.00011252
6.0249e-06
-0.000110969
7.37589e-06
-0.000111133
8.72777e-06
-0.000111395
1.00852e-05
-0.000111651
1.14525e-05
-0.000111945
1.2831e-05
-0.000112282
1.42218e-05
-0.000112664
1.56261e-05
-0.000113092
1.70449e-05
-0.000113565
1.84793e-05
-0.000114085
1.99304e-05
-0.000114654
2.1399e-05
-0.000115271
2.28863e-05
-0.000115939
2.43931e-05
-0.00011666
2.59203e-05
-0.000117435
2.7469e-05
-0.000118266
2.904e-05
-0.000119156
3.06341e-05
-0.000120108
3.22522e-05
-0.000121124
3.38949e-05
-0.000122206
3.5563e-05
-0.000123359
3.72571e-05
-0.000124585
3.89778e-05
-0.000125888
4.07256e-05
-0.000127271
4.2501e-05
-0.000128738
4.43046e-05
-0.000130294
4.61371e-05
-0.000131946
4.79993e-05
-0.0001337
4.98924e-05
-0.000135565
5.18174e-05
-0.000137553
5.37758e-05
-0.000139676
5.5769e-05
-0.000141948
5.77982e-05
-0.000144386
5.98651e-05
-0.000147007
6.19699e-05
-0.000149831
6.41121e-05
-0.000152876
6.62883e-05
-0.000156163
6.84755e-05
-0.000159681
7.06001e-05
-0.000163241
7.26147e-05
-0.000166892
7.47004e-05
-0.000172118
-0.000182169
2.239e-06
-9.37606e-05
3.41626e-06
-0.000119173
4.50137e-06
-0.000113605
5.75996e-06
-0.000112228
7.04321e-06
-0.000112417
8.3257e-06
-0.000112677
9.61354e-06
-0.000112939
1.09104e-05
-0.000113241
1.22177e-05
-0.000113589
1.35363e-05
-0.000113983
1.48672e-05
-0.000114423
1.62114e-05
-0.000114909
1.75699e-05
-0.000115444
1.89435e-05
-0.000116027
2.03331e-05
-0.00011666
2.17394e-05
-0.000117345
2.31633e-05
-0.000118084
2.46055e-05
-0.000118877
2.60666e-05
-0.000119727
2.75475e-05
-0.000120637
2.90486e-05
-0.000121609
3.05706e-05
-0.000122646
3.21138e-05
-0.00012375
3.36787e-05
-0.000124924
3.52656e-05
-0.000126172
3.68748e-05
-0.000127497
3.85063e-05
-0.000128902
4.01605e-05
-0.000130392
4.18377e-05
-0.000131971
4.35384e-05
-0.000133646
4.52632e-05
-0.000135424
4.70129e-05
-0.000137315
4.87887e-05
-0.000139329
5.05918e-05
-0.000141479
5.24233e-05
-0.00014378
5.42842e-05
-0.000146247
5.61754e-05
-0.000148898
5.8096e-05
-0.000151751
6.00448e-05
-0.000154825
6.20182e-05
-0.000158136
6.39928e-05
-0.000161656
6.59059e-05
-0.000165154
6.76988e-05
-0.000168685
6.95863e-05
-0.000174006
-0.00018434
2.26412e-06
-9.60247e-05
3.28535e-06
-0.000120194
4.28391e-06
-0.000114604
5.47277e-06
-0.000113417
6.68068e-06
-0.000113625
7.88681e-06
-0.000113884
9.0984e-06
-0.00011415
1.03184e-05
-0.000114461
1.1548e-05
-0.000114819
1.27879e-05
-0.000115223
1.40391e-05
-0.000115674
1.53024e-05
-0.000116173
1.65785e-05
-0.00011672
1.78682e-05
-0.000117317
1.91721e-05
-0.000117964
2.04909e-05
-0.000118664
2.18251e-05
-0.000119418
2.31752e-05
-0.000120227
2.45418e-05
-0.000121094
2.59252e-05
-0.00012202
2.73257e-05
-0.00012301
2.87437e-05
-0.000124064
3.01793e-05
-0.000125185
3.16324e-05
-0.000126377
3.31031e-05
-0.000127643
3.45912e-05
-0.000128985
3.60967e-05
-0.000130408
3.76194e-05
-0.000131915
3.91597e-05
-0.000133512
4.07179e-05
-0.000135205
4.2295e-05
-0.000137002
4.38921e-05
-0.000138912
4.55111e-05
-0.000140948
4.71542e-05
-0.000143122
4.88245e-05
-0.00014545
5.05261e-05
-0.000147948
5.22639e-05
-0.000150636
5.40447e-05
-0.000153532
5.58784e-05
-0.000156659
5.77794e-05
-0.000160037
5.97559e-05
-0.000163632
6.1803e-05
-0.000167201
6.39168e-05
-0.000170799
6.65412e-05
-0.00017663
-0.000187511
2.29747e-06
-9.83221e-05
3.14169e-06
-0.000121039
4.05218e-06
-0.000115514
5.16426e-06
-0.000114529
6.28969e-06
-0.00011475
7.41311e-06
-0.000115007
8.54227e-06
-0.00011528
9.6793e-06
-0.000115598
1.08251e-05
-0.000115965
1.19805e-05
-0.000116378
1.3146e-05
-0.000116839
1.43224e-05
-0.000117349
1.55102e-05
-0.000117908
1.67099e-05
-0.000118517
1.79221e-05
-0.000119177
1.91471e-05
-0.000119889
2.03853e-05
-0.000120656
2.16368e-05
-0.000121478
2.29021e-05
-0.000122359
2.4181e-05
-0.000123299
2.54738e-05
-0.000124302
2.67801e-05
-0.00012537
2.80999e-05
-0.000126505
2.94326e-05
-0.00012771
3.07777e-05
-0.000128988
3.21348e-05
-0.000130342
3.35033e-05
-0.000131776
3.4883e-05
-0.000133295
3.62737e-05
-0.000134903
3.76761e-05
-0.000136607
3.90911e-05
-0.000138417
4.05206e-05
-0.000140341
4.19673e-05
-0.000142394
4.3435e-05
-0.00014459
4.49295e-05
-0.000146945
4.64591e-05
-0.000149478
4.80354e-05
-0.000152213
4.96777e-05
-0.000155174
5.1415e-05
-0.000158396
5.32955e-05
-0.000161918
5.53907e-05
-0.000165727
5.77981e-05
-0.000169609
6.06823e-05
-0.000173683
6.49051e-05
-0.000180853
-0.000193043
2.33153e-06
-0.000100654
2.98269e-06
-0.00012169
3.8058e-06
-0.000116337
4.83464e-06
-0.000115558
5.87123e-06
-0.000115787
6.90637e-06
-0.000116042
7.94756e-06
-0.000116321
8.99618e-06
-0.000116647
1.00529e-05
-0.000117021
1.11183e-05
-0.000117443
1.21928e-05
-0.000117914
1.32769e-05
-0.000118433
1.4371e-05
-0.000119002
1.54753e-05
-0.000119621
1.65903e-05
-0.000120291
1.77159e-05
-0.000121015
1.88523e-05
-0.000121792
1.99995e-05
-0.000122626
2.11573e-05
-0.000123517
2.23256e-05
-0.000124468
2.35039e-05
-0.000125481
2.46917e-05
-0.000126558
2.58881e-05
-0.000127701
2.70922e-05
-0.000128914
2.83029e-05
-0.000130199
2.95191e-05
-0.000131559
3.07397e-05
-0.000132997
3.1964e-05
-0.000134519
3.31915e-05
-0.00013613
3.44223e-05
-0.000137838
3.56574e-05
-0.000139652
3.68985e-05
-0.000141583
3.81491e-05
-0.000143645
3.94138e-05
-0.000145855
4.07003e-05
-0.000148231
4.20195e-05
-0.000150797
4.33877e-05
-0.000153581
4.48318e-05
-0.000156618
4.63934e-05
-0.000159958
4.81462e-05
-0.000163671
5.02219e-05
-0.000167803
5.28222e-05
-0.000172209
5.63621e-05
-0.000177223
6.22067e-05
-0.000186698
-0.000201096
2.35648e-06
-0.00010301
2.80574e-06
-0.000122139
3.54375e-06
-0.000117075
4.4836e-06
-0.000116497
5.42606e-06
-0.000116729
6.36827e-06
-0.000116984
7.31675e-06
-0.000117269
8.27226e-06
-0.000117603
9.23521e-06
-0.000117984
1.0206e-05
-0.000118414
1.11848e-05
-0.000118893
1.2172e-05
-0.00011942
1.31677e-05
-0.000119998
1.4172e-05
-0.000120625
1.5185e-05
-0.000121304
1.62066e-05
-0.000122036
1.72365e-05
-0.000122822
1.82744e-05
-0.000123664
1.93199e-05
-0.000124562
2.03723e-05
-0.00012552
2.14307e-05
-0.000126539
2.2494e-05
-0.000127621
2.35607e-05
-0.000128768
2.46292e-05
-0.000129983
2.56978e-05
-0.000131267
2.67644e-05
-0.000132625
2.78271e-05
-0.00013406
2.88844e-05
-0.000135576
2.99347e-05
-0.00013718
3.09772e-05
-0.00013888
3.20118e-05
-0.000140686
3.30396e-05
-0.00014261
3.40629e-05
-0.000144668
3.50862e-05
-0.000146878
3.61169e-05
-0.000149262
3.71663e-05
-0.000151847
3.82505e-05
-0.000154665
3.93946e-05
-0.000157762
4.06349e-05
-0.000161198
4.2033e-05
-0.000165069
4.37145e-05
-0.000169485
4.58819e-05
-0.000174377
4.90809e-05
-0.000180422
5.51041e-05
-0.000192721
-0.00020941
2.3617e-06
-0.000105372
2.6089e-06
-0.000122386
3.26489e-06
-0.000117731
4.11082e-06
-0.000117343
4.95516e-06
-0.000117573
5.80071e-06
-0.00011783
6.65264e-06
-0.000118121
7.51121e-06
-0.000118461
8.37658e-06
-0.00011885
9.24893e-06
-0.000119287
1.01284e-05
-0.000119772
1.10149e-05
-0.000120307
1.19085e-05
-0.000120891
1.28092e-05
-0.000121526
1.37166e-05
-0.000122212
1.46305e-05
-0.00012295
1.55503e-05
-0.000123742
1.64754e-05
-0.000124589
1.74049e-05
-0.000125492
1.83377e-05
-0.000126453
1.92724e-05
-0.000127474
2.02071e-05
-0.000128556
2.11397e-05
-0.000129701
2.20677e-05
-0.000130911
2.29886e-05
-0.000132188
2.38992e-05
-0.000133536
2.47964e-05
-0.000134957
2.56771e-05
-0.000136457
2.65382e-05
-0.000138041
2.73769e-05
-0.000139719
2.81907e-05
-0.0001415
2.89782e-05
-0.000143398
2.97389e-05
-0.000145429
3.04746e-05
-0.000147614
3.11899e-05
-0.000149977
3.18929e-05
-0.00015255
3.25977e-05
-0.00015537
3.33225e-05
-0.000158487
3.40924e-05
-0.000161968
3.49331e-05
-0.000165909
3.58911e-05
-0.000170443
3.70174e-05
-0.000175503
3.87037e-05
-0.000182108
4.26054e-05
-0.000196623
-0.000213825
2.3367e-06
-0.000107708
2.3914e-06
-0.000122441
2.96853e-06
-0.000118308
3.71642e-06
-0.000118091
4.45986e-06
-0.000118317
5.20593e-06
-0.000118576
5.9584e-06
-0.000118874
6.71715e-06
-0.00011922
7.48212e-06
-0.000119615
8.25332e-06
-0.000120058
9.03062e-06
-0.000120549
9.81388e-06
-0.00012109
1.06029e-05
-0.00012168
1.13973e-05
-0.00012232
1.21968e-05
-0.000123011
1.30007e-05
-0.000123754
1.38083e-05
-0.00012455
1.46185e-05
-0.000125399
1.54301e-05
-0.000126303
1.62415e-05
-0.000127264
1.70506e-05
-0.000128283
1.78549e-05
-0.00012936
1.86516e-05
-0.000130497
1.94374e-05
-0.000131696
2.02085e-05
-0.000132959
2.09606e-05
-0.000134288
2.16889e-05
-0.000135685
2.23883e-05
-0.000137156
2.30532e-05
-0.000138706
2.36775e-05
-0.000140343
2.4255e-05
-0.000142077
2.47795e-05
-0.000143922
2.5245e-05
-0.000145894
2.56468e-05
-0.000148015
2.59822e-05
-0.000150313
2.62521e-05
-0.000152819
2.64636e-05
-0.000155581
2.66279e-05
-0.000158652
2.67635e-05
-0.000162104
2.68883e-05
-0.000166034
2.69826e-05
-0.000170537
2.69573e-05
-0.000175478
2.69618e-05
-0.000182113
2.77339e-05
-0.000197395
-0.000212324
2.27302e-06
-0.000109981
2.15452e-06
-0.000122322
2.65475e-06
-0.000118809
3.30087e-06
-0.000118737
3.94155e-06
-0.000118958
4.58615e-06
-0.000119221
5.23721e-06
-0.000119525
5.8943e-06
-0.000119877
6.55712e-06
-0.000120278
7.22547e-06
-0.000120726
7.89904e-06
-0.000121223
8.57751e-06
-0.000121769
9.26049e-06
-0.000122363
9.94751e-06
-0.000123007
1.0638e-05
-0.000123702
1.1331e-05
-0.000124447
1.20257e-05
-0.000125244
1.27207e-05
-0.000126094
1.34143e-05
-0.000126997
1.41044e-05
-0.000127954
1.47886e-05
-0.000128967
1.54637e-05
-0.000130035
1.61262e-05
-0.00013116
1.67719e-05
-0.000132342
1.73959e-05
-0.000133583
1.79924e-05
-0.000134884
1.85551e-05
-0.000136248
1.90761e-05
-0.000137677
1.95468e-05
-0.000139177
1.9957e-05
-0.000140753
2.0295e-05
-0.000142415
2.05475e-05
-0.000144175
2.06999e-05
-0.000146047
2.07364e-05
-0.000148052
2.0641e-05
-0.000150217
2.03994e-05
-0.000152578
2.00025e-05
-0.000155184
1.94488e-05
-0.000158098
1.87424e-05
-0.000161397
1.79097e-05
-0.000165201
1.69727e-05
-0.0001696
1.5913e-05
-0.000174418
1.46695e-05
-0.000180869
1.32013e-05
-0.000195926
-0.000208079
2.16698e-06
-0.000112148
1.90044e-06
-0.000122056
2.32304e-06
-0.000119231
2.86391e-06
-0.000119278
3.40096e-06
-0.000119495
3.94305e-06
-0.000119763
4.49173e-06
-0.000120073
5.04626e-06
-0.000120432
5.60607e-06
-0.000120837
6.17077e-06
-0.000121291
6.73991e-06
-0.000121792
7.31302e-06
-0.000122342
7.88957e-06
-0.00012294
8.46896e-06
-0.000123587
9.05042e-06
-0.000124283
9.63302e-06
-0.00012503
1.02155e-05
-0.000125827
1.07963e-05
-0.000126675
1.13736e-05
-0.000127574
1.19449e-05
-0.000128526
1.25073e-05
-0.000129529
1.30573e-05
-0.000130585
1.35909e-05
-0.000131693
1.41032e-05
-0.000132854
1.45882e-05
-0.000134068
1.50391e-05
-0.000135335
1.54476e-05
-0.000136656
1.58037e-05
-0.000138033
1.60953e-05
-0.000139469
1.63077e-05
-0.000140966
1.64231e-05
-0.000142531
1.64195e-05
-0.000144171
1.62713e-05
-0.000145899
1.59478e-05
-0.000147728
1.54137e-05
-0.000149683
1.46292e-05
-0.000151793
1.35515e-05
-0.000154107
1.21423e-05
-0.000156689
1.0385e-05
-0.00015964
8.30712e-06
-0.000163123
5.93158e-06
-0.000167224
3.42287e-06
-0.000171909
1.12061e-06
-0.000178567
-1.91904e-06
-0.000192887
-0.000206291
2.01276e-06
-0.000114161
1.62697e-06
-0.00012167
1.97001e-06
-0.000119574
2.40341e-06
-0.000119712
2.83707e-06
-0.000119928
3.27634e-06
-0.000120202
3.72212e-06
-0.000120519
4.17351e-06
-0.000120883
4.62978e-06
-0.000121294
5.09037e-06
-0.000121751
5.55472e-06
-0.000122257
6.02226e-06
-0.000122809
6.49239e-06
-0.00012341
6.9644e-06
-0.000124059
7.43746e-06
-0.000124756
7.91051e-06
-0.000125503
8.38224e-06
-0.000126298
8.851e-06
-0.000127143
9.31474e-06
-0.000128038
9.77099e-06
-0.000128982
1.02168e-05
-0.000129975
1.06484e-05
-0.000131017
1.10617e-05
-0.000132107
1.14512e-05
-0.000133244
1.18109e-05
-0.000134428
1.21329e-05
-0.000135657
1.24077e-05
-0.000136931
1.26237e-05
-0.000138249
1.27661e-05
-0.000139611
1.28164e-05
-0.000141016
1.27515e-05
-0.000142466
1.25417e-05
-0.000143961
1.215e-05
-0.000145507
1.15302e-05
-0.000147109
1.06249e-05
-0.000148778
9.36306e-06
-0.000150532
7.66084e-06
-0.000152404
5.42228e-06
-0.00015445
2.52371e-06
-0.000156741
-1.25423e-06
-0.000159346
-5.96463e-06
-0.000162514
-1.144e-05
-0.000166434
-1.81674e-05
-0.000171839
-2.69101e-05
-0.000184144
-0.000204162
1.78373e-06
-0.000115945
1.32722e-06
-0.000121214
1.59184e-06
-0.000119839
1.91721e-06
-0.000120037
2.24755e-06
-0.000120259
2.58338e-06
-0.000120538
2.9255e-06
-0.000120861
3.27307e-06
-0.00012123
3.62521e-06
-0.000121646
3.9812e-06
-0.000122107
4.34039e-06
-0.000122616
4.70214e-06
-0.000123171
5.06581e-06
-0.000123774
5.43067e-06
-0.000124424
5.79589e-06
-0.000125122
6.16044e-06
-0.000125867
6.52305e-06
-0.000126661
6.88218e-06
-0.000127503
7.23591e-06
-0.000128392
7.58195e-06
-0.000129328
7.91749e-06
-0.00013031
8.23916e-06
-0.000131338
8.54288e-06
-0.00013241
8.82369e-06
-0.000133525
9.07548e-06
-0.00013468
9.29067e-06
-0.000135872
9.45966e-06
-0.0001371
9.57037e-06
-0.00013836
9.60713e-06
-0.000139648
9.54996e-06
-0.000140959
9.3728e-06
-0.000142289
9.04203e-06
-0.000143631
8.51352e-06
-0.000144978
7.72986e-06
-0.000146325
6.61608e-06
-0.000147664
5.07436e-06
-0.00014899
2.97284e-06
-0.000150303
1.20764e-07
-0.000151598
-3.74397e-06
-0.000152877
-8.89032e-06
-0.000154199
-1.57496e-05
-0.000155655
-2.48687e-05
-0.000157315
-3.76825e-05
-0.000159026
-5.81432e-05
-0.000163683
-0.000177443
1.44422e-06
-0.000117389
1.00502e-06
-0.000120774
1.19061e-06
-0.000120025
1.40705e-06
-0.000120254
1.63331e-06
-0.000120485
1.86583e-06
-0.00012077
2.10481e-06
-0.0001211
2.3492e-06
-0.000121475
2.59786e-06
-0.000121894
2.84989e-06
-0.000122359
3.10454e-06
-0.00012287
3.36116e-06
-0.000123428
3.61913e-06
-0.000124032
3.87783e-06
-0.000124682
4.13652e-06
-0.00012538
4.39437e-06
-0.000126125
4.65035e-06
-0.000126917
4.90319e-06
-0.000127755
5.15136e-06
-0.00012864
5.393e-06
-0.00012957
5.62585e-06
-0.000130543
5.8472e-06
-0.00013156
6.0537e-06
-0.000132617
6.24125e-06
-0.000133712
6.40471e-06
-0.000134843
6.53761e-06
-0.000136005
6.63169e-06
-0.000137194
6.67638e-06
-0.000138405
6.65769e-06
-0.000139629
6.55743e-06
-0.000140859
6.35135e-06
-0.000142083
6.00762e-06
-0.000143287
5.4834e-06
-0.000144454
4.72082e-06
-0.000145562
3.6407e-06
-0.000146584
2.13405e-06
-0.000147483
4.08155e-08
-0.00014821
-2.84565e-06
-0.000148712
-6.80537e-06
-0.000148917
-1.2262e-05
-0.000148743
-1.98303e-05
-0.000148086
-3.03574e-05
-0.000146788
-4.50166e-05
-0.000144366
-6.81746e-05
-0.000140525
-0.00013807
1.00763e-06
-0.000118397
6.68243e-07
-0.000120435
7.63017e-07
-0.000120119
8.72994e-07
-0.000120363
9.99606e-07
-0.000120612
1.1341e-06
-0.000120905
1.2746e-06
-0.000121241
1.41966e-06
-0.00012162
1.56806e-06
-0.000122043
1.71895e-06
-0.00012251
1.87165e-06
-0.000123023
2.02565e-06
-0.000123582
2.18045e-06
-0.000124186
2.33559e-06
-0.000124838
2.49058e-06
-0.000125535
2.64488e-06
-0.000126279
2.79786e-06
-0.00012707
2.94871e-06
-0.000127906
3.09647e-06
-0.000128788
3.23991e-06
-0.000129713
3.37758e-06
-0.000130681
3.50769e-06
-0.00013169
3.62806e-06
-0.000132737
3.73597e-06
-0.00013382
3.82799e-06
-0.000134935
3.89976e-06
-0.000136077
3.94564e-06
-0.00013724
3.95826e-06
-0.000138417
3.92792e-06
-0.000139599
3.84176e-06
-0.000140772
3.68251e-06
-0.000141923
3.42688e-06
-0.000143031
3.04285e-06
-0.00014407
2.48653e-06
-0.000145006
1.69684e-06
-0.000145794
5.90633e-07
-0.000146377
-9.56717e-07
-0.000146662
-3.12061e-06
-0.000146548
-6.15889e-06
-0.000145879
-1.04534e-05
-0.000144448
-1.65757e-05
-0.000141964
-2.53449e-05
-0.000138018
-3.76404e-05
-0.000132071
-5.51215e-05
-0.000123044
-0.00010852
4.88776e-07
2.57225e-07
2.76226e-07
3.04804e-07
3.43946e-07
3.88237e-07
4.35412e-07
4.84465e-07
5.34832e-07
5.86159e-07
6.38182e-07
6.90663e-07
7.43372e-07
7.96092e-07
8.48627e-07
9.00797e-07
9.52412e-07
1.00324e-06
1.05296e-06
1.10116e-06
1.14731e-06
1.19075e-06
1.23066e-06
1.26608e-06
1.29577e-06
1.31816e-06
1.33118e-06
1.33212e-06
1.31735e-06
1.28203e-06
1.21963e-06
1.1213e-06
9.74919e-07
7.63583e-07
4.62807e-07
3.78959e-08
-5.45509e-07
-1.37162e-06
-2.54579e-06
-4.23285e-06
-6.69204e-06
-1.03455e-05
-1.58976e-05
-2.42341e-05
)
;

boundaryField
{
    leftWall
    {
        type            calculated;
        value           uniform 0;
    }
    rightWall
    {
        type            calculated;
        value           nonuniform 0();
    }
    lowerWall
    {
        type            calculated;
        value           nonuniform 0();
    }
    atmosphere
    {
        type            calculated;
        value           nonuniform List<scalar> 
45
(
-0.000118886
-0.000120203
-0.000120138
-0.000120392
-0.000120651
-0.000120949
-0.000121288
-0.000121669
-0.000122093
-0.000122562
-0.000123075
-0.000123634
-0.000124239
-0.00012489
-0.000125588
-0.000126332
-0.000127122
-0.000127957
-0.000128837
-0.000129761
-0.000130727
-0.000131733
-0.000132777
-0.000133856
-0.000134965
-0.000136099
-0.000137253
-0.000138418
-0.000139584
-0.000140737
-0.000141861
-0.000142933
-0.000143924
-0.000144795
-0.000145493
-0.000145952
-0.000146079
-0.000145722
-0.000144704
-0.000142761
-0.000139505
-0.000134365
-0.000126519
-0.000114708
-9.57971e-05
)
;
    }
    defaultFaces
    {
        type            empty;
        value           nonuniform 0();
    }
    procBoundary2to0
    {
        type            processor;
        value           nonuniform List<scalar> 
46
(
5.94145e-05
5.91465e-05
5.8866e-05
5.85678e-05
5.82451e-05
5.78895e-05
5.74913e-05
5.70393e-05
5.65216e-05
5.59248e-05
5.52349e-05
5.44363e-05
5.35118e-05
5.24421e-05
5.12047e-05
4.97733e-05
4.8118e-05
4.62048e-05
4.39958e-05
4.1451e-05
3.85313e-05
3.52037e-05
3.14475e-05
2.72624e-05
2.26784e-05
3.08523e-05
6.92133e-05
7.04165e-05
6.60842e-05
6.42174e-05
6.39228e-05
6.39478e-05
6.39038e-05
6.37823e-05
6.36268e-05
6.34577e-05
6.32793e-05
6.30921e-05
6.28969e-05
6.26948e-05
6.24868e-05
6.22736e-05
6.20554e-05
6.1832e-05
-3.40991e-05
6.16024e-05
)
;
    }
    procBoundary2to3
    {
        type            processor;
        value           nonuniform List<scalar> 
43
(
9.40835e-05
0.000100015
0.000105714
0.000111203
0.00011648
0.000121515
0.000126249
0.000130589
0.000134398
0.000137496
0.000139654
0.000140592
0.000139973
0.000137462
0.0001329
0.000126553
0.000119354
0.000112948
0.000109125
0.000108592
0.000110371
0.0001126
0.000113532
0.000112076
0.000107942
0.000101463
9.34229e-05
8.48941e-05
7.71832e-05
7.17565e-05
6.97129e-05
7.04363e-05
7.02603e-05
6.34176e-05
4.70201e-05
2.62335e-05
8.95657e-06
-3.70773e-06
-2.90387e-05
-8.48625e-05
-0.000107547
-8.46714e-05
-3.69574e-05
)
;
    }
}


// ************************************************************************* //
