/*--------------------------------*- C++ -*----------------------------------*\
| =========                 |                                                 |
| \\      /  F ield         | OpenFOAM: The Open Source CFD Toolbox           |
|  \\    /   O peration     | Version:  3.0.1                                 |
|   \\  /    A nd           | Web:      www.OpenFOAM.org                      |
|    \\/     M anipulation  |                                                 |
\*---------------------------------------------------------------------------*/
FoamFile
{
    version     2.0;
    format      ascii;
    class       volVectorField;
    location    "0.35";
    object      U;
}
// * * * * * * * * * * * * * * * * * * * * * * * * * * * * * * * * * * * * * //

dimensions      [0 1 -1 0 0 0 0];

internalField   nonuniform List<vector> 
1915
(
(0.362378 -0.651562 0)
(0.382633 -0.648759 0)
(0.403076 -0.645805 0)
(0.423681 -0.642643 0)
(0.444426 -0.639203 0)
(0.465298 -0.635399 0)
(0.486289 -0.631133 0)
(0.507403 -0.626288 0)
(0.528651 -0.620739 0)
(0.550055 -0.614349 0)
(0.571645 -0.606967 0)
(0.59345 -0.598427 0)
(0.615505 -0.588544 0)
(0.637853 -0.577109 0)
(0.66055 -0.563888 0)
(0.683677 -0.548616 0)
(0.707343 -0.53099 0)
(0.731694 -0.510671 0)
(0.756942 -0.487295 0)
(0.783386 -0.460487 0)
(0.811423 -0.429893 0)
(0.841546 -0.395211 0)
(0.874323 -0.356263 0)
(0.910375 -0.313062 0)
(0.950314 -0.26591 0)
(0.0101412 -0.343244 0)
(0.0294131 -0.756846 0)
(0.0461677 -0.767545 0)
(0.0602071 -0.720828 0)
(0.0756256 -0.701241 0)
(0.0919306 -0.698348 0)
(0.108463 -0.698718 0)
(0.125112 -0.698322 0)
(0.141935 -0.697119 0)
(0.158987 -0.695573 0)
(0.1763 -0.693892 0)
(0.193889 -0.692117 0)
(0.211765 -0.69025 0)
(0.229935 -0.6883 0)
(0.248405 -0.686276 0)
(0.267177 -0.684188 0)
(0.286251 -0.682042 0)
(0.305621 -0.679839 0)
(0.32528 -0.677573 0)
(0.345218 -0.675232 0)
(0.365423 -0.672793 0)
(0.38588 -0.670225 0)
(0.406578 -0.667487 0)
(0.427504 -0.664525 0)
(0.448649 -0.661273 0)
(0.47001 -0.657652 0)
(0.491593 -0.653571 0)
(0.513413 -0.648927 0)
(0.535494 -0.643602 0)
(0.557867 -0.637466 0)
(0.580575 -0.630376 0)
(0.603668 -0.622177 0)
(0.627208 -0.612693 0)
(0.651267 -0.60173 0)
(0.675931 -0.589069 0)
(0.701312 -0.57447 0)
(0.72755 -0.557669 0)
(0.754823 -0.538378 0)
(0.783358 -0.516294 0)
(0.813438 -0.491112 0)
(0.845406 -0.462556 0)
(0.879667 -0.430407 0)
(0.916658 -0.394542 0)
(0.956803 -0.354957 0)
(1.00048 -0.311841 0)
(0.00994051 -0.363565 0)
(0.0291559 -0.776854 0)
(0.0459649 -0.78332 0)
(0.0603451 -0.736733 0)
(0.0760724 -0.718219 0)
(0.0926237 -0.715853 0)
(0.109365 -0.716398 0)
(0.126204 -0.716145 0)
(0.1432 -0.715146 0)
(0.160411 -0.713852 0)
(0.177867 -0.712447 0)
(0.195586 -0.710962 0)
(0.21358 -0.709397 0)
(0.231861 -0.707758 0)
(0.250435 -0.706051 0)
(0.269309 -0.704283 0)
(0.288486 -0.702456 0)
(0.307967 -0.700569 0)
(0.327749 -0.698612 0)
(0.347832 -0.696572 0)
(0.368211 -0.694426 0)
(0.388884 -0.692143 0)
(0.409847 -0.689682 0)
(0.4311 -0.686994 0)
(0.452645 -0.684018 0)
(0.474493 -0.680682 0)
(0.49666 -0.676902 0)
(0.519173 -0.672584 0)
(0.542065 -0.667621 0)
(0.565383 -0.661895 0)
(0.589182 -0.655273 0)
(0.613528 -0.647607 0)
(0.638503 -0.638737 0)
(0.6642 -0.628484 0)
(0.690732 -0.616655 0)
(0.718236 -0.603032 0)
(0.746875 -0.587387 0)
(0.776846 -0.569472 0)
(0.808382 -0.549033 0)
(0.841754 -0.52582 0)
(0.877268 -0.499597 0)
(0.915259 -0.470171 0)
(0.956065 -0.437413 0)
(0.999969 -0.401272 0)
(1.04721 -0.361826 0)
(0.00984743 -0.383914 0)
(0.0290237 -0.797001 0)
(0.0458254 -0.799467 0)
(0.0604702 -0.753091 0)
(0.0764494 -0.735628 0)
(0.0932039 -0.733746 0)
(0.110118 -0.734439 0)
(0.127113 -0.734313 0)
(0.144256 -0.733506 0)
(0.161602 -0.732452 0)
(0.179182 -0.731312 0)
(0.197014 -0.730108 0)
(0.215113 -0.728838 0)
(0.233493 -0.727506 0)
(0.252163 -0.726116 0)
(0.271133 -0.724672 0)
(0.29041 -0.723174 0)
(0.31 -0.721618 0)
(0.329909 -0.719994 0)
(0.350139 -0.718286 0)
(0.370696 -0.716472 0)
(0.391585 -0.714523 0)
(0.412811 -0.712402 0)
(0.434385 -0.710062 0)
(0.456321 -0.707446 0)
(0.478639 -0.704491 0)
(0.501367 -0.70112 0)
(0.524541 -0.697249 0)
(0.548207 -0.692781 0)
(0.572422 -0.687611 0)
(0.597255 -0.681618 0)
(0.622786 -0.67467 0)
(0.649113 -0.666622 0)
(0.676349 -0.657313 0)
(0.704626 -0.64657 0)
(0.7341 -0.634203 0)
(0.764954 -0.62001 0)
(0.797396 -0.603779 0)
(0.831664 -0.585289 0)
(0.868022 -0.564322 0)
(0.906754 -0.540667 0)
(0.948148 -0.514135 0)
(0.992485 -0.484572 0)
(1.03997 -0.451857 0)
(1.09075 -0.41593 0)
(0.00985135 -0.4044 0)
(0.0289963 -0.817259 0)
(0.045729 -0.815904 0)
(0.0605745 -0.769837 0)
(0.0767559 -0.753418 0)
(0.0936737 -0.751987 0)
(0.110725 -0.752806 0)
(0.127845 -0.752798 0)
(0.145106 -0.752175 0)
(0.162563 -0.751352 0)
(0.180245 -0.750469 0)
(0.198171 -0.74954 0)
(0.216359 -0.748562 0)
(0.234824 -0.747536 0)
(0.253578 -0.746466 0)
(0.272634 -0.745352 0)
(0.292003 -0.744195 0)
(0.311696 -0.742987 0)
(0.331724 -0.741718 0)
(0.352096 -0.740374 0)
(0.372824 -0.738933 0)
(0.39392 -0.737368 0)
(0.415398 -0.735644 0)
(0.437278 -0.73372 0)
(0.459582 -0.731545 0)
(0.482341 -0.729062 0)
(0.505592 -0.726203 0)
(0.529382 -0.722893 0)
(0.553767 -0.719048 0)
(0.578813 -0.714573 0)
(0.604602 -0.709363 0)
(0.631227 -0.703303 0)
(0.658798 -0.696263 0)
(0.687443 -0.688106 0)
(0.717313 -0.678678 0)
(0.74858 -0.667816 0)
(0.781439 -0.655344 0)
(0.816115 -0.641077 0)
(0.85285 -0.624822 0)
(0.891911 -0.606379 0)
(0.933571 -0.585548 0)
(0.978105 -0.562129 0)
(1.02577 -0.535926 0)
(1.07675 -0.50675 0)
(1.13112 -0.474399 0)
(0.00994034 -0.425123 0)
(0.029051 -0.837603 0)
(0.0456541 -0.832563 0)
(0.0606471 -0.786922 0)
(0.076987 -0.771551 0)
(0.0940306 -0.77054 0)
(0.111184 -0.771469 0)
(0.128399 -0.771571 0)
(0.145751 -0.771127 0)
(0.163292 -0.77053 0)
(0.181053 -0.769899 0)
(0.199053 -0.769242 0)
(0.217311 -0.768554 0)
(0.235843 -0.767836 0)
(0.254665 -0.76709 0)
(0.273793 -0.766316 0)
(0.293241 -0.765512 0)
(0.313025 -0.76467 0)
(0.333159 -0.763782 0)
(0.35366 -0.762832 0)
(0.374543 -0.761801 0)
(0.395829 -0.760666 0)
(0.417538 -0.759395 0)
(0.439696 -0.757951 0)
(0.462336 -0.756291 0)
(0.485496 -0.754364 0)
(0.509222 -0.752111 0)
(0.533568 -0.749469 0)
(0.5586 -0.746363 0)
(0.584394 -0.742713 0)
(0.611041 -0.738429 0)
(0.638646 -0.733412 0)
(0.66733 -0.727553 0)
(0.697234 -0.720735 0)
(0.728521 -0.712829 0)
(0.761378 -0.703696 0)
(0.796015 -0.693187 0)
(0.83267 -0.681142 0)
(0.871599 -0.667389 0)
(0.913077 -0.651745 0)
(0.957388 -0.634015 0)
(1.00482 -0.613981 0)
(1.05563 -0.591408 0)
(1.11004 -0.566032 0)
(1.16812 -0.537529 0)
(0.0101028 -0.44617 0)
(0.0291645 -0.857997 0)
(0.0455797 -0.849386 0)
(0.0606763 -0.804301 0)
(0.0771358 -0.789991 0)
(0.0942696 -0.789372 0)
(0.111493 -0.790395 0)
(0.128771 -0.790604 0)
(0.146185 -0.790337 0)
(0.163786 -0.789962 0)
(0.181601 -0.78958 0)
(0.199651 -0.789193 0)
(0.217957 -0.788797 0)
(0.236537 -0.78839 0)
(0.255408 -0.787975 0)
(0.27459 -0.787549 0)
(0.294099 -0.787112 0)
(0.313956 -0.786655 0)
(0.334178 -0.78617 0)
(0.354786 -0.785644 0)
(0.375802 -0.78506 0)
(0.397251 -0.784398 0)
(0.41916 -0.78363 0)
(0.441562 -0.782726 0)
(0.464496 -0.781648 0)
(0.488006 -0.780353 0)
(0.512145 -0.778793 0)
(0.536976 -0.776912 0)
(0.56257 -0.774651 0)
(0.589014 -0.771942 0)
(0.616406 -0.76871 0)
(0.644858 -0.764876 0)
(0.674503 -0.760352 0)
(0.70549 -0.755041 0)
(0.737995 -0.74884 0)
(0.772216 -0.741636 0)
(0.80838 -0.733308 0)
(0.846736 -0.723721 0)
(0.88756 -0.712729 0)
(0.931149 -0.700166 0)
(0.977814 -0.685841 0)
(1.02787 -0.669529 0)
(1.08163 -0.650956 0)
(1.13938 -0.629793 0)
(1.20125 -0.605617 0)
(0.0103265 -0.46761 0)
(0.0293136 -0.878397 0)
(0.0454864 -0.866316 0)
(0.0606514 -0.821938 0)
(0.077195 -0.808701 0)
(0.0943845 -0.808449 0)
(0.111644 -0.809553 0)
(0.128957 -0.809867 0)
(0.146405 -0.809777 0)
(0.164037 -0.809622 0)
(0.18188 -0.809488 0)
(0.199957 -0.809372 0)
(0.218288 -0.809269 0)
(0.236892 -0.809177 0)
(0.25579 -0.809098 0)
(0.275003 -0.809032 0)
(0.294551 -0.808974 0)
(0.314456 -0.808919 0)
(0.334741 -0.808861 0)
(0.35543 -0.808786 0)
(0.37655 -0.808683 0)
(0.398128 -0.808534 0)
(0.420199 -0.808316 0)
(0.442801 -0.808004 0)
(0.465976 -0.807568 0)
(0.489776 -0.806973 0)
(0.514258 -0.806179 0)
(0.539491 -0.805144 0)
(0.565553 -0.803819 0)
(0.592535 -0.802151 0)
(0.620542 -0.800082 0)
(0.649694 -0.797551 0)
(0.680128 -0.794491 0)
(0.712003 -0.79083 0)
(0.745503 -0.786491 0)
(0.780837 -0.781391 0)
(0.818243 -0.775436 0)
(0.85799 -0.768524 0)
(0.900375 -0.760539 0)
(0.945724 -0.751339 0)
(0.994391 -0.740752 0)
(1.04675 -0.728554 0)
(1.10319 -0.714454 0)
(1.16409 -0.698067 0)
(1.22972 -0.678897 0)
(0.0105977 -0.489499 0)
(0.0294763 -0.898751 0)
(0.0453579 -0.883306 0)
(0.0605641 -0.839798 0)
(0.0771588 -0.827648 0)
(0.09437 -0.827735 0)
(0.111635 -0.828911 0)
(0.128951 -0.829332 0)
(0.146404 -0.829418 0)
(0.164039 -0.829485 0)
(0.181884 -0.829598 0)
(0.19996 -0.829753 0)
(0.218289 -0.829944 0)
(0.236892 -0.830172 0)
(0.255792 -0.830437 0)
(0.27501 -0.830738 0)
(0.29457 -0.831073 0)
(0.314496 -0.831438 0)
(0.334814 -0.831826 0)
(0.355551 -0.832229 0)
(0.376738 -0.832636 0)
(0.398406 -0.833035 0)
(0.420594 -0.833407 0)
(0.443343 -0.833734 0)
(0.466701 -0.833991 0)
(0.490722 -0.834154 0)
(0.515468 -0.834191 0)
(0.541011 -0.834072 0)
(0.567434 -0.833759 0)
(0.594832 -0.833215 0)
(0.623314 -0.832399 0)
(0.653002 -0.831268 0)
(0.684038 -0.829778 0)
(0.716586 -0.827882 0)
(0.750835 -0.825531 0)
(0.787002 -0.822674 0)
(0.825336 -0.819254 0)
(0.866122 -0.815205 0)
(0.909679 -0.810448 0)
(0.956371 -0.804884 0)
(1.00661 -0.798373 0)
(1.06083 -0.790721 0)
(1.11954 -0.781649 0)
(1.18324 -0.770744 0)
(1.25243 -0.757466 0)
(0.0109012 -0.511871 0)
(0.0296318 -0.919004 0)
(0.0451811 -0.900319 0)
(0.0604082 -0.857853 0)
(0.0770228 -0.846798 0)
(0.0942222 -0.847197 0)
(0.11146 -0.848437 0)
(0.128749 -0.848965 0)
(0.146177 -0.849231 0)
(0.163787 -0.849518 0)
(0.181604 -0.849878 0)
(0.199651 -0.850306 0)
(0.21795 -0.850795 0)
(0.236523 -0.851347 0)
(0.255395 -0.851962 0)
(0.274588 -0.85264 0)
(0.29413 -0.853379 0)
(0.314045 -0.854178 0)
(0.334361 -0.855031 0)
(0.355109 -0.855933 0)
(0.376322 -0.856877 0)
(0.398034 -0.857853 0)
(0.420288 -0.85885 0)
(0.443127 -0.859854 0)
(0.466601 -0.860849 0)
(0.490767 -0.861816 0)
(0.51569 -0.862737 0)
(0.541445 -0.863589 0)
(0.568115 -0.864349 0)
(0.595798 -0.864993 0)
(0.624603 -0.865497 0)
(0.654653 -0.865838 0)
(0.686091 -0.865994 0)
(0.71908 -0.865945 0)
(0.753812 -0.865672 0)
(0.790507 -0.86516 0)
(0.82942 -0.864392 0)
(0.870846 -0.863347 0)
(0.915127 -0.862001 0)
(0.962662 -0.860308 0)
(1.01391 -0.858193 0)
(1.06942 -0.855524 0)
(1.12979 -0.852076 0)
(1.19571 -0.847465 0)
(1.26794 -0.841165 0)
(0.0112207 -0.534744 0)
(0.029761 -0.939101 0)
(0.0449463 -0.917323 0)
(0.0601804 -0.876077 0)
(0.0767847 -0.866117 0)
(0.0939385 -0.866798 0)
(0.111116 -0.868094 0)
(0.128348 -0.868735 0)
(0.145721 -0.869183 0)
(0.163274 -0.86969 0)
(0.181033 -0.870299 0)
(0.19902 -0.870999 0)
(0.217257 -0.871789 0)
(0.23577 -0.872668 0)
(0.254582 -0.873639 0)
(0.273719 -0.874701 0)
(0.293207 -0.875856 0)
(0.313074 -0.877101 0)
(0.333351 -0.878435 0)
(0.354068 -0.879855 0)
(0.375261 -0.881357 0)
(0.396967 -0.882936 0)
(0.41923 -0.884585 0)
(0.442095 -0.886296 0)
(0.465614 -0.888062 0)
(0.489845 -0.889871 0)
(0.514854 -0.891714 0)
(0.540715 -0.893579 0)
(0.567513 -0.895454 0)
(0.595344 -0.897329 0)
(0.624314 -0.899197 0)
(0.654545 -0.901054 0)
(0.686174 -0.902899 0)
(0.719363 -0.904741 0)
(0.754296 -0.906593 0)
(0.791192 -0.908477 0)
(0.830303 -0.91042 0)
(0.871928 -0.91246 0)
(0.91642 -0.914636 0)
(0.964204 -0.916981 0)
(1.01579 -0.919515 0)
(1.0718 -0.922211 0)
(1.13298 -0.924964 0)
(1.2002 -0.927506 0)
(1.27455 -0.92945 0)
(0.0115394 -0.558117 0)
(0.0298466 -0.958986 0)
(0.0446485 -0.934297 0)
(0.0598805 -0.894448 0)
(0.0764443 -0.88557 0)
(0.093518 -0.886501 0)
(0.110604 -0.887849 0)
(0.127746 -0.888605 0)
(0.145031 -0.889237 0)
(0.162495 -0.889966 0)
(0.180163 -0.890822 0)
(0.198057 -0.891797 0)
(0.216201 -0.892889 0)
(0.234619 -0.8941 0)
(0.253337 -0.895431 0)
(0.272381 -0.896885 0)
(0.291779 -0.898462 0)
(0.31156 -0.900164 0)
(0.331754 -0.901991 0)
(0.352395 -0.903943 0)
(0.373519 -0.90602 0)
(0.395165 -0.90822 0)
(0.417377 -0.910542 0)
(0.440201 -0.912985 0)
(0.46369 -0.915545 0)
(0.487901 -0.918222 0)
(0.5129 -0.921013 0)
(0.53876 -0.923915 0)
(0.565564 -0.92693 0)
(0.593403 -0.930059 0)
(0.622378 -0.933309 0)
(0.652605 -0.936696 0)
(0.684213 -0.94024 0)
(0.717354 -0.943975 0)
(0.752202 -0.947947 0)
(0.788961 -0.952216 0)
(0.827872 -0.956861 0)
(0.86922 -0.961977 0)
(0.913356 -0.967684 0)
(0.960705 -0.974114 0)
(1.01181 -0.981419 0)
(1.06734 -0.989725 0)
(1.12815 -0.999134 0)
(1.19532 -1.00963 0)
(1.27032 -1.02117 0)
(0.0118394 -0.581969 0)
(0.0298741 -0.978609 0)
(0.0442888 -0.951234 0)
(0.0595121 -0.912943 0)
(0.0760038 -0.905117 0)
(0.0929615 -0.906265 0)
(0.109922 -0.907661 0)
(0.126941 -0.908538 0)
(0.144105 -0.909355 0)
(0.161446 -0.910305 0)
(0.178989 -0.91141 0)
(0.196756 -0.91266 0)
(0.214771 -0.914057 0)
(0.233059 -0.915601 0)
(0.251646 -0.917296 0)
(0.270559 -0.919146 0)
(0.289827 -0.921153 0)
(0.309479 -0.923319 0)
(0.329546 -0.925648 0)
(0.350062 -0.928142 0)
(0.371064 -0.930805 0)
(0.392593 -0.933639 0)
(0.414691 -0.936649 0)
(0.437404 -0.939837 0)
(0.460785 -0.943208 0)
(0.484891 -0.946766 0)
(0.509784 -0.950518 0)
(0.535535 -0.954469 0)
(0.562222 -0.958629 0)
(0.58993 -0.963012 0)
(0.618753 -0.967639 0)
(0.648796 -0.972539 0)
(0.680177 -0.977754 0)
(0.71303 -0.983341 0)
(0.747511 -0.989373 0)
(0.783801 -0.99595 0)
(0.822112 -1.0032 0)
(0.8627 -1.01127 0)
(0.905883 -1.02038 0)
(0.952054 -1.03077 0)
(1.00174 -1.04275 0)
(1.05559 -1.05665 0)
(1.11455 -1.07288 0)
(1.1798 -1.09184 0)
(1.25316 -1.11407 0)
(0.0121004 -0.60626 0)
(0.0298326 -0.997933 0)
(0.0438768 -0.968134 0)
(0.059083 -0.931538 0)
(0.0754681 -0.924719 0)
(0.0922716 -0.926049 0)
(0.109071 -0.927492 0)
(0.125933 -0.928493 0)
(0.142941 -0.929497 0)
(0.160125 -0.930668 0)
(0.177507 -0.93202 0)
(0.19511 -0.933546 0)
(0.21296 -0.935247 0)
(0.23108 -0.937127 0)
(0.249498 -0.939189 0)
(0.26824 -0.941437 0)
(0.287335 -0.943877 0)
(0.306813 -0.946512 0)
(0.326706 -0.949348 0)
(0.347047 -0.95239 0)
(0.367873 -0.955646 0)
(0.389224 -0.959122 0)
(0.411142 -0.962826 0)
(0.433674 -0.966767 0)
(0.456868 -0.970954 0)
(0.480781 -0.975397 0)
(0.505473 -0.98011 0)
(0.531009 -0.985105 0)
(0.557461 -0.9904 0)
(0.584905 -0.996019 0)
(0.613427 -1.00199 0)
(0.643117 -1.00836 0)
(0.674078 -1.01519 0)
(0.706422 -1.02254 0)
(0.740278 -1.03052 0)
(0.775793 -1.03925 0)
(0.813135 -1.04891 0)
(0.852507 -1.0597 0)
(0.894165 -1.07192 0)
(0.938419 -1.08592 0)
(0.98572 -1.10218 0)
(1.03659 -1.12126 0)
(1.09194 -1.14395 0)
(1.15286 -1.17122 0)
(1.22132 -1.20426 0)
(0.0122974 -0.630929 0)
(0.0297162 -1.01694 0)
(0.0434306 -0.985012 0)
(0.0586047 -0.950206 0)
(0.0748441 -0.944328 0)
(0.0914525 -0.945808 0)
(0.108055 -0.947298 0)
(0.124725 -0.948426 0)
(0.14154 -0.949617 0)
(0.158529 -0.951008 0)
(0.175713 -0.952607 0)
(0.193116 -0.954409 0)
(0.210762 -0.956415 0)
(0.228676 -0.95863 0)
(0.246884 -0.961059 0)
(0.265414 -0.963707 0)
(0.284293 -0.96658 0)
(0.303551 -0.969685 0)
(0.32322 -0.97303 0)
(0.343332 -0.976623 0)
(0.363925 -0.980474 0)
(0.385037 -0.984593 0)
(0.40671 -0.988992 0)
(0.428987 -0.993685 0)
(0.451917 -0.998684 0)
(0.475553 -1.00401 0)
(0.499949 -1.00967 0)
(0.525168 -1.01569 0)
(0.551272 -1.0221 0)
(0.578329 -1.02892 0)
(0.606413 -1.03619 0)
(0.635599 -1.04396 0)
(0.665971 -1.0523 0)
(0.697617 -1.0613 0)
(0.730632 -1.07106 0)
(0.765118 -1.08173 0)
(0.801189 -1.09352 0)
(0.838973 -1.10667 0)
(0.87863 -1.12153 0)
(0.920337 -1.13854 0)
(0.964383 -1.15831 0)
(1.01105 -1.18162 0)
(1.06102 -1.20965 0)
(1.11497 -1.24393 0)
(1.17446 -1.28604 0)
(0.0124025 -0.655896 0)
(0.0295261 -1.03566 0)
(0.0429752 -1.00189 0)
(0.0580891 -0.968909 0)
(0.0741388 -0.963892 0)
(0.090509 -0.965493 0)
(0.106878 -0.967032 0)
(0.123319 -0.968293 0)
(0.139905 -0.969671 0)
(0.156662 -0.971281 0)
(0.173611 -0.973125 0)
(0.190775 -0.975201 0)
(0.208179 -0.977511 0)
(0.225846 -0.98006 0)
(0.243804 -0.982854 0)
(0.262077 -0.9859 0)
(0.280695 -0.989205 0)
(0.299685 -0.992779 0)
(0.319079 -0.996631 0)
(0.33891 -1.00077 0)
(0.359212 -1.00521 0)
(0.380023 -1.00997 0)
(0.401382 -1.01506 0)
(0.423334 -1.0205 0)
(0.445922 -1.0263 0)
(0.469197 -1.03249 0)
(0.493209 -1.03908 0)
(0.518012 -1.0461 0)
(0.543664 -1.05358 0)
(0.570223 -1.06155 0)
(0.597748 -1.07006 0)
(0.626304 -1.07915 0)
(0.655951 -1.08889 0)
(0.686752 -1.09938 0)
(0.718766 -1.11073 0)
(0.75205 -1.12309 0)
(0.786654 -1.13667 0)
(0.822619 -1.15171 0)
(0.859982 -1.16859 0)
(0.898752 -1.18777 0)
(0.938972 -1.20991 0)
(0.98058 -1.23593 0)
(1.02382 -1.26723 0)
(1.06859 -1.30565 0)
(1.11517 -1.35264 0)
(0.01239 -0.681057 0)
(0.0292709 -1.05414 0)
(0.0425358 -1.0188 0)
(0.0575442 -0.987596 0)
(0.0733564 -0.983352 0)
(0.0894447 -0.985052 0)
(0.105542 -0.986648 0)
(0.121718 -0.988046 0)
(0.138037 -0.989611 0)
(0.154525 -0.991437 0)
(0.171202 -0.993525 0)
(0.18809 -0.995873 0)
(0.205213 -0.998484 0)
(0.222594 -1.00136 0)
(0.240259 -1.00452 0)
(0.258233 -1.00796 0)
(0.276544 -1.01169 0)
(0.295218 -1.01573 0)
(0.314286 -1.02008 0)
(0.33378 -1.02476 0)
(0.353733 -1.02979 0)
(0.374181 -1.03518 0)
(0.395162 -1.04095 0)
(0.416717 -1.04711 0)
(0.438889 -1.0537 0)
(0.461722 -1.06073 0)
(0.485264 -1.06822 0)
(0.509562 -1.07621 0)
(0.534666 -1.08472 0)
(0.560627 -1.09379 0)
(0.587495 -1.10346 0)
(0.615316 -1.11377 0)
(0.644138 -1.1248 0)
(0.673997 -1.13663 0)
(0.704923 -1.14937 0)
(0.736929 -1.16314 0)
(0.770006 -1.17814 0)
(0.804112 -1.19459 0)
(0.839157 -1.2128 0)
(0.874977 -1.23318 0)
(0.911333 -1.25632 0)
(0.947796 -1.28308 0)
(0.98395 -1.31477 0)
(1.01884 -1.3529 0)
(1.05057 -1.39839 0)
(0.0122475 -0.706295 0)
(0.0289671 -1.07247 0)
(0.0421292 -1.03574 0)
(0.0569691 -1.00621 0)
(0.0724952 -1.00264 0)
(0.0882606 -1.00443 0)
(0.10405 -1.0061 0)
(0.119925 -1.00764 0)
(0.135942 -1.00939 0)
(0.152126 -1.01143 0)
(0.168494 -1.01376 0)
(0.185069 -1.01637 0)
(0.201873 -1.01928 0)
(0.218929 -1.02249 0)
(0.236261 -1.026 0)
(0.253894 -1.02983 0)
(0.271852 -1.03398 0)
(0.290163 -1.03847 0)
(0.308855 -1.04332 0)
(0.327958 -1.04853 0)
(0.347505 -1.05413 0)
(0.36753 -1.06013 0)
(0.388069 -1.06656 0)
(0.40916 -1.07343 0)
(0.430842 -1.08078 0)
(0.453158 -1.08863 0)
(0.476149 -1.09699 0)
(0.499858 -1.10591 0)
(0.52433 -1.1154 0)
(0.549607 -1.1255 0)
(0.575732 -1.13626 0)
(0.602743 -1.14771 0)
(0.630671 -1.15992 0)
(0.65954 -1.17295 0)
(0.689356 -1.1869 0)
(0.720105 -1.20186 0)
(0.751735 -1.21797 0)
(0.784145 -1.23539 0)
(0.817151 -1.25432 0)
(0.85046 -1.27503 0)
(0.883608 -1.29789 0)
(0.915889 -1.32349 0)
(0.94627 -1.35261 0)
(0.973067 -1.38564 0)
(0.992337 -1.42268 0)
(0.0119861 -0.731492 0)
(0.0286345 -1.09079 0)
(0.0417542 -1.05273 0)
(0.0563512 -1.02467 0)
(0.0715457 -1.02171 0)
(0.086953 -1.02359 0)
(0.102399 -1.02533 0)
(0.117942 -1.02702 0)
(0.133624 -1.02896 0)
(0.14947 -1.03121 0)
(0.165496 -1.03378 0)
(0.181724 -1.03666 0)
(0.198173 -1.03985 0)
(0.214867 -1.04338 0)
(0.231828 -1.04724 0)
(0.249078 -1.05144 0)
(0.266642 -1.05601 0)
(0.284545 -1.06094 0)
(0.302813 -1.06626 0)
(0.321477 -1.07199 0)
(0.340565 -1.07814 0)
(0.36011 -1.08474 0)
(0.380147 -1.09181 0)
(0.400709 -1.09937 0)
(0.421835 -1.10745 0)
(0.443561 -1.11608 0)
(0.465927 -1.12528 0)
(0.488971 -1.13508 0)
(0.512733 -1.1455 0)
(0.537252 -1.15659 0)
(0.562565 -1.16837 0)
(0.588704 -1.18088 0)
(0.615698 -1.19418 0)
(0.643561 -1.20832 0)
(0.672295 -1.22335 0)
(0.701876 -1.23934 0)
(0.73224 -1.25637 0)
(0.763269 -1.2745 0)
(0.794749 -1.29379 0)
(0.826351 -1.31432 0)
(0.85754 -1.33617 0)
(0.887544 -1.35947 0)
(0.91508 -1.38423 0)
(0.938201 -1.40915 0)
(0.952344 -1.43359 0)
(0.0116466 -0.756552 0)
(0.0282923 -1.10918 0)
(0.0413868 -1.06972 0)
(0.0556667 -1.04291 0)
(0.0704913 -1.04049 0)
(0.0855139 -1.04247 0)
(0.100588 -1.04431 0)
(0.115769 -1.04614 0)
(0.131086 -1.04827 0)
(0.146564 -1.05073 0)
(0.162219 -1.05353 0)
(0.178068 -1.05667 0)
(0.194132 -1.06015 0)
(0.21043 -1.06399 0)
(0.226985 -1.06818 0)
(0.243816 -1.07276 0)
(0.260948 -1.07771 0)
(0.278402 -1.08308 0)
(0.296205 -1.08886 0)
(0.314383 -1.09508 0)
(0.332965 -1.10177 0)
(0.35198 -1.10894 0)
(0.37146 -1.11662 0)
(0.391437 -1.12484 0)
(0.411944 -1.13362 0)
(0.433018 -1.14299 0)
(0.454691 -1.15298 0)
(0.477002 -1.16362 0)
(0.499986 -1.17493 0)
(0.523679 -1.18694 0)
(0.548119 -1.1997 0)
(0.573338 -1.21322 0)
(0.599364 -1.22755 0)
(0.626219 -1.24273 0)
(0.653912 -1.25879 0)
(0.682433 -1.27577 0)
(0.711735 -1.29367 0)
(0.741735 -1.31247 0)
(0.772261 -1.33212 0)
(0.803059 -1.3525 0)
(0.833709 -1.37342 0)
(0.863624 -1.3946 0)
(0.891773 -1.41521 0)
(0.91658 -1.43253 0)
(0.934677 -1.44586 0)
(0.0112918 -0.781422 0)
(0.0279521 -1.12771 0)
(0.0409825 -1.08664 0)
(0.0548843 -1.06086 0)
(0.0693111 -1.05894 0)
(0.0839319 -1.06104 0)
(0.0986097 -1.06298 0)
(0.113405 -1.06498 0)
(0.128332 -1.06729 0)
(0.143418 -1.06996 0)
(0.158674 -1.07299 0)
(0.174118 -1.07637 0)
(0.189768 -1.08013 0)
(0.205643 -1.08426 0)
(0.221761 -1.08879 0)
(0.238143 -1.09371 0)
(0.254809 -1.09905 0)
(0.271781 -1.10482 0)
(0.289082 -1.11105 0)
(0.306737 -1.11774 0)
(0.324771 -1.12494 0)
(0.343213 -1.13265 0)
(0.362089 -1.14092 0)
(0.381431 -1.14975 0)
(0.401269 -1.1592 0)
(0.421633 -1.16927 0)
(0.442557 -1.18001 0)
(0.464074 -1.19144 0)
(0.486219 -1.20359 0)
(0.509028 -1.21648 0)
(0.532538 -1.23016 0)
(0.556787 -1.24465 0)
(0.58181 -1.25998 0)
(0.607642 -1.27619 0)
(0.634312 -1.2933 0)
(0.661839 -1.3113 0)
(0.690223 -1.33018 0)
(0.71945 -1.34985 0)
(0.749445 -1.37017 0)
(0.780119 -1.39091 0)
(0.811288 -1.41174 0)
(0.84273 -1.43214 0)
(0.873998 -1.4507 0)
(0.904289 -1.46398 0)
(0.932512 -1.47287 0)
(0.010986 -0.806095 0)
(0.0276127 -1.14634 0)
(0.0404864 -1.1034 0)
(0.0539717 -1.07848 0)
(0.0679831 -1.07704 0)
(0.0821936 -1.07927 0)
(0.0964564 -1.08133 0)
(0.110846 -1.08348 0)
(0.125363 -1.08597 0)
(0.140034 -1.08885 0)
(0.15487 -1.0921 0)
(0.169885 -1.09573 0)
(0.185098 -1.09975 0)
(0.200524 -1.10417 0)
(0.21618 -1.10901 0)
(0.232086 -1.11427 0)
(0.248259 -1.11997 0)
(0.26472 -1.12613 0)
(0.281489 -1.13277 0)
(0.29859 -1.13992 0)
(0.316044 -1.14759 0)
(0.333877 -1.15582 0)
(0.352114 -1.16463 0)
(0.370781 -1.17405 0)
(0.389906 -1.18411 0)
(0.409516 -1.19485 0)
(0.429643 -1.20628 0)
(0.450316 -1.21845 0)
(0.47157 -1.23139 0)
(0.493442 -1.24511 0)
(0.515969 -1.25967 0)
(0.539195 -1.27509 0)
(0.563165 -1.29141 0)
(0.58793 -1.30866 0)
(0.613543 -1.32686 0)
(0.640064 -1.346 0)
(0.667547 -1.36604 0)
(0.696064 -1.38689 0)
(0.725659 -1.40839 0)
(0.756439 -1.4303 0)
(0.788476 -1.45229 0)
(0.821964 -1.47381 0)
(0.857052 -1.4932 0)
(0.893756 -1.5073 0)
(0.933436 -1.52042 0)
(0.0107706 -0.830604 0)
(0.0272586 -1.16497 0)
(0.0398477 -1.11989 0)
(0.0529016 -1.09574 0)
(0.066487 -1.09477 0)
(0.0802839 -1.09713 0)
(0.0941159 -1.09931 0)
(0.108085 -1.10162 0)
(0.122172 -1.10429 0)
(0.13641 -1.10736 0)
(0.150804 -1.11083 0)
(0.16537 -1.1147 0)
(0.180123 -1.11897 0)
(0.195078 -1.12367 0)
(0.21025 -1.1288 0)
(0.225656 -1.13438 0)
(0.241313 -1.14042 0)
(0.257239 -1.14695 0)
(0.273452 -1.15399 0)
(0.289972 -1.16155 0)
(0.306819 -1.16967 0)
(0.324015 -1.17838 0)
(0.341583 -1.1877 0)
(0.359544 -1.19766 0)
(0.377924 -1.2083 0)
(0.396747 -1.21964 0)
(0.41604 -1.23173 0)
(0.435831 -1.24458 0)
(0.456153 -1.25825 0)
(0.477041 -1.27275 0)
(0.498535 -1.28814 0)
(0.520681 -1.30446 0)
(0.543534 -1.32174 0)
(0.567157 -1.34004 0)
(0.591626 -1.35937 0)
(0.617035 -1.37975 0)
(0.643492 -1.40116 0)
(0.671144 -1.42352 0)
(0.700138 -1.44673 0)
(0.730756 -1.47061 0)
(0.763254 -1.49496 0)
(0.798168 -1.51934 0)
(0.835996 -1.54212 0)
(0.877403 -1.56135 0)
(0.925747 -1.58639 0)
(0.0106534 -0.854994 0)
(0.0268651 -1.18343 0)
(0.0390311 -1.136 0)
(0.051656 -1.11261 0)
(0.0648055 -1.11212 0)
(0.0781863 -1.1146 0)
(0.0915705 -1.11691 0)
(0.105103 -1.11937 0)
(0.118742 -1.12222 0)
(0.132525 -1.12548 0)
(0.146458 -1.12915 0)
(0.160553 -1.13324 0)
(0.174825 -1.13776 0)
(0.189286 -1.14272 0)
(0.203951 -1.14813 0)
(0.218834 -1.15401 0)
(0.233952 -1.16038 0)
(0.249319 -1.16725 0)
(0.264953 -1.17465 0)
(0.280869 -1.18261 0)
(0.297086 -1.19115 0)
(0.313623 -1.20029 0)
(0.330497 -1.21008 0)
(0.347729 -1.22054 0)
(0.36534 -1.2317 0)
(0.383351 -1.24361 0)
(0.401785 -1.25628 0)
(0.420666 -1.26977 0)
(0.440025 -1.2841 0)
(0.459894 -1.29933 0)
(0.480311 -1.31549 0)
(0.501324 -1.33264 0)
(0.522988 -1.35085 0)
(0.545376 -1.37016 0)
(0.568575 -1.39064 0)
(0.592701 -1.41232 0)
(0.617894 -1.43522 0)
(0.644352 -1.45933 0)
(0.672286 -1.48461 0)
(0.702088 -1.51102 0)
(0.734083 -1.53854 0)
(0.769001 -1.56686 0)
(0.807344 -1.59454 0)
(0.850183 -1.62167 0)
(0.902169 -1.66362 0)
(0.0106167 -0.879294 0)
(0.0264096 -1.20152 0)
(0.0380221 -1.15165 0)
(0.0502289 -1.12909 0)
(0.0629236 -1.12907 0)
(0.0758824 -1.13167 0)
(0.0887967 -1.13408 0)
(0.101872 -1.1367 0)
(0.11504 -1.13971 0)
(0.128346 -1.14315 0)
(0.141793 -1.14702 0)
(0.155392 -1.15133 0)
(0.169157 -1.15607 0)
(0.183099 -1.16128 0)
(0.197231 -1.16696 0)
(0.211567 -1.17312 0)
(0.22612 -1.17979 0)
(0.240904 -1.18698 0)
(0.255933 -1.19473 0)
(0.271222 -1.20305 0)
(0.286785 -1.21197 0)
(0.302639 -1.22152 0)
(0.318799 -1.23174 0)
(0.335282 -1.24265 0)
(0.352104 -1.25429 0)
(0.369284 -1.2667 0)
(0.38684 -1.2799 0)
(0.404793 -1.29395 0)
(0.423169 -1.30889 0)
(0.441994 -1.32476 0)
(0.461303 -1.34162 0)
(0.481138 -1.35954 0)
(0.501552 -1.37859 0)
(0.522614 -1.39886 0)
(0.544411 -1.42043 0)
(0.567061 -1.44337 0)
(0.590713 -1.46777 0)
(0.615573 -1.49367 0)
(0.641871 -1.52114 0)
(0.670026 -1.55026 0)
(0.700324 -1.5812 0)
(0.733517 -1.61365 0)
(0.769846 -1.64648 0)
(0.810526 -1.68249 0)
(0.860938 -1.74314 0)
(0.0106424 -0.903504 0)
(0.0258836 -1.21905 0)
(0.0368231 -1.16677 0)
(0.0486256 -1.14516 0)
(0.0608302 -1.1456 0)
(0.0733541 -1.14829 0)
(0.0857682 -1.1508 0)
(0.0983601 -1.15356 0)
(0.11103 -1.15673 0)
(0.123828 -1.16035 0)
(0.136759 -1.1644 0)
(0.149831 -1.1689 0)
(0.163058 -1.17387 0)
(0.17645 -1.17931 0)
(0.190019 -1.18523 0)
(0.203776 -1.19166 0)
(0.217735 -1.19861 0)
(0.231906 -1.2061 0)
(0.246302 -1.21416 0)
(0.260935 -1.22282 0)
(0.275817 -1.23209 0)
(0.290963 -1.24201 0)
(0.306385 -1.25262 0)
(0.322097 -1.26394 0)
(0.338111 -1.27601 0)
(0.354442 -1.28887 0)
(0.371106 -1.30255 0)
(0.388116 -1.31711 0)
(0.405494 -1.33257 0)
(0.423259 -1.34901 0)
(0.441441 -1.36648 0)
(0.460072 -1.38507 0)
(0.479195 -1.40486 0)
(0.498867 -1.42597 0)
(0.519161 -1.4485 0)
(0.540178 -1.47258 0)
(0.562048 -1.49833 0)
(0.584947 -1.52587 0)
(0.609085 -1.55536 0)
(0.634822 -1.58696 0)
(0.662339 -1.62097 0)
(0.692254 -1.65694 0)
(0.72444 -1.69412 0)
(0.759975 -1.73844 0)
(0.80464 -1.81654 0)
(0.0107338 -0.927614 0)
(0.0252999 -1.23584 0)
(0.035446 -1.18127 0)
(0.0468609 -1.16078 0)
(0.0585204 -1.16166 0)
(0.0705866 -1.16442 0)
(0.0824633 -1.16702 0)
(0.0945362 -1.1699 0)
(0.106672 -1.17322 0)
(0.118927 -1.177 0)
(0.131306 -1.18123 0)
(0.143815 -1.18592 0)
(0.156468 -1.19109 0)
(0.169273 -1.19674 0)
(0.182242 -1.2029 0)
(0.195385 -1.20957 0)
(0.208713 -1.21679 0)
(0.222235 -1.22456 0)
(0.235963 -1.23291 0)
(0.249906 -1.24187 0)
(0.264075 -1.25146 0)
(0.278482 -1.26172 0)
(0.293137 -1.27268 0)
(0.308051 -1.28437 0)
(0.323234 -1.29683 0)
(0.338695 -1.31009 0)
(0.354445 -1.32419 0)
(0.370497 -1.33918 0)
(0.386864 -1.35511 0)
(0.40356 -1.37203 0)
(0.420605 -1.39003 0)
(0.438021 -1.40917 0)
(0.455838 -1.42959 0)
(0.474095 -1.45138 0)
(0.49284 -1.4747 0)
(0.512148 -1.49969 0)
(0.532103 -1.52652 0)
(0.552831 -1.55538 0)
(0.574483 -1.58645 0)
(0.597298 -1.61998 0)
(0.621333 -1.65627 0)
(0.646974 -1.69455 0)
(0.673733 -1.73449 0)
(0.702322 -1.78533 0)
(0.738636 -1.87736 0)
(0.0109194 -0.951633 0)
(0.0246888 -1.25173 0)
(0.0339059 -1.19507 0)
(0.0449559 -1.17591 0)
(0.0559986 -1.17718 0)
(0.0675735 -1.17999 0)
(0.078871 -1.18266 0)
(0.090382 -1.18566 0)
(0.101945 -1.18912 0)
(0.113615 -1.19304 0)
(0.125402 -1.19744 0)
(0.137307 -1.20231 0)
(0.149345 -1.20766 0)
(0.161523 -1.21352 0)
(0.173851 -1.21989 0)
(0.186339 -1.2268 0)
(0.198995 -1.23425 0)
(0.211828 -1.24228 0)
(0.224847 -1.25089 0)
(0.238061 -1.26013 0)
(0.251479 -1.27002 0)
(0.26511 -1.28059 0)
(0.278963 -1.29187 0)
(0.293044 -1.30389 0)
(0.307362 -1.31668 0)
(0.321923 -1.3303 0)
(0.336734 -1.34477 0)
(0.351803 -1.36014 0)
(0.36714 -1.37646 0)
(0.382752 -1.3938 0)
(0.398652 -1.41222 0)
(0.414851 -1.43183 0)
(0.431368 -1.45273 0)
(0.448222 -1.47506 0)
(0.465439 -1.49897 0)
(0.48306 -1.52463 0)
(0.50112 -1.55223 0)
(0.519685 -1.58197 0)
(0.53883 -1.61407 0)
(0.558638 -1.64878 0)
(0.579088 -1.6863 0)
(0.600254 -1.72538 0)
(0.621402 -1.76612 0)
(0.642746 -1.82081 0)
(0.6699 -1.9221 0)
(0.011235 -0.975616 0)
(0.0240858 -1.26652 0)
(0.0322179 -1.2081 0)
(0.0429323 -1.19048 0)
(0.053279 -1.1921 0)
(0.0643192 -1.19493 0)
(0.0749954 -1.19766 0)
(0.0858977 -1.20078 0)
(0.0968461 -1.20436 0)
(0.107889 -1.20842 0)
(0.119039 -1.21296 0)
(0.130299 -1.218 0)
(0.141679 -1.22353 0)
(0.153187 -1.22957 0)
(0.164832 -1.23615 0)
(0.176621 -1.24326 0)
(0.188562 -1.25093 0)
(0.200664 -1.25919 0)
(0.212931 -1.26805 0)
(0.225374 -1.27755 0)
(0.237998 -1.2877 0)
(0.25081 -1.29854 0)
(0.263817 -1.3101 0)
(0.277024 -1.32241 0)
(0.290436 -1.33552 0)
(0.304056 -1.34944 0)
(0.31789 -1.36423 0)
(0.331941 -1.37992 0)
(0.346216 -1.39658 0)
(0.360718 -1.41426 0)
(0.375455 -1.43303 0)
(0.390431 -1.45301 0)
(0.405658 -1.4743 0)
(0.421142 -1.49703 0)
(0.436895 -1.52137 0)
(0.452934 -1.54749 0)
(0.469255 -1.57557 0)
(0.485885 -1.60582 0)
(0.502828 -1.63846 0)
(0.520038 -1.67368 0)
(0.537516 -1.71147 0)
(0.554924 -1.75002 0)
(0.571677 -1.78976 0)
(0.587176 -1.84543 0)
(0.606947 -1.95158 0)
(0.0116979 -0.999671 0)
(0.0235145 -1.28 0)
(0.0303975 -1.22026 0)
(0.0408078 -1.20442 0)
(0.0503826 -1.20634 0)
(0.0608377 -1.20916 0)
(0.0708535 -1.21195 0)
(0.0811005 -1.21517 0)
(0.0913921 -1.21887 0)
(0.101765 -1.22305 0)
(0.112238 -1.22773 0)
(0.12281 -1.23292 0)
(0.133491 -1.23861 0)
(0.144288 -1.24483 0)
(0.155207 -1.25158 0)
(0.166256 -1.25889 0)
(0.177441 -1.26676 0)
(0.188767 -1.27523 0)
(0.20024 -1.28431 0)
(0.211866 -1.29403 0)
(0.223651 -1.30442 0)
(0.235599 -1.3155 0)
(0.247714 -1.32731 0)
(0.26 -1.33988 0)
(0.272457 -1.35324 0)
(0.285088 -1.36743 0)
(0.297895 -1.38249 0)
(0.31088 -1.39846 0)
(0.324045 -1.41539 0)
(0.337394 -1.43335 0)
(0.35093 -1.45242 0)
(0.364658 -1.47269 0)
(0.378586 -1.49429 0)
(0.392721 -1.51735 0)
(0.407073 -1.54202 0)
(0.421652 -1.56846 0)
(0.436452 -1.59688 0)
(0.451495 -1.62746 0)
(0.466759 -1.66039 0)
(0.48217 -1.69583 0)
(0.497886 -1.7335 0)
(0.513095 -1.77105 0)
(0.528273 -1.80898 0)
(0.541005 -1.86433 0)
(0.559455 -1.9727 0)
(0.0122886 -1.02393 0)
(0.0229743 -1.29192 0)
(0.0284609 -1.23151 0)
(0.0385921 -1.21763 0)
(0.0473305 -1.21979 0)
(0.0571489 -1.2226 0)
(0.0664691 -1.22545 0)
(0.0760181 -1.22876 0)
(0.0856135 -1.23256 0)
(0.0952788 -1.23687 0)
(0.105035 -1.24168 0)
(0.114881 -1.247 0)
(0.124824 -1.25284 0)
(0.134871 -1.25921 0)
(0.145027 -1.26612 0)
(0.155297 -1.2736 0)
(0.165685 -1.28166 0)
(0.176196 -1.29031 0)
(0.186833 -1.29958 0)
(0.197601 -1.3095 0)
(0.208503 -1.32009 0)
(0.219542 -1.33138 0)
(0.230717 -1.3434 0)
(0.242031 -1.35618 0)
(0.253481 -1.36976 0)
(0.265068 -1.38417 0)
(0.27679 -1.39944 0)
(0.288649 -1.41563 0)
(0.300643 -1.43278 0)
(0.312775 -1.45097 0)
(0.325049 -1.47028 0)
(0.337474 -1.4908 0)
(0.350058 -1.51266 0)
(0.362818 -1.53599 0)
(0.375777 -1.56096 0)
(0.38895 -1.58773 0)
(0.402377 -1.6165 0)
(0.416108 -1.64745 0)
(0.430175 -1.68081 0)
(0.44463 -1.71673 0)
(0.459878 -1.7548 0)
(0.474877 -1.79234 0)
(0.492211 -1.82971 0)
(0.506515 -1.8875 0)
(0.534431 -1.99913 0)
(0.0129517 -1.04852 0)
(0.0224364 -1.30202 0)
(0.0264237 -1.2418 0)
(0.0362877 -1.23006 0)
(0.0441387 -1.23239 0)
(0.0532727 -1.23517 0)
(0.0618669 -1.23808 0)
(0.0706809 -1.24148 0)
(0.0795445 -1.24538 0)
(0.0884683 -1.24979 0)
(0.0974742 -1.25472 0)
(0.106561 -1.26016 0)
(0.115733 -1.26614 0)
(0.124996 -1.27265 0)
(0.134354 -1.27971 0)
(0.14381 -1.28733 0)
(0.153367 -1.29554 0)
(0.163027 -1.30435 0)
(0.172792 -1.31379 0)
(0.182664 -1.32387 0)
(0.192643 -1.33463 0)
(0.202729 -1.34609 0)
(0.21292 -1.35828 0)
(0.223214 -1.37123 0)
(0.233606 -1.38497 0)
(0.244093 -1.39954 0)
(0.254669 -1.41497 0)
(0.265334 -1.43132 0)
(0.276084 -1.44863 0)
(0.28692 -1.46699 0)
(0.297848 -1.48647 0)
(0.308879 -1.50719 0)
(0.320024 -1.52928 0)
(0.331315 -1.55287 0)
(0.342788 -1.57814 0)
(0.354475 -1.60528 0)
(0.366479 -1.6345 0)
(0.37889 -1.66605 0)
(0.39187 -1.70023 0)
(0.405702 -1.73734 0)
(0.421029 -1.77713 0)
(0.437203 -1.81707 0)
(0.459207 -1.85781 0)
(0.479352 -1.92612 0)
(0.527187 -2.04836 0)
(0.0136086 -1.07349 0)
(0.021851 -1.31012 0)
(0.0242979 -1.25114 0)
(0.0338905 -1.24162 0)
(0.0408175 -1.24406 0)
(0.0492264 -1.24682 0)
(0.0570696 -1.24979 0)
(0.0651183 -1.25327 0)
(0.0732201 -1.25727 0)
(0.0813742 -1.26178 0)
(0.0896011 -1.26681 0)
(0.0978995 -1.27236 0)
(0.106273 -1.27845 0)
(0.114724 -1.28508 0)
(0.123257 -1.29226 0)
(0.131871 -1.30002 0)
(0.140568 -1.30835 0)
(0.149347 -1.3173 0)
(0.158209 -1.32686 0)
(0.167153 -1.33708 0)
(0.176176 -1.34796 0)
(0.185275 -1.35955 0)
(0.194444 -1.37186 0)
(0.203676 -1.38492 0)
(0.212963 -1.39877 0)
(0.222297 -1.41343 0)
(0.231669 -1.42896 0)
(0.241072 -1.44539 0)
(0.250501 -1.46279 0)
(0.259953 -1.48124 0)
(0.269431 -1.50084 0)
(0.278947 -1.52169 0)
(0.288511 -1.54394 0)
(0.298165 -1.56776 0)
(0.307945 -1.59333 0)
(0.317909 -1.62087 0)
(0.328195 -1.65066 0)
(0.338912 -1.683 0)
(0.350336 -1.71834 0)
(0.362916 -1.75729 0)
(0.377372 -1.80007 0)
(0.393936 -1.84483 0)
(0.419322 -1.89393 0)
(0.445414 -1.98354 0)
(0.513544 -2.12908 0)
(0.0141736 -1.09883 0)
(0.0211601 -1.31606 0)
(0.0220926 -1.25955 0)
(0.0313922 -1.25225 0)
(0.0373745 -1.25475 0)
(0.0450254 -1.2575 0)
(0.0520989 -1.26054 0)
(0.0593596 -1.2641 0)
(0.0666761 -1.26818 0)
(0.0740388 -1.27278 0)
(0.0814649 -1.2779 0)
(0.0889538 -1.28355 0)
(0.0965068 -1.28974 0)
(0.104126 -1.29647 0)
(0.111811 -1.30376 0)
(0.119563 -1.31161 0)
(0.127378 -1.32005 0)
(0.135255 -1.3291 0)
(0.143193 -1.33876 0)
(0.151186 -1.34907 0)
(0.159229 -1.36004 0)
(0.167315 -1.3717 0)
(0.175434 -1.38408 0)
(0.183573 -1.39719 0)
(0.19172 -1.41108 0)
(0.199859 -1.42577 0)
(0.207978 -1.4413 0)
(0.216061 -1.45773 0)
(0.224097 -1.47513 0)
(0.232075 -1.49357 0)
(0.239993 -1.51316 0)
(0.247849 -1.53404 0)
(0.255655 -1.55636 0)
(0.263441 -1.5803 0)
(0.271236 -1.60611 0)
(0.279109 -1.63402 0)
(0.287187 -1.66436 0)
(0.295575 -1.69756 0)
(0.30456 -1.73415 0)
(0.314521 -1.77503 0)
(0.325913 -1.82101 0)
(0.339695 -1.87103 0)
(0.362631 -1.93047 0)
(0.385621 -2.04829 0)
(0.460521 -2.22205 0)
(0.0145606 -1.12437 0)
(0.020309 -1.31983 0)
(0.0198185 -1.26709 0)
(0.0287814 -1.26193 0)
(0.0338196 -1.26443 0)
(0.0406854 -1.26718 0)
(0.0469781 -1.27029 0)
(0.0534362 -1.27392 0)
(0.0599512 -1.27808 0)
(0.0665079 -1.28276 0)
(0.073119 -1.28796 0)
(0.0797844 -1.29369 0)
(0.0865038 -1.29996 0)
(0.0932772 -1.30678 0)
(0.100103 -1.31415 0)
(0.106979 -1.32208 0)
(0.113901 -1.3306 0)
(0.120865 -1.33972 0)
(0.127867 -1.34945 0)
(0.134898 -1.35981 0)
(0.141951 -1.37082 0)
(0.149013 -1.38251 0)
(0.156067 -1.3949 0)
(0.163099 -1.408 0)
(0.170085 -1.42184 0)
(0.177008 -1.43647 0)
(0.183843 -1.45191 0)
(0.190568 -1.46823 0)
(0.197157 -1.48549 0)
(0.203587 -1.50378 0)
(0.20984 -1.52322 0)
(0.215897 -1.54395 0)
(0.221751 -1.56615 0)
(0.227404 -1.59003 0)
(0.232868 -1.61586 0)
(0.238195 -1.64394 0)
(0.243461 -1.67466 0)
(0.24876 -1.70854 0)
(0.254326 -1.7462 0)
(0.260268 -1.78865 0)
(0.26663 -1.83711 0)
(0.274685 -1.89059 0)
(0.28768 -1.95789 0)
(0.295376 -2.10182 0)
(0.358355 -2.28573 0)
(0.0146872 -1.14981 0)
(0.0192538 -1.32141 0)
(0.0174944 -1.27373 0)
(0.0260471 -1.27052 0)
(0.0301671 -1.27299 0)
(0.0362233 -1.27577 0)
(0.0417322 -1.27894 0)
(0.0473811 -1.28265 0)
(0.0530867 -1.28687 0)
(0.0588306 -1.29162 0)
(0.064621 -1.2969 0)
(0.0704575 -1.3027 0)
(0.0763384 -1.30904 0)
(0.0822618 -1.31592 0)
(0.0882246 -1.32335 0)
(0.0942226 -1.33134 0)
(0.10025 -1.33991 0)
(0.106302 -1.34907 0)
(0.11237 -1.35883 0)
(0.118443 -1.36921 0)
(0.124509 -1.38022 0)
(0.13055 -1.39188 0)
(0.136547 -1.40421 0)
(0.142476 -1.41722 0)
(0.148309 -1.43095 0)
(0.154021 -1.44541 0)
(0.159574 -1.46065 0)
(0.164935 -1.47672 0)
(0.170061 -1.49369 0)
(0.17491 -1.51165 0)
(0.179436 -1.53071 0)
(0.18359 -1.55103 0)
(0.187331 -1.57279 0)
(0.19061 -1.59624 0)
(0.193398 -1.62168 0)
(0.19569 -1.64947 0)
(0.197488 -1.68009 0)
(0.198853 -1.71413 0)
(0.199961 -1.75236 0)
(0.200626 -1.79583 0)
(0.200958 -1.84581 0)
(0.202266 -1.90084 0)
(0.201059 -1.97274 0)
(0.194848 -2.13366 0)
(0.230243 -2.29923 0)
(0.014484 -1.17466 0)
(0.0179733 -1.32085 0)
(0.0151497 -1.27938 0)
(0.0231769 -1.2779 0)
(0.0264338 -1.2803 0)
(0.0316564 -1.28312 0)
(0.0363853 -1.28637 0)
(0.041227 -1.29013 0)
(0.0461234 -1.29443 0)
(0.051056 -1.29924 0)
(0.0560282 -1.30457 0)
(0.0610389 -1.31043 0)
(0.0660853 -1.31682 0)
(0.0711638 -1.32375 0)
(0.07627 -1.33122 0)
(0.0813985 -1.33925 0)
(0.0865422 -1.34785 0)
(0.0916934 -1.35701 0)
(0.0968418 -1.36677 0)
(0.101974 -1.37712 0)
(0.107074 -1.38808 0)
(0.11212 -1.39966 0)
(0.117087 -1.41187 0)
(0.121947 -1.42473 0)
(0.126665 -1.43825 0)
(0.131207 -1.45245 0)
(0.135525 -1.46737 0)
(0.139569 -1.48304 0)
(0.143278 -1.49954 0)
(0.146584 -1.51693 0)
(0.149406 -1.53534 0)
(0.151654 -1.55489 0)
(0.153226 -1.57579 0)
(0.154005 -1.59827 0)
(0.153886 -1.62265 0)
(0.152747 -1.64935 0)
(0.150498 -1.67892 0)
(0.147057 -1.71205 0)
(0.142516 -1.74972 0)
(0.13657 -1.79321 0)
(0.129781 -1.84358 0)
(0.123196 -1.89941 0)
(0.108975 -1.97499 0)
(0.102553 -2.14408 0)
(0.0996627 -2.28535 0)
(0.0139005 -1.19869 0)
(0.0164697 -1.31864 0)
(0.0128176 -1.28431 0)
(0.0201495 -1.28427 0)
(0.0226325 -1.28662 0)
(0.0269984 -1.28948 0)
(0.0309571 -1.2928 0)
(0.0350008 -1.29663 0)
(0.0390958 -1.30098 0)
(0.043225 -1.30584 0)
(0.0473882 -1.31123 0)
(0.051583 -1.31713 0)
(0.0558058 -1.32357 0)
(0.060052 -1.33053 0)
(0.064316 -1.33803 0)
(0.0685915 -1.34608 0)
(0.0728706 -1.35468 0)
(0.0771439 -1.36384 0)
(0.0813993 -1.37357 0)
(0.0856217 -1.38386 0)
(0.0897917 -1.39474 0)
(0.0938857 -1.4062 0)
(0.0978757 -1.41825 0)
(0.101729 -1.43089 0)
(0.105407 -1.44413 0)
(0.108865 -1.45799 0)
(0.112046 -1.47248 0)
(0.114888 -1.48763 0)
(0.117307 -1.50348 0)
(0.119212 -1.52009 0)
(0.12048 -1.53754 0)
(0.120977 -1.55595 0)
(0.120526 -1.57547 0)
(0.118921 -1.59632 0)
(0.115943 -1.61877 0)
(0.111308 -1.64325 0)
(0.10474 -1.67031 0)
(0.0958638 -1.70074 0)
(0.0844119 -1.73564 0)
(0.0703221 -1.77674 0)
(0.054193 -1.82522 0)
(0.0358027 -1.88077 0)
(0.0108281 -1.95939 0)
(0.00788735 -2.13088 0)
(-0.0283575 -2.28222 0)
(0.0128534 -1.22208 0)
(0.014705 -1.31579 0)
(0.0105192 -1.2892 0)
(0.0169271 -1.29029 0)
(0.0187604 -1.29261 0)
(0.0222513 -1.29553 0)
(0.02545 -1.29891 0)
(0.0287078 -1.30281 0)
(0.0320117 -1.30721 0)
(0.0353481 -1.31213 0)
(0.0387137 -1.31756 0)
(0.0421051 -1.32351 0)
(0.045518 -1.32999 0)
(0.0489473 -1.33698 0)
(0.052387 -1.34451 0)
(0.0558302 -1.35257 0)
(0.0592685 -1.36116 0)
(0.062692 -1.3703 0)
(0.066088 -1.37998 0)
(0.0694404 -1.39021 0)
(0.0727293 -1.40099 0)
(0.0759303 -1.4123 0)
(0.0790147 -1.42416 0)
(0.0819483 -1.43656 0)
(0.0846904 -1.44949 0)
(0.0871918 -1.46295 0)
(0.0893902 -1.47695 0)
(0.0912115 -1.49147 0)
(0.0925601 -1.50655 0)
(0.0933198 -1.5222 0)
(0.0933406 -1.53845 0)
(0.0924419 -1.55536 0)
(0.0903805 -1.57302 0)
(0.0868634 -1.59154 0)
(0.0815435 -1.61114 0)
(0.0739447 -1.63208 0)
(0.063487 -1.65484 0)
(0.0494576 -1.68014 0)
(0.0308129 -1.70895 0)
(0.00725637 -1.7427 0)
(-0.0215114 -1.78358 0)
(-0.0592045 -1.83275 0)
(-0.101043 -1.90314 0)
(-0.12881 -2.06096 0)
(-0.223142 -2.26073 0)
(0.0111671 -1.24306 0)
(0.0125326 -1.31144 0)
(0.00827294 -1.2928 0)
(0.0134813 -1.29468 0)
(0.0147982 -1.29702 0)
(0.0174043 -1.29999 0)
(0.0198466 -1.30344 0)
(0.0223296 -1.3074 0)
(0.0248531 -1.31186 0)
(0.0274067 -1.31682 0)
(0.0299858 -1.32229 0)
(0.0325859 -1.32827 0)
(0.0352022 -1.33476 0)
(0.0378297 -1.34177 0)
(0.0404625 -1.3493 0)
(0.0430938 -1.35735 0)
(0.0457159 -1.36593 0)
(0.0483193 -1.37503 0)
(0.0508921 -1.38464 0)
(0.0534192 -1.39478 0)
(0.0558821 -1.40543 0)
(0.0582585 -1.41658 0)
(0.0605217 -1.42823 0)
(0.0626397 -1.44036 0)
(0.0645736 -1.45295 0)
(0.0662752 -1.46598 0)
(0.0676841 -1.47944 0)
(0.0687238 -1.49329 0)
(0.0692968 -1.50752 0)
(0.0692772 -1.5221 0)
(0.0685031 -1.53699 0)
(0.0667672 -1.55217 0)
(0.0637915 -1.56762 0)
(0.059229 -1.58333 0)
(0.0526417 -1.59931 0)
(0.0433629 -1.61561 0)
(0.0305352 -1.63244 0)
(0.0130644 -1.65005 0)
(-0.0102367 -1.66891 0)
(-0.0411642 -1.68977 0)
(-0.0825682 -1.71465 0)
(-0.139515 -1.74482 0)
(-0.210274 -1.78215 0)
(-0.298344 -1.87808 0)
(-0.506174 -2.08038 0)
(0.00873664 -1.2576 0)
(0.00984085 -1.30295 0)
(0.00611573 -1.29179 0)
(0.00984235 -1.29413 0)
(0.0107373 -1.29657 0)
(0.0124766 -1.29961 0)
(0.0141693 -1.30313 0)
(0.0158967 -1.30714 0)
(0.0176591 -1.31164 0)
(0.0194485 -1.31663 0)
(0.0212593 -1.32212 0)
(0.0230864 -1.32811 0)
(0.0249254 -1.33461 0)
(0.0267715 -1.34161 0)
(0.0286199 -1.34912 0)
(0.030465 -1.35714 0)
(0.0323007 -1.36567 0)
(0.0341193 -1.37471 0)
(0.035911 -1.38424 0)
(0.0376635 -1.39427 0)
(0.0393622 -1.40479 0)
(0.0409891 -1.41577 0)
(0.0425229 -1.42721 0)
(0.0439375 -1.43907 0)
(0.0452007 -1.45134 0)
(0.0462716 -1.46397 0)
(0.0470985 -1.47692 0)
(0.0476155 -1.49015 0)
(0.0477376 -1.50358 0)
(0.0473519 -1.51714 0)
(0.0463099 -1.53074 0)
(0.0444151 -1.54424 0)
(0.0414052 -1.55753 0)
(0.0369388 -1.5704 0)
(0.0305824 -1.58265 0)
(0.0215954 -1.59401 0)
(0.00906039 -1.60419 0)
(-0.00817689 -1.61285 0)
(-0.0318161 -1.61955 0)
(-0.0642459 -1.62409 0)
(-0.109064 -1.6263 0)
(-0.171895 -1.62596 0)
(-0.257313 -1.6181 0)
(-0.369412 -1.61015 0)
(-0.581663 -1.67687 0)
(0.00581876 -1.2689 0)
(0.00673025 -1.29529 0)
(0.00397214 -1.29042 0)
(0.00606346 -1.29302 0)
(0.00658049 -1.29563 0)
(0.00753597 -1.29877 0)
(0.00851587 -1.30237 0)
(0.00952859 -1.30644 0)
(0.010568 -1.31098 0)
(0.0116278 -1.316 0)
(0.0127027 -1.32152 0)
(0.0137885 -1.32753 0)
(0.0148816 -1.33404 0)
(0.0159786 -1.34105 0)
(0.0170761 -1.34856 0)
(0.0181705 -1.35657 0)
(0.0192579 -1.36508 0)
(0.0203335 -1.37409 0)
(0.0213909 -1.38359 0)
(0.0224225 -1.39357 0)
(0.0234186 -1.40401 0)
(0.0243676 -1.41489 0)
(0.0252558 -1.4262 0)
(0.0260661 -1.43791 0)
(0.026777 -1.44996 0)
(0.0273611 -1.46233 0)
(0.0277835 -1.47495 0)
(0.0279987 -1.48774 0)
(0.0279475 -1.50061 0)
(0.0275515 -1.51344 0)
(0.0267056 -1.52609 0)
(0.0252688 -1.53834 0)
(0.0230502 -1.54996 0)
(0.0197919 -1.56061 0)
(0.0151802 -1.56986 0)
(0.00866802 -1.57717 0)
(-0.00057259 -1.5817 0)
(-0.0134723 -1.58251 0)
(-0.031431 -1.57823 0)
(-0.0566582 -1.56705 0)
(-0.0923199 -1.5465 0)
(-0.142962 -1.51325 0)
(-0.215578 -1.46232 0)
(-0.315425 -1.38069 0)
(-0.450866 -1.25591 0)
(0.00252607 -1.2832 0)
(0.00293584 -1.29778 0)
(0.0014685 -1.29697 0)
(0.00209502 -1.29971 0)
(0.00226423 -1.30249 0)
(0.00256416 -1.30571 0)
(0.00288568 -1.30937 0)
(0.00322365 -1.31348 0)
(0.00357246 -1.31806 0)
(0.00392911 -1.32312 0)
(0.0042915 -1.32866 0)
(0.0046579 -1.3347 0)
(0.00502672 -1.34123 0)
(0.00539639 -1.34826 0)
(0.00576547 -1.35579 0)
(0.00613262 -1.36383 0)
(0.00649655 -1.37236 0)
(0.00685576 -1.38138 0)
(0.00720834 -1.39088 0)
(0.00755178 -1.40086 0)
(0.00788275 -1.41129 0)
(0.00819708 -1.42216 0)
(0.00848963 -1.43343 0)
(0.00875415 -1.44508 0)
(0.00898294 -1.45705 0)
(0.00916623 -1.46931 0)
(0.00929137 -1.48177 0)
(0.00934176 -1.49435 0)
(0.00929522 -1.50694 0)
(0.00912241 -1.5194 0)
(0.00878386 -1.53155 0)
(0.00822661 -1.54314 0)
(0.00737833 -1.55386 0)
(0.00613696 -1.56329 0)
(0.0043787 -1.57088 0)
(0.00195605 -1.57592 0)
(-0.00153924 -1.57735 0)
(-0.00649182 -1.57364 0)
(-0.0133925 -1.56289 0)
(-0.0232264 -1.54227 0)
(-0.0374004 -1.50768 0)
(-0.0581463 -1.45312 0)
(-0.0890392 -1.36997 0)
(-0.135561 -1.24514 0)
(-0.202624 -1.04497 0)
)
;

boundaryField
{
    leftWall
    {
        type            fixedValue;
        value           uniform (0 0 0);
    }
    rightWall
    {
        type            fixedValue;
        value           nonuniform 0();
    }
    lowerWall
    {
        type            fixedValue;
        value           nonuniform 0();
    }
    atmosphere
    {
        type            pressureInletOutletVelocity;
        value           nonuniform List<vector> 
45
(
(0 -1.2832 0)
(0 -1.29778 0)
(0 -1.29697 0)
(0 -1.29971 0)
(0 -1.30249 0)
(0 -1.30571 0)
(0 -1.30937 0)
(0 -1.31348 0)
(0 -1.31806 0)
(0 -1.32312 0)
(0 -1.32866 0)
(0 -1.3347 0)
(0 -1.34123 0)
(0 -1.34826 0)
(0 -1.35579 0)
(0 -1.36383 0)
(0 -1.37236 0)
(0 -1.38138 0)
(0 -1.39088 0)
(0 -1.40086 0)
(0 -1.41129 0)
(0 -1.42216 0)
(0 -1.43343 0)
(0 -1.44508 0)
(0 -1.45705 0)
(0 -1.46931 0)
(0 -1.48177 0)
(0 -1.49435 0)
(0 -1.50694 0)
(0 -1.5194 0)
(0 -1.53155 0)
(0 -1.54314 0)
(0 -1.55386 0)
(0 -1.56329 0)
(0 -1.57088 0)
(0 -1.57592 0)
(0 -1.57735 0)
(0 -1.57364 0)
(0 -1.56289 0)
(0 -1.54227 0)
(0 -1.50768 0)
(0 -1.45312 0)
(0 -1.36997 0)
(0 -1.24514 0)
(0 -1.04497 0)
)
;
    }
    defaultFaces
    {
        type            empty;
    }
    procBoundary2to0
    {
        type            processor;
        value           nonuniform List<vector> 
46
(
(0.359127 -0.630704 0)
(0.379201 -0.627717 0)
(0.399409 -0.624612 0)
(0.419713 -0.621331 0)
(0.440076 -0.617799 0)
(0.46047 -0.613921 0)
(0.480875 -0.609585 0)
(0.501286 -0.604668 0)
(0.521706 -0.599036 0)
(0.542144 -0.592545 0)
(0.562609 -0.585037 0)
(0.583108 -0.576343 0)
(0.603651 -0.566276 0)
(0.624251 -0.554626 0)
(0.644929 -0.541147 0)
(0.665715 -0.525548 0)
(0.68667 -0.507485 0)
(0.707901 -0.486562 0)
(0.729597 -0.462331 0)
(0.752047 -0.434309 0)
(0.775673 -0.402003 0)
(0.801064 -0.364975 0)
(0.828987 -0.322933 0)
(0.860371 -0.275847 0)
(0.896158 -0.224071 0)
(0.0104599 -0.322819 0)
(0.0298124 -0.736975 0)
(0.0464491 -0.752211 0)
(0.0600564 -0.705433 0)
(0.0751003 -0.684731 0)
(0.0911134 -0.681261 0)
(0.1074 -0.681424 0)
(0.12383 -0.680866 0)
(0.140454 -0.679443 0)
(0.157326 -0.677631 0)
(0.174477 -0.675659 0)
(0.191922 -0.673582 0)
(0.209666 -0.671406 0)
(0.227718 -0.66914 0)
(0.246079 -0.666797 0)
(0.26475 -0.664392 0)
(0.283723 -0.661934 0)
(0.30299 -0.659428 0)
(0.322535 -0.656872 0)
(0.342338 -0.654257 0)
(0.342338 -0.654257 0)
)
;
    }
    procBoundary2to3
    {
        type            processor;
        value           nonuniform List<vector> 
43
(
(0.994642 -0.215344 0)
(1.04794 -0.265534 0)
(1.09791 -0.319227 0)
(1.14491 -0.37679 0)
(1.18902 -0.4387 0)
(1.23002 -0.505517 0)
(1.26742 -0.577819 0)
(1.30036 -0.656145 0)
(1.32757 -0.740913 0)
(1.34733 -0.832296 0)
(1.35742 -0.930049 0)
(1.35506 -1.03315 0)
(1.33679 -1.13905 0)
(1.29907 -1.24278 0)
(1.24029 -1.33675 0)
(1.16366 -1.41131 0)
(1.07949 -1.45695 0)
(1.00501 -1.47073 0)
(0.958781 -1.46436 0)
(0.948168 -1.46202 0)
(0.962679 -1.48552 0)
(0.982631 -1.54283 0)
(0.989674 -1.62872 0)
(0.972536 -1.72997 0)
(0.928649 -1.83098 0)
(0.861981 -1.91805 0)
(0.780888 -1.98174 0)
(0.696378 -2.01744 0)
(0.621378 -2.02515 0)
(0.56954 -2.01177 0)
(0.550485 -1.99408 0)
(0.557479 -1.99443 0)
(0.554223 -2.01945 0)
(0.485105 -2.0343 0)
(0.323951 -1.9848 0)
(0.128484 -1.87036 0)
(0.00131264 -1.75826 0)
(-0.0565221 -1.75368 0)
(-0.306478 -1.91523 0)
(-0.748551 -1.90751 0)
(-0.982664 -1.72637 0)
(-0.723161 -1.13938 0)
(-0.295234 -0.699177 0)
)
;
    }
}


// ************************************************************************* //
