/*--------------------------------*- C++ -*----------------------------------*\
| =========                 |                                                 |
| \\      /  F ield         | OpenFOAM: The Open Source CFD Toolbox           |
|  \\    /   O peration     | Version:  3.0.1                                 |
|   \\  /    A nd           | Web:      www.OpenFOAM.org                      |
|    \\/     M anipulation  |                                                 |
\*---------------------------------------------------------------------------*/
FoamFile
{
    version     2.0;
    format      ascii;
    class       volScalarField;
    location    "0.4";
    object      p;
}
// * * * * * * * * * * * * * * * * * * * * * * * * * * * * * * * * * * * * * //

dimensions      [1 -1 -2 0 0 0 0];

internalField   nonuniform List<scalar> 
1935
(
859.445
859.988
862.511
866.23
868.157
867.876
865.529
862.099
858.553
855.457
853.033
851.31
850.24
849.759
849.816
850.377
851.429
852.975
855.036
857.65
860.865
864.741
869.344
874.744
881.018
888.252
896.573
906.073
916.732
928.556
941.603
955.919
971.405
987.693
1003.98
1018.86
1030.33
1036.76
1038.7
1040.12
1039.64
1027.58
996.497
992.561
811.364
811.702
814.121
818.317
820.012
819.644
817.301
813.955
810.539
807.582
805.285
803.662
802.662
802.222
802.298
802.86
803.901
805.431
807.474
810.068
813.265
817.123
821.708
827.089
833.333
840.499
848.597
857.638
867.876
879.273
891.886
905.715
920.696
936.625
953.02
968.66
981.72
989.711
993.653
998.349
1002.06
980.947
931.536
912.585
762.134
762.463
765.034
768.996
770.722
770.285
767.981
764.815
761.654
758.966
756.906
755.468
754.594
754.227
754.332
754.894
755.915
757.414
759.42
761.977
765.138
768.963
773.515
778.861
785.065
792.187
800.286
809.457
819.586
830.823
843.09
856.276
870.227
884.682
899.174
913.197
926.031
936.564
944.57
951.298
953.263
927.874
869.465
844.045
711.869
712.205
714.935
718.676
720.391
719.904
717.706
714.82
712.029
709.712
707.971
706.773
706.058
705.78
705.918
706.473
707.462
708.913
710.868
713.372
716.483
720.259
724.766
730.066
736.221
743.287
751.309
760.304
770.311
781.315
793.261
806.021
819.384
833.014
846.449
859.197
870.821
880.98
889.49
895.499
894.323
872.963
827.642
809.581
660.671
661.016
663.879
667.442
669.133
668.648
666.645
664.139
661.804
659.925
658.544
657.608
657.06
656.869
657.032
657.569
658.512
659.904
661.792
664.231
667.278
670.995
675.444
680.687
686.783
693.781
701.719
710.621
720.494
731.306
742.983
755.382
768.284
781.375
794.238
806.371
817.256
826.468
833.664
837.976
836.465
823.614
799.429
793.498
608.616
608.952
611.946
615.382
617.083
616.689
614.987
612.945
611.118
609.697
608.676
607.992
607.597
607.477
607.651
608.155
609.041
610.361
612.173
614.535
617.508
621.154
625.536
630.712
636.739
643.664
651.519
660.321
670.063
680.7
692.144
704.244
716.781
729.457
741.893
753.639
764.2
773.083
779.842
784.038
784.783
780.842
774.095
781.423
555.806
556.096
559.232
562.599
564.39
564.205
562.905
561.381
560.07
559.084
558.389
557.922
557.648
557.574
557.739
558.199
559.016
560.256
561.983
564.26
567.15
570.716
575.02
580.121
586.071
592.916
600.686
609.392
619.016
629.508
640.767
652.64
664.907
677.283
689.42
700.919
711.358
720.328
727.486
732.692
736.04
738.391
742.693
759.551
502.395
502.548
505.861
509.217
511.202
511.353
510.539
509.546
508.713
508.105
507.675
507.373
507.181
507.126
507.264
507.666
508.408
509.562
511.199
513.385
516.184
519.66
523.875
528.889
534.755
541.515
549.199
557.815
567.341
577.721
588.85
600.572
612.672
624.877
636.863
648.273
658.748
667.97
675.711
681.971
687.142
692.675
701.651
721.11
448.598
448.436
452.001
455.376
457.638
458.247
457.976
457.486
457.058
456.742
456.505
456.309
456.159
456.096
456.191
456.528
457.189
458.255
459.798
461.886
464.585
467.96
472.076
476.991
482.761
489.43
497.027
505.56
515.006
525.311
536.367
548.016
560.05
572.206
584.18
595.646
606.287
615.834
624.117
631.171
637.365
643.868
652.909
668.674
394.722
393.855
397.804
401.183
403.808
404.983
405.272
405.211
405.079
404.958
404.834
404.691
404.544
404.451
404.492
404.758
405.338
406.313
407.757
409.741
412.331
415.592
419.593
424.395
430.056
436.625
444.132
452.589
461.978
472.24
483.275
494.929
506.995
519.22
531.31
542.959
553.873
563.8
572.572
580.173
586.795
592.969
599.69
607.72
340.738
338.587
342.364
346.097
349.384
351.246
352.015
352.241
352.269
352.236
352.154
352.015
351.844
351.704
351.682
351.872
352.366
353.247
354.587
356.455
358.919
362.048
365.913
370.582
376.117
382.571
389.982
398.368
407.717
417.974
429.043
440.773
452.969
465.382
477.72
489.678
500.974
511.348
520.59
528.569
535.232
540.379
543.851
541.541
287.113
282.335
285.206
289.484
294.012
296.861
297.957
298.236
298.267
298.228
298.129
297.958
297.741
297.541
297.448
297.556
297.959
298.735
299.958
301.693
304.01
306.98
310.682
315.193
320.581
326.905
334.207
342.516
351.838
362.134
373.308
385.207
397.633
410.348
423.059
435.469
447.29
458.226
467.999
476.34
482.96
487.061
487.787
479.066
235.163
226.527
226.671
231.189
237.689
242.026
243.302
243.322
243.173
243.041
242.877
242.647
242.367
242.1
241.928
241.948
242.251
242.913
244.002
245.58
247.715
250.484
253.979
258.288
263.493
269.663
276.854
285.102
294.417
304.764
316.082
328.273
341.126
354.33
367.555
380.538
393.015
404.642
415.078
423.958
430.841
434.727
434.646
426.606
186.627
173.578
168.914
173.015
181.919
187.506
188.394
187.749
187.214
186.887
186.608
186.296
185.949
185.615
185.369
185.304
185.51
186.061
187.016
188.426
190.348
192.868
196.092
200.115
205.022
210.899
217.835
225.935
235.27
245.773
257.229
269.591
282.883
296.77
310.785
324.651
338.09
350.681
362.036
371.773
379.425
384.148
385.1
380.626
143.658
127.357
116.406
118.226
127.616
133.37
132.796
131.114
130.214
129.725
129.335
128.948
128.55
128.159
127.837
127.684
127.799
128.254
129.107
130.391
132.143
134.456
137.48
141.309
146.009
151.621
158.184
165.784
174.676
185.13
196.989
209.978
223.93
238.422
253.108
267.892
282.427
296.159
308.733
319.776
328.792
335.132
338.076
337.002
107.298
91.1037
71.469
63.582
66.5852
74.6277
73.5149
70.9118
69.9477
69.6459
69.29
68.838
68.3643
67.8656
67.368
67.0126
66.9232
67.1675
67.8219
68.9058
70.401
72.4112
75.2272
78.9807
83.8188
89.8495
97.0563
105.217
114.032
123.914
134.687
147.423
162.112
177.433
193.159
209.564
225.957
241.328
255.451
268.102
278.857
287.25
292.705
294.956
76.3987
60.8315
32.1295
14.656
12.4797
20.593
20.8229
18.9777
18.3821
18.4317
18.3006
18
17.6624
17.2946
16.8593
16.5186
16.3181
16.2426
16.3142
16.5283
16.8615
17.4632
18.6497
20.3457
22.7029
25.9608
30.5078
37.1157
46.7123
58.8466
71.9217
87.1714
103.68
119.061
134.363
150.976
168.312
185.317
201.687
216.681
229.694
240.488
248.778
254.562
49.5391
30.012
6.19574
1.64825
1.57624
2.12419
2.09468
1.78655
1.68136
1.66097
1.63873
1.60815
1.56598
1.51091
1.39999
1.30438
1.26019
1.25059
1.25171
1.19753
1.02887
1.00293
1.25084
1.62492
2.14153
2.85294
3.83156
5.20451
7.16519
9.98085
15.0952
23.0164
37.538
54.8481
74.1341
94.8377
113.119
130.353
147.819
164.815
180.467
194.255
205.802
215.255
27.5205
5.12389
1.17916
1.1711
1.28285
1.26106
1.2775
1.29435
1.30735
1.31771
1.32862
1.33798
1.34103
1.33134
1.29993
1.25614
1.2213
1.19644
1.17053
1.12223
1.04252
0.979104
0.971832
0.991432
1.02149
1.05087
1.07462
1.11361
1.19839
1.33137
1.44172
1.90115
4.06746
7.82112
16.2587
34.1742
55.1505
77.3575
97.6459
115.567
132.673
148.798
163.395
176.324
2.64132
1.17742
1.14168
1.1865
1.2037
1.19495
1.2067
1.2198
1.23072
1.23947
1.24682
1.25135
1.25004
1.23928
1.21648
1.18625
1.15723
1.1307
1.10151
1.06171
1.0118
0.971805
0.957866
0.961868
0.976137
0.992907
1.00334
1.02961
1.10937
1.22199
1.28927
1.28646
1.28921
1.32902
1.65695
4.15688
10.0211
23.3279
43.363
65.8084
86.7854
104.948
121.881
137.656
1.08829
1.07251
1.0916
1.11312
1.12852
1.12794
1.13579
1.14479
1.1531
1.15973
1.16441
1.16603
1.16275
1.15275
1.13532
1.11281
1.08902
1.065
1.03886
1.00827
0.975411
0.949367
0.937293
0.937619
0.946547
0.957907
0.962387
0.969284
1.02834
1.11356
1.15591
1.16797
1.19903
1.23768
1.25073
1.27131
1.40172
2.2909
7.49218
19.407
38.5059
61.014
81.2623
99.3518
116.715
1.0271
1.02582
1.03014
1.04261
1.05324
1.05692
1.06319
1.06982
1.07603
1.08082
1.08367
1.08371
1.07985
1.07114
1.05747
1.04009
1.02085
1.0006
0.979043
0.956041
0.933618
0.916094
0.906752
0.905741
0.91156
0.919473
0.920128
0.925708
0.961534
1.02372
1.06723
1.08759
1.10464
1.13356
1.16243
1.19422
1.2211
1.21104
1.31339
1.86693
7.17606
20.905
40.1959
61.376
80.6917
0.962077
0.958356
0.964717
0.972335
0.979582
0.984106
0.989369
0.994507
0.999171
1.00258
1.00423
1.00349
0.999672
0.992308
0.981448
0.967822
0.952476
0.936133
0.919126
0.902033
0.886398
0.874395
0.867488
0.866048
0.869816
0.875365
0.879013
0.887275
0.912686
0.953235
0.986842
1.01179
1.0364
1.0624
1.0872
1.10614
1.13573
1.14105
1.15575
1.16769
1.29182
2.4352
10.5082
25.5993
44.7561
0.893556
0.890822
0.895461
0.900329
0.905958
0.910204
0.914708
0.918781
0.922349
0.924803
0.925735
0.924692
0.921255
0.915189
0.906594
0.895943
0.883915
0.871134
0.85813
0.845602
0.834656
0.826472
0.821707
0.820711
0.823741
0.82946
0.836278
0.847323
0.869077
0.899559
0.92912
0.955583
0.981178
1.00588
1.0279
1.04186
1.05362
1.06105
1.08788
1.12344
1.14794
1.14664
1.40394
4.44042
15.7349
0.821368
0.81907
0.823239
0.827046
0.831684
0.835464
0.839361
0.842643
0.845491
0.847353
0.847926
0.846902
0.844026
0.839191
0.832507
0.824321
0.815125
0.805451
0.795829
0.786883
0.779391
0.774054
0.771184
0.770966
0.773942
0.779791
0.78815
0.800299
0.819311
0.84451
0.871433
0.897493
0.922659
0.946688
0.968907
0.988021
1.00592
1.02057
1.04637
1.07286
1.10242
1.12826
1.15086
1.12072
1.63158
0.745959
0.744265
0.748842
0.752296
0.756482
0.759885
0.763308
0.766151
0.76852
0.770055
0.770523
0.769717
0.767487
0.763797
0.75876
0.75265
0.745851
0.738805
0.731978
0.725874
0.721038
0.717926
0.716734
0.717528
0.720782
0.726968
0.736047
0.748684
0.766073
0.787924
0.812122
0.836663
0.860797
0.884152
0.906274
0.926529
0.945401
0.963328
0.987162
1.01875
1.04872
1.06817
1.10393
1.13788
1.17234
0.668186
0.667233
0.672591
0.676198
0.680276
0.683476
0.68662
0.689209
0.691321
0.69273
0.693266
0.692797
0.691242
0.688605
0.685
0.680651
0.675869
0.671016
0.666478
0.662649
0.659919
0.658609
0.658893
0.66087
0.66483
0.6714
0.680862
0.693531
0.709736
0.729376
0.751369
0.774335
0.797456
0.820283
0.842463
0.863874
0.884693
0.905342
0.926434
0.950546
0.978271
1.00581
1.04438
1.07404
1.11412
0.588345
0.588287
0.594838
0.598939
0.603144
0.606283
0.609307
0.611785
0.613802
0.615227
0.615946
0.61588
0.614993
0.613317
0.610961
0.608113
0.605027
0.601997
0.599335
0.59735
0.596331
0.596524
0.598097
0.601199
0.606094
0.6132
0.622873
0.635276
0.650571
0.668668
0.688963
0.71055
0.732727
0.75507
0.777274
0.799343
0.82153
0.84417
0.867972
0.89423
0.922108
0.950419
0.981983
1.01422
1.0574
0.507748
0.508165
0.516081
0.520789
0.525247
0.528403
0.531362
0.533845
0.535884
0.537421
0.538392
0.538756
0.538512
0.537704
0.536437
0.53487
0.533211
0.531699
0.530583
0.530109
0.530504
0.531965
0.534654
0.538735
0.544434
0.552064
0.561902
0.5741
0.588737
0.605744
0.624765
0.645221
0.666578
0.688471
0.710674
0.733125
0.75608
0.779941
0.80504
0.831991
0.861045
0.891794
0.925103
0.961627
1.00382
0.427142
0.427829
0.436884
0.442047
0.446706
0.44989
0.452834
0.455365
0.457492
0.459197
0.460453
0.461251
0.461608
0.461579
0.46126
0.460787
0.460333
0.460089
0.460258
0.461037
0.462611
0.465145
0.468794
0.473713
0.480097
0.488183
0.498188
0.510249
0.524421
0.540654
0.558728
0.578273
0.598906
0.620341
0.642406
0.665066
0.688455
0.712894
0.738797
0.766552
0.796343
0.828113
0.86249
0.900541
0.943172
0.34758
0.34814
0.357803
0.362975
0.367574
0.37084
0.373743
0.376314
0.37855
0.380445
0.381996
0.383212
0.384123
0.384786
0.385291
0.385754
0.386319
0.387141
0.388385
0.390212
0.392777
0.396224
0.400691
0.406326
0.413292
0.421776
0.43195
0.443931
0.45777
0.473437
0.490792
0.509598
0.529586
0.550539
0.572325
0.594915
0.618406
0.643009
0.668987
0.696589
0.726005
0.757452
0.791573
0.828903
0.869542
0.269628
0.26935
0.279085
0.283744
0.287923
0.291182
0.294042
0.296638
0.29898
0.301065
0.302901
0.304506
0.305918
0.307193
0.308413
0.309678
0.311106
0.312827
0.314976
0.317687
0.321091
0.325314
0.330481
0.336724
0.344184
0.353012
0.363346
0.375286
0.388881
0.404116
0.420903
0.439085
0.458477
0.478917
0.500298
0.52259
0.545843
0.570184
0.595775
0.622781
0.651341
0.681587
0.713706
0.747753
0.784291
0.192421
0.191888
0.199574
0.204209
0.207795
0.210874
0.213668
0.216272
0.218704
0.220964
0.223062
0.225021
0.226879
0.228691
0.230529
0.232479
0.234642
0.237123
0.240037
0.243495
0.24761
0.252493
0.258256
0.265015
0.272892
0.282012
0.292489
0.304406
0.31781
0.332698
0.349012
0.366649
0.385478
0.405377
0.426255
0.448071
0.470833
0.494595
0.51943
0.545407
0.572561
0.600888
0.630318
0.66063
0.691441
0.114454
0.114513
0.119625
0.123875
0.127021
0.129856
0.132552
0.135147
0.137651
0.140063
0.142393
0.144665
0.146915
0.149194
0.151564
0.154099
0.156884
0.160008
0.163567
0.167657
0.172374
0.177816
0.184083
0.191276
0.199502
0.208865
0.219459
0.231357
0.244599
0.259189
0.275091
0.292234
0.310522
0.329859
0.350164
0.37138
0.39348
0.416455
0.440298
0.464983
0.490434
0.5165
0.542904
0.569128
0.594202
0.0353384
0.0359178
0.039092
0.0426862
0.0454601
0.0480506
0.0506279
0.0531968
0.0557519
0.0582905
0.0608207
0.0633635
0.0659525
0.0686316
0.0714555
0.0744874
0.0777983
0.0814649
0.0855672
0.0901878
0.0954109
0.101322
0.10801
0.115565
0.124077
0.133635
0.144317
0.156185
0.169277
0.183598
0.199127
0.215811
0.233576
0.252343
0.272034
0.29258
0.313922
0.336003
0.358749
0.382052
0.405739
0.429531
0.452985
0.475378
0.495497
-0.0450853
-0.0442771
-0.0422923
-0.0394249
-0.0369991
-0.0346324
-0.0321783
-0.0296482
-0.0270592
-0.0244184
-0.0217206
-0.0189478
-0.0160713
-0.0130526
-0.00984539
-0.00639563
-0.00264322
0.00147677
0.00603279
0.0110961
0.0167402
0.0230408
0.0300755
0.0379233
0.0466626
0.0563681
0.0671063
0.0789297
0.0918708
0.105939
0.121118
0.137367
0.154628
0.17283
0.191896
0.211748
0.232305
0.253472
0.275131
0.297115
0.319182
0.340973
0.36195
0.381299
0.397761
-0.126928
-0.126066
-0.124809
-0.122564
-0.120455
-0.118283
-0.115945
-0.113459
-0.11085
-0.108129
-0.105294
-0.10233
-0.0992134
-0.0959114
-0.0923846
-0.0885874
-0.0844688
-0.0799737
-0.0750433
-0.0696159
-0.0636271
-0.0570102
-0.0496969
-0.0416183
-0.032707
-0.0228994
-0.0121391
-0.000381363
0.0124027
0.0262227
0.041067
0.0569028
0.0736795
0.0913324
0.109787
0.128961
0.148758
0.169065
0.189735
0.210573
0.231304
0.251547
0.270752
0.28813
0.302546
-0.210258
-0.209394
-0.208619
-0.206843
-0.204997
-0.202989
-0.200751
-0.19831
-0.195691
-0.192909
-0.189963
-0.186844
-0.18353
-0.179996
-0.176207
-0.172126
-0.167708
-0.162908
-0.157674
-0.151953
-0.145688
-0.138821
-0.131292
-0.123041
-0.11401
-0.104144
-0.0933963
-0.0817274
-0.0691119
-0.0555402
-0.0410212
-0.0255821
-0.0092673
0.00786415
0.0257417
0.0442815
0.0633852
0.0829326
0.102771
0.122702
0.142459
0.161682
0.17988
0.196383
0.210291
-0.295112
-0.294275
-0.293798
-0.292356
-0.290711
-0.288832
-0.286677
-0.284275
-0.281653
-0.278825
-0.275793
-0.27255
-0.269079
-0.265358
-0.26136
-0.25705
-0.252394
-0.247351
-0.241877
-0.235926
-0.229448
-0.222392
-0.214705
-0.206335
-0.197233
-0.187352
-0.176651
-0.165096
-0.152663
-0.139344
-0.125145
-0.110087
-0.0942113
-0.0775682
-0.060223
-0.0422537
-0.0237538
-0.00483666
0.0143569
0.0336472
0.0528037
0.0715257
0.0894255
0.106003
0.120634
-0.381512
-0.380714
-0.380393
-0.379172
-0.377671
-0.375887
-0.373797
-0.371428
-0.368807
-0.365945
-0.362848
-0.35951
-0.355917
-0.352051
-0.347889
-0.343403
-0.338562
-0.333332
-0.327675
-0.321551
-0.314917
-0.307727
-0.299937
-0.2915
-0.282374
-0.272519
-0.261898
-0.250481
-0.238248
-0.225188
-0.211306
-0.19662
-0.181161
-0.164972
-0.14811
-0.130641
-0.112647
-0.0942239
-0.0754885
-0.0565844
-0.0376883
-0.0190193
-0.000841761
0.0165272
0.0327335
-0.469463
-0.468702
-0.468431
-0.467346
-0.465939
-0.464221
-0.462178
-0.459837
-0.457218
-0.454335
-0.451191
-0.447782
-0.444099
-0.440125
-0.435841
-0.431224
-0.426247
-0.420882
-0.415094
-0.40885
-0.402111
-0.39484
-0.386997
-0.378541
-0.369436
-0.359645
-0.349137
-0.337885
-0.325869
-0.313079
-0.299518
-0.285195
-0.270135
-0.254371
-0.237946
-0.220913
-0.203334
-0.185281
-0.166839
-0.148107
-0.129198
-0.110241
-0.0913783
-0.0727555
-0.0544984
-0.558932
-0.558216
-0.557931
-0.556918
-0.555568
-0.553891
-0.551881
-0.549561
-0.546948
-0.544053
-0.540879
-0.537423
-0.533677
-0.529629
-0.525261
-0.520554
-0.515486
-0.510032
-0.504161
-0.497844
-0.49105
-0.483747
-0.475899
-0.46747
-0.458428
-0.44874
-0.438376
-0.427314
-0.415536
-0.40303
-0.389795
-0.375835
-0.361165
-0.345804
-0.329782
-0.313133
-0.295897
-0.27812
-0.259849
-0.241134
-0.222025
-0.202564
-0.182783
-0.162683
-0.14221
-0.649929
-0.64925
-0.648909
-0.647926
-0.646604
-0.64495
-0.642963
-0.640661
-0.638057
-0.635159
-0.63197
-0.628488
-0.624705
-0.620613
-0.616195
-0.611437
-0.606318
-0.600817
-0.594908
-0.588566
-0.581764
-0.574474
-0.566663
-0.558302
-0.549361
-0.539813
-0.529628
-0.518785
-0.507265
-0.495059
-0.48216
-0.468568
-0.454286
-0.439321
-0.423684
-0.40739
-0.390457
-0.372901
-0.354733
-0.335954
-0.316552
-0.296497
-0.275725
-0.254127
-0.231521
-0.74245
-0.741801
-0.741386
-0.740405
-0.73909
-0.737447
-0.735476
-0.73319
-0.7306
-0.727709
-0.72452
-0.721031
-0.717236
-0.713126
-0.708689
-0.703913
-0.698781
-0.693274
-0.68737
-0.681048
)
;

boundaryField
{
    leftWall
    {
        type            calculated;
        value           nonuniform List<scalar> 
44
(
859.445
811.364
762.134
711.869
660.671
608.616
555.806
502.395
448.598
394.722
340.738
287.113
235.163
186.627
143.658
107.298
76.3987
49.5391
27.5205
2.64132
1.08829
1.0271
0.962077
0.893556
0.821368
0.745959
0.668186
0.588345
0.507748
0.427142
0.34758
0.269628
0.192421
0.114454
0.0353384
-0.0450853
-0.126928
-0.210258
-0.295112
-0.381512
-0.469463
-0.558932
-0.649929
-0.74245
)
;
    }
    rightWall
    {
        type            calculated;
        value           nonuniform 0();
    }
    lowerWall
    {
        type            calculated;
        value           nonuniform List<scalar> 
44
(
882.988
883.531
886.055
889.773
891.7
891.419
889.072
885.643
882.097
879
876.576
874.854
873.784
873.303
873.36
873.921
874.972
876.518
878.58
881.194
884.409
888.285
892.888
898.288
904.562
911.796
920.116
929.617
940.275
952.099
965.147
979.462
994.949
1011.24
1027.52
1042.4
1053.88
1060.3
1061.32
1061.34
1061.43
1050.96
1019.88
1015.48
)
;
    }
    atmosphere
    {
        type            calculated;
        value           nonuniform 0();
    }
    defaultFaces
    {
        type            empty;
    }
    procBoundary0to1
    {
        type            processor;
        value           nonuniform List<scalar> 
44
(
1026.12
943.7
867.459
828.33
816.837
810.82
793.943
754.108
693.529
619.52
532.619
458.961
408.878
368.438
330.071
293.187
257.744
222.903
187.879
152.439
152.439
133.677
99.3787
64.6029
30.7037
7.49533
1.22842
1.1639
1.10742
1.05187
0.990978
0.914278
0.82276
0.721714
0.616416
0.51127
0.409313
0.312285
0.220339
0.132504
0.0473644
-0.0367142
-0.121274
-0.207703
)
;
    }
    procBoundary0to2
    {
        type            processor;
        value           nonuniform List<scalar> 
46
(
-0.674276
-0.667046
-0.659319
-0.651067
-0.642263
-0.632883
-0.622906
-0.612311
-0.601081
-0.589199
-0.576656
-0.563443
-0.549555
-0.534987
-0.519736
-0.503797
-0.487162
-0.469817
-0.451738
-0.432884
-0.413193
-0.39257
-0.370881
-0.347938
-0.323486
-0.83648
-0.835857
-0.835364
-0.83437
-0.833052
-0.831414
-0.829455
-0.827188
-0.824617
-0.821744
-0.81857
-0.815094
-0.81131
-0.807211
-0.802786
-0.798024
-0.792911
-0.787431
-0.781566
-0.674276
-0.775298
)
;
    }
}


// ************************************************************************* //
