/*--------------------------------*- C++ -*----------------------------------*\
| =========                 |                                                 |
| \\      /  F ield         | OpenFOAM: The Open Source CFD Toolbox           |
|  \\    /   O peration     | Version:  3.0.1                                 |
|   \\  /    A nd           | Web:      www.OpenFOAM.org                      |
|    \\/     M anipulation  |                                                 |
\*---------------------------------------------------------------------------*/
FoamFile
{
    version     2.0;
    format      ascii;
    class       volScalarField;
    location    "0.4";
    object      p_rgh;
}
// * * * * * * * * * * * * * * * * * * * * * * * * * * * * * * * * * * * * * //

dimensions      [1 -1 -2 0 0 0 0];

internalField   nonuniform List<scalar> 
1935
(
882.988
883.531
886.055
889.773
891.7
891.419
889.072
885.643
882.097
879
876.576
874.854
873.784
873.303
873.36
873.921
874.972
876.518
878.58
881.194
884.409
888.285
892.888
898.288
904.562
911.796
920.116
929.617
940.275
952.099
965.147
979.462
994.949
1011.24
1027.52
1042.4
1053.88
1060.3
1061.32
1061.34
1061.43
1050.96
1019.88
1015.48
881.995
882.332
884.751
888.947
890.643
890.275
887.931
884.586
881.169
878.213
875.915
874.293
873.292
872.853
872.928
873.49
874.532
876.062
878.104
880.699
883.895
887.753
892.338
897.719
903.964
911.13
919.228
928.269
938.507
949.903
962.516
976.345
991.326
1007.26
1023.65
1039.29
1052.35
1060.34
1064.14
1067.72
1067.45
1051.09
996.677
973.677
879.852
880.18
882.752
886.713
888.439
888.002
885.699
882.532
879.371
876.683
874.623
873.186
872.311
871.944
872.05
872.612
873.633
875.131
877.137
879.695
882.856
886.68
891.232
896.579
902.783
909.904
918.004
927.174
937.304
948.541
960.807
973.993
987.944
1002.4
1016.89
1030.91
1043.75
1054.28
1062.29
1069.02
1064.73
1038.19
977.223
945.864
876.673
877.01
879.739
883.48
885.195
884.708
882.511
879.624
876.833
874.517
872.776
871.578
870.863
870.584
870.722
871.277
872.266
873.718
875.672
878.177
881.287
885.064
889.57
894.871
901.026
908.091
916.113
925.109
935.115
946.12
958.065
970.826
984.188
997.818
1011.25
1024
1035.63
1045.78
1054.29
1060.3
1058.8
1036.34
980.195
952.129
872.562
872.908
875.77
879.334
881.024
880.539
878.536
876.03
873.696
871.816
870.435
869.5
868.952
868.761
868.924
869.46
870.404
871.795
873.684
876.122
879.169
882.886
887.335
892.579
898.674
905.672
913.611
922.512
932.386
943.198
954.874
967.273
980.175
993.267
1006.13
1018.26
1029.15
1038.36
1045.56
1049.87
1048.36
1035.5
1008.46
991.046
867.594
867.93
870.924
874.361
876.062
875.667
873.965
871.923
870.097
868.675
867.654
866.971
866.576
866.456
866.629
867.134
868.019
869.34
871.151
873.513
876.486
880.133
884.514
889.691
895.718
902.642
910.497
919.299
929.041
939.678
951.122
963.223
975.759
988.435
1000.87
1012.62
1023.18
1032.06
1038.82
1043.02
1043.76
1039.82
1033.07
1039.95
861.871
862.161
865.297
868.664
870.455
870.27
868.971
867.446
866.135
865.15
864.455
863.987
863.713
863.64
863.805
864.264
865.082
866.322
868.049
870.326
873.216
876.782
881.085
886.186
892.137
898.982
906.752
915.457
925.082
935.573
946.832
958.705
970.972
983.349
995.485
1006.98
1017.42
1026.39
1033.55
1038.76
1042.11
1044.46
1048.76
1065.62
855.547
855.701
859.013
862.369
864.354
864.506
863.691
862.698
861.866
861.257
860.828
860.525
860.333
860.278
860.416
860.819
861.56
862.715
864.351
866.537
869.336
872.812
877.028
882.041
887.907
894.668
902.352
910.967
920.493
930.873
942.003
953.725
965.825
978.03
990.015
1001.43
1011.9
1021.12
1028.86
1035.12
1040.29
1045.83
1054.8
1074.26
848.837
848.675
852.24
855.615
857.877
858.487
858.215
857.725
857.297
856.982
856.744
856.549
856.398
856.335
856.43
856.767
857.429
858.494
860.037
862.125
864.824
868.2
872.315
877.23
883
889.669
897.266
905.799
915.245
925.551
936.606
948.256
960.289
972.445
984.419
995.886
1006.53
1016.07
1024.36
1031.41
1037.6
1044.11
1053.15
1068.91
842.048
841.181
845.13
848.509
851.134
852.309
852.598
852.538
852.406
852.284
852.161
852.017
851.871
851.778
851.819
852.084
852.664
853.639
855.084
857.068
859.657
862.919
866.919
871.721
877.383
883.951
891.458
899.915
909.304
919.566
930.602
942.256
954.322
966.546
978.637
990.286
1001.2
1011.13
1019.9
1027.5
1034.12
1040.3
1047.02
1055.05
835.573
833.422
837.199
840.933
844.22
846.081
846.851
847.076
847.104
847.071
846.989
846.85
846.679
846.539
846.517
846.708
847.202
848.082
849.422
851.29
853.754
856.883
860.748
865.417
870.952
877.406
884.817
893.203
902.552
912.809
923.878
935.608
947.804
960.218
972.555
984.514
995.81
1006.18
1015.43
1023.4
1030.07
1035.21
1038.69
1036.38
830.102
825.324
828.195
832.473
837.001
839.85
840.946
841.225
841.256
841.217
841.118
840.947
840.73
840.53
840.437
840.545
840.947
841.724
842.947
844.682
846.998
849.969
853.671
858.182
863.57
869.894
877.196
885.505
894.827
905.123
916.297
928.196
940.622
953.336
966.048
978.458
990.279
1001.21
1010.99
1019.33
1025.95
1030.05
1030.78
1022.05
826.752
818.116
818.261
822.778
829.279
833.616
834.891
834.912
834.762
834.63
834.467
834.236
833.957
833.689
833.517
833.538
833.84
834.502
835.591
837.17
839.304
842.074
845.569
849.878
855.082
861.253
868.444
876.691
886.006
896.353
907.671
919.862
932.715
945.92
959.144
972.128
984.604
996.231
1006.67
1015.55
1022.43
1026.32
1026.24
1018.2
827.269
814.219
809.555
813.655
822.558
828.147
829.035
828.39
827.855
827.528
827.249
826.937
826.59
826.256
826.01
825.945
826.152
826.703
827.657
829.067
830.989
833.509
836.734
840.756
845.663
851.54
858.476
866.576
875.911
886.414
897.87
910.233
923.524
937.411
951.426
965.292
978.731
991.322
1002.68
1012.41
1020.07
1024.79
1025.74
1021.27
833.807
817.506
806.554
808.343
817.735
823.505
822.936
821.256
820.357
819.868
819.479
819.092
818.694
818.303
817.981
817.829
817.944
818.399
819.253
820.538
822.289
824.603
827.628
831.458
836.157
841.769
848.333
855.932
864.825
875.279
887.138
900.127
914.079
928.571
943.257
958.041
972.575
986.307
998.881
1009.92
1018.94
1025.28
1028.22
1027.15
847.414
831.219
811.518
793.779
799.315
814.447
813.409
810.833
809.888
809.597
809.245
808.794
808.323
807.828
807.309
806.917
806.805
807.048
807.729
808.932
810.453
812.471
815.296
819.06
823.909
829.95
837.164
845.33
854.147
864.03
874.802
887.538
902.228
917.549
933.275
949.679
966.072
981.444
995.567
1008.22
1018.97
1027.37
1032.82
1035.07
866.945
851.356
738.462
370.851
379.809
523.779
550.043
530.563
522.047
521.45
518.732
513.911
508.101
502.374
496.886
490.79
485.888
483.393
484.242
489.25
499.189
513.058
533.412
560.823
595.727
638.08
686.998
740.05
792.1
837.541
862.467
877.718
894.226
909.608
924.909
941.522
958.859
975.863
992.234
1007.23
1020.24
1031.03
1039.32
1045.11
890.961
743.51
197.235
2.51653
2.41802
32.449
27.8233
16.2244
12.151
11.0623
9.58147
7.77891
5.77715
3.93978
2.32812
2.14582
2.10163
2.09204
2.09315
2.03898
2.5953
6.94402
14.189
25.0953
41.1445
64.2646
97.077
142.973
206.665
297.872
446.678
650.655
860.891
896.294
915.58
936.283
954.565
971.798
989.264
1006.26
1021.91
1035.7
1047.25
1056.7
750.009
123.718
2.07107
2.06392
2.17567
2.15388
2.17032
2.18716
2.20016
2.21053
2.22144
2.23079
2.23384
2.22416
2.19275
2.14895
2.11412
2.08926
2.06335
2.01505
1.93534
1.87192
1.86465
1.88425
1.91431
1.94368
1.96744
2.00644
2.09136
2.22592
5.20997
29.9657
101.22
240.753
497.546
861.844
947.969
970.178
990.463
1008.38
1025.49
1041.62
1056.21
1069.14
54.4625
2.12208
2.08634
2.13116
2.14837
2.13961
2.15137
2.16447
2.17538
2.18414
2.19149
2.19601
2.19471
2.18395
2.16115
2.13092
2.10189
2.07537
2.04618
2.00638
1.95647
1.91647
1.90253
1.90653
1.9208
1.93757
1.94801
1.98713
2.15213
2.35491
2.37664
2.37363
2.37658
2.41678
14.5929
112.829
325.342
720.431
988.021
1010.49
1031.45
1049.61
1066.55
1082.32
2.08528
2.06951
2.0886
2.11011
2.12552
2.12493
2.13279
2.14179
2.1501
2.15673
2.16141
2.16302
2.15975
2.14974
2.13231
2.10981
2.08602
2.06199
2.03585
2.00527
1.97241
1.94636
1.93429
1.93461
1.94354
1.9549
1.95938
2.0595
2.50031
2.58553
2.50109
2.47483
2.59014
2.62886
2.4792
2.51637
2.74309
52.896
248.18
674.214
1035.47
1058.02
1078.26
1096.35
1113.71
2.0769
2.07564
2.07995
2.09242
2.10306
2.10673
2.113
2.11963
2.12584
2.13063
2.13348
2.13353
2.12966
2.12096
2.10728
2.0899
2.07067
2.05042
2.02885
2.00585
1.98343
1.96591
1.95657
1.95555
1.96137
1.96929
1.96994
2.02947
2.36437
2.57367
2.60748
2.61601
2.53021
2.48775
2.4537
2.51009
2.51611
2.44225
2.52822
34.5226
255.326
805.932
1089.97
1111.18
1130.5
2.06519
2.06147
2.06784
2.07545
2.0827
2.08722
2.09249
2.09763
2.10229
2.1057
2.10735
2.10661
2.10279
2.09543
2.08457
2.07094
2.05559
2.03925
2.02224
2.00515
1.98952
1.97751
1.97061
1.96917
1.97293
1.97853
1.98213
1.99084
2.01582
2.16107
2.24193
2.21156
2.13952
2.16552
2.19032
2.48632
2.71036
2.4178
2.31348
2.35046
2.65902
71.7411
410.372
1028.13
1147.9
2.05047
2.04774
2.05238
2.05725
2.06288
2.06712
2.07163
2.0757
2.07927
2.08172
2.08265
2.08161
2.07817
2.07211
2.06351
2.05286
2.04083
2.02805
2.01505
2.00252
1.99158
1.98339
1.97863
1.97884
1.98804
1.99764
2.002
2.00539
2.026
2.05648
2.08604
2.1125
2.1381
2.1628
2.18482
2.19879
2.24335
2.27029
2.29893
2.33757
2.38885
2.5204
3.19805
185.421
687.766
2.03258
2.03029
2.03446
2.03827
2.0429
2.04668
2.05058
2.05386
2.05671
2.05857
2.05915
2.05812
2.05525
2.05041
2.04373
2.03554
2.02635
2.01667
2.00705
1.9981
1.99061
1.98528
1.9824
1.98735
2.00413
2.00998
2.01834
2.01855
2.03053
2.05573
2.08265
2.10872
2.13388
2.15794
2.18015
2.19925
2.21717
2.28203
2.52993
2.52027
2.55026
2.58129
2.65746
2.80889
22.008
2.01198
2.01029
2.01487
2.01832
2.02251
2.02591
2.02933
2.03218
2.03455
2.03608
2.03655
2.03574
2.03351
2.02982
2.02479
2.01868
2.01188
2.00483
1.998
1.9919
1.98706
1.98395
1.98276
1.9849
2.00115
2.01282
2.0185
2.01748
2.0321
2.05395
2.07815
2.10269
2.12682
2.15018
2.17486
2.19695
2.21324
2.23014
2.46314
2.74961
2.77809
2.70148
2.7371
2.78195
2.74258
1.98952
1.98857
1.99393
1.99754
2.00162
2.00482
2.00796
2.01055
2.01266
2.01407
2.01461
2.01414
2.01258
2.00994
2.00634
2.00199
1.99721
1.99236
1.98782
1.98399
1.98126
1.97995
1.98023
1.98221
1.98617
1.99501
2.0022
2.01487
2.03108
2.05072
2.07272
2.09569
2.1188
2.14162
2.16859
2.193
2.21381
2.23037
2.24871
2.27269
2.35064
2.49088
2.83611
2.89019
2.71398
1.96551
1.96545
1.97201
1.97611
1.98031
1.98345
1.98647
1.98895
1.99097
1.99239
1.99311
1.99305
1.99216
1.99048
1.98813
1.98528
1.98219
1.97916
1.9765
1.97452
1.9735
1.97369
1.97527
1.97837
1.98326
1.99037
2.00004
2.01244
2.02774
2.04584
2.06616
2.08775
2.10991
2.13224
2.15445
2.18242
2.20682
2.22943
2.25067
2.27158
2.29928
2.34109
2.43808
2.52082
2.71021
1.94126
1.94168
1.94959
1.9543
1.95876
1.96192
1.96488
1.96736
1.9694
1.97093
1.9719
1.97227
1.97202
1.97122
1.96995
1.96838
1.96672
1.96521
1.9641
1.96362
1.96402
1.96548
1.96817
1.97225
1.97795
1.98558
1.99542
2.00761
2.02225
2.03926
2.05829
2.07876
2.10012
2.122
2.14419
2.16664
2.19366
2.22184
2.24299
2.26554
2.29456
2.32531
2.35862
2.39516
2.46823
1.91752
1.91821
1.92727
1.93243
1.93709
1.94027
1.94322
1.94575
1.94787
1.94958
1.95083
1.95163
1.95199
1.95196
1.95164
1.95117
1.95071
1.95047
1.95064
1.95142
1.95299
1.95553
1.95918
1.9641
1.97048
1.97857
1.98857
2.00063
2.0148
2.03104
2.04911
2.06867
2.08932
2.11074
2.13279
2.15545
2.17884
2.20328
2.22918
2.25694
2.28673
2.3185
2.35288
2.39093
2.43356
1.89536
1.89592
1.90558
1.91075
1.91535
1.91862
1.92152
1.92409
1.92633
1.92822
1.92978
1.93099
1.9319
1.93257
1.93307
1.93353
1.9341
1.93492
1.93616
1.93799
1.94056
1.944
1.94847
1.9541
1.96107
1.96956
1.97973
1.99171
2.00555
2.02122
2.03857
2.05738
2.07737
2.09832
2.12011
2.14269
2.16618
2.19079
2.21677
2.24437
2.27378
2.30524
2.33936
2.37669
2.41733
1.87534
1.87506
1.88479
1.88945
1.89363
1.89689
1.89975
1.90235
1.90469
1.90677
1.90861
1.91021
1.91163
1.9129
1.91412
1.91539
1.91681
1.91854
1.92068
1.9234
1.9268
1.93102
1.93619
1.94243
1.94989
1.95872
1.96905
1.98099
1.99459
2.00982
2.02661
2.04479
2.06419
2.08463
2.10601
2.1283
2.15155
2.17589
2.20148
2.22849
2.25705
2.2873
2.31942
2.35347
2.39001
1.8566
1.85606
1.86375
1.86839
1.87197
1.87505
1.87784
1.88045
1.88288
1.88514
1.88724
1.8892
1.89106
1.89287
1.89471
1.89666
1.89882
1.9013
1.90421
1.90767
1.91179
1.91667
1.92243
1.92919
1.93707
1.94619
1.95666
1.96858
1.98199
1.99687
2.01319
2.03083
2.04965
2.06955
2.09043
2.11225
2.13501
2.15877
2.18361
2.20958
2.23674
2.26506
2.2945
2.32481
2.35562
1.83764
1.8377
1.84281
1.84706
1.85021
1.85304
1.85574
1.85833
1.86084
1.86325
1.86558
1.86785
1.8701
1.87238
1.87475
1.87729
1.88007
1.8832
1.88675
1.89084
1.89556
1.901
1.90727
1.91446
1.92269
1.93205
1.94265
1.95454
1.96779
1.98238
1.99828
2.01542
2.03371
2.05305
2.07335
2.09457
2.11667
2.13964
2.16349
2.18817
2.21362
2.23969
2.26609
2.29232
2.31739
1.81808
1.81866
1.82184
1.82543
1.82821
1.8308
1.83337
1.83594
1.8385
1.84104
1.84357
1.84611
1.8487
1.85138
1.8542
1.85723
1.86054
1.86421
1.86831
1.87293
1.87816
1.88407
1.89076
1.89831
1.90682
1.91638
1.92706
1.93893
1.95202
1.96634
1.98187
1.99856
2.01632
2.03509
2.05478
2.07533
2.09667
2.11875
2.14149
2.1648
2.18848
2.21228
2.23573
2.25812
2.27824
1.79777
1.79858
1.80056
1.80343
1.80586
1.80822
1.81068
1.81321
1.8158
1.81844
1.82114
1.82391
1.82679
1.8298
1.83301
1.83646
1.84021
1.84433
1.84889
1.85395
1.8596
1.8659
1.87293
1.88078
1.88952
1.89923
1.90996
1.92179
1.93473
1.9488
1.96397
1.98022
1.99749
2.01569
2.03475
2.0546
2.07516
2.09633
2.11799
2.13997
2.16204
2.18383
2.20481
2.22416
2.24062
1.7766
1.77746
1.77872
1.78096
1.78307
1.78524
1.78758
1.79007
1.79268
1.7954
1.79823
1.8012
1.80431
1.80762
1.81114
1.81494
1.81906
1.82355
1.82848
1.83391
1.8399
1.84652
1.85383
1.86191
1.87082
1.88063
1.89139
1.90315
1.91593
1.92975
1.94459
1.96043
1.97721
1.99486
2.01331
2.03249
2.05228
2.07259
2.09326
2.1141
2.13483
2.15507
2.17428
2.19166
2.20607
1.7545
1.75537
1.75614
1.75792
1.75976
1.76177
1.76401
1.76645
1.76907
1.77185
1.7748
1.77792
1.78123
1.78476
1.78855
1.79263
1.79705
1.80185
1.80709
1.81281
1.81907
1.82594
1.83347
1.84172
1.85075
1.86062
1.87136
1.88303
1.89565
1.90922
1.92374
1.93918
1.95549
1.97262
1.9905
2.00904
2.02814
2.04769
2.06753
2.08746
2.10722
2.12644
2.14464
2.16114
2.17505
1.73145
1.73229
1.73276
1.73421
1.73585
1.73773
1.73988
1.74229
1.74491
1.74774
1.75077
1.75401
1.75748
1.7612
1.7652
1.76951
1.77417
1.77921
1.78468
1.79064
1.79711
1.80417
1.81186
1.82023
1.82933
1.83921
1.84991
1.86147
1.8739
1.88722
1.90142
1.91647
1.93235
1.94899
1.96634
1.98431
2.00281
2.02172
2.04092
2.06021
2.07936
2.09809
2.11599
2.13256
2.1472
1.70742
1.70822
1.70854
1.70976
1.71127
1.71305
1.71514
1.71751
1.72013
1.72299
1.72609
1.72943
1.73302
1.73689
1.74105
1.74553
1.75037
1.7556
1.76126
1.76738
1.77402
1.78121
1.789
1.79744
1.80656
1.81642
1.82704
1.83846
1.85069
1.86375
1.87763
1.89232
1.90778
1.92396
1.94083
1.95829
1.97629
1.99471
2.01345
2.03235
2.05125
2.06992
2.08809
2.10546
2.12167
1.68243
1.68319
1.68346
1.68455
1.68595
1.68767
1.68971
1.69205
1.69467
1.69756
1.7007
1.70411
1.70779
1.71177
1.71605
1.72067
1.72564
1.73101
1.7368
1.74304
1.74978
1.75705
1.76489
1.77335
1.78245
1.79225
1.80275
1.81401
1.82602
1.83881
1.85237
1.8667
1.88176
1.89752
1.91394
1.93098
1.94856
1.96661
1.98505
2.00378
2.02269
2.04165
2.06051
2.07914
2.09739
1.6565
1.65721
1.6575
1.65851
1.65986
1.66154
1.66355
1.66587
1.66848
1.67138
1.67455
1.67801
1.68175
1.6858
1.69017
1.69488
1.69994
1.7054
1.71127
1.71759
1.72438
1.73168
1.73953
1.74796
1.757
1.76669
1.77705
1.78812
1.79989
1.8124
1.82563
1.83959
1.85427
1.86963
1.88565
1.9023
1.91953
1.93731
1.95558
1.9743
1.9934
2.01287
2.03265
2.05275
2.07322
1.62963
1.63031
1.63065
1.63163
1.63296
1.63461
1.6366
1.6389
1.6415
1.6444
1.64759
1.65107
1.65485
1.65895
1.66336
1.66812
1.67324
1.67874
1.68465
1.69099
1.69779
1.70508
1.7129
1.72126
1.7302
1.73975
1.74993
1.76077
1.77229
1.7845
1.7974
1.81099
1.82527
1.84024
1.85587
1.87217
1.8891
1.90666
1.92483
1.9436
1.96301
1.98306
2.00383
2.02543
2.04804
1.60183
1.60248
1.6029
1.60388
1.60519
1.60684
1.60881
1.61109
1.61368
1.61657
1.61976
1.62325
1.62705
1.63116
1.63559
1.64037
1.6455
1.65101
1.65691
1.66324
)
;

boundaryField
{
    leftWall
    {
        type            fixedFluxPressure;
        gradient        uniform 0;
        value           nonuniform List<scalar> 
44
(
882.988
881.995
879.852
876.673
872.562
867.594
861.871
855.547
848.837
842.048
835.573
830.102
826.752
827.269
833.807
847.414
866.945
890.961
750.009
54.4625
2.08528
2.0769
2.06519
2.05047
2.03258
2.01198
1.98952
1.96551
1.94126
1.91752
1.89536
1.87534
1.8566
1.83764
1.81808
1.79777
1.7766
1.7545
1.73145
1.70742
1.68243
1.6565
1.62963
1.60183
)
;
    }
    rightWall
    {
        type            fixedFluxPressure;
        gradient        nonuniform 0();
        value           nonuniform 0();
    }
    lowerWall
    {
        type            fixedFluxPressure;
        gradient        uniform 0;
        value           nonuniform List<scalar> 
44
(
882.988
883.531
886.055
889.773
891.7
891.419
889.072
885.643
882.097
879
876.576
874.854
873.784
873.303
873.36
873.921
874.972
876.518
878.58
881.194
884.409
888.285
892.888
898.288
904.562
911.796
920.116
929.617
940.275
952.099
965.147
979.462
994.949
1011.24
1027.52
1042.4
1053.88
1060.3
1061.32
1061.34
1061.43
1050.96
1019.88
1015.48
)
;
    }
    atmosphere
    {
        type            totalPressure;
        rho             rho;
        psi             none;
        gamma           1;
        p0              nonuniform 0();
        value           nonuniform 0();
    }
    defaultFaces
    {
        type            empty;
    }
    procBoundary0to1
    {
        type            processor;
        value           nonuniform List<scalar> 
44
(
1048.94
1005.74
969.278
970.958
1008.65
1069.8
1100
1107.26
1093.77
1066.85
1027.45
1001.95
1000.47
1009.08
1020.22
1033.3
1048.29
1064.35
1080.7
1097.11
1097.11
1130.67
1149.19
1167.72
1187.32
322.856
2.99233
2.70168
2.72891
2.51987
2.48137
2.46206
2.42847
2.38589
2.3396
2.29402
2.25217
2.21581
2.1851
2.15907
2.1363
2.11518
2.09416
2.07186
)
;
    }
    procBoundary0to2
    {
        type            processor;
        value           nonuniform List<scalar> 
46
(
1.67001
1.67724
1.68496
1.69322
1.70202
1.7114
1.72138
1.73197
1.7432
1.75508
1.76763
1.78084
1.79473
1.8093
1.82455
1.84049
1.85712
1.87447
1.89255
1.9114
1.93109
1.95171
1.9734
1.99634
2.0208
1.57313
1.57375
1.57424
1.57524
1.57656
1.57819
1.58015
1.58242
1.58499
1.58786
1.59104
1.59451
1.5983
1.6024
1.60682
1.61158
1.6167
1.62218
1.62804
1.67001
1.63431
)
;
    }
}


// ************************************************************************* //
