/*--------------------------------*- C++ -*----------------------------------*\
| =========                 |                                                 |
| \\      /  F ield         | OpenFOAM: The Open Source CFD Toolbox           |
|  \\    /   O peration     | Version:  3.0.1                                 |
|   \\  /    A nd           | Web:      www.OpenFOAM.org                      |
|    \\/     M anipulation  |                                                 |
\*---------------------------------------------------------------------------*/
FoamFile
{
    version     2.0;
    format      ascii;
    class       surfaceScalarField;
    location    "0.4";
    object      phi;
}
// * * * * * * * * * * * * * * * * * * * * * * * * * * * * * * * * * * * * * //

dimensions      [0 3 -1 0 0 0 0];

internalField   nonuniform List<scalar> 
3781
(
-1.76266e-06
1.76266e-06
-1.82612e-06
6.3463e-08
-1.18012e-07
-1.70811e-06
2.64053e-06
-2.75854e-06
5.83316e-06
-3.19263e-06
8.93272e-06
-3.09956e-06
1.16351e-05
-2.70235e-06
1.38336e-05
-2.19854e-06
1.55507e-05
-1.71707e-06
1.6876e-05
-1.32535e-06
1.79222e-05
-1.04619e-06
1.87963e-05
-8.74057e-07
1.95845e-05
-7.88238e-07
2.03471e-05
-7.62607e-07
2.11191e-05
-7.7194e-07
2.19143e-05
-7.95279e-07
2.27315e-05
-8.17206e-07
2.35593e-05
-8.27714e-07
2.43806e-05
-8.21313e-07
2.51764e-05
-7.95824e-07
2.59276e-05
-7.51204e-07
2.66161e-05
-6.88522e-07
2.72253e-05
-6.09182e-07
2.77395e-05
-5.14193e-07
2.81427e-05
-4.03192e-07
2.84136e-05
-2.70875e-07
2.85214e-05
-1.07842e-07
2.84118e-05
1.09572e-07
2.79977e-05
4.14122e-07
2.72089e-05
7.88849e-07
2.59715e-05
1.23737e-06
2.41861e-05
1.78538e-06
2.17164e-05
2.46972e-06
1.84104e-05
3.30601e-06
1.41782e-05
4.23222e-06
9.12159e-06
5.05657e-06
3.55525e-06
5.56633e-06
-1.65651e-06
5.21176e-06
-4.36047e-06
2.70396e-06
-4.49493e-06
1.34457e-07
-7.00926e-06
2.51433e-06
-1.47256e-05
7.71631e-06
-2.29375e-05
8.21189e-06
-3.21471e-07
-1.84566e-06
3.60832e-06
-1.77456e-06
-7.63709e-09
-2.92774e-09
-3.47974e-06
2.79577e-06
-5.55724e-06
5.98227e-06
-6.37914e-06
9.03896e-06
-6.15624e-06
1.16838e-05
-5.34723e-06
1.38304e-05
-4.34508e-06
1.55149e-05
-3.40157e-06
1.6833e-05
-2.64348e-06
1.7896e-05
-2.10919e-06
1.88051e-05
-1.78314e-06
1.96394e-05
-1.62257e-06
2.04528e-05
-1.57598e-06
2.12754e-05
-1.59458e-06
2.21184e-05
-1.63822e-06
2.29788e-05
-1.6776e-06
2.38449e-05
-1.69382e-06
2.47002e-05
-1.67664e-06
2.55265e-05
-1.62216e-06
2.63058e-05
-1.53052e-06
2.70212e-05
-1.40392e-06
2.76572e-05
-1.24517e-06
2.81996e-05
-1.05653e-06
2.86353e-05
-8.38923e-07
2.89576e-05
-5.93171e-07
2.91718e-05
-3.2208e-07
2.92765e-05
4.86962e-09
2.93386e-05
3.52096e-07
2.9343e-05
7.84446e-07
2.92577e-05
1.32259e-06
2.90253e-05
2.01783e-06
2.8545e-05
2.95001e-06
2.76196e-05
4.23138e-06
2.59575e-05
5.89431e-06
2.31461e-05
7.86797e-06
1.88768e-05
9.83569e-06
1.3064e-05
1.10246e-05
5.52602e-06
1.02419e-05
-1.98024e-06
7.64072e-06
-8.80087e-06
9.33496e-06
-1.54703e-05
1.43858e-05
-1.97618e-05
1.25034e-05
-7.58502e-07
-1.77367e-06
5.38199e-06
-1.67567e-06
-1.05637e-07
1.50277e-07
-5.30569e-06
2.99076e-06
-8.39772e-06
6.12601e-06
-9.51439e-06
9.06576e-06
-9.096e-06
1.15684e-05
-7.84992e-06
1.35844e-05
-6.36103e-06
1.51746e-05
-4.99173e-06
1.64447e-05
-3.91358e-06
1.7504e-05
-3.16851e-06
1.84445e-05
-2.72369e-06
1.93335e-05
-2.51152e-06
2.0213e-05
-2.45554e-06
2.1104e-05
-2.48551e-06
2.20107e-05
-2.54494e-06
2.29265e-05
-2.59337e-06
2.3838e-05
-2.60534e-06
2.4729e-05
-2.56759e-06
2.55824e-05
-2.47557e-06
2.6382e-05
-2.33018e-06
2.71131e-05
-2.13497e-06
2.77621e-05
-1.89418e-06
2.83169e-05
-1.61134e-06
2.87665e-05
-1.28857e-06
2.90994e-05
-9.25996e-07
2.9297e-05
-5.19663e-07
2.93681e-05
-6.62332e-08
2.92821e-05
4.38096e-07
2.90529e-05
1.01366e-06
2.86931e-05
1.6823e-06
2.82336e-05
2.47738e-06
2.7733e-05
3.4506e-06
2.72809e-05
4.68348e-06
2.68921e-05
6.28308e-06
2.63959e-05
8.36417e-06
2.53038e-05
1.09278e-05
2.27537e-05
1.35747e-05
1.75198e-05
1.54759e-05
9.36609e-06
1.57944e-05
2.01288e-06
1.66882e-05
-2.81208e-06
1.92107e-05
-5.02222e-06
1.47135e-05
1.04529e-06
-1.69415e-06
7.07614e-06
-1.5363e-06
-2.63489e-07
3.61544e-07
-7.20353e-06
3.20821e-06
-1.12444e-05
6.25085e-06
-1.2557e-05
9.02625e-06
-1.18714e-05
1.13446e-05
-1.01683e-05
1.32025e-05
-8.21889e-06
1.46888e-05
-6.47801e-06
1.59177e-05
-5.14253e-06
1.69925e-05
-4.24332e-06
1.79911e-05
-3.72231e-06
1.89644e-05
-3.48473e-06
1.99392e-05
-3.43042e-06
2.09247e-05
-3.47099e-06
2.19173e-05
-3.53751e-06
2.2906e-05
-3.58208e-06
2.38764e-05
-3.5757e-06
2.4813e-05
-3.50419e-06
2.5701e-05
-3.36364e-06
2.65271e-05
-3.15623e-06
2.7279e-05
-2.88691e-06
2.79459e-05
-2.5611e-06
2.85178e-05
-2.18321e-06
2.8985e-05
-1.75576e-06
2.93379e-05
-1.27887e-06
2.95684e-05
-7.50211e-07
2.96673e-05
-1.6517e-07
2.96206e-05
4.84849e-07
2.94203e-05
1.2139e-06
2.9061e-05
2.04167e-06
2.85471e-05
2.99124e-06
2.79071e-05
4.09061e-06
2.72156e-05
5.37496e-06
2.66054e-05
6.8933e-06
2.62406e-05
8.72899e-06
2.61538e-05
1.10146e-05
2.59073e-05
1.38212e-05
2.4428e-05
1.69551e-05
2.05388e-05
1.96837e-05
1.56208e-05
2.16061e-05
1.24352e-05
2.23963e-05
1.00223e-05
1.71264e-05
4.29616e-06
-1.60751e-06
8.68365e-06
-1.36359e-06
-5.07416e-07
5.91393e-07
-9.15851e-06
3.40673e-06
-1.40597e-05
6.31534e-06
-1.54656e-05
8.89221e-06
-1.44483e-05
1.10063e-05
-1.22824e-05
1.2703e-05
-9.91553e-06
1.40969e-05
-7.87189e-06
1.53058e-05
-6.3515e-06
1.64218e-05
-5.35927e-06
1.75044e-05
-4.8049e-06
1.8585e-05
-4.56534e-06
1.9674e-05
-4.51939e-06
2.07679e-05
-4.56489e-06
2.18556e-05
-4.62527e-06
2.2923e-05
-4.64948e-06
2.39555e-05
-4.60821e-06
2.49398e-05
-4.48845e-06
2.58641e-05
-4.28797e-06
2.67184e-05
-4.01051e-06
2.74937e-05
-3.66218e-06
2.81817e-05
-3.24914e-06
2.87746e-05
-2.7761e-06
2.92645e-05
-2.24569e-06
2.96438e-05
-1.6581e-06
2.99046e-05
-1.01104e-06
3.00389e-05
-2.99479e-07
3.00391e-05
4.84636e-07
2.98998e-05
1.3532e-06
2.96188e-05
2.3227e-06
2.91976e-05
3.41241e-06
2.86448e-05
4.64345e-06
2.79829e-05
6.03677e-06
2.72675e-05
7.60874e-06
2.66223e-05
9.37419e-06
2.62588e-05
1.13781e-05
2.63409e-05
1.3739e-05
2.66828e-05
1.66133e-05
2.64702e-05
1.98963e-05
2.52654e-05
2.28109e-05
2.37318e-05
2.39299e-05
2.10879e-05
1.97703e-05
9.36244e-06
-1.50241e-06
1.01861e-05
-1.16525e-06
-8.44572e-07
8.22652e-07
-1.11464e-05
3.56918e-06
-1.68062e-05
6.31095e-06
-1.82074e-05
8.67302e-06
-1.68103e-05
1.0586e-05
-1.41954e-05
1.214e-05
-1.14695e-05
1.34688e-05
-9.2007e-06
1.46871e-05
-7.56984e-06
1.58705e-05
-6.54264e-06
1.70572e-05
-5.99167e-06
1.82584e-05
-5.76648e-06
1.94679e-05
-5.72887e-06
2.06713e-05
-5.76832e-06
2.18519e-05
-5.80587e-06
2.2994e-05
-5.79159e-06
2.40846e-05
-5.69879e-06
2.51134e-05
-5.51728e-06
2.60725e-05
-5.24705e-06
2.69552e-05
-4.89326e-06
2.77557e-05
-4.46267e-06
2.84681e-05
-3.9615e-06
2.90862e-05
-3.39424e-06
2.96037e-05
-2.76318e-06
3.00139e-05
-2.06828e-06
3.031e-05
-1.30717e-06
3.04856e-05
-4.75094e-07
3.05352e-05
4.35114e-07
3.04552e-05
1.43317e-06
3.0246e-05
2.53192e-06
2.99126e-05
3.74575e-06
2.94662e-05
5.0899e-06
2.89238e-05
6.57916e-06
2.83093e-05
8.22322e-06
2.7664e-05
1.00195e-05
2.70901e-05
1.1952e-05
2.68075e-05
1.40217e-05
2.7109e-05
1.63118e-05
2.80086e-05
1.89967e-05
2.89782e-05
2.18412e-05
2.9246e-05
2.36622e-05
2.73092e-05
2.17071e-05
1.47974e-05
-1.37071e-06
1.15568e-05
-9.40792e-07
-1.27449e-06
1.05664e-06
-1.31438e-05
3.705e-06
-1.94546e-05
6.25676e-06
-2.07592e-05
8.40159e-06
-1.89552e-05
1.01332e-05
-1.59269e-05
1.15773e-05
-1.29136e-05
1.2876e-05
-1.04994e-05
1.41333e-05
-8.82719e-06
1.54045e-05
-7.8138e-06
1.67055e-05
-7.29269e-06
1.80279e-05
-7.08889e-06
1.93517e-05
-7.05266e-06
2.06544e-05
-7.071e-06
2.19162e-05
-7.0677e-06
2.31223e-05
-6.99767e-06
2.42626e-05
-6.83903e-06
2.53305e-05
-6.58525e-06
2.6322e-05
-6.2385e-06
2.72335e-05
-5.8048e-06
2.80616e-05
-5.2908e-06
2.88022e-05
-4.7021e-06
2.94504e-05
-4.0424e-06
3.00005e-05
-3.31332e-06
3.04467e-05
-2.51443e-06
3.07829e-05
-1.64339e-06
3.10037e-05
-6.95899e-07
3.11045e-05
3.34275e-07
3.10836e-05
1.45412e-06
3.09416e-05
2.67389e-06
3.06845e-05
4.00286e-06
3.03243e-05
5.45016e-06
2.98798e-05
7.02362e-06
2.93754e-05
8.72758e-06
2.88365e-05
1.05585e-05
2.82935e-05
1.2495e-05
2.78225e-05
1.44928e-05
2.76304e-05
1.65038e-05
2.80431e-05
1.8584e-05
2.90902e-05
2.07941e-05
3.00018e-05
2.27506e-05
2.88694e-05
2.28394e-05
1.98964e-05
-1.20405e-06
1.27608e-05
-6.80757e-07
-1.79778e-06
1.31021e-06
-1.51348e-05
3.84038e-06
-2.19848e-05
6.18966e-06
-2.31085e-05
8.12477e-06
-2.08903e-05
9.70306e-06
-1.75052e-05
1.10746e-05
-1.42852e-05
1.23773e-05
-1.18021e-05
1.3697e-05
-1.01469e-05
1.50662e-05
-9.18303e-06
1.64797e-05
-8.70612e-06
1.79124e-05
-8.52158e-06
1.9334e-05
-8.47433e-06
2.07178e-05
-8.45478e-06
2.2044e-05
-8.3939e-06
2.33005e-05
-8.25413e-06
2.4481e-05
-8.01952e-06
2.55829e-05
-7.6872e-06
2.66053e-05
-7.26091e-06
2.75472e-05
-6.74665e-06
2.84066e-05
-6.15018e-06
2.91803e-05
-5.47582e-06
2.9864e-05
-4.72608e-06
3.04524e-05
-3.90172e-06
3.09398e-05
-3.00186e-06
3.13207e-05
-2.0243e-06
3.15903e-05
-9.6543e-07
3.1744e-05
1.80501e-07
3.17814e-05
1.41679e-06
3.17029e-05
2.75238e-06
3.15142e-05
4.1915e-06
3.12264e-05
5.73794e-06
3.08569e-05
7.39312e-06
3.04292e-05
9.15529e-06
2.99699e-05
1.10178e-05
2.95007e-05
1.29642e-05
2.90335e-05
1.496e-05
2.86028e-05
1.69345e-05
2.83677e-05
1.88191e-05
2.85385e-05
2.06232e-05
2.88699e-05
2.24192e-05
2.79424e-05
2.37669e-05
2.41469e-05
-9.91854e-07
1.37527e-05
-3.72749e-07
-2.41688e-06
1.57705e-06
-1.70846e-05
3.96028e-06
-2.4368e-05
6.12231e-06
-2.52705e-05
7.88343e-06
-2.26514e-05
9.34726e-06
-1.8969e-05
1.06813e-05
-1.56192e-05
1.20134e-05
-1.31342e-05
1.34076e-05
-1.15411e-05
1.48734e-05
-1.06488e-05
1.63866e-05
-1.02194e-05
1.791e-05
-1.0045e-05
1.94074e-05
-9.97172e-06
2.08512e-05
-9.89857e-06
2.22243e-05
-9.76697e-06
2.35184e-05
-9.5483e-06
2.47315e-05
-9.23257e-06
2.58641e-05
-8.81983e-06
2.69176e-05
-8.31437e-06
2.78922e-05
-7.72128e-06
2.87867e-05
-7.04469e-06
2.95981e-05
-6.28726e-06
3.03222e-05
-5.45015e-06
3.09537e-05
-4.53322e-06
3.14871e-05
-3.53528e-06
3.19171e-05
-2.45424e-06
3.22387e-05
-1.28709e-06
3.24487e-05
-2.94721e-08
3.25445e-05
1.32101e-06
3.2527e-05
2.76983e-06
3.24008e-05
4.31775e-06
3.21754e-05
5.96328e-06
3.18664e-05
7.70221e-06
3.14939e-05
9.52777e-06
3.10819e-05
1.14298e-05
3.06534e-05
1.33927e-05
3.02181e-05
1.53953e-05
2.97541e-05
1.73984e-05
2.92378e-05
1.93355e-05
2.87143e-05
2.11467e-05
2.8173e-05
2.29606e-05
2.6972e-05
2.49679e-05
2.76734e-05
-7.15523e-07
1.44682e-05
-6.56217e-09
-3.12584e-06
1.76164e-06
-1.88528e-05
3.93499e-06
-2.65414e-05
5.98477e-06
-2.73203e-05
7.68086e-06
-2.43475e-05
9.10346e-06
-2.03916e-05
1.04374e-05
-1.69532e-05
1.18142e-05
-1.4511e-05
1.3283e-05
-1.30099e-05
1.48341e-05
-1.21999e-05
1.64284e-05
-1.18136e-05
1.80204e-05
-1.1637e-05
1.9572e-05
-1.15233e-05
2.10578e-05
-1.13844e-05
2.24647e-05
-1.11739e-05
2.37889e-05
-1.08725e-05
2.50314e-05
-1.04751e-05
2.61951e-05
-9.98352e-06
2.72821e-05
-9.40142e-06
2.8293e-05
-8.7321e-06
2.92259e-05
-7.97762e-06
3.00775e-05
-7.13885e-06
3.08431e-05
-6.21575e-06
3.15175e-05
-5.20762e-06
3.20956e-05
-4.11338e-06
3.25729e-05
-2.93154e-06
3.29457e-05
-1.65996e-06
3.32111e-05
-2.9484e-07
3.33654e-05
1.16669e-06
3.34077e-05
2.72757e-06
3.33401e-05
4.38539e-06
3.31703e-05
6.13301e-06
3.2912e-05
7.96054e-06
3.25826e-05
9.85713e-06
3.22027e-05
1.18097e-05
3.17933e-05
1.38021e-05
3.13688e-05
1.58198e-05
3.09167e-05
1.78505e-05
3.03719e-05
1.98803e-05
2.96409e-05
2.18776e-05
2.86543e-05
2.39472e-05
2.72407e-05
2.63815e-05
3.05809e-05
-3.53867e-07
1.48221e-05
2.98828e-07
-3.77854e-06
1.75172e-06
-2.03057e-05
3.66294e-06
-2.84526e-05
5.7507e-06
-2.9408e-05
7.59813e-06
-2.61949e-05
9.1305e-06
-2.1924e-05
1.05421e-05
-1.83648e-05
1.20023e-05
-1.59712e-05
1.35678e-05
-1.45754e-05
1.52184e-05
-1.38504e-05
1.6904e-05
-1.34993e-05
1.85743e-05
-1.33073e-05
2.01918e-05
-1.31408e-05
2.17349e-05
-1.29275e-05
2.31954e-05
-1.26344e-05
2.45734e-05
-1.22504e-05
2.58722e-05
-1.1774e-05
2.70956e-05
-1.1207e-05
2.82455e-05
-1.05513e-05
2.9321e-05
-9.80762e-06
3.0319e-05
-8.97561e-06
3.12344e-05
-8.05424e-06
3.2061e-05
-7.04234e-06
3.27923e-05
-5.93896e-06
3.34225e-05
-4.74357e-06
3.39473e-05
-3.45629e-06
3.43647e-05
-2.07735e-06
3.46752e-05
-6.05368e-07
3.48782e-05
9.63684e-07
3.49716e-05
2.63418e-06
3.49539e-05
4.40311e-06
3.48298e-05
6.25709e-06
3.46109e-05
8.17945e-06
3.43121e-05
1.01559e-05
3.39514e-05
1.21703e-05
3.35491e-05
1.42044e-05
3.31218e-05
1.62471e-05
3.26732e-05
1.82991e-05
3.21705e-05
2.0383e-05
3.15232e-05
2.25249e-05
3.06224e-05
2.4848e-05
2.94721e-05
2.75318e-05
3.18267e-05
2.10886e-07
1.46112e-05
7.45414e-07
-4.31307e-06
1.67857e-06
-2.12389e-05
3.20639e-06
-2.99804e-05
5.30386e-06
-3.15055e-05
7.39596e-06
-2.8287e-05
9.13488e-06
-2.36629e-05
1.06663e-05
-1.98962e-05
1.22093e-05
-1.75143e-05
1.38484e-05
-1.62145e-05
1.55641e-05
-1.55662e-05
1.73022e-05
-1.52373e-05
1.90123e-05
-1.50174e-05
2.06615e-05
-1.479e-05
2.22345e-05
-1.45004e-05
2.37284e-05
-1.41284e-05
2.51471e-05
-1.36691e-05
2.64956e-05
-1.31225e-05
2.77777e-05
-1.2489e-05
2.89943e-05
-1.17679e-05
3.01435e-05
-1.09568e-05
3.12206e-05
-1.00527e-05
3.22188e-05
-9.05242e-06
3.31299e-05
-7.95341e-06
3.39446e-05
-6.75368e-06
3.46534e-05
-5.45244e-06
3.52476e-05
-4.05046e-06
3.57205e-05
-2.55026e-06
3.60698e-05
-9.5461e-07
3.62985e-05
7.34959e-07
3.64126e-05
2.5201e-06
3.64149e-05
4.40082e-06
3.6311e-05
6.36091e-06
3.6112e-05
8.37853e-06
3.58296e-05
1.04383e-05
3.54804e-05
1.25196e-05
3.50857e-05
1.45991e-05
3.46653e-05
1.66675e-05
3.42332e-05
1.87312e-05
3.3795e-05
2.08212e-05
3.33338e-05
2.29861e-05
3.28376e-05
2.53442e-05
3.23891e-05
2.79803e-05
3.13689e-05
1.15814e-06
1.3453e-05
1.72227e-06
-4.8772e-06
2.40121e-06
-2.19178e-05
3.55151e-06
-3.11307e-05
5.32154e-06
-3.32755e-05
7.36713e-06
-3.03326e-05
9.19117e-06
-2.5487e-05
1.08e-05
-2.15051e-05
1.23966e-05
-1.91109e-05
1.40734e-05
-1.78912e-05
1.58114e-05
-1.73042e-05
1.75565e-05
-1.69824e-05
1.92635e-05
-1.67244e-05
2.09067e-05
-1.64333e-05
2.24779e-05
-1.60716e-05
2.39797e-05
-1.56302e-05
2.54185e-05
-1.51079e-05
2.67997e-05
-1.45037e-05
2.81263e-05
-1.38156e-05
2.9399e-05
-1.30406e-05
3.0616e-05
-1.21739e-05
3.17737e-05
-1.12103e-05
3.28668e-05
-1.01455e-05
3.38889e-05
-8.97553e-06
3.48319e-05
-7.69673e-06
3.5686e-05
-6.30651e-06
3.64393e-05
-4.8038e-06
3.70791e-05
-3.18998e-06
3.75867e-05
-1.46223e-06
3.79342e-05
3.87402e-07
3.81085e-05
2.34588e-06
3.8121e-05
4.38826e-06
3.80011e-05
6.48086e-06
3.77766e-05
8.60299e-06
3.74654e-05
1.07495e-05
3.709e-05
1.2895e-05
3.6679e-05
1.501e-05
3.62564e-05
1.70901e-05
3.58419e-05
1.91458e-05
3.54629e-05
2.12001e-05
3.51581e-05
2.32909e-05
3.50116e-05
2.54907e-05
3.51281e-05
2.78638e-05
3.04051e-05
2.46205e-06
1.0991e-05
3.90066e-06
-6.31581e-06
5.23848e-06
-2.32556e-05
6.28362e-06
-3.21758e-05
7.09353e-06
-3.40854e-05
8.20561e-06
-3.14447e-05
9.57581e-06
-2.68572e-05
1.1037e-05
-2.29663e-05
1.25964e-05
-2.06702e-05
1.42596e-05
-1.95544e-05
1.59808e-05
-1.90254e-05
1.77017e-05
-1.87033e-05
1.93804e-05
-1.84031e-05
2.09978e-05
-1.80506e-05
2.25511e-05
-1.7625e-05
2.40458e-05
-1.71249e-05
2.54878e-05
-1.65499e-05
2.68797e-05
-1.58956e-05
2.8221e-05
-1.51568e-05
2.95089e-05
-1.43285e-05
3.07405e-05
-1.34054e-05
3.19127e-05
-1.23826e-05
3.30237e-05
-1.12565e-05
3.40728e-05
-1.00246e-05
3.50608e-05
-8.68472e-06
3.59898e-05
-7.2355e-06
3.68623e-05
-5.67631e-06
3.76828e-05
-4.01049e-06
3.84571e-05
-2.23651e-06
3.91557e-05
-3.11204e-07
3.96678e-05
1.83371e-06
3.99169e-05
4.13919e-06
3.99158e-05
6.48191e-06
3.97066e-05
8.81219e-06
3.93342e-05
1.1122e-05
3.88628e-05
1.33664e-05
3.83635e-05
1.55093e-05
3.78859e-05
1.75678e-05
3.74597e-05
1.95719e-05
3.71154e-05
2.15445e-05
3.68959e-05
2.35104e-05
3.68919e-05
2.54947e-05
3.72165e-05
2.75392e-05
2.95346e-05
4.12359e-06
6.86739e-06
7.73033e-06
-9.92254e-06
1.1078e-05
-2.66034e-05
1.24583e-05
-3.3556e-05
1.15076e-05
-3.31348e-05
1.05352e-05
-3.04723e-05
1.07375e-05
-2.70595e-05
1.1787e-05
-2.40159e-05
1.32491e-05
-2.21323e-05
1.49133e-05
-2.12187e-05
1.66645e-05
-2.07767e-05
1.84253e-05
-2.04641e-05
2.01465e-05
-2.01243e-05
2.18115e-05
-1.97156e-05
2.34218e-05
-1.92353e-05
2.49819e-05
-1.86849e-05
2.64938e-05
-1.80619e-05
2.79562e-05
-1.73581e-05
2.93612e-05
-1.65618e-05
3.06964e-05
-1.56637e-05
3.19494e-05
-1.46584e-05
3.31098e-05
-1.35429e-05
3.41683e-05
-1.23151e-05
3.51164e-05
-1.09727e-05
3.59505e-05
-9.51881e-06
3.66775e-05
-7.96253e-06
3.73195e-05
-6.31835e-06
3.7913e-05
-4.604e-06
3.8504e-05
-2.82742e-06
3.91667e-05
-9.73936e-07
3.99367e-05
1.06373e-06
4.06375e-05
3.43831e-06
4.11744e-05
5.94508e-06
4.14178e-05
8.56875e-06
4.1308e-05
1.12318e-05
4.09082e-05
1.37662e-05
4.03414e-05
1.60762e-05
3.97255e-05
1.81837e-05
3.91661e-05
2.01312e-05
3.87424e-05
2.19682e-05
3.85012e-05
2.37516e-05
3.84898e-05
2.55061e-05
3.88017e-05
2.72273e-05
2.88486e-05
5.97151e-06
8.95874e-07
1.29146e-05
-1.68657e-05
1.92459e-05
-3.29347e-05
2.0803e-05
-3.51131e-05
1.70524e-05
-2.93842e-05
1.3561e-05
-2.69809e-05
1.24753e-05
-2.59738e-05
1.30952e-05
-2.46357e-05
1.44576e-05
-2.34947e-05
1.61488e-05
-2.29098e-05
1.79822e-05
-2.261e-05
1.9845e-05
-2.23269e-05
2.16793e-05
-2.19586e-05
2.34689e-05
-2.15052e-05
2.52165e-05
-2.09828e-05
2.69257e-05
-2.03942e-05
2.85972e-05
-1.97333e-05
3.0229e-05
-1.89898e-05
3.18128e-05
-1.81457e-05
3.33359e-05
-1.71868e-05
3.4785e-05
-1.61076e-05
3.61456e-05
-1.49035e-05
3.73986e-05
-1.35681e-05
3.85122e-05
-1.20863e-05
3.94426e-05
-1.04492e-05
4.01352e-05
-8.65516e-06
4.05427e-05
-6.72585e-06
4.06651e-05
-4.72634e-06
4.05974e-05
-2.75975e-06
4.04395e-05
-8.16074e-07
4.02306e-05
1.2727e-06
4.03191e-05
3.34982e-06
4.07606e-05
5.50357e-06
4.13806e-05
7.94875e-06
4.18653e-05
1.07471e-05
4.20673e-05
1.35642e-05
4.19515e-05
1.61919e-05
4.15471e-05
1.85881e-05
4.09937e-05
2.06846e-05
4.04601e-05
2.25019e-05
4.00811e-05
2.41306e-05
3.99377e-05
2.56494e-05
4.00949e-05
2.70702e-05
2.83976e-05
7.98454e-06
-7.08867e-06
1.82656e-05
-2.71468e-05
2.64523e-05
-4.11213e-05
2.61175e-05
-3.47784e-05
1.90406e-05
-2.23073e-05
1.45672e-05
-2.25075e-05
1.31745e-05
-2.4581e-05
1.34386e-05
-2.48998e-05
1.43617e-05
-2.44178e-05
1.56745e-05
-2.42227e-05
1.71722e-05
-2.41077e-05
1.87024e-05
-2.38571e-05
2.02383e-05
-2.34945e-05
2.17531e-05
-2.302e-05
2.32457e-05
-2.24754e-05
2.47369e-05
-2.18854e-05
2.62167e-05
-2.12132e-05
2.76743e-05
-2.04474e-05
2.91308e-05
-1.96022e-05
3.06325e-05
-1.86885e-05
3.22589e-05
-1.7734e-05
3.4005e-05
-1.66495e-05
3.58243e-05
-1.53874e-05
3.77139e-05
-1.39759e-05
3.96642e-05
-1.23995e-05
4.16225e-05
-1.06135e-05
4.34004e-05
-8.50376e-06
4.46575e-05
-5.98346e-06
4.50736e-05
-3.17586e-06
4.47585e-05
-5.00938e-07
4.36869e-05
2.34423e-06
4.23989e-05
4.63782e-06
4.15636e-05
6.33886e-06
4.12364e-05
8.27601e-06
4.13258e-05
1.06577e-05
4.1761e-05
1.3129e-05
4.22712e-05
1.56817e-05
4.25547e-05
1.83046e-05
4.25389e-05
2.07003e-05
4.22663e-05
2.27745e-05
4.18754e-05
2.45215e-05
4.15394e-05
2.59855e-05
4.1384e-05
2.72255e-05
2.83247e-05
1.02409e-05
-1.73296e-05
2.13371e-05
-3.82429e-05
2.88534e-05
-4.86377e-05
1.86949e-05
-2.46198e-05
9.50607e-06
-1.31185e-05
1.05857e-05
-2.35871e-05
1.01997e-05
-2.41951e-05
9.40225e-06
-2.41024e-05
8.63887e-06
-2.36544e-05
8.2409e-06
-2.38247e-05
7.87719e-06
-2.37439e-05
7.34627e-06
-2.33262e-05
6.71732e-06
-2.28656e-05
5.91219e-06
-2.22149e-05
5.11084e-06
-2.1674e-05
4.55528e-06
-2.13298e-05
4.09487e-06
-2.07528e-05
3.67487e-06
-2.00274e-05
3.51894e-06
-1.94462e-05
4.16766e-06
-1.93372e-05
6.31852e-06
-1.98848e-05
9.51223e-06
-1.98432e-05
1.2556e-05
-1.84313e-05
1.54349e-05
-1.68547e-05
1.83755e-05
-1.53401e-05
2.17569e-05
-1.39949e-05
2.60131e-05
-1.276e-05
3.12847e-05
-1.12551e-05
3.70466e-05
-8.93768e-06
4.22328e-05
-5.68718e-06
4.61142e-05
-1.53717e-06
4.79049e-05
2.8471e-06
4.76455e-05
6.59825e-06
4.56075e-05
1.03141e-05
4.29872e-05
1.3278e-05
4.1272e-05
1.48442e-05
4.06393e-05
1.63145e-05
4.08791e-05
1.80648e-05
4.15634e-05
2.0016e-05
4.22429e-05
2.2095e-05
4.26704e-05
2.4094e-05
4.28083e-05
2.58477e-05
4.27112e-05
2.73225e-05
2.85221e-05
1.13574e-05
-2.8687e-05
1.96645e-05
-4.655e-05
9.66733e-06
-3.86405e-05
7.12545e-06
-2.2078e-05
8.96643e-06
-1.49594e-05
6.64305e-06
-2.12637e-05
6.38377e-06
-2.39358e-05
6.06487e-06
-2.37835e-05
5.83773e-06
-2.34273e-05
5.63817e-06
-2.36252e-05
5.51195e-06
-2.36177e-05
5.58466e-06
-2.33989e-05
5.85399e-06
-2.31349e-05
6.28263e-06
-2.26435e-05
6.70255e-06
-2.20939e-05
7.02657e-06
-2.16538e-05
7.30944e-06
-2.10356e-05
7.58019e-06
-2.02981e-05
7.79097e-06
-1.9657e-05
7.6761e-06
-1.92223e-05
6.57527e-06
-1.8784e-05
4.38015e-06
-1.76481e-05
1.4162e-06
-1.54673e-05
-2.87278e-06
-1.25657e-05
-8.52717e-06
-9.68569e-06
-1.55942e-05
-6.92777e-06
-2.28195e-05
-5.53475e-06
-2.63616e-05
-7.71302e-06
-2.17687e-05
-1.35306e-05
-7.57798e-06
-1.98779e-05
1.57394e-05
-2.48545e-05
3.72238e-05
-1.86373e-05
4.63164e-05
-2.49436e-06
4.87063e-05
7.9242e-06
4.84404e-05
1.35439e-05
4.73728e-05
1.59118e-05
4.52313e-05
1.84559e-05
4.32044e-05
2.00917e-05
4.20034e-05
2.12171e-05
4.1724e-05
2.23744e-05
4.21726e-05
2.36455e-05
4.28751e-05
2.51451e-05
4.33865e-05
2.68111e-05
2.84146e-05
6.06024e-06
-3.47472e-05
-3.56447e-07
-4.01333e-05
-4.89382e-06
-3.41032e-05
-2.70872e-06
-2.42631e-05
2.33804e-06
-2.00062e-05
3.79383e-06
-2.27195e-05
3.62288e-06
-2.37649e-05
3.51395e-06
-2.36745e-05
3.70564e-06
-2.3619e-05
3.85017e-06
-2.37697e-05
4.01851e-06
-2.3786e-05
4.27476e-06
-2.36551e-05
4.52745e-06
-2.33875e-05
4.83104e-06
-2.2947e-05
5.15304e-06
-2.24159e-05
5.34886e-06
-2.18496e-05
5.49433e-06
-2.1181e-05
5.61537e-06
-2.04191e-05
5.58607e-06
-1.96276e-05
5.16571e-06
-1.88019e-05
4.10398e-06
-1.77223e-05
2.49436e-06
-1.60385e-05
6.54908e-07
-1.36279e-05
-1.40189e-06
-1.05089e-05
-4.46835e-06
-6.61923e-06
-9.52431e-06
-1.87182e-06
-1.49758e-05
-8.32701e-08
-1.51628e-05
-7.526e-06
-7.53611e-06
-2.11573e-05
5.51506e-07
-2.79655e-05
5.55643e-06
-2.98595e-05
1.14185e-05
-2.44994e-05
2.4634e-05
-1.57098e-05
3.36879e-05
-1.12967e-06
4.21449e-05
5.08689e-06
4.79681e-05
1.00885e-05
4.91681e-05
1.7256e-05
4.89722e-05
2.02875e-05
4.7398e-05
2.27912e-05
4.5339e-05
2.44334e-05
4.38873e-05
2.50971e-05
4.33436e-05
2.56888e-05
4.3533e-05
2.66218e-05
2.80702e-05
-7.03965e-06
-2.77076e-05
-1.06684e-05
-3.65045e-05
-9.42764e-06
-3.5344e-05
-4.75485e-06
-2.89358e-05
-4.67179e-07
-2.42939e-05
7.21667e-07
-2.39084e-05
8.46921e-07
-2.38902e-05
1.02706e-06
-2.38547e-05
1.32777e-06
-2.39197e-05
1.58444e-06
-2.40263e-05
1.81039e-06
-2.40119e-05
1.99416e-06
-2.38388e-05
2.1335e-06
-2.35268e-05
2.27294e-06
-2.30864e-05
2.40533e-06
-2.25483e-05
2.48114e-06
-2.19253e-05
2.46885e-06
-2.11687e-05
2.28438e-06
-2.02345e-05
1.82713e-06
-1.91703e-05
9.77813e-07
-1.79525e-05
-4.18633e-07
-1.63258e-05
-2.32563e-06
-1.41315e-05
-4.34351e-06
-1.161e-05
-5.90034e-06
-8.95211e-06
-6.85033e-06
-5.66925e-06
-7.04319e-06
-1.67897e-06
-5.27623e-06
-1.85025e-06
3.6056e-08
-1.28383e-05
5.84088e-06
-2.69622e-05
1.06917e-05
-3.28162e-05
1.25334e-05
-3.17011e-05
1.40726e-05
-2.60385e-05
1.75451e-05
-1.91823e-05
2.50555e-05
-8.64013e-06
3.27986e-05
-2.65621e-06
3.98011e-05
3.08608e-06
4.10294e-05
1.60277e-05
4.75008e-05
1.38161e-05
4.97572e-05
2.05348e-05
4.99287e-05
2.42619e-05
4.86017e-05
2.64241e-05
4.67986e-05
2.74919e-05
4.53429e-05
2.80775e-05
4.45881e-05
2.8825e-05
2.99461e-05
-6.97692e-06
-2.07307e-05
-7.06444e-06
-3.6417e-05
-6.07187e-06
-3.63365e-05
-4.25124e-06
-3.07565e-05
-1.92422e-06
-2.66209e-05
-7.27128e-07
-2.51055e-05
-1.20729e-07
-2.44966e-05
3.93138e-07
-2.43686e-05
8.87234e-07
-2.44138e-05
1.32446e-06
-2.44635e-05
1.69842e-06
-2.43858e-05
2.01373e-06
-2.41541e-05
2.27702e-06
-2.37901e-05
2.50044e-06
-2.33098e-05
2.68148e-06
-2.27293e-05
2.79696e-06
-2.20408e-05
2.80835e-06
-2.11801e-05
2.65578e-06
-2.00819e-05
2.26256e-06
-1.87771e-05
1.56947e-06
-1.72594e-05
5.46059e-07
-1.53024e-05
-7.15704e-07
-1.28697e-05
-1.85654e-06
-1.04692e-05
-2.27546e-06
-8.53319e-06
-1.42069e-06
-6.52403e-06
1.36385e-06
-4.46353e-06
6.4776e-06
-6.96403e-06
1.0727e-05
-1.70877e-05
1.18191e-05
-2.80543e-05
1.17425e-05
-3.27396e-05
1.18491e-05
-3.18077e-05
1.32917e-05
-2.74811e-05
1.55019e-05
-2.13924e-05
2.04379e-05
-1.35762e-05
2.50133e-05
-7.23152e-06
3.18568e-05
-3.75743e-06
4.12095e-05
6.67501e-06
4.39704e-05
1.10552e-05
4.44212e-05
2.0084e-05
4.73258e-05
2.13573e-05
4.97552e-05
2.39947e-05
5.03324e-05
2.69148e-05
4.91254e-05
2.92845e-05
4.74028e-05
3.05476e-05
3.13984e-05
-4.5138e-06
-1.62169e-05
-5.22913e-06
-3.57016e-05
-4.82488e-06
-3.67408e-05
-3.49393e-06
-3.20874e-05
-2.0543e-06
-2.80606e-05
-9.91609e-07
-2.61682e-05
-1.64781e-07
-2.53235e-05
5.82017e-07
-2.51154e-05
1.25985e-06
-2.50916e-05
1.85026e-06
-2.5054e-05
2.3588e-06
-2.48943e-05
2.79909e-06
-2.45943e-05
3.18274e-06
-2.41737e-05
3.52109e-06
-2.36481e-05
3.81476e-06
-2.30229e-05
4.05164e-06
-2.22776e-05
4.21657e-06
-2.1345e-05
4.27912e-06
-2.01445e-05
4.1953e-06
-1.86932e-05
3.96124e-06
-1.70254e-05
3.64445e-06
-1.49856e-05
3.35075e-06
-1.2576e-05
3.2879e-06
-1.04063e-05
3.93042e-06
-9.17571e-06
5.94935e-06
-8.54298e-06
1.00236e-05
-8.53783e-06
1.46793e-05
-1.16197e-05
1.62452e-05
-1.86537e-05
1.3988e-05
-2.5797e-05
1.06294e-05
-2.93809e-05
7.5694e-06
-2.87477e-05
5.91702e-06
-2.58287e-05
6.38654e-06
-2.1862e-05
1.0185e-05
-1.73746e-05
1.60821e-05
-1.31286e-05
2.30659e-05
-1.07412e-05
3.33055e-05
-3.56458e-06
4.02721e-05
4.08859e-06
4.58702e-05
1.44859e-05
4.66946e-05
2.05329e-05
4.33662e-05
2.73231e-05
4.76768e-05
2.26042e-05
5.03219e-05
2.66394e-05
5.06664e-05
3.02031e-05
3.26373e-05
-4.23018e-06
-1.19867e-05
-5.1844e-06
-3.47473e-05
-4.39856e-06
-3.75266e-05
-3.14915e-06
-3.33368e-05
-1.98818e-06
-2.92215e-05
-1.02218e-06
-2.71342e-05
-1.27341e-07
-2.62183e-05
7.19607e-07
-2.59624e-05
1.48571e-06
-2.58578e-05
2.14878e-06
-2.5717e-05
2.71796e-06
-2.54635e-05
3.21543e-06
-2.50918e-05
3.66135e-06
-2.46196e-05
4.07074e-06
-2.40575e-05
4.44936e-06
-2.34015e-05
4.79611e-06
-2.26243e-05
5.1134e-06
-2.16623e-05
5.40519e-06
-2.04363e-05
5.66074e-06
-1.89487e-05
5.9023e-06
-1.72669e-05
6.25061e-06
-1.53339e-05
6.83299e-06
-1.31584e-05
7.70112e-06
-1.12744e-05
9.02593e-06
-1.05005e-05
1.13364e-05
-1.08535e-05
1.48111e-05
-1.20126e-05
1.78676e-05
-1.46763e-05
1.80796e-05
-1.88657e-05
1.53649e-05
-2.30824e-05
1.14449e-05
-2.54609e-05
8.20536e-06
-2.55082e-05
6.3768e-06
-2.40002e-05
6.01399e-06
-2.14991e-05
6.95589e-06
-1.83165e-05
8.62393e-06
-1.47966e-05
1.0239e-05
-1.23563e-05
1.55363e-05
-8.86188e-06
2.30883e-05
-3.46339e-06
3.29146e-05
4.65958e-06
4.08275e-05
1.262e-05
4.63182e-05
2.18324e-05
4.5593e-05
2.33294e-05
4.16119e-05
3.06205e-05
4.86635e-05
2.31515e-05
3.00482e-05
-4.16027e-06
-7.82637e-06
-4.89335e-06
-3.40142e-05
-3.95036e-06
-3.84696e-05
-2.85408e-06
-3.44331e-05
-1.83252e-06
-3.02431e-05
-8.92029e-07
-2.80747e-05
2.51466e-08
-2.71355e-05
8.94158e-07
-2.68314e-05
1.68364e-06
-2.66472e-05
2.37736e-06
-2.64107e-05
2.98663e-06
-2.60727e-05
3.53326e-06
-2.56384e-05
4.0362e-06
-2.51224e-05
4.50866e-06
-2.45299e-05
4.95888e-06
-2.38517e-05
5.39478e-06
-2.30602e-05
5.83618e-06
-2.21036e-05
6.31669e-06
-2.09168e-05
6.85722e-06
-1.94893e-05
7.48435e-06
-1.7894e-05
8.31805e-06
-1.61676e-05
9.52322e-06
-1.43635e-05
1.11211e-05
-1.28723e-05
1.30071e-05
-1.23865e-05
1.51762e-05
-1.30226e-05
1.75311e-05
-1.43675e-05
1.92044e-05
-1.63496e-05
1.92223e-05
-1.88835e-05
1.76512e-05
-2.15112e-05
1.54273e-05
-2.3237e-05
1.34854e-05
-2.35662e-05
1.2105e-05
-2.26197e-05
1.12558e-05
-2.06499e-05
1.08432e-05
-1.79039e-05
1.05488e-05
-1.45022e-05
9.15049e-06
-1.0958e-05
7.96969e-06
-7.68108e-06
9.83327e-06
-5.32698e-06
1.73897e-05
-2.89689e-06
2.758e-05
2.42977e-06
3.7234e-05
1.21785e-05
4.23088e-05
1.82547e-05
4.67474e-05
2.61819e-05
4.3957e-05
2.5942e-05
2.89556e-05
-3.88976e-06
-3.9366e-06
-4.45964e-06
-3.34443e-05
-3.53565e-06
-3.93935e-05
-2.49337e-06
-3.54753e-05
-1.53474e-06
-3.12017e-05
-6.17728e-07
-2.89918e-05
2.9471e-07
-2.8048e-05
1.15907e-06
-2.76958e-05
1.95196e-06
-2.74401e-05
2.66415e-06
-2.71229e-05
3.30806e-06
-2.67166e-05
3.90296e-06
-2.62332e-05
4.46501e-06
-2.56845e-05
5.0057e-06
-2.50706e-05
5.53464e-06
-2.43806e-05
6.06576e-06
-2.35913e-05
6.62794e-06
-2.26658e-05
7.27029e-06
-2.15591e-05
8.03883e-06
-2.02578e-05
8.96484e-06
-1.882e-05
1.01297e-05
-1.73325e-05
1.16698e-05
-1.59036e-05
1.36007e-05
-1.48031e-05
1.56657e-05
-1.44515e-05
1.75891e-05
-1.4946e-05
1.92054e-05
-1.59838e-05
2.02347e-05
-1.7379e-05
2.04489e-05
-1.90976e-05
1.9845e-05
-2.09073e-05
1.87728e-05
-2.21648e-05
1.7608e-05
-2.24014e-05
1.65646e-05
-2.15763e-05
1.57836e-05
-1.98689e-05
1.54322e-05
-1.75524e-05
1.58232e-05
-1.48932e-05
1.68506e-05
-1.19853e-05
1.80539e-05
-8.88443e-06
1.88572e-05
-6.13033e-06
2.03718e-05
-4.41146e-06
2.37063e-05
-9.04708e-07
3.04119e-05
5.47291e-06
3.71693e-05
1.14974e-05
4.33148e-05
2.00364e-05
4.5931e-05
2.33259e-05
2.74296e-05
-3.52987e-06
-4.0671e-07
-3.97871e-06
-3.29955e-05
-3.08288e-06
-4.02894e-05
-2.06968e-06
-3.64885e-05
-1.14448e-06
-3.21269e-05
-2.49929e-07
-2.98863e-05
6.40356e-07
-2.89383e-05
1.4934e-06
-2.85489e-05
2.28699e-06
-2.82338e-05
3.01624e-06
-2.78522e-05
3.69321e-06
-2.73936e-05
4.33434e-06
-2.68743e-05
4.95322e-06
-2.63033e-05
5.56035e-06
-2.56777e-05
6.16641e-06
-2.49866e-05
6.78806e-06
-2.4213e-05
7.45601e-06
-2.33338e-05
8.22076e-06
-2.23239e-05
9.1389e-06
-2.11759e-05
1.02497e-05
-1.99308e-05
1.15946e-05
-1.86774e-05
1.32307e-05
-1.75396e-05
1.51317e-05
-1.67041e-05
1.7068e-05
-1.63878e-05
1.87781e-05
-1.66562e-05
2.01404e-05
-1.7346e-05
2.10727e-05
-1.83112e-05
2.14863e-05
-1.95112e-05
2.1305e-05
-2.0726e-05
2.06723e-05
-2.15321e-05
1.98435e-05
-2.15726e-05
1.90388e-05
-2.07717e-05
1.84247e-05
-1.92548e-05
1.81257e-05
-1.72534e-05
1.82628e-05
-1.50304e-05
1.89484e-05
-1.2671e-05
2.02756e-05
-1.02116e-05
2.19814e-05
-7.83612e-06
2.28812e-05
-5.31129e-06
2.36097e-05
-1.6331e-06
2.66798e-05
2.40282e-06
3.172e-05
6.4572e-06
3.96848e-05
1.20717e-05
4.59892e-05
1.70214e-05
2.39613e-05
-3.0862e-06
2.6795e-06
-3.41421e-06
-3.26674e-05
-2.55025e-06
-4.11533e-05
-1.57784e-06
-3.74609e-05
-6.91015e-07
-3.30138e-05
1.68134e-07
-3.07455e-05
1.03494e-06
-2.98051e-05
1.87188e-06
-2.93858e-05
2.66218e-06
-2.90241e-05
3.40452e-06
-2.85945e-05
4.10967e-06
-2.80987e-05
4.79113e-06
-2.75558e-05
5.46042e-06
-2.69726e-05
6.12738e-06
-2.63446e-05
6.80302e-06
-2.56623e-05
7.5039e-06
-2.49139e-05
8.25742e-06
-2.40873e-05
9.10607e-06
-2.31725e-05
1.01016e-05
-2.21715e-05
1.12856e-05
-2.11148e-05
1.26799e-05
-2.00717e-05
1.42836e-05
-1.91433e-05
1.60373e-05
-1.84578e-05
1.77894e-05
-1.814e-05
1.93622e-05
-1.8229e-05
2.06628e-05
-1.86466e-05
2.16349e-05
-1.92832e-05
2.21681e-05
-2.00444e-05
2.22022e-05
-2.07601e-05
2.18333e-05
-2.11632e-05
2.12834e-05
-2.10227e-05
2.07776e-05
-2.02658e-05
2.04786e-05
-1.89558e-05
2.046e-05
-1.72348e-05
2.07107e-05
-1.5281e-05
2.12514e-05
-1.32117e-05
2.20919e-05
-1.1052e-05
2.30607e-05
-8.80493e-06
2.41522e-05
-6.40276e-06
2.60465e-05
-3.52735e-06
2.86438e-05
-1.94445e-07
3.16832e-05
3.41781e-06
3.63158e-05
7.43911e-06
4.17528e-05
1.15844e-05
1.68162e-05
-2.50221e-06
5.18171e-06
-2.72267e-06
-3.2447e-05
-1.91815e-06
-4.19578e-05
-1.01746e-06
-3.83616e-05
-1.92212e-07
-3.3839e-05
6.31358e-07
-3.1569e-05
1.46766e-06
-3.06414e-05
2.28494e-06
-3.02031e-05
3.06913e-06
-2.98083e-05
3.82101e-06
-2.93464e-05
4.54977e-06
-2.88275e-05
5.26618e-06
-2.82721e-05
5.97982e-06
-2.76862e-05
6.69977e-06
-2.70645e-05
7.43655e-06
-2.6399e-05
8.20484e-06
-2.56822e-05
9.02654e-06
-2.4909e-05
9.93311e-06
-2.40791e-05
1.0963e-05
-2.32014e-05
1.21504e-05
-2.23022e-05
1.35099e-05
-2.14311e-05
1.50254e-05
-2.06589e-05
1.66366e-05
-2.00691e-05
1.82345e-05
-1.97379e-05
1.96986e-05
-1.96931e-05
2.09415e-05
-1.98896e-05
2.18998e-05
-2.02414e-05
2.25073e-05
-2.0652e-05
2.27385e-05
-2.09913e-05
2.26655e-05
-2.10901e-05
2.24448e-05
-2.0802e-05
2.22488e-05
-2.00698e-05
2.22157e-05
-1.89227e-05
2.24219e-05
-1.74409e-05
2.28716e-05
-1.57308e-05
2.35412e-05
-1.38813e-05
2.44086e-05
-1.19194e-05
2.54225e-05
-9.81879e-06
2.65654e-05
-7.54564e-06
2.80657e-05
-5.02758e-06
3.01764e-05
-2.30506e-06
3.3017e-05
5.77136e-07
3.66097e-05
3.84644e-06
4.08688e-05
7.32535e-06
1.10761e-05
-1.73524e-06
6.91695e-06
-1.88944e-06
-3.22928e-05
-1.18849e-06
-4.26588e-05
-3.90591e-07
-3.91595e-05
3.70105e-07
-3.45997e-05
1.13372e-06
-3.23326e-05
1.93049e-06
-3.14382e-05
2.72552e-06
-3.09982e-05
3.50254e-06
-3.05853e-05
4.26202e-06
-3.01059e-05
5.01115e-06
-2.95766e-05
5.75814e-06
-2.90191e-05
6.5107e-06
-2.84387e-05
7.27679e-06
-2.78306e-05
8.06586e-06
-2.71881e-05
8.89014e-06
-2.65065e-05
9.76607e-06
-2.5785e-05
1.0715e-05
-2.50281e-05
1.17616e-05
-2.4248e-05
1.29275e-05
-2.34681e-05
1.4221e-05
-2.27246e-05
1.5627e-05
-2.20649e-05
1.70989e-05
-2.15409e-05
1.85576e-05
-2.11966e-05
1.99114e-05
-2.10469e-05
2.10848e-05
-2.10629e-05
2.20258e-05
-2.11824e-05
2.26997e-05
-2.13259e-05
2.31049e-05
-2.13964e-05
2.32966e-05
-2.12819e-05
2.33814e-05
-2.08868e-05
2.34797e-05
-2.01681e-05
2.36942e-05
-1.91373e-05
2.40931e-05
-1.78398e-05
2.46993e-05
-1.6337e-05
2.55006e-05
-1.46826e-05
2.6478e-05
-1.28969e-05
2.76249e-05
-1.09656e-05
2.89562e-05
-8.87698e-06
3.05637e-05
-6.63503e-06
3.25449e-05
-4.28627e-06
3.50203e-05
-1.89822e-06
3.83493e-05
5.17478e-07
4.258e-05
3.0946e-06
5.73496e-06
-8.42072e-07
7.75901e-06
-9.66572e-07
-3.21683e-05
-4.15228e-07
-4.32101e-05
2.54958e-07
-3.98297e-05
9.44061e-07
-3.52887e-05
1.65277e-06
-3.30413e-05
2.41012e-06
-3.21955e-05
3.18315e-06
-3.17712e-05
3.95349e-06
-3.13557e-05
4.71982e-06
-3.08722e-05
5.48705e-06
-3.03438e-05
6.26097e-06
-2.9793e-05
7.04745e-06
-2.92252e-05
7.85303e-06
-2.86362e-05
8.68567e-06
-2.80208e-05
9.55522e-06
-2.73761e-05
1.04736e-05
-2.67034e-05
1.14546e-05
-2.60091e-05
1.25123e-05
-2.53057e-05
1.36572e-05
-2.4613e-05
1.48907e-05
-2.39582e-05
1.6199e-05
-2.33733e-05
1.75479e-05
-2.28898e-05
1.88829e-05
-2.25316e-05
2.01396e-05
-2.23036e-05
2.12611e-05
-2.21844e-05
2.22073e-05
-2.21285e-05
2.29571e-05
-2.20758e-05
2.35161e-05
-2.19554e-05
2.39264e-05
-2.16922e-05
2.42619e-05
-2.12223e-05
2.46067e-05
-2.05129e-05
2.50349e-05
-1.95654e-05
2.56001e-05
-1.8405e-05
2.63306e-05
-1.70675e-05
2.72353e-05
-1.55872e-05
2.83242e-05
-1.39858e-05
2.96282e-05
-1.22695e-05
3.11892e-05
-1.0438e-05
3.30567e-05
-8.5025e-06
3.52716e-05
-6.5012e-06
3.78658e-05
-4.49241e-06
4.09273e-05
-2.54402e-06
4.47918e-05
-7.69809e-07
5.85028e-07
-4.98491e-08
7.80885e-06
1.06961e-08
-3.22289e-05
3.86946e-07
-4.35864e-05
8.98926e-07
-4.03416e-05
1.49914e-06
-3.58889e-05
2.16571e-06
-3.37079e-05
2.8922e-06
-3.2922e-05
3.64735e-06
-3.25264e-05
4.41319e-06
-3.21215e-05
5.18676e-06
-3.16458e-05
5.97075e-06
-3.11278e-05
6.76883e-06
-3.05911e-05
7.58507e-06
-3.00414e-05
8.42442e-06
-2.94756e-05
9.29318e-06
-2.88895e-05
1.01989e-05
-2.82818e-05
1.11501e-05
-2.76546e-05
1.21553e-05
-2.70144e-05
1.32217e-05
-2.63722e-05
1.43528e-05
-2.57441e-05
1.55449e-05
-2.51503e-05
1.67843e-05
-2.46127e-05
1.80452e-05
-2.41508e-05
1.92904e-05
-2.37768e-05
2.04767e-05
-2.34899e-05
2.15645e-05
-2.32722e-05
2.25254e-05
-2.30895e-05
2.33467e-05
-2.2897e-05
2.40353e-05
-2.2644e-05
2.46217e-05
-2.22786e-05
2.51568e-05
-2.17573e-05
2.56989e-05
-2.1055e-05
2.63024e-05
-2.01689e-05
2.70104e-05
-1.91131e-05
2.78539e-05
-1.7911e-05
2.88545e-05
-1.65878e-05
3.00335e-05
-1.51648e-05
3.14231e-05
-1.36592e-05
3.30727e-05
-1.20876e-05
3.50425e-05
-1.04723e-05
3.73935e-05
-8.85223e-06
4.01807e-05
-7.27956e-06
4.34611e-05
-5.82443e-06
4.73233e-05
-4.63197e-06
-4.04466e-06
5.71037e-07
7.2378e-06
6.72458e-07
-3.23303e-05
1.09858e-06
-4.40125e-05
1.49883e-06
-4.07419e-05
2.02342e-06
-3.64135e-05
2.65844e-06
-3.43429e-05
3.36492e-06
-3.36285e-05
4.1091e-06
-3.32705e-05
4.87427e-06
-3.28867e-05
5.65658e-06
-3.24281e-05
6.45695e-06
-3.19281e-05
7.27732e-06
-3.14114e-05
8.12014e-06
-3.08842e-05
8.98884e-06
-3.03443e-05
9.88797e-06
-2.97887e-05
1.0823e-05
-2.92169e-05
1.17997e-05
-2.86313e-05
1.28231e-05
-2.80378e-05
1.38966e-05
-2.74457e-05
1.50196e-05
-2.68671e-05
1.6186e-05
-2.63168e-05
1.73831e-05
-2.58097e-05
1.85902e-05
-2.53579e-05
1.97808e-05
-2.49674e-05
2.09256e-05
-2.46347e-05
2.1998e-05
-2.43446e-05
2.29798e-05
-2.40712e-05
2.38639e-05
-2.37811e-05
2.4657e-05
-2.34372e-05
2.53813e-05
-2.30029e-05
2.60717e-05
-2.24477e-05
2.677e-05
-2.17533e-05
2.7517e-05
-2.09159e-05
2.83484e-05
-1.99445e-05
2.92936e-05
-1.88562e-05
3.03774e-05
-1.76716e-05
3.16247e-05
-1.64121e-05
3.30653e-05
-1.50998e-05
3.47396e-05
-1.37618e-05
3.67003e-05
-1.24329e-05
3.90095e-05
-1.11615e-05
4.1745e-05
-1.0015e-05
4.49978e-05
-9.07715e-06
4.88107e-05
-8.44489e-06
-8.39079e-06
8.52554e-07
6.38524e-06
1.2506e-06
-3.27284e-05
1.64423e-06
-4.44061e-05
2.01449e-06
-4.11121e-05
2.50441e-06
-3.69034e-05
3.12211e-06
-3.49606e-05
3.81959e-06
-3.4326e-05
4.56087e-06
-3.40118e-05
5.33031e-06
-3.36561e-05
6.12377e-06
-3.32216e-05
6.94101e-06
-3.27454e-05
7.78266e-06
-3.22531e-05
8.64988e-06
-3.17515e-05
9.54472e-06
-3.12391e-05
1.04702e-05
-3.07141e-05
1.14298e-05
-3.01765e-05
1.24272e-05
-2.96288e-05
1.34653e-05
-2.90759e-05
1.45448e-05
-2.85251e-05
1.56634e-05
-2.79857e-05
1.68146e-05
-2.74681e-05
1.7987e-05
-2.6982e-05
1.91641e-05
-2.65351e-05
2.03263e-05
-2.61296e-05
2.1453e-05
-2.57614e-05
2.25262e-05
-2.54179e-05
2.35344e-05
-2.50794e-05
2.4474e-05
-2.47208e-05
2.53515e-05
-2.43147e-05
2.61834e-05
-2.38349e-05
2.69953e-05
-2.32596e-05
2.78178e-05
-2.25758e-05
2.86822e-05
-2.17803e-05
2.96175e-05
-2.08798e-05
3.06491e-05
-1.98878e-05
3.18003e-05
-1.88228e-05
3.30945e-05
-1.77062e-05
3.45577e-05
-1.6563e-05
3.62203e-05
-1.54245e-05
3.81194e-05
-1.4332e-05
4.02987e-05
-1.33407e-05
4.28111e-05
-1.25274e-05
4.57333e-05
-1.19994e-05
4.91524e-05
-1.1864e-05
-1.22801e-05
1.00069e-06
5.38455e-06
1.6857e-06
-3.34134e-05
2.08666e-06
-4.4807e-05
2.44783e-06
-4.14732e-05
2.93333e-06
-3.73888e-05
3.5505e-06
-3.55777e-05
4.2502e-06
-3.50256e-05
4.9969e-06
-3.47585e-05
5.77607e-06
-3.44353e-05
6.58371e-06
-3.40292e-05
7.41899e-06
-3.35807e-05
8.28167e-06
-3.31158e-05
9.17197e-06
-3.26418e-05
1.00908e-05
-3.2158e-05
1.104e-05
-3.16633e-05
1.20214e-05
-3.1158e-05
1.30372e-05
-3.06445e-05
1.40883e-05
-3.0127e-05
1.51743e-05
-2.96111e-05
1.62921e-05
-2.91036e-05
1.74355e-05
-2.86115e-05
1.85948e-05
-2.81413e-05
1.9757e-05
-2.76973e-05
2.09075e-05
-2.72801e-05
2.20314e-05
-2.68853e-05
2.31163e-05
-2.65028e-05
2.41546e-05
-2.61177e-05
2.51449e-05
-2.57111e-05
2.60929e-05
-2.52628e-05
2.70118e-05
-2.47538e-05
2.79208e-05
-2.41686e-05
2.88427e-05
-2.34977e-05
2.98018e-05
-2.27394e-05
3.08211e-05
-2.1899e-05
3.19215e-05
-2.09883e-05
3.31226e-05
-2.00239e-05
3.44433e-05
-1.90269e-05
3.59039e-05
-1.80236e-05
3.7526e-05
-1.70466e-05
3.93327e-05
-1.61386e-05
4.13478e-05
-1.53558e-05
4.35932e-05
-1.47728e-05
4.60891e-05
-1.44953e-05
4.88837e-05
-1.46586e-05
-1.54053e-05
1.06879e-06
4.31575e-06
1.98907e-06
-3.43337e-05
2.4291e-06
-4.52471e-05
2.80438e-06
-4.18485e-05
3.30777e-06
-3.78922e-05
3.94023e-06
-3.62102e-05
4.65309e-06
-3.57385e-05
5.4132e-06
-3.55186e-05
6.20755e-06
-3.52296e-05
7.0327e-06
-3.48544e-05
7.88768e-06
-3.44357e-05
8.77178e-06
-3.39999e-05
9.68462e-06
-3.35546e-05
1.06263e-05
-3.30998e-05
1.15977e-05
-3.26346e-05
1.25995e-05
-3.21599e-05
1.36327e-05
-3.16777e-05
1.46971e-05
-3.11914e-05
1.57914e-05
-3.07055e-05
1.69124e-05
-3.02245e-05
1.80544e-05
-2.97535e-05
1.92094e-05
-2.92963e-05
2.03674e-05
-2.88554e-05
2.15174e-05
-2.843e-05
2.26485e-05
-2.80163e-05
2.37519e-05
-2.76063e-05
2.48226e-05
-2.71884e-05
2.58603e-05
-2.67487e-05
2.68698e-05
-2.62724e-05
2.78615e-05
-2.57455e-05
2.885e-05
-2.51571e-05
2.98526e-05
-2.45004e-05
3.08879e-05
-2.37747e-05
3.19736e-05
-2.29847e-05
3.31262e-05
-2.21409e-05
3.43608e-05
-2.12585e-05
3.56914e-05
-2.03575e-05
3.71311e-05
-1.94634e-05
3.86927e-05
-1.86082e-05
4.03867e-05
-1.78326e-05
4.222e-05
-1.71892e-05
4.41927e-05
-1.67455e-05
4.6287e-05
-1.65896e-05
4.84711e-05
-1.68428e-05
-1.76592e-05
1.11015e-06
3.20558e-06
2.17351e-06
-3.53971e-05
2.68049e-06
-4.57541e-05
3.0934e-06
-4.22614e-05
3.63088e-06
-3.84297e-05
4.29117e-06
-3.68704e-05
5.02676e-06
-3.64741e-05
5.80741e-06
-3.62993e-05
6.62203e-06
-3.60443e-05
7.46802e-06
-3.57004e-05
8.34461e-06
-3.53123e-05
9.251e-06
-3.49063e-05
1.01865e-05
-3.44901e-05
1.11506e-05
-3.4064e-05
1.21435e-05
-3.36275e-05
1.31653e-05
-3.31817e-05
1.42159e-05
-3.27283e-05
1.52947e-05
-3.22702e-05
1.63998e-05
-3.18106e-05
1.75281e-05
-3.13528e-05
1.86747e-05
-3.09e-05
1.9833e-05
-3.04547e-05
2.09953e-05
-3.00177e-05
2.21532e-05
-2.95879e-05
2.32988e-05
-2.91619e-05
2.44257e-05
-2.87332e-05
2.55305e-05
-2.82932e-05
2.66133e-05
-2.78315e-05
2.7678e-05
-2.73372e-05
2.87327e-05
-2.68002e-05
2.97883e-05
-2.62127e-05
3.08579e-05
-2.557e-05
3.19553e-05
-2.48721e-05
3.3094e-05
-2.41233e-05
3.4286e-05
-2.33329e-05
3.55421e-05
-2.25146e-05
3.68711e-05
-2.16865e-05
3.82795e-05
-2.08719e-05
3.97713e-05
-2.01e-05
4.13459e-05
-1.94072e-05
4.29958e-05
-1.88392e-05
4.4703e-05
-1.84526e-05
4.64313e-05
-1.8318e-05
4.811e-05
-1.85214e-05
-1.91788e-05
1.12547e-06
2.0801e-06
2.27753e-06
-3.65492e-05
2.85855e-06
-4.63351e-05
3.32583e-06
-4.27287e-05
3.90857e-06
-3.90124e-05
4.60571e-06
-3.75676e-05
5.37158e-06
-3.724e-05
6.1787e-06
-3.71064e-05
7.01797e-06
-3.68835e-05
7.88787e-06
-3.65703e-05
8.78807e-06
-3.62125e-05
9.71789e-06
-3.58361e-05
1.06765e-05
-3.54487e-05
1.16632e-05
-3.50507e-05
1.26777e-05
-3.46421e-05
1.37197e-05
-3.42237e-05
1.47885e-05
-3.37972e-05
1.58832e-05
-3.33649e-05
1.70018e-05
-3.29292e-05
1.81413e-05
-3.24923e-05
1.92976e-05
-3.20564e-05
2.04655e-05
-3.16225e-05
2.16388e-05
-3.1191e-05
2.28113e-05
-3.07604e-05
2.3977e-05
-3.03276e-05
2.51313e-05
-2.98875e-05
2.62716e-05
-2.94336e-05
2.73982e-05
-2.89581e-05
2.85141e-05
-2.84531e-05
2.9625e-05
-2.79112e-05
3.07392e-05
-2.73269e-05
3.18662e-05
-2.6697e-05
3.30161e-05
-2.6022e-05
3.41985e-05
-2.53057e-05
3.54216e-05
-2.4556e-05
3.66919e-05
-2.37849e-05
3.80135e-05
-2.3008e-05
3.93872e-05
-2.22456e-05
4.08097e-05
-2.15225e-05
4.22717e-05
-2.08692e-05
4.37549e-05
-2.03224e-05
4.52282e-05
-1.99259e-05
4.66413e-05
-1.97312e-05
4.79157e-05
-1.97958e-05
-2.0182e-05
1.12084e-06
9.59233e-07
2.33024e-06
-3.77586e-05
2.98291e-06
-4.69878e-05
3.51304e-06
-4.32589e-05
4.14787e-06
-3.96473e-05
4.8878e-06
-3.83075e-05
5.68936e-06
-3.80415e-05
6.52747e-06
-3.79445e-05
7.39494e-06
-3.7751e-05
8.29137e-06
-3.74667e-05
9.21705e-06
-3.71382e-05
1.01715e-05
-3.67906e-05
1.11541e-05
-3.64312e-05
1.21639e-05
-3.60606e-05
1.32005e-05
-3.56787e-05
1.42633e-05
-3.52865e-05
1.53515e-05
-3.48854e-05
1.64639e-05
-3.44773e-05
1.75985e-05
-3.40638e-05
1.87528e-05
-3.36466e-05
1.99232e-05
-3.32268e-05
2.11056e-05
-3.2805e-05
2.22952e-05
-3.23807e-05
2.34873e-05
-3.19525e-05
2.46774e-05
-3.15177e-05
2.5862e-05
-3.10721e-05
2.70391e-05
-3.06107e-05
2.82088e-05
-3.01278e-05
2.9373e-05
-2.96174e-05
3.05359e-05
-2.90742e-05
3.17033e-05
-2.84942e-05
3.28817e-05
-2.78754e-05
3.40781e-05
-2.72183e-05
3.52987e-05
-2.65263e-05
3.65486e-05
-2.58059e-05
3.78306e-05
-2.50668e-05
3.91446e-05
-2.43221e-05
4.04871e-05
-2.35881e-05
4.18492e-05
-2.28847e-05
4.32157e-05
-2.22357e-05
4.45616e-05
-2.16683e-05
4.58489e-05
-2.12132e-05
4.70211e-05
-2.09034e-05
4.79971e-05
-2.07718e-05
-2.08475e-05
1.10595e-06
-1.46738e-07
2.35163e-06
-3.90043e-05
3.07085e-06
-4.7707e-05
3.66605e-06
-4.38541e-05
4.35604e-06
-4.03373e-05
5.14214e-06
-3.90936e-05
5.98282e-06
-3.88822e-05
6.85506e-06
-3.88167e-05
7.75334e-06
-3.86493e-05
8.67839e-06
-3.83917e-05
9.63114e-06
-3.80909e-05
1.06115e-05
-3.7771e-05
1.16189e-05
-3.74386e-05
1.26526e-05
-3.70943e-05
1.37121e-05
-3.67382e-05
1.47967e-05
-3.63711e-05
1.59055e-05
-3.59943e-05
1.70374e-05
-3.56091e-05
1.81905e-05
-3.5217e-05
1.93626e-05
-3.48187e-05
2.05509e-05
-3.44151e-05
2.17519e-05
-3.4006e-05
2.2962e-05
-3.35909e-05
2.41776e-05
-3.31681e-05
2.53952e-05
-3.27353e-05
2.66122e-05
-3.22891e-05
2.7827e-05
-3.18255e-05
2.90393e-05
-3.13401e-05
3.02503e-05
-3.08284e-05
3.14626e-05
-3.02865e-05
3.26799e-05
-2.97115e-05
3.39065e-05
-2.9102e-05
3.51465e-05
-2.84584e-05
3.64037e-05
-2.77835e-05
3.768e-05
-2.70822e-05
3.89753e-05
-2.63621e-05
4.02866e-05
-2.56334e-05
4.16068e-05
-2.49083e-05
4.2924e-05
-2.42019e-05
4.42191e-05
-2.35308e-05
4.54643e-05
-2.29135e-05
4.66199e-05
-2.23689e-05
4.76307e-05
-2.19142e-05
4.84205e-05
-2.15617e-05
-2.13147e-05
1.08958e-06
-1.23634e-06
2.35689e-06
-4.02716e-05
3.13609e-06
-4.84863e-05
3.7945e-06
-4.45125e-05
4.53989e-06
-4.10827e-05
5.37348e-06
-3.99272e-05
6.2551e-06
-3.97638e-05
7.16333e-06
-3.9725e-05
8.09413e-06
-3.95801e-05
9.04928e-06
-3.93469e-05
1.00303e-05
-3.9072e-05
1.10376e-05
-3.87783e-05
1.20708e-05
-3.84718e-05
1.31292e-05
-3.81528e-05
1.42124e-05
-3.78215e-05
1.53199e-05
-3.74786e-05
1.64508e-05
-3.71252e-05
1.76039e-05
-3.67623e-05
1.87778e-05
-3.63909e-05
1.99706e-05
-3.60115e-05
2.11798e-05
-3.56243e-05
2.24028e-05
-3.52291e-05
2.36369e-05
-3.48249e-05
2.4879e-05
-3.44103e-05
2.61267e-05
-3.3983e-05
2.73779e-05
-3.35403e-05
2.86311e-05
-3.30787e-05
2.98859e-05
-3.25949e-05
3.11428e-05
-3.20853e-05
3.24032e-05
-3.15469e-05
3.36691e-05
-3.09774e-05
3.49427e-05
-3.03757e-05
3.62262e-05
-2.97419e-05
3.75208e-05
-2.9078e-05
3.88262e-05
-2.83876e-05
4.01402e-05
-2.76761e-05
4.14574e-05
-2.69506e-05
4.27688e-05
-2.62198e-05
4.40605e-05
-2.54935e-05
4.53123e-05
-2.47826e-05
4.64963e-05
-2.40975e-05
4.75747e-05
-2.34473e-05
4.84977e-05
-2.28372e-05
4.92011e-05
-2.22651e-05
-2.17176e-05
1.07616e-06
-2.31252e-06
2.35659e-06
-4.15521e-05
3.1886e-06
-4.93183e-05
3.90602e-06
-4.52299e-05
4.70518e-06
-4.18819e-05
5.58613e-06
-4.08082e-05
6.50923e-06
-4.06869e-05
7.45427e-06
-4.067e-05
8.41851e-06
-4.05443e-05
9.40468e-06
-4.0333e-05
1.04149e-05
-4.00822e-05
1.14499e-05
-3.98133e-05
1.25096e-05
-3.95314e-05
1.35935e-05
-3.92368e-05
1.47015e-05
-3.89294e-05
1.58329e-05
-3.861e-05
1.69871e-05
-3.82794e-05
1.81633e-05
-3.79385e-05
1.936e-05
-3.75877e-05
2.05758e-05
-3.72273e-05
2.18087e-05
-3.68573e-05
2.30567e-05
-3.64771e-05
2.43175e-05
-3.60857e-05
2.5589e-05
-3.56818e-05
2.6869e-05
-3.52631e-05
2.81559e-05
-3.48272e-05
2.94486e-05
-3.43714e-05
3.07463e-05
-3.38926e-05
3.20489e-05
-3.33881e-05
3.33571e-05
-3.28551e-05
3.46714e-05
-3.22918e-05
3.59926e-05
-3.16969e-05
3.7321e-05
-3.10703e-05
3.86561e-05
-3.04131e-05
3.9996e-05
-2.97274e-05
4.13365e-05
-2.90166e-05
4.2671e-05
-2.82851e-05
4.39895e-05
-2.75382e-05
4.52773e-05
-2.67814e-05
4.6515e-05
-2.60203e-05
4.76765e-05
-2.5259e-05
4.87283e-05
-2.44991e-05
4.96285e-05
-2.37374e-05
5.03258e-05
-2.29625e-05
-2.21523e-05
1.06914e-06
-3.38167e-06
2.35793e-06
-4.28409e-05
3.23525e-06
-5.01956e-05
4.00625e-06
-4.6001e-05
4.85653e-06
-4.27321e-05
5.78372e-06
-4.17354e-05
6.74789e-06
-4.16511e-05
7.72973e-06
-4.16518e-05
8.72767e-06
-4.15422e-05
9.74528e-06
-4.13506e-05
1.07852e-05
-4.11221e-05
1.18485e-05
-4.08766e-05
1.29352e-05
-4.06182e-05
1.40454e-05
-4.0347e-05
1.51789e-05
-4.00629e-05
1.63353e-05
-3.97664e-05
1.75142e-05
-3.94583e-05
1.87148e-05
-3.91391e-05
1.99362e-05
-3.88091e-05
2.11772e-05
-3.84682e-05
2.24362e-05
2.37116e-05
2.50018e-05
2.63049e-05
2.76194e-05
2.89438e-05
3.02771e-05
3.16185e-05
3.29676e-05
3.43241e-05
3.56878e-05
3.70583e-05
3.84346e-05
3.98148e-05
4.11957e-05
4.25723e-05
4.3937e-05
4.52795e-05
4.65858e-05
4.78377e-05
4.90124e-05
5.00818e-05
5.10125e-05
5.1766e-05
1.07063e-06
2.36548e-06
3.28047e-06
4.09918e-06
4.99745e-06
5.96915e-06
6.97329e-06
7.99129e-06
9.02265e-06
1.00717e-05
1.11415e-05
1.22333e-05
1.33476e-05
1.44846e-05
1.56442e-05
1.68265e-05
1.80312e-05
1.92577e-05
2.05054e-05
)
;

boundaryField
{
    leftWall
    {
        type            calculated;
        value           uniform 0;
    }
    rightWall
    {
        type            calculated;
        value           nonuniform 0();
    }
    lowerWall
    {
        type            calculated;
        value           uniform 0;
    }
    atmosphere
    {
        type            calculated;
        value           nonuniform 0();
    }
    defaultFaces
    {
        type            empty;
        value           nonuniform 0();
    }
    procBoundary0to1
    {
        type            processor;
        value           nonuniform List<scalar> 
44
(
-2.2616e-05
-1.93248e-05
-6.82601e-06
6.77145e-06
1.60216e-05
2.18742e-05
2.37705e-05
2.36918e-05
2.34456e-05
2.43331e-05
2.82264e-05
3.28469e-05
3.60918e-05
3.8087e-05
3.94877e-05
4.05459e-05
4.1457e-05
4.25137e-05
4.3494e-05
4.38774e-05
-2.97166e-05
4.43586e-05
4.59506e-05
4.94275e-05
5.12525e-05
4.50496e-05
4.74571e-05
4.94577e-05
4.8898e-05
4.66089e-05
4.79211e-05
4.99417e-05
5.19531e-05
5.3157e-05
5.30419e-05
5.20092e-05
5.0725e-05
4.96297e-05
4.89189e-05
4.86626e-05
4.88878e-05
4.9604e-05
5.07607e-05
5.23015e-05
)
;
    }
    procBoundary0to2
    {
        type            processor;
        value           nonuniform List<scalar> 
46
(
-3.81163e-05
-3.77525e-05
-3.73758e-05
-3.69848e-05
-3.65775e-05
-3.61517e-05
-3.57048e-05
-3.52341e-05
-3.47372e-05
-3.42116e-05
-3.36554e-05
-3.30674e-05
-3.24467e-05
-3.17934e-05
-3.11084e-05
-3.03932e-05
-2.96498e-05
-2.88806e-05
-2.80877e-05
-2.72722e-05
-2.64337e-05
-2.55684e-05
-2.46679e-05
-2.3716e-05
-2.26869e-05
-4.45236e-06
-4.41358e-05
-5.11107e-05
-4.68197e-05
-4.36304e-05
-4.27071e-05
-4.26552e-05
-4.26698e-05
-4.25736e-05
-4.23997e-05
-4.21919e-05
-4.19684e-05
-4.17325e-05
-4.14839e-05
-4.12225e-05
-4.09487e-05
-4.0663e-05
-4.03657e-05
-4.00568e-05
2.17733e-05
-3.97363e-05
)
;
    }
}


// ************************************************************************* //
