/*--------------------------------*- C++ -*----------------------------------*\
| =========                 |                                                 |
| \\      /  F ield         | OpenFOAM: The Open Source CFD Toolbox           |
|  \\    /   O peration     | Version:  3.0.1                                 |
|   \\  /    A nd           | Web:      www.OpenFOAM.org                      |
|    \\/     M anipulation  |                                                 |
\*---------------------------------------------------------------------------*/
FoamFile
{
    version     2.0;
    format      ascii;
    class       volScalarField;
    location    "0.3";
    object      p;
}
// * * * * * * * * * * * * * * * * * * * * * * * * * * * * * * * * * * * * * //

dimensions      [0 2 -2 0 0 0 0];

internalField   nonuniform List<scalar> 
400
(
-4.05884e-09
-0.000452154
-0.000887453
-0.00114351
-0.00113436
-0.000827833
-0.000221353
0.000672354
0.00182678
0.00319533
0.00470337
0.00624311
0.0076785
0.00885995
0.00965308
0.00997538
0.00983234
0.0093391
0.00870574
0.00824293
0.000446342
-2.06861e-05
-0.000349754
-0.00049074
-0.000420198
-0.000116323
0.000426461
0.00120138
0.00218941
0.00335362
0.00463262
0.0059395
0.0071603
0.00817231
0.00886603
0.00917558
0.00910752
0.00875258
0.00825729
0.00779041
0.000908652
0.000277989
-7.31719e-05
-0.000186857
-0.000103067
0.000183962
0.000677336
0.00137406
0.00226347
0.00331964
0.00449331
0.00570751
0.00685734
0.00782323
0.00849306
0.00879338
0.00872049
0.00835037
0.0077852
0.00712417
0.00119687
0.000351743
-8.08854e-05
-0.000216349
-0.000150536
0.000107023
0.000556392
0.00119872
0.00203307
0.00304573
0.00419856
0.00542324
0.00661186
0.0076331
0.00835274
0.00867023
0.00855984
0.00808692
0.0073334
0.00638122
0.00116038
0.000102991
-0.00042485
-0.000601158
-0.000570159
-0.000353379
4.8471e-05
0.000642908
0.00144122
0.00244463
0.00362811
0.0049357
0.00625072
0.00742195
0.00827791
0.00867143
0.00853789
0.00792716
0.00691337
0.00558905
0.000678567
-0.000579396
-0.00120574
-0.00143471
-0.00145329
-0.0012921
-0.000950081
-0.00041061
0.000353363
0.00136407
0.00262006
0.00406579
0.00559661
0.00703299
0.00814959
0.00872638
0.00863102
0.00787955
0.006537
0.00472703
-0.000351192
-0.00179836
-0.00252452
-0.00281748
-0.00290429
-0.00282327
-0.00257006
-0.00211642
-0.0014152
-0.000416738
0.000908386
0.00253716
0.00437245
0.00621437
0.00777109
0.0087144
0.00879557
0.00795351
0.00621779
0.00375458
-0.00202279
-0.00364952
-0.0044773
-0.00484813
-0.00502959
-0.00506875
-0.00495828
-0.00465726
-0.00409419
-0.00318223
-0.00184303
-4.4304e-05
0.00215632
0.00455926
0.00680248
0.00840762
0.00893323
0.00815479
0.0059924
0.00264729
-0.00442374
-0.00622241
-0.00715436
-0.0076193
-0.00792968
-0.00814574
-0.00826064
-0.0082226
-0.00793391
-0.00726083
-0.00605365
-0.00418751
-0.00163042
0.00146992
0.00470445
0.00740961
0.00884658
0.00847602
0.00594731
0.00144086
-0.0076332
-0.00959888
-0.0106343
-0.0112049
-0.011678
-0.0121361
-0.0125806
-0.0129551
-0.0131385
-0.0129445
-0.0121297
-0.0104297
-0.00765495
-0.00380729
0.000729766
0.00511102
0.00818822
0.00887727
0.00625228
0.000301728
-0.0117207
-0.0138528
-0.014977
-0.0156418
-0.01629
-0.0170408
-0.0179159
-0.0188658
-0.0197552
-0.020347
-0.020291
-0.0191448
-0.0164592
-0.0119849
-0.00593456
0.000755169
0.00646667
0.00928545
0.00721352
-0.000341814
-0.0167534
-0.019057
-0.0202189
-0.0209097
-0.0216862
-0.022726
-0.0240857
-0.0257364
-0.0275424
-0.0292261
-0.0303291
-0.0302013
-0.0280789
-0.0233207
-0.0157739
-0.00625764
0.00322627
0.00968522
0.00937623
0.000441816
-0.0228258
-0.0253059
-0.0263737
-0.0269102
-0.0276572
-0.0288773
-0.0306736
-0.0330483
-0.0358762
-0.0388526
-0.0414226
-0.0427278
-0.0416469
-0.0370992
-0.0283435
-0.0157783
-0.00148971
0.0104098
0.0137472
0.00449729
-0.0301407
-0.0327654
-0.03344
-0.0334496
-0.0338407
-0.0349833
-0.0370254
-0.0399959
-0.0437786
-0.0480437
-0.0521506
-0.0550492
-0.0552552
-0.0513448
-0.0417737
-0.026253
-0.00647805
0.0126576
0.022214
0.0151487
-0.0392051
-0.0417664
-0.041404
-0.0402168
-0.0397164
-0.0403665
-0.0423254
-0.0456186
-0.0501115
-0.0554279
-0.0608366
-0.0651418
-0.0666788
-0.0631823
-0.0528714
-0.0345168
-0.00892337
0.019005
0.038013
0.0375863
-0.0512802
-0.0529605
-0.0502071
-0.0467418
-0.0446184
-0.0442603
-0.0457431
-0.0490204
-0.0538784
-0.0598435
-0.0660644
-0.0711403
-0.0731331
-0.0695849
-0.0580151
-0.036444
-0.00461562
0.0335757
0.0658577
0.0785633
-0.0694599
-0.06757
-0.0597269
-0.0524298
-0.0478364
-0.0459685
-0.046645
-0.0496306
-0.0545421
-0.0607349
-0.0671595
-0.0722162
-0.073697
-0.0688274
-0.0546159
-0.0284607
0.0109336
0.0616354
0.112015
0.147436
-0.102088
-0.0874339
-0.069615
-0.0565367
-0.0486232
-0.0449019
-0.0446687
-0.0473048
-0.0521289
-0.058253
-0.0644032
-0.0687519
-0.0688252
-0.0614576
-0.0431439
-0.0103544
0.0396423
0.106802
0.184828
0.264948
-0.175042
-0.112166
-0.0742989
-0.0541509
-0.0433626
-0.0385413
-0.0381868
-0.0411231
-0.0462845
-0.0525563
-0.0585179
-0.0622159
-0.0610431
-0.0513623
-0.0293407
0.01002
0.072384
0.163676
0.291175
0.465592
-0.341898
-0.133655
-0.0552468
-0.0332405
-0.0248818
-0.022291
-0.0241894
-0.0291826
-0.0359712
-0.0434062
-0.0501225
-0.0542405
-0.0532678
-0.0441598
-0.0219555
0.019086
0.0883262
0.204126
0.401718
0.731085
)
;

boundaryField
{
    movingWall
    {
        type            zeroGradient;
    }
    fixedWalls
    {
        type            zeroGradient;
    }
    frontAndBack
    {
        type            empty;
    }
}


// ************************************************************************* //
