/*--------------------------------*- C++ -*----------------------------------*\
| =========                 |                                                 |
| \\      /  F ield         | OpenFOAM: The Open Source CFD Toolbox           |
|  \\    /   O peration     | Version:  3.0.1                                 |
|   \\  /    A nd           | Web:      www.OpenFOAM.org                      |
|    \\/     M anipulation  |                                                 |
\*---------------------------------------------------------------------------*/
FoamFile
{
    version     2.0;
    format      ascii;
    class       surfaceScalarField;
    location    "0.3";
    object      phi;
}
// * * * * * * * * * * * * * * * * * * * * * * * * * * * * * * * * * * * * * //

dimensions      [0 3 -1 0 0 0 0];

internalField   nonuniform List<scalar> 
760
(
4.34922e-09
-4.34903e-09
-3.16495e-08
3.59988e-08
-1.05441e-07
7.37919e-08
-2.02531e-07
9.70903e-08
-3.10015e-07
1.07484e-07
-4.17773e-07
1.07758e-07
-5.17606e-07
9.98321e-08
-6.02183e-07
8.45769e-08
-6.64356e-07
6.2173e-08
-6.9716e-07
3.28048e-08
-6.94544e-07
-2.61612e-09
-6.52878e-07
-4.16664e-08
-5.72666e-07
-8.02116e-08
-4.60225e-07
-1.1244e-07
-3.28366e-07
-1.31859e-07
-1.95509e-07
-1.32858e-07
-8.2788e-08
-1.12721e-07
-9.29669e-09
-7.34915e-08
1.48551e-08
-2.4152e-08
1.48552e-08
-3.65273e-08
3.21781e-08
-1.6028e-07
1.59751e-07
-3.55562e-07
2.69072e-07
-5.96958e-07
3.38485e-07
-8.59112e-07
3.69639e-07
-1.11957e-06
3.68218e-07
-1.35866e-06
3.38922e-07
-1.55848e-06
2.84393e-07
-1.70222e-06
2.05913e-07
-1.77456e-06
1.05144e-07
-1.76343e-06
-1.37405e-08
-1.66234e-06
-1.42756e-07
-1.47422e-06
-2.68337e-07
-1.21376e-06
-3.72898e-07
-9.0854e-07
-4.37079e-07
-5.9687e-07
-4.44529e-07
-3.21751e-07
-3.8784e-07
-1.21304e-07
-2.73939e-07
-1.75458e-08
-1.2791e-07
-2.69046e-09
-8.17455e-08
1.13924e-07
-2.92873e-07
3.7088e-07
-5.97887e-07
5.74087e-07
-9.60626e-07
7.01223e-07
-1.34732e-06
7.56329e-07
-1.72784e-06
7.48738e-07
-2.07524e-06
6.86322e-07
-2.36469e-06
5.73843e-07
-2.57293e-06
4.14154e-07
-2.67893e-06
2.11147e-07
-2.66605e-06
-2.66247e-08
-2.5253e-06
-2.83501e-07
-2.25982e-06
-5.33822e-07
-1.88838e-06
-7.44331e-07
-1.4472e-06
-8.78261e-07
-9.87728e-07
-9.04002e-07
-5.69268e-07
-8.063e-07
-2.46596e-07
-5.96611e-07
-5.52607e-08
-3.19245e-07
-5.79511e-08
-1.21259e-07
2.35182e-07
-4.13623e-07
6.63244e-07
-8.19885e-07
9.80348e-07
-1.29178e-06
1.17312e-06
-1.78819e-06
1.25274e-06
-2.27378e-06
1.23433e-06
-2.71716e-06
1.1297e-06
-3.08912e-06
9.45807e-07
-3.36181e-06
6.86841e-07
-3.50922e-06
3.58566e-07
-3.50969e-06
-2.6155e-08
-3.34921e-06
-4.43983e-07
-3.0276e-06
-8.55438e-07
-2.56328e-06
-1.20864e-06
-1.99719e-06
-1.44436e-06
-1.39205e-06
-1.50914e-06
-8.24893e-07
-1.37345e-06
-3.71964e-07
-1.04954e-06
-8.9749e-08
-6.0146e-07
-1.477e-07
-1.55876e-07
3.91057e-07
-5.22829e-07
1.0302e-06
-1.02326e-06
1.48078e-06
-1.59684e-06
1.7467e-06
-2.19592e-06
1.85182e-06
-2.78156e-06
1.81997e-06
-3.3199e-06
1.66804e-06
-3.77918e-06
1.40508e-06
-4.12794e-06
1.0356e-06
-4.33495e-06
5.65582e-07
-4.37191e-06
1.08021e-08
-4.216e-06
-5.99893e-07
-3.85907e-06
-1.21237e-06
-3.31389e-06
-1.75382e-06
-2.62212e-06
-2.13613e-06
-1.85723e-06
-2.27403e-06
-1.11831e-06
-2.11237e-06
-5.1192e-07
-1.65593e-06
-1.25082e-07
-9.88298e-07
-2.72783e-07
-1.87173e-07
5.78231e-07
-6.23239e-07
1.46626e-06
-1.21219e-06
2.06973e-06
-1.88256e-06
2.41707e-06
-2.58121e-06
2.55047e-06
-3.26713e-06
2.50589e-06
-3.90574e-06
2.30665e-06
-4.46421e-06
1.96355e-06
-4.90831e-06
1.47971e-06
-5.20137e-06
8.58639e-07
-5.30503e-06
1.14462e-07
-5.18566e-06
-7.19261e-07
-4.82e-06
-1.57803e-06
-4.20858e-06
-2.36524e-06
-3.38797e-06
-2.95674e-06
-2.44027e-06
-3.22173e-06
-1.49134e-06
-3.06131e-06
-6.90089e-07
-2.45718e-06
-1.69103e-07
-1.50928e-06
-4.41886e-07
-2.1621e-07
7.94441e-07
-7.16982e-07
1.96703e-06
-1.38949e-06
2.74224e-06
-2.15229e-06
3.17987e-06
-2.94804e-06
3.34621e-06
-3.73527e-06
3.29312e-06
-4.48049e-06
3.05188e-06
-5.15153e-06
2.63459e-06
-5.71254e-06
2.04071e-06
-6.12126e-06
1.26736e-06
-6.32906e-06
3.22261e-07
-6.2858e-06
-7.62523e-07
-5.9482e-06
-1.91563e-06
-5.29587e-06
-3.01757e-06
-4.35104e-06
-3.90156e-06
-3.19799e-06
-4.37478e-06
-1.99091e-06
-4.26839e-06
-9.34979e-07
-3.51311e-06
-2.31244e-07
-2.21302e-06
-6.7313e-07
-2.43441e-07
1.03788e-06
-8.04816e-07
2.52841e-06
-1.5553e-06
3.49272e-06
-2.40432e-06
4.02889e-06
-3.2916e-06
4.2335e-06
-4.17696e-06
4.17847e-06
-5.03005e-06
3.90497e-06
-5.82151e-06
3.42605e-06
-6.51587e-06
2.73508e-06
-7.06684e-06
1.81833e-06
-7.41556e-06
6.7098e-07
-7.49387e-06
-6.84205e-07
-7.23332e-06
-2.17618e-06
-6.58357e-06
-3.66732e-06
-5.53947e-06
-4.94567e-06
-4.17371e-06
-5.74054e-06
-2.66236e-06
-5.77974e-06
-1.27818e-06
-4.89729e-06
-3.2261e-07
-3.16859e-06
-9.9574e-07
-2.68933e-07
1.30681e-06
-8.86402e-07
3.14588e-06
-1.70722e-06
4.31354e-06
-2.6318e-06
4.95347e-06
-3.59795e-06
5.19965e-06
-4.56845e-06
5.14897e-06
-5.51832e-06
4.85484e-06
-6.42369e-06
4.33142e-06
-7.25264e-06
3.56402e-06
-7.95828e-06
2.52397e-06
-8.47476e-06
1.18746e-06
-8.71788e-06
-4.41089e-07
-8.59271e-06
-2.30135e-06
-8.01169e-06
-4.24834e-06
-6.92689e-06
-6.03047e-06
-5.37687e-06
-7.29055e-06
-3.53861e-06
-7.61801e-06
-1.75214e-06
-6.68376e-06
-4.56748e-07
-4.46398e-06
-1.45249e-06
-2.92983e-07
1.5998e-06
-9.61649e-07
3.81454e-06
-1.84208e-06
5.19397e-06
-2.82466e-06
5.93605e-06
-3.84587e-06
6.22086e-06
-4.87299e-06
6.17609e-06
-5.88863e-06
5.87049e-06
-6.87748e-06
5.32026e-06
-7.8154e-06
4.50194e-06
-8.66068e-06
3.36926e-06
-9.34759e-06
1.87437e-06
-9.78299e-06
-5.69047e-09
-9.85095e-06
-2.23339e-06
-9.4251e-06
-4.67419e-06
-8.40124e-06
-7.05433e-06
-6.75427e-06
-8.93752e-06
-4.62178e-06
-9.7505e-06
-2.38501e-06
-8.92053e-06
-6.50741e-07
-6.19824e-06
-2.10323e-06
-3.17268e-07
1.91706e-06
-1.03324e-06
4.53051e-06
-1.95936e-06
6.12009e-06
-2.97358e-06
6.95028e-06
-4.01144e-06
7.25871e-06
-5.04629e-06
7.21095e-06
-6.07052e-06
6.89472e-06
-7.08051e-06
6.33025e-06
-8.06486e-06
5.48629e-06
-8.99464e-06
4.29904e-06
-9.81476e-06
2.69449e-06
-1.04372e-05
6.16715e-07
-1.07372e-05
-1.93331e-06
-1.05594e-05
-4.852e-06
-9.73839e-06
-7.87537e-06
-8.15659e-06
-1.05193e-05
-5.85445e-06
-1.20526e-05
-3.18814e-06
-1.15868e-05
-9.25649e-07
-8.46073e-06
-3.02888e-06
-3.468e-07
2.26386e-06
-1.11056e-06
5.29428e-06
-2.06616e-06
7.07568e-06
-3.0756e-06
7.95973e-06
-4.07477e-06
8.25788e-06
-5.0455e-06
8.18167e-06
-5.99232e-06
7.84154e-06
-6.92632e-06
7.26424e-06
-7.85367e-06
6.41364e-06
-8.76628e-06
5.21164e-06
-9.63236e-06
3.56057e-06
-1.03859e-05
1.37021e-06
-1.09154e-05
-1.40376e-06
-1.10579e-05
-4.70946e-06
-1.05988e-05
-8.33447e-06
-9.31362e-06
-1.18046e-05
-7.08411e-06
-1.42821e-05
-4.13185e-06
-1.45391e-05
-1.30385e-06
-1.12887e-05
-4.33272e-06
-3.93252e-07
2.65712e-06
-1.21535e-06
6.11638e-06
-2.18295e-06
8.04328e-06
-3.13953e-06
8.91632e-06
-4.02614e-06
9.14448e-06
-4.83801e-06
8.99354e-06
-5.59524e-06
8.59877e-06
-6.32635e-06
7.99535e-06
-7.05877e-06
7.14607e-06
-7.81156e-06
5.96443e-06
-8.58711e-06
4.33612e-06
-9.3591e-06
2.1422e-06
-1.00522e-05
-7.10659e-07
-1.05322e-05
-4.22942e-06
-1.05669e-05
-8.2998e-06
-9.84019e-06
-1.25313e-05
-8.03625e-06
-1.60861e-05
-5.10956e-06
-1.74658e-05
-1.79844e-06
-1.45999e-05
-6.13116e-06
-4.80723e-07
3.13784e-06
-1.38878e-06
7.02443e-06
-2.34754e-06
9.00204e-06
-3.18608e-06
9.75486e-06
-3.86419e-06
9.8226e-06
-4.40063e-06
9.52998e-06
-4.83661e-06
9.03474e-06
-5.22076e-06
8.37951e-06
-5.60329e-06
7.52859e-06
-6.03256e-06
6.39371e-06
-6.5502e-06
4.85376e-06
-7.18194e-06
2.77394e-06
-7.90448e-06
1.1882e-08
-8.65681e-06
-3.47709e-06
-9.2353e-06
-7.72131e-06
-9.28916e-06
-1.24774e-05
-8.31819e-06
-1.70571e-05
-5.90121e-06
-1.98828e-05
-2.3882e-06
-1.81129e-05
-8.51936e-06
-6.55622e-07
3.79346e-06
-1.69793e-06
8.06674e-06
-2.60862e-06
9.91273e-06
-3.22894e-06
1.03752e-05
-3.56838e-06
1.0162e-05
-3.68741e-06
9.64901e-06
-3.65675e-06
9.00408e-06
-3.54758e-06
8.27034e-06
-3.43143e-06
7.41244e-06
-3.38198e-06
6.34426e-06
-3.47729e-06
4.94907e-06
-3.7877e-06
3.08434e-06
-4.38183e-06
6.0601e-07
-5.24864e-06
-2.61028e-06
-6.30138e-06
-6.66857e-06
-7.23902e-06
-1.15398e-05
-7.46367e-06
-1.68324e-05
-6.15329e-06
-2.11931e-05
-2.97434e-06
-2.12918e-05
-1.14937e-05
-1.00007e-06
4.79353e-06
-2.22723e-06
9.29391e-06
-2.97887e-06
1.06644e-05
-3.19705e-06
1.05933e-05
-3.00118e-06
9.96617e-06
-2.52e-06
9.16784e-06
-1.86299e-06
8.34706e-06
-1.12374e-06
7.53109e-06
-3.89945e-07
6.67865e-06
2.47282e-07
5.70703e-06
6.92374e-07
4.50397e-06
8.3107e-07
2.94565e-06
5.45942e-07
8.91139e-07
-2.54708e-07
-1.80963e-06
-1.60719e-06
-5.31608e-06
-3.36646e-06
-9.78051e-06
-4.9989e-06
-1.52e-05
-5.38543e-06
-2.08066e-05
-3.33037e-06
-2.33469e-05
-1.48241e-05
-1.63291e-06
6.42644e-06
-2.98091e-06
1.06419e-05
-3.2382e-06
1.09217e-05
-2.68016e-06
1.00353e-05
-1.63068e-06
8.9167e-06
-3.08642e-07
7.8458e-06
1.14137e-06
6.89706e-06
2.61575e-06
6.05671e-06
4.02751e-06
5.26688e-06
5.28827e-06
4.44627e-06
6.29313e-06
3.49912e-06
6.91811e-06
2.32067e-06
7.01234e-06
7.96901e-07
6.40833e-06
-1.20562e-06
4.94727e-06
-3.85503e-06
2.5665e-06
-7.39974e-06
-4.41356e-07
-1.21921e-05
-3.00552e-06
-1.82424e-05
-3.08346e-06
-2.32689e-05
-1.79075e-05
-2.61254e-06
9.03897e-06
-3.36953e-06
1.13989e-05
-2.22632e-06
9.77844e-06
-2.06419e-07
8.01541e-06
2.11961e-06
6.59067e-06
4.5e-06
5.46541e-06
6.81484e-06
4.58221e-06
8.99594e-06
3.87561e-06
1.0991e-05
3.27186e-06
1.27403e-05
2.69689e-06
1.41616e-05
2.07786e-06
1.51392e-05
1.34303e-06
1.55162e-05
4.19954e-07
1.51004e-05
-7.8987e-07
1.36426e-05
-2.39718e-06
1.08751e-05
-4.63226e-06
6.68381e-06
-8.0008e-06
1.77901e-06
-1.33376e-05
-1.42137e-06
-2.00686e-05
-1.93289e-05
-2.5808e-06
1.16198e-05
-2.17192e-08
8.83983e-06
4.20159e-06
5.55514e-06
8.24714e-06
3.96985e-06
1.18526e-05
2.98519e-06
1.50309e-05
2.28717e-06
1.78209e-05
1.79212e-06
2.02618e-05
1.43479e-06
2.2377e-05
1.15659e-06
2.41625e-05
9.11399e-07
2.55784e-05
6.62004e-07
2.65435e-05
3.7793e-07
2.69158e-05
4.76166e-08
2.65476e-05
-4.21627e-07
2.51534e-05
-1.00297e-06
2.23594e-05
-1.83829e-06
1.76425e-05
-3.28386e-06
1.07071e-05
-6.40226e-06
3.09403e-06
-1.24555e-05
-1.62349e-05
1.16198e-05
2.04596e-05
2.60147e-05
2.99846e-05
3.29698e-05
3.52569e-05
3.70491e-05
3.84839e-05
3.96404e-05
4.05518e-05
4.12139e-05
4.15918e-05
4.16394e-05
4.12178e-05
4.02148e-05
3.83765e-05
3.50926e-05
2.86904e-05
1.62349e-05
)
;

boundaryField
{
    movingWall
    {
        type            calculated;
        value           uniform 0;
    }
    fixedWalls
    {
        type            calculated;
        value           uniform 0;
    }
    frontAndBack
    {
        type            empty;
        value           nonuniform 0();
    }
}


// ************************************************************************* //
