/*--------------------------------*- C++ -*----------------------------------*\
| =========                 |                                                 |
| \\      /  F ield         | OpenFOAM: The Open Source CFD Toolbox           |
|  \\    /   O peration     | Version:  3.0.1                                 |
|   \\  /    A nd           | Web:      www.OpenFOAM.org                      |
|    \\/     M anipulation  |                                                 |
\*---------------------------------------------------------------------------*/
FoamFile
{
    version     2.0;
    format      ascii;
    class       volScalarField;
    location    "0.35";
    object      p;
}
// * * * * * * * * * * * * * * * * * * * * * * * * * * * * * * * * * * * * * //

dimensions      [1 -1 -2 0 0 0 0];

internalField   nonuniform List<scalar> 
1935
(
5.53439
5.36787
5.18892
4.99747
4.79326
4.57586
4.34473
4.09931
3.83907
3.56369
3.27307
2.96744
2.64799
2.31767
1.98112
1.64402
1.31117
0.98119
0.643375
0.287152
-0.0907965
-0.488559
-0.89702
-1.30203
-1.69009
-2.05165
-2.37993
-2.66786
-2.91445
-3.14376
-3.42446
-3.84876
-4.45027
-5.11187
-5.61806
-5.91391
-6.23725
-7.21445
-8.57883
-8.53752
-7.54078
-6.57019
-5.88541
5.64405
5.7493
5.85245
5.95298
5.474
5.57584
5.67581
5.77351
5.29142
5.38965
5.48605
5.58032
5.09604
5.19032
5.28261
5.37269
4.88743
4.97717
5.06465
5.14961
4.66501
4.74944
4.83117
4.90983
4.4281
4.50623
4.581
4.65186
4.17595
4.24659
4.31287
4.37397
3.90786
3.96954
4.02534
4.07406
3.62331
3.67435
3.71727
3.75026
3.32206
3.36057
3.38786
3.40124
3.00415
3.02767
3.03535
3.02318
2.6709
2.6763
2.65849
2.60918
2.32648
2.31163
2.26346
2.15976
1.97814
1.94598
1.86875
1.69869
1.63492
1.59741
1.50554
1.29917
1.30489
1.28205
1.20356
1.03638
0.986938
0.996521
0.963739
0.922272
0.660856
0.697836
0.725488
0.842739
0.305179
0.343504
0.390864
0.482327
-0.0857166
-0.064812
-0.0287344
0.010174
-0.511321
-0.531199
-0.550358
-0.578152
-0.957606
-1.03385
-1.12644
-1.23543
-1.40026
-1.52819
-1.67764
-1.82979
-1.81667
-1.97542
-2.13859
-2.2794
-2.19261
-2.35672
-2.50231
-2.60897
-2.51847
-2.66546
-2.78801
-2.84861
-2.78102
-2.88884
-2.97715
-2.99354
-2.97316
-3.01502
-3.03153
-3.00402
-3.12284
-3.06668
-2.97058
-2.8847
-3.33513
-3.18718
-2.99234
-2.76817
-3.76454
-3.60199
-3.39614
-3.14859
-4.47168
-4.37718
-4.24784
-4.04957
-5.27782
-5.24913
-5.09621
-4.868
-5.82086
-5.71117
-5.4722
-5.21843
-6.00291
-5.8514
-5.5908
-5.39681
-6.07227
-5.9423
-5.68549
-6.07383
-7.21582
-7.01817
-7.8954
-24.6305
-9.03675
-10.5078
-47.6285
-42.1755
-9.84642
-11.8193
-23.3034
-22.3499
-8.00061
-7.71928
-5.9891
-4.2652
-6.78278
-7.12618
-7.41074
-7.14944
-5.67118
-5.64805
-5.8053
-6.16615
6.05688
6.16438
6.27099
6.3787
6.48961
6.60578
6.72924
6.86191
7.0055
7.16147
7.33105
7.51535
7.71535
7.9319
8.16573
8.41738
8.68699
8.97413
9.27752
9.59483
9.9227
10.257
10.5937
10.9293
11.2618
11.59
11.9143
12.2362
12.5585
12.8846
13.204
13.518
13.8944
14.1356
14.7115
39.7019
315.811
518.07
576.632
592.634
5.87476
5.97974
6.08389
6.18896
6.29702
6.41023
6.5308
6.66086
6.80234
6.95698
7.12631
7.3117
7.51429
7.73513
7.97517
8.23515
8.51543
8.81572
9.13482
9.47016
9.81757
10.1716
10.5268
10.879
11.226
11.567
11.9028
12.236
12.5723
12.9181
13.2704
13.6088
13.9826
14.2964
14.2332
14.6741
334.149
605.909
717.341
728.822
5.67807
5.7794
5.87984
5.9811
6.08518
6.19433
6.31096
6.43744
6.57605
6.7288
6.89749
7.08369
7.28876
7.51392
7.76028
8.02879
8.32015
8.63453
8.97103
9.32699
9.69723
10.0742
10.4503
10.8201
11.1815
11.5347
11.8807
12.222
12.5693
12.9398
13.3332
13.7159
14.1075
14.5017
14.6325
15.1245
354.605
768.399
1010.13
1028.12
5.46596
5.56238
5.65764
5.75352
5.85217
5.95587
6.06723
6.189
6.32376
6.47384
6.64128
6.82782
7.03498
7.26409
7.51637
7.7931
8.0955
8.42458
8.78049
9.1612
9.56011
9.96541
10.3653
10.7531
11.1277
11.4907
11.8434
12.1868
12.5406
12.9397
13.3798
13.8236
14.2725
14.7636
15.0111
15.9231
361.766
931.917
1175.06
1200.31
5.23716
5.32711
5.41542
5.504
5.59521
5.69165
5.79616
5.91185
6.04166
6.18822
6.35376
6.54011
6.74879
6.98114
7.23852
7.52253
7.83534
8.17943
8.55659
8.96631
9.40091
9.84166
10.2695
10.6759
11.0614
11.4292
11.7812
12.1092
12.4559
12.8978
13.4132
13.929
14.4331
15.0019
15.3158
16.4216
334.905
1051.13
1233.72
1252.38
4.99009
5.07162
5.15073
5.22952
5.31076
5.39759
5.49325
5.60121
5.72487
5.86709
6.03017
6.21586
6.42553
6.66028
6.92138
7.21076
7.5316
7.88884
8.28989
8.74179
9.23178
9.71986
10.1744
10.5911
10.9778
11.3401
11.6733
11.9507
12.2626
12.7603
13.4628
14.0707
14.5879
15.1841
15.5235
16.3861
258.699
1092.45
1305.59
1345.31
4.72286
4.79338
4.86029
4.92602
4.99403
5.06816
5.15253
5.25093
5.36715
5.50427
5.66452
5.84932
6.05951
6.29566
6.55866
6.85061
7.17629
7.54384
7.96348
8.45523
9.01847
9.57873
10.073
10.4967
10.8751
11.2231
11.5356
11.7803
12.0878
12.6359
13.38
14.1234
14.7163
15.3166
15.6735
15.7416
162.13
1072.46
1412.17
1463.96
4.43308
4.48915
4.5398
4.58807
4.6384
4.69589
4.76566
4.8525
4.96003
5.09157
5.24929
5.43368
5.64448
5.88115
6.1434
6.43246
6.75265
7.11294
7.54626
8.1473
8.85416
9.47301
9.97021
10.3777
10.7481
11.0882
11.4058
11.6825
11.9806
12.5029
13.234
14.0248
14.7363
15.4027
15.9674
16.2626
80.8965
1058.93
1559.84
1606.3
4.11773
4.15463
4.18346
4.20829
4.23503
4.27029
4.32074
4.3939
4.49169
4.61829
4.77542
4.96181
5.17516
5.4131
5.67315
5.95465
6.26152
6.5959
6.9801
7.62695
8.55807
9.41341
9.88395
10.2087
10.5565
10.914
11.2628
11.5996
11.9205
12.3581
13.0433
13.8098
14.5829
15.2882
16.0264
15.8372
22.2692
1019.7
1717.11
1796.37
3.77389
3.78539
3.78475
3.7776
3.77209
3.7766
3.79783
3.85566
3.94397
4.06933
4.23179
4.42691
4.6492
4.89324
5.15204
5.41941
5.68922
5.92962
6.22555
6.77289
7.75647
8.73648
9.3291
9.80298
10.1843
10.6192
11.0526
11.4627
11.8309
12.2356
12.8292
13.5451
14.2758
14.9649
15.7349
15.5868
15.6657
964.558
1959.93
2121.51
3.39971
3.37789
3.33596
3.28233
3.2297
3.19117
3.1812
3.20517
3.28432
3.41841
3.60018
3.81851
4.06321
4.32495
4.58837
4.83448
5.0499
5.17582
5.31586
5.56798
6.41785
7.31135
8.1039
8.95395
9.53875
10.1413
10.7342
11.2366
11.6622
12.1194
12.6312
13.2763
13.9308
14.6582
15.5777
16.249
13.9316
966.278
2131.74
2546.34
2.98597
2.90898
2.79264
2.65584
2.52391
2.41799
2.35841
2.36046
2.44635
2.61809
2.85286
3.12415
3.4159
3.71858
4.00962
4.26124
4.50982
4.66714
4.51929
4.51331
5.17635
5.96563
6.71158
7.71458
8.67012
9.52206
10.3102
10.9089
11.3985
11.8803
12.3988
12.9442
13.4323
13.9416
14.7073
14.9388
62.487
478.241
945.895
1744.79
2.50602
2.31291
2.04437
1.75135
1.48704
1.28437
1.17934
1.19073
1.32302
1.58844
1.9357
2.31204
2.69433
3.07279
3.41544
3.69132
3.96697
4.056
3.87266
3.82656
4.11178
4.59166
5.16397
6.29157
7.62581
8.81049
9.80004
10.5025
11.0816
11.566
12.0766
12.4657
12.7916
12.9941
6.49143
-21.0942
-152.085
-372.419
-564.355
268.992
1.94553
1.58131
1.13216
0.68516
0.285923
-0.0530674
-0.239705
-0.209245
-0.00424573
0.393538
0.885062
1.39193
1.89731
2.39098
2.84178
3.2252
3.31459
3.12031
2.88603
2.84889
3.09911
3.36372
3.63709
4.99882
6.56348
8.08645
9.25361
10.0779
10.7422
11.3204
11.7616
11.9785
12.2851
6.50155
13.9044
-0.285146
-21.9332
-208.744
-276.694
33.0422
1.36434
0.898639
0.436102
0.0129438
-0.424076
-0.87941
-1.17577
-1.27121
-1.07716
-0.615101
-0.0455046
0.525095
1.12212
1.75235
2.36527
2.73102
2.54407
2.16225
1.92416
1.97695
2.24878
2.43401
2.63016
3.96525
5.80377
7.46567
8.69563
9.62858
10.4346
11.1632
11.637
11.9686
9.17357
14.3024
15.9934
35.3207
-15.4682
-62.5289
-61.3455
9.13896
0.901186
0.332864
-0.137022
-0.370893
-0.689442
-1.03579
-1.2446
-1.35557
-1.2946
-0.942169
-0.48102
-0.0163678
0.551371
1.1868
1.86065
2.02198
1.72797
1.38946
1.29129
1.36809
1.59978
1.88852
2.46557
3.69309
5.42416
6.91392
8.10879
9.12954
10.1294
11.1075
11.5962
14.5172
19.1682
28.5866
1.94716
14.1657
-5.39553
-19.204
-9.52267
2.80483
0.693688
0.0824154
-0.496826
-0.662733
-0.68085
-0.701561
-1.04021
-1.26856
-1.12472
-0.636788
-0.313088
-0.0440696
0.351279
0.814889
1.20368
1.35057
1.10795
0.959213
0.932764
1.03857
1.34974
1.86343
2.61184
3.78516
5.23394
6.4712
7.45201
8.41704
9.78054
10.092
24.1946
18.4632
14.895
31.2503
20.4676
0.860302
-15.0008
-21.2222
-13.3424
-7.10471
0.76247
-0.133422
-1.0668
-1.09489
-0.939425
-0.682682
-0.421191
-0.158094
-0.107634
-0.215891
-0.100806
0.0872902
0.348642
0.655267
0.866055
0.891788
0.764203
0.733267
0.777543
0.982916
1.4075
2.0449
2.9634
4.08493
5.14661
6.11304
6.61171
7.11717
6.83311
26.0084
12.0171
0.363586
-6.11917
-0.836688
5.0453
-9.8162
-28.9656
-37.541
-34.6662
-25.5356
0.809677
-0.79554
-1.51913
-1.60916
-1.37333
-0.933524
-0.614776
-0.486667
-0.291496
-0.0216186
0.0550459
0.123657
0.310299
0.549198
0.740037
0.720144
0.657108
0.676101
0.771057
1.05896
1.56308
2.27683
3.24227
4.32964
4.9736
6.30227
6.97946
-3.88642
22.5361
3.17097
-9.24998
-11.9753
-11.2373
-9.31205
-5.02121
-14.3465
-38.9357
-49.0922
-51.1906
-40.9379
0.487999
-1.08599
-1.81765
-2.02376
-1.81479
-1.35248
-1.07609
-1.06962
-1.0095
-0.695141
-0.259981
0.00634718
0.191163
0.420541
0.653735
0.72192
0.692172
0.67593
0.703344
1.02183
1.71059
2.56327
3.3775
5.14897
5.89295
-1.89233
50.6022
5.4166
-8.44007
-16.9894
-17.5412
-16.1085
-13.836
-11.9021
-9.57477
-14.8551
-34.5937
-45.6167
-45.1117
-38.4006
-0.0351849
-0.961687
-1.97651
-2.21468
-2.03944
-1.68481
-1.50391
-1.51804
-1.40911
-1.05646
-0.564777
-0.165685
0.113196
0.385036
0.649681
0.797749
0.776134
0.628031
0.438804
0.784311
1.74587
3.3014
2.4029
-3.38205
30.9838
15.8814
4.46188
-20.4494
-16.7564
-21.309
-21.0921
-19.0214
-16.9567
-15.3546
-14.2642
-15.5202
-22.287
-26.9874
-23.6249
-19.1211
-0.656833
-0.985438
-1.7504
-2.01023
-1.90886
-1.76101
-1.72429
-1.78982
-1.64813
-1.27376
-0.745771
-0.233859
0.152779
0.469615
0.740984
0.903273
0.915644
0.555585
-0.461399
-0.769976
-1.02019
-0.925108
35.2194
2.01544
-0.684015
-14.9859
-21.1489
-24.5631
-24.4609
-23.7327
-23.2083
-22.4543
-21.5952
-20.7384
-20.0575
-19.508
-19.1758
-15.0426
-5.41856
-2.16719
-1.3452
-1.4893
-1.6046
-1.61395
-1.67209
-1.74874
-1.79412
-1.81978
-1.68517
-1.36634
-0.781579
-0.231017
0.20311
0.542806
0.812914
1.09693
1.51245
1.78238
-1.00289
-12.1615
10.1059
-2.72079
-3.89079
-14.3529
-17.888
-20.3864
-24.6032
-26.0444
-25.9602
-26.0372
-26.4136
-26.7617
-26.8631
-26.6496
-26.0417
-24.7418
-21.8968
-13.9073
-0.866554
2.61954
-1.9496
-1.89986
-1.70549
-1.6013
-1.76493
-1.90576
-1.94775
-1.78248
-1.47323
-1.18593
-0.662358
-0.147572
0.241255
0.511382
0.764186
1.18404
1.74279
1.62541
2.95454
-10.84
-9.12843
-13.377
-14.6958
-18.0315
-21.1405
-22.5966
-23.6526
-25.0956
-26.4774
-27.9401
-29.4219
-30.8249
-31.9281
-32.5376
-32.2308
-30.4089
-26.5622
-16.6518
-3.88846
-1.57244
-2.34516
-2.17277
-1.88397
-1.85846
-2.0455
-2.12613
-2.17785
-1.70015
-1.06044
-0.784531
-0.369283
0.0432697
0.291189
0.409076
0.44964
0.57344
0.595603
4.50348
-3.38827
-12.4903
-14.0702
-15.6845
-16.9021
-18.0938
-19.5068
-21.1686
-22.9389
-24.9874
-27.1367
-29.4046
-31.8523
-34.3755
-36.7523
-38.4523
-38.6038
-36.2583
-31.0626
-19.6532
-10.8571
-9.76059
-2.5892
-2.3796
-2.2398
-2.27335
-2.37435
-2.32333
-2.27817
-1.64988
-0.766439
-0.300772
0.0970557
0.364661
0.433667
0.368322
0.200981
-0.692186
-5.55163
-6.81244
-11.2963
-14.2624
-14.9507
-15.5129
-16.4661
-17.726
-19.2186
-20.8481
-22.619
-24.6799
-27.1162
-30.0006
-33.3733
-37.0868
-40.7249
-43.361
-43.6884
-40.8211
-34.676
-24.8323
-18.479
-18.1473
-2.82549
-2.61333
-2.68064
-2.78912
-2.83744
-2.70406
-2.68125
-2.30807
-0.244703
0.466827
0.759511
0.927726
0.750231
0.486366
0.0105306
-5.50475
-8.01999
-10.1264
-13.8732
-14.3297
-14.7139
-15.3774
-16.3257
-17.3753
-18.6015
-20.0559
-21.7912
-23.8545
-26.4146
-29.6183
-33.5246
-37.925
-42.2012
-45.0819
-45.1107
-41.7669
-36.3897
-30.9284
-26.4143
-25.3748
-2.96537
-2.88188
-3.101
-3.38718
-3.55956
-3.61492
-3.52546
-4.20058
0.00312406
1.01717
1.34831
1.54986
1.3733
1.01025
-2.72554
-6.81414
-9.37678
-12.8932
-13.3653
-13.7323
-14.1693
-14.8293
-15.6144
-16.595
-17.72
-19.0265
-20.5694
-22.4961
-24.922
-27.9976
-31.7882
-35.9496
-39.7092
-41.7626
-40.9959
-37.8186
-35.2785
-34.6905
-32.1961
-30.0166
-2.83352
-3.00744
-3.48414
-4.03017
-4.47244
-4.85266
-4.75138
-5.71588
-6.50735
-1.10492
1.57418
1.91782
1.38002
3.07255
-3.58812
-7.24904
-10.0495
-11.6758
-12.2623
-12.7475
-13.3432
-14.0277
-14.7952
-15.6694
-16.656
-17.7795
-19.0864
-20.6626
-22.6183
-25.0844
-27.994
-31.0066
-33.2889
-33.9273
-32.6364
-30.8339
-31.2367
-33.4544
-33.1266
-30.2413
-2.4374
-2.97535
-3.93483
-4.66615
-5.30926
-5.92644
-5.93995
-6.36222
-6.70142
-6.28293
-0.729642
-3.35941
4.71141
-0.142365
-5.08653
-7.86336
-9.84052
-10.3835
-11.1238
-11.7996
-12.4651
-13.1514
-13.8743
-14.6476
-15.4825
-16.3946
-17.4099
-18.5724
-19.937
-21.5287
-23.2331
-24.7045
-25.4013
-24.948
-23.7511
-23.4053
-25.3654
-28.0241
-28.745
-27.2415
-2.32648
-3.15107
-4.48238
-5.21948
-5.86522
-6.45732
-6.72844
-6.50935
-6.28172
-6.00704
-10.7373
-5.67773
-2.67876
-6.37678
-7.72973
-8.75175
-8.98188
-9.70718
-10.3956
-11.0483
-11.686
-12.3206
-12.9612
-13.615
-14.2868
-14.9802
-15.7002
-16.4539
-17.2426
-18.0298
-18.6881
-18.9804
-18.6673
-17.7768
-16.9274
-17.2884
-19.4118
-21.6759
-22.5533
-22.2074
-3.105
-3.6985
-5.20911
-5.68871
-6.18053
-6.71744
-7.02334
-6.84573
-6.80064
-7.32452
-9.05586
-7.22862
-6.4207
-8.12068
-8.30637
-8.39635
-8.84124
-9.3697
-9.92309
-10.4811
-11.0313
-11.572
-12.1037
-12.6258
-13.1356
-13.6272
-14.0912
-14.5128
-14.8663
-15.0992
-15.1156
-14.795
-14.0931
-13.2075
-12.671
-13.1495
-14.7647
-16.404
-17.1433
-17.278
-4.28058
-4.40989
-5.06894
-5.72132
-6.17127
-6.66059
-7.08116
-7.30972
-7.77418
-8.77413
-9.82463
-8.85523
-8.18775
-7.9072
-8.1281
-8.40872
-8.7414
-9.13902
-9.57295
-10.0173
-10.4597
-10.8921
-11.3086
-11.7034
-12.0687
-12.3936
-12.6626
-12.8547
-12.9404
-12.8772
-12.6103
-12.0978
-11.3806
-10.6669
-10.3285
-10.6962
-11.7183
-12.7949
-13.3446
-13.5879
-4.99679
-4.66019
-4.48891
-5.82555
-5.91898
-6.26958
-6.67879
-7.14185
-7.66909
-8.31852
-8.72192
-8.47818
-8.15992
-8.10504
-8.22138
-8.38385
-8.62275
-8.92162
-9.24959
-9.59001
-9.93028
-10.2605
-10.5721
-10.8569
-11.1049
-11.3044
-11.4402
-11.4936
-11.4422
-11.2599
-10.9231
-10.4298
-9.84032
-9.31457
-9.08536
-9.31394
-9.9133
-10.5704
-10.9373
-11.1322
-5.29638
-5.37142
-5.66664
-5.07518
-5.33375
-5.73798
-6.22389
-6.69092
-7.18705
-7.65324
-7.93589
-8.01968
-8.03308
-8.04583
-8.11588
-8.24966
-8.43956
-8.66496
-8.91165
-9.16774
-9.4224
-9.66645
-9.89126
-10.0882
-10.248
-10.3601
-10.4124
-10.3918
-10.2843
-10.0774
-9.76508
-9.35998
-8.91485
-8.53732
-8.36566
-8.48021
-8.80301
-9.24088
-9.45228
-9.57723
-5.17015
-5.86231
-5.4321
-3.76563
-4.70168
-4.88054
-5.91661
-6.46508
-6.90936
-7.26732
-7.49413
-7.62281
-7.715
-7.80062
-7.90712
-8.03988
-8.19546
-8.3692
-8.5549
-8.74487
-8.93138
-9.10687
-9.26382
-9.39466
-9.49155
-9.54632
-9.55048
-9.49579
-9.37513
-9.18425
-8.92502
-8.61227
-8.28427
-8.00922
-7.86971
-7.9139
-8.09964
-8.3285
-8.47129
-8.55423
-5.93336
-6.63444
-7.37201
-7.59653
0.0991275
-4.9809
-6.02134
-6.48975
-6.95867
-7.27221
-7.43887
-7.5254
-7.58393
-7.64558
-7.72312
-7.81856
-7.93088
-8.05663
-8.19059
-8.3268
-8.45909
-8.58115
-8.68673
-8.76958
-8.82355
-8.84274
-8.82163
-8.75562
-8.64179
-8.48007
-8.27495
-8.0387
-7.79636
-7.58922
-7.46711
-7.46202
-7.55613
-7.68909
-7.7838
-7.83917
-10.8287
-9.05061
-10.2673
-14.236
-27.3418
-7.05357
-5.45097
-6.39727
-7.32404
-7.58919
-7.62237
-7.57459
-7.53548
-7.52412
-7.54292
-7.58815
-7.65416
-7.73489
-7.8243
-7.91654
-8.00598
-8.08714
-8.15476
-8.20384
-8.22971
-8.22826
-8.19608
-8.13086
-8.03196
-7.90097
-7.7425
-7.56541
-7.38506
-7.22552
-7.11711
-7.08352
-7.12274
-7.20309
-7.26905
-7.30799
-23.9578
-20.0824
-12.0718
-20.1522
-29.1186
-21.6082
-6.3394
-7.53447
-9.50998
-8.54305
-7.98902
-7.65823
-7.46591
-7.36743
-7.32845
-7.32922
-7.35636
-7.4006
-7.45482
-7.51304
-7.57
-7.62092
-7.66149
-7.68777
-7.69631
-7.6843
-7.64971
-7.59154
-7.51016
-7.40753
-7.28748
-7.15597
-7.02204
-6.89931
-6.80621
-6.76078
-6.7693
-6.81722
-6.86534
-6.89394
-10.8919
-11.1942
8.50675
-15.9535
-23.8008
-25.2999
-20.5001
-13.5122
-10.3328
-8.91253
-8.01354
-7.51982
-7.25938
-7.12073
-7.05322
-7.02863
-7.03104
-7.05039
-7.07963
-7.11333
-7.14695
-7.17655
-7.19871
-7.21046
-7.20936
-7.19353
-7.16178
-7.11379
-7.05025
-6.97291
-6.88461
-6.7892
-6.69178
-6.59977
-6.52411
-6.47812
-6.47129
-6.49945
-6.53542
-6.55771
-5.38761
-7.33885
-5.70564
-12.3563
-21.214
-33.1189
-39.369
-18.0383
-9.681
-7.76987
-7.29649
-7.0067
-6.84946
-6.75739
-6.70699
-6.68353
-6.67837
-6.68527
-6.69954
-6.71738
-6.73552
-6.75115
-6.76182
-6.76548
-6.76047
-6.74561
-6.72026
-6.68438
-6.63862
-6.58431
-6.52335
-6.45807
-6.39117
-6.32641
-6.26993
-6.23085
-6.21859
-6.23465
-6.26089
-6.27758
-6.94064
-7.25492
-8.17551
-10.3064
-13.8872
-25.8299
-29.5594
-18.2185
-6.73124
-6.51418
-6.44183
-6.40562
-6.37107
-6.34125
-6.32089
-6.30912
-6.30499
-6.30662
-6.31213
-6.31964
-6.32738
-6.33369
-6.33717
-6.3366
-6.33104
-6.31982
-6.30263
-6.27951
-6.25095
-6.21778
-6.18113
-6.1422
-6.10206
-6.06203
-6.02472
-5.99557
-5.98285
-5.99223
-6.01396
-6.03244
-6.96541
-7.84938
-8.94822
-10.9859
-15.2366
-22.412
-26.0996
-18.6132
-9.2465
-6.18633
-6.08351
-5.96176
-5.92844
-5.91838
-5.91649
-5.91722
-5.91935
-5.92235
-5.92588
-5.92959
-5.93308
-5.93591
-5.93769
-5.93807
-5.93681
-5.93373
-5.92877
-5.92198
-5.91353
-5.90367
-5.89273
-5.88098
-5.86874
-5.85662
-5.84605
-5.83933
-5.83861
-5.8422
-5.83907
-5.82862
)
;

boundaryField
{
    leftWall
    {
        type            calculated;
        value           nonuniform 0();
    }
    rightWall
    {
        type            calculated;
        value           nonuniform List<scalar> 
43
(
592.634
728.822
1028.12
1200.31
1252.38
1345.31
1463.96
1606.3
1796.37
2121.51
2546.34
1744.79
268.992
33.0422
9.13896
2.80483
-7.10471
-25.5356
-40.9379
-38.4006
-19.1211
-2.16719
2.61954
-1.57244
-9.76059
-18.1473
-25.3748
-30.0166
-30.2413
-27.2415
-22.2074
-17.278
-13.5879
-11.1322
-9.57723
-8.55423
-7.83917
-7.30799
-6.89394
-6.55771
-6.27758
-6.03244
-5.82862
)
;
    }
    lowerWall
    {
        type            calculated;
        value           nonuniform 0();
    }
    atmosphere
    {
        type            calculated;
        value           nonuniform List<scalar> 
45
(
-5.97196
-5.76114
-5.72952
-5.73928
-5.93425
-7.06869
-7.57427
-7.75996
-9.04237
-15.5096
-31.3262
-35.7366
-22.3768
-22.0263
-5.72904
-5.72904
-5.72904
-5.72904
-5.72904
-5.72904
-5.72904
-5.72904
-5.72904
-5.72904
-5.72904
-5.72904
-5.72904
-5.72904
-5.72904
-5.72904
-5.72904
-5.72904
-5.72904
-5.72904
-5.72904
-5.72904
-5.72904
-5.72904
-5.72904
-5.72904
-5.72904
-5.72904
-5.72904
-5.72904
-5.72904
)
;
    }
    defaultFaces
    {
        type            empty;
    }
    procBoundary3to1
    {
        type            processor;
        value           nonuniform List<scalar> 
45
(
5.68828
5.80151
5.91017
6.01627
6.11914
6.22489
6.33389
6.44193
6.55133
6.66428
6.78264
6.90822
7.04278
7.18793
7.34491
7.51462
7.69786
7.89542
8.108
8.33608
8.57999
8.83971
9.11471
9.40377
9.70493
10.0155
10.3322
10.652
10.9719
11.2901
11.6058
11.9192
12.2309
12.5418
12.8511
13.1409
13.4445
13.7842
13.9587
14.2539
122.604
337.329
509.953
555.417
559.893
)
;
    }
    procBoundary3to2
    {
        type            processor;
        value           nonuniform List<scalar> 
43
(
5.42163
5.25845
5.08301
4.89534
4.69528
4.48251
4.25665
4.01729
3.76406
3.49674
3.21529
2.92003
2.61195
2.29302
1.96608
1.63461
1.3018
0.967647
0.627431
0.27579
-0.089389
-0.466434
-0.849352
-1.22941
-1.598
-1.94862
-2.27667
-2.57915
-2.8597
-3.13901
-3.46019
-3.87147
-4.38006
-4.91022
-5.35332
-5.70791
-6.13052
-6.8148
-7.51028
-7.57976
-7.06599
-6.50939
-6.16203
)
;
    }
}


// ************************************************************************* //
