/*--------------------------------*- C++ -*----------------------------------*\
| =========                 |                                                 |
| \\      /  F ield         | OpenFOAM: The Open Source CFD Toolbox           |
|  \\    /   O peration     | Version:  3.0.1                                 |
|   \\  /    A nd           | Web:      www.OpenFOAM.org                      |
|    \\/     M anipulation  |                                                 |
\*---------------------------------------------------------------------------*/
FoamFile
{
    version     2.0;
    format      ascii;
    class       volVectorField;
    location    "0.35";
    object      U;
}
// * * * * * * * * * * * * * * * * * * * * * * * * * * * * * * * * * * * * * //

dimensions      [0 1 -1 0 0 0 0];

internalField   nonuniform List<vector> 
1935
(
(0.994642 -0.215344 0)
(1.04794 -0.265534 0)
(1.09791 -0.319227 0)
(1.14491 -0.37679 0)
(1.18902 -0.4387 0)
(1.23002 -0.505517 0)
(1.26742 -0.577819 0)
(1.30036 -0.656145 0)
(1.32757 -0.740913 0)
(1.34733 -0.832296 0)
(1.35742 -0.930049 0)
(1.35506 -1.03315 0)
(1.33679 -1.13905 0)
(1.29907 -1.24278 0)
(1.24029 -1.33675 0)
(1.16366 -1.41131 0)
(1.07949 -1.45695 0)
(1.00501 -1.47073 0)
(0.958781 -1.46436 0)
(0.948168 -1.46202 0)
(0.962679 -1.48552 0)
(0.982631 -1.54283 0)
(0.989674 -1.62872 0)
(0.972536 -1.72997 0)
(0.928649 -1.83098 0)
(0.861981 -1.91805 0)
(0.780888 -1.98174 0)
(0.696378 -2.01744 0)
(0.621378 -2.02515 0)
(0.56954 -2.01177 0)
(0.550485 -1.99408 0)
(0.557479 -1.99443 0)
(0.554223 -2.01945 0)
(0.485105 -2.0343 0)
(0.323951 -1.9848 0)
(0.128484 -1.87036 0)
(0.00131264 -1.75826 0)
(-0.0565221 -1.75368 0)
(-0.306478 -1.91523 0)
(-0.748551 -1.90751 0)
(-0.982664 -1.72637 0)
(-0.723161 -1.13938 0)
(-0.295234 -0.699177 0)
(1.04203 -0.163823 0)
(1.092 -0.112467 0)
(1.14516 -0.0607417 0)
(1.20046 -0.0094686 0)
(1.0976 -0.218016 0)
(1.14898 -0.170056 0)
(1.20279 -0.120848 0)
(1.25816 -0.0709295 0)
(1.15027 -0.275047 0)
(1.20381 -0.229849 0)
(1.25938 -0.182611 0)
(1.31615 -0.133624 0)
(1.20047 -0.335674 0)
(1.2569 -0.292908 0)
(1.31523 -0.247354 0)
(1.37464 -0.199101 0)
(1.24831 -0.400654 0)
(1.3084 -0.360293 0)
(1.37049 -0.316383 0)
(1.43376 -0.268841 0)
(1.29357 -0.4708 0)
(1.35814 -0.433112 0)
(1.42503 -0.391096 0)
(1.49346 -0.34449 0)
(1.33574 -0.546962 0)
(1.40561 -0.512541 0)
(1.47843 -0.473018 0)
(1.55345 -0.427886 0)
(1.37389 -0.630032 0)
(1.44989 -0.599868 0)
(1.52985 -0.563868 0)
(1.61304 -0.521151 0)
(1.40667 -0.720876 0)
(1.48949 -0.696456 0)
(1.57778 -0.665562 0)
(1.67085 -0.62679 0)
(1.43204 -0.820141 0)
(1.52207 -0.803474 0)
(1.61967 -0.779941 0)
(1.72428 -0.747306 0)
(1.44719 -0.927971 0)
(1.54421 -0.921662 0)
(1.65182 -0.908529 0)
(1.76931 -0.884548 0)
(1.44829 -1.04374 0)
(1.55139 -1.05153 0)
(1.66921 -1.05313 0)
(1.80143 -1.04247 0)
(1.4303 -1.1654 0)
(1.537 -1.1926 0)
(1.66317 -1.21577 0)
(1.81498 -1.23486 0)
(1.38747 -1.28814 0)
(1.49144 -1.33983 0)
(1.61937 -1.39679 0)
(1.7945 -1.48339 0)
(1.31553 -1.40244 0)
(1.40537 -1.47984 0)
(1.52129 -1.59103 0)
(1.70154 -1.77262 0)
(1.21568 -1.49323 0)
(1.27845 -1.59137 0)
(1.35718 -1.76997 0)
(1.48625 -1.98183 0)
(1.10009 -1.5436 0)
(1.12936 -1.64857 0)
(1.13719 -1.86171 0)
(1.15179 -1.9504 0)
(0.996338 -1.54584 0)
(0.9975 -1.6315 0)
(0.914785 -1.79772 0)
(0.822823 -1.67794 0)
(0.939585 -1.51521 0)
(0.928718 -1.55556 0)
(0.792056 -1.60808 0)
(0.703691 -1.36063 0)
(0.945018 -1.48902 0)
(0.947294 -1.48364 0)
(0.857737 -1.42605 0)
(0.810912 -1.15671 0)
(0.991276 -1.50213 0)
(1.02528 -1.47462 0)
(1.02043 -1.36274 0)
(1.03719 -1.0126 0)
(1.04288 -1.56578 0)
(1.11027 -1.53822 0)
(1.16745 -1.41228 0)
(1.23604 -1.06875 0)
(1.07013 -1.66818 0)
(1.15384 -1.64683 0)
(1.23161 -1.50339 0)
(1.27814 -1.19605 0)
(1.05655 -1.78415 0)
(1.13248 -1.75395 0)
(1.18413 -1.56935 0)
(1.16842 -1.21955 0)
(1.00103 -1.8865 0)
(1.04923 -1.8174 0)
(1.04578 -1.55072 0)
(0.944393 -1.10744 0)
(0.913002 -1.95497 0)
(0.924154 -1.81327 0)
(0.859933 -1.43459 0)
(0.688315 -0.865617 0)
(0.807233 -1.97912 0)
(0.781004 -1.73627 0)
(0.655614 -1.24349 0)
(0.460506 -0.548982 0)
(0.69989 -1.95543 0)
(0.636359 -1.59304 0)
(0.457443 -0.983127 0)
(0.26029 -0.232952 0)
(0.606148 -1.8837 0)
(0.501007 -1.3865 0)
(0.289758 -0.678768 0)
(0.0505752 0.0782805 0)
(0.541214 -1.76835 0)
(0.39493 -1.11486 0)
(0.150707 -0.339757 0)
(-0.147626 0.395572 0)
(0.519205 -1.62558 0)
(0.346158 -0.796165 0)
(0.0584701 0.0642842 0)
(-0.237301 0.760017 0)
(0.533367 -1.48318 0)
(0.363126 -0.483883 0)
(0.0974979 0.431685 0)
(-0.11901 1.19062 0)
(0.53304 -1.34977 0)
(0.369509 -0.215825 0)
(0.136453 0.71261 0)
(-0.0159133 1.5448 0)
(0.450003 -1.16738 0)
(0.225621 0.118956 0)
(-0.0588176 1.05299 0)
(-0.0780884 1.80727 0)
(0.264145 -0.820629 0)
(-0.114017 0.603876 0)
(-0.40776 1.28159 0)
(-0.20253 1.69381 0)
(0.0632428 -0.302831 0)
(-0.386287 1.22135 0)
(-0.429172 1.24313 0)
(-0.247042 0.781984 0)
(-0.0462322 0.0345366 0)
(-0.212508 1.45184 0)
(0.453885 0.77523 0)
(0.131758 0.865571 0)
(0.0495562 -0.0985508 0)
(0.463573 0.134152 0)
(0.304776 0.885008 0)
(0.185014 1.26005 0)
(0.285139 -0.693208 0)
(0.0119773 0.801489 0)
(-0.0791621 1.14733 0)
(-0.0558139 1.44362 0)
(-0.61253 -0.623143 0)
(-0.387577 0.846972 0)
(-0.351029 1.19082 0)
(-0.261081 1.46177 0)
(-1.19121 -1.10626 0)
(-0.755011 0.389269 0)
(-0.494652 1.08137 0)
(-0.351928 1.39428 0)
(-1.13293 -1.01488 0)
(-1.20868 -0.512057 0)
(-0.824899 0.452 0)
(-0.458388 1.09872 0)
(-0.527683 -0.254908 0)
(-0.917114 0.0224346 0)
(-0.979271 0.17496 0)
(-0.801892 0.48309 0)
(1.2599 0.0438014 0)
(1.32172 0.0986399 0)
(1.381 0.152066 0)
(1.4361 0.204297 0)
(1.48575 0.255665 0)
(1.52897 0.30646 0)
(1.56503 0.356847 0)
(1.59353 0.406871 0)
(1.61445 0.456514 0)
(1.62801 0.505738 0)
(1.63463 0.554456 0)
(1.63485 0.602499 0)
(1.62931 0.649679 0)
(1.61874 0.695859 0)
(1.60379 0.740973 0)
(1.58502 0.785025 0)
(1.56289 0.828175 0)
(1.53773 0.870783 0)
(1.50961 0.913353 0)
(1.47839 0.956457 0)
(1.44365 1.00054 0)
(1.40461 1.04554 0)
(1.36012 1.09048 0)
(1.30871 1.13311 0)
(1.24954 1.17048 0)
(1.18458 1.20121 0)
(1.12037 1.22788 0)
(1.06517 1.25386 0)
(1.02204 1.274 0)
(0.988236 1.27183 0)
(0.944051 1.23233 0)
(0.901204 1.15307 0)
(0.882155 0.918327 0)
(0.390819 0.355009 0)
(0.470057 0.263742 0)
(0.709835 0.693308 0)
(0.703748 0.769565 0)
(0.819824 0.748477 0)
(0.794276 0.633709 0)
(0.640253 -2.97735 0)
(1.31731 -0.0175826 0)
(1.37867 0.0389735 0)
(1.43747 0.0957362 0)
(1.49216 0.152727 0)
(1.54145 0.210008 0)
(1.58433 0.26752 0)
(1.62006 0.325117 0)
(1.6482 0.3826 0)
(1.6686 0.439713 0)
(1.68138 0.496147 0)
(1.68689 0.551575 0)
(1.68569 0.605702 0)
(1.6785 0.658305 0)
(1.66613 0.70922 0)
(1.64943 0.758368 0)
(1.62919 0.805829 0)
(1.60617 0.851928 0)
(1.5809 0.897254 0)
(1.55356 0.942614 0)
(1.52382 0.98892 0)
(1.49078 1.03698 0)
(1.45302 1.08709 0)
(1.40877 1.1385 0)
(1.3562 1.18897 0)
(1.29386 1.23438 0)
(1.22196 1.27032 0)
(1.14435 1.29519 0)
(1.07026 1.31105 0)
(1.0104 1.31741 0)
(0.972376 1.30542 0)
(0.949672 1.26223 0)
(0.9163 1.18918 0)
(0.950273 1.03183 0)
(0.724194 0.615371 0)
(0.400677 0.21257 0)
(0.67798 0.599822 0)
(0.655336 0.676096 0)
(0.799878 0.669091 0)
(0.856441 0.683337 0)
(0.821423 -1.57812 0)
(1.37651 -0.0799125 0)
(1.43903 -0.0214233 0)
(1.49889 0.0387544 0)
(1.5545 0.100546 0)
(1.60459 0.163761 0)
(1.64808 0.228128 0)
(1.68413 0.293222 0)
(1.71221 0.358526 0)
(1.73204 0.423501 0)
(1.74369 0.487589 0)
(1.74751 0.550237 0)
(1.74412 0.610941 0)
(1.73434 0.669302 0)
(1.71914 0.725052 0)
(1.6996 0.778079 0)
(1.67685 0.828481 0)
(1.65205 0.876697 0)
(1.62619 0.923612 0)
(1.59978 0.970509 0)
(1.57247 1.01894 0)
(1.54272 1.07055 0)
(1.50787 1.12652 0)
(1.46459 1.18643 0)
(1.41002 1.24744 0)
(1.34259 1.30435 0)
(1.26153 1.35039 0)
(1.16797 1.38013 0)
(1.0695 1.38954 0)
(0.985303 1.3714 0)
(0.934262 1.33054 0)
(0.923149 1.27363 0)
(0.910817 1.19822 0)
(0.953261 1.07977 0)
(0.872436 0.793826 0)
(0.482375 0.404724 0)
(0.672777 0.566224 0)
(0.612037 0.591669 0)
(0.718951 0.574281 0)
(0.75918 0.600702 0)
(0.783706 -0.985695 0)
(1.43766 -0.144892 0)
(1.50289 -0.0843761 0)
(1.56541 -0.0205986 0)
(1.6235 0.0462384 0)
(1.67563 0.115788 0)
(1.72067 0.187501 0)
(1.75763 0.260685 0)
(1.78582 0.334518 0)
(1.80488 0.408141 0)
(1.81486 0.480678 0)
(1.81623 0.551253 0)
(1.80977 0.619083 0)
(1.79654 0.683587 0)
(1.77763 0.744395 0)
(1.75422 0.801284 0)
(1.72767 0.854229 0)
(1.6996 0.903624 0)
(1.67175 0.95065 0)
(1.64556 0.997502 0)
(1.62145 1.04709 0)
(1.59777 1.10254 0)
(1.56993 1.16612 0)
(1.53135 1.23727 0)
(1.47629 1.31214 0)
(1.40237 1.38433 0)
(1.30869 1.44627 0)
(1.19295 1.48998 0)
(1.05424 1.50449 0)
(0.911856 1.47136 0)
(0.83652 1.3745 0)
(0.858652 1.26264 0)
(0.889792 1.1765 0)
(0.932159 1.09318 0)
(0.887824 0.912852 0)
(0.505151 0.594343 0)
(0.649337 0.604242 0)
(0.548351 0.584474 0)
(0.582947 0.544165 0)
(0.482387 0.403685 0)
(0.632231 -0.528773 0)
(1.50096 -0.214092 0)
(1.57061 -0.15144 0)
(1.63743 -0.0838278 0)
(1.69955 -0.011534 0)
(1.75516 0.0649424 0)
(1.80273 0.144843 0)
(1.84111 0.227143 0)
(1.86942 0.310685 0)
(1.8873 0.394174 0)
(1.89493 0.476243 0)
(1.89308 0.555575 0)
(1.88293 0.63109 0)
(1.86579 0.702092 0)
(1.84289 0.768199 0)
(1.81538 0.829095 0)
(1.78466 0.884481 0)
(1.75258 0.934446 0)
(1.72159 0.979815 0)
(1.69442 1.02228 0)
(1.67326 1.06577 0)
(1.65752 1.11863 0)
(1.64063 1.18954 0)
(1.61113 1.27888 0)
(1.55893 1.37757 0)
(1.4805 1.47419 0)
(1.37656 1.56042 0)
(1.24199 1.63267 0)
(1.06108 1.67361 0)
(0.917353 1.58549 0)
(0.875713 1.39188 0)
(0.858051 1.22555 0)
(0.892161 1.13866 0)
(0.930031 1.10533 0)
(0.901807 1.03088 0)
(0.450274 0.790904 0)
(0.572834 0.669862 0)
(0.468951 0.639481 0)
(0.471249 0.615556 0)
(0.173281 0.217446 0)
(0.425532 0.0535542 0)
(1.56647 -0.289365 0)
(1.64244 -0.224577 0)
(1.7155 -0.152888 0)
(1.78339 -0.0744878 0)
(1.84392 0.00996589 0)
(1.89506 0.0994303 0)
(1.93532 0.192456 0)
(1.96376 0.287363 0)
(1.98008 0.382222 0)
(1.98485 0.474984 0)
(1.97937 0.563781 0)
(1.96542 0.647294 0)
(1.94473 0.724922 0)
(1.91875 0.79644 0)
(1.8888 0.861485 0)
(1.85652 0.919358 0)
(1.82379 0.969269 0)
(1.79168 1.01207 0)
(1.76165 1.052 0)
(1.73953 1.09315 0)
(1.73128 1.14382 0)
(1.72998 1.2186 0)
(1.71509 1.32338 0)
(1.66866 1.44679 0)
(1.58709 1.57121 0)
(1.48152 1.68501 0)
(1.34303 1.79253 0)
(1.18039 1.83093 0)
(1.1099 1.66224 0)
(1.10717 1.40343 0)
(1.08679 1.22281 0)
(1.00268 1.13568 0)
(0.983991 1.14172 0)
(0.991416 1.17238 0)
(0.485401 1.05454 0)
(0.503625 0.769822 0)
(0.438156 0.702653 0)
(0.453604 0.737582 0)
(0.127994 0.312316 0)
(0.10561 0.303248 0)
(1.63411 -0.372806 0)
(1.71858 -0.306013 0)
(1.80012 -0.229901 0)
(1.87585 -0.144506 0)
(1.94293 -0.0505697 0)
(1.9988 0.0503922 0)
(2.04153 0.156381 0)
(2.07023 0.264773 0)
(2.08489 0.372707 0)
(2.08668 0.477239 0)
(2.07769 0.575823 0)
(2.06052 0.666937 0)
(2.03769 0.750224 0)
(2.01119 0.825872 0)
(1.98257 0.893553 0)
(1.95253 0.952745 0)
(1.92195 1.00466 0)
(1.89485 1.0491 0)
(1.87554 1.07489 0)
(1.86707 1.07755 0)
(1.8727 1.10198 0)
(1.88194 1.1918 0)
(1.86766 1.34191 0)
(1.81262 1.51304 0)
(1.7197 1.67205 0)
(1.61074 1.80891 0)
(1.48331 1.93085 0)
(1.35581 1.94114 0)
(1.32879 1.69764 0)
(1.26824 1.44155 0)
(1.22751 1.26585 0)
(1.18273 1.1941 0)
(1.08202 1.20797 0)
(1.1075 1.32005 0)
(0.68602 1.34395 0)
(0.520499 0.958413 0)
(0.497686 0.749516 0)
(0.499518 0.831753 0)
(0.291805 0.618352 0)
(-0.109484 0.358608 0)
(1.70345 -0.466868 0)
(1.7989 -0.398359 0)
(1.89142 -0.317371 0)
(1.97727 -0.223709 0)
(2.05279 -0.118332 0)
(2.11501 -0.00335403 0)
(2.16148 0.11833 0)
(2.19119 0.242667 0)
(2.20465 0.365548 0)
(2.20373 0.482839 0)
(2.19149 0.591157 0)
(2.17169 0.688774 0)
(2.14783 0.775688 0)
(2.12259 0.852577 0)
(2.09732 0.920485 0)
(2.07242 0.979392 0)
(2.04527 1.02517 0)
(1.99896 1.06146 0)
(1.91003 1.11487 0)
(1.83883 1.16268 0)
(1.89922 1.16142 0)
(2.03917 1.22706 0)
(2.10608 1.39704 0)
(2.04008 1.60677 0)
(1.89483 1.79167 0)
(1.74392 1.93556 0)
(1.61387 2.04133 0)
(1.50207 2.02695 0)
(1.43313 1.78854 0)
(1.34974 1.51083 0)
(1.27367 1.3196 0)
(1.26123 1.23665 0)
(1.1938 1.26939 0)
(1.18166 1.44382 0)
(0.949128 1.58385 0)
(0.608381 1.28909 0)
(0.635065 0.811257 0)
(0.580286 0.867426 0)
(0.483984 0.888853 0)
(-0.00453297 0.395716 0)
(1.77327 -0.574549 0)
(1.8823 -0.504797 0)
(1.98851 -0.418299 0)
(2.08743 -0.314708 0)
(2.17464 -0.195492 0)
(2.24638 -0.0635855 0)
(2.29942 0.0768798 0)
(2.33202 0.220175 0)
(2.34516 0.360494 0)
(2.34145 0.491812 0)
(2.32523 0.609826 0)
(2.30152 0.71271 0)
(2.27492 0.801229 0)
(2.24845 0.877841 0)
(2.22087 0.945241 0)
(2.18663 1.0076 0)
(2.12655 1.08632 0)
(1.99704 1.20357 0)
(1.85566 1.2421 0)
(2.02399 1.01728 0)
(2.2798 0.87976 0)
(2.35125 1.02194 0)
(2.41119 1.38784 0)
(2.34622 1.75116 0)
(2.12906 1.99028 0)
(1.88407 2.11503 0)
(1.70296 2.16918 0)
(1.57764 2.12396 0)
(1.45284 1.91542 0)
(1.35731 1.60189 0)
(1.28186 1.36695 0)
(1.26855 1.25805 0)
(1.25012 1.31245 0)
(1.17955 1.52976 0)
(1.13905 1.73859 0)
(0.640751 1.63505 0)
(0.840301 0.891397 0)
(0.7416 0.855305 0)
(0.701828 1.13139 0)
(0.237483 0.765337 0)
(1.84087 -0.698721 0)
(1.96677 -0.628374 0)
(2.09227 -0.536068 0)
(2.21238 -0.421423 0)
(2.32055 -0.28639 0)
(2.41005 -0.134685 0)
(2.4748 0.0282887 0)
(2.51259 0.195727 0)
(2.52448 0.357757 0)
(2.51415 0.505785 0)
(2.48841 0.634597 0)
(2.45433 0.742731 0)
(2.41754 0.83206 0)
(2.38045 0.908824 0)
(2.34215 0.982654 0)
(2.29212 1.06969 0)
(2.19314 1.19682 0)
(2.04415 1.30477 0)
(2.05663 1.12302 0)
(2.25867 0.751433 0)
(2.39574 0.694108 0)
(2.51573 0.951106 0)
(2.55375 1.36813 0)
(2.51604 1.91761 0)
(2.31001 2.27241 0)
(1.99446 2.38627 0)
(1.73574 2.362 0)
(1.57349 2.26109 0)
(1.41313 2.05719 0)
(1.30875 1.71507 0)
(1.27179 1.40621 0)
(1.24615 1.27698 0)
(1.18047 1.37345 0)
(1.01705 1.65366 0)
(0.939097 1.87066 0)
(0.775956 1.84879 0)
(1.13745 0.945413 0)
(1.01647 0.892961 0)
(1.00277 1.38574 0)
(0.62101 1.60676 0)
(1.90331 -0.841659 0)
(2.05616 -0.773421 0)
(2.21948 -0.678354 0)
(2.38354 -0.554006 0)
(2.53372 -0.400796 0)
(2.65592 -0.222962 0)
(2.73966 -0.0287867 0)
(2.78083 0.171322 0)
(2.78175 0.362972 0)
(2.75095 0.533174 0)
(2.69977 0.675182 0)
(2.63869 0.789307 0)
(2.5753 0.880824 0)
(2.51233 0.959017 0)
(2.44474 1.04041 0)
(2.35694 1.16327 0)
(2.26311 1.3338 0)
(2.26688 1.37533 0)
(2.44071 0.97884 0)
(2.44976 0.668887 0)
(2.3622 0.620796 0)
(2.36884 0.85185 0)
(2.43308 1.34095 0)
(2.43118 2.0014 0)
(2.3014 2.55641 0)
(1.99103 2.71747 0)
(1.68715 2.61868 0)
(1.48567 2.44556 0)
(1.30775 2.20496 0)
(1.25872 1.78441 0)
(1.25169 1.4333 0)
(1.16127 1.36239 0)
(0.925175 1.56088 0)
(0.745361 1.82234 0)
(0.838237 1.79411 0)
(1.22526 1.48778 0)
(1.58267 0.963908 0)
(1.56125 0.899655 0)
(1.51227 1.37406 0)
(1.18433 2.43144 0)
(1.96451 -1.01565 0)
(2.17168 -0.966627 0)
(2.40484 -0.883453 0)
(2.63538 -0.753301 0)
(2.83697 -0.573212 0)
(2.99318 -0.349637 0)
(3.09519 -0.0987588 0)
(3.13646 0.156268 0)
(3.11795 0.394591 0)
(3.05063 0.597936 0)
(2.95366 0.758809 0)
(2.84392 0.88024 0)
(2.7324 0.971761 0)
(2.62512 1.05285 0)
(2.50152 1.1589 0)
(2.3553 1.28212 0)
(2.32037 1.30604 0)
(2.49826 1.15655 0)
(2.69362 0.976249 0)
(2.68734 0.856781 0)
(2.48152 0.785813 0)
(2.31591 0.898508 0)
(2.27576 1.34126 0)
(2.23659 2.00261 0)
(2.10028 2.78815 0)
(1.82768 3.04687 0)
(1.53164 2.89768 0)
(1.30154 2.65961 0)
(1.1814 2.31121 0)
(1.23891 1.78434 0)
(1.18344 1.51417 0)
(0.938566 1.6096 0)
(0.653291 1.82726 0)
(0.856049 1.56333 0)
(1.28796 1.27702 0)
(1.74535 0.993721 0)
(1.99064 0.769992 0)
(2.15407 0.726142 0)
(1.81885 1.67986 0)
(1.34193 3.72644 0)
(2.02984 -1.25956 0)
(2.31002 -1.26462 0)
(2.59405 -1.20313 0)
(2.83681 -1.05513 0)
(3.02472 -0.828804 0)
(3.16549 -0.540376 0)
(3.26782 -0.211035 0)
(3.32402 0.127551 0)
(3.31619 0.440611 0)
(3.24246 0.697455 0)
(3.12101 0.889822 0)
(2.97252 1.02647 0)
(2.81551 1.1198 0)
(2.6595 1.20526 0)
(2.4787 1.32757 0)
(2.3369 1.37034 0)
(2.41444 1.13799 0)
(2.59039 0.891589 0)
(2.70683 0.848601 0)
(2.71058 0.970593 0)
(2.51934 1.00451 0)
(2.29974 1.0748 0)
(2.14303 1.45343 0)
(1.98928 2.13857 0)
(1.75796 3.01436 0)
(1.50229 3.33763 0)
(1.23344 3.17013 0)
(1.058 2.83525 0)
(1.12996 2.2658 0)
(1.17171 1.80979 0)
(0.983108 1.74635 0)
(0.708499 1.89676 0)
(0.938221 1.55407 0)
(1.30651 1.14346 0)
(1.64222 0.86575 0)
(1.85959 0.703936 0)
(2.11445 0.46067 0)
(1.78023 1.13034 0)
(1.14449 3.10823 0)
(0.621176 5.7125 0)
(2.05531 -1.59241 0)
(2.32061 -1.62051 0)
(2.49535 -1.50394 0)
(2.58689 -1.27633 0)
(2.62618 -0.991396 0)
(2.69 -0.67434 0)
(2.78537 -0.323161 0)
(2.88938 0.0694065 0)
(2.95811 0.458039 0)
(2.96555 0.786592 0)
(2.91552 1.03301 0)
(2.81562 1.20308 0)
(2.67703 1.31149 0)
(2.49011 1.41898 0)
(2.28196 1.51957 0)
(2.25391 1.36684 0)
(2.38424 1.00672 0)
(2.48518 0.790938 0)
(2.51956 0.803453 0)
(2.50097 1.04207 0)
(2.38419 1.19852 0)
(2.12019 1.32226 0)
(1.88023 1.70477 0)
(1.59212 2.4048 0)
(1.24011 3.31517 0)
(0.988895 3.6143 0)
(0.830778 3.37061 0)
(0.913978 2.77717 0)
(1.05118 2.19434 0)
(0.954669 1.96596 0)
(0.729277 1.97824 0)
(0.930587 1.63457 0)
(1.27041 1.23481 0)
(1.54703 0.83002 0)
(1.64215 0.67906 0)
(1.80169 0.512525 0)
(1.26744 0.947192 0)
(0.553426 2.16622 0)
(0.218907 4.26539 0)
(-0.27271 6.15567 0)
(1.91161 -1.88543 0)
(1.94021 -1.75708 0)
(1.80673 -1.45797 0)
(1.64507 -1.13146 0)
(1.4838 -0.875905 0)
(1.51867 -0.66493 0)
(1.6545 -0.404745 0)
(1.83044 -0.0583496 0)
(1.99555 0.33734 0)
(2.12232 0.713188 0)
(2.21285 1.03068 0)
(2.25214 1.27994 0)
(2.19843 1.47948 0)
(2.02326 1.66452 0)
(1.93235 1.61269 0)
(2.06593 1.21376 0)
(2.19982 0.889232 0)
(2.24492 0.747084 0)
(2.20111 0.854082 0)
(2.08804 1.1569 0)
(1.95889 1.39817 0)
(1.63245 1.64871 0)
(1.32143 2.09872 0)
(0.911768 2.85128 0)
(0.493988 3.69222 0)
(0.409841 3.76741 0)
(0.57227 3.23582 0)
(0.803831 2.60074 0)
(0.813577 2.25028 0)
(0.658527 2.13356 0)
(0.817653 1.75457 0)
(1.15314 1.3718 0)
(1.46285 0.892803 0)
(1.50542 0.749073 0)
(1.57832 0.649308 0)
(0.895198 1.14317 0)
(-0.219261 2.00503 0)
(-1.50795 3.06125 0)
(-1.1404 4.40904 0)
(-0.961757 4.72965 0)
(1.48678 -1.88108 0)
(1.13744 -1.46683 0)
(0.796615 -1.10947 0)
(0.590888 -0.902008 0)
(0.533895 -0.842257 0)
(0.629045 -0.733367 0)
(0.640179 -0.52502 0)
(0.684651 -0.164502 0)
(0.847681 0.245267 0)
(1.01835 0.564616 0)
(1.23739 0.884539 0)
(1.44043 1.22691 0)
(1.50667 1.58099 0)
(1.47359 1.71306 0)
(1.61337 1.40812 0)
(1.78084 1.03734 0)
(1.86073 0.808259 0)
(1.82914 0.815157 0)
(1.64552 1.0251 0)
(1.4427 1.34621 0)
(1.20759 1.67113 0)
(0.851476 2.03584 0)
(0.398609 2.63059 0)
(-0.0341845 3.41687 0)
(-0.151372 3.81509 0)
(0.109614 3.49987 0)
(0.436983 2.93165 0)
(0.550461 2.53603 0)
(0.476964 2.32971 0)
(0.669486 1.93751 0)
(1.06884 1.47026 0)
(1.41022 0.965873 0)
(1.46624 0.825334 0)
(1.48478 0.73996 0)
(1.33145 1.16208 0)
(-0.405214 2.36607 0)
(-1.94078 2.92879 0)
(-2.58016 3.0684 0)
(-2.06949 3.61785 0)
(-1.22923 3.04988 0)
(0.878193 -1.48811 0)
(0.398239 -0.946251 0)
(0.0155858 -0.753217 0)
(-0.0696862 -0.863427 0)
(0.0617373 -0.956772 0)
(0.28158 -0.821125 0)
(0.379033 -0.609284 0)
(0.434656 -0.328678 0)
(0.566136 0.0318078 0)
(0.638293 0.326622 0)
(0.688856 0.646069 0)
(0.843378 1.09364 0)
(0.962611 1.49816 0)
(1.0905 1.57584 0)
(1.31097 1.19131 0)
(1.39116 0.90261 0)
(1.3602 0.863041 0)
(1.16836 1.02466 0)
(0.893196 1.30131 0)
(0.603654 1.66652 0)
(0.236718 2.08934 0)
(-0.183863 2.58643 0)
(-0.561829 3.1601 0)
(-0.634669 3.52707 0)
(-0.392203 3.46732 0)
(-0.0204803 3.07582 0)
(0.185487 2.73069 0)
(0.226364 2.5228 0)
(0.491324 2.14489 0)
(1.01409 1.48525 0)
(1.36016 1.00925 0)
(1.45116 0.865551 0)
(1.47734 0.806291 0)
(1.44423 0.909316 0)
(1.10237 2.41548 0)
(-1.89292 4.3081 0)
(-2.86953 3.93105 0)
(-3.66904 3.48513 0)
(-2.83502 2.39821 0)
(-1.06649 0.325687 0)
(0.470398 -0.972737 0)
(-0.0693101 -0.432151 0)
(-0.221862 -0.595867 0)
(-0.323198 -0.95583 0)
(-0.125993 -1.24229 0)
(0.176982 -1.12419 0)
(0.456237 -0.636068 0)
(0.486522 -0.275167 0)
(0.431828 0.0205658 0)
(0.507776 0.256087 0)
(0.56115 0.536164 0)
(0.57892 0.971872 0)
(0.671615 1.29888 0)
(0.821718 1.34956 0)
(0.975973 1.08304 0)
(0.911913 0.957288 0)
(0.717171 1.09142 0)
(0.411675 1.35135 0)
(0.0672737 1.698 0)
(-0.301389 2.12484 0)
(-0.67412 2.57151 0)
(-0.942429 2.96538 0)
(-0.99285 3.19671 0)
(-0.813833 3.1963 0)
(-0.519111 3.05073 0)
(-0.289599 2.84028 0)
(-0.0634677 2.60211 0)
(0.343854 2.32707 0)
(0.988251 1.4143 0)
(1.31443 1.02999 0)
(1.41678 0.8989 0)
(1.45806 0.832291 0)
(1.47984 0.833639 0)
(1.16316 1.36053 0)
(1.32711 4.63827 0)
(-1.31673 6.85366 0)
(-2.04002 5.1405 0)
(-3.64441 3.63796 0)
(-2.81741 0.0836054 0)
(-0.736835 -3.05473 0)
(0.344962 -0.488634 0)
(0.105096 -0.266576 0)
(0.172679 -0.400956 0)
(-0.0015449 -1.07799 0)
(0.0992039 -1.56598 0)
(0.320201 -1.53249 0)
(0.604346 -0.974292 0)
(0.861087 -0.384648 0)
(0.831865 -0.0181156 0)
(0.686035 0.184254 0)
(0.524174 0.492631 0)
(0.407309 0.960934 0)
(0.463047 1.17084 0)
(0.575357 1.18133 0)
(0.615537 1.08276 0)
(0.383072 1.20663 0)
(0.0728256 1.45389 0)
(-0.310275 1.77765 0)
(-0.676852 2.14751 0)
(-1.01335 2.51678 0)
(-1.24942 2.80546 0)
(-1.31042 2.96221 0)
(-1.22173 2.99749 0)
(-1.02639 2.9391 0)
(-0.745239 2.83288 0)
(-0.349568 2.65534 0)
(0.210284 1.99551 0)
(1.01636 1.28785 0)
(1.2873 1.03357 0)
(1.38712 0.927625 0)
(1.43657 0.855373 0)
(1.47798 0.825715 0)
(1.46387 1.15717 0)
(0.972734 2.08762 0)
(1.52693 4.81394 0)
(0.561155 8.04862 0)
(0.747912 7.38509 0)
(-1.14083 4.78911 0)
(-1.1826 0.535041 0)
(-0.133822 -4.93834 0)
(0.566966 -0.433964 0)
(0.669197 -0.185195 0)
(0.692598 -0.298062 0)
(0.562066 -0.927108 0)
(0.504445 -1.63764 0)
(0.580643 -1.85083 0)
(0.755355 -1.39773 0)
(0.996829 -0.499843 0)
(1.03667 0.221715 0)
(0.829674 0.523917 0)
(0.467579 0.793797 0)
(0.228716 1.05896 0)
(0.286149 1.11525 0)
(0.346589 1.13096 0)
(0.198838 1.28284 0)
(-0.155124 1.60366 0)
(-0.512067 1.88247 0)
(-0.899069 2.20107 0)
(-1.25381 2.51709 0)
(-1.55482 2.7755 0)
(-1.70791 2.93885 0)
(-1.67522 2.99984 0)
(-1.49026 2.94368 0)
(-1.00262 2.66318 0)
(-0.475989 2.20192 0)
(0.623346 1.4621 0)
(1.04734 1.17481 0)
(1.28089 1.02065 0)
(1.36652 0.945694 0)
(1.43761 0.860045 0)
(1.53184 0.797388 0)
(1.82514 0.887069 0)
(1.99475 1.32714 0)
(1.73494 2.21094 0)
(1.92813 4.21537 0)
(2.12206 7.44104 0)
(3.10072 8.13751 0)
(2.48452 6.45309 0)
(1.44449 1.88313 0)
(0.534505 -4.53354 0)
(0.922784 -0.46629 0)
(0.963666 -0.221708 0)
(1.03446 -0.31463 0)
(1.03326 -0.773043 0)
(0.942284 -1.54168 0)
(0.888133 -1.89838 0)
(0.835922 -1.49388 0)
(0.801109 -0.645993 0)
(0.8268 0.303384 0)
(0.644941 0.922509 0)
(0.360861 1.13557 0)
(0.238467 1.12355 0)
(0.187762 1.1244 0)
(0.0503423 1.31224 0)
(-0.280925 1.67858 0)
(-0.651833 2.02788 0)
(-1.01716 2.31513 0)
(-1.37514 2.62292 0)
(-1.72168 2.96914 0)
(-1.94261 3.17414 0)
(-1.87065 3.03273 0)
(-1.32856 2.58447 0)
(-0.628134 2.10849 0)
(0.409514 1.46591 0)
(0.84637 1.21704 0)
(1.14001 1.06126 0)
(1.2747 1.00337 0)
(1.36038 0.941362 0)
(1.46228 0.843509 0)
(1.82197 0.646392 0)
(2.52182 0.378735 0)
(2.87669 0.469177 0)
(2.95721 1.14148 0)
(2.8263 2.27967 0)
(2.70133 3.82336 0)
(3.10666 5.89861 0)
(4.17479 7.33317 0)
(4.33719 7.04089 0)
(3.27712 3.76135 0)
(0.788435 -2.71735 0)
(1.30771 -0.528714 0)
(1.23847 -0.211719 0)
(1.25827 -0.328364 0)
(1.24976 -0.688404 0)
(1.19459 -1.40392 0)
(1.0927 -1.76356 0)
(0.859274 -1.31291 0)
(0.604719 -0.457321 0)
(0.475931 0.448345 0)
(0.383152 1.10307 0)
(0.318605 1.26173 0)
(0.201517 1.23947 0)
(-0.00587535 1.34088 0)
(-0.331876 1.70772 0)
(-0.718922 2.12053 0)
(-1.06652 2.45135 0)
(-1.371 2.72503 0)
(-1.56888 2.98627 0)
(-1.62612 3.18013 0)
(-1.31888 2.92769 0)
(-0.495683 2.0313 0)
(0.327526 1.45277 0)
(0.760164 1.20376 0)
(1.05561 1.06075 0)
(1.20024 1.01454 0)
(1.30005 0.972486 0)
(1.39207 0.913729 0)
(1.56906 0.773739 0)
(2.43416 0.231224 0)
(3.18651 -0.282707 0)
(3.58748 -0.32674 0)
(3.65247 0.250507 0)
(3.5519 1.24825 0)
(3.4325 2.48228 0)
(3.33993 3.80964 0)
(3.42638 5.14697 0)
(3.96105 6.529 0)
(4.2489 7.39001 0)
(3.13201 5.4032 0)
(0.429224 -0.604548 0)
(1.35876 -0.606922 0)
(1.37108 -0.178686 0)
(1.30981 -0.236049 0)
(1.2349 -0.648333 0)
(1.21006 -1.33077 0)
(1.09891 -1.52299 0)
(0.69751 -0.906685 0)
(0.272258 -0.0401408 0)
(0.0720032 0.58086 0)
(0.171538 1.10667 0)
(0.170884 1.31999 0)
(0.000783356 1.47156 0)
(-0.320804 1.74501 0)
(-0.716234 2.16665 0)
(-1.0465 2.54994 0)
(-1.28413 2.81687 0)
(-1.40936 2.97471 0)
(-1.26201 2.92708 0)
(-1.02976 2.69508 0)
(0.211218 1.60099 0)
(0.699465 1.21878 0)
(0.988972 1.05733 0)
(1.1599 1.00255 0)
(1.27022 0.966534 0)
(1.36027 0.941371 0)
(1.49334 0.84957 0)
(2.13988 0.472569 0)
(3.08428 -0.262927 0)
(3.70709 -0.806013 0)
(3.90801 -0.799296 0)
(3.81629 -0.292805 0)
(3.64062 0.503171 0)
(3.52477 1.45756 0)
(3.46779 2.5772 0)
(3.46453 3.82069 0)
(3.31914 5.05186 0)
(3.10315 6.60079 0)
(2.96208 8.31923 0)
(1.61139 7.07774 0)
(0.0273306 1.03571 0)
(1.11972 -0.667667 0)
(1.11308 -0.131892 0)
(0.975756 -0.0851732 0)
(0.979846 -0.702371 0)
(1.03764 -1.2906 0)
(0.927757 -1.19691 0)
(0.381485 -0.384942 0)
(0.144491 0.330625 0)
(-0.0763315 0.6558 0)
(-0.0542886 1.0834 0)
(-0.0766703 1.44787 0)
(-0.337774 1.83134 0)
(-0.662928 2.19823 0)
(-0.989332 2.56956 0)
(-1.15316 2.82075 0)
(-1.18393 2.94186 0)
(-0.970758 2.76624 0)
(-0.398248 2.21322 0)
(0.439378 1.46161 0)
(0.845042 1.10736 0)
(1.04252 0.980977 0)
(1.18971 0.938865 0)
(1.33323 0.927395 0)
(1.5442 0.844486 0)
(2.20871 0.498198 0)
(3.02638 -0.0791404 0)
(3.59289 -0.72817 0)
(3.79145 -0.995109 0)
(3.67664 -0.833558 0)
(3.43691 -0.456202 0)
(3.24733 0.0290704 0)
(3.1843 0.639632 0)
(3.2129 1.45706 0)
(3.21326 2.5449 0)
(3.15675 3.89383 0)
(2.78582 5.41824 0)
(1.82337 7.5271 0)
(1.08102 9.70498 0)
(-0.296188 8.1388 0)
(0.0492205 1.42935 0)
(0.774378 -0.459746 0)
(0.573854 0.0788349 0)
(0.527582 -0.152974 0)
(0.75744 -0.898261 0)
(0.807956 -1.20316 0)
(0.650148 -0.773081 0)
(-0.0261875 0.149358 0)
(-0.00270614 0.490028 0)
(-0.283392 0.749454 0)
(-0.336014 1.16232 0)
(-0.374149 1.66216 0)
(-0.638295 2.16747 0)
(-0.848136 2.53608 0)
(-0.976194 2.75757 0)
(-0.908825 2.79995 0)
(-0.655538 2.57544 0)
(-0.00755183 1.89949 0)
(0.568011 1.33986 0)
(0.84443 1.08334 0)
(0.990237 0.943473 0)
(1.13556 0.843028 0)
(1.56233 0.641713 0)
(2.19181 0.292412 0)
(2.75567 -0.179114 0)
(3.10095 -0.545115 0)
(3.19899 -0.638098 0)
(3.08531 -0.592083 0)
(2.85747 -0.527033 0)
(2.63835 -0.435878 0)
(2.52056 -0.274014 0)
(2.52817 0.00938698 0)
(2.6186 0.502848 0)
(2.71259 1.33784 0)
(2.65507 2.5966 0)
(2.38553 4.2839 0)
(1.61382 6.43114 0)
(0.0450373 9.34754 0)
(-0.9562 11.0209 0)
(-1.45758 7.82467 0)
(0.0424182 1.07 0)
(0.441475 -0.112955 0)
(0.172425 0.227697 0)
(0.428052 -0.49052 0)
(0.627317 -1.07536 0)
(0.567671 -0.990611 0)
(0.327204 -0.253621 0)
(-0.31527 0.661772 0)
(-0.423986 0.734981 0)
(-0.951934 0.814014 0)
(-0.601525 1.21727 0)
(-0.601289 1.82917 0)
(-0.731483 2.3649 0)
(-0.760016 2.63222 0)
(-0.640251 2.64449 0)
(-0.319286 2.42561 0)
(0.148933 1.84806 0)
(0.614804 1.29532 0)
(0.790062 1.08191 0)
(0.873827 0.969759 0)
(1.01765 0.809993 0)
(1.58848 0.148175 0)
(2.03561 -0.297105 0)
(2.26139 -0.3621 0)
(2.30812 -0.271419 0)
(2.22115 -0.235261 0)
(2.05955 -0.269975 0)
(1.88446 -0.318084 0)
(1.73188 -0.347863 0)
(1.63778 -0.355344 0)
(1.63531 -0.328379 0)
(1.71497 -0.167583 0)
(1.80641 0.331911 0)
(1.80964 1.35868 0)
(1.57365 2.98516 0)
(0.997005 5.24618 0)
(-0.214559 8.2401 0)
(-1.80562 11.2745 0)
(-2.3764 11.3711 0)
(-1.60286 6.23671 0)
(-0.0527053 0.274814 0)
(0.165998 0.258298 0)
(0.105305 0.0226326 0)
(0.442991 -0.800257 0)
(0.496727 -1.08601 0)
(0.39372 -0.722265 0)
(0.168202 0.209162 0)
(-0.219475 1.17628 0)
(-0.713177 1.2159 0)
(-0.555577 0.87597 0)
(-0.864235 0.971572 0)
(-0.524261 1.86468 0)
(-0.544508 2.34119 0)
(-0.399114 2.45444 0)
(-0.0797938 2.20739 0)
(0.222797 1.88104 0)
(0.624934 1.3603 0)
(0.74477 1.13116 0)
(0.775072 1.01849 0)
(0.873575 0.868537 0)
(1.41684 0.0755434 0)
(1.69124 -0.375544 0)
(1.64431 -0.315542 0)
(1.50064 -0.158516 0)
(1.35017 -0.0907167 0)
(1.19491 -0.0823159 0)
(1.03018 -0.0944454 0)
(0.868934 -0.130618 0)
(0.737187 -0.207998 0)
(0.668921 -0.327735 0)
(0.664553 -0.414129 0)
(0.674285 -0.27096 0)
(0.614282 0.376433 0)
(0.407854 1.71638 0)
(-0.0560112 3.82557 0)
(-0.870118 6.7143 0)
(-2.02691 10.0509 0)
(-2.99293 12.2838 0)
(-2.76789 10.6275 0)
(-1.1406 4.28504 0)
(-0.175556 -0.58072 0)
(-0.00749771 0.441173 0)
(0.215412 -0.281662 0)
(0.418449 -0.941526 0)
(0.374612 -1.00625 0)
(0.310731 -0.539925 0)
(0.134235 0.412847 0)
(0.336405 1.64299 0)
(-0.51104 1.41909 0)
(0.0170994 0.770832 0)
(-0.927449 0.978877 0)
(-0.323858 1.40528 0)
(-0.191608 1.98557 0)
(0.149628 2.1828 0)
(0.277761 1.92471 0)
(0.596554 1.46818 0)
(0.70165 1.23316 0)
(0.713796 1.10155 0)
(0.77765 0.951194 0)
(1.21249 0.21397 0)
(1.39604 -0.247528 0)
(1.1923 -0.177268 0)
(0.934817 -0.012375 0)
(0.718777 0.0860511 0)
(0.524401 0.141175 0)
(0.336713 0.159421 0)
(0.1563 0.137185 0)
(-0.00878762 0.0621157 0)
(-0.143253 -0.0814842 0)
(-0.250613 -0.264911 0)
(-0.371374 -0.356941 0)
(-0.547769 -0.11443 0)
(-0.823264 0.736896 0)
(-1.23024 2.37993 0)
(-1.79469 4.85404 0)
(-2.47766 7.9651 0)
(-3.05984 10.9605 0)
(-3.12742 12.0904 0)
(-2.23364 9.25606 0)
(-0.4915 2.82796 0)
(-0.17239 -1.22772 0)
(-0.0925551 0.433863 0)
(0.190632 -0.598838 0)
(0.274056 -0.944043 0)
(0.186552 -0.886737 0)
(0.159934 -0.472804 0)
(0.130332 0.327979 0)
(0.599031 1.67269 0)
(0.118955 1.97693 0)
(0.152218 1.11368 0)
(0.104263 0.959316 0)
(0.128376 1.40862 0)
(0.0314259 1.77148 0)
(0.342816 1.85023 0)
(0.550982 1.60255 0)
(0.651144 1.37167 0)
(0.667454 1.21196 0)
(0.716632 1.05202 0)
(1.03473 0.474948 0)
(1.14352 0.014829 0)
(0.848627 0.0920371 0)
(0.53585 0.220951 0)
(0.274821 0.306089 0)
(0.0501245 0.365162 0)
(-0.152354 0.396387 0)
(-0.341719 0.397999 0)
(-0.522831 0.361436 0)
(-0.697412 0.269263 0)
(-0.871677 0.113454 0)
(-1.06834 -0.0536138 0)
(-1.32352 -0.0745491 0)
(-1.66367 0.293172 0)
(-2.08112 1.29005 0)
(-2.53756 3.06598 0)
(-2.96534 5.57145 0)
(-3.23078 8.43897 0)
(-3.11369 10.757 0)
(-2.42541 10.9624 0)
(-1.16691 7.69803 0)
(0.146144 2.01461 0)
(-0.0274838 -1.46879 0)
(-0.181151 0.304379 0)
(-0.231879 -0.747681 0)
(-0.146606 -0.930092 0)
(-0.184784 -0.797072 0)
(-0.226264 -0.504819 0)
(-0.141568 0.15546 0)
(0.246517 1.33514 0)
(0.516814 2.16119 0)
(0.391883 1.37812 0)
(0.347817 1.03256 0)
(0.315469 1.3961 0)
(0.327349 1.64626 0)
(0.448212 1.62626 0)
(0.561232 1.49058 0)
(0.611171 1.3298 0)
(0.66768 1.15746 0)
(0.891442 0.685723 0)
(0.881499 0.356559 0)
(0.562353 0.429777 0)
(0.232926 0.515569 0)
(-0.0360512 0.564724 0)
(-0.266673 0.602442 0)
(-0.469131 0.627962 0)
(-0.653074 0.637716 0)
(-0.827777 0.628644 0)
(-1.00145 0.590505 0)
(-1.1837 0.508751 0)
(-1.39195 0.387847 0)
(-1.65277 0.290589 0)
(-1.98751 0.362475 0)
(-2.38867 0.811007 0)
(-2.80656 1.83516 0)
(-3.15315 3.52738 0)
(-3.30964 5.76745 0)
(-3.13256 8.12102 0)
(-2.50054 9.73069 0)
(-1.42608 9.37802 0)
(-0.105775 6.20296 0)
(0.603699 1.78819 0)
(0.161595 -1.28692 0)
(-0.443005 0.292223 0)
(-0.787486 -0.690078 0)
(-0.837087 -1.02695 0)
(-0.707208 -0.812846 0)
(-0.725759 -0.618494 0)
(-0.643781 -0.136071 0)
(-0.322844 0.795861 0)
(0.325097 1.86425 0)
(0.336687 1.30217 0)
(0.198107 1.0644 0)
(0.25829 1.42475 0)
(0.300908 1.57002 0)
(0.392738 1.53032 0)
(0.499451 1.41198 0)
(0.590584 1.24948 0)
(0.685253 0.86275 0)
(0.544293 0.750103 0)
(0.250241 0.820166 0)
(-0.0481008 0.848199 0)
(-0.285085 0.850633 0)
(-0.489702 0.85218 0)
(-0.669917 0.854834 0)
(-0.832324 0.855221 0)
(-0.98489 0.852167 0)
(-1.13565 0.842063 0)
(-1.29325 0.816291 0)
(-1.47007 0.7666 0)
(-1.6846 0.703812 0)
(-1.95603 0.68482 0)
(-2.28781 0.828242 0)
(-2.64853 1.29631 0)
(-2.96526 2.23586 0)
(-3.13328 3.6913 0)
(-3.03273 5.51489 0)
(-2.55858 7.29561 0)
(-1.68905 8.33508 0)
(-0.567661 7.77933 0)
(0.548314 5.08654 0)
(0.76851 1.92519 0)
(0.226413 -0.826389 0)
(-0.494938 0.656974 0)
(-0.947368 -0.317351 0)
(-1.25204 -0.842557 0)
(-1.20577 -0.938372 0)
(-1.1503 -0.717059 0)
(-1.15008 -0.400481 0)
(-0.874461 0.217744 0)
(-0.227802 1.09646 0)
(0.188144 1.22986 0)
(0.0586139 1.06394 0)
(0.136371 1.38907 0)
(0.191611 1.48539 0)
(0.316157 1.43845 0)
(0.42501 1.29489 0)
(0.27503 1.07407 0)
(0.117474 1.12972 0)
(-0.133862 1.19072 0)
(-0.355743 1.16857 0)
(-0.526221 1.12494 0)
(-0.675903 1.08944 0)
(-0.812169 1.06418 0)
(-0.937307 1.04636 0)
(-1.05637 1.03513 0)
(-1.17456 1.02964 0)
(-1.29727 1.02696 0)
(-1.4315 1.0219 0)
(-1.58783 1.01146 0)
(-1.78001 1.0071 0)
(-2.01765 1.05199 0)
(-2.29188 1.23201 0)
(-2.56108 1.66367 0)
(-2.74862 2.44881 0)
(-2.7573 3.60483 0)
(-2.49373 4.99477 0)
(-1.90267 6.28309 0)
(-1.02355 6.95097 0)
(-0.0474746 6.43237 0)
(0.727684 4.46755 0)
(0.693392 2.24521 0)
(0.204522 -0.257747 0)
(-0.356839 1.41774 0)
(-0.827973 0.201757 0)
(-1.24014 -0.464167 0)
(-1.45775 -0.899188 0)
(-1.41648 -0.730613 0)
(-1.49325 -0.464419 0)
(-1.48017 -0.201787 0)
(-1.08151 0.345283 0)
(-0.636737 0.823932 0)
(-0.430789 1.03594 0)
(-0.0473743 1.25042 0)
(-0.0386954 1.35124 0)
(-0.167516 1.27275 0)
(-0.299165 1.36152 0)
(-0.45666 1.44692 0)
(-0.590204 1.46989 0)
(-0.705269 1.41166 0)
(-0.783704 1.33775 0)
(-0.857957 1.27752 0)
(-0.934572 1.232 0)
(-1.01125 1.19889 0)
(-1.0894 1.17732 0)
(-1.17095 1.16717 0)
(-1.258 1.16779 0)
(-1.35324 1.17771 0)
(-1.46096 1.19489 0)
(-1.58788 1.21948 0)
(-1.74169 1.26051 0)
(-1.92486 1.34618 0)
(-2.12368 1.53189 0)
(-2.29789 1.89471 0)
(-2.38021 2.50359 0)
(-2.29166 3.3679 0)
(-1.96875 4.38459 0)
(-1.39541 5.31042 0)
(-0.63847 5.78649 0)
(0.123522 5.44565 0)
(0.607962 4.17745 0)
(0.508706 2.58213 0)
(0.153349 0.24279 0)
(-0.214215 2.03464 0)
(-0.645176 0.655875 0)
(-1.06087 -0.00716131 0)
(-1.45909 -0.597617 0)
(-1.57909 -0.758768 0)
(-1.51496 -0.272 0)
(-1.76366 -0.188262 0)
(-1.77645 0.0637806 0)
(-1.64762 0.396613 0)
(-1.5175 0.698974 0)
(-1.33773 1.01621 0)
(-1.19099 1.3472 0)
(-1.17066 1.47685 0)
(-1.14344 1.57738 0)
(-1.10748 1.57623 0)
(-1.07405 1.5104 0)
(-1.04743 1.43888 0)
(-1.03929 1.37998 0)
(-1.05119 1.33311 0)
(-1.07605 1.29723 0)
(-1.11136 1.27258 0)
(-1.15612 1.25982 0)
(-1.20964 1.25928 0)
(-1.27176 1.27096 0)
(-1.343 1.29483 0)
(-1.42506 1.33104 0)
(-1.52086 1.3811 0)
(-1.63326 1.45099 0)
(-1.76083 1.55654 0)
(-1.89044 1.72928 0)
(-1.98987 2.01587 0)
(-2.00723 2.46236 0)
(-1.88352 3.08058 0)
(-1.57712 3.80902 0)
(-1.09163 4.49079 0)
(-0.497021 4.89094 0)
(0.0648645 4.76738 0)
(0.379127 4.02508 0)
(0.322061 2.82443 0)
(0.107625 0.608463 0)
(0.111305 2.37978 0)
(-0.368488 1.20122 0)
(-0.744556 0.635552 0)
(-1.17387 -0.0659546 0)
(-1.67233 -0.803667 0)
(-1.41616 -0.153237 0)
(-1.60799 0.0681106 0)
(-1.83138 0.165902 0)
(-1.9206 0.346825 0)
(-1.93806 0.601856 0)
(-1.88471 0.9056 0)
(-1.76413 1.18881 0)
(-1.63059 1.34732 0)
(-1.49054 1.4111 0)
(-1.3601 1.41354 0)
(-1.25842 1.3955 0)
(-1.18969 1.37357 0)
(-1.1501 1.35089 0)
(-1.13188 1.33032 0)
(-1.1304 1.31503 0)
(-1.14306 1.30756 0)
(-1.16758 1.30955 0)
(-1.20219 1.32205 0)
(-1.24561 1.34593 0)
(-1.29707 1.38218 0)
(-1.35642 1.43209 0)
(-1.42391 1.4975 0)
(-1.49942 1.58187 0)
(-1.58002 1.6927 0)
(-1.6556 1.84531 0)
(-1.70383 2.06505 0)
(-1.68883 2.38173 0)
(-1.5692 2.81146 0)
(-1.31645 3.32958 0)
(-0.937484 3.84927 0)
(-0.489442 4.22368 0)
(-0.0732814 4.28068 0)
(0.167095 3.88524 0)
(0.182821 2.93873 0)
(0.0753378 0.843635 0)
(0.319341 2.3834 0)
(0.0407694 2.03699 0)
(-0.527142 1.11973 0)
(-0.834106 0.569053 0)
(-1.57199 -0.477279 0)
(-1.69477 -0.286037 0)
(-1.36469 0.392195 0)
(-1.54636 0.427765 0)
(-1.71065 0.471536 0)
(-1.76958 0.627478 0)
(-1.75847 0.802321 0)
(-1.68085 0.974218 0)
(-1.56819 1.10353 0)
(-1.45066 1.18953 0)
(-1.34644 1.24344 0)
(-1.2646 1.27605 0)
(-1.2051 1.29336 0)
(-1.16456 1.30157 0)
(-1.14047 1.30644 0)
(-1.131 1.31246 0)
(-1.13405 1.32279 0)
(-1.14758 1.33958 0)
(-1.16981 1.36445 0)
(-1.19922 1.39885 0)
(-1.23453 1.44428 0)
(-1.2746 1.50236 0)
(-1.31827 1.57481 0)
(-1.36396 1.66341 0)
(-1.40859 1.77088 0)
(-1.4453 1.90299 0)
(-1.46031 2.07154 0)
(-1.43112 2.29467 0)
(-1.33022 2.58993 0)
(-1.13667 2.95799 0)
(-0.852586 3.3626 0)
(-0.515438 3.71782 0)
(-0.194932 3.89117 0)
(0.0190836 3.71181 0)
(0.0960543 2.94789 0)
(0.0549002 0.984536 0)
(0.204944 1.51525 0)
(0.52626 2.60739 0)
(-0.179537 1.68731 0)
(-0.424435 1.16809 0)
(-0.838989 0.673903 0)
(-2.02893 -0.838375 0)
(-1.6552 -0.125658 0)
(-1.3986 0.746878 0)
(-1.50503 0.626855 0)
(-1.5286 0.67367 0)
(-1.51241 0.771897 0)
(-1.46405 0.886707 0)
(-1.39596 0.988759 0)
(-1.32534 1.07663 0)
(-1.26112 1.14491 0)
(-1.20719 1.19547 0)
(-1.16446 1.23212 0)
(-1.13328 1.25976 0)
(-1.11346 1.28289 0)
(-1.10407 1.30518 0)
(-1.10375 1.32943 0)
(-1.11109 1.35782 0)
(-1.12466 1.39215 0)
(-1.14312 1.43402 0)
(-1.16509 1.485 0)
(-1.18913 1.54663 0)
(-1.21357 1.62025 0)
(-1.23641 1.70674 0)
(-1.25495 1.80647 0)
(-1.26485 1.92039 0)
(-1.25838 2.05248 0)
(-1.22263 2.21269 0)
(-1.14023 2.41671 0)
(-0.995231 2.67848 0)
(-0.784059 2.99391 0)
(-0.526134 3.31948 0)
(-0.266136 3.55222 0)
(-0.0651525 3.50971 0)
(0.045102 2.8919 0)
(0.0421392 1.06714 0)
(0.00996815 1.61747 0)
(0.225685 2.40266 0)
(0.611797 2.35821 0)
(0.133543 1.50474 0)
(-0.0667343 1.54671 0)
(-0.521103 1.1954 0)
(-2.08633 -0.572947 0)
(-1.69383 0.142307 0)
(-1.43942 0.639701 0)
(-1.42064 0.651669 0)
(-1.3597 0.713837 0)
(-1.30098 0.819413 0)
(-1.25222 0.920206 0)
(-1.20634 1.00984 0)
(-1.16657 1.08395 0)
(-1.13252 1.14345 0)
(-1.10505 1.19123 0)
(-1.08463 1.23084 0)
(-1.07115 1.26566 0)
(-1.06403 1.29858 0)
(-1.0625 1.33204 0)
(-1.06568 1.36808 0)
(-1.07257 1.40842 0)
(-1.08208 1.45456 0)
(-1.09302 1.5079 0)
(-1.10401 1.56967 0)
(-1.11341 1.64087 0)
(-1.11932 1.72187 0)
(-1.11959 1.81216 0)
(-1.11156 1.91064 0)
(-1.09118 2.01733 0)
(-1.05165 2.13666 0)
(-0.982573 2.28062 0)
(-0.87198 2.46748 0)
(-0.71271 2.71096 0)
(-0.511327 2.9971 0)
(-0.294477 3.25077 0)
(-0.107153 3.29591 0)
(0.0155181 2.80281 0)
(0.0343132 1.11533 0)
(-0.183221 1.65225 0)
(-0.0126031 1.82702 0)
(0.476051 2.11924 0)
(0.411173 1.86074 0)
(0.314966 1.85414 0)
(0.212462 1.91485 0)
(-0.212887 1.55517 0)
(-1.7095 0.0814655 0)
(-1.5465 0.137275 0)
(-1.33097 0.383318 0)
(-1.24073 0.599125 0)
(-1.1535 0.73419 0)
(-1.11366 0.861931 0)
(-1.08635 0.96378 0)
(-1.06679 1.04622 0)
(-1.05102 1.11257 0)
(-1.0382 1.16703 0)
(-1.02823 1.21325 0)
(-1.02109 1.25437 0)
(-1.01664 1.29304 0)
(-1.01462 1.33147 0)
(-1.01464 1.3715 0)
(-1.01611 1.41468 0)
(-1.0183 1.46232 0)
(-1.02028 1.51552 0)
(-1.02093 1.5752 0)
(-1.01889 1.64203 0)
(-1.01262 1.71613 0)
(-1.00048 1.79677 0)
(-0.980822 1.88228 0)
(-0.951663 1.97099 0)
(-0.909725 2.0639 0)
(-0.84916 2.1689 0)
(-0.761403 2.30337 0)
(-0.638177 2.48905 0)
(-0.478372 2.73182 0)
(-0.296362 2.98299 0)
(-0.125762 3.0846 0)
(-0.00195305 2.69834 0)
(0.0295633 1.14259 0)
(-0.273444 1.56404 0)
(-0.124039 1.55141 0)
(0.105702 1.69093 0)
(0.283107 1.79345 0)
(0.327363 1.83521 0)
(0.388398 1.95763 0)
(0.416632 2.05422 0)
(0.171879 1.8302 0)
(-0.989853 0.627617 0)
(-1.06525 0.0255695 0)
(-0.936765 0.484479 0)
(-0.942191 0.69086 0)
(-0.943134 0.845272 0)
(-0.954603 0.955715 0)
(-0.96282 1.03999 0)
(-0.967937 1.10633 0)
(-0.969878 1.16088 0)
(-0.969731 1.20772 0)
(-0.968323 1.24996 0)
(-0.966281 1.28999 0)
(-0.963921 1.32971 0)
(-0.961316 1.37067 0)
(-0.958303 1.41414 0)
(-0.9545 1.46113 0)
(-0.949306 1.51248 0)
(-0.941914 1.5688 0)
(-0.931324 1.63048 0)
(-0.916395 1.6975 0)
(-0.89596 1.76916 0)
(-0.868982 1.84385 0)
(-0.834529 1.91941 0)
(-0.791225 1.99493 0)
(-0.736068 2.07477 0)
(-0.663313 2.1731 0)
(-0.565241 2.31355 0)
(-0.436813 2.51438 0)
(-0.284162 2.74999 0)
(-0.13164 2.8863 0)
(-0.011632 2.58977 0)
(0.027217 1.15917 0)
(-0.292934 1.4444 0)
(-0.179028 1.38979 0)
(-0.0669701 1.48058 0)
(0.111839 1.62577 0)
(0.20792 1.70545 0)
(0.324434 1.77059 0)
(0.513786 1.94936 0)
(0.679422 2.18451 0)
(0.396405 1.80768 0)
(-0.391456 0.415303 0)
(-0.507883 0.591435 0)
(-0.667386 0.789397 0)
(-0.758327 0.91599 0)
(-0.823331 1.00435 0)
(-0.863419 1.07111 0)
(-0.88877 1.12462 0)
(-0.903414 1.17002 0)
(-0.910982 1.21055 0)
(-0.913663 1.24847 0)
(-0.912978 1.28549 0)
(-0.909835 1.32296 0)
(-0.904735 1.36195 0)
(-0.897858 1.40333 0)
(-0.889123 1.4478 0)
(-0.878227 1.49587 0)
(-0.864677 1.5479 0)
(-0.84782 1.60403 0)
(-0.826888 1.66415 0)
(-0.801097 1.72765 0)
(-0.769799 1.79319 0)
(-0.732582 1.85867 0)
(-0.689018 1.92231 0)
(-0.637777 1.98581 0)
(-0.5753 2.05946 0)
(-0.495268 2.16521 0)
(-0.39122 2.32783 0)
(-0.264021 2.54063 0)
(-0.130388 2.69561 0)
(-0.0176886 2.47422 0)
(0.0247059 1.16511 0)
(-0.373511 1.16519 0)
(-0.153739 1.1869 0)
(-0.0258958 1.26129 0)
(0.0781423 1.45384 0)
(0.172599 1.57387 0)
(0.305594 1.58431 0)
(0.481622 1.73306 0)
(0.716531 2.13817 0)
(0.607142 2.06739 0)
(0.127454 1.07058 0)
(-0.264528 0.997131 0)
(-0.512557 1.03304 0)
(-0.656891 1.06572 0)
(-0.751229 1.09861 0)
(-0.808539 1.13047 0)
(-0.844123 1.16167 0)
(-0.864628 1.19248 0)
(-0.87516 1.22335 0)
(-0.878695 1.25478 0)
(-0.877225 1.28732 0)
(-0.871975 1.3215 0)
(-0.86369 1.35783 0)
(-0.852766 1.39676 0)
(-0.839338 1.43864 0)
(-0.823332 1.48373 0)
(-0.8045 1.53214 0)
(-0.782463 1.58385 0)
(-0.756753 1.63866 0)
(-0.726879 1.69603 0)
(-0.692453 1.75485 0)
(-0.653335 1.8133 0)
(-0.609583 1.86929 0)
(-0.560899 1.92286 0)
(-0.505379 1.98107 0)
(-0.438176 2.06307 0)
(-0.352278 2.1962 0)
(-0.24451 2.38673 0)
(-0.125045 2.54902 0)
(-0.0165504 2.38396 0)
(0.0275829 1.17872 0)
(-0.619525 0.780417 0)
(-0.454891 0.779359 0)
(-0.162258 0.726612 0)
(0.199643 0.919452 0)
(0.375426 1.29491 0)
(0.220234 1.58192 0)
(0.0667878 1.70133 0)
(0.0282339 2.0795 0)
(0.00301258 2.49079 0)
(-0.629087 1.55651 0)
(-0.507495 1.40994 0)
(-0.621272 1.31191 0)
(-0.689907 1.25044 0)
(-0.740896 1.21898 0)
(-0.774054 1.20604 0)
(-0.794732 1.20581 0)
(-0.80568 1.21398 0)
(-0.80942 1.22815 0)
(-0.807576 1.24688 0)
(-0.801339 1.26939 0)
(-0.791493 1.29532 0)
(-0.778558 1.32451 0)
(-0.762854 1.35694 0)
(-0.744557 1.39258 0)
(-0.723727 1.4314 0)
(-0.700321 1.47329 0)
(-0.67421 1.51804 0)
(-0.645216 1.56535 0)
(-0.613148 1.61471 0)
(-0.577864 1.6653 0)
(-0.539365 1.71573 0)
(-0.497824 1.76412 0)
(-0.453363 1.8094 0)
(-0.405347 1.85494 0)
(-0.351268 1.91435 0)
(-0.286395 2.01294 0)
(-0.207013 2.16811 0)
(-0.117229 2.32464 0)
(-0.0285841 2.22222 0)
(0.0140424 1.16671 0)
)
;

boundaryField
{
    leftWall
    {
        type            fixedValue;
        value           nonuniform 0();
    }
    rightWall
    {
        type            fixedValue;
        value           uniform (0 0 0);
    }
    lowerWall
    {
        type            fixedValue;
        value           nonuniform 0();
    }
    atmosphere
    {
        type            pressureInletOutletVelocity;
        value           nonuniform List<vector> 
45
(
(0 -0.699177 0)
(0 -0.254908 0)
(-0.917114 0.0224346 0)
(-0.979271 0.17496 0)
(-0.801892 0.48309 0)
(-0.619525 0.780417 0)
(-0.454891 0.779359 0)
(-0.162258 0.726612 0)
(0.199643 0.919452 0)
(0.375426 1.29491 0)
(0.220234 1.58192 0)
(0.0667878 1.70133 0)
(0.0282339 2.0795 0)
(0.00301258 2.49079 0)
(-0.629087 1.55651 0)
(-0.507495 1.40994 0)
(-0.621272 1.31191 0)
(-0.689907 1.25044 0)
(-0.740896 1.21898 0)
(-0.774054 1.20604 0)
(-0.794732 1.20581 0)
(-0.80568 1.21398 0)
(-0.80942 1.22815 0)
(-0.807576 1.24688 0)
(-0.801339 1.26939 0)
(-0.791493 1.29532 0)
(-0.778558 1.32451 0)
(-0.762854 1.35694 0)
(-0.744557 1.39258 0)
(-0.723727 1.4314 0)
(-0.700321 1.47329 0)
(-0.67421 1.51804 0)
(-0.645216 1.56535 0)
(-0.613148 1.61471 0)
(-0.577864 1.6653 0)
(-0.539365 1.71573 0)
(-0.497824 1.76412 0)
(-0.453363 1.8094 0)
(-0.405347 1.85494 0)
(-0.351268 1.91435 0)
(-0.286395 2.01294 0)
(-0.207013 2.16811 0)
(-0.117229 2.32464 0)
(-0.0285841 2.22222 0)
(0.0140424 1.16671 0)
)
;
    }
    defaultFaces
    {
        type            empty;
    }
    procBoundary3to1
    {
        type            processor;
        value           nonuniform List<vector> 
45
(
(0.937247 -0.168366 0)
(0.982702 -0.111834 0)
(1.03208 -0.0560628 0)
(1.08578 -0.000953857 0)
(1.14247 0.0522599 0)
(1.2039 0.105776 0)
(1.26805 0.158932 0)
(1.32956 0.208915 0)
(1.38653 0.256292 0)
(1.43759 0.301723 0)
(1.48185 0.34577 0)
(1.51874 0.388879 0)
(1.54797 0.431436 0)
(1.5695 0.473753 0)
(1.58359 0.516013 0)
(1.59082 0.558254 0)
(1.59186 0.600401 0)
(1.58732 0.642308 0)
(1.57775 0.683803 0)
(1.56363 0.724724 0)
(1.54537 0.764991 0)
(1.52329 0.804674 0)
(1.49762 0.844023 0)
(1.46855 0.883437 0)
(1.43622 0.923338 0)
(1.40048 0.96386 0)
(1.36059 1.00442 0)
(1.31527 1.04357 0)
(1.26369 1.0795 0)
(1.20717 1.1116 0)
(1.15059 1.14238 0)
(1.101 1.17624 0)
(1.06145 1.21224 0)
(1.0259 1.23728 0)
(0.982242 1.23008 0)
(0.907095 1.18272 0)
(0.857406 1.06986 0)
(0.698078 0.722919 0)
(0.271862 0.0786252 0)
(0.669801 0.426888 0)
(0.764619 0.791527 0)
(0.764869 0.80588 0)
(0.800297 0.743461 0)
(0.664681 0.433341 0)
(0.372136 -3.69965 0)
)
;
    }
    procBoundary3to2
    {
        type            processor;
        value           nonuniform List<vector> 
43
(
(0.950314 -0.26591 0)
(1.00048 -0.311841 0)
(1.04721 -0.361826 0)
(1.09075 -0.41593 0)
(1.13112 -0.474399 0)
(1.16812 -0.537529 0)
(1.20125 -0.605617 0)
(1.22972 -0.678897 0)
(1.25243 -0.757466 0)
(1.26794 -0.841165 0)
(1.27455 -0.92945 0)
(1.27032 -1.02117 0)
(1.25316 -1.11407 0)
(1.22132 -1.20426 0)
(1.17446 -1.28604 0)
(1.11517 -1.35264 0)
(1.05057 -1.39839 0)
(0.992337 -1.42268 0)
(0.952344 -1.43359 0)
(0.934677 -1.44586 0)
(0.932512 -1.47287 0)
(0.933436 -1.52042 0)
(0.925747 -1.58639 0)
(0.902169 -1.66362 0)
(0.860938 -1.74314 0)
(0.80464 -1.81654 0)
(0.738636 -1.87736 0)
(0.6699 -1.9221 0)
(0.606947 -1.95158 0)
(0.559455 -1.9727 0)
(0.534431 -1.99913 0)
(0.527187 -2.04836 0)
(0.513544 -2.12908 0)
(0.460521 -2.22205 0)
(0.358355 -2.28573 0)
(0.230243 -2.29923 0)
(0.0996627 -2.28535 0)
(-0.0283575 -2.28222 0)
(-0.223142 -2.26073 0)
(-0.506174 -2.08038 0)
(-0.581663 -1.67687 0)
(-0.450866 -1.25591 0)
(-0.202624 -1.04497 0)
)
;
    }
}


// ************************************************************************* //
