/*--------------------------------*- C++ -*----------------------------------*\
| =========                 |                                                 |
| \\      /  F ield         | OpenFOAM: The Open Source CFD Toolbox           |
|  \\    /   O peration     | Version:  3.0.1                                 |
|   \\  /    A nd           | Web:      www.OpenFOAM.org                      |
|    \\/     M anipulation  |                                                 |
\*---------------------------------------------------------------------------*/
FoamFile
{
    version     2.0;
    format      ascii;
    class       surfaceScalarField;
    location    "0.25";
    object      alphaPhi;
}
// * * * * * * * * * * * * * * * * * * * * * * * * * * * * * * * * * * * * * //

dimensions      [0 3 -1 0 0 0 0];

internalField   nonuniform List<scalar> 
3742
(
-7.51127e-16
2.492e-14
-6.33382e-16
2.04433e-14
-4.72799e-18
2.9056e-16
3.71833e-18
-5.88162e-17
8.80856e-18
-7.90207e-17
2.12114e-17
-1.13351e-16
4.00714e-17
-1.41484e-16
5.97341e-17
-1.40346e-16
7.70733e-17
-1.22765e-16
7.81757e-17
-9.38969e-17
7.23879e-17
-6.81149e-17
6.67697e-17
-5.8583e-17
7.63204e-17
-7.97826e-17
1.27199e-16
-1.5505e-16
2.62555e-16
-3.19979e-16
5.12083e-16
-5.82781e-16
8.95067e-16
-9.74615e-16
2.68191e-15
-2.08809e-15
9.0042e-15
-5.9443e-15
2.18296e-14
-1.36357e-14
5.08177e-14
-3.32144e-14
7.46506e-14
-4.18489e-14
9.60747e-14
-3.92358e-14
1.56726e-13
-5.85761e-14
-4.13584e-14
-2.78713e-21
4.22824e-20
-3.29919e-20
3.92758e-19
-2.60622e-19
2.08156e-18
-9.63708e-19
5.68688e-18
-1.95582e-18
9.40944e-18
-2.87237e-18
1.2265e-17
-3.98723e-18
1.55256e-17
-5.44801e-18
1.51041e-17
-3.65007e-18
-1.64064e-17
1.43509e-17
-1.43833e-16
6.57458e-17
-4.29354e-16
2.96146e-16
-1.08355e-15
9.92106e-16
-4.10003e-15
1.34848e-15
-7.25043e-15
1.31087e-15
-8.83389e-15
4.04207e-16
-3.52042e-15
1.74946e-16
-2.35037e-15
3.20364e-17
-1.83902e-15
-3.26409e-16
1.79484e-16
-8.35462e-16
4.33595e-15
-1.24735e-15
7.94036e-15
-1.1132e-15
7.20768e-15
-1.91292e-17
1.22804e-16
4.95401e-18
-5.50775e-17
8.75362e-18
-5.70939e-17
1.67565e-17
-6.79239e-17
2.79332e-17
-7.73778e-17
3.64682e-17
-7.16502e-17
4.10151e-17
-5.87088e-17
3.92557e-17
-4.34081e-17
3.46906e-17
-3.38303e-17
3.54058e-17
-3.95841e-17
5.58654e-17
-7.75545e-17
1.23254e-16
-1.77711e-16
2.84042e-16
-3.84344e-16
5.70253e-16
-7.10969e-16
1.19765e-15
-1.2429e-15
3.80451e-15
-3.16229e-15
1.31043e-14
-8.84174e-15
3.22991e-14
-2.49367e-14
5.5807e-14
-3.81242e-14
8.09409e-14
-4.06931e-14
2.42283e-13
-1.7377e-13
1.06481e-12
-2.03834e-12
-1.8034e-12
-8.2805e-22
1.26488e-20
-9.96883e-21
1.12233e-19
-7.42297e-20
5.56372e-19
-2.58665e-19
1.43732e-18
-5.1262e-19
2.32413e-18
-7.67295e-19
2.99584e-18
-1.0804e-18
3.07653e-18
-1.13949e-18
-1.85386e-18
1.31292e-18
-2.76488e-17
1.19757e-17
-1.0441e-16
3.65382e-17
-2.605e-16
9.26966e-17
-6.26392e-16
2.7303e-16
-1.18953e-15
4.29432e-16
-2.02915e-15
4.80926e-16
-2.35807e-15
2.72913e-16
-1.98852e-15
1.73883e-16
-1.7191e-15
1.28866e-16
-1.60694e-15
-1.19545e-17
-1.52957e-15
-2.81699e-16
-8.75715e-16
-5.31506e-16
-3.46521e-16
-5.31663e-16
-1.37121e-16
-1.0598e-17
-8.14093e-17
5.80758e-18
-5.09718e-17
7.55473e-18
-4.09177e-17
1.14154e-17
-3.92717e-17
1.64787e-17
-3.88517e-17
1.91332e-17
-3.33888e-17
1.93629e-17
-2.59808e-17
1.73629e-17
-1.94155e-17
1.60964e-17
-1.86276e-17
2.19706e-17
-3.26991e-17
4.93019e-17
-8.18762e-17
1.27316e-16
-2.03147e-16
3.06099e-16
-4.50108e-16
6.22447e-16
-8.4723e-16
1.38553e-15
-1.6605e-15
5.28315e-15
-4.55097e-15
1.72855e-14
-1.26133e-14
4.26677e-14
-3.98238e-14
6.18745e-14
-4.28475e-14
8.58726e-14
-4.89468e-14
3.93315e-12
-2.52929e-12
6.70025e-12
-5.14407e-12
-5.83394e-12
-2.06974e-22
2.98263e-21
-2.46963e-21
2.48551e-20
-1.72698e-20
1.151e-19
-5.69711e-20
2.80674e-19
-1.10477e-19
4.28012e-19
-1.63739e-19
4.1868e-19
-1.87349e-19
-4.24015e-19
1.22666e-19
-5.14613e-18
1.94676e-18
-2.21058e-17
7.68358e-18
-6.60152e-17
1.97185e-17
-1.55771e-16
4.80671e-17
-3.32933e-16
9.1339e-17
-6.02916e-16
1.27967e-16
-8.06301e-16
1.44446e-16
-8.74273e-16
1.45407e-16
-9.37219e-16
1.23054e-16
-9.23947e-16
1.13229e-16
-6.48877e-16
1.07681e-16
-8.06638e-16
6.2583e-17
-5.93944e-16
2.40045e-17
-3.03987e-16
1.03928e-17
-1.33103e-16
8.19029e-18
-6.32135e-17
6.14094e-18
-3.78383e-17
6.00338e-18
-2.69033e-17
7.05681e-18
-2.13908e-17
8.5378e-18
-1.79798e-17
8.90896e-18
-1.43287e-17
8.32869e-18
-1.08217e-17
7.37874e-18
-8.88842e-18
8.26928e-18
-1.22915e-17
1.67025e-17
-3.06486e-17
4.74317e-17
-8.76735e-17
1.31727e-16
-2.27609e-16
3.22955e-16
-5.14284e-16
6.6612e-16
-9.82157e-16
1.98745e-15
-2.28428e-15
7.36387e-15
-6.47193e-15
2.18317e-14
-1.8346e-14
4.68119e-14
-4.62755e-14
7.68331e-14
-5.82912e-14
1.16919e-13
-6.80393e-14
4.38557e-12
-1.50834e-12
7.38634e-12
-5.53861e-12
-4.35056e-12
-4.08171e-23
5.03632e-22
-4.7251e-22
3.88246e-21
-3.09569e-21
1.65888e-20
-9.65335e-21
3.61774e-20
-1.76823e-20
3.44664e-20
-1.99227e-20
-9.91428e-20
2.25287e-20
-8.64363e-19
2.97936e-19
-3.97282e-18
1.367e-18
-1.35727e-17
4.2882e-18
-3.68646e-17
1.04792e-17
-8.35895e-17
2.29146e-17
-1.64755e-16
4.20164e-17
-2.754e-16
5.6431e-17
-3.86932e-16
6.11413e-17
-4.52588e-16
6.54315e-17
-4.78388e-16
6.46589e-17
-4.39831e-16
4.59906e-17
-3.74205e-16
5.89608e-17
-3.2619e-16
4.59314e-17
-2.70386e-16
2.56566e-17
-1.65241e-16
1.26502e-17
-8.08605e-17
6.94613e-18
-4.04479e-17
4.89669e-18
-2.36968e-17
4.14291e-18
-1.52667e-17
3.93549e-18
-1.04756e-17
3.94782e-18
-7.6517e-18
3.73623e-18
-5.70569e-18
3.32335e-18
-4.35591e-18
3.18132e-18
-4.53255e-18
5.06751e-18
-9.66358e-18
1.43807e-17
-3.01116e-17
4.6272e-17
-9.2821e-17
1.33649e-16
-2.49423e-16
3.32685e-16
-5.75024e-16
6.93965e-16
-1.15012e-15
2.54931e-15
-2.90387e-15
9.21194e-15
-8.75735e-15
2.73585e-14
-2.63528e-14
5.80351e-14
-5.12169e-14
8.7787e-14
-1.26517e-13
1.76544e-13
-1.28619e-13
3.25415e-12
-4.45704e-13
6.39546e-12
-1.33714e-12
-2.04924e-12
-5.7663e-24
5.11668e-23
-6.34353e-23
3.49166e-22
-3.84274e-22
1.21148e-21
-1.07319e-21
6.3416e-22
-1.2303e-21
-1.51264e-20
4.08459e-21
-1.14485e-19
3.98632e-20
-5.71675e-19
2.00283e-19
-2.22022e-18
7.33838e-19
-6.95686e-18
2.10472e-18
-1.79816e-17
4.97621e-18
-3.92375e-17
1.01238e-17
-7.36507e-17
1.73308e-17
-1.1801e-16
2.48028e-17
-1.68814e-16
2.94842e-17
-2.11495e-16
3.17286e-17
-2.35101e-16
2.98929e-17
-2.0405e-16
2.63661e-17
-1.58064e-16
2.42293e-17
-1.28393e-16
2.16264e-17
-1.00259e-16
1.45687e-17
-7.25991e-17
8.03368e-18
-4.14759e-17
4.6104e-18
-2.24695e-17
3.13846e-18
-1.29448e-17
2.36742e-18
-7.57718e-18
1.90804e-18
-4.58244e-18
1.63557e-18
-3.00554e-18
1.42519e-18
-2.1327e-18
1.26269e-18
-1.78483e-18
1.51171e-18
-2.76778e-18
3.67277e-18
-8.42629e-18
1.2912e-17
-2.97509e-17
4.44673e-17
-9.65037e-17
1.32255e-16
-2.67646e-16
3.34594e-16
-6.30447e-16
7.28796e-16
-1.307e-15
2.96211e-15
-3.59562e-15
1.10686e-14
-1.1367e-14
3.23911e-14
-3.43122e-14
6.23192e-14
-6.59667e-14
1.33306e-13
-1.37627e-13
1.72823e-13
-3.43245e-13
4.09999e-13
-2.85054e-13
5.26483e-13
-1.0553e-12
-1.24389e-12
-4.89452e-25
1.85549e-24
-4.86679e-24
4.19406e-24
-2.39669e-23
-9.52415e-23
-1.60859e-23
-1.35713e-21
4.62514e-22
-1.06622e-20
4.04899e-21
-6.1511e-20
2.26929e-20
-2.78778e-19
9.66631e-20
-1.01971e-18
3.26197e-19
-3.06244e-18
8.94962e-19
-7.67168e-18
2.04954e-18
-1.62919e-17
4.00322e-18
-2.98421e-17
6.63542e-18
-4.80148e-17
9.78746e-18
-7.08547e-17
1.26419e-17
-9.43425e-17
1.45412e-17
-1.07758e-16
1.31617e-17
-9.5257e-17
1.07576e-17
-7.13716e-17
9.35758e-18
-5.2719e-17
7.95828e-18
-3.95509e-17
6.38654e-18
-2.90756e-17
4.10917e-18
-1.933e-17
2.54042e-18
-1.15272e-17
1.68614e-18
-6.57642e-18
1.14355e-18
-3.54728e-18
8.02908e-19
-1.90305e-18
6.10612e-19
-1.11448e-18
5.004e-19
-7.68258e-19
4.80685e-19
-8.12344e-19
8.49354e-19
-2.00909e-18
2.92246e-18
-7.6403e-18
1.15629e-17
-2.90869e-17
4.16764e-17
-9.83899e-17
1.27394e-16
-2.81515e-16
3.28228e-16
-6.7831e-16
7.39148e-16
-1.43904e-15
3.3308e-15
-4.33172e-15
1.27334e-14
-1.41527e-14
3.80785e-14
-4.21704e-14
8.23986e-14
-1.08395e-13
1.65174e-13
-1.30237e-13
4.25524e-13
-4.70912e-13
5.89022e-13
-2.59696e-13
1.54024e-12
-1.06329e-12
-5.0507e-12
-1.47626e-26
-1.22311e-25
-4.93188e-26
-3.95806e-24
1.58967e-24
-6.34345e-23
2.90685e-23
-6.44461e-22
2.75717e-22
-4.68931e-21
1.84361e-21
-2.60073e-20
9.40242e-21
-1.14089e-19
3.78429e-20
-4.05552e-19
1.22892e-19
-1.18973e-18
3.28397e-19
-2.92785e-18
7.36325e-19
-6.14747e-18
1.4137e-18
-1.12638e-17
2.37353e-18
-1.85382e-17
3.64853e-18
-2.80677e-17
5.06641e-18
-3.87239e-17
6.06297e-18
-4.56976e-17
5.66185e-18
-4.37968e-17
4.53274e-18
-3.49463e-17
3.62571e-18
-2.57753e-17
2.98746e-18
-1.88872e-17
2.44536e-18
-1.36679e-17
1.8325e-18
-9.32969e-18
1.24402e-18
-5.77533e-18
8.13601e-19
-3.20499e-18
5.04987e-19
-1.61014e-18
3.11993e-19
-7.73796e-19
2.10032e-19
-4.0185e-19
1.65771e-19
-2.8142e-19
1.99623e-19
-4.46183e-19
5.58567e-19
-1.61605e-18
2.38606e-18
-6.96188e-18
1.01275e-17
-2.79759e-17
3.79086e-17
-9.83551e-17
1.1916e-16
-2.90457e-16
3.13268e-16
-7.16277e-16
7.2055e-16
-1.55167e-15
3.61706e-15
-5.08236e-15
1.39666e-14
-1.75077e-14
4.24452e-14
-5.15018e-14
8.76245e-14
-1.27501e-13
1.47018e-13
-1.58851e-13
7.84281e-13
-3.50242e-13
2.95474e-12
-4.54546e-12
9.6579e-12
3.14486e-13
-9.01346e-12
8.02048e-28
-4.88504e-26
3.86338e-26
-1.55169e-24
8.77588e-25
-2.45265e-23
1.14427e-23
-2.45491e-22
1.00629e-22
-1.75877e-21
6.47946e-22
-9.60049e-21
3.20567e-21
-4.14785e-20
1.25741e-20
-1.45573e-19
4.00284e-20
-4.23478e-19
1.05544e-19
-1.0405e-18
2.35225e-19
-2.20233e-18
4.54629e-19
-4.11026e-18
7.86631e-19
-6.92579e-18
1.25131e-18
-1.06776e-17
1.8175e-18
-1.48908e-17
2.26939e-18
-1.81573e-17
2.32029e-18
-1.88603e-17
1.99687e-18
-1.66607e-17
1.60853e-18
-1.32595e-17
1.30355e-18
-1.00326e-17
1.05527e-18
-7.24669e-18
8.13609e-19
-4.84755e-18
5.73053e-19
-2.91738e-18
3.63586e-19
-1.55914e-18
2.09272e-19
-7.40409e-19
1.15203e-19
-3.23084e-19
6.83804e-20
-1.48168e-19
5.45214e-20
-1.1476e-19
9.79039e-20
-2.95209e-19
3.99211e-19
-1.35122e-18
1.92356e-18
-6.283e-18
8.58747e-18
-2.64218e-17
3.33158e-17
-9.64662e-17
1.07856e-16
-2.9427e-16
2.89761e-16
-7.42646e-16
6.79851e-16
-1.64967e-15
3.77612e-15
-5.7684e-15
1.49526e-14
-2.09433e-14
4.52585e-14
-6.15814e-14
1.05725e-13
-1.35201e-13
3.21747e-13
-4.00647e-13
1.33243e-12
-6.88509e-13
1.13975e-11
-1.35621e-11
1.7308e-11
2.59236e-12
-2.21467e-11
2.59829e-28
-1.67374e-26
1.22709e-26
-5.26447e-25
2.73884e-25
-8.273e-24
3.51454e-24
-8.23912e-23
3.04357e-23
-5.875e-22
1.93053e-22
-3.19716e-21
9.42058e-22
-1.38114e-20
3.65593e-21
-4.86752e-20
1.15734e-20
-1.42995e-19
3.05688e-20
-3.57068e-19
6.89698e-20
-7.7251e-19
1.36486e-19
-1.47612e-18
2.43284e-19
-2.53171e-18
3.9692e-19
-3.92833e-18
5.87451e-19
-5.4942e-18
7.64317e-19
-6.84091e-18
8.53979e-19
-7.49308e-18
8.20027e-19
-7.21993e-18
7.17875e-19
-6.22953e-18
6.04466e-19
-4.9438e-18
4.9082e-19
-3.62932e-18
3.71983e-19
-2.42541e-18
2.55027e-19
-1.44616e-18
1.55746e-19
-7.5914e-19
8.45986e-20
-3.48469e-19
4.21766e-20
-1.41512e-19
2.20392e-20
-5.84933e-20
1.93705e-20
-5.64399e-20
5.62629e-20
-2.18051e-19
2.89116e-19
-1.13482e-18
1.49998e-18
-5.58625e-18
6.99417e-18
-2.45142e-17
2.81381e-17
-9.29688e-17
9.40145e-17
-2.93167e-16
2.58394e-16
-7.57184e-16
6.21741e-16
-1.72989e-15
3.74037e-15
-6.36046e-15
1.52173e-14
-2.40137e-14
4.72452e-14
-7.27598e-14
1.21551e-13
-1.58508e-13
6.1194e-13
-6.94272e-13
2.40741e-12
-1.94988e-12
2.06182e-11
-4.99274e-12
5.37905e-11
-6.0732e-11
-7.03764e-11
7.0307e-29
-4.83726e-27
3.24896e-27
-1.52113e-25
7.15746e-26
-2.40206e-24
9.10566e-25
-2.40698e-23
7.83547e-24
-1.73135e-22
4.95162e-23
-9.53733e-22
2.41592e-22
-4.18921e-21
9.41962e-22
-1.50907e-20
3.01425e-21
-4.5551e-20
8.10733e-21
-1.17299e-19
1.87469e-20
-2.61737e-19
3.81193e-20
-5.13107e-19
6.94832e-20
-8.93878e-19
1.14758e-19
-1.39473e-18
1.7152e-19
-1.95646e-18
2.29632e-19
-2.46784e-18
2.72699e-19
-2.79567e-18
2.87818e-19
-2.84456e-18
2.75159e-19
-2.60834e-18
2.44689e-19
-2.16611e-18
2.03172e-19
-1.63024e-18
1.5462e-19
-1.10242e-18
1.05426e-19
-6.61215e-19
6.34023e-20
-3.47038e-19
3.33348e-20
-1.57382e-19
1.54745e-20
-6.14919e-20
7.28744e-21
-2.44555e-20
7.97483e-21
-3.31866e-20
3.47646e-20
-1.67726e-19
2.02987e-19
-9.44502e-19
1.11446e-18
-4.8867e-18
5.42224e-18
-2.23721e-17
2.26643e-17
-8.81684e-17
7.83295e-17
-2.87639e-16
2.20571e-16
-7.61313e-16
5.46776e-16
-1.77316e-15
3.50313e-15
-6.78201e-15
1.47265e-14
-2.64444e-14
5.00004e-14
-8.43778e-14
1.77235e-13
-2.18572e-13
7.78895e-13
-5.21639e-13
4.07196e-12
-4.73414e-12
1.807e-11
-1.86201e-11
2.39628e-10
-2.48402e-10
-2.84341e-10
1.53555e-29
-1.13071e-27
6.87934e-28
-3.58668e-26
1.5003e-26
-5.73945e-25
1.90568e-25
-5.84186e-24
1.6457e-24
-4.28031e-23
1.04864e-23
-2.4096e-22
5.18574e-23
-1.08552e-21
2.06116e-22
-4.02481e-21
6.76284e-22
-1.25405e-20
1.87305e-21
-3.33786e-20
4.46482e-21
-7.69111e-20
9.32086e-21
-1.55139e-19
1.7296e-20
-2.76552e-19
2.88429e-20
-4.39113e-19
4.34995e-20
-6.24961e-19
5.94631e-20
-8.01053e-19
7.37025e-20
-9.2763e-19
8.29529e-20
-9.72061e-19
8.51489e-20
-9.21712e-19
8.00481e-20
-7.89334e-19
6.88494e-20
-6.08032e-19
5.35508e-20
-4.18477e-19
3.70671e-20
-2.54823e-19
2.24488e-20
-1.35412e-19
1.17317e-20
-6.17608e-20
5.26596e-21
-2.40021e-20
2.39533e-21
-1.02705e-20
3.6993e-21
-2.17442e-20
2.11532e-20
-1.29641e-19
1.33992e-19
-7.76308e-19
7.74773e-19
-4.207e-18
3.94121e-18
-2.00915e-17
1.7161e-17
-8.23005e-17
6.15328e-17
-2.78354e-16
1.78141e-16
-7.57627e-16
4.51845e-16
-1.75122e-15
3.05199e-15
-7.24553e-15
1.3403e-14
-2.87862e-14
4.85726e-14
-9.4225e-14
2.08273e-13
-2.91581e-13
1.71986e-12
-1.08959e-12
1.20347e-11
-9.17996e-12
6.76634e-11
-5.75873e-11
4.03909e-10
-2.21388e-10
-9.54698e-10
2.5077e-30
-1.95562e-28
1.05527e-28
-6.29536e-27
2.25491e-27
-1.02597e-25
2.85011e-26
-1.06582e-24
2.46928e-25
-7.98699e-24
1.587e-24
-4.60832e-23
7.95065e-24
-2.13217e-22
3.21381e-23
-8.1347e-22
1.07584e-22
-2.61223e-21
3.04623e-22
-7.17354e-21
7.42671e-22
-1.70628e-20
1.58374e-21
-3.5524e-20
2.99568e-21
-6.53091e-20
5.08693e-21
-1.06805e-19
7.82987e-21
-1.56305e-19
1.09995e-20
-2.0566e-19
1.41615e-20
-2.44097e-19
1.67403e-20
-2.61836e-19
1.81611e-20
-2.53903e-19
1.80274e-20
-2.22219e-19
1.62573e-20
-1.7487e-19
1.31757e-20
-1.22936e-19
9.46037e-21
-7.64733e-20
5.91887e-21
-4.15293e-20
3.16415e-21
-1.93375e-20
1.43326e-21
-7.72832e-21
7.10103e-22
-4.26655e-21
1.72849e-21
-1.49537e-20
1.17653e-20
-9.95329e-20
7.98401e-20
-6.28135e-19
4.87098e-19
-3.56011e-18
2.60148e-18
-1.77265e-17
1.18466e-17
-7.55701e-17
4.43109e-17
-2.66256e-16
1.32768e-16
-7.49339e-16
3.36638e-16
-1.71109e-15
2.50365e-15
-7.33062e-15
1.14935e-14
-3.02585e-14
5.28861e-14
-1.10632e-13
3.70884e-13
-4.35862e-13
3.11598e-12
-2.6002e-12
2.20734e-11
-1.65153e-11
1.13443e-10
-1.07807e-10
5.19734e-10
-4.03504e-10
-1.2313e-09
2.56901e-31
-2.10496e-29
8.88642e-30
-6.91518e-28
1.71613e-28
-1.15251e-26
2.03198e-27
-1.22699e-25
1.67353e-26
-9.44166e-25
1.02608e-25
-5.6052e-24
4.892e-25
-2.67372e-23
1.8703e-24
-1.05365e-22
5.87474e-24
-3.5008e-22
1.54822e-23
-9.96118e-22
3.49519e-23
-2.45769e-21
6.93654e-23
-5.3116e-21
1.24662e-22
-1.014e-20
2.09488e-22
-1.7217e-20
3.37626e-22
-2.6146e-20
5.2591e-22
-3.56649e-20
7.83031e-22
-4.38301e-20
1.09295e-21
-4.86105e-20
1.40105e-21
-4.86651e-20
1.63122e-21
-4.39179e-20
1.70173e-21
-3.56083e-20
1.56906e-21
-2.57909e-20
1.2603e-21
-1.65428e-20
8.68353e-22
-9.27925e-21
5.03611e-22
-4.48147e-21
2.46284e-22
-1.94482e-21
1.63769e-22
-1.87915e-21
6.82222e-22
-1.04731e-20
5.32593e-21
-7.52868e-20
3.89645e-20
-4.97894e-19
2.53487e-19
-2.94731e-18
1.43593e-18
-1.53155e-17
6.90923e-18
-6.82245e-17
2.73141e-17
-2.52181e-16
8.58455e-17
-7.3796e-16
2.18217e-16
-1.6578e-15
1.37898e-15
-7.01624e-15
8.57983e-15
-3.16015e-14
5.35748e-14
-1.28809e-13
4.88508e-13
-6.29179e-13
4.26073e-12
-4.53507e-12
3.36897e-11
-3.30126e-11
2.2654e-10
-2.11912e-10
9.22606e-10
-1.10751e-09
-3.91998e-09
9.56694e-33
-1.00845e-30
-9.62329e-31
-3.44761e-29
-6.63571e-29
-5.96363e-28
-9.6287e-28
-6.60795e-27
-8.60942e-27
-5.30432e-26
-5.62024e-26
-3.29228e-25
-2.87125e-25
-1.64542e-24
-1.19264e-24
-6.80755e-24
-4.12723e-24
-2.379e-23
-1.2102e-23
-7.1313e-23
-3.04469e-23
-1.85605e-22
-6.63834e-23
-4.23565e-22
-1.26371e-22
-8.54353e-22
-2.1124e-22
-1.53312e-21
-3.11303e-22
-2.46034e-21
-4.05414e-22
-3.54501e-21
-4.66875e-22
-4.59865e-21
-4.74717e-22
-5.37864e-21
-4.23765e-22
-5.67282e-21
-3.28939e-22
-5.38785e-21
-2.18076e-22
-4.59342e-21
-1.19829e-22
-3.4962e-21
-5.16303e-23
-2.35601e-21
-1.52601e-23
-1.38933e-21
-1.49974e-24
-7.12521e-22
4.62946e-24
-3.92437e-22
1.13349e-23
-9.62832e-22
1.05275e-22
-7.23217e-21
1.09394e-21
-5.5147e-20
9.68723e-21
-3.82223e-19
7.31651e-20
-2.36899e-18
4.69444e-19
-1.29124e-17
2.52407e-18
-6.05115e-17
1.10623e-17
-2.35602e-16
3.79915e-17
-7.17429e-16
9.95428e-17
-1.57313e-15
6.56161e-16
-6.34991e-15
4.84447e-15
-3.23245e-14
3.74006e-14
-1.35302e-13
4.04639e-13
-7.60576e-13
3.99827e-12
-6.076e-12
3.31882e-11
-4.71176e-11
2.50891e-10
-3.17926e-10
1.45087e-09
-1.87223e-09
-7.8794e-09
-1.18338e-32
-1.07696e-32
-9.25937e-31
-3.94758e-31
-1.79866e-29
-7.28919e-30
-2.07493e-28
-8.66509e-29
-1.69126e-27
-7.49781e-28
-1.05494e-26
-5.04076e-27
-5.27167e-26
-2.74207e-26
-2.17418e-25
-1.24074e-25
-7.55712e-25
-4.76416e-25
-2.24829e-24
-1.576e-24
-5.79353e-24
-4.54453e-24
-1.30526e-23
-1.15295e-23
-2.59014e-23
-2.59251e-23
-4.55339e-23
-5.19656e-23
-7.12252e-23
-9.32571e-23
-9.94346e-23
-1.50287e-22
-1.24108e-22
-2.17854e-22
-1.38543e-22
-2.84151e-22
-1.38146e-22
-3.3311e-22
-1.22642e-22
-3.50043e-22
-9.63596e-23
-3.28264e-22
-6.64018e-23
-2.72929e-22
-3.96459e-23
-1.99389e-22
-2.0383e-23
-1.26804e-22
-1.11476e-23
-7.35168e-23
-2.69168e-23
-8.47972e-23
-1.97361e-22
-5.28849e-22
-1.4548e-21
-4.56838e-21
-9.66365e-21
-3.68126e-20
-5.68484e-20
-2.69087e-19
-2.90771e-19
-1.76341e-18
-1.26039e-18
-1.0204e-17
-4.44466e-18
-5.09581e-17
-1.18529e-17
-2.11225e-16
-2.15235e-17
-6.72373e-16
-6.43247e-17
-1.38995e-15
-6.42084e-17
-5.89233e-15
2.64895e-17
-3.11762e-14
3.89497e-15
-1.27458e-13
8.50555e-14
-7.2963e-13
1.26655e-12
-5.99733e-12
1.42861e-11
-4.7541e-11
1.3516e-10
-3.39537e-10
1.09949e-09
-2.2127e-09
-1.21845e-08
-4.28888e-34
-7.77852e-35
-2.18639e-32
-3.07867e-33
-4.22555e-31
-6.10251e-32
-5.08103e-30
-7.80961e-31
-4.39341e-29
-7.2925e-30
-2.93639e-28
-5.30321e-29
-1.58408e-27
-3.12744e-28
-7.09836e-27
-1.53728e-27
-2.69658e-26
-6.42417e-27
-8.81658e-26
-2.31642e-26
-2.50969e-25
-7.28968e-26
-6.27534e-25
-2.02001e-25
-1.38781e-24
-4.96327e-25
-2.72856e-24
-1.0871e-24
-4.78663e-24
-2.13079e-24
-7.50882e-24
-3.74705e-24
-1.05411e-23
-5.91876e-24
-1.32334e-23
-8.39602e-24
-1.48231e-23
-1.06778e-23
-1.4754e-23
-1.21344e-23
-1.29666e-23
-1.22592e-23
-9.97274e-24
-1.09332e-23
-6.65057e-24
-8.53991e-24
-4.02833e-24
-5.94966e-24
-4.83923e-24
-5.76205e-24
-3.13569e-23
-2.85809e-23
-2.8094e-22
-2.7334e-22
-2.34484e-21
-2.53842e-21
-1.77379e-20
-2.16547e-20
-1.20218e-19
-1.68121e-19
-7.1899e-19
-1.17583e-18
-3.70788e-18
-7.29845e-18
-1.58486e-17
-3.92595e-17
-5.18937e-17
-1.75408e-16
-1.0992e-16
-5.91603e-16
-4.74575e-16
-1.05318e-15
-8.50642e-16
-4.95688e-15
-2.82222e-15
-2.46781e-14
2.36887e-16
-1.07825e-13
1.05695e-13
-6.70763e-13
8.96318e-13
-5.40565e-12
5.42884e-12
-4.11342e-11
2.45632e-11
-2.95331e-10
3.8349e-11
-1.89724e-09
-1.22889e-08
-5.56728e-36
-1.2331e-37
-2.69778e-34
-5.30355e-36
-5.46742e-33
-1.13797e-34
-7.00786e-32
-1.58389e-33
-6.50434e-31
-1.61579e-32
-4.68594e-30
-1.28938e-31
-2.73328e-29
-8.37998e-31
-1.32768e-28
-4.5585e-30
-5.47921e-28
-2.11635e-29
-1.94978e-27
-8.50756e-29
-6.0502e-27
-2.99376e-28
-1.65121e-26
-9.29879e-28
-3.98952e-26
-2.56535e-27
-8.57458e-26
-6.31464e-27
-1.64474e-25
-1.39103e-26
-2.82065e-25
-2.74661e-26
-4.32604e-25
-4.86186e-26
-5.92621e-25
-7.70528e-26
-7.23012e-25
-1.09024e-25
-7.81893e-25
-1.371e-25
-7.44483e-25
-1.52282e-25
-6.19348e-25
-1.48521e-25
-4.58531e-25
-1.31021e-25
-4.7092e-25
-1.71869e-25
-2.4727e-24
-1.06414e-24
-2.49997e-23
-1.16223e-23
-2.45198e-22
-1.23628e-22
-2.20778e-21
-1.21868e-21
-1.80846e-20
-1.10551e-20
-1.33413e-19
-9.16503e-20
-8.73256e-19
-6.87675e-19
-4.95167e-18
-4.6036e-18
-2.33065e-17
-2.68821e-17
-8.27206e-17
-1.31316e-16
-1.54707e-16
-4.83216e-16
-2.80117e-16
-8.6688e-16
-1.25406e-15
-3.53173e-15
-4.63375e-15
-1.75516e-14
-8.89546e-16
-9.907e-14
2.0705e-13
-6.37406e-13
1.9553e-12
-4.99976e-12
1.31744e-11
-3.8094e-11
8.17533e-11
-2.59746e-10
4.9228e-10
-1.56153e-09
-1.0222e-08
-1.33205e-38
-1.70615e-40
-6.61355e-37
-7.81388e-39
-1.43927e-35
-1.77227e-37
-2.00346e-34
-2.60522e-36
-2.0332e-33
-2.80335e-35
-1.61022e-32
-2.35631e-34
-1.03734e-31
-1.6106e-33
-5.58893e-31
-9.199e-33
-2.5681e-30
-4.47609e-32
-1.02093e-29
-1.88223e-31
-3.5491e-29
-6.91416e-31
-1.08749e-28
-2.2369e-30
-2.95419e-28
-6.41282e-30
-7.14311e-28
-1.63632e-29
-1.54096e-27
-3.72707e-29
-2.96819e-27
-7.5895e-29
-5.10096e-27
-1.38192e-28
-7.80231e-27
-2.24746e-28
-1.05783e-26
-3.25705e-28
-1.26385e-26
-4.19547e-28
-1.32323e-26
-4.85002e-28
-1.25094e-26
-6.06568e-28
-1.75578e-26
-2.32578e-27
-1.16155e-25
-2.67672e-26
-1.35383e-24
-3.43284e-25
-1.53532e-23
-4.15197e-24
-1.61237e-22
-4.6771e-23
-1.55747e-21
-4.89007e-22
-1.37449e-20
-4.72501e-21
-1.09761e-19
-4.19348e-20
-7.81883e-19
-3.38874e-19
-4.85731e-18
-2.46173e-18
-2.52346e-17
-1.57471e-17
-9.87052e-17
-8.51068e-17
-1.88074e-16
-3.47219e-16
-4.93003e-16
-6.6737e-16
-1.15519e-15
-2.07104e-15
-5.82087e-15
-1.45656e-14
-2.21324e-15
-8.95176e-14
3.0206e-13
-5.52586e-13
2.94231e-12
-4.27681e-12
1.97496e-11
-3.2166e-11
1.24151e-10
-2.17437e-10
7.23426e-10
-1.3235e-09
-7.28612e-09
-2.4961e-41
-3.02811e-45
-1.27005e-39
-1.39953e-43
-2.89792e-38
-3.19998e-42
-4.24126e-37
-4.75204e-41
-4.52555e-36
-5.17687e-40
-3.76495e-35
-4.41639e-39
-2.54451e-34
-3.07293e-38
-1.43596e-33
-1.79288e-37
-6.89933e-33
-8.94842e-37
-2.86265e-32
-3.87857e-36
-1.0366e-31
-1.47706e-35
-3.30178e-31
-4.98843e-35
-9.30382e-31
-1.50549e-34
-2.32838e-30
-4.08686e-34
-5.18716e-30
-1.00424e-33
-1.02955e-29
-2.2504e-33
-1.81947e-29
-4.65715e-33
-2.85759e-29
-9.26358e-33
-3.97991e-29
-2.23339e-32
-4.9647e-29
-1.36691e-31
-6.68891e-29
-1.92828e-30
-2.75901e-28
-3.10836e-29
-3.41168e-27
-4.80227e-28
-4.69614e-26
-6.95964e-27
-6.09068e-25
-9.43628e-26
-7.35155e-24
-1.19602e-24
-8.23092e-23
-1.4155e-23
-8.51309e-22
-1.5611e-22
-8.0853e-21
-1.59908e-21
-6.99083e-20
-1.51376e-20
-5.43331e-19
-1.31457e-19
-3.71817e-18
-1.03554e-18
-2.14964e-17
-7.25716e-18
-9.38051e-17
-4.34114e-17
-1.92808e-16
-1.98126e-16
-6.39652e-16
-4.54997e-16
-1.12536e-15
-1.3136e-15
-7.10936e-15
-9.37985e-15
-7.06586e-15
-5.65514e-14
3.09294e-13
-3.66719e-13
3.2948e-12
-2.83526e-12
2.40416e-11
-2.16734e-11
1.44671e-10
-1.52626e-10
7.61602e-10
-9.85e-10
-5.56895e-09
-5.39388e-46
-5.25733e-51
-2.7127e-44
-2.95856e-49
-6.22427e-43
-8.20157e-48
-9.20508e-42
-1.4896e-46
-9.95945e-41
-2.0039e-45
-8.43001e-40
-2.13401e-44
-5.81829e-39
-1.87664e-43
-3.36755e-38
-1.4042e-42
-1.66777e-37
-9.15188e-42
-7.17505e-37
-5.30319e-41
-2.7131e-36
-2.78817e-40
-9.10185e-36
-1.35956e-39
-2.73051e-35
-6.29815e-39
-7.37876e-35
-2.84069e-38
-1.81108e-34
-1.28375e-37
-4.09117e-34
-6.28545e-37
-8.85732e-34
-4.33672e-36
-2.31856e-33
-5.53445e-35
-1.53751e-32
-1.00788e-33
-2.34584e-31
-1.9281e-32
-4.0838e-30
-3.52438e-31
-6.8052e-29
-6.04181e-30
-1.06265e-27
-9.68615e-29
-1.5511e-26
-1.45214e-27
-2.11493e-25
-2.03632e-26
-2.69102e-24
-2.67098e-25
-3.18919e-23
-3.27566e-24
-3.50928e-22
-3.7522e-23
-3.56792e-21
-4.00703e-22
-3.32753e-20
-3.9775e-21
-2.81511e-19
-3.65244e-20
-2.11898e-18
-3.07735e-19
-1.36166e-17
-2.34065e-18
-6.67744e-17
-1.54928e-17
-1.64817e-16
-8.13555e-17
-5.11598e-16
-2.60018e-16
-8.54002e-16
-6.65942e-16
-4.98257e-15
-3.44489e-15
-1.08138e-14
-2.20755e-14
1.83001e-13
-1.39744e-13
1.85613e-12
-8.80353e-13
1.03792e-11
-6.09696e-12
4.27947e-11
-4.09618e-11
6.20577e-11
-2.6258e-10
-1.54252e-09
-1.32774e-51
-2.90929e-55
-7.98609e-50
-1.92486e-53
-2.234e-48
-6.24857e-52
-4.0748e-47
-1.33794e-50
-5.50054e-46
-2.14154e-49
-5.88316e-45
-2.74968e-48
-5.20733e-44
-2.97232e-47
-3.93607e-43
-2.81097e-46
-2.6066e-42
-2.40545e-45
-1.54865e-41
-1.91854e-44
-8.4585e-41
-1.45956e-43
-4.35813e-40
-1.07621e-42
-2.17377e-39
-7.87475e-42
-1.08126e-38
-6.26519e-41
-5.80431e-38
-6.89798e-40
-4.37651e-37
-1.21514e-38
-6.08703e-36
-2.72107e-37
-1.20533e-34
-6.22808e-36
-2.50237e-33
-1.3544e-34
-4.95587e-32
-2.75244e-33
-9.19233e-31
-5.21256e-32
-1.59271e-29
-9.2e-31
-2.57821e-28
-1.51423e-29
-3.90078e-27
-2.32559e-28
-5.51707e-26
-3.33442e-27
-7.29223e-25
-4.46461e-26
-8.99932e-24
-5.58258e-25
-1.03515e-22
-6.5168e-24
-1.10662e-21
-7.09613e-23
-1.09443e-20
-7.19642e-22
-9.9327e-20
-6.77817e-21
-8.14008e-19
-5.89923e-20
-5.80759e-18
-4.69652e-19
-3.28899e-17
-3.34761e-18
-1.13446e-16
-2.03512e-17
-3.13852e-16
-9.34093e-17
-4.21705e-16
-2.18231e-16
-2.22212e-15
-8.15099e-16
-1.49445e-14
-2.68941e-15
-1.3661e-14
-1.3929e-14
1.94787e-13
-9.23322e-14
-1.97686e-13
-7.0225e-13
-1.2617e-11
-4.91693e-12
-1.46051e-10
-3.2565e-11
-1.97082e-10
-9.80282e-56
-2.95239e-59
-6.83471e-54
-2.33214e-57
-2.24859e-52
-9.08952e-56
-4.87558e-51
-2.38472e-54
-7.93252e-50
-4.81087e-53
-1.04282e-48
-8.06976e-52
-1.16671e-47
-1.18554e-50
-1.15811e-46
-1.57765e-49
-1.05592e-45
-1.93923e-48
-9.08113e-45
-2.23557e-47
-7.50366e-44
-2.51231e-46
-6.11007e-43
-3.12064e-45
-5.37939e-42
-5.34583e-44
-6.52398e-41
-1.30637e-42
-1.26114e-39
-3.67617e-41
-3.08927e-38
-1.02294e-39
-7.71459e-37
-2.67683e-38
-1.8264e-35
-6.50924e-37
-4.03329e-34
-1.46813e-35
-8.28744e-33
-3.07244e-34
-1.58501e-31
-5.97039e-33
-2.82394e-30
-1.07803e-31
-4.69078e-29
-1.80983e-30
-7.26924e-28
-2.82652e-29
-1.05144e-26
-4.10836e-28
-1.41971e-25
-5.55948e-27
-1.78916e-24
-7.00553e-26
-2.10293e-23
-8.22045e-25
-2.302e-22
-8.98016e-24
-2.3407e-21
-9.12637e-23
-2.19987e-20
-8.61614e-22
-1.89208e-19
-7.53566e-21
-1.45791e-18
-6.07264e-20
-9.5892e-18
-4.46052e-19
-4.76697e-17
-2.92053e-18
-1.20791e-16
-1.62474e-17
-3.10945e-16
-6.85668e-17
-8.5235e-16
-1.58148e-16
-2.45109e-15
-4.29011e-16
-6.03569e-15
-1.11886e-15
-3.50081e-14
-3.11461e-15
-4.25962e-13
-3.07142e-14
-3.86103e-12
-2.81848e-13
-3.00264e-11
-2.16209e-12
-1.55616e-11
-1.32119e-59
-4.72233e-63
-1.09709e-57
-4.56696e-61
-4.41377e-56
-2.21662e-59
-1.20528e-54
-7.44201e-58
-2.56111e-53
-1.96873e-56
-4.57561e-52
-4.39712e-55
-7.20402e-51
-8.65069e-54
-1.02738e-49
-1.56492e-52
-1.35432e-48
-2.84485e-51
-1.72117e-47
-6.18539e-50
-2.39688e-46
-1.81888e-48
-4.57175e-45
-6.46495e-47
-1.23706e-43
-2.35342e-45
-3.83717e-42
-8.11952e-44
-1.17261e-40
-2.59538e-42
-3.3595e-39
-7.65174e-41
-8.92146e-38
-2.08128e-39
-2.19283e-36
-5.22925e-38
-4.99225e-35
-1.2151e-36
-1.05379e-33
-2.61381e-35
-2.06445e-32
-5.20906e-34
-3.75668e-31
-9.62319e-33
-6.35441e-30
-1.64872e-31
-9.99733e-29
-2.62056e-30
-1.46369e-27
-3.8652e-29
-1.99491e-26
-5.29143e-28
-2.53147e-25
-6.72454e-27
-2.99047e-24
-7.93378e-26
-3.28683e-23
-8.69011e-25
-3.35681e-22
-8.83553e-24
-3.17728e-21
-8.33516e-23
-2.77269e-20
-7.28865e-22
-2.20734e-19
-5.89594e-21
-1.56814e-18
-4.39395e-20
-9.47915e-18
-2.99218e-19
-4.35473e-17
-1.83152e-18
-1.09598e-16
-9.74684e-18
-2.63693e-16
-4.20285e-17
-5.42264e-16
-1.24801e-16
-5.85829e-16
-2.14694e-16
-2.75834e-15
-5.66487e-16
-3.52043e-14
-1.02068e-15
-3.25306e-13
-1.02151e-14
-2.48619e-12
-1.05032e-13
-8.41188e-13
-2.83146e-63
-1.1454e-66
-2.90829e-61
-1.46295e-64
-1.49466e-59
-9.46294e-63
-5.34825e-58
-4.25805e-61
-1.51274e-56
-1.51866e-59
-3.61892e-55
-4.78874e-58
-7.74614e-54
-1.55825e-56
-1.63405e-52
-6.13634e-55
-4.0637e-51
-2.90066e-53
-1.35184e-49
-1.43557e-51
-5.3892e-48
-6.76374e-50
-2.18542e-46
-2.93199e-48
-8.35344e-45
-1.16079e-46
-2.94512e-43
-4.20047e-45
-9.54223e-42
-1.3929e-43
-2.84384e-40
-4.24378e-42
-7.80954e-39
-1.19054e-40
-1.97934e-37
-3.08072e-39
-4.6363e-36
-7.36304e-38
-1.00471e-34
-1.62704e-36
-2.016e-33
-3.32655e-35
-3.74811e-32
-6.2961e-34
-6.46011e-31
-1.10352e-32
-1.03268e-29
-1.79144e-31
-1.5316e-28
-2.69385e-30
-2.10823e-27
-3.75222e-29
-2.6939e-26
-4.84072e-28
-3.19597e-25
-5.78319e-27
-3.52029e-24
-6.39688e-26
-3.59912e-23
-6.54925e-25
-3.41282e-22
-6.20409e-24
-2.99606e-21
-5.43504e-23
-2.42575e-20
-4.39961e-22
-1.79709e-19
-3.28635e-21
-1.19881e-18
-2.25953e-20
-6.96855e-18
-1.42319e-19
-3.29174e-17
-8.13648e-19
-1.07483e-16
-4.14652e-18
-2.04328e-16
-1.81684e-17
-3.99621e-16
-6.34667e-17
-7.34815e-16
-1.4993e-16
-2.21975e-15
-2.39307e-16
-1.33967e-14
-7.16657e-16
-1.21591e-13
-2.5793e-15
-3.00843e-14
-9.78738e-67
-3.98765e-70
-1.33189e-64
-6.72279e-68
-9.15881e-63
-6.02467e-66
-4.41515e-61
-4.34663e-64
-1.7625e-59
-3.16373e-62
-6.97316e-58
-2.45202e-60
-3.24924e-56
-1.87233e-58
-1.78256e-54
-1.31255e-56
-1.00931e-52
-8.22908e-55
-5.38136e-51
-4.60211e-53
-2.61741e-49
-2.30721e-51
-1.15488e-47
-1.04341e-49
-4.63236e-46
-4.28079e-48
-1.69528e-44
-1.6008e-46
-5.67979e-43
-5.47698e-45
-1.74706e-41
-1.71965e-43
-4.94478e-40
-4.9667e-42
-1.29009e-38
-1.32201e-40
-3.10683e-37
-3.2476e-39
-6.9134e-36
-7.37113e-38
-1.42258e-34
-1.54705e-36
-2.70845e-33
-3.00419e-35
-4.77302e-32
-5.39973e-34
-7.78765e-31
-8.98538e-33
-1.17659e-29
-1.38439e-31
-1.64621e-28
-1.97481e-30
-2.13295e-27
-2.60784e-29
-2.55911e-26
-3.18731e-28
-2.84291e-25
-3.60435e-27
-2.92362e-24
-3.76984e-26
-2.78248e-23
-3.64518e-25
-2.44935e-22
-3.25673e-24
-1.99209e-21
-2.68674e-23
-1.49376e-20
-2.04494e-22
-1.02824e-19
-1.43431e-21
-6.44154e-19
-9.25438e-21
-3.6094e-18
-5.47697e-20
-1.74652e-17
-2.95817e-19
-6.77639e-17
-1.4446e-18
-1.79165e-16
-6.2672e-18
-2.91063e-16
-2.33429e-17
-6.81659e-16
-6.96685e-17
-9.47625e-16
-1.45586e-16
-4.10486e-15
-3.55876e-16
-6.55338e-16
-4.79168e-70
-2.91749e-73
-8.9862e-68
-9.92208e-71
-9.89211e-66
-2.05318e-68
-9.72451e-64
-3.27062e-66
-9.53806e-62
-4.17316e-64
-8.85399e-60
-4.36927e-62
-7.34441e-58
-3.84351e-60
-5.34466e-56
-2.90029e-58
-3.42033e-54
-1.9092e-56
-1.941e-52
-1.11088e-54
-9.85261e-51
-5.77216e-53
-4.50685e-49
-2.69974e-51
-1.86901e-47
-1.14376e-49
-7.06086e-46
-4.41092e-48
-2.4393e-44
-1.55455e-46
-7.72939e-43
-5.02244e-45
-2.25182e-41
-1.49123e-43
-6.04286e-40
-4.07708e-42
-1.49591e-38
-1.02805e-40
-3.41986e-37
-2.39368e-39
-7.22631e-36
-5.15139e-38
-1.41221e-34
-1.02542e-36
-2.55352e-33
-1.889e-35
-4.27322e-32
-3.22163e-34
-6.61924e-31
-5.08791e-33
-9.49098e-30
-7.44178e-32
-1.25962e-28
-1.00809e-30
-1.54717e-27
-1.26469e-29
-1.7584e-26
-1.46916e-28
-1.84873e-25
-1.58002e-27
-1.79752e-24
-1.57268e-26
-1.61565e-23
-1.44826e-25
-1.34175e-22
-1.23336e-24
-1.02876e-21
-9.70783e-24
-7.27331e-21
-7.05712e-23
-4.73092e-20
-4.73355e-22
-2.81914e-19
-2.92566e-21
-1.52642e-18
-1.66298e-20
-7.38976e-18
-8.66659e-20
-3.09774e-17
-4.12001e-19
-1.05262e-16
-1.77096e-18
-2.54483e-16
-6.77526e-18
-4.57296e-16
-2.24142e-17
-8.6681e-16
-6.08301e-17
-1.40809e-16
-7.44434e-73
-1.46845e-75
-3.20781e-70
-8.34306e-73
-7.78449e-68
-2.28916e-70
-1.34052e-65
-4.20798e-68
-1.77551e-63
-5.81628e-66
-1.89844e-61
-6.43364e-64
-1.69509e-59
-5.92108e-62
-1.29531e-57
-4.65482e-60
-8.6262e-56
-3.18495e-58
-5.07494e-54
-1.92312e-56
-2.6651e-52
-1.03553e-54
-1.25935e-50
-5.01292e-53
-5.38832e-49
-2.19552e-51
-2.09786e-47
-8.74341e-50
-7.46146e-46
-3.17877e-48
-2.43193e-44
-1.05843e-46
-7.28193e-43
-3.23603e-45
-2.00712e-41
-9.10345e-44
-5.10063e-40
-2.36029e-42
-1.19657e-38
-5.64768e-41
-2.59388e-37
-1.24847e-39
-5.19978e-36
-2.55185e-38
-9.64491e-35
-4.82594e-37
-1.65605e-33
-8.44842e-36
-2.63295e-32
-1.36961e-34
-3.87699e-31
-2.05667e-33
-5.28781e-30
-2.86126e-32
-6.68047e-29
-3.68824e-31
-7.81771e-28
-4.40524e-30
-8.47356e-27
-4.87533e-29
-8.50587e-26
-4.99917e-28
-7.90628e-25
-4.74903e-27
-6.80352e-24
-4.17889e-26
-5.41849e-23
-3.40548e-25
-3.99231e-22
-2.5694e-24
-2.71956e-21
-1.79414e-23
-1.71096e-20
-1.15886e-22
-9.92287e-20
-6.91908e-22
-5.28668e-19
-3.81485e-21
-2.57052e-18
-1.93941e-20
-1.12641e-17
-9.06999e-20
-4.34267e-17
-3.88671e-19
-1.40791e-16
-1.51559e-18
-3.59561e-16
-5.30788e-18
-1.62567e-17
-6.5134e-75
-1.15432e-77
-3.70366e-72
-7.06503e-75
-1.03553e-69
-2.05271e-72
-1.9303e-67
-3.96661e-70
-2.70015e-65
-5.74384e-68
-3.02013e-63
-6.64329e-66
-2.80939e-61
-6.38379e-64
-2.23169e-59
-5.2335e-62
-1.54257e-57
-3.72987e-60
-9.40715e-56
-2.3432e-58
-5.11468e-54
-1.31131e-56
-2.49942e-52
-6.59046e-55
-1.10477e-50
-2.99379e-53
-4.43908e-49
-1.23546e-51
-1.62796e-47
-4.65053e-50
-5.46662e-46
-1.60203e-48
-1.68518e-44
-5.06393e-47
-4.77896e-43
-1.47194e-45
-1.24886e-41
-3.94129e-44
-3.01148e-40
-9.73534e-43
-6.70824e-39
-2.22091e-41
-1.3816e-37
-4.68366e-40
-2.63276e-36
-9.13779e-39
-4.64449e-35
-1.6503e-37
-7.58851e-34
-2.76034e-36
-1.14875e-32
-4.2777e-35
-1.61163e-31
-6.14383e-34
-2.09596e-30
-8.18004e-33
-2.52733e-29
-1.00981e-31
-2.82604e-28
-1.15599e-30
-2.93091e-27
-1.22727e-29
-2.81973e-26
-1.20846e-28
-2.51691e-25
-1.10367e-27
-2.08481e-24
-9.34905e-27
-1.60283e-23
-7.3449e-26
-1.14403e-22
-5.35102e-25
-7.58272e-22
-3.61423e-24
-4.66841e-21
-2.26237e-23
-2.67033e-20
-1.31172e-22
-1.41913e-19
-7.03864e-22
-7.00329e-19
-3.49112e-21
-3.20314e-18
-1.59741e-20
-1.35079e-17
-6.72034e-20
-5.18293e-17
-2.58269e-19
-8.93691e-19
-5.67441e-77
-6.33529e-80
-3.39989e-74
-4.0636e-77
-9.97621e-72
-1.24039e-74
-1.94686e-69
-2.51867e-72
-2.84663e-67
-3.83016e-70
-3.32417e-65
-4.64833e-68
-3.22478e-63
-4.68247e-66
-2.66861e-61
-4.02012e-64
-1.91954e-59
-2.99749e-62
-1.21691e-57
-1.9682e-60
-6.87126e-56
-1.15017e-58
-3.48391e-54
-6.03103e-57
-1.59634e-52
-2.85604e-55
-6.64391e-51
-1.22777e-53
-2.52193e-49
-4.81117e-52
-8.75966e-48
-1.72433e-50
-2.79158e-46
-5.66785e-49
-8.18028e-45
-1.71244e-47
-2.20809e-43
-4.76441e-46
-5.49837e-42
-1.22252e-44
-1.26456e-40
-2.89669e-43
-2.68883e-39
-6.34441e-42
-5.29007e-38
-1.28557e-40
-9.63677e-37
-2.41171e-39
-1.62639e-35
-4.19119e-38
-2.54421e-34
-6.75076e-37
-3.69066e-33
-1.00822e-35
-4.96648e-32
-1.39671e-34
-6.20212e-31
-1.79531e-33
-7.19004e-30
-2.14182e-32
-7.74059e-29
-2.37211e-31
-7.74157e-28
-2.43946e-30
-7.19563e-27
-2.32991e-29
-6.21845e-26
-2.06701e-28
-4.99895e-25
-1.70354e-27
-3.74022e-24
-1.30434e-26
-2.60625e-23
-9.27754e-26
-1.69267e-22
-6.12912e-25
-1.02562e-21
-3.75942e-24
-5.80483e-21
-2.13948e-23
-3.07374e-20
-1.12843e-22
-1.52562e-19
-5.50573e-22
-7.11085e-19
-2.47711e-21
-3.11149e-18
-1.02146e-20
-3.81098e-20
-3.31885e-79
-2.21695e-82
-2.07828e-76
-1.49676e-79
-6.39655e-74
-4.82588e-77
-1.31012e-71
-1.03575e-74
-2.00962e-69
-1.664e-72
-2.46008e-67
-2.13178e-70
-2.49958e-65
-2.26477e-68
-2.16447e-63
-2.04874e-66
-1.62765e-61
-1.60809e-64
-1.0778e-59
-1.11059e-62
-6.35137e-58
-6.82074e-61
-3.35823e-56
-3.75605e-59
-1.60352e-54
-1.86676e-57
-6.9502e-53
-8.4173e-56
-2.74593e-51
-3.45791e-54
-9.92246e-50
-1.29868e-52
-3.28841e-48
-4.47161e-51
-1.00179e-46
-1.41482e-49
-2.81062e-45
-4.12145e-48
-7.27349e-44
-1.10714e-46
-1.73845e-42
-2.74622e-45
-3.84178e-41
-6.29705e-44
-7.85703e-40
-1.33604e-42
-1.48828e-38
-2.62504e-41
-2.61286e-37
-4.77954e-40
-4.25419e-36
-8.0693e-39
-6.42737e-35
-1.26392e-37
-9.01557e-34
-1.83757e-36
-1.17467e-32
-2.48086e-35
-1.4224e-31
-3.11151e-34
-1.60152e-30
-3.62671e-33
-1.67757e-29
-3.92987e-32
-1.63577e-28
-3.96014e-31
-1.48569e-27
-3.71227e-30
-1.25777e-26
-3.23806e-29
-9.9328e-26
-2.62866e-28
-7.32351e-25
-1.98625e-27
-5.04637e-24
-1.39691e-26
-3.25363e-23
-9.14158e-26
-1.96572e-22
-5.56349e-25
-1.11489e-21
-3.14538e-24
-5.94963e-21
-1.64879e-23
-2.99546e-20
-7.98604e-23
-1.42583e-19
-3.55108e-22
-1.43041e-21
-1.22658e-81
-4.6546e-85
-8.07282e-79
-3.34472e-82
-2.62183e-76
-1.15009e-79
-5.67105e-74
-2.63252e-77
-9.1828e-72
-4.50664e-75
-1.18575e-69
-6.14555e-73
-1.26975e-67
-6.9423e-71
-1.15777e-65
-6.67101e-69
-9.15997e-64
-5.55705e-67
-6.37658e-62
-4.0697e-65
-3.94751e-60
-2.64849e-63
-2.19125e-58
-1.54448e-61
-1.09783e-56
-8.12425e-60
-4.99026e-55
-3.87531e-58
-2.06682e-53
-1.68352e-56
-7.82664e-52
-6.68405e-55
-2.71754e-50
-2.43237e-53
-8.67216e-49
-8.13249e-52
-2.54847e-47
-2.50316e-50
-6.90795e-46
-7.10483e-49
-1.72957e-44
-1.86221e-47
-4.00467e-43
-4.5127e-46
-8.58375e-42
-1.0121e-44
-1.70476e-40
-2.10274e-43
-3.1396e-39
-4.05004e-42
-5.36574e-38
-7.23693e-41
-8.51579e-37
-1.20046e-39
-1.25587e-35
-1.84966e-38
-1.72215e-34
-2.64866e-37
-2.19726e-33
-3.5268e-36
-2.61012e-32
-4.36885e-35
-2.88877e-31
-5.03725e-34
-2.98098e-30
-5.40822e-33
-2.87045e-29
-5.40925e-32
-2.58145e-28
-5.04213e-31
-2.17028e-27
-4.38162e-30
-1.70752e-26
-3.55063e-29
-1.2587e-25
-2.68327e-28
-8.70527e-25
-1.8908e-27
-5.65758e-24
-1.24173e-26
-3.46174e-23
-7.59171e-26
-1.99886e-22
-4.31215e-25
-1.09216e-21
-2.26703e-24
-5.66231e-21
-1.09533e-23
-4.79376e-23
-2.70032e-84
-5.4031e-88
-1.89029e-81
-4.22288e-85
-6.54341e-79
-1.57291e-82
-1.50863e-76
-3.88992e-80
-2.60151e-74
-7.17947e-78
-3.57377e-72
-1.05367e-75
-4.06708e-70
-1.27912e-73
-3.93739e-68
-1.31926e-71
-3.30464e-66
-1.17833e-69
-2.43858e-64
-9.24474e-68
-1.59921e-62
-6.44063e-66
-9.3986e-61
-4.01836e-64
-4.983e-59
-2.26034e-62
-2.39607e-57
-1.15252e-60
-1.04946e-55
-5.35024e-59
-4.20177e-54
-2.26941e-57
-1.54229e-52
-8.82173e-56
-5.20261e-51
-3.15042e-54
-1.61618e-49
-1.03575e-52
-4.63145e-48
-3.14027e-51
-1.22616e-46
-8.79335e-50
-3.00285e-45
-2.27703e-48
-6.81027e-44
-5.45872e-47
-1.43176e-42
-1.21268e-45
-2.79285e-41
-2.49867e-44
-5.05894e-40
-4.77884e-43
-8.5163e-39
-8.48992e-42
-1.33339e-37
-1.40199e-40
-1.94317e-36
-2.15341e-39
-2.63784e-35
-3.07834e-38
-3.33822e-34
-4.09804e-37
-3.94159e-33
-5.08346e-36
-4.34614e-32
-5.87905e-35
-4.47945e-31
-6.3424e-34
-4.32e-30
-6.38584e-33
-3.90273e-29
-6.00341e-32
-3.30679e-28
-5.27169e-31
-2.63136e-27
-4.32473e-30
-1.96942e-26
-3.31437e-29
-1.38872e-25
-2.37179e-28
-9.24381e-25
-1.58312e-27
-5.82157e-24
-9.83508e-27
-3.478e-23
-5.66383e-26
-1.9766e-22
-3.00013e-25
-1.43889e-24
-3.26317e-87
-3.08313e-91
-2.48588e-84
-2.72605e-88
-9.32171e-82
-1.12752e-85
-2.32158e-79
-3.06924e-83
-4.31479e-77
-6.20521e-81
-6.37688e-75
-9.94386e-79
-7.79608e-73
-1.31514e-76
-8.09823e-71
-1.47527e-74
-7.28561e-69
-1.43128e-72
-5.7582e-67
-1.2185e-70
-4.04181e-65
-9.20414e-69
-2.54111e-63
-6.22227e-67
-1.44064e-61
-3.79054e-65
-7.40511e-60
-2.09234e-63
-3.4663e-58
-1.05122e-61
-1.48298e-56
-4.82489e-60
-5.8163e-55
-2.02925e-58
-2.09647e-53
-7.84051e-57
-6.95962e-52
-2.78899e-55
-2.13166e-50
-9.15024e-54
-6.03342e-49
-2.77317e-52
-1.58019e-47
-7.77432e-51
-3.83425e-46
-2.01838e-49
-8.62869e-45
-4.85795e-48
-1.80274e-43
-1.08497e-46
-3.49986e-42
-2.25047e-45
-6.31953e-41
-4.33872e-44
-1.06222e-39
-7.78061e-43
-1.66347e-38
-1.2988e-41
-2.42924e-37
-2.01951e-40
-3.31117e-36
-2.92701e-39
-4.21656e-35
-3.95701e-38
-5.02158e-34
-4.99291e-37
-5.59882e-33
-5.88377e-36
-5.85107e-32
-6.47926e-35
-5.73856e-31
-6.67106e-34
-5.28923e-30
-6.42474e-33
-4.58824e-29
-5.78933e-32
-3.75205e-28
-4.88108e-31
-2.8976e-27
-3.84891e-30
-2.11756e-26
-2.83539e-29
-1.46776e-25
-1.94699e-28
-9.67446e-25
-1.24083e-27
-6.08046e-24
-7.27794e-27
-3.86173e-26
-1.92422e-90
-7.31228e-95
-1.66213e-87
-7.8083e-92
-6.92665e-85
-3.72188e-89
-1.8992e-82
-1.14444e-86
-3.86628e-80
-2.58907e-84
-6.23818e-78
-4.61718e-82
-8.30709e-76
-6.77194e-80
-9.38332e-74
-8.40394e-78
-9.16805e-72
-9.00442e-76
-7.86173e-70
-8.45505e-74
-5.98273e-68
-7.03727e-72
-4.07554e-66
-5.23805e-70
-2.50244e-64
-3.51128e-68
-1.39266e-62
-2.1318e-66
-7.05656e-61
-1.17764e-64
-3.26757e-59
-5.94172e-63
-1.38703e-57
-2.74669e-61
-5.41131e-56
-1.16641e-59
-1.94461e-54
-4.56042e-58
-6.44903e-53
-1.64473e-56
-1.97695e-51
-5.48066e-55
-5.60997e-50
-1.68979e-53
-1.47551e-48
-4.82661e-52
-3.60117e-47
-1.27862e-50
-8.16448e-46
-3.14465e-49
-1.72122e-44
-7.18676e-48
-3.37745e-43
-1.52757e-46
-6.17448e-42
-3.02223e-45
-1.05265e-40
-5.56999e-44
-1.6752e-39
-9.57e-43
-2.49105e-38
-1.53399e-41
-3.46486e-37
-2.29561e-40
-4.51295e-36
-3.20959e-39
-5.51084e-35
-4.19537e-38
-6.317e-34
-5.13021e-37
-6.80666e-33
-5.87205e-36
-6.90446e-32
-6.29419e-35
-6.60377e-31
-6.32e-34
-5.96587e-30
-5.94473e-33
-5.10036e-29
-5.23594e-32
-4.13514e-28
-4.31317e-31
-3.18693e-27
-3.3151e-30
-2.34097e-26
-2.36637e-29
-1.64341e-25
-1.55462e-28
-9.22482e-28
-4.68169e-94
-5.69886e-99
-4.90643e-91
-8.1459e-96
-2.36011e-88
-4.71139e-93
-7.31379e-86
-1.69337e-90
-1.66629e-83
-4.40639e-88
-2.99186e-81
-8.96021e-86
-4.41791e-79
-1.49076e-83
-5.52025e-77
-2.09155e-81
-5.95618e-75
-2.52773e-79
-5.63314e-73
-2.67278e-77
-4.72349e-71
-2.50204e-75
-3.54299e-69
-2.09265e-73
-2.39408e-67
-1.57514e-71
-1.46568e-65
-1.07321e-69
-8.16751e-64
-6.65047e-68
-4.15867e-62
-3.76283e-66
-1.94098e-60
-1.95022e-64
-8.32641e-59
-9.28418e-63
-3.2905e-57
-4.06914e-61
-1.20029e-55
-1.64521e-59
-4.04833e-54
-6.14681e-58
-1.26441e-52
-2.1254e-56
-3.66194e-51
-6.81038e-55
-9.84651e-50
-2.02471e-53
-2.46092e-48
-5.59097e-52
-5.72302e-47
-1.43541e-50
-1.23971e-45
-3.42952e-49
-2.50395e-44
-7.63209e-48
-4.72049e-43
-1.58333e-46
-8.31491e-42
-3.0646e-45
-1.36994e-40
-5.5385e-44
-2.11354e-39
-9.35327e-43
-3.05695e-38
-1.47711e-41
-4.15033e-37
-2.18299e-40
-5.29624e-36
-3.02112e-39
-6.36162e-35
-3.91752e-38
-7.20366e-34
-4.76193e-37
-7.70279e-33
-5.42755e-36
-7.79174e-32
-5.80049e-35
-7.47079e-31
-5.80948e-34
-6.80442e-30
-5.44557e-33
-5.90162e-29
-4.76455e-32
-4.88756e-28
-3.87135e-31
-3.87597e-27
-2.89241e-30
-1.94615e-29
-3.71625e-98
-1.03993e-103
-5.25469e-95
-2.36257e-100
-3.07384e-92
-1.77348e-97
-1.11422e-89
-7.7709e-95
-2.92052e-87
-2.40544e-92
-5.97958e-85
-5.74642e-90
-1.00158e-82
-1.11531e-87
-1.4148e-80
-1.81751e-85
-1.72179e-78
-2.54403e-83
-1.83371e-76
-3.10946e-81
-1.72941e-74
-3.35995e-79
-1.45772e-72
-3.24039e-77
-1.10617e-70
-2.81015e-75
-7.6012e-69
-2.20462e-73
-4.75263e-67
-1.57226e-71
-2.7145e-65
-1.0234e-69
-1.42096e-63
-6.1002e-68
-6.83635e-62
-3.33923e-66
-3.03003e-60
-1.68265e-64
-1.23979e-58
-7.82136e-63
-4.69146e-57
-3.35968e-61
-1.64446e-55
-1.33577e-59
-5.34715e-54
-4.92263e-58
-1.61501e-52
-1.68365e-56
-4.53642e-51
-5.35064e-55
-1.18643e-49
-1.58171e-53
-2.89232e-48
-4.35367e-52
-6.57964e-47
-1.11688e-50
-1.39824e-45
-2.67289e-49
-2.77885e-44
-5.97251e-48
-5.17065e-43
-1.24711e-46
-9.01843e-42
-2.43545e-45
-1.47623e-40
-4.45168e-44
-2.27081e-39
-7.62187e-43
-3.287e-38
-1.22318e-41
-4.48381e-37
-1.84103e-40
-5.773e-36
-2.59998e-39
-7.02738e-35
-3.44605e-38
-8.10226e-34
-4.28628e-37
-8.86514e-33
-5.00012e-36
-9.22493e-32
-5.4623e-35
-9.15125e-31
-5.57168e-34
-8.67768e-30
-5.27691e-33
-7.88753e-29
-4.5902e-32
-3.58314e-31
-6.84612e-103
-2.33864e-109
-1.56091e-99
-1.27096e-105
-1.18814e-96
-1.35122e-102
-5.25362e-94
-7.58637e-100
-1.63835e-91
-2.90872e-97
-3.94073e-89
-8.47058e-95
-7.69963e-87
-1.98697e-92
-1.26319e-84
-3.89363e-90
-1.78035e-82
-6.5326e-88
-2.19166e-80
-9.54999e-86
-2.38592e-78
-1.2324e-83
-2.31906e-76
-1.41791e-81
-2.02773e-74
-1.46573e-79
-1.60462e-72
-1.36981e-77
-1.15488e-70
-1.16313e-75
-7.59034e-69
-9.01049e-74
-4.57113e-67
-6.39001e-72
-2.52971e-65
-4.16046e-70
-1.28965e-63
-2.49309e-68
-6.06964e-62
-1.37789e-66
-2.64217e-60
-7.03696e-65
-1.06562e-58
-3.32635e-63
-3.98791e-57
-1.45752e-61
-1.38678e-55
-5.92804e-60
-4.487e-54
-2.24082e-58
-1.35249e-52
-7.88157e-57
-3.80246e-51
-2.5823e-55
-9.98295e-50
-7.88948e-54
-2.45033e-48
-2.24995e-52
-5.6295e-47
-5.99514e-51
-1.21204e-45
-1.49393e-49
-2.44849e-44
-3.4846e-48
-4.64697e-43
-7.6143e-47
-8.29678e-42
-1.55991e-45
-1.39549e-40
-2.99825e-44
-2.21443e-39
-5.40985e-43
-3.3205e-38
-9.16704e-42
-4.71285e-37
-1.45905e-40
-6.34293e-36
-2.18086e-39
-8.11088e-35
-3.05895e-38
-9.87505e-34
-4.0195e-37
-1.14743e-32
-4.93184e-36
-1.27573e-31
-5.61598e-35
-1.36062e-30
-5.86475e-34
-5.47458e-33
-1.5061e-108
-1.29085e-119
-8.57888e-105
-5.87835e-112
-9.27617e-102
-1.00112e-108
-5.25739e-99
-7.69294e-106
-2.03077e-96
-3.86706e-103
-5.95385e-94
-1.44898e-100
-1.40581e-91
-4.32999e-98
-2.7731e-89
-1.07474e-95
-4.68446e-87
-2.27585e-93
-6.89705e-85
-4.1895e-91
-8.96706e-83
-6.79711e-89
-1.03981e-80
-9.82053e-87
-1.08385e-78
-1.27374e-84
-1.02186e-76
-1.49251e-82
-8.75821e-75
-1.58806e-80
-6.85242e-73
-1.5408e-78
-4.91117e-71
-1.36792e-76
-3.23383e-69
-1.1145e-74
-1.96129e-67
-8.35387e-73
-1.09803e-65
-5.77329e-71
-5.68577e-64
-3.68563e-69
-2.72788e-62
-2.17717e-67
-1.21456e-60
-1.19188e-65
-5.02599e-59
-6.05547e-64
-1.93571e-57
-2.859e-62
-6.94795e-56
-1.25595e-60
-2.32722e-54
-5.13979e-59
-7.28343e-53
-1.96169e-57
-2.13257e-51
-6.99054e-56
-5.84907e-50
-2.32841e-54
-1.50468e-48
-7.25651e-53
-3.63534e-47
-2.11815e-51
-8.25977e-46
-5.79639e-50
-1.76731e-44
-1.48838e-48
-3.56618e-43
-3.58892e-47
-6.79655e-42
-8.13169e-46
-1.22532e-40
-1.732e-44
-2.09317e-39
-3.46825e-43
-3.39416e-38
-6.52727e-42
-5.23429e-37
-1.15345e-40
-7.69285e-36
-1.91016e-39
-1.08002e-34
-2.95361e-38
-1.45215e-33
-4.23552e-37
-1.87464e-32
-5.55948e-36
-6.49175e-35
6.29627e-123
-6.80024e-149
-4.03146e-111
-4.03712e-120
-7.00962e-108
-1.36815e-116
-5.43826e-105
-1.61329e-113
-2.75391e-102
-1.17459e-110
-1.0388e-99
-6.22473e-108
-3.12456e-97
-2.59928e-105
-7.80694e-95
-8.95627e-103
-1.66454e-92
-2.62269e-100
-3.08623e-90
-6.66021e-98
-5.04512e-88
-1.48817e-95
-7.34776e-86
-2.95754e-93
-9.61134e-84
-5.27133e-91
-1.13641e-81
-8.48081e-89
-1.22081e-79
-1.23805e-86
-1.19664e-77
-1.64684e-84
-1.07402e-75
-2.00307e-82
-8.85299e-74
-2.2343e-80
-6.71906e-72
-2.29121e-78
-4.7059e-70
-2.16474e-76
-3.04758e-68
-1.88792e-74
-1.82821e-66
-1.52242e-72
-1.0176e-64
-1.13689e-70
-5.26349e-63
-7.87333e-69
-2.53373e-61
-5.06323e-67
-1.13672e-59
-3.02745e-65
-4.75944e-58
-1.68515e-63
-1.86236e-56
-8.74252e-62
-6.81987e-55
-4.23234e-60
-2.34042e-53
-1.91416e-58
-7.53751e-52
-8.09712e-57
-2.2814e-50
-3.20723e-55
-6.499e-49
-1.19084e-53
-1.74508e-47
-4.14904e-52
-4.42357e-46
-1.35778e-50
-1.06022e-44
-4.17673e-49
-2.40652e-43
-1.20842e-47
-5.18164e-42
-3.28896e-46
-1.06019e-40
-8.41834e-45
-2.0651e-39
-2.02429e-43
-3.83704e-38
-4.56327e-42
-6.81603e-37
-9.6048e-41
-1.16047e-35
-1.87353e-39
-1.89819e-34
-3.33797e-38
-5.26131e-37
1.36974e-151
-4.13425e-173
-2.78403e-119
-2.74878e-132
-9.69325e-116
-4.57373e-128
-1.15453e-112
-1.05194e-124
-8.46951e-110
-1.34757e-121
-4.51902e-107
-1.21734e-118
-1.89961e-104
-8.55055e-116
-6.58979e-102
-4.92452e-113
-1.94329e-99
-2.40225e-110
-4.97137e-97
-1.01419e-107
-1.11948e-94
-3.76235e-105
-2.24323e-92
-1.24016e-102
-4.03334e-90
-3.66313e-100
-6.54976e-88
-9.75965e-98
-9.65679e-86
-2.35772e-95
-1.2982e-83
-5.18634e-93
-1.59695e-81
-1.04242e-90
-1.80292e-79
-1.92e-88
-1.87287e-77
-3.2486e-86
-1.79414e-75
-5.05994e-84
-1.58811e-73
-7.26853e-82
-1.30125e-71
-9.645e-80
-9.8858e-70
-1.18399e-77
-6.97442e-68
-1.34637e-75
-4.57605e-66
-1.42004e-73
-2.79629e-64
-1.39083e-71
-1.59367e-62
-1.26645e-69
-8.48323e-61
-1.07333e-67
-4.2237e-59
-8.47604e-66
-1.96986e-57
-6.24381e-64
-8.61878e-56
-4.29522e-62
-3.54323e-54
-2.76238e-60
-1.37087e-52
-1.66273e-58
-4.99983e-51
-9.37703e-57
-1.72195e-49
-4.95966e-55
-5.60984e-48
-2.46244e-53
-1.73189e-46
-1.14843e-51
-5.07585e-45
-5.0329e-50
-1.41486e-43
-2.07217e-48
-3.75792e-42
-8.00782e-47
-9.52962e-41
-2.89848e-45
-2.31236e-39
-9.78409e-44
-5.38215e-38
-3.05493e-42
-1.20431e-36
-8.68173e-41
-2.16611e-39
1.17653e-175
-8.88659e-212
-1.76961e-131
-1.44675e-189
-3.25076e-127
-1.83108e-151
-7.56948e-124
-1.56049e-147
-9.7755e-121
-6.32328e-144
-8.89294e-118
-1.75053e-140
-6.28902e-115
-3.73278e-137
-3.64715e-112
-6.50321e-134
-1.79193e-109
-9.58181e-131
-7.62237e-107
-1.22101e-127
-2.85022e-104
-1.3668e-124
-9.47452e-102
-1.35938e-121
-2.82372e-99
-1.21156e-118
-7.59536e-97
-9.7409e-116
-1.85363e-94
-7.10225e-113
-4.12191e-92
-4.71601e-110
-8.38114e-90
-2.86172e-107
-1.56287e-87
-1.59144e-104
-2.67953e-85
-8.13057e-102
-4.23315e-83
-3.824e-99
-6.17412e-81
-1.65862e-96
-8.32797e-79
-6.64478e-94
-1.04049e-76
-2.46222e-91
-1.2059e-74
-8.4494e-89
-1.29829e-72
-2.68828e-86
-1.30021e-70
-7.93842e-84
-1.2129e-68
-2.17792e-81
-1.05535e-66
-5.5566e-79
-8.57686e-65
-1.31959e-76
-6.51974e-63
-2.91956e-74
-4.64239e-61
-6.02323e-72
-3.10121e-59
-1.1597e-69
-1.9467e-57
-2.0856e-67
-1.15022e-55
-3.50606e-65
-6.40836e-54
-5.51342e-63
-3.37289e-52
-8.11511e-61
-1.68029e-50
-1.11845e-58
-7.93867e-49
-1.44355e-56
-3.5643e-47
-1.74413e-54
-1.52394e-45
-1.97066e-52
-6.21822e-44
-2.0776e-50
-2.42686e-42
-2.03407e-48
-9.08134e-41
-1.83187e-46
-3.26477e-39
-1.48927e-44
-1.04786e-42
2.07139e-214
4.59833e-193
-1.28964e-150
-1.12117e-146
-4.58804e-143
-1.27982e-139
-2.74789e-136
-4.81981e-133
-7.15074e-130
-9.17833e-127
-1.03533e-123
-1.03815e-120
-9.3338e-118
-7.57505e-115
-5.57898e-112
-3.74472e-109
-2.29872e-106
-1.29426e-103
-6.70043e-101
-3.19643e-98
-1.40772e-95
-5.73294e-93
-2.16223e-90
-7.56305e-88
-2.45653e-85
-7.41855e-83
-2.0855e-80
-5.46393e-78
-1.33574e-75
-3.05058e-73
-6.51671e-71
-1.30383e-68
-2.44649e-66
-4.3113e-64
-7.14591e-62
-1.11576e-59
-1.6439e-57
-2.28944e-55
-3.01962e-53
-3.77968e-51
-4.4999e-49
-5.10627e-47
-5.5325e-45
-5.72763e-43
)
;

boundaryField
{
    leftWall
    {
        type            calculated;
        value           uniform 0;
    }
    rightWall
    {
        type            calculated;
        value           nonuniform 0();
    }
    lowerWall
    {
        type            calculated;
        value           nonuniform 0();
    }
    atmosphere
    {
        type            calculated;
        value           uniform 0;
    }
    defaultFaces
    {
        type            empty;
        value           nonuniform 0();
    }
    procBoundary2to0
    {
        type            processor;
        value           nonuniform List<scalar> 
46
(
-3.52893e-14
-2.65556e-14
-1.32164e-16
6.75303e-17
1.08443e-16
1.79497e-16
2.34275e-16
2.46398e-16
2.32277e-16
1.79754e-16
1.32296e-16
1.00691e-16
9.80687e-17
1.42926e-16
2.63214e-16
4.64935e-16
7.43933e-16
1.47025e-15
3.45879e-15
7.94534e-15
2.00624e-14
3.79113e-14
4.28885e-14
4.49299e-14
5.58041e-14
-1.18893e-19
-1.12967e-18
-6.38545e-18
-1.85244e-17
-3.14098e-17
-4.01985e-17
-5.02128e-17
-6.33811e-17
-4.01285e-17
1.52199e-16
6.85773e-16
2.34618e-15
1.09903e-14
2.03444e-14
1.9333e-14
4.8606e-15
2.29802e-15
4.76396e-16
-5.58145e-15
6.79777e-16
-1.60462e-14
)
;
    }
    procBoundary2to3
    {
        type            processor;
        value           nonuniform List<scalar> 
43
(
2.16257e-13
1.04763e-12
4.19761e-12
8.54826e-12
3.71212e-12
1.46435e-12
6.94056e-12
3.26854e-11
1.00106e-10
1.81238e-10
5.86651e-10
1.05812e-09
2.60454e-09
6.36475e-09
1.01603e-08
8.70083e-09
2.12676e-09
1.31581e-09
2.54677e-09
4.07511e-09
-9.95619e-10
-1.30475e-09
-2.56937e-10
-2.00311e-11
-1.05606e-12
-3.59287e-14
-1.92239e-15
-8.36126e-16
-1.74723e-16
-1.26581e-17
-6.40116e-19
-2.78693e-20
-1.07062e-21
-3.65297e-23
-1.10551e-24
-2.95141e-26
-6.89097e-28
-1.39515e-29
-2.3288e-31
-2.98954e-33
-2.59587e-35
-1.12948e-37
-5.66697e-41
)
;
    }
}


// ************************************************************************* //
