/*--------------------------------*- C++ -*----------------------------------*\
| =========                 |                                                 |
| \\      /  F ield         | OpenFOAM: The Open Source CFD Toolbox           |
|  \\    /   O peration     | Version:  3.0.1                                 |
|   \\  /    A nd           | Web:      www.OpenFOAM.org                      |
|    \\/     M anipulation  |                                                 |
\*---------------------------------------------------------------------------*/
FoamFile
{
    version     2.0;
    format      ascii;
    class       surfaceScalarField;
    location    "0.25";
    object      phi;
}
// * * * * * * * * * * * * * * * * * * * * * * * * * * * * * * * * * * * * * //

dimensions      [0 3 -1 0 0 0 0];

internalField   nonuniform List<scalar> 
3742
(
3.54157e-06
-0.000112709
3.71521e-06
-0.000110614
4.82584e-06
-0.000108169
6.60846e-06
-0.000105532
8.95026e-06
-0.000102682
1.21009e-05
-9.96197e-05
1.63674e-05
-9.65124e-05
2.18313e-05
-9.36045e-05
2.83799e-05
-9.10646e-05
3.57569e-05
-8.90426e-05
4.3754e-05
-8.76077e-05
5.21847e-05
-8.68224e-05
6.0912e-05
-8.6666e-05
6.98568e-05
-8.70486e-05
7.89924e-05
-8.78636e-05
8.83357e-05
-8.90091e-05
9.79353e-05
-9.03906e-05
0.000107859
-9.19242e-05
0.000118181
-9.3536e-05
0.000128982
-9.5156e-05
0.000140332
-9.67217e-05
0.000152268
-9.81074e-05
0.000164855
-9.92336e-05
0.000178191
-0.000100247
-0.000101251
2.15376e-06
-9.34171e-05
3.02481e-06
-0.0001036
4.17884e-06
-0.000102623
5.34459e-06
-0.000102892
6.44056e-06
-0.000103419
7.4515e-06
-0.000104057
8.36067e-06
-0.000104801
9.15009e-06
-0.000105639
9.80197e-06
-0.000106556
1.02984e-05
-0.000107533
1.06243e-05
-0.000108548
1.07747e-05
-0.000109579
1.07658e-05
-0.000110593
1.06308e-05
-0.000111544
1.0381e-05
-0.000112384
9.97319e-06
-0.000113092
9.33189e-06
-0.000113642
8.46327e-06
-0.000113966
7.55208e-06
-0.000113943
6.84207e-06
-0.000113453
6.56978e-06
-0.000112437
6.94264e-06
-0.000110987
8.00128e-06
-0.000109228
9.71745e-06
-0.000107248
1.21474e-05
-0.000105112
1.54317e-05
-0.000102904
1.96751e-05
-0.000100756
2.48484e-05
-9.87779e-05
3.08623e-05
-9.70785e-05
3.76021e-05
-9.57823e-05
4.49636e-05
-9.49692e-05
5.2825e-05
-9.46838e-05
6.10794e-05
-9.49204e-05
6.96637e-05
-9.56328e-05
7.85563e-05
-9.67562e-05
8.77693e-05
-9.82222e-05
9.73414e-05
-9.99627e-05
0.00010733
-0.000101913
0.000117808
-0.000104014
0.000128857
-0.000106205
0.00014056
-0.000108424
0.000152995
-0.000110543
0.000166344
-0.000112582
0.000180887
-0.00011479
-0.000117297
1.84702e-06
-9.52641e-05
2.65928e-06
-0.000104412
3.70495e-06
-0.000103668
4.74308e-06
-0.00010393
5.71664e-06
-0.000104393
6.61397e-06
-0.000104955
7.42183e-06
-0.000105609
8.12692e-06
-0.000106344
8.71687e-06
-0.000107146
9.18026e-06
-0.000107996
9.50691e-06
-0.000108875
9.69126e-06
-0.000109764
9.73933e-06
-0.000110641
9.67211e-06
-0.000111477
9.52074e-06
-0.000112232
9.29771e-06
-0.000112869
9.00147e-06
-0.000113346
8.64984e-06
-0.000113614
8.32106e-06
-0.000113614
8.15839e-06
-0.00011329
8.34798e-06
-0.000112627
9.01977e-06
-0.000111659
1.02518e-05
-0.00011046
1.21121e-05
-0.000109108
1.46756e-05
-0.000107675
1.80077e-05
-0.000106236
2.21074e-05
-0.000104855
2.69628e-05
-0.000103633
3.25469e-05
-0.000102663
3.88024e-05
-0.000102038
4.56598e-05
-0.000101827
5.30365e-05
-0.000102061
6.08628e-05
-0.000102747
6.90968e-05
-0.000103867
7.7726e-05
-0.000105385
8.67624e-05
-0.000107259
9.62404e-05
-0.000109441
0.000106214
-0.000111887
0.000116754
-0.000114554
0.000127948
-0.000117399
0.000139892
-0.000120369
0.000152739
-0.000123389
0.000166814
-0.000126657
0.000182686
-0.000130663
-0.000135565
1.57923e-06
-9.68434e-05
2.33187e-06
-0.000105165
3.27028e-06
-0.000104607
4.19184e-06
-0.000104852
5.05615e-06
-0.000105257
5.85392e-06
-0.000105752
6.57512e-06
-0.00010633
7.21003e-06
-0.000106979
7.75068e-06
-0.000107687
8.19091e-06
-0.000108436
8.526e-06
-0.00010921
8.75339e-06
-0.000109991
8.87585e-06
-0.000110763
8.90634e-06
-0.000111507
8.8695e-06
-0.000112196
8.79328e-06
-0.000112793
8.70779e-06
-0.00011326
8.65465e-06
-0.000113561
8.69993e-06
-0.000113659
8.94228e-06
-0.000113533
9.49117e-06
-0.000113176
1.0453e-05
-0.000112621
1.19123e-05
-0.000111919
1.39321e-05
-0.000111128
1.65584e-05
-0.000110302
1.98139e-05
-0.000109492
2.3725e-05
-0.000108766
2.8295e-05
-0.000108203
3.35205e-05
-0.000107888
3.93677e-05
-0.000107885
4.57884e-05
-0.000108247
5.27331e-05
-0.000109005
6.01613e-05
-0.000110175
6.8049e-05
-0.000111754
7.63916e-05
-0.000113728
8.52039e-05
-0.000116071
9.45194e-05
-0.000118756
0.000104389
-0.000121756
0.000114882
-0.000125047
0.000126085
-0.000128603
0.0001381
-0.000132383
0.000151131
-0.00013642
0.00016556
-0.000141086
0.000182084
-0.000147187
-0.000154736
1.3481e-06
-9.81915e-05
2.03761e-06
-0.000105854
2.87201e-06
-0.000105441
3.68651e-06
-0.000105666
4.45198e-06
-0.000106023
5.16092e-06
-0.000106461
5.80584e-06
-0.000106975
6.38018e-06
-0.000107554
6.87903e-06
-0.000108186
7.30002e-06
-0.000108857
7.64295e-06
-0.000109553
7.90975e-06
-0.000110258
8.1052e-06
-0.000110959
8.24009e-06
-0.000111642
8.33375e-06
-0.000112289
8.41422e-06
-0.000112873
8.51748e-06
-0.000113364
8.69018e-06
-0.000113734
8.9949e-06
-0.000113964
9.50589e-06
-0.000114044
1.03076e-05
-0.000113977
1.14768e-05
-0.00011379
1.30767e-05
-0.000113519
1.51539e-05
-0.000113205
1.7744e-05
-0.000112892
2.0883e-05
-0.000112631
2.4599e-05
-0.000112482
2.8911e-05
-0.000112515
3.38142e-05
-0.000112791
3.929e-05
-0.000113361
4.53117e-05
-0.000114269
5.18542e-05
-0.000115548
5.88971e-05
-0.000117218
6.64299e-05
-0.000119287
7.44562e-05
-0.000121754
8.29943e-05
-0.000124609
9.20773e-05
-0.000127839
0.000101754
-0.000131433
0.000112088
-0.000135381
0.00012316
-0.000139675
0.000135069
-0.000144292
0.000148029
-0.00014938
0.000162393
-0.000155451
0.000178621
-0.000163414
-0.000172499
1.149e-06
-9.93404e-05
1.77144e-06
-0.000106477
2.50625e-06
-0.000106176
3.22157e-06
-0.000106381
3.89617e-06
-0.000106697
4.52409e-06
-0.000107089
5.09993e-06
-0.000107551
5.61923e-06
-0.000108073
6.07959e-06
-0.000108646
6.48106e-06
-0.000109259
6.82627e-06
-0.000109898
7.12057e-06
-0.000110552
7.37169e-06
-0.00011121
7.59134e-06
-0.000111862
7.79752e-06
-0.000112495
8.01658e-06
-0.000113092
8.2827e-06
-0.00011363
8.63731e-06
-0.000114088
9.13092e-06
-0.000114457
9.82325e-06
-0.000114736
1.07785e-05
-0.000114932
1.2054e-05
-0.000115066
1.36989e-05
-0.000115164
1.57566e-05
-0.000115263
1.82685e-05
-0.000115404
2.12722e-05
-0.000115634
2.47951e-05
-0.000116005
2.88515e-05
-0.000116572
3.34427e-05
-0.000117382
3.85632e-05
-0.000118481
4.42031e-05
-0.000119909
5.03533e-05
-0.000121698
5.70078e-05
-0.000123872
6.41672e-05
-0.000126447
7.18418e-05
-0.000129429
8.00529e-05
-0.00013282
8.88335e-05
-0.00013662
9.82288e-05
-0.000140828
0.000108297
-0.000145449
0.000119107
-0.000150485
0.000130757
-0.000155942
0.000143442
-0.000162065
0.000157511
-0.00016952
0.000173036
-0.00017894
-0.000188344
9.76586e-07
-0.000100317
1.52899e-06
-0.000107029
2.16863e-06
-0.000106816
2.79106e-06
-0.000107004
3.38075e-06
-0.000107287
3.93295e-06
-0.000107641
4.44377e-06
-0.000108061
4.91065e-06
-0.00010854
5.33266e-06
-0.000109068
5.71139e-06
-0.000109638
6.0511e-06
-0.000110238
6.35878e-06
-0.00011086
6.64385e-06
-0.000111495
6.91875e-06
-0.000112137
7.20099e-06
-0.000112778
7.51521e-06
-0.000113407
7.8927e-06
-0.000114007
8.36947e-06
-0.000114565
8.98546e-06
-0.000115073
9.78546e-06
-0.000115536
1.08178e-05
-0.000115965
1.21306e-05
-0.000116378
1.3769e-05
-0.000116802
1.57756e-05
-0.000117269
1.81884e-05
-0.000117817
2.10396e-05
-0.000118485
2.43533e-05
-0.000119319
2.81452e-05
-0.000120364
3.242e-05
-0.000121657
3.71854e-05
-0.000123247
4.24437e-05
-0.000125167
4.81957e-05
-0.00012745
5.44467e-05
-0.000130123
6.12053e-05
-0.000133205
6.84874e-05
-0.000136711
7.63166e-05
-0.000140649
8.4726e-05
-0.000145029
9.37563e-05
-0.000149858
0.000103457
-0.00015515
0.000113886
-0.000160913
0.000125131
-0.000167187
0.000137361
-0.000174295
0.000150917
-0.000183075
0.00016558
-0.000193603
-0.000202645
8.25675e-07
-0.000101143
1.306e-06
-0.000107509
1.85465e-06
-0.000107364
2.38917e-06
-0.000107538
2.89812e-06
-0.000107796
3.37781e-06
-0.000108121
3.82556e-06
-0.000108509
4.23996e-06
-0.000108954
4.62139e-06
-0.000109449
4.97223e-06
-0.000109988
5.29746e-06
-0.000110563
5.60458e-06
-0.000111167
5.90345e-06
-0.000111794
6.20625e-06
-0.000112439
6.5291e-06
-0.000113101
6.89408e-06
-0.000113771
7.32949e-06
-0.000114443
7.86767e-06
-0.000115103
8.54261e-06
-0.000115748
9.38975e-06
-0.000116383
1.04469e-05
-0.000117022
1.17541e-05
-0.000117685
1.33506e-05
-0.000118399
1.52738e-05
-0.000119193
1.75563e-05
-0.000120099
2.0226e-05
-0.000121155
2.3305e-05
-0.000122398
2.681e-05
-0.000123869
3.07586e-05
-0.000125606
3.51588e-05
-0.000127647
4.00225e-05
-0.000130031
4.53583e-05
-0.000132786
5.11794e-05
-0.000135944
5.75025e-05
-0.000139528
6.43469e-05
-0.000143555
7.17394e-05
-0.000148042
7.97124e-05
-0.000153002
8.83019e-05
-0.000158448
9.75467e-05
-0.000164395
0.000107487
-0.000170853
0.000118188
-0.000177889
0.000129794
-0.000185901
0.000142522
-0.000195803
0.000156026
-0.000207107
-0.00021474
6.91715e-07
-0.000101834
1.0989e-06
-0.000107917
1.56013e-06
-0.000107826
2.0104e-06
-0.000107989
2.44137e-06
-0.000108227
2.85014e-06
-0.00010853
3.23486e-06
-0.000108894
3.59501e-06
-0.000109314
3.93169e-06
-0.000109786
4.24798e-06
-0.000110305
4.54884e-06
-0.000110864
4.84167e-06
-0.00011146
5.13608e-06
-0.000112088
5.44352e-06
-0.000112747
5.7781e-06
-0.000113435
6.15869e-06
-0.000114152
6.61005e-06
-0.000114894
7.16145e-06
-0.000115655
7.84369e-06
-0.000116431
8.68719e-06
-0.000117227
9.72237e-06
-0.000118057
1.09808e-05
-0.000118944
1.24942e-05
-0.000119912
1.42943e-05
-0.000120993
1.64078e-05
-0.000122213
1.88616e-05
-0.000123609
2.16787e-05
-0.000125215
2.48787e-05
-0.000127069
2.84765e-05
-0.000129204
3.24889e-05
-0.000131659
3.69326e-05
-0.000134474
4.18238e-05
-0.000137677
4.7182e-05
-0.000141303
5.30276e-05
-0.000145374
5.93865e-05
-0.000149914
6.62879e-05
-0.000154943
7.37657e-05
-0.00016048
8.18533e-05
-0.000166535
9.05782e-05
-0.00017312
9.99619e-05
-0.000180237
0.000110036
-0.000187963
0.000120899
-0.000196764
0.000132566
-0.000207469
0.000144618
-0.000219159
-0.000223853
5.7085e-07
-0.000102405
9.04644e-07
-0.00010825
1.28129e-06
-0.000108202
1.65002e-06
-0.000108357
2.00451e-06
-0.000108581
2.34258e-06
-0.000108868
2.66302e-06
-0.000109214
2.96595e-06
-0.000109617
3.25299e-06
-0.000110073
3.52649e-06
-0.000110578
3.79219e-06
-0.00011113
4.05692e-06
-0.000111725
4.32952e-06
-0.000112361
4.62051e-06
-0.000113038
4.94223e-06
-0.000113757
5.31025e-06
-0.00011452
5.74508e-06
-0.000115329
6.27214e-06
-0.000116182
6.91927e-06
-0.000117078
7.7136e-06
-0.000118021
8.68069e-06
-0.000119024
9.84509e-06
-0.000120108
1.12325e-05
-0.0001213
1.28682e-05
-0.000122628
1.47779e-05
-0.000124122
1.69835e-05
-0.000125815
1.95076e-05
-0.000127739
2.23695e-05
-0.00012993
2.55894e-05
-0.000132423
2.91859e-05
-0.000135256
3.31772e-05
-0.000138466
3.75857e-05
-0.000142085
4.24359e-05
-0.000146153
4.77552e-05
-0.000150693
5.35759e-05
-0.000155735
5.99313e-05
-0.000161299
6.68611e-05
-0.00016741
7.4401e-05
-0.000174075
8.25795e-05
-0.000181299
9.14061e-05
-0.000189063
0.000100887
-0.000197443
0.000111058
-0.000206935
0.000121783
-0.000218195
0.00013237
-0.000229746
-0.000230321
4.5992e-07
-0.000102865
7.20623e-07
-0.000108511
1.0152e-06
-0.000108497
1.30388e-06
-0.000108646
1.58243e-06
-0.00010886
1.84912e-06
-0.000109135
2.10307e-06
-0.000109468
2.34462e-06
-0.000109859
2.57525e-06
-0.000110304
2.79837e-06
-0.000110801
3.01822e-06
-0.00011135
3.24119e-06
-0.000111948
3.47526e-06
-0.000112595
3.72989e-06
-0.000113292
4.01588e-06
-0.000114043
4.34598e-06
-0.00011485
4.73638e-06
-0.000115719
5.2077e-06
-0.000116653
5.78402e-06
-0.000117654
6.48994e-06
-0.000118727
7.34729e-06
-0.000119882
8.37678e-06
-0.000121138
9.59863e-06
-0.000122521
1.1034e-05
-0.000124064
1.27035e-05
-0.000125792
1.46276e-05
-0.000127739
1.68266e-05
-0.000129938
1.9318e-05
-0.000132422
2.2124e-05
-0.000135229
2.52639e-05
-0.000138396
2.87615e-05
-0.000141963
3.26417e-05
-0.000145966
3.69317e-05
-0.000150443
4.16653e-05
-0.000155427
4.68827e-05
-0.000160952
5.26283e-05
-0.000167044
5.89492e-05
-0.000173731
6.58969e-05
-0.000181023
7.35189e-05
-0.000188921
8.18396e-05
-0.000197384
9.08776e-05
-0.000206481
0.000100659
-0.000216717
0.000111033
-0.000228568
0.000120725
-0.000239438
-0.000235577
3.56666e-07
-0.000103222
5.44298e-07
-0.000108699
7.5815e-07
-0.000108711
9.68233e-07
-0.000108856
1.17093e-06
-0.000109063
1.36495e-06
-0.000109329
1.54968e-06
-0.000109653
1.72553e-06
-0.000110035
1.89399e-06
-0.000110472
2.05784e-06
-0.000110965
2.22112e-06
-0.000111513
2.38921e-06
-0.000112116
2.56902e-06
-0.000112775
2.76873e-06
-0.000113492
2.9976e-06
-0.000114272
3.26606e-06
-0.000115119
3.5866e-06
-0.00011604
3.97504e-06
-0.000117041
4.45126e-06
-0.00011813
5.03523e-06
-0.000119311
5.74802e-06
-0.000120594
6.60743e-06
-0.000121997
7.63035e-06
-0.000123544
8.82801e-06
-0.000125261
1.02223e-05
-0.000127186
1.183e-05
-0.000129346
1.36672e-05
-0.000131775
1.5755e-05
-0.00013451
1.81088e-05
-0.000137583
2.07542e-05
-0.000141041
2.37051e-05
-0.000144914
2.69977e-05
-0.000149258
3.06632e-05
-0.000154108
3.47411e-05
-0.000159505
3.92774e-05
-0.000165489
4.43235e-05
-0.00017209
4.99496e-05
-0.000179357
5.62296e-05
-0.000187303
6.32432e-05
-0.000195934
7.10718e-05
-0.000205213
7.97985e-05
-0.000215208
8.95626e-05
-0.000226481
0.000100369
-0.000239375
0.0001107
-0.000249769
-0.000242125
2.59231e-07
-0.000103481
3.74008e-07
-0.000108813
5.08499e-07
-0.000108845
6.40238e-07
-0.000108988
7.6657e-07
-0.000109189
8.86262e-07
-0.000109448
9.98805e-07
-0.000109766
1.1045e-06
-0.00011014
1.20458e-06
-0.000110572
1.30134e-06
-0.000111062
1.39802e-06
-0.00011161
1.49916e-06
-0.000112217
1.61039e-06
-0.000112886
1.73845e-06
-0.00011362
1.89097e-06
-0.000114424
2.07639e-06
-0.000115304
2.3042e-06
-0.000116268
2.58599e-06
-0.000117323
2.93612e-06
-0.00011848
3.37203e-06
-0.000119747
3.91075e-06
-0.000121133
4.56775e-06
-0.000122654
5.35532e-06
-0.000124332
6.28789e-06
-0.000126194
7.37556e-06
-0.000128274
8.63395e-06
-0.000130605
1.00763e-05
-0.000133218
1.17183e-05
-0.000136152
1.35789e-05
-0.000139444
1.56736e-05
-0.000143136
1.80309e-05
-0.000147271
2.06742e-05
-0.000151901
2.36388e-05
-0.000157073
2.69692e-05
-0.000162835
3.07157e-05
-0.000169235
3.495e-05
-0.000176325
3.97522e-05
-0.000184159
4.52273e-05
-0.000192778
5.14968e-05
-0.000202204
5.87013e-05
-0.000212417
6.7048e-05
-0.000223555
7.68258e-05
-0.000236259
8.82768e-05
-0.000250826
0.000100373
-0.000261865
-0.000252309
1.66142e-07
-0.000103647
2.08107e-07
-0.000108855
2.63943e-07
-0.000108901
3.17495e-07
-0.000109041
3.66733e-07
-0.000109238
4.10375e-07
-0.000109492
4.47828e-07
-0.000109803
4.79169e-07
-0.000110172
5.05253e-07
-0.000110598
5.27664e-07
-0.000111084
5.48748e-07
-0.000111631
5.7216e-07
-0.00011224
6.02198e-07
-0.000112916
6.44025e-07
-0.000113662
7.03563e-07
-0.000114484
7.87327e-07
-0.000115388
9.02421e-07
-0.000116383
1.05708e-06
-0.000117478
1.26009e-06
-0.000118683
1.52518e-06
-0.000120012
1.86592e-06
-0.000121474
2.29507e-06
-0.000123083
2.82312e-06
-0.00012486
3.45968e-06
-0.00012683
4.21149e-06
-0.000129026
5.08854e-06
-0.000131482
6.10066e-06
-0.00013423
7.26452e-06
-0.000137315
8.58805e-06
-0.000140767
1.0088e-05
-0.000144636
1.17876e-05
-0.000148971
1.3711e-05
-0.000153825
1.58865e-05
-0.000159248
1.83647e-05
-0.000165313
2.11999e-05
-0.000172071
2.4469e-05
-0.000179594
2.82611e-05
-0.000187951
3.27069e-05
-0.000197224
3.79888e-05
-0.000207486
4.42942e-05
-0.000218723
5.18888e-05
-0.000231149
6.12401e-05
-0.000245611
7.27595e-05
-0.000262345
8.6089e-05
-0.000275195
-0.000265377
7.65801e-08
-0.000103724
4.5451e-08
-0.000108824
2.305e-08
-0.000108879
-1.62235e-09
-0.000109017
-3.02715e-08
-0.000109209
-6.43421e-08
-0.000109458
-1.04678e-07
-0.000109763
-1.51574e-07
-0.000110125
-2.04748e-07
-0.000110545
-2.63196e-07
-0.000111026
-3.25206e-07
-0.000111569
-3.88609e-07
-0.000112177
-4.50414e-07
-0.000112854
-5.07027e-07
-0.000113605
-5.54313e-07
-0.000114437
-5.87736e-07
-0.000115354
-6.02537e-07
-0.000116368
-5.93747e-07
-0.000117487
-5.54549e-07
-0.000118723
-4.77821e-07
-0.000120089
-3.53958e-07
-0.000121598
-1.73211e-07
-0.000123264
7.2662e-08
-0.000125106
3.8987e-07
-0.000127148
7.83881e-07
-0.00012942
1.25476e-06
-0.000131953
1.81379e-06
-0.000134789
2.45567e-06
-0.000137957
3.20013e-06
-0.000141512
4.0577e-06
-0.000145494
5.04198e-06
-0.000149955
6.17248e-06
-0.000154955
7.47832e-06
-0.000160554
8.98713e-06
-0.000166822
1.07631e-05
-0.000173846
1.28798e-05
-0.00018171
1.54415e-05
-0.000190513
1.85801e-05
-0.000200362
2.2494e-05
-0.0002114
2.74333e-05
-0.000223662
3.3763e-05
-0.000237479
4.18827e-05
-0.00025373
5.24589e-05
-0.000272922
6.5574e-05
-0.00028831
-0.000279517
-9.15303e-09
-0.000103715
-1.14513e-07
-0.000108719
-2.14921e-07
-0.000108778
-3.17808e-07
-0.000108914
-4.24987e-07
-0.000109102
-5.38116e-07
-0.000109345
-6.58393e-07
-0.000109642
-7.86564e-07
-0.000109997
-9.22936e-07
-0.000110409
-1.0673e-06
-0.000110882
-1.21894e-06
-0.000111417
-1.37674e-06
-0.000112019
-1.53907e-06
-0.000112692
-1.70395e-06
-0.000113441
-1.86906e-06
-0.000114271
-2.03184e-06
-0.000115192
-2.18966e-06
-0.00011621
-2.33992e-06
-0.000117336
-2.4797e-06
-0.000118583
-2.6056e-06
-0.000119963
-2.71279e-06
-0.00012149
-2.7957e-06
-0.000123181
-2.84953e-06
-0.000125052
-2.87179e-06
-0.000127125
-2.86245e-06
-0.000129429
-2.82006e-06
-0.000131995
-2.74834e-06
-0.000134861
-2.64176e-06
-0.000138064
-2.50322e-06
-0.00014165
-2.32858e-06
-0.000145668
-2.11204e-06
-0.000150172
-1.84393e-06
-0.000155223
-1.50583e-06
-0.000160892
-1.06855e-06
-0.000167259
-4.93668e-07
-0.000174421
2.848e-07
-0.000182489
1.36754e-06
-0.000191596
2.90082e-06
-0.000201896
4.97924e-06
-0.000213478
7.95277e-06
-0.000226635
1.21767e-05
-0.000241703
1.81997e-05
-0.000259753
2.65983e-05
-0.00028132
3.81512e-05
-0.000299863
-0.00029375
-9.08861e-08
-0.000103624
-2.72061e-07
-0.000108538
-4.49837e-07
-0.0001086
-6.30753e-07
-0.000108733
-8.16811e-07
-0.000108916
-1.00993e-06
-0.000109152
-1.21173e-06
-0.000109441
-1.4235e-06
-0.000109785
-1.6462e-06
-0.000110186
-1.88044e-06
-0.000110647
-2.12649e-06
-0.000111171
-2.38435e-06
-0.000111761
-2.65376e-06
-0.000112422
-2.93429e-06
-0.00011316
-3.2254e-06
-0.00011398
-3.52652e-06
-0.000114891
-3.83714e-06
-0.000115899
-4.15699e-06
-0.000117017
-4.48608e-06
-0.000118254
-4.82458e-06
-0.000119624
-5.17214e-06
-0.000121143
-5.5278e-06
-0.000122825
-5.89078e-06
-0.000124689
-6.26198e-06
-0.000126754
-6.64483e-06
-0.000129046
-7.04462e-06
-0.000131595
-7.46847e-06
-0.000134437
-7.92257e-06
-0.00013761
-8.41467e-06
-0.000141158
-8.95142e-06
-0.000145131
-9.53856e-06
-0.000149585
-1.01797e-05
-0.000154582
-1.08743e-05
-0.000160198
-1.16147e-05
-0.000166519
-1.23845e-05
-0.000173652
-1.31502e-05
-0.000181723
-1.38561e-05
-0.00019089
-1.44139e-05
-0.000201338
-1.46127e-05
-0.000213279
-1.4255e-05
-0.000226993
-1.29989e-05
-0.000242959
-1.03983e-05
-0.000262354
-5.58346e-06
-0.000286135
3.12059e-06
-0.000308567
-0.000307789
-1.69498e-07
-0.000103454
-4.26481e-07
-0.000108281
-6.80803e-07
-0.000108346
-9.39235e-07
-0.000108475
-1.20407e-06
-0.000108651
-1.47753e-06
-0.000108878
-1.76173e-06
-0.000109156
-2.05852e-06
-0.000109488
-2.36954e-06
-0.000109875
-2.69623e-06
-0.000110321
-3.03986e-06
-0.000110827
-3.40156e-06
-0.0001114
-3.78237e-06
-0.000112042
-4.1834e-06
-0.000112759
-4.60582e-06
-0.000113558
-5.05098e-06
-0.000114445
-5.52047e-06
-0.00011543
-6.01627e-06
-0.000116521
-6.54097e-06
-0.000117729
-7.09781e-06
-0.000119067
-7.69043e-06
-0.00012055
-8.32246e-06
-0.000122193
-8.9977e-06
-0.000124014
-9.7212e-06
-0.000126031
-1.05005e-05
-0.000128267
-1.13461e-05
-0.00013075
-1.22711e-05
-0.000133512
-1.32905e-05
-0.000136591
-1.44208e-05
-0.000140028
-1.568e-05
-0.000143872
-1.70877e-05
-0.000148177
-1.86645e-05
-0.000153005
-2.04311e-05
-0.000158431
-2.24074e-05
-0.000164543
-2.46103e-05
-0.000171449
-2.70502e-05
-0.000179283
-2.97251e-05
-0.000188215
-3.26078e-05
-0.000198455
-3.5619e-05
-0.000210268
-3.86235e-05
-0.000223989
-4.14227e-05
-0.00024016
-4.37731e-05
-0.000260003
-4.4877e-05
-0.000285031
-4.20217e-05
-0.000311422
-0.000319426
-2.45592e-07
-0.000103209
-5.76816e-07
-0.00010795
-9.06403e-07
-0.000108017
-1.24132e-06
-0.00010814
-1.5842e-06
-0.000108309
-1.93764e-06
-0.000108525
-2.30423e-06
-0.00010879
-2.6864e-06
-0.000109106
-3.08649e-06
-0.000109475
-3.50676e-06
-0.0001099
-3.94944e-06
-0.000110385
-4.41676e-06
-0.000110932
-4.91107e-06
-0.000111547
-5.43489e-06
-0.000112235
-5.99103e-06
-0.000113002
-6.58264e-06
-0.000113854
-7.21332e-06
-0.000114799
-7.88726e-06
-0.000115847
-8.60939e-06
-0.000117007
-9.38568e-06
-0.000118291
-1.02231e-05
-0.000119713
-1.11295e-05
-0.000121287
-1.21134e-05
-0.00012303
-1.31844e-05
-0.00012496
-1.43546e-05
-0.000127097
-1.56395e-05
-0.000129465
-1.70583e-05
-0.000132093
-1.86338e-05
-0.000135015
-2.03924e-05
-0.00013827
-2.23642e-05
-0.0001419
-2.45833e-05
-0.000145958
-2.7089e-05
-0.0001505
-2.99259e-05
-0.000155594
-3.31449e-05
-0.000161324
-3.6804e-05
-0.00016779
-4.09683e-05
-0.000175119
-4.57101e-05
-0.000183473
-5.11064e-05
-0.000193059
-5.72287e-05
-0.000204146
-6.41332e-05
-0.000217084
-7.18905e-05
-0.000232403
-8.06897e-05
-0.000251204
-9.03993e-05
-0.000275321
-9.82037e-05
-0.000303618
-0.000321667
-3.18934e-07
-0.00010289
-7.22137e-07
-0.000107546
-1.125e-06
-0.000107614
-1.53465e-06
-0.00010773
-1.95405e-06
-0.000107889
-2.38622e-06
-0.000108093
-2.83416e-06
-0.000108342
-3.30091e-06
-0.000108639
-3.78946e-06
-0.000108987
-4.30288e-06
-0.000109387
-4.84431e-06
-0.000109843
-5.41705e-06
-0.000110359
-6.02465e-06
-0.00011094
-6.67098e-06
-0.000111589
-7.36034e-06
-0.000112312
-8.09756e-06
-0.000113117
-8.8881e-06
-0.000114009
-9.73818e-06
-0.000114997
-1.0655e-05
-0.00011609
-1.16469e-05
-0.000117299
-1.27237e-05
-0.000118636
-1.38968e-05
-0.000120114
-1.51789e-05
-0.000121748
-1.65845e-05
-0.000123554
-1.81301e-05
-0.000125551
-1.98363e-05
-0.000127759
-2.17277e-05
-0.000130202
-2.38345e-05
-0.000132908
-2.61921e-05
-0.000135912
-2.8842e-05
-0.000139251
-3.18326e-05
-0.000142967
-3.52211e-05
-0.000147111
-3.90753e-05
-0.00015174
-4.34766e-05
-0.000156922
-4.8524e-05
-0.000162742
-5.43387e-05
-0.000169304
-6.10715e-05
-0.00017674
-6.89124e-05
-0.000185218
-7.81011e-05
-0.000194957
-8.89411e-05
-0.000206244
-0.00010186
-0.000219484
-0.00011762
-0.000235444
-0.000137261
-0.00025568
-0.000159735
-0.000281144
-0.00030473
-3.89148e-07
-0.000102501
-8.61454e-07
-0.000107074
-1.33484e-06
-0.00010714
-1.81665e-06
-0.000107248
-2.31016e-06
-0.000107396
-2.81873e-06
-0.000107584
-3.34586e-06
-0.000107815
-3.89508e-06
-0.00010809
-4.47004e-06
-0.000108412
-5.07456e-06
-0.000108782
-5.71263e-06
-0.000109205
-6.38854e-06
-0.000109684
-7.10694e-06
-0.000110221
-7.87294e-06
-0.000110823
-8.69218e-06
-0.000111493
-9.57099e-06
-0.000112238
-1.05165e-05
-0.000113063
-1.15367e-05
-0.000113977
-1.26408e-05
-0.000114986
-1.38395e-05
-0.000116101
-1.51448e-05
-0.000117331
-1.65711e-05
-0.000118688
-1.81345e-05
-0.000120184
-1.98537e-05
-0.000121835
-2.17498e-05
-0.000123655
-2.38477e-05
-0.000125661
-2.61771e-05
-0.000127872
-2.8774e-05
-0.000130311
-3.16814e-05
-0.000133005
-3.49503e-05
-0.000135982
-3.86412e-05
-0.000139276
-4.28259e-05
-0.000142927
-4.75913e-05
-0.000146975
-5.30437e-05
-0.00015147
-5.93148e-05
-0.000156471
-6.65704e-05
-0.000162049
-7.5023e-05
-0.000168288
-8.49508e-05
-0.00017529
-9.67243e-05
-0.000183184
-0.000110847
-0.000192122
-0.000128036
-0.000202295
-0.000149482
-0.000213998
-0.000177282
-0.00022788
-0.000213535
-0.000244892
-0.000263441
-4.55858e-07
-0.000102045
-9.9376e-07
-0.000106536
-1.53417e-06
-0.0001066
-2.08468e-06
-0.000106698
-2.64884e-06
-0.000106831
-3.23042e-06
-0.000107002
-3.8333e-06
-0.000107212
-4.46154e-06
-0.000107462
-5.11937e-06
-0.000107754
-5.81127e-06
-0.00010809
-6.54204e-06
-0.000108474
-7.31685e-06
-0.000108909
-8.14132e-06
-0.000109397
-9.02164e-06
-0.000109943
-9.96464e-06
-0.00011055
-1.09779e-05
-0.000111224
-1.20701e-05
-0.000111971
-1.32506e-05
-0.000112796
-1.45306e-05
-0.000113706
-1.59223e-05
-0.000114709
-1.744e-05
-0.000115813
-1.91002e-05
-0.000117027
-2.09218e-05
-0.000118363
-2.29266e-05
-0.00011983
-2.51394e-05
-0.000121442
-2.75891e-05
-0.000123211
-3.03091e-05
-0.000125152
-3.334e-05
-0.000127281
-3.67299e-05
-0.000129615
-4.05364e-05
-0.000132175
-4.48282e-05
-0.000134985
-4.9687e-05
-0.000138068
-5.52118e-05
-0.00014145
-6.15238e-05
-0.000145158
-6.87733e-05
-0.000149222
-7.71496e-05
-0.000153672
-8.68953e-05
-0.000158542
-9.83262e-05
-0.000163859
-0.000111862
-0.000169648
-0.00012807
-0.000175913
-0.000147741
-0.000182624
-0.000172063
-0.000189676
-0.000203076
-0.000196867
-0.000244072
-0.000203896
-0.000209916
-5.1867e-07
-0.000101526
-1.11801e-06
-0.000105937
-1.72115e-06
-0.000105997
-2.33599e-06
-0.000106083
-2.96634e-06
-0.000106201
-3.61637e-06
-0.000106352
-4.29032e-06
-0.000106538
-4.99273e-06
-0.000106759
-5.72836e-06
-0.000107018
-6.5023e-06
-0.000107316
-7.32002e-06
-0.000107657
-8.18747e-06
-0.000108041
-9.11111e-06
-0.000108473
-1.0098e-05
-0.000108956
-1.11561e-05
-0.000109492
-1.22939e-05
-0.000110087
-1.35212e-05
-0.000110744
-1.48488e-05
-0.000111468
-1.62891e-05
-0.000112266
-1.78559e-05
-0.000113142
-1.95651e-05
-0.000114104
-2.14347e-05
-0.000115158
-2.34855e-05
-0.000116312
-2.57416e-05
-0.000117574
-2.82303e-05
-0.000118953
-3.09829e-05
-0.000120458
-3.40361e-05
-0.000122099
-3.74325e-05
-0.000123884
-4.12231e-05
-0.000125824
-4.54687e-05
-0.00012793
-5.02413e-05
-0.000130212
-5.56267e-05
-0.000132682
-6.17277e-05
-0.000135349
-6.8669e-05
-0.000138217
-7.66033e-05
-0.000141287
-8.57201e-05
-0.000144556
-9.62573e-05
-0.000148005
-0.000108517
-0.0001516
-0.000122885
-0.00015528
-0.000139866
-0.000158933
-0.000160116
-0.000162373
-0.000184508
-0.000165284
-0.000214237
-0.000167138
-0.000251055
-0.000167077
-0.00016364
-5.77124e-07
-0.000100949
-1.23304e-06
-0.000105281
-1.89385e-06
-0.000105336
-2.56771e-06
-0.000105409
-3.25878e-06
-0.00010551
-3.97156e-06
-0.00010564
-4.71068e-06
-0.000105799
-5.48107e-06
-0.000105989
-6.28799e-06
-0.000106211
-7.13703e-06
-0.000106467
-8.03427e-06
-0.000106759
-8.98625e-06
-0.000107089
-1.00001e-05
-0.000107459
-1.10837e-05
-0.000107872
-1.22456e-05
-0.00010833
-1.34954e-05
-0.000108837
-1.48435e-05
-0.000109396
-1.63019e-05
-0.00011001
-1.78837e-05
-0.000110684
-1.9604e-05
-0.000111422
-2.14795e-05
-0.000112228
-2.35296e-05
-0.000113108
-2.5776e-05
-0.000114065
-2.82439e-05
-0.000115106
-3.09618e-05
-0.000116235
-3.39626e-05
-0.000117458
-3.72838e-05
-0.000118778
-4.0969e-05
-0.000120199
-4.50692e-05
-0.000121724
-4.96447e-05
-0.000123354
-5.47664e-05
-0.00012509
-6.05182e-05
-0.000126931
-6.69991e-05
-0.000128868
-7.43266e-05
-0.000130889
-8.2642e-05
-0.000132972
-9.21156e-05
-0.000135082
-0.000102954
-0.000137166
-0.00011541
-0.000139145
-0.000129787
-0.000140902
-0.000146458
-0.000142262
-0.000165866
-0.000142966
-0.000188526
-0.000142624
-0.000214998
-0.000140666
-0.000245805
-0.00013627
-0.000128213
-6.30644e-07
-0.000100318
-1.33753e-06
-0.000104574
-2.05009e-06
-0.000104623
-2.77679e-06
-0.000104682
-3.52214e-06
-0.000104765
-4.29093e-06
-0.000104871
-5.08815e-06
-0.000105002
-5.91911e-06
-0.000105158
-6.78946e-06
-0.000105341
-7.70524e-06
-0.000105552
-8.67296e-06
-0.000105792
-9.69969e-06
-0.000106063
-1.07931e-05
-0.000106366
-1.19614e-05
-0.000106704
-1.3214e-05
-0.000107078
-1.45608e-05
-0.00010749
-1.60131e-05
-0.000107943
-1.75832e-05
-0.00010844
-1.9285e-05
-0.000108982
-2.11341e-05
-0.000109573
-2.31478e-05
-0.000110214
-2.53458e-05
-0.00011091
-2.77505e-05
-0.000111661
-3.03869e-05
-0.00011247
-3.32838e-05
-0.000113338
-3.64739e-05
-0.000114268
-3.99943e-05
-0.000115257
-4.38874e-05
-0.000116306
-4.82022e-05
-0.000117409
-5.29952e-05
-0.000118561
-5.83327e-05
-0.000119753
-6.42914e-05
-0.000120972
-7.09603e-05
-0.000122199
-7.84424e-05
-0.000123407
-8.68574e-05
-0.000124557
-9.6345e-05
-0.000125594
-0.000107067
-0.000126444
-0.000119208
-0.000127004
-0.000132979
-0.000127131
-0.00014861
-0.000126631
-0.000166339
-0.000125237
-0.000186383
-0.00012258
-0.000208883
-0.000118166
-0.000233809
-0.000111345
-0.00010126
-6.78516e-07
-9.96398e-05
-1.42994e-06
-0.000103822
-2.18751e-06
-0.000103866
-2.96001e-06
-0.00010391
-3.75225e-06
-0.000103972
-4.56934e-06
-0.000104054
-5.41658e-06
-0.000104154
-6.2996e-06
-0.000104275
-7.22435e-06
-0.000104416
-8.19722e-06
-0.000104579
-9.22506e-06
-0.000104764
-1.03153e-05
-0.000104972
-1.14758e-05
-0.000105205
-1.27155e-05
-0.000105464
-1.40437e-05
-0.000105749
-1.54709e-05
-0.000106063
-1.70085e-05
-0.000106406
-1.86694e-05
-0.000106779
-2.04675e-05
-0.000107184
-2.24185e-05
-0.000107622
-2.45399e-05
-0.000108093
-2.68512e-05
-0.000108598
-2.93744e-05
-0.000109138
-3.2134e-05
-0.00010971
-3.51579e-05
-0.000110315
-3.84772e-05
-0.000110948
-4.21272e-05
-0.000111607
-4.61477e-05
-0.000112285
-5.05833e-05
-0.000112973
-5.54852e-05
-0.000113659
-6.09115e-05
-0.000114327
-6.69287e-05
-0.000114955
-7.36118e-05
-0.000115516
-8.10449e-05
-0.000115974
-8.93219e-05
-0.00011628
-9.8547e-05
-0.000116369
-0.000108834
-0.000116157
-0.000120302
-0.000115535
-0.000133074
-0.000114359
-0.000147261
-0.000112444
-0.000162945
-0.000109553
-0.000180146
-0.000105379
-0.000198766
-9.95451e-05
-0.000218516
-9.1595e-05
-8.09945e-05
-7.19919e-07
-9.89199e-05
-1.50859e-06
-0.000103034
-2.30359e-06
-0.000103071
-3.11398e-06
-0.000103099
-3.94492e-06
-0.000103141
-4.80173e-06
-0.000103197
-5.69002e-06
-0.000103266
-6.61563e-06
-0.000103349
-7.58476e-06
-0.000103447
-8.60401e-06
-0.00010356
-9.68044e-06
-0.000103687
-1.08216e-05
-0.000103831
-1.20358e-05
-0.000103991
-1.33318e-05
-0.000104168
-1.47193e-05
-0.000104362
-1.62087e-05
-0.000104573
-1.78117e-05
-0.000104803
-1.95408e-05
-0.00010505
-2.141e-05
-0.000105315
-2.34347e-05
-0.000105597
-2.5632e-05
-0.000105896
-2.80208e-05
-0.000106209
-3.0622e-05
-0.000106536
-3.34591e-05
-0.000106873
-3.65579e-05
-0.000107216
-3.99473e-05
-0.000107559
-4.36596e-05
-0.000107895
-4.77304e-05
-0.000108215
-5.21992e-05
-0.000108505
-5.71099e-05
-0.000108749
-6.25111e-05
-0.000108925
-6.84573e-05
-0.000109009
-7.50077e-05
-0.000108966
-8.22263e-05
-0.000108755
-9.01809e-05
-0.000108325
-9.89416e-05
-0.000107609
-0.000108578
-0.000106521
-0.000119154
-0.000104959
-0.000130721
-0.000102791
-0.000143307
-9.98589e-05
-0.000156891
-9.59682e-05
-0.000171384
-9.08869e-05
-0.000186581
-8.43473e-05
-0.000202122
-7.60548e-05
-6.57043e-05
-7.54015e-07
-9.81658e-05
-1.57176e-06
-0.000102216
-2.39573e-06
-0.000102247
-3.23534e-06
-0.00010226
-4.09598e-06
-0.000102281
-4.9832e-06
-0.00010231
-5.90279e-06
-0.000102347
-6.86075e-06
-0.000102391
-7.86341e-06
-0.000102444
-8.91748e-06
-0.000102505
-1.00301e-05
-0.000102575
-1.12089e-05
-0.000102652
-1.24621e-05
-0.000102738
-1.37986e-05
-0.000102831
-1.5228e-05
-0.000102933
-1.67605e-05
-0.000103041
-1.84076e-05
-0.000103156
-2.01817e-05
-0.000103276
-2.20961e-05
-0.0001034
-2.41658e-05
-0.000103527
-2.64069e-05
-0.000103655
-2.88373e-05
-0.000103779
-3.14765e-05
-0.000103897
-3.43461e-05
-0.000104003
-3.74697e-05
-0.000104092
-4.08731e-05
-0.000104155
-4.45848e-05
-0.000104183
-4.86356e-05
-0.000104164
-5.30589e-05
-0.000104081
-5.78907e-05
-0.000103917
-6.31698e-05
-0.000103646
-6.89381e-05
-0.00010324
-7.52391e-05
-0.000102664
-8.2118e-05
-0.000101877
-8.96187e-05
-0.000100825
-9.77821e-05
-9.94453e-05
-0.000106642
-9.76615e-05
-0.00011622
-9.53804e-05
-0.000126519
-9.24923e-05
-0.00013751
-8.88683e-05
-0.000149118
-8.43603e-05
-0.000161203
-7.88022e-05
-0.000173533
-7.20165e-05
-0.000185763
-6.3825e-05
-5.40677e-05
-7.80055e-07
-9.73858e-05
-1.61779e-06
-0.000101378
-2.46145e-06
-0.000101403
-3.32084e-06
-0.0001014
-4.20153e-06
-0.0001014
-5.10921e-06
-0.000101402
-6.04975e-06
-0.000101406
-7.02919e-06
-0.000101412
-8.05391e-06
-0.00010142
-9.13058e-06
-0.000101429
-1.02663e-05
-0.000101439
-1.14687e-05
-0.00010145
-1.27457e-05
-0.000101461
-1.41062e-05
-0.000101471
-1.55593e-05
-0.000101479
-1.71153e-05
-0.000101485
-1.87851e-05
-0.000101486
-2.05804e-05
-0.000101481
-2.2514e-05
-0.000101467
-2.45999e-05
-0.000101441
-2.68532e-05
-0.000101401
-2.92904e-05
-0.000101342
-3.19292e-05
-0.000101258
-3.47889e-05
-0.000101144
-3.78904e-05
-0.000100991
-4.12562e-05
-0.00010079
-4.49104e-05
-0.000100529
-4.88789e-05
-0.000100195
-5.31888e-05
-9.97716e-05
-5.78683e-05
-9.92374e-05
-6.29466e-05
-9.85678e-05
-6.84537e-05
-9.77333e-05
-7.44192e-05
-9.6699e-05
-8.08714e-05
-9.54243e-05
-8.78347e-05
-9.38614e-05
-9.53266e-05
-9.19534e-05
-0.000103355
-8.96334e-05
-0.000111911
-8.68238e-05
-0.000120968
-8.34361e-05
-0.000130464
-7.93715e-05
-0.000140302
-7.45226e-05
-0.000150328
-6.87765e-05
-0.000160322
-6.2022e-05
-0.00016999
-5.41576e-05
-4.51104e-05
-7.97416e-07
-9.65883e-05
-1.64522e-06
-0.00010053
-2.49844e-06
-0.00010055
-3.36757e-06
-0.000100531
-4.25811e-06
-0.00010051
-5.17583e-06
-0.000100484
-6.12649e-06
-0.000100455
-7.11611e-06
-0.000100422
-8.15093e-06
-0.000100385
-9.23752e-06
-0.000100342
-1.03828e-05
-0.000100294
-1.15941e-05
-0.000100239
-1.28794e-05
-0.000100176
-1.42469e-05
-0.000100104
-1.57057e-05
-0.000100021
-1.72653e-05
-9.99253e-05
-1.89361e-05
-9.98151e-05
-2.07292e-05
-9.96876e-05
-2.26564e-05
-9.95395e-05
-2.47308e-05
-9.93672e-05
-2.69659e-05
-9.91662e-05
-2.93767e-05
-9.89312e-05
-3.19789e-05
-9.8656e-05
-3.47894e-05
-9.83332e-05
-3.78262e-05
-9.79539e-05
-4.11082e-05
-9.75076e-05
-4.46554e-05
-9.69819e-05
-4.84884e-05
-9.63623e-05
-5.26285e-05
-9.56315e-05
-5.70967e-05
-9.47692e-05
-6.19135e-05
-9.3751e-05
-6.70985e-05
-9.25483e-05
-7.26693e-05
-9.11281e-05
-7.86405e-05
-8.94531e-05
-8.50213e-05
-8.74806e-05
-9.18126e-05
-8.51621e-05
-9.90037e-05
-8.24423e-05
-0.000106569
-7.92587e-05
-0.000114462
-7.55433e-05
-0.00012261
-7.12232e-05
-0.000130909
-6.62235e-05
-0.000139214
-6.04717e-05
-0.000147333
-5.39023e-05
-0.000155028
-4.6463e-05
-3.81299e-05
-8.0535e-07
-9.5783e-05
-1.65259e-06
-9.96832e-05
-2.50458e-06
-9.96979e-05
-3.37298e-06
-9.96628e-05
-4.26284e-06
-9.96198e-05
-5.17987e-06
-9.95673e-05
-6.12957e-06
-9.95057e-05
-7.11777e-06
-9.94341e-05
-8.15048e-06
-9.93521e-05
-9.23402e-06
-9.92587e-05
-1.03751e-05
-9.91528e-05
-1.15807e-05
-9.9033e-05
-1.28583e-05
-9.8898e-05
-1.42159e-05
-9.87459e-05
-1.5662e-05
-9.85746e-05
-1.72056e-05
-9.83817e-05
-1.88562e-05
-9.81644e-05
-2.06242e-05
-9.79196e-05
-2.25205e-05
-9.76432e-05
-2.45566e-05
-9.7331e-05
-2.67449e-05
-9.69779e-05
-2.90984e-05
-9.65777e-05
-3.16309e-05
-9.61235e-05
-3.43568e-05
-9.56073e-05
-3.72911e-05
-9.50196e-05
-4.04493e-05
-9.43493e-05
-4.38473e-05
-9.35839e-05
-4.75009e-05
-9.27086e-05
-5.1426e-05
-9.17064e-05
-5.56373e-05
-9.05578e-05
-6.01482e-05
-8.92401e-05
-6.49697e-05
-8.77269e-05
-7.01096e-05
-8.59882e-05
-7.55721e-05
-8.39906e-05
-8.13552e-05
-8.16975e-05
-8.74485e-05
-7.90689e-05
-9.38304e-05
-7.60604e-05
-0.000100465
-7.26239e-05
-0.0001073
-6.87089e-05
-0.000114259
-6.42636e-05
-0.000121244
-5.92383e-05
-0.000128127
-5.35887e-05
-0.00013475
-4.72794e-05
-0.000140925
-4.02885e-05
-3.26176e-05
-8.0218e-07
-9.49808e-05
-1.63773e-06
-9.88476e-05
-2.47745e-06
-9.88581e-05
-3.33453e-06
-9.88057e-05
-4.21313e-06
-9.87412e-05
-5.11872e-06
-9.86618e-05
-6.05634e-06
-9.8568e-05
-7.0315e-06
-9.8459e-05
-8.04985e-06
-9.83338e-05
-9.11738e-06
-9.81912e-05
-1.02404e-05
-9.80298e-05
-1.14255e-05
-9.78479e-05
-1.26798e-05
-9.76437e-05
-1.40108e-05
-9.74149e-05
-1.54262e-05
-9.71591e-05
-1.69346e-05
-9.68734e-05
-1.85446e-05
-9.65544e-05
-2.02656e-05
-9.61985e-05
-2.21074e-05
-9.58014e-05
-2.40803e-05
-9.53581e-05
-2.61952e-05
-9.4863e-05
-2.84633e-05
-9.43096e-05
-3.08962e-05
-9.36906e-05
-3.3506e-05
-9.29975e-05
-3.6305e-05
-9.22206e-05
-3.93053e-05
-9.1349e-05
-4.25193e-05
-9.037e-05
-4.59584e-05
-8.92694e-05
-4.96338e-05
-8.8031e-05
-5.35551e-05
-8.66366e-05
-5.77295e-05
-8.50656e-05
-6.21618e-05
-8.32946e-05
-6.68525e-05
-8.12974e-05
-7.17981e-05
-7.9045e-05
-7.69891e-05
-7.65066e-05
-8.24082e-05
-7.36498e-05
-8.80283e-05
-7.04403e-05
-9.38097e-05
-6.68425e-05
-9.96985e-05
-6.28201e-05
-0.000105624
-5.83377e-05
-0.000111499
-5.33641e-05
-0.000117213
-4.78743e-05
-0.00012264
-4.18523e-05
-0.000127635
-3.52941e-05
-2.82144e-05
-7.83981e-07
-9.41968e-05
-1.59662e-06
-9.8035e-05
-2.41363e-06
-9.80411e-05
-3.24916e-06
-9.79702e-05
-4.10629e-06
-9.78841e-05
-4.98994e-06
-9.77781e-05
-5.90462e-06
-9.76534e-05
-6.85531e-06
-9.75083e-05
-7.84726e-06
-9.73418e-05
-8.88603e-06
-9.71524e-05
-9.97747e-06
-9.69383e-05
-1.11278e-05
-9.66976e-05
-1.23435e-05
-9.6428e-05
-1.36315e-05
-9.61269e-05
-1.4999e-05
-9.57916e-05
-1.64537e-05
-9.54187e-05
-1.80036e-05
-9.50046e-05
-1.96568e-05
-9.45453e-05
-2.14222e-05
-9.4036e-05
-2.33088e-05
-9.34715e-05
-2.53259e-05
-9.28459e-05
-2.7483e-05
-9.21525e-05
-2.97898e-05
-9.13838e-05
-3.22562e-05
-9.05311e-05
-3.48918e-05
-8.9585e-05
-3.7706e-05
-8.85347e-05
-4.07079e-05
-8.73682e-05
-4.39054e-05
-8.60719e-05
-4.73055e-05
-8.46309e-05
-5.09135e-05
-8.30286e-05
-5.47326e-05
-8.12466e-05
-5.87625e-05
-7.92648e-05
-6.2999e-05
-7.70609e-05
-6.74335e-05
-7.46106e-05
-7.20515e-05
-7.18885e-05
-7.68325e-05
-6.88688e-05
-8.17472e-05
-6.55257e-05
-8.67563e-05
-6.18335e-05
-9.1809e-05
-5.77673e-05
-9.68422e-05
-5.33045e-05
-0.00010178
-4.84265e-05
-0.000106533
-4.31214e-05
-0.000111
-3.73853e-05
-0.00011507
-3.12239e-05
-2.46589e-05
-7.43673e-07
-9.34531e-05
-1.52265e-06
-9.7256e-05
-2.30824e-06
-9.72556e-05
-3.1131e-06
-9.71653e-05
-3.93932e-06
-9.70579e-05
-4.79107e-06
-9.69263e-05
-5.67229e-06
-9.67722e-05
-6.58744e-06
-9.65932e-05
-7.54131e-06
-9.6388e-05
-8.53898e-06
-9.61548e-05
-9.58584e-06
-9.58915e-05
-1.06876e-05
-9.55959e-05
-1.18501e-05
-9.52654e-05
-1.30798e-05
-9.48972e-05
-1.43831e-05
-9.44882e-05
-1.57669e-05
-9.40349e-05
-1.72383e-05
-9.35333e-05
-1.88045e-05
-9.2979e-05
-2.04733e-05
-9.23672e-05
-2.22524e-05
-9.16925e-05
-2.41496e-05
-9.09487e-05
-2.6173e-05
-9.01291e-05
-2.83305e-05
-8.92263e-05
-3.06299e-05
-8.82318e-05
-3.30786e-05
-8.71363e-05
-3.56836e-05
-8.59297e-05
-3.84511e-05
-8.46007e-05
-4.13863e-05
-8.31367e-05
-4.44931e-05
-8.15242e-05
-4.77733e-05
-7.97483e-05
-5.12269e-05
-7.77931e-05
-5.48504e-05
-7.56413e-05
-5.86367e-05
-7.32745e-05
-6.25742e-05
-7.06731e-05
-6.66462e-05
-6.78165e-05
-7.08307e-05
-6.46844e-05
-7.50989e-05
-6.12575e-05
-7.94142e-05
-5.75181e-05
-8.37312e-05
-5.34503e-05
-8.79953e-05
-4.90404e-05
-9.21427e-05
-4.42791e-05
-9.61012e-05
-3.91628e-05
-9.97915e-05
-3.3695e-05
-0.000103129
-2.78866e-05
-2.17618e-05
-6.72422e-07
-9.27807e-05
-1.40793e-06
-9.65205e-05
-2.15595e-06
-9.65075e-05
-2.92254e-06
-9.63987e-05
-3.70931e-06
-9.62711e-05
-4.5197e-06
-9.6116e-05
-5.35728e-06
-9.59346e-05
-6.22606e-06
-9.57244e-05
-7.13043e-06
-9.54836e-05
-8.07502e-06
-9.52102e-05
-9.06476e-06
-9.49018e-05
-1.01048e-05
-9.45559e-05
-1.12004e-05
-9.41697e-05
-1.23574e-05
-9.37403e-05
-1.35814e-05
-9.32642e-05
-1.48784e-05
-9.27378e-05
-1.62548e-05
-9.21569e-05
-1.77168e-05
-9.1517e-05
-1.92709e-05
-9.08131e-05
-2.09237e-05
-9.00396e-05
-2.26818e-05
-8.91906e-05
-2.45518e-05
-8.82592e-05
-2.654e-05
-8.72381e-05
-2.86524e-05
-8.61193e-05
-3.08947e-05
-8.48941e-05
-3.32717e-05
-8.35527e-05
-3.57876e-05
-8.20848e-05
-3.84453e-05
-8.0479e-05
-4.12462e-05
-7.87233e-05
-4.41901e-05
-7.68044e-05
-4.72743e-05
-7.47088e-05
-5.04936e-05
-7.24219e-05
-5.38394e-05
-6.99287e-05
-5.72989e-05
-6.72136e-05
-6.0855e-05
-6.42605e-05
-6.44856e-05
-6.10537e-05
-6.8164e-05
-5.75791e-05
-7.18575e-05
-5.38246e-05
-7.5527e-05
-4.97809e-05
-7.91263e-05
-4.54411e-05
-8.26033e-05
-4.0802e-05
-8.59005e-05
-3.58656e-05
-8.89559e-05
-3.06396e-05
-9.17047e-05
-2.51379e-05
-1.93841e-05
-5.64606e-07
-9.22161e-05
-1.24769e-06
-9.58375e-05
-1.95387e-06
-9.58014e-05
-2.67569e-06
-9.5677e-05
-3.41503e-06
-9.55318e-05
-4.1748e-06
-9.53562e-05
-4.95862e-06
-9.51508e-05
-5.77019e-06
-9.49128e-05
-6.61362e-06
-9.46402e-05
-7.4932e-06
-9.43306e-05
-8.41339e-06
-9.39816e-05
-9.37884e-06
-9.35904e-05
-1.03944e-05
-9.31542e-05
-1.14649e-05
-9.26698e-05
-1.25955e-05
-9.21337e-05
-1.37913e-05
-9.1542e-05
-1.50577e-05
-9.08905e-05
-1.64001e-05
-9.01747e-05
-1.78238e-05
-8.93894e-05
-1.93343e-05
-8.85291e-05
-2.0937e-05
-8.75879e-05
-2.2637e-05
-8.65592e-05
-2.44393e-05
-8.54358e-05
-2.63484e-05
-8.42102e-05
-2.83685e-05
-8.2874e-05
-3.0503e-05
-8.14183e-05
-3.27541e-05
-7.98336e-05
-3.51234e-05
-7.81098e-05
-3.76106e-05
-7.6236e-05
-4.02139e-05
-7.42012e-05
-4.29293e-05
-7.19934e-05
-4.57505e-05
-6.96007e-05
-4.86685e-05
-6.70108e-05
-5.16706e-05
-6.42115e-05
-5.47404e-05
-6.11907e-05
-5.78574e-05
-5.79367e-05
-6.09975e-05
-5.4439e-05
-6.41323e-05
-5.06897e-05
-6.72292e-05
-4.6684e-05
-7.02503e-05
-4.24199e-05
-7.31539e-05
-3.78984e-05
-7.58945e-05
-3.3125e-05
-7.84243e-05
-2.81098e-05
-8.06939e-05
-2.28682e-05
-1.74215e-05
-4.23934e-07
-9.17922e-05
-1.04606e-06
-9.52154e-05
-1.70616e-06
-9.51413e-05
-2.37665e-06
-9.50065e-05
-3.06054e-06
-9.48479e-05
-3.76043e-06
-9.46563e-05
-4.48025e-06
-9.4431e-05
-5.2236e-06
-9.41695e-05
-5.99446e-06
-9.38693e-05
-6.79688e-06
-9.35282e-05
-7.63495e-06
-9.31435e-05
-8.5129e-06
-9.27124e-05
-9.43502e-06
-9.22321e-05
-1.04056e-05
-9.16992e-05
-1.14291e-05
-9.11102e-05
-1.25098e-05
-9.04612e-05
-1.36523e-05
-8.9748e-05
-1.4861e-05
-8.8966e-05
-1.61402e-05
-8.81102e-05
-1.74943e-05
-8.7175e-05
-1.89274e-05
-8.61548e-05
-2.04436e-05
-8.5043e-05
-2.20465e-05
-8.38329e-05
-2.37395e-05
-8.25172e-05
-2.55253e-05
-8.10882e-05
-2.74061e-05
-7.95375e-05
-2.93831e-05
-7.78566e-05
-3.14565e-05
-7.60363e-05
-3.36252e-05
-7.40673e-05
-3.58866e-05
-7.19398e-05
-3.82361e-05
-6.96439e-05
-4.06672e-05
-6.71695e-05
-4.3171e-05
-6.45069e-05
-4.57359e-05
-6.16466e-05
-4.83471e-05
-5.85795e-05
-5.09866e-05
-5.52972e-05
-5.36332e-05
-5.17924e-05
-5.62631e-05
-4.80599e-05
-5.88495e-05
-4.40976e-05
-6.13625e-05
-3.99069e-05
-6.37692e-05
-3.54917e-05
-6.60345e-05
-3.08597e-05
-6.81222e-05
-2.60221e-05
-6.99951e-05
-2.09954e-05
-1.57993e-05
-2.64756e-07
-9.15275e-05
-8.18275e-07
-9.46619e-05
-1.42648e-06
-9.45332e-05
-2.03816e-06
-9.43948e-05
-2.658e-06
-9.42281e-05
-3.28838e-06
-9.4026e-05
-3.93374e-06
-9.37856e-05
-4.59781e-06
-9.35054e-05
-5.2845e-06
-9.31826e-05
-5.99767e-06
-9.2815e-05
-6.74115e-06
-9.24e-05
-7.51877e-06
-9.19348e-05
-8.33436e-06
-9.14165e-05
-9.19171e-06
-9.08419e-05
-1.00946e-05
-9.02073e-05
-1.10467e-05
-8.95091e-05
-1.20517e-05
-8.8743e-05
-1.31131e-05
-8.79045e-05
-1.42346e-05
-8.69887e-05
-1.54193e-05
-8.59904e-05
-1.66704e-05
-8.49037e-05
-1.79908e-05
-8.37226e-05
-1.93831e-05
-8.24406e-05
-2.08495e-05
-8.10509e-05
-2.23916e-05
-7.95461e-05
-2.40104e-05
-7.79186e-05
-2.57064e-05
-7.61606e-05
-2.7479e-05
-7.42638e-05
-2.93264e-05
-7.22199e-05
-3.12458e-05
-7.00204e-05
-3.32328e-05
-6.76569e-05
-3.52812e-05
-6.51211e-05
-3.7383e-05
-6.24051e-05
-3.95283e-05
-5.95013e-05
-4.17045e-05
-5.64033e-05
-4.38966e-05
-5.31051e-05
-4.60869e-05
-4.96021e-05
-4.82557e-05
-4.58911e-05
-5.03819e-05
-4.19714e-05
-5.24422e-05
-3.78465e-05
-5.44116e-05
-3.35223e-05
-5.62637e-05
-2.90075e-05
-5.79719e-05
-2.4314e-05
-5.95094e-05
-1.94578e-05
-1.44586e-05
-1.04168e-07
-9.14233e-05
-5.8526e-07
-9.41808e-05
-1.13303e-06
-9.39854e-05
-1.67563e-06
-9.38523e-05
-2.22032e-06
-9.36834e-05
-2.76997e-06
-9.34763e-05
-3.32939e-06
-9.32262e-05
-3.90263e-06
-9.29322e-05
-4.49348e-06
-9.25918e-05
-5.10556e-06
-9.2203e-05
-5.74241e-06
-9.17631e-05
-6.40746e-06
-9.12697e-05
-7.10408e-06
-9.07199e-05
-7.83556e-06
-9.01104e-05
-8.60506e-06
-8.94378e-05
-9.41571e-06
-8.86985e-05
-1.02705e-05
-8.78882e-05
-1.11723e-05
-8.70028e-05
-1.21237e-05
-8.60373e-05
-1.31275e-05
-8.49867e-05
-1.41857e-05
-8.38455e-05
-1.53003e-05
-8.2608e-05
-1.6473e-05
-8.12679e-05
-1.7705e-05
-7.98189e-05
-1.89969e-05
-7.82541e-05
-2.0349e-05
-7.65665e-05
-2.17607e-05
-7.47488e-05
-2.32309e-05
-7.27936e-05
-2.47574e-05
-7.06934e-05
-2.63371e-05
-6.84406e-05
-2.79661e-05
-6.6028e-05
-2.96388e-05
-6.34485e-05
-3.13485e-05
-6.06953e-05
-3.30872e-05
-5.77627e-05
-3.4845e-05
-5.46454e-05
-3.66106e-05
-5.13395e-05
-3.83704e-05
-4.78423e-05
-4.01093e-05
-4.41521e-05
-4.18114e-05
-4.02694e-05
-4.34595e-05
-3.61984e-05
-4.5035e-05
-3.19468e-05
-4.6519e-05
-2.75235e-05
-4.78931e-05
-2.29398e-05
-4.91394e-05
-1.82115e-05
-1.33577e-05
5.00835e-08
-9.14734e-05
-3.67977e-07
-9.37628e-05
-8.38904e-07
-9.35145e-05
-1.29557e-06
-9.33956e-05
-1.74912e-06
-9.32299e-05
-2.20361e-06
-9.30219e-05
-2.6634e-06
-9.27664e-05
-3.13249e-06
-9.24631e-05
-3.61436e-06
-9.211e-05
-4.11232e-06
-9.1705e-05
-4.62953e-06
-9.12459e-05
-5.169e-06
-9.07303e-05
-5.73361e-06
-9.01553e-05
-6.32609e-06
-8.95179e-05
-6.94909e-06
-8.88148e-05
-7.60517e-06
-8.80424e-05
-8.29676e-06
-8.71967e-05
-9.02613e-06
-8.62734e-05
-9.79541e-06
-8.5268e-05
-1.06065e-05
-8.41756e-05
-1.14609e-05
-8.29911e-05
-1.23601e-05
-8.17088e-05
-1.3305e-05
-8.0323e-05
-1.42961e-05
-7.88277e-05
-1.53336e-05
-7.72166e-05
-1.64171e-05
-7.54831e-05
-1.75454e-05
-7.36205e-05
-1.87167e-05
-7.16223e-05
-1.99286e-05
-6.94815e-05
-2.11778e-05
-6.71915e-05
-2.24601e-05
-6.47457e-05
-2.37705e-05
-6.2138e-05
-2.51033e-05
-5.93625e-05
-2.64518e-05
-5.64142e-05
-2.78085e-05
-5.32886e-05
-2.91653e-05
-4.99827e-05
-3.05131e-05
-4.64946e-05
-3.18418e-05
-4.28234e-05
-3.31409e-05
-3.89703e-05
-3.43995e-05
-3.49398e-05
-3.56051e-05
-3.07412e-05
-3.67454e-05
-2.63832e-05
-3.78098e-05
-2.18754e-05
-3.87895e-05
-1.72318e-05
-1.24707e-05
1.87684e-07
-9.16611e-05
-1.83994e-07
-9.33912e-05
-5.49739e-07
-9.31488e-05
-9.00184e-07
-9.30452e-05
-1.24486e-06
-9.28852e-05
-1.58751e-06
-9.26792e-05
-1.93146e-06
-9.24224e-05
-2.28042e-06
-9.21141e-05
-2.63759e-06
-9.17528e-05
-3.00588e-06
-9.13367e-05
-3.38793e-06
-9.08639e-05
-3.78619e-06
-9.0332e-05
-4.20296e-06
-8.97385e-05
-4.6404e-06
-8.90804e-05
-5.1006e-06
-8.83546e-05
-5.58553e-06
-8.75574e-05
-6.09705e-06
-8.66851e-05
-6.63693e-06
-8.57335e-05
-7.20675e-06
-8.46982e-05
-7.80797e-06
-8.35744e-05
-8.4418e-06
-8.23572e-05
-9.10929e-06
-8.10413e-05
-9.8112e-06
-7.96211e-05
-1.05479e-05
-7.8091e-05
-1.13194e-05
-7.64451e-05
-1.21251e-05
-7.46774e-05
-1.29639e-05
-7.27817e-05
-1.38342e-05
-7.0752e-05
-1.47335e-05
-6.85821e-05
-1.56589e-05
-6.62661e-05
-1.66066e-05
-6.37981e-05
-1.7572e-05
-6.11726e-05
-1.85498e-05
-5.83847e-05
-1.95343e-05
-5.54297e-05
-2.0519e-05
-5.23039e-05
-2.14975e-05
-4.90042e-05
-2.24634e-05
-4.55287e-05
-2.34102e-05
-4.18767e-05
-2.43319e-05
-3.80486e-05
-2.52228e-05
-3.40489e-05
-2.60764e-05
-2.98875e-05
-2.68865e-05
-2.5573e-05
-2.76499e-05
-2.1112e-05
-2.83675e-05
-1.65143e-05
-1.17944e-05
2.61429e-07
-9.19226e-05
-3.26815e-08
-9.3097e-05
-2.81028e-07
-9.29004e-05
-5.11934e-07
-9.28143e-05
-7.31282e-07
-9.26659e-05
-9.45292e-07
-9.24652e-05
-1.15755e-06
-9.22102e-05
-1.37137e-06
-9.19003e-05
-1.58936e-06
-9.15348e-05
-1.81367e-06
-9.11124e-05
-2.04612e-06
-9.06314e-05
-2.28837e-06
-9.00897e-05
-2.54192e-06
-8.94849e-05
-2.8082e-06
-8.88141e-05
-3.08853e-06
-8.80743e-05
-3.38417e-06
-8.72618e-05
-3.69632e-06
-8.6373e-05
-4.02611e-06
-8.54037e-05
-4.37465e-06
-8.43497e-05
-4.74298e-06
-8.32061e-05
-5.13204e-06
-8.19682e-05
-5.54255e-06
-8.06308e-05
-5.97508e-06
-7.91886e-05
-6.43001e-06
-7.76361e-05
-6.90748e-06
-7.59676e-05
-7.40739e-06
-7.41775e-05
-7.92929e-06
-7.22598e-05
-8.47239e-06
-7.02089e-05
-9.03538e-06
-6.80191e-05
-9.61641e-06
-6.5685e-05
-1.02131e-05
-6.32013e-05
-1.08226e-05
-6.05632e-05
-1.14413e-05
-5.7766e-05
-1.20651e-05
-5.48059e-05
-1.26894e-05
-5.16796e-05
-1.33094e-05
-4.83843e-05
-1.39201e-05
-4.4918e-05
-1.45169e-05
-4.12798e-05
-1.50957e-05
-3.74698e-05
-1.56537e-05
-3.34909e-05
-1.61899e-05
-2.93514e-05
-1.6703e-05
-2.50599e-05
-1.71949e-05
-2.06201e-05
-1.76735e-05
-1.60356e-05
-1.13115e-05
2.11783e-07
2.9078e-08
-7.49918e-08
-1.60936e-07
-2.37704e-07
-3.10403e-07
-3.81554e-07
-4.52701e-07
-5.24911e-07
-5.98989e-07
-6.75592e-07
-7.55283e-07
-8.38573e-07
-9.25956e-07
-1.01791e-06
-1.11487e-06
-1.21722e-06
-1.32535e-06
-1.43964e-06
-1.56043e-06
-1.68803e-06
-1.82274e-06
-1.96482e-06
-2.11447e-06
-2.27185e-06
-2.43705e-06
-2.61007e-06
-2.79081e-06
-2.97903e-06
-3.17437e-06
-3.37632e-06
-3.5842e-06
-3.79715e-06
-4.01408e-06
-4.2337e-06
-4.4545e-06
-4.67479e-06
-4.89282e-06
-5.10647e-06
-5.31459e-06
-5.51843e-06
-5.72118e-06
-5.92765e-06
-6.14661e-06
)
;

boundaryField
{
    leftWall
    {
        type            calculated;
        value           uniform 0;
    }
    rightWall
    {
        type            calculated;
        value           nonuniform 0();
    }
    lowerWall
    {
        type            calculated;
        value           nonuniform 0();
    }
    atmosphere
    {
        type            calculated;
        value           nonuniform List<scalar> 
45
(
-9.21343e-05
-9.29143e-05
-9.27964e-05
-9.27283e-05
-9.25891e-05
-9.23925e-05
-9.2139e-05
-9.18292e-05
-9.14626e-05
-9.10383e-05
-9.05548e-05
-9.00101e-05
-8.94016e-05
-8.87268e-05
-8.79823e-05
-8.71649e-05
-8.62706e-05
-8.52956e-05
-8.42354e-05
-8.30853e-05
-8.18406e-05
-8.04961e-05
-7.90465e-05
-7.74864e-05
-7.58102e-05
-7.40122e-05
-7.20868e-05
-7.00282e-05
-6.78309e-05
-6.54897e-05
-6.29994e-05
-6.03553e-05
-5.75531e-05
-5.4589e-05
-5.146e-05
-4.81635e-05
-4.46977e-05
-4.10618e-05
-3.72561e-05
-3.32827e-05
-2.91476e-05
-2.48571e-05
-2.04136e-05
-1.58167e-05
-1.10652e-05
)
;
    }
    defaultFaces
    {
        type            empty;
        value           nonuniform 0();
    }
    procBoundary2to0
    {
        type            processor;
        value           nonuniform List<scalar> 
46
(
0.000113449
0.000110441
0.000107059
0.000103749
0.00010034
9.6469e-05
9.22459e-05
8.81406e-05
8.4516e-05
8.16655e-05
7.96106e-05
7.83917e-05
7.79387e-05
7.81037e-05
7.87281e-05
7.96658e-05
8.07909e-05
8.20008e-05
8.32136e-05
8.43546e-05
8.53719e-05
8.61718e-05
8.66462e-05
8.69114e-05
8.71042e-05
9.12634e-05
0.000102729
0.000101469
0.000101726
0.000102323
0.000103046
0.000103892
0.00010485
0.000105904
0.000107036
0.000108223
0.000109429
0.000110602
0.000111679
0.000112634
0.0001135
0.000114283
0.000114834
0.000114854
-4.28144e-06
0.000114163
)
;
    }
    procBoundary2to3
    {
        type            processor;
        value           nonuniform List<scalar> 
43
(
0.000192338
0.000196933
0.000200954
0.000201255
0.000196383
0.000188882
0.000179881
0.000168121
0.000153731
0.000138837
0.000125982
0.000117247
0.000110557
9.91574e-05
7.97137e-05
5.23841e-05
1.71597e-05
-3.03845e-05
-9.59631e-05
-0.000176672
-0.000254823
-0.000297596
-0.000297332
-0.000281233
-0.000260762
-0.000238781
-0.000217412
-0.0001974
-0.000178947
-0.000162009
-0.000146437
-0.000132038
-0.000118625
-0.000106026
-9.40823e-05
-8.26565e-05
-7.16171e-05
-6.085e-05
-5.02404e-05
-3.96764e-05
-2.90439e-05
-1.81563e-05
-6.3929e-06
)
;
    }
}


// ************************************************************************* //
