/*--------------------------------*- C++ -*----------------------------------*\
| =========                 |                                                 |
| \\      /  F ield         | OpenFOAM: The Open Source CFD Toolbox           |
|  \\    /   O peration     | Version:  3.0.1                                 |
|   \\  /    A nd           | Web:      www.OpenFOAM.org                      |
|    \\/     M anipulation  |                                                 |
\*---------------------------------------------------------------------------*/
FoamFile
{
    version     2.0;
    format      ascii;
    class       surfaceScalarField;
    location    "0.3";
    object      alphaPhi;
}
// * * * * * * * * * * * * * * * * * * * * * * * * * * * * * * * * * * * * * //

dimensions      [0 3 -1 0 0 0 0];

internalField   nonuniform List<scalar> 
3742
(
3.26514e-17
-5.20465e-17
5.68776e-18
-3.28634e-17
-1.25157e-17
-1.79877e-17
-1.70624e-17
-9.72029e-18
-1.29501e-17
-6.16321e-18
-6.73929e-18
-4.73444e-18
-1.87914e-18
-3.95262e-18
9.98274e-19
-3.3212e-18
2.42177e-18
-2.76774e-18
3.03697e-18
-2.31816e-18
3.31184e-18
-2.02612e-18
3.63438e-18
-2.04506e-18
4.59324e-18
-2.80253e-18
7.41769e-18
-5.2724e-18
1.45802e-17
-1.12652e-17
3.04789e-17
-2.35666e-17
6.16691e-17
-4.54397e-17
1.16459e-16
-7.9746e-17
2.04367e-16
-1.28475e-16
3.3545e-16
-1.92474e-16
5.19336e-16
-2.71146e-16
7.67878e-16
-3.6422e-16
1.09667e-15
-4.71996e-16
1.53361e-15
-5.99814e-16
-7.69102e-16
-3.24733e-23
2.04026e-22
-1.76363e-22
8.11146e-22
-1.29087e-21
3.89346e-21
-4.45481e-21
9.55014e-21
-8.94828e-21
1.39305e-20
-1.20369e-20
8.52654e-21
-4.82831e-21
-3.4758e-20
4.88798e-20
-2.06446e-19
2.60825e-19
-7.24608e-19
8.75997e-19
-1.97328e-18
2.28415e-18
-4.4563e-18
5.14432e-18
-8.85326e-18
1.00706e-17
-1.55382e-17
1.6608e-17
-2.37086e-17
2.35825e-17
-3.18224e-17
3.02573e-17
-3.87635e-17
3.50914e-17
-4.28146e-17
3.68193e-17
-4.28669e-17
3.57526e-17
-3.99594e-17
3.19084e-17
-3.51547e-17
2.50749e-17
-2.89508e-17
1.6535e-17
-2.21073e-17
9.449e-18
-1.58546e-17
5.33356e-18
-1.09377e-17
3.53695e-18
-7.40748e-18
2.84761e-18
-4.98683e-18
2.49891e-18
-3.3664e-18
2.21524e-18
-2.3003e-18
1.95636e-18
-1.61031e-18
1.74539e-18
-1.1798e-18
1.63425e-18
-9.68671e-19
1.77788e-18
-1.07798e-18
2.6423e-18
-1.91715e-18
5.42356e-18
-4.51962e-18
1.27121e-17
-1.09432e-17
2.93032e-17
-2.45332e-17
6.24553e-17
-4.93715e-17
1.21363e-16
-8.91835e-17
2.16542e-16
-1.46718e-16
3.58941e-16
-2.23246e-16
5.58557e-16
-3.18073e-16
8.27347e-16
-4.30354e-16
1.18091e-15
-5.61503e-16
1.65292e-15
-7.31742e-16
-1.04144e-15
-7.3688e-24
4.11415e-23
-4.01695e-23
1.57004e-22
-2.82361e-22
7.09446e-22
-9.2372e-22
1.57178e-21
-1.67383e-21
1.46674e-21
-1.22154e-21
-3.87405e-21
5.78018e-21
-2.96034e-20
3.9073e-20
-1.20334e-19
1.53715e-19
-3.76263e-19
4.63507e-19
-9.67553e-19
1.14756e-18
-2.11614e-18
2.4788e-18
-4.07482e-18
4.69718e-18
-6.96059e-18
7.69189e-18
-1.05623e-17
1.10227e-17
-1.43421e-17
1.42701e-17
-1.76836e-17
1.66845e-17
-1.96965e-17
1.76226e-17
-1.98076e-17
1.72803e-17
-1.84331e-17
1.5956e-17
-1.62179e-17
1.37697e-17
-1.3573e-17
1.10088e-17
-1.07816e-17
8.26431e-18
-8.12537e-18
5.97081e-18
-5.83868e-18
4.23962e-18
-4.03578e-18
2.99786e-18
-2.71158e-18
2.13079e-18
-1.79078e-18
1.53769e-18
-1.17675e-18
1.14096e-18
-7.81936e-19
8.89654e-19
-5.46197e-19
7.80847e-19
-4.62719e-19
9.33236e-19
-6.49791e-19
1.79077e-18
-1.53937e-18
4.57498e-18
-4.26115e-18
1.20509e-17
-1.11788e-17
2.94837e-17
-2.62877e-17
6.48951e-17
-5.457e-17
1.28365e-16
-1.0064e-16
2.31305e-16
-1.67944e-16
3.85309e-16
-2.58128e-16
6.0047e-16
-3.70573e-16
8.87857e-16
-5.04453e-16
1.26543e-15
-6.71238e-16
1.93438e-15
-9.8482e-16
-1.50564e-15
-1.39127e-24
6.48343e-24
-7.47371e-24
2.32257e-23
-4.97762e-23
9.41002e-23
-1.47242e-22
1.40164e-22
-1.70857e-22
-3.39061e-22
5.3859e-22
-3.3883e-21
4.78111e-21
-1.61769e-20
2.21333e-20
-5.8606e-20
7.76166e-20
-1.73487e-19
2.2113e-19
-4.31925e-19
5.30544e-19
-9.25363e-19
1.11152e-18
-1.74516e-18
2.05154e-18
-2.931e-18
3.34389e-18
-4.44214e-18
4.85245e-18
-6.11468e-18
6.36598e-18
-7.66337e-18
7.51596e-18
-8.64148e-18
7.98573e-18
-8.76587e-18
7.83074e-18
-8.16593e-18
7.2445e-18
-7.14686e-18
6.36588e-18
-5.95622e-18
5.30478e-18
-4.74451e-18
4.19315e-18
-3.61321e-18
3.16149e-18
-2.63522e-18
2.29509e-18
-1.84806e-18
1.62195e-18
-1.25324e-18
1.12893e-18
-8.27509e-19
7.83764e-19
-5.36979e-19
5.51811e-19
-3.48698e-19
4.09711e-19
-2.42506e-19
3.70202e-19
-2.36424e-19
5.56433e-19
-4.63321e-19
1.41577e-18
-1.38284e-18
4.2226e-18
-4.24414e-18
1.1969e-17
-1.17812e-17
3.04783e-17
-2.87599e-17
6.86186e-17
-6.11767e-17
1.37367e-16
-1.14576e-16
2.48889e-16
-1.93018e-16
4.15244e-16
-2.98618e-16
6.468e-16
-4.31236e-16
9.54924e-16
-5.92435e-16
1.37806e-15
-8.10645e-16
2.77345e-15
-1.37792e-15
-2.72545e-15
-2.0667e-25
7.2779e-25
-1.06534e-24
2.25066e-24
-6.39294e-24
5.56797e-24
-1.27236e-23
-2.496e-23
3.83049e-23
-2.95897e-22
4.5724e-22
-1.69687e-21
2.53782e-21
-7.26428e-21
1.04771e-20
-2.513e-20
3.48033e-20
-7.23557e-20
9.6055e-20
-1.76923e-19
2.25885e-19
-3.74401e-19
4.63792e-19
-6.9869e-19
8.42242e-19
-1.16717e-18
1.37221e-18
-1.77704e-18
2.02046e-18
-2.481e-18
2.69707e-18
-3.16004e-18
3.22755e-18
-3.61741e-18
3.46374e-18
-3.72255e-18
3.40495e-18
-3.50406e-18
3.13833e-18
-3.08287e-18
2.75048e-18
-2.57674e-18
2.30201e-18
-2.0616e-18
1.84146e-18
-1.58155e-18
1.41107e-18
-1.16349e-18
1.04048e-18
-8.21576e-19
7.42762e-19
-5.58216e-19
5.17106e-19
-3.66548e-19
3.54484e-19
-2.34506e-19
2.43721e-19
-1.49843e-19
1.79903e-19
-1.08527e-19
1.86643e-19
-1.38834e-19
3.90252e-19
-3.81564e-19
1.2459e-18
-1.32713e-18
4.09975e-18
-4.3692e-18
1.22259e-17
-1.26895e-17
3.21132e-17
-3.19852e-17
7.35802e-17
-6.94207e-17
1.4853e-16
-1.31541e-16
2.6974e-16
-2.23009e-16
4.49828e-16
-3.46987e-16
7.00043e-16
-5.04589e-16
1.03624e-15
-6.90877e-16
1.65316e-15
-1.19237e-15
4.07462e-15
-2.05974e-15
-4.82564e-15
-2.1996e-26
4.58607e-26
-9.9669e-26
3.09983e-26
-3.66519e-25
-1.48172e-24
2.19642e-24
-1.86717e-23
3.24272e-23
-1.32539e-22
2.2229e-22
-6.92159e-22
1.10698e-21
-2.8657e-21
4.36628e-21
-9.72423e-21
1.41148e-20
-2.76427e-20
3.82801e-20
-6.70649e-20
8.89671e-20
-1.41362e-19
1.80862e-19
-2.63605e-19
3.269e-19
-4.42354e-19
5.35425e-19
-6.79389e-19
8.00252e-19
-9.5997e-19
1.08663e-18
-1.23853e-18
1.32141e-18
-1.4404e-18
1.44023e-18
-1.51046e-18
1.43232e-18
-1.44895e-18
1.32876e-18
-1.29537e-18
1.16939e-18
-1.09572e-18
9.84211e-19
-8.84179e-19
7.93937e-19
-6.82326e-19
6.14212e-19
-5.03554e-19
4.56331e-19
-3.55395e-19
3.26512e-19
-2.40203e-19
2.26058e-19
-1.56017e-19
1.52715e-19
-9.8255e-20
1.03216e-19
-6.2513e-20
7.92203e-20
-5.11554e-20
1.07604e-19
-9.64412e-20
3.14612e-19
-3.44797e-19
1.16627e-18
-1.32281e-18
4.09916e-18
-4.59748e-18
1.27279e-17
-1.38904e-17
3.43362e-17
-3.60458e-17
7.98195e-17
-7.95947e-17
1.6206e-16
-1.52201e-16
2.94431e-16
-2.59322e-16
4.909e-16
-4.06407e-16
7.64842e-16
-5.97677e-16
1.12192e-15
-8.61652e-16
2.75904e-15
-1.53167e-15
6.85972e-15
-3.40611e-15
-7.7948e-15
-1.32052e-27
-1.01587e-27
-1.32721e-27
-4.67369e-26
9.4542e-26
-7.66067e-25
1.593e-24
-7.25018e-24
1.40901e-23
-4.84801e-23
8.80122e-23
-2.48639e-22
4.24105e-22
-1.02001e-21
1.64165e-21
-3.44189e-21
5.2419e-21
-9.76138e-21
1.41123e-20
-2.37105e-20
3.26856e-20
-5.02092e-20
6.64324e-20
-9.43481e-20
1.20688e-19
-1.59989e-19
1.99531e-19
-2.48171e-19
3.02031e-19
-3.53662e-19
4.15741e-19
-4.60354e-19
5.14058e-19
-5.4312e-19
5.71457e-19
-5.81255e-19
5.79723e-19
-5.70424e-19
5.4703e-19
-5.20792e-19
4.87675e-19
-4.47732e-19
4.14332e-19
-3.6503e-19
3.36466e-19
-2.8299e-19
2.6127e-19
-2.08736e-19
1.94075e-19
-1.46563e-19
1.38139e-19
-9.81163e-20
9.45743e-20
-6.28619e-20
6.28487e-20
-3.90255e-20
4.22475e-20
-2.54072e-20
3.65768e-20
-2.69282e-20
7.30596e-20
-7.73098e-20
2.77132e-19
-3.284e-19
1.12954e-18
-1.34957e-18
4.17557e-18
-4.91311e-18
1.34314e-17
-1.5392e-17
3.71357e-17
-4.10739e-17
8.74095e-17
-9.21047e-17
1.78211e-16
-1.77455e-16
3.23754e-16
-3.03752e-16
5.40947e-16
-4.80184e-16
8.48041e-16
-7.15472e-16
1.41935e-15
-1.17129e-15
3.62233e-15
-2.14492e-15
1.05093e-14
-5.59099e-15
-1.24841e-14
2.79766e-29
-8.73586e-28
1.93652e-27
-1.66501e-26
4.73849e-26
-2.52817e-25
5.99667e-25
-2.35312e-24
4.99851e-24
-1.5685e-23
3.06782e-23
-8.04346e-23
1.46543e-22
-3.30482e-22
5.64308e-22
-1.11923e-21
1.79841e-21
-3.19435e-21
4.84945e-21
-7.83134e-21
1.12887e-20
-1.67818e-20
2.31311e-20
-3.19562e-20
4.24854e-20
-5.4874e-20
7.09792e-20
-8.58842e-20
1.08423e-19
-1.23049e-19
1.50668e-19
-1.61095e-19
1.89115e-19
-1.92222e-19
2.14709e-19
-2.094e-19
2.22994e-19
-2.09837e-19
2.15045e-19
-1.95397e-19
1.94983e-19
-1.7056e-19
1.67474e-19
-1.40324e-19
1.36689e-19
-1.09102e-19
1.06115e-19
-8.02689e-20
7.84218e-20
-5.59579e-20
5.52763e-20
-3.70471e-20
3.73098e-20
-2.34053e-20
2.44204e-20
-1.44194e-20
1.67771e-20
-1.02469e-20
1.8782e-20
-1.67397e-20
5.70138e-20
-6.8096e-20
2.5632e-19
-3.22212e-19
1.11583e-18
-1.39833e-18
4.30654e-18
-5.31069e-18
1.43123e-17
-1.7227e-17
4.05338e-17
-4.7288e-17
9.64914e-17
-1.07558e-16
1.97374e-16
-2.08568e-16
3.5867e-16
-3.58472e-16
6.01856e-16
-5.70866e-16
9.51703e-16
-8.77654e-16
2.16675e-15
-1.67573e-15
6.10582e-15
-3.74575e-15
1.62114e-14
-9.80691e-15
-2.0583e-14
2.30777e-29
-2.50144e-28
6.67974e-28
-4.73441e-27
1.51575e-26
-7.21906e-26
1.88622e-25
-6.75335e-25
1.56774e-24
-4.52829e-24
9.6247e-24
-2.33853e-23
4.60621e-23
-9.69214e-23
1.78082e-22
-3.31821e-22
5.71328e-22
-9.59651e-22
1.55547e-21
-2.389e-21
3.66546e-21
-5.20414e-21
7.61406e-21
-1.00666e-20
1.41674e-20
-1.75062e-20
2.38923e-20
-2.762e-20
3.67095e-20
-3.97406e-20
5.13322e-20
-5.22511e-20
6.51984e-20
-6.28556e-20
7.53857e-20
-6.937e-20
7.99897e-20
-7.06125e-20
7.87153e-20
-6.67339e-20
7.24986e-20
-5.89005e-20
6.28615e-20
-4.8749e-20
5.14672e-20
-3.79297e-20
3.98553e-20
-2.77947e-20
2.92392e-20
-1.92214e-20
2.03736e-20
-1.25808e-20
1.3551e-20
-7.84856e-21
8.79327e-21
-4.88927e-21
6.58559e-21
-4.38665e-21
1.13455e-20
-1.23948e-20
4.87033e-20
-6.32438e-20
2.43342e-19
-3.21773e-19
1.11577e-18
-1.46485e-18
4.47936e-18
-5.79426e-18
1.5365e-17
-1.94668e-17
4.46106e-17
-5.50385e-17
1.07333e-16
-1.26846e-16
2.20157e-16
-2.47232e-16
4.00197e-16
-4.26262e-16
6.73897e-16
-6.8188e-16
1.19861e-15
-1.21646e-15
3.17643e-15
-2.36267e-15
1.05095e-14
-7.16995e-15
2.58722e-14
-1.73526e-14
-3.1236e-14
6.3518e-30
-6.16707e-29
1.83917e-28
-1.16479e-27
4.19333e-27
-1.79095e-26
5.24327e-26
-1.69162e-25
4.38467e-25
-1.14674e-24
2.71159e-24
-5.99565e-24
1.30938e-23
-2.52015e-23
5.11877e-23
-8.76682e-23
1.66453e-22
-2.58053e-22
4.60293e-22
-6.54437e-22
1.10295e-21
-1.45183e-21
2.32805e-21
-2.85422e-21
4.38834e-21
-5.02675e-21
7.46275e-21
-7.99847e-21
1.15191e-20
-1.15706e-20
1.61823e-20
-1.52851e-20
2.07286e-20
-1.85051e-20
2.42902e-20
-2.0606e-20
2.61895e-20
-2.11912e-20
2.61645e-20
-2.0215e-20
2.43728e-20
-1.79576e-20
2.12629e-20
-1.49007e-20
1.74219e-20
-1.15763e-20
1.34357e-20
-8.43825e-21
9.77485e-21
-5.78475e-21
6.72981e-21
-3.74289e-21
4.41657e-21
-2.31574e-21
2.89489e-21
-1.54337e-21
2.73368e-21
-2.25822e-21
8.13283e-21
-1.0407e-20
4.37092e-20
-6.03785e-20
2.34324e-19
-3.24971e-19
1.12438e-18
-1.54814e-18
4.68897e-18
-6.38109e-18
1.66113e-17
-2.22389e-17
4.95259e-17
-6.48352e-17
1.20361e-16
-1.51175e-16
2.47343e-16
-2.95477e-16
4.49546e-16
-5.11107e-16
7.5786e-16
-8.39177e-16
1.92495e-15
-1.82315e-15
6.18171e-15
-4.61964e-15
1.84621e-14
-1.39782e-14
3.82144e-14
-2.76456e-14
-4.11224e-14
1.50718e-30
-1.27011e-29
4.3801e-29
-2.40436e-28
1.00717e-27
-3.74117e-27
1.27102e-26
-3.5815e-26
1.07466e-25
-2.46428e-25
6.72978e-25
-1.30942e-24
3.29637e-24
-5.60106e-24
1.30962e-23
-1.98528e-23
4.33519e-23
-5.95904e-23
1.2215e-22
-1.54113e-22
2.98137e-22
-3.48312e-22
6.39709e-22
-6.96181e-22
1.22146e-21
-1.24294e-21
2.0954e-21
-1.99881e-21
3.25255e-21
-2.91518e-21
4.59197e-21
-3.87765e-21
5.92107e-21
-4.72624e-21
7.002e-21
-5.29984e-21
7.62859e-21
-5.48762e-21
7.69374e-21
-5.26378e-21
7.21372e-21
-4.69076e-21
6.30924e-21
-3.89291e-21
5.16106e-21
-3.01528e-21
3.95804e-21
-2.18442e-21
2.85323e-21
-1.48386e-21
1.94063e-21
-9.49811e-22
1.26197e-21
-5.92218e-22
8.83988e-22
-5.00985e-22
1.35955e-21
-1.50339e-21
6.58667e-21
-9.32822e-21
4.01796e-20
-5.84646e-20
2.27412e-19
-3.30942e-19
1.1394e-18
-1.65081e-18
4.93946e-18
-7.10507e-18
1.81058e-17
-2.57303e-17
5.55144e-17
-7.73297e-17
1.36115e-16
-1.81991e-16
2.79703e-16
-3.55483e-16
5.08542e-16
-6.18981e-16
9.73016e-16
-1.1103e-15
3.00392e-15
-2.59055e-15
1.15525e-14
-9.28402e-15
2.99572e-14
-2.49126e-14
4.94709e-14
-3.8351e-14
-4.93161e-14
2.98936e-31
-2.08297e-30
8.74597e-30
-3.96859e-29
2.03479e-28
-6.26628e-28
2.60131e-27
-6.0979e-27
2.23238e-26
-4.2704e-26
1.42089e-25
-2.31165e-25
7.08339e-25
-1.00819e-24
2.86767e-24
-3.64582e-24
9.68123e-24
-1.11677e-23
2.78209e-23
-2.94666e-23
6.91881e-23
-6.78884e-23
1.5095e-22
-1.38127e-22
2.92224e-22
-2.50579e-22
5.06711e-22
-4.08639e-22
7.93078e-22
-6.03227e-22
1.12754e-21
-8.10821e-22
1.46384e-21
-9.97294e-22
1.74336e-21
-1.12713e-21
1.91239e-21
-1.17458e-21
1.93932e-21
-1.13187e-21
1.82389e-21
-1.01105e-21
1.59517e-21
-8.38924e-22
1.30057e-21
-6.47893e-22
9.9087e-22
-4.66652e-22
7.07371e-22
-3.14317e-22
4.7561e-22
-2.00002e-22
3.11394e-22
-1.34406e-22
2.76554e-22
-2.11495e-22
8.71171e-22
-1.2019e-21
5.67395e-21
-8.59176e-21
3.73267e-20
-5.7082e-20
2.21771e-19
-3.39787e-19
1.16106e-18
-1.77931e-18
5.24431e-18
-8.01537e-18
1.99284e-17
-3.01693e-17
6.28355e-17
-9.32389e-17
1.55114e-16
-2.20804e-16
3.17728e-16
-4.29554e-16
5.80012e-16
-7.56156e-16
1.46815e-15
-1.66294e-15
5.78873e-15
-4.80875e-15
2.04602e-14
-1.79786e-14
4.17407e-14
-3.66139e-14
5.88657e-14
-5.13984e-14
-6.41119e-14
4.72151e-32
-2.51773e-31
1.39489e-30
-4.8528e-30
3.29171e-29
-7.79522e-29
4.27525e-28
-7.73201e-28
3.73395e-27
-5.52568e-27
2.42125e-26
-3.0546e-26
1.23073e-25
-1.36126e-25
5.08355e-25
-5.032e-25
1.75145e-24
-1.57591e-24
5.13522e-24
-4.2508e-24
1.3019e-23
-1.00076e-23
2.89153e-23
-2.07921e-23
5.68808e-23
-3.84778e-23
1.00022e-22
-6.39298e-23
1.58455e-22
-9.60069e-23
2.27644e-22
-1.31066e-22
2.98233e-22
-1.6344e-22
3.57951e-22
-1.86915e-22
3.95137e-22
-1.96694e-22
4.02481e-22
-1.90978e-22
3.79328e-22
-1.71472e-22
3.3159e-22
-1.42643e-22
2.69444e-22
-1.1013e-22
2.03984e-22
-7.90608e-23
1.44295e-22
-5.29833e-23
9.63641e-23
-3.43463e-23
6.79332e-23
-3.25615e-23
1.12095e-22
-1.3228e-22
6.67814e-22
-1.03646e-21
5.00351e-21
-7.99865e-21
3.4835e-20
-5.61368e-20
2.17254e-19
-3.52415e-19
1.19172e-18
-1.94291e-18
5.6223e-18
-9.16708e-18
2.21575e-17
-3.57804e-17
7.1682e-17
-1.13218e-16
1.77648e-16
-2.68905e-16
3.61571e-16
-5.20415e-16
7.51374e-16
-9.55359e-16
2.39035e-15
-2.45206e-15
1.0061e-14
-9.04484e-15
3.17781e-14
-3.07183e-14
5.06825e-14
-4.41325e-14
7.48719e-14
-6.10478e-14
-2.30781e-13
5.49337e-33
-1.9637e-32
1.64563e-31
-3.8649e-31
3.94821e-30
-6.34274e-30
5.22362e-29
-6.4433e-29
4.65509e-28
-4.72252e-28
3.08248e-27
-2.67971e-27
1.60095e-26
-1.22671e-26
6.75949e-26
-4.66091e-26
2.38098e-25
-1.50097e-25
7.13636e-25
-4.1639e-25
1.84873e-24
-1.00815e-24
4.19269e-24
-2.15336e-24
8.41308e-24
-4.0945e-24
1.50713e-23
-6.98383e-24
2.42873e-23
-1.07549e-23
3.54343e-23
-1.50354e-23
4.70572e-23
-1.91688e-23
5.71404e-23
-2.23704e-23
6.36797e-23
-2.39703e-23
6.53344e-23
-2.364e-23
6.18704e-23
-2.14998e-23
5.41968e-23
-1.80596e-23
4.40022e-23
-1.40302e-23
3.31805e-23
-1.01005e-23
2.33348e-23
-6.82389e-24
1.58616e-23
-5.17703e-24
1.5758e-23
-1.28845e-23
6.70494e-23
-1.03113e-22
5.50015e-22
-9.13744e-22
4.44223e-21
-7.49546e-21
3.26178e-20
-5.57184e-20
2.14166e-19
-3.70156e-19
1.23454e-18
-2.15072e-18
6.08833e-18
-1.06043e-17
2.48307e-17
-4.27243e-17
8.20718e-17
-1.37719e-16
2.03553e-16
-3.27041e-16
4.11242e-16
-6.3016e-16
9.04809e-16
-1.33853e-15
3.5557e-15
-3.44989e-15
1.7079e-14
-1.60372e-14
4.03207e-14
-4.35112e-14
5.40466e-14
-4.92917e-14
1.09375e-13
-6.60536e-14
-6.94734e-13
4.11958e-34
-7.61876e-34
1.26203e-32
-1.56662e-32
3.09109e-31
-2.65771e-31
4.18584e-30
-2.80041e-30
3.8251e-29
-2.13258e-29
2.59972e-28
-1.25888e-28
1.38687e-27
-6.00174e-28
6.01815e-27
-2.37722e-27
2.17959e-26
-7.98714e-27
6.71807e-26
-2.31319e-26
1.78961e-25
-5.84922e-26
4.17205e-25
-1.30502e-25
8.60043e-25
-2.59163e-25
1.58141e-24
-4.61477e-25
2.61279e-24
-7.41336e-25
3.90273e-24
-1.07989e-24
5.29745e-24
-1.43231e-24
6.56205e-24
-1.73544e-24
7.44369e-24
-1.92569e-24
7.75399e-24
-1.96045e-24
7.43404e-24
-1.83347e-24
6.57172e-24
-1.5766e-24
5.36522e-24
-1.24763e-24
4.05401e-24
-9.13404e-25
2.8717e-24
-6.72294e-25
2.28225e-24
-1.12089e-24
5.94561e-24
-8.47279e-24
4.97749e-23
-8.53127e-23
4.61161e-22
-8.11479e-22
3.95318e-21
-7.08191e-21
3.06956e-20
-5.59754e-20
2.12917e-19
-3.94045e-19
1.29116e-18
-2.40721e-18
6.64156e-18
-1.23409e-17
2.79047e-17
-5.10418e-17
9.37653e-17
-1.66889e-16
2.32026e-16
-3.9505e-16
4.6572e-16
-7.52242e-16
1.48821e-15
-1.86484e-15
5.82775e-15
-5.80173e-15
2.54252e-14
-2.55788e-14
4.37799e-14
-5.37316e-14
5.42657e-14
-5.58311e-14
1.54443e-13
-7.91084e-14
-8.13542e-13
1.53417e-35
-8.08461e-36
4.91434e-34
-1.82245e-34
1.24324e-32
-3.29691e-33
1.74519e-31
-3.72923e-32
1.6567e-30
-3.06101e-31
1.17124e-29
-1.95425e-30
6.50636e-29
-1.01098e-29
2.94288e-28
-4.35814e-29
1.11184e-27
-1.59775e-28
3.57709e-27
-5.05932e-28
9.95011e-27
-1.40064e-27
2.42247e-26
-3.42325e-27
5.21432e-26
-7.44476e-27
1.00067e-25
-1.44997e-26
1.72414e-25
-2.54204e-26
2.68253e-25
-4.02806e-26
3.78665e-25
-5.78706e-26
4.86783e-25
-7.55535e-26
5.71541e-25
-8.97731e-26
6.14241e-25
-9.71677e-26
6.05196e-25
-9.58447e-26
5.47291e-25
-8.61789e-26
4.54774e-25
-7.08299e-26
3.49148e-25
-5.59668e-26
2.69183e-25
-7.93274e-26
4.69636e-25
-5.71593e-25
3.71158e-24
-6.50706e-24
3.90442e-23
-7.14133e-23
3.87743e-22
-7.26048e-22
3.53089e-21
-6.76841e-21
2.91048e-20
-5.69732e-20
2.13561e-19
-4.23955e-19
1.3592e-18
-2.70799e-18
7.25592e-18
-1.43459e-17
3.12349e-17
-6.06267e-17
1.06244e-16
-2.00544e-16
2.61517e-16
-4.71556e-16
5.96293e-16
-9.29019e-16
2.17319e-15
-2.64298e-15
8.95601e-15
-9.62304e-15
3.34453e-14
-3.63608e-14
4.8481e-14
-6.54056e-14
5.7932e-14
-6.78756e-14
1.65222e-13
-9.26428e-14
-4.38946e-13
1.55905e-37
-5.78657e-38
5.47681e-36
-1.43608e-36
1.47626e-34
-2.78058e-35
2.2233e-33
-3.38249e-34
2.2745e-32
-2.99202e-33
1.73885e-31
-2.06131e-32
1.04798e-30
-1.15202e-31
5.15795e-30
-5.36985e-31
2.1259e-29
-2.12987e-30
7.47647e-29
-7.29877e-30
2.2763e-28
-2.18612e-29
6.06909e-28
-5.77636e-29
1.43014e-27
-1.35645e-28
3.00088e-27
-2.84761e-28
5.6404e-27
-5.36896e-28
9.54195e-27
-9.1234e-28
1.45826e-26
-1.40078e-27
2.01881e-26
-1.94637e-27
2.53662e-26
-2.44941e-27
2.89638e-26
-2.79203e-27
3.00756e-26
-2.88188e-27
2.84159e-26
-2.69867e-27
2.45016e-26
-2.40692e-27
2.02821e-26
-3.80945e-27
3.00799e-26
-3.10824e-26
2.26537e-25
-4.04727e-25
2.69292e-24
-5.10782e-24
3.08345e-23
-6.01968e-23
3.26825e-22
-6.56792e-22
3.17419e-21
-6.55094e-21
2.78189e-20
-5.85677e-20
2.15403e-19
-4.5798e-19
1.43084e-18
-3.03789e-18
7.87828e-18
-1.65422e-17
3.45845e-17
-7.12378e-17
1.18767e-16
-2.38224e-16
2.89769e-16
-5.53866e-16
6.9693e-16
-1.17632e-15
2.94511e-15
-3.60887e-15
1.3232e-14
-1.48829e-14
4.06087e-14
-4.89349e-14
5.51393e-14
-8.18774e-14
6.39688e-14
-8.89855e-14
1.30163e-13
-1.21432e-13
-3.68569e-13
1.06558e-39
-9.54667e-41
4.1215e-38
-2.63829e-39
1.1881e-36
-5.52747e-38
1.92328e-35
-7.32726e-37
2.12001e-34
-7.09298e-36
1.74868e-33
-5.36769e-35
1.13835e-32
-3.30666e-34
6.05678e-32
-1.70417e-33
2.70008e-31
-7.49366e-33
1.02734e-30
-2.85277e-32
3.38289e-30
-9.50704e-32
9.74735e-30
-2.79725e-31
2.47912e-29
-7.31419e-31
5.60443e-29
-1.70805e-30
1.13228e-28
-3.57517e-30
2.05299e-28
-6.72363e-30
3.35091e-28
-1.13766e-29
4.93382e-28
-1.7326e-29
6.56086e-28
-2.37377e-29
7.88294e-28
-2.92335e-29
8.55791e-28
-3.25215e-29
8.4127e-28
-3.65982e-29
7.86337e-28
-1.09542e-28
1.30234e-27
-1.34958e-27
1.1105e-26
-2.04691e-26
1.5094e-25
-2.96624e-25
1.9864e-24
-4.03643e-24
2.43887e-23
-5.12774e-23
2.76991e-22
-6.0136e-22
2.87366e-21
-6.39765e-21
2.67041e-20
-6.03582e-20
2.16902e-19
-4.92439e-19
1.49349e-18
-3.37256e-18
8.43635e-18
-1.88182e-17
3.76633e-17
-8.25445e-17
1.30481e-16
-2.79301e-16
3.14071e-16
-6.38197e-16
1.00088e-15
-1.55602e-15
4.36395e-15
-5.4027e-15
1.77835e-14
-2.13398e-14
4.80458e-14
-6.5892e-14
6.52021e-14
-1.01078e-13
8.2784e-14
-1.14229e-13
2.05788e-13
-1.8107e-13
-9.40969e-13
1.67297e-42
-1.38059e-43
7.20595e-41
-4.15524e-42
2.24608e-39
-9.19594e-41
3.96018e-38
-1.29038e-39
4.77632e-37
-1.32047e-38
4.32685e-36
-1.05429e-37
3.10399e-35
-6.83898e-37
1.82552e-34
-3.70413e-36
9.01927e-34
-1.70809e-35
3.81085e-33
-6.80351e-35
1.39562e-32
-2.36641e-34
4.47574e-32
-7.24777e-34
1.26687e-31
-1.96742e-33
3.18398e-31
-4.75522e-33
7.13679e-31
-1.02679e-32
1.4311e-30
-1.98518e-32
2.57223e-30
-3.44063e-32
4.14761e-30
-5.34804e-32
5.99912e-30
-7.476e-32
7.77988e-30
-9.923e-32
9.09346e-30
-2.34938e-31
1.07305e-29
-2.68756e-30
3.36182e-29
-4.80329e-29
4.32859e-28
-8.40243e-28
6.85162e-27
-1.39504e-26
1.03493e-25
-2.18637e-25
1.46631e-24
-3.22135e-24
1.93753e-23
-4.41703e-23
2.36132e-22
-5.54742e-22
2.60846e-21
-6.25089e-21
2.55336e-20
-6.17577e-20
2.15986e-19
-5.22595e-19
1.53258e-18
-3.68319e-18
8.85364e-18
-2.10477e-17
4.01787e-17
-9.41826e-17
1.40543e-16
-3.23067e-16
3.31714e-16
-7.21815e-16
1.25929e-15
-2.13819e-15
5.90956e-15
-7.92532e-15
2.25645e-14
-2.98731e-14
5.5016e-14
-8.45779e-14
7.33148e-14
-1.13759e-13
1.22862e-13
-1.5474e-13
4.29941e-13
-4.29628e-13
-3.44118e-12
2.29325e-45
-2.6089e-48
1.07594e-43
-8.10265e-47
3.54046e-42
-1.80944e-45
6.60492e-41
-2.57238e-44
8.41972e-40
-2.67346e-43
8.04563e-39
-2.17298e-42
6.076e-38
-1.43895e-41
3.75413e-37
-7.98226e-41
1.9443e-36
-3.78504e-40
8.59139e-36
-1.5574e-39
3.28218e-35
-5.62511e-39
1.09505e-34
-1.80017e-38
3.21572e-34
-5.14364e-38
8.35887e-34
-1.32101e-37
1.93133e-33
-3.07093e-37
3.97801e-33
-6.56647e-37
7.31699e-33
-1.46008e-36
1.20297e-32
-7.38247e-36
1.77342e-32
-1.30216e-34
2.47584e-32
-2.97732e-33
6.15117e-32
-6.59695e-32
7.36863e-31
-1.39654e-30
1.37653e-29
-2.79072e-29
2.51279e-28
-5.2934e-28
4.34711e-27
-9.54153e-27
7.08968e-26
-1.6254e-25
1.08572e-24
-2.59539e-24
1.5457e-23
-3.82427e-23
2.01366e-22
-5.10438e-22
2.35156e-21
-6.04404e-21
2.40591e-20
-6.21567e-20
2.10668e-19
-5.43783e-19
1.53527e-18
-3.94227e-18
9.06508e-18
-2.31109e-17
4.188e-17
-1.05798e-16
1.48196e-16
-3.68749e-16
3.4125e-16
-8.22289e-16
1.63662e-15
-2.62179e-15
7.79561e-15
-1.1327e-14
2.77388e-14
-4.18745e-14
5.80289e-14
-9.74497e-14
8.1975e-14
-1.20477e-13
2.50236e-13
-2.91559e-13
1.21564e-12
-1.31591e-12
-1.16432e-11
4.08914e-50
-5.00729e-54
1.98077e-48
-1.94587e-52
6.57409e-47
-5.27956e-51
1.24207e-45
-9.21866e-50
1.60778e-44
-1.18814e-48
1.56363e-43
-1.21073e-47
1.20505e-42
-1.01777e-46
7.62258e-42
-7.2738e-46
4.05756e-41
-4.52661e-45
1.85109e-40
-2.50564e-44
7.33882e-40
-1.26043e-43
2.55658e-39
-5.90584e-43
7.89641e-39
-2.68231e-42
2.17914e-38
-1.35001e-41
5.4155e-38
-1.21307e-40
1.23239e-37
-2.53381e-39
2.90493e-37
-7.0955e-38
1.5517e-36
-1.99074e-36
2.88261e-35
-5.33572e-35
6.92284e-34
-1.35535e-33
1.60725e-32
-3.2462e-32
3.55738e-31
-7.43588e-31
7.41798e-30
-1.61347e-29
1.46568e-28
-3.33952e-28
2.74778e-27
-6.5667e-27
4.86155e-26
-1.21612e-25
8.05237e-25
-2.09357e-24
1.22939e-23
-3.28833e-23
1.69851e-22
-4.62744e-22
2.07991e-21
-5.72432e-21
2.21026e-20
-6.11012e-20
1.9966e-19
-5.5247e-19
1.49351e-18
-4.12821e-18
9.02752e-18
-2.49069e-17
4.25787e-17
-1.17058e-16
1.52776e-16
-4.15408e-16
4.26841e-16
-9.48486e-16
1.97688e-15
-3.45591e-15
9.89121e-15
-1.58102e-14
3.28569e-14
-5.75003e-14
5.82666e-14
-1.02551e-13
1.12823e-13
-1.47085e-13
6.51733e-13
-7.4886e-13
3.57233e-12
-4.08684e-12
-3.34994e-11
7.36793e-56
-3.14542e-58
4.47086e-54
-1.47628e-56
1.80245e-52
-4.70812e-55
4.18129e-51
-9.76298e-54
6.71059e-50
-1.51047e-52
8.1796e-49
-1.87632e-51
7.99901e-48
-1.9675e-50
6.51542e-47
-1.81318e-49
4.54895e-46
-1.52208e-48
2.78995e-45
-1.20827e-47
1.53932e-44
-9.70917e-47
7.84466e-44
-9.98611e-46
3.84772e-43
-1.95196e-44
2.07874e-42
-6.23625e-43
1.99456e-41
-2.20703e-41
4.42838e-40
-7.57246e-40
1.31286e-38
-2.46252e-38
3.88568e-37
-7.54591e-37
1.09518e-35
-2.18818e-35
2.91713e-34
-6.02808e-34
7.30772e-33
-1.56919e-32
1.74683e-31
-3.92004e-31
3.94727e-30
-9.31265e-30
8.49245e-29
-2.11145e-28
1.73296e-27
-4.52491e-27
3.32555e-26
-9.05634e-26
5.92434e-25
-1.66684e-24
9.6179e-24
-2.76941e-23
1.39748e-22
-4.08735e-22
1.7833e-21
-5.26955e-21
1.96199e-20
-5.84026e-20
1.82722e-19
-5.4687e-19
1.4054e-18
-4.22766e-18
8.72262e-18
-2.6358e-17
4.21452e-17
-1.27622e-16
1.53659e-16
-4.61752e-16
4.4318e-16
-1.0812e-15
2.3609e-15
-4.47269e-15
1.21051e-14
-2.13761e-14
3.67126e-14
-7.51016e-14
6.77511e-14
-1.15702e-13
2.53408e-13
-2.88079e-13
1.96767e-12
-2.30116e-12
1.16405e-11
-1.32166e-11
-9.47534e-11
4.31997e-60
-3.7929e-62
3.17314e-58
-2.19687e-60
1.50368e-56
-8.53262e-59
4.14116e-55
-2.21368e-57
7.976e-54
-4.43611e-56
1.18465e-52
-7.4429e-55
1.44434e-51
-1.10522e-53
1.51605e-50
-1.53641e-52
1.42676e-49
-2.28852e-51
1.25387e-48
-5.00375e-50
1.10408e-47
-1.82437e-48
1.23381e-46
-8.20522e-47
2.60155e-45
-3.68508e-45
8.9107e-44
-1.56745e-43
3.36278e-42
-6.25442e-42
1.22459e-40
-2.34182e-40
4.20915e-39
-8.27687e-39
1.35826e-37
-2.76082e-37
4.13404e-36
-8.7026e-36
1.19178e-34
-2.61972e-34
3.23781e-33
-7.47815e-33
8.42108e-32
-2.05033e-31
2.07823e-30
-5.35355e-30
4.8852e-29
-1.32564e-28
1.08345e-27
-3.07761e-27
2.24054e-26
-6.60252e-26
4.25471e-25
-1.28998e-24
7.28438e-24
-2.25729e-23
1.10662e-22
-3.48866e-22
1.46714e-21
-4.69186e-21
1.67082e-20
-5.41513e-20
1.60659e-19
-5.27057e-19
1.27474e-18
-4.23554e-18
8.15369e-18
-2.74034e-17
4.04891e-17
-1.37085e-16
1.50195e-16
-5.05935e-16
4.47812e-16
-1.21566e-15
2.72389e-15
-5.64887e-15
1.40942e-14
-2.76499e-14
4.2118e-14
-9.23514e-14
1.12549e-13
-1.87161e-13
6.53276e-13
-5.66113e-13
6.72651e-12
-9.12378e-12
3.34081e-11
-3.27388e-11
-2.94609e-10
4.83148e-64
-7.74494e-66
4.39729e-62
-5.7794e-64
2.53795e-60
-2.88572e-62
8.7409e-59
-9.99957e-61
2.17969e-57
-2.82237e-59
4.37016e-56
-7.65916e-58
7.54002e-55
-2.65151e-56
1.19289e-53
-1.37402e-54
1.99018e-52
-8.60657e-53
4.81244e-51
-5.36289e-51
1.92053e-49
-3.11151e-49
9.37317e-48
-1.67144e-47
4.53474e-46
-8.32076e-46
2.06476e-44
-3.86667e-44
8.77097e-43
-1.6856e-42
3.4793e-41
-6.88916e-41
1.29721e-39
-2.65622e-39
4.54687e-38
-9.7162e-38
1.50085e-36
-3.35863e-36
4.71609e-35
-1.11332e-34
1.40123e-33
-3.50665e-33
3.98825e-32
-1.05609e-31
1.07845e-30
-3.02349e-30
2.75953e-29
-8.12112e-29
6.60705e-28
-2.02794e-27
1.4592e-26
-4.63645e-26
2.93026e-25
-9.58268e-25
5.26285e-24
-1.76532e-23
8.33835e-23
-2.86173e-22
1.1485e-21
-4.02981e-21
1.35649e-20
-4.86582e-20
1.35038e-19
-4.94674e-19
1.10958e-18
-4.15318e-18
7.33939e-18
-2.79849e-17
3.754e-17
-1.44888e-16
1.41701e-16
-5.45445e-16
4.36689e-16
-1.34422e-15
2.97983e-15
-6.86915e-15
1.56705e-14
-3.41109e-14
5.54797e-14
-1.14005e-13
3.44197e-13
-4.33574e-13
2.28643e-12
-2.40969e-12
2.73713e-11
-2.46093e-11
1.12408e-10
-1.09633e-10
-8.61906e-10
9.09143e-68
-2.8475e-69
1.07303e-65
-3.12142e-67
7.95983e-64
-2.53792e-65
3.65875e-62
-1.98049e-63
1.28413e-60
-1.87775e-61
4.16083e-59
-1.925e-59
1.67207e-57
-1.84946e-57
9.85086e-56
-1.59287e-55
6.9033e-54
-1.22741e-53
4.75128e-52
-8.55636e-52
3.01312e-50
-5.44579e-50
1.75373e-48
-3.202e-48
9.38893e-47
-1.74993e-46
4.66189e-45
-8.90416e-45
2.15917e-43
-4.25659e-43
9.32861e-42
-1.91718e-41
3.78506e-40
-8.12125e-40
1.45107e-38
-3.28248e-38
5.23746e-37
-1.25335e-36
1.80661e-35
-4.59296e-35
5.90268e-34
-1.59693e-33
1.83869e-32
-5.26292e-32
5.42998e-31
-1.64213e-30
1.50075e-29
-4.76047e-29
3.84734e-28
-1.2724e-27
9.01151e-27
-3.09563e-26
1.90456e-25
-6.77084e-25
3.58186e-24
-1.31696e-23
5.91946e-23
-2.24867e-22
8.4881e-22
-3.33519e-21
1.04277e-20
-4.23651e-20
1.07807e-19
-4.52358e-19
9.20355e-19
-3.98494e-18
6.30779e-18
-2.80294e-17
3.32421e-17
-1.50273e-16
1.27538e-16
-5.77092e-16
4.05282e-16
-1.45651e-15
3.02093e-15
-7.91845e-15
1.67012e-14
-4.03731e-14
7.89649e-14
-1.45728e-13
6.83849e-13
-6.88412e-13
5.54304e-12
-6.21992e-12
4.96994e-11
-4.01199e-11
2.43958e-10
-2.82122e-10
-1.75977e-09
3.06347e-71
-4.20794e-72
5.36202e-69
-1.68762e-69
6.46833e-67
-4.74762e-67
6.68561e-65
-9.50135e-65
7.87251e-63
-1.47778e-62
9.62457e-61
-1.87897e-60
1.07202e-58
-2.03104e-58
1.04827e-56
-1.91913e-56
9.02403e-55
-1.61846e-54
6.93748e-53
-1.23827e-52
4.81797e-51
-8.67709e-51
3.06362e-49
-5.60197e-49
1.7969e-47
-3.37579e-47
9.74735e-46
-1.90212e-45
4.93839e-44
-1.00213e-43
2.34488e-42
-5.00652e-42
1.04217e-40
-2.34899e-40
4.4002e-39
-1.05354e-38
1.74799e-37
-4.45662e-37
6.63932e-36
-1.80489e-35
2.38422e-34
-6.90584e-34
8.08874e-33
-2.48172e-32
2.58997e-31
-8.39304e-31
7.68227e-30
-2.62377e-29
2.09515e-28
-7.50056e-28
5.18767e-27
-1.94565e-26
1.15203e-25
-4.52115e-25
2.27013e-24
-9.33569e-24
3.91966e-23
-1.69012e-22
5.86948e-22
-2.65927e-21
7.51883e-21
-3.57452e-20
8.09087e-20
-4.02973e-19
7.18259e-19
-3.73459e-18
5.09458e-18
-2.74395e-17
2.75854e-17
-1.52287e-16
1.07263e-16
-5.96954e-16
3.49478e-16
-1.53979e-15
2.73781e-15
-8.54309e-15
1.64397e-14
-4.57311e-14
1.17693e-13
-1.99507e-13
1.17694e-12
-1.23482e-12
1.03065e-11
-1.00816e-11
6.20734e-11
-6.95595e-11
4.72638e-10
-4.5612e-10
-2.4154e-09
4.13794e-74
-1.59422e-73
2.68127e-71
-9.50588e-71
1.11505e-68
-3.15909e-68
2.94756e-66
-7.02077e-66
5.68206e-64
-1.19035e-63
8.60014e-62
-1.64875e-61
1.07587e-59
-1.9498e-59
1.15216e-57
-2.02718e-57
1.08349e-55
-1.88479e-55
9.12407e-54
-1.58744e-53
6.96171e-52
-1.232e-51
4.84942e-50
-8.85091e-50
3.12831e-48
-5.90443e-48
1.87392e-46
-3.70241e-46
1.04311e-44
-2.17081e-44
5.4752e-43
-1.20641e-42
2.68515e-41
-6.30711e-41
1.25282e-39
-3.14132e-39
5.48833e-38
-1.47208e-37
2.29208e-36
-6.58308e-36
9.0068e-35
-2.76757e-34
3.31111e-33
-1.08442e-32
1.14118e-31
-3.96661e-31
3.62217e-30
-1.33933e-29
1.04757e-28
-4.11171e-28
2.7396e-27
-1.14212e-26
6.39663e-26
-2.83977e-25
1.3229e-24
-6.27391e-24
2.39164e-23
-1.21495e-22
3.74787e-22
-2.04172e-21
5.00609e-21
-2.92037e-20
5.59931e-20
-3.48915e-19
5.14471e-19
-3.40375e-18
3.74934e-18
-2.61047e-17
2.06812e-17
-1.49865e-16
8.08978e-17
-6.00141e-16
2.09589e-16
-1.52628e-15
2.14095e-15
-8.64675e-15
1.4804e-14
-4.8882e-14
1.45572e-13
-2.5056e-13
1.567e-12
-1.88212e-12
1.35325e-11
-1.63162e-11
1.06124e-10
-1.21072e-10
6.62503e-10
-8.18447e-10
-4.39229e-09
1.4357e-75
-7.81084e-75
1.39987e-72
-5.01474e-72
6.8269e-70
-1.78814e-69
1.99479e-67
-4.31447e-67
4.17847e-65
-8.0171e-65
6.87172e-63
-1.22506e-62
9.38279e-61
-1.59976e-60
1.10309e-58
-1.83655e-58
1.141e-56
-1.89849e-56
1.05513e-54
-1.78554e-54
8.8929e-53
-1.53923e-52
6.8736e-51
-1.2335e-50
4.89323e-49
-9.21391e-49
3.25067e-47
-6.42963e-47
2.00601e-45
-4.22609e-45
1.16629e-43
-2.614e-43
6.34298e-42
-1.53129e-41
3.26894e-40
-8.47694e-40
1.57699e-38
-4.40633e-38
7.22368e-37
-2.17844e-36
3.09548e-35
-1.00679e-34
1.23027e-33
-4.3123e-33
4.54212e-32
-1.70946e-31
1.54028e-30
-6.24897e-30
4.7251e-29
-2.07583e-28
1.30472e-27
-6.22597e-27
3.20764e-26
-1.67212e-25
6.96927e-25
-3.99138e-24
1.31989e-23
-8.3418e-23
2.15681e-22
-1.50539e-21
2.98337e-21
-2.30108e-20
3.42936e-20
-2.91864e-19
3.2049e-19
-2.99386e-18
2.34776e-18
-2.39342e-17
1.28663e-17
-1.41972e-16
4.93493e-17
-5.80897e-16
1.21273e-16
-1.45924e-15
9.50239e-16
-7.94956e-15
9.56297e-15
-4.83833e-14
1.12786e-13
-2.90382e-13
1.2882e-12
-2.49536e-12
1.23248e-11
-2.27756e-11
1.05702e-10
-1.80497e-10
7.98344e-10
-1.191e-09
-6.16822e-09
6.48846e-77
-2.97317e-76
6.87338e-74
-2.05199e-73
3.5537e-71
-8.00729e-71
1.11945e-68
-2.14077e-68
2.55814e-66
-4.40659e-66
4.62472e-64
-7.46728e-64
6.95145e-62
-1.08661e-61
8.99786e-60
-1.40101e-59
1.03177e-57
-1.6171e-57
1.06221e-55
-1.69756e-55
9.91204e-54
-1.64619e-53
8.51583e-52
-1.47193e-51
6.76183e-50
-1.23683e-49
4.97737e-48
-9.68695e-48
3.4267e-46
-7.15895e-46
2.20539e-44
-4.9606e-44
1.33577e-42
-3.26857e-42
7.59861e-41
-2.02178e-40
4.03414e-39
-1.17227e-38
2.02462e-37
-6.42128e-37
9.43954e-36
-3.26177e-35
4.05247e-34
-1.53145e-33
1.59925e-32
-6.62188e-32
5.7776e-31
-2.63664e-30
1.88189e-29
-9.55124e-29
5.48674e-28
-3.13004e-27
1.4187e-26
-9.19223e-26
3.22464e-25
-2.39171e-24
6.33674e-24
-5.43129e-23
1.05965e-22
-1.0582e-21
1.47491e-21
-1.73212e-20
1.66894e-20
-2.32972e-19
1.48794e-19
-2.50739e-18
1.00167e-18
-2.09105e-17
4.80932e-18
-1.28141e-16
1.51018e-17
-5.3488e-16
2.74518e-17
-1.33287e-15
9.95641e-17
-7.504e-15
1.13365e-15
-4.57018e-14
1.19852e-14
-2.94883e-13
1.86624e-13
-2.58166e-12
3.03958e-12
-2.3909e-11
4.15615e-11
-1.99255e-10
4.57027e-10
-1.43871e-09
-8.65157e-09
2.30248e-78
-7.79195e-78
2.6296e-75
-6.10189e-75
1.46333e-72
-2.69211e-72
5.05868e-70
-8.10484e-70
1.27273e-67
-1.87534e-67
2.53987e-65
-3.59312e-65
4.23761e-63
-5.9221e-63
6.13814e-61
-8.55356e-61
7.83111e-59
-1.11541e-58
8.96551e-57
-1.32574e-56
9.37408e-55
-1.4401e-54
8.94721e-53
-1.46474e-52
7.95349e-51
-1.38023e-50
6.53574e-49
-1.2321e-48
5.02854e-47
-1.02954e-46
3.60053e-45
-8.10913e-45
2.43357e-43
-6.0067e-43
1.53278e-41
-4.15341e-41
8.98171e-40
-2.70224e-39
4.93296e-38
-1.63828e-37
2.49132e-36
-9.19594e-36
1.15232e-34
-4.76141e-34
4.8582e-33
-2.26826e-32
1.86399e-31
-9.91466e-31
6.41732e-30
-3.95628e-29
1.96569e-28
-1.43251e-27
5.28417e-27
-4.64196e-26
1.22483e-25
-1.3304e-24
2.38688e-24
-3.3063e-23
3.77605e-23
-6.98019e-22
4.57654e-22
-1.23408e-20
3.75186e-21
-1.73745e-19
1.22138e-20
-1.91772e-18
-8.98576e-19
-1.62937e-17
-1.03743e-17
-1.02967e-16
-4.27687e-17
-4.52923e-16
-3.36424e-16
-1.13837e-15
-6.15303e-16
-6.65075e-15
-9.59788e-16
-4.92974e-14
5.77431e-14
-3.8677e-13
7.48977e-13
-3.54319e-12
6.06435e-12
-3.16569e-11
3.79351e-11
-2.56114e-10
1.67682e-10
-1.84454e-09
-1.12709e-08
5.68155e-80
-1.20993e-79
7.33156e-77
-1.18865e-76
4.52161e-74
-6.2233e-74
1.7393e-71
-2.18415e-71
4.88212e-69
-5.81869e-69
1.09538e-66
-1.28573e-66
2.06023e-64
-2.41001e-64
3.32858e-62
-3.95741e-62
4.77734e-60
-5.88832e-60
6.16528e-58
-7.90072e-58
7.18665e-56
-9.88825e-56
7.76209e-54
-1.13733e-53
7.69268e-52
-1.23966e-51
7.15725e-50
-1.25358e-49
6.17896e-48
-1.1977e-47
4.98487e-46
-1.07133e-45
3.74881e-44
-8.94563e-44
2.60761e-42
-7.01361e-42
1.68988e-40
-5.13187e-40
1.0095e-38
-3.4714e-38
5.51523e-37
-2.16948e-36
2.73986e-35
-1.25232e-34
1.23083e-33
-6.65277e-33
4.96477e-32
-3.24359e-31
1.77683e-30
-1.44847e-29
5.54331e-29
-5.86897e-28
1.45635e-27
-2.12239e-26
3.04326e-26
-6.76425e-25
4.34037e-25
-1.82557e-23
1.4413e-24
-3.97716e-22
-1.76611e-21
-6.99972e-21
-4.53788e-20
-9.92572e-20
-6.27207e-19
-1.12656e-18
-5.62553e-18
-1.00944e-17
-3.26155e-17
-6.95411e-17
-1.02996e-16
-3.49615e-16
-1.76319e-16
-1.11228e-15
-1.1933e-15
-6.20287e-15
3.91092e-15
-5.67755e-14
2.19116e-13
-6.07943e-13
2.49693e-12
-5.87579e-12
2.05079e-11
-5.05343e-11
1.40543e-10
-3.7954e-10
7.728e-10
-2.48392e-09
-1.37817e-08
8.35487e-82
-9.39166e-82
1.33862e-78
-1.31076e-78
9.59003e-76
-8.84909e-76
4.24345e-73
-3.81238e-73
1.35962e-70
-1.20033e-70
3.49542e-68
-3.09349e-68
7.43613e-66
-6.6912e-66
1.35905e-63
-1.27836e-63
2.21466e-61
-2.17489e-61
3.20989e-59
-3.39766e-59
4.28707e-57
-4.85968e-57
5.20375e-55
-6.5036e-55
5.92354e-53
-8.05265e-53
6.19275e-51
-9.46279e-51
6.05527e-49
-1.03416e-48
5.48582e-47
-1.0568e-46
4.58843e-45
-1.01986e-44
3.56024e-43
-9.1124e-43
2.54307e-41
-7.54864e-41
1.65263e-39
-5.79082e-39
9.73049e-38
-4.09276e-37
5.16176e-36
-2.66372e-35
2.43682e-34
-1.60093e-33
1.00567e-32
-8.86004e-32
3.51376e-31
-4.47812e-30
9.56995e-30
-2.05308e-28
1.49523e-28
-8.10888e-27
-6.522e-26
-2.61319e-25
-6.18865e-24
-6.8948e-24
-2.03739e-22
-1.49337e-22
-4.39864e-21
-2.66141e-21
-6.90351e-20
-3.90673e-20
-8.08529e-19
-4.71733e-19
-7.0131e-18
-4.65859e-18
-4.32106e-17
-3.70769e-17
-1.65022e-16
-2.29601e-16
-3.27428e-16
-1.00724e-15
-1.22532e-15
-5.85973e-15
1.20281e-14
-6.65147e-14
1.52501e-13
-7.32351e-13
1.51779e-12
-7.14362e-12
1.21531e-11
-6.0647e-11
7.98072e-11
-4.49139e-10
4.55125e-10
-2.90458e-09
-1.59625e-08
6.15613e-84
-2.9141e-84
1.37877e-80
-7.10781e-81
1.24701e-77
-6.95358e-78
6.68219e-75
-3.79362e-75
2.50699e-72
-1.47193e-72
7.46475e-70
-4.52286e-70
1.8215e-67
-1.15189e-67
3.8517e-65
-2.59369e-65
7.13704e-63
-5.12913e-63
1.19738e-60
-9.35774e-61
1.81598e-58
-1.54455e-58
2.54639e-56
-2.41546e-56
3.2656e-54
-3.48218e-54
3.92884e-52
-4.71366e-52
4.34348e-50
-6.03744e-50
4.43236e-48
-7.17679e-48
4.21044e-46
-7.93933e-46
3.64189e-44
-8.17806e-44
2.86233e-42
-7.85742e-42
2.03072e-40
-6.96146e-40
1.28251e-38
-5.66281e-38
7.09573e-37
-4.24187e-36
3.34325e-35
-2.92016e-34
1.23794e-33
-1.8487e-32
2.59684e-32
-1.05591e-30
-3.00762e-29
-4.92342e-29
-3.82157e-27
-1.88608e-27
-1.87039e-25
-5.96609e-26
-6.17609e-24
-1.56643e-24
-1.52927e-22
-3.43131e-23
-2.95357e-21
-6.30109e-22
-4.5266e-20
-9.73748e-21
-5.53055e-19
-1.26892e-19
-5.34241e-18
-1.39247e-18
-3.95586e-17
-1.27733e-17
-2.05027e-16
-9.62195e-17
-6.78391e-16
-5.7515e-16
-2.5518e-15
-4.01419e-15
-2.82924e-14
-4.24404e-14
-3.28459e-13
-4.44596e-13
-3.22633e-12
-4.24346e-12
-2.96086e-11
-3.47308e-11
-2.40037e-10
-2.46172e-10
-1.70526e-09
-1.51459e-09
-8.0442e-09
1.82221e-86
-2.97566e-87
6.94765e-83
-1.63256e-83
8.91811e-80
-2.57456e-80
5.97474e-77
-1.91302e-77
2.73603e-74
-9.43489e-75
9.64253e-72
-3.53486e-72
2.75279e-69
-1.08991e-69
6.81946e-67
-2.8968e-67
1.45997e-64
-6.78658e-65
2.84233e-62
-1.45281e-62
4.93955e-60
-2.81256e-60
8.02885e-58
-5.17092e-58
1.18754e-55
-8.777e-56
1.62722e-53
-1.38179e-53
2.07921e-51
-2.0794e-51
2.42546e-49
-2.91418e-49
2.58255e-47
-3.81201e-47
2.49977e-45
-4.62491e-45
2.1871e-43
-5.18955e-43
1.68816e-41
-5.39202e-41
1.11684e-39
-5.16194e-39
6.00384e-38
-4.52429e-37
2.17182e-36
-3.63571e-35
-5.69345e-34
-2.5059e-33
-4.8393e-31
-1.40171e-31
-3.88914e-29
-6.42801e-30
-1.97232e-27
-2.43664e-28
-7.41021e-26
-7.6909e-27
-2.18034e-24
-2.03461e-25
-5.16475e-23
-4.5381e-24
-1.00103e-21
-8.57947e-23
-1.60268e-20
-1.3812e-21
-2.12717e-19
-1.90083e-20
-2.33129e-18
-2.24301e-19
-2.07775e-17
-2.2741e-18
-1.45791e-16
-1.98378e-17
-6.19747e-16
-1.4922e-16
-3.63716e-15
-9.32338e-16
-4.00129e-14
-8.33192e-15
-4.22619e-13
-8.52974e-14
-4.08145e-12
-8.46344e-13
-3.50518e-11
-7.00212e-12
-2.59783e-10
-4.93089e-11
-1.63134e-09
-2.97125e-10
-1.53726e-09
1.80162e-89
-7.20066e-91
1.47493e-85
-1.27743e-86
2.98656e-82
-3.83291e-83
2.69314e-79
-4.06276e-80
1.55248e-76
-2.62392e-77
6.62142e-74
-1.23601e-74
2.27347e-71
-4.67401e-72
6.60641e-69
-1.47585e-69
1.66504e-66
-4.19564e-67
3.77797e-64
-1.06044e-64
7.64299e-62
-2.46293e-62
1.4478e-59
-5.34931e-60
2.4952e-57
-1.07043e-57
3.92591e-55
-2.01099e-55
5.79946e-53
-3.59083e-53
7.81038e-51
-6.00374e-51
9.55927e-49
-9.35169e-49
1.04715e-46
-1.35422e-46
1.00747e-44
-1.82555e-44
8.25068e-43
-2.27563e-42
5.26824e-41
-2.598e-40
1.81725e-39
-2.71377e-38
-8.43361e-36
-2.37356e-36
-1.68991e-33
-1.66091e-34
-1.42843e-31
-9.42367e-33
-8.29021e-30
-4.38444e-31
-3.66367e-28
-1.689e-29
-1.28709e-26
-5.43212e-28
-3.68109e-25
-1.46905e-26
-8.7041e-24
-3.36155e-25
-1.72037e-22
-6.54439e-24
-2.86563e-21
-1.08935e-22
-4.04716e-20
-1.55736e-21
-4.86762e-19
-1.9201e-20
-5.00176e-18
-2.04931e-19
-4.40721e-17
-1.89946e-18
-2.89327e-16
-1.53214e-17
-1.41908e-15
-1.16349e-16
-9.39359e-15
-1.00564e-15
-9.35461e-14
-5.81776e-15
-9.10402e-13
-6.72963e-14
-7.59582e-12
-5.99765e-13
-5.44421e-11
-4.23107e-12
-3.36459e-10
-2.46169e-11
-1.22062e-10
4.33512e-93
-2.5272e-95
1.06098e-88
-2.69689e-90
3.99094e-85
-1.81309e-86
5.07348e-82
-2.90873e-83
3.79192e-79
-2.53672e-80
2.01744e-76
-1.50981e-77
8.43768e-74
-7.0228e-75
2.89415e-71
-2.76716e-72
8.79393e-69
-9.39765e-70
2.33955e-66
-2.88168e-67
5.63404e-64
-8.13971e-65
1.24933e-61
-2.09969e-62
2.51039e-59
-5.08488e-60
4.64811e-57
-1.16713e-57
8.00082e-55
-2.51407e-55
1.25425e-52
-5.06858e-53
1.76495e-50
-9.56796e-51
2.18699e-48
-1.69724e-48
2.30633e-46
-2.81296e-46
1.87277e-44
-4.30883e-44
7.3559e-43
-6.08153e-42
-8.69265e-39
-7.22795e-40
-1.88989e-36
-6.75292e-38
-1.92956e-34
-5.03472e-36
-1.36431e-32
-3.03538e-34
-7.34484e-31
-1.49709e-32
-3.13922e-29
-6.1016e-31
-1.09094e-27
-2.0729e-29
-3.13177e-26
-5.91455e-28
-7.51292e-25
-1.42669e-26
-1.51976e-23
-2.92624e-25
-2.61165e-22
-5.12962e-24
-3.83693e-21
-7.72051e-23
-4.84596e-20
-1.00182e-21
-5.28614e-19
-1.12497e-20
-4.99724e-18
-1.09695e-19
-4.09747e-17
-9.31626e-19
-2.90115e-16
-6.90908e-18
-1.29429e-15
-4.48255e-17
-7.09977e-15
-3.81963e-16
-7.34716e-14
-1.97628e-15
-6.57125e-13
-2.13841e-14
-4.7448e-12
-1.65524e-13
-2.8389e-11
-1.00618e-12
-5.2046e-12
1.55733e-97
-4.69157e-101
2.04582e-92
-9.59075e-95
1.67834e-88
-1.87579e-90
3.18476e-85
-4.88847e-87
3.18006e-82
-5.93605e-84
2.11939e-79
-4.63707e-81
1.08247e-76
-2.73771e-78
4.6023e-74
-1.33517e-75
1.65952e-71
-5.72839e-73
5.31868e-69
-2.17565e-70
1.5454e-66
-7.48881e-68
4.03197e-64
-2.43506e-65
9.69192e-62
-7.34673e-63
2.16001e-59
-2.08054e-60
4.39624e-57
-5.52971e-58
8.07723e-55
-1.38388e-55
1.31896e-52
-3.28816e-53
1.8598e-50
-7.34638e-51
2.07219e-48
-1.5392e-48
1.25608e-46
-3.01433e-46
-1.80448e-42
-5.18796e-44
-6.0674e-40
-6.91772e-42
-8.40615e-38
-7.26121e-40
-7.82728e-36
-6.08567e-38
-5.45437e-34
-4.12352e-36
-2.97983e-32
-2.28315e-34
-1.31064e-30
-1.0425e-32
-4.72384e-29
-3.95646e-31
-1.41327e-27
-1.25654e-29
-3.54507e-26
-3.35951e-28
-7.51661e-25
-7.60158e-27
-1.35636e-23
-1.46268e-25
-2.09525e-22
-2.40402e-24
-2.78519e-21
-3.38913e-23
-3.2008e-20
-4.11472e-22
-3.19352e-19
-4.31897e-21
-2.77652e-18
-3.93403e-20
-2.11001e-17
-3.12072e-19
-1.40455e-16
-2.16286e-18
-7.55541e-16
-1.31317e-17
-2.78708e-15
-7.54139e-17
-2.31892e-14
-6.10206e-16
-1.8175e-13
-3.3668e-15
-1.14212e-12
-2.64674e-14
-1.58408e-13
3.00677e-103
-2.69599e-109
6.57246e-97
-3.22046e-100
1.52282e-92
-2.56887e-95
4.61193e-89
-1.16354e-91
6.336e-86
-2.07621e-88
5.48933e-83
-2.2221e-85
3.53128e-80
-1.74859e-82
1.8454e-77
-1.11403e-79
8.34937e-75
-6.13488e-77
3.29079e-72
-3.05017e-74
1.15586e-69
-1.36788e-71
3.76517e-67
-5.64766e-69
1.11413e-64
-2.20734e-66
3.01558e-62
-8.20888e-64
7.40808e-60
-2.86608e-61
1.63491e-57
-9.41561e-59
3.18352e-55
-2.92723e-56
5.08716e-53
-8.57333e-54
5.32769e-51
-2.34057e-51
-4.14989e-47
-5.95185e-49
-4.12051e-44
-1.19925e-46
-8.81194e-42
-1.87307e-44
-1.18515e-39
-2.30682e-42
-1.15996e-37
-2.2734e-40
-8.74065e-36
-1.81525e-38
-5.22733e-34
-1.18663e-36
-2.53006e-32
-6.40615e-35
-1.00497e-30
-2.87717e-33
-3.31115e-29
-1.08169e-31
-9.12728e-28
-3.42201e-30
-2.12019e-26
-9.15046e-29
-4.17642e-25
-2.0761e-27
-7.01587e-24
-4.00986e-26
-1.01037e-22
-6.6121e-25
-1.25359e-21
-9.33215e-24
-1.34646e-20
-1.12993e-22
-1.25779e-19
-1.17613e-21
-1.0264e-18
-1.05454e-20
-7.34712e-18
-8.16023e-20
-4.63038e-17
-5.45998e-19
-2.59946e-16
-3.165e-18
-7.73141e-16
-1.59274e-17
-4.12668e-15
-9.24e-17
-2.92794e-14
-5.52504e-16
-2.74352e-15
1.78966e-111
-3.22421e-122
1.95504e-102
-2.90105e-107
1.78924e-97
-1.77854e-101
9.22049e-94
-1.7379e-97
1.83711e-90
-4.92929e-94
2.1577e-87
-7.89205e-91
1.83469e-84
-8.8763e-88
1.24342e-81
-7.94618e-85
7.17117e-79
-6.03053e-82
3.6737e-76
-4.10387e-79
1.6679e-73
-2.55403e-76
6.83401e-71
-1.46581e-73
2.5885e-68
-7.88622e-71
9.05378e-66
-3.98398e-68
2.85477e-63
-1.90004e-65
7.97289e-61
-8.63064e-63
1.89993e-58
-3.72443e-60
3.39917e-56
-1.51211e-57
1.90911e-54
-5.78289e-55
-3.6417e-49
-1.9155e-52
-1.44068e-46
-4.80906e-50
-3.05918e-44
-9.35073e-48
-4.51833e-42
-1.4342e-45
-5.0246e-40
-1.76194e-43
-4.37265e-38
-1.7558e-41
-3.04832e-36
-1.43413e-39
-1.72975e-34
-9.6849e-38
-8.08378e-33
-5.44676e-36
-3.13968e-31
-2.56658e-34
-1.02077e-29
-1.01853e-32
-2.79451e-28
-3.41884e-31
-6.47373e-27
-9.7429e-30
-1.27438e-25
-2.36472e-28
-2.13958e-24
-4.90158e-27
-3.07376e-23
-8.69721e-26
-3.79018e-22
-1.32368e-24
-4.02345e-21
-1.73098e-23
-3.68831e-20
-1.94769e-22
-2.92959e-19
-1.88765e-21
-2.02401e-18
-1.57669e-20
-1.22203e-17
-1.13482e-19
-6.4861e-17
-7.02912e-19
-3.07624e-16
-3.73506e-18
-7.44381e-16
-1.69211e-17
-8.877e-17
2.13654e-124
-1.7626e-151
1.50439e-109
-4.29355e-117
1.02463e-103
-9.98369e-110
1.1118e-99
-3.24893e-105
3.46883e-96
-1.77574e-101
6.0225e-93
-4.98003e-98
7.25209e-90
-8.93776e-95
6.85401e-87
-1.23852e-91
5.41062e-84
-1.43749e-88
3.76847e-81
-1.45632e-85
2.35708e-78
-1.36445e-82
1.33094e-75
-1.1858e-79
6.86305e-73
-9.67042e-77
3.21132e-70
-7.40169e-74
1.35164e-67
-5.34169e-71
5.02264e-65
-3.66412e-68
1.53782e-62
-2.37983e-65
3.00125e-60
-1.44664e-62
-1.29175e-55
-8.2412e-60
-1.88492e-52
-3.76501e-57
-7.32619e-50
-1.29923e-54
-1.79503e-47
-3.46755e-52
-3.18445e-45
-7.29767e-50
-4.32578e-43
-1.23024e-47
-4.64063e-41
-1.68262e-45
-4.01113e-39
-1.88677e-43
-2.83352e-37
-1.74955e-41
-1.65358e-35
-1.35118e-39
-8.03932e-34
-8.74303e-38
-3.27839e-32
-4.7637e-36
-1.12765e-30
-2.19475e-34
-3.287e-29
-8.58081e-33
-8.15195e-28
-2.85554e-31
-1.72606e-26
-8.10924e-30
-3.12965e-25
-1.96948e-28
-4.87244e-24
-4.09822e-27
-6.52925e-23
-7.3176e-26
-7.54774e-22
-1.12251e-24
-7.54209e-21
-1.48061e-23
-6.52644e-20
-1.68001e-22
-4.89796e-19
-1.6397e-21
-3.19097e-18
-1.37518e-20
-1.80475e-17
-9.88566e-20
-8.84866e-17
-6.05989e-19
-3.13621e-18
1.06422e-153
-1.11192e-175
1.78639e-119
-2.55461e-133
4.45834e-112
-7.15193e-122
1.56062e-107
-1.68623e-116
9.18651e-104
-2.58193e-112
2.75311e-100
-1.49956e-108
5.23469e-97
-5.10717e-105
7.59785e-94
-1.29564e-101
9.1124e-91
-2.71981e-98
9.39002e-88
-4.9598e-95
8.78479e-85
-8.1658e-92
7.45451e-82
-1.24692e-88
5.7697e-79
-1.81016e-85
4.03457e-76
-2.47954e-82
2.51624e-73
-3.19426e-79
1.35975e-70
-3.9033e-76
5.7458e-68
-4.50223e-73
1.12758e-65
-4.83994e-70
-4.6714e-60
-4.86141e-67
-4.80966e-57
-3.62624e-64
-2.31213e-54
-2.04951e-61
-7.45236e-52
-8.98367e-59
-1.77399e-49
-3.11196e-56
-3.26299e-47
-8.64904e-54
-4.76372e-45
-1.95252e-51
-5.62097e-43
-3.61648e-49
-5.4319e-41
-5.54153e-47
-4.34264e-39
-7.073e-45
-2.89522e-37
-7.56289e-43
-1.62009e-35
-6.80689e-41
-7.64959e-34
-5.17746e-39
-3.06139e-32
-3.33916e-37
-1.0424e-30
-1.83113e-35
-3.02978e-29
-8.55768e-34
-7.53894e-28
-3.41477e-32
-1.61009e-26
-1.16511e-30
-2.9583e-25
-3.40268e-29
-4.68634e-24
-8.51118e-28
-6.41382e-23
-1.82354e-26
-7.59907e-22
-3.34487e-25
-7.80952e-21
-5.24567e-24
-6.97519e-20
-7.01586e-23
-5.42461e-19
-7.96661e-22
-3.67927e-18
-7.6205e-21
-6.05477e-20
5.23777e-178
-2.49362e-214
7.56198e-136
-3.83451e-192
2.11747e-124
-6.6092e-146
5.08983e-119
-4.30983e-139
8.14315e-115
-3.3321e-134
4.96526e-111
-6.60983e-130
1.77071e-107
-7.39941e-126
4.66554e-104
-5.9298e-122
1.00484e-100
-3.86399e-118
1.85097e-97
-2.19175e-114
3.01938e-94
-1.12855e-110
4.45958e-91
-5.41354e-107
6.07103e-88
-2.46782e-103
7.46762e-85
-1.05864e-99
8.08515e-82
-4.30688e-96
7.38321e-79
-1.65724e-92
4.81754e-76
-5.96321e-89
2.02083e-74
-2.01605e-85
-4.44388e-67
-5.25342e-82
-5.66934e-64
-1.03972e-78
-4.15047e-61
-1.59678e-75
-2.12652e-58
-1.93754e-72
-8.18267e-56
-1.88526e-69
-2.45358e-53
-1.4891e-66
-5.86787e-51
-9.64611e-64
-1.13762e-48
-5.16852e-61
-1.80964e-46
-2.30712e-58
-2.38418e-44
-8.63103e-56
-2.62105e-42
-2.71958e-53
-2.41898e-40
-7.24723e-51
-1.88356e-38
-1.63883e-48
-1.24257e-36
-3.15324e-46
-6.96941e-35
-5.17344e-44
-3.33351e-33
-7.24994e-42
-1.36321e-31
-8.68908e-40
-4.77691e-30
-8.91411e-38
-1.43712e-28
-7.83125e-36
-3.71805e-27
-5.8912e-34
-8.28393e-26
-3.79212e-32
-1.59138e-24
-2.08531e-30
-2.63854e-23
-9.76844e-29
-3.77872e-22
-3.87936e-27
-4.67702e-21
-1.29573e-25
-5.00484e-20
-3.59135e-24
-8.06757e-23
6.48837e-217
4.50005e-195
6.89299e-149
4.29491e-142
3.34297e-137
6.81289e-133
7.85967e-129
6.45248e-125
4.25541e-121
2.40161e-117
1.20307e-113
5.4513e-110
2.25277e-106
8.23482e-103
2.565e-99
5.94827e-96
3.60613e-93
-1.62816e-85
-7.92163e-82
-2.08712e-78
-3.79527e-75
-5.15167e-72
-5.42987e-69
-4.55393e-66
-3.09139e-63
-1.72039e-60
-7.92669e-58
-3.04765e-55
-9.84013e-53
-2.68185e-50
-6.1956e-48
-1.21737e-45
-2.04022e-43
-2.92315e-41
-3.58749e-39
-3.77749e-37
-3.4171e-35
-2.65821e-33
-1.77943e-31
-1.02524e-29
-5.08232e-28
-2.16508e-26
-7.90709e-25
-2.46549e-23
)
;

boundaryField
{
    leftWall
    {
        type            calculated;
        value           uniform 0;
    }
    rightWall
    {
        type            calculated;
        value           nonuniform 0();
    }
    lowerWall
    {
        type            calculated;
        value           nonuniform 0();
    }
    atmosphere
    {
        type            calculated;
        value           uniform 0;
    }
    defaultFaces
    {
        type            empty;
        value           nonuniform 0();
    }
    procBoundary2to0
    {
        type            processor;
        value           nonuniform List<scalar> 
46
(
6.69631e-17
1.12045e-17
-2.36937e-17
-3.10288e-17
-2.25919e-17
-1.12521e-17
-2.99268e-18
1.50984e-18
3.45979e-18
4.07215e-18
4.13789e-18
4.19786e-18
4.86406e-18
7.1423e-18
1.26675e-17
2.37398e-17
4.28626e-17
7.20547e-17
1.12539e-16
1.64698e-16
2.2801e-16
3.0243e-16
3.88418e-16
4.88836e-16
5.99997e-16
-8.35557e-22
-3.41317e-21
-1.72033e-20
-4.45805e-20
-7.21648e-20
-8.15036e-20
-2.81888e-20
2.50914e-19
1.19527e-18
3.62765e-18
8.63345e-18
1.78955e-17
3.24717e-17
4.99407e-17
6.64886e-17
8.03657e-17
8.81764e-17
8.78492e-17
8.12509e-17
-5.51017e-17
6.92398e-17
)
;
    }
    procBoundary2to3
    {
        type            processor;
        value           nonuniform List<scalar> 
43
(
2.09475e-15
2.52153e-15
3.69246e-15
6.45714e-15
1.05791e-14
1.62452e-14
2.37093e-14
3.49889e-14
4.92461e-14
6.08797e-14
6.89276e-14
8.11195e-14
1.50187e-13
4.71543e-13
9.31688e-13
9.94244e-13
6.78587e-13
9.07622e-13
2.96733e-12
9.57221e-12
2.92441e-11
7.5451e-11
2.49748e-10
9.47736e-10
1.65485e-09
1.99286e-09
3.90649e-09
5.00698e-09
4.06403e-09
1.71796e-10
2.79431e-09
2.30755e-09
-1.02744e-08
-8.88002e-09
-1.81405e-09
-1.52227e-10
-7.09081e-12
-2.4767e-13
-6.2711e-15
-4.62457e-16
-2.33902e-17
-4.7743e-19
-6.60362e-22
)
;
    }
}


// ************************************************************************* //
