/*--------------------------------*- C++ -*----------------------------------*\
| =========                 |                                                 |
| \\      /  F ield         | OpenFOAM: The Open Source CFD Toolbox           |
|  \\    /   O peration     | Version:  3.0.1                                 |
|   \\  /    A nd           | Web:      www.OpenFOAM.org                      |
|    \\/     M anipulation  |                                                 |
\*---------------------------------------------------------------------------*/
FoamFile
{
    version     2.0;
    format      ascii;
    class       volScalarField;
    location    "0.3";
    object      p;
}
// * * * * * * * * * * * * * * * * * * * * * * * * * * * * * * * * * * * * * //

dimensions      [1 -1 -2 0 0 0 0];

internalField   nonuniform List<scalar> 
1915
(
-4.89101
-4.93128
-4.97286
-5.0154
-5.0586
-5.10216
-5.14578
-5.18921
-5.23224
-5.27476
-5.31679
-5.35856
-5.40049
-5.44335
-5.48818
-5.53632
-5.58935
-5.64881
-5.71606
-5.79201
-5.87699
-5.97065
-6.0721
-6.17997
-6.29305
-4.59728
-4.60022
-4.60485
-4.61073
-4.61818
-4.62736
-4.6383
-4.65105
-4.66567
-4.68222
-4.70075
-4.72131
-4.74396
-4.76874
-4.79566
-4.82475
-4.85599
-4.88934
-4.92473
-4.96206
-5.00119
-5.04191
-5.08394
-5.12698
-5.17078
-5.21509
-5.25967
-5.30434
-5.34897
-5.39354
-5.43816
-5.48312
-5.5289
-5.57623
-5.62605
-5.67952
-5.73792
-5.80248
-5.87427
-5.95402
-6.04202
-6.13806
-6.24152
-6.35134
-6.46632
-4.69742
-4.70026
-4.70486
-4.71089
-4.71861
-4.72816
-4.73956
-4.75283
-4.76804
-4.78523
-4.80445
-4.82575
-4.84915
-4.8747
-4.90241
-4.93228
-4.96429
-4.9984
-5.03453
-5.07259
-5.11242
-5.15384
-5.19661
-5.24051
-5.2853
-5.33078
-5.37678
-5.42317
-5.4699
-5.51701
-5.56469
-5.61326
-5.66322
-5.71525
-5.77021
-5.82909
-5.89295
-5.96281
-6.03955
-6.12377
-6.21573
-6.31535
-6.42223
-6.53561
-6.65458
-4.79782
-4.80056
-4.80515
-4.81132
-4.8193
-4.82919
-4.84101
-4.85478
-4.87055
-4.88837
-4.90827
-4.9303
-4.95447
-4.98082
-5.00936
-5.04007
-5.07294
-5.10791
-5.14492
-5.18386
-5.2246
-5.26697
-5.31078
-5.35584
-5.40196
-5.44898
-5.49679
-5.54532
-5.59457
-5.64466
-5.6958
-5.74835
-5.80282
-5.85983
-5.92018
-5.98474
-6.0544
-6.13003
-6.21238
-6.30197
-6.39907
-6.50367
-6.6155
-6.73407
-6.85871
-4.89829
-4.90097
-4.90557
-4.91188
-4.9201
-4.93032
-4.94254
-4.9568
-4.97313
-4.99157
-5.01216
-5.03492
-5.05989
-5.08707
-5.11648
-5.1481
-5.18191
-5.21786
-5.25587
-5.29585
-5.33768
-5.38123
-5.42633
-5.47282
-5.52057
-5.56947
-5.61943
-5.67046
-5.72262
-5.77606
-5.83104
-5.88794
-5.94726
-6.00961
-6.07571
-6.14634
-6.22228
-6.3043
-6.39306
-6.48904
-6.59255
-6.70365
-6.82219
-6.94786
-7.08027
-4.9987
-5.00133
-5.00595
-5.01242
-5.02088
-5.03142
-5.04405
-5.05879
-5.07568
-5.09475
-5.11603
-5.13955
-5.16534
-5.1934
-5.22374
-5.25634
-5.29117
-5.32819
-5.36732
-5.40849
-5.45159
-5.4965
-5.54311
-5.59128
-5.64093
-5.69197
-5.74441
-5.79827
-5.85367
-5.91082
-5.97002
-6.03165
-6.09622
-6.16433
-6.23662
-6.31381
-6.39662
-6.48573
-6.58177
-6.68522
-6.79644
-6.9156
-7.04271
-7.17765
-7.3203
-5.09889
-5.1015
-5.10617
-5.1128
-5.12151
-5.13238
-5.14542
-5.16065
-5.17811
-5.19782
-5.21982
-5.24412
-5.27076
-5.29974
-5.33106
-5.3647
-5.40064
-5.43883
-5.47919
-5.52168
-5.56619
-5.61264
-5.66093
-5.71099
-5.76276
-5.81622
-5.87141
-5.92841
-5.9874
-6.04862
-6.1124
-6.17917
-6.24943
-6.32373
-6.40271
-6.48703
-6.57733
-6.67429
-6.77848
-6.89046
-7.01066
-7.13943
-7.27699
-7.42348
-7.57907
-5.19872
-5.20135
-5.20608
-5.21289
-5.22185
-5.23307
-5.24653
-5.26227
-5.28031
-5.30068
-5.32341
-5.34853
-5.37606
-5.406
-5.43835
-5.47309
-5.5102
-5.54963
-5.59133
-5.63524
-5.68129
-5.72942
-5.77957
-5.83171
-5.88582
-5.94193
-6.00013
-6.06057
-6.12347
-6.18912
-6.25788
-6.3302
-6.40657
-6.48755
-6.57373
-6.66572
-6.76415
-6.86965
-6.98284
-7.10434
-7.23472
-7.37455
-7.5243
-7.68446
-7.85548
-5.29806
-5.30074
-5.30554
-5.31255
-5.32179
-5.33335
-5.34725
-5.36351
-5.38215
-5.4032
-5.4267
-5.45266
-5.4811
-5.51204
-5.54546
-5.58135
-5.61969
-5.66043
-5.70354
-5.74897
-5.79667
-5.84662
-5.89878
-5.95316
-6.0098
-6.0688
-6.13028
-6.19445
-6.26158
-6.332
-6.40612
-6.48438
-6.56729
-6.65539
-6.74923
-6.8494
-6.95651
-7.07119
-7.19411
-7.32601
-7.46764
-7.61981
-7.7833
-7.95888
-8.14724
-5.39678
-5.39952
-5.40442
-5.41164
-5.42116
-5.43309
-5.44745
-5.46423
-5.48349
-5.50524
-5.52952
-5.55635
-5.58573
-5.61769
-5.65221
-5.68929
-5.7289
-5.77101
-5.81559
-5.86262
-5.91207
-5.96394
-6.01825
-6.07504
-6.13442
-6.19652
-6.26153
-6.32971
-6.40138
-6.47691
-6.55672
-6.64128
-6.73109
-6.82666
-6.92855
-7.03731
-7.15355
-7.27793
-7.41122
-7.55429
-7.70811
-7.87376
-8.05229
-8.24471
-8.45169
-5.49471
-5.49756
-5.50256
-5.51
-5.51981
-5.53213
-5.54694
-5.56427
-5.58415
-5.60662
-5.63169
-5.65939
-5.68974
-5.72274
-5.75839
-5.79667
-5.83758
-5.8811
-5.92721
-5.9759
-6.02718
-6.08109
-6.13768
-6.19705
-6.25935
-6.32476
-6.39355
-6.466
-6.54248
-6.6234
-6.70918
-6.80031
-6.89729
-7.0006
-7.11079
-7.22842
-7.35412
-7.48862
-7.63281
-7.78774
-7.95463
-8.13481
-8.32959
-8.5401
-8.76685
-5.59171
-5.59467
-5.59979
-5.60745
-5.61756
-5.63026
-5.64553
-5.66342
-5.68393
-5.70712
-5.733
-5.76158
-5.7929
-5.82695
-5.86373
-5.90324
-5.94548
-5.99043
-6.0381
-6.08851
-6.1417
-6.19774
-6.25674
-6.31884
-6.38424
-6.45318
-6.52595
-6.60291
-6.68443
-6.77094
-6.8629
-6.96077
-7.06504
-7.17622
-7.29484
-7.42149
-7.55687
-7.70181
-7.85738
-8.02482
-8.20562
-8.40138
-8.61367
-8.8437
-9.09183
-5.68758
-5.69066
-5.6959
-5.70379
-5.71421
-5.72729
-5.74303
-5.76147
-5.78262
-5.80653
-5.8332
-5.86268
-5.89496
-5.93006
-5.96798
-6.00871
-6.05228
-6.09868
-6.14795
-6.20013
-6.2553
-6.31357
-6.37509
-6.44006
-6.50873
-6.58137
-6.65832
-6.73995
-6.82667
-6.9189
-7.01712
-7.12177
-7.23336
-7.35239
-7.47944
-7.61516
-7.76035
-7.916
-8.08336
-8.26392
-8.45944
-8.67184
-8.90295
-9.15424
-9.4262
-5.78213
-5.78534
-5.79069
-5.79881
-5.80954
-5.823
-5.83921
-5.85819
-5.87998
-5.90459
-5.93206
-5.96241
-5.99565
-6.03178
-6.07082
-6.11278
-6.15768
-6.20554
-6.25643
-6.31042
-6.36763
-6.42821
-6.49237
-6.56033
-6.6324
-6.70888
-6.79013
-6.87655
-6.96853
-7.06652
-7.17096
-7.28233
-7.40112
-7.5279
-7.66329
-7.80806
-7.96313
-8.12969
-8.30919
-8.50337
-8.71429
-8.94422
-9.19536
-9.46974
-9.76859
-5.87513
-5.87848
-5.88395
-5.8923
-5.90332
-5.91717
-5.93384
-5.95336
-5.97576
-6.00107
-6.02932
-6.06051
-6.09468
-6.13183
-6.17197
-6.21513
-6.26135
-6.31067
-6.36319
-6.41902
-6.47832
-6.54129
-6.60816
-6.67923
-6.75479
-6.8352
-6.92082
-7.01204
-7.10927
-7.21293
-7.32347
-7.44138
-7.5672
-7.70154
-7.84514
-7.99888
-8.16386
-8.34144
-8.53329
-8.74137
-8.96806
-9.21603
-9.48796
-9.78692
-10.1156
-5.96639
-5.96988
-5.97545
-5.98403
-5.99535
-6.00957
-6.02668
-6.04672
-6.06972
-6.0957
-6.12469
-6.1567
-6.19176
-6.22989
-6.2711
-6.31543
-6.36295
-6.41372
-6.46788
-6.52557
-6.58699
-6.65239
-6.72204
-6.79625
-6.87536
-6.95973
-7.0497
-7.14567
-7.24804
-7.35721
-7.47365
-7.59787
-7.73048
-7.87218
-8.02382
-8.18643
-8.36125
-8.5498
-8.75392
-8.97575
-9.21805
-9.4839
-9.77679
-10.1012
-10.462
-6.05567
-6.05931
-6.06499
-6.07378
-6.08538
-6.09995
-6.11749
-6.13803
-6.16159
-6.1882
-6.21789
-6.25068
-6.28659
-6.32564
-6.36787
-6.41334
-6.46211
-6.51431
-6.57009
-6.62964
-6.6932
-6.76105
-6.83349
-6.91086
-6.99351
-7.08178
-7.17602
-7.27661
-7.38392
-7.49838
-7.62047
-7.75076
-7.88993
-8.03879
-8.19831
-8.36962
-8.55407
-8.75324
-8.96906
-9.2038
-9.46063
-9.74309
-10.056
-10.4057
-10.8008
-6.14277
-6.14655
-6.15232
-6.16132
-6.17319
-6.18809
-6.20602
-6.22702
-6.2511
-6.2783
-6.30865
-6.34215
-6.37884
-6.41876
-6.46194
-6.50848
-6.55846
-6.61204
-6.66941
-6.73079
-6.79646
-6.86674
-6.94195
-7.02243
-7.10853
-7.20058
-7.29894
-7.40394
-7.51597
-7.63547
-7.76297
-7.8991
-8.04464
-8.2005
-8.36772
-8.54748
-8.74113
-8.95019
-9.1765
-9.42235
-9.69119
-9.98706
-10.3165
-10.6881
-11.1168
-6.22745
-6.23137
-6.23723
-6.24641
-6.25853
-6.27373
-6.29202
-6.31343
-6.33799
-6.36571
-6.39663
-6.43078
-6.46818
-6.50888
-6.55294
-6.60047
-6.65159
-6.70649
-6.76538
-6.82854
-6.89626
-6.96889
-7.04677
-7.13025
-7.21965
-7.31531
-7.41756
-7.52672
-7.64322
-7.76751
-7.90019
-8.04199
-8.19377
-8.3565
-8.53126
-8.71917
-8.92143
-9.13931
-9.37438
-9.62866
-9.90548
-10.2089
-10.5467
-10.9293
-11.3786
-6.30951
-6.31355
-6.31949
-6.32883
-6.34116
-6.35662
-6.37522
-6.39699
-6.42196
-6.45013
-6.48156
-6.51625
-6.55427
-6.59565
-6.6405
-6.68892
-6.74108
-6.7972
-6.85752
-6.92235
-6.99201
-7.06687
-7.14727
-7.23356
-7.32606
-7.42507
-7.53093
-7.64399
-7.76468
-7.89354
-8.03124
-8.1786
-8.33654
-8.50608
-8.68825
-8.88401
-9.09428
-9.31994
-9.56201
-9.82192
-10.1023
-10.4061
-10.7406
-11.1147
-11.5518
-6.38872
-6.39286
-6.39887
-6.40834
-6.42084
-6.43652
-6.45538
-6.47744
-6.50273
-6.53127
-6.5631
-6.59825
-6.63677
-6.67873
-6.72423
-6.77343
-6.8265
-6.88371
-6.94532
-7.01167
-7.08311
-7.16001
-7.24271
-7.33156
-7.42686
-7.52893
-7.6381
-7.75475
-7.87939
-8.01262
-8.15521
-8.30806
-8.47216
-8.64852
-8.83806
-9.04151
-9.25946
-9.49227
-9.74032
-10.0042
-10.2852
-10.5842
-10.9062
-11.2538
-11.6436
-6.46486
-6.46908
-6.47514
-6.48471
-6.49735
-6.51318
-6.53223
-6.55451
-6.58004
-6.60885
-6.64098
-6.67645
-6.71535
-6.75775
-6.80377
-6.85359
-6.90742
-6.96554
-7.02826
-7.09593
-7.16892
-7.2476
-7.33231
-7.42339
-7.52115
-7.62592
-7.73805
-7.85799
-7.9863
-8.12371
-8.27109
-8.42942
-8.59973
-8.78299
-8.97999
-9.19124
-9.417
-9.65719
-9.91155
-10.1798
-10.4617
-10.7559
-11.064
-11.3806
-11.7139
-6.53773
-6.542
-6.54809
-6.55772
-6.57044
-6.58638
-6.60555
-6.62795
-6.65363
-6.68259
-6.71489
-6.75057
-6.7897
-6.83237
-6.87875
-6.92901
-6.98341
-7.04223
-7.10583
-7.17456
-7.2488
-7.32893
-7.41529
-7.50821
-7.60802
-7.71506
-7.82976
-7.95262
-8.08433
-8.22572
-8.37777
-8.54154
-8.7181
-8.90841
-9.11314
-9.33266
-9.56698
-9.81575
-10.0783
-10.3536
-10.6401
-10.9347
-11.2358
-11.5323
-11.8287
-6.60712
-6.61141
-6.61752
-6.62717
-6.63992
-6.65589
-6.67509
-6.69753
-6.72324
-6.75224
-6.78458
-6.82031
-6.8595
-6.90229
-6.94882
-6.99931
-7.05404
-7.11331
-7.1775
-7.24696
-7.3221
-7.40327
-7.49083
-7.58513
-7.6865
-7.79533
-7.91212
-8.03749
-8.17223
-8.3173
-8.47382
-8.64294
-8.82577
-9.0233
-9.23621
-9.46483
-9.70914
-9.96871
-10.2426
-10.5295
-10.8268
-11.1303
-11.4357
-11.731
-12.018
-6.67286
-6.67713
-6.68324
-6.69285
-6.70558
-6.72152
-6.74066
-6.76303
-6.78865
-6.81756
-6.84978
-6.88539
-6.92448
-6.96716
-7.01363
-7.06411
-7.1189
-7.17832
-7.24274
-7.31256
-7.38815
-7.46989
-7.55814
-7.65325
-7.75559
-7.86564
-7.98395
-8.11128
-8.24854
-8.39687
-8.55748
-8.73165
-8.92064
-9.12552
-9.34714
-9.58605
-9.84241
-10.116
-10.406
-10.7108
-11.0271
-11.35
-11.6731
-11.9861
-12.2865
-6.73479
-6.73897
-6.74507
-6.7546
-6.76724
-6.78305
-6.80204
-6.82423
-6.84964
-6.8783
-6.91025
-6.94556
-6.98432
-7.02669
-7.07285
-7.12304
-7.17757
-7.23678
-7.30105
-7.37077
-7.44631
-7.52806
-7.61639
-7.71165
-7.81429
-7.92483
-8.04394
-8.17251
-8.31158
-8.46245
-8.62648
-8.80511
-8.99982
-9.21194
-9.4427
-9.69315
-9.964
-10.2557
-10.5679
-10.8991
-11.2457
-11.6021
-11.9599
-12.3096
-12.6427
-6.79276
-6.79677
-6.80285
-6.81224
-6.82472
-6.84033
-6.85906
-6.88095
-6.906
-6.93425
-6.96575
-7.00056
-7.03878
-7.08058
-7.12615
-7.17573
-7.22966
-7.28826
-7.35192
-7.42102
-7.49595
-7.57708
-7.66477
-7.75944
-7.86156
-7.97173
-8.09074
-8.21959
-8.35947
-8.5118
-8.67813
-8.86013
-9.0596
-9.27823
-9.51791
-9.78059
-10.068
-10.382
-10.7234
-11.0918
-11.4846
-11.8964
-12.3174
-12.736
-13.1356
-6.84662
-6.85041
-6.85644
-6.86563
-6.87788
-6.89319
-6.91156
-6.93302
-6.95757
-6.98525
-7.0161
-7.0502
-7.08765
-7.12861
-7.17328
-7.22192
-7.27484
-7.33239
-7.39494
-7.46287
-7.53654
-7.61633
-7.70262
-7.79583
-7.89649
-8.00528
-8.12306
-8.25095
-8.39027
-8.54254
-8.70952
-8.89317
-9.09555
-9.31893
-9.56608
-9.84008
-10.1444
-10.483
-10.8588
-11.2747
-11.7321
-12.2293
-12.7603
-13.3149
-13.8709
-6.89626
-6.89981
-6.90574
-6.91469
-6.92663
-6.94155
-6.95945
-6.98035
-7.00426
-7.0312
-7.06121
-7.09438
-7.1308
-7.17064
-7.21409
-7.26142
-7.31292
-7.36895
-7.42984
-7.49598
-7.56771
-7.6454
-7.72943
-7.82023
-7.91839
-8.02461
-8.13985
-8.26526
-8.40228
-8.55252
-8.7179
-8.9006
-9.10299
-9.32798
-9.57924
-9.86116
-10.1792
-10.5396
-10.9494
-11.4165
-11.9497
-12.5579
-13.2493
-14.0394
-14.9206
-6.94162
-6.94493
-6.95072
-6.95938
-6.97094
-6.98539
-7.00271
-7.02292
-7.04603
-7.07206
-7.10105
-7.13306
-7.16821
-7.20663
-7.24853
-7.29417
-7.34382
-7.39782
-7.45651
-7.52022
-7.5893
-7.66409
-7.74495
-7.83234
-7.92684
-8.0292
-8.14038
-8.26158
-8.39426
-8.54009
-8.70102
-8.87937
-9.07785
-9.29976
-9.54957
-9.83289
-10.1567
-10.5298
-10.9634
-11.4717
-12.0733
-12.7911
-13.6586
-14.7411
-16.0951
-6.98269
-6.98578
-6.99138
-6.9997
-7.01082
-7.0247
-7.04133
-7.06073
-7.08289
-7.10784
-7.13561
-7.16625
-7.19986
-7.23658
-7.2766
-7.32016
-7.36753
-7.41902
-7.47493
-7.53559
-7.60129
-7.67237
-7.74916
-7.83211
-7.92176
-8.01887
-8.12439
-8.2395
-8.3656
-8.50436
-8.6575
-8.82759
-9.01736
-9.23039
-9.47139
-9.74654
-10.0638
-10.4337
-10.87
-11.3919
-12.0258
-12.8086
-13.8009
-15.1125
-16.8728
-7.01945
-7.02234
-7.02772
-7.03565
-7.04625
-7.05949
-7.07531
-7.09378
-7.11485
-7.13854
-7.16489
-7.19393
-7.22576
-7.26049
-7.29831
-7.33942
-7.38408
-7.43257
-7.48517
-7.54215
-7.6038
-7.67039
-7.74223
-7.81971
-7.90336
-7.99387
-8.09213
-8.19923
-8.31642
-8.44525
-8.58744
-8.74513
-8.92101
-9.11852
-9.34223
-9.59811
-9.89403
-10.2404
-10.6512
-11.1462
-11.7541
-12.5173
-13.5062
-14.842
-16.7089
-7.05198
-7.05466
-7.05977
-7.06726
-7.07726
-7.08977
-7.1047
-7.12211
-7.14194
-7.16422
-7.18896
-7.2162
-7.246
-7.27847
-7.31377
-7.35209
-7.39364
-7.43868
-7.48746
-7.5402
-7.59715
-7.65853
-7.7246
-7.7957
-7.87227
-7.95491
-8.0444
-8.14168
-8.24785
-8.36417
-8.49213
-8.63354
-8.79067
-8.9665
-9.16493
-9.39104
-9.65146
-9.95481
-10.3127
-10.7414
-11.2644
-11.9169
-12.7529
-13.8664
-15.4486
-7.08047
-7.08288
-7.0877
-7.09471
-7.10404
-7.11575
-7.12968
-7.14592
-7.1644
-7.18512
-7.20809
-7.23333
-7.26088
-7.29085
-7.32336
-7.35856
-7.39666
-7.43785
-7.48236
-7.53038
-7.58207
-7.63762
-7.69723
-7.76114
-7.82969
-7.90337
-7.98281
-8.06873
-8.162
-8.26361
-8.37469
-8.4966
-8.63106
-8.78031
-8.94728
-9.13567
-9.35021
-9.59686
-9.88342
-10.2203
-10.6221
-11.1092
-11.7073
-12.4617
-13.4741
-7.10525
-7.10737
-7.11185
-7.11838
-7.12697
-7.13782
-7.15067
-7.16565
-7.18265
-7.20169
-7.22275
-7.24582
-7.27096
-7.29822
-7.3277
-7.35953
-7.39388
-7.43092
-7.47081
-7.5137
-7.55971
-7.60895
-7.66154
-7.71763
-7.77746
-7.84134
-7.90972
-7.98312
-8.06215
-8.14745
-8.23977
-8.33999
-8.44919
-8.56882
-8.70069
-8.84706
-9.01063
-9.19467
-9.40318
-9.64122
-9.91527
-10.2329
-10.602
-11.0333
-11.5442
-7.12654
-7.12839
-7.13245
-7.13851
-7.14631
-7.15623
-7.16795
-7.18158
-7.19702
-7.21427
-7.2333
-7.25409
-7.27666
-7.30106
-7.32735
-7.35563
-7.38604
-7.41869
-7.45372
-7.49122
-7.53126
-7.57388
-7.6191
-7.66699
-7.71763
-7.7712
-7.82795
-7.88818
-7.9522
-8.02036
-8.09301
-8.17054
-8.25348
-8.34246
-8.43833
-8.54204
-8.65463
-8.77718
-8.91082
-9.05672
-9.216
-9.38917
-9.57561
-9.77252
-9.97321
-7.14388
-7.1456
-7.14911
-7.15472
-7.16173
-7.17067
-7.1812
-7.19342
-7.20723
-7.22261
-7.23952
-7.25793
-7.27783
-7.29926
-7.32224
-7.34686
-7.37319
-7.40134
-7.43138
-7.46335
-7.49727
-7.53311
-7.57081
-7.61033
-7.65164
-7.69474
-7.73971
-7.78661
-7.83553
-7.88652
-7.93958
-7.99469
-8.05186
-8.11113
-8.17253
-8.23605
-8.30157
-8.36876
-8.43702
-8.50542
-8.57247
-8.63596
-8.69278
-8.73669
-8.75901
-7.15657
-7.15834
-7.16124
-7.16639
-7.1726
-7.18053
-7.18984
-7.20059
-7.21271
-7.22615
-7.24086
-7.25682
-7.27398
-7.29236
-7.31197
-7.33285
-7.35506
-7.37864
-7.40363
-7.43003
-7.45779
-7.48683
-7.517
-7.54818
-7.5802
-7.61294
-7.64631
-7.68018
-7.71443
-7.74886
-7.78322
-7.81717
-7.85033
-7.88229
-7.91254
-7.94049
-7.96534
-7.98605
-8.00127
-8.00931
-8.008
-7.99472
-7.96657
-7.91922
-7.84768
-7.16557
-7.1677
-7.17
-7.17467
-7.18009
-7.18697
-7.19503
-7.20428
-7.21466
-7.22613
-7.23862
-7.25209
-7.2665
-7.28183
-7.29808
-7.31524
-7.33334
-7.35239
-7.37238
-7.39326
-7.41494
-7.43727
-7.46004
-7.48304
-7.50601
-7.52873
-7.55093
-7.57237
-7.59275
-7.6117
-7.62877
-7.64341
-7.65501
-7.66287
-7.6662
-7.6641
-7.65552
-7.63925
-7.61386
-7.57775
-7.52908
-7.46597
-7.38662
-7.28932
-7.17274
-7.17508
-7.17795
-7.17969
-7.18382
-7.1885
-7.19435
-7.2012
-7.209
-7.2177
-7.22725
-7.23759
-7.24867
-7.26044
-7.27285
-7.28589
-7.29952
-7.31372
-7.32847
-7.3437
-7.35934
-7.37522
-7.39116
-7.40691
-7.42218
-7.43665
-7.45
-7.46187
-7.4719
-7.47966
-7.48466
-7.48634
-7.48403
-7.47698
-7.46437
-7.44527
-7.4187
-7.3836
-7.33888
-7.28341
-7.21612
-7.13599
-7.04227
-6.93466
-6.81342
-6.67959
-7.18819
-7.19174
-7.19306
-7.19666
-7.20073
-7.20568
-7.21141
-7.21785
-7.22499
-7.23275
-7.2411
-7.24998
-7.25933
-7.26909
-7.27921
-7.28964
-7.30033
-7.31118
-7.32212
-7.333
-7.34363
-7.35378
-7.36319
-7.37153
-7.37843
-7.38352
-7.38638
-7.38655
-7.38355
-7.3768
-7.36566
-7.34941
-7.32724
-7.29829
-7.26162
-7.21625
-7.16121
-7.09563
-7.01876
-6.93011
-6.82951
-6.71734
-6.59471
-6.46358
-6.32675
-7.19538
-7.1992
-7.20069
-7.20392
-7.20749
-7.21159
-7.21619
-7.22129
-7.22685
-7.23285
-7.23924
-7.24597
-7.25297
-7.26019
-7.26755
-7.27495
-7.2823
-7.28947
-7.29644
-7.30284
-7.30857
-7.31338
-7.317
-7.3191
-7.31931
-7.31724
-7.31243
-7.30439
-7.29258
-7.2764
-7.25517
-7.22818
-7.19464
-7.15373
-7.10459
-7.04637
-6.97829
-6.89972
-6.81027
-6.70989
-6.599
-6.47867
-6.35085
-6.21853
-6.08575
-7.17245
-7.17987
-7.1818
-7.18463
-7.18746
-7.19048
-7.19371
-7.19719
-7.2009
-7.20482
-7.20892
-7.21315
-7.21745
-7.22173
-7.2259
-7.22986
-7.23346
-7.23656
-7.23899
-7.24055
-7.24102
-7.24019
-7.2378
-7.23354
-7.22709
-7.21805
-7.20598
-7.19041
-7.17078
-7.14652
-7.11701
-7.08161
-7.03966
-6.99049
-6.93349
-6.86809
-6.79385
-6.71052
-6.61809
-6.51697
-6.40805
-6.29293
-6.17397
-6.05455
-5.9392
)
;

boundaryField
{
    leftWall
    {
        type            calculated;
        value           nonuniform List<scalar> 
42
(
-4.59728
-4.69742
-4.79782
-4.89829
-4.9987
-5.09889
-5.19872
-5.29806
-5.39678
-5.49471
-5.59171
-5.68758
-5.78213
-5.87513
-5.96639
-6.05567
-6.14277
-6.22745
-6.30951
-6.38872
-6.46486
-6.53773
-6.60712
-6.67286
-6.73479
-6.79276
-6.84662
-6.89626
-6.94162
-6.98269
-7.01945
-7.05198
-7.08047
-7.10525
-7.12654
-7.14388
-7.15657
-7.16557
-7.17508
-7.18819
-7.19538
-7.17245
)
;
    }
    rightWall
    {
        type            calculated;
        value           nonuniform 0();
    }
    lowerWall
    {
        type            calculated;
        value           nonuniform 0();
    }
    atmosphere
    {
        type            calculated;
        value           nonuniform List<scalar> 
45
(
-7.13048
-7.14997
-7.14905
-7.1513
-7.15343
-7.15563
-7.15792
-7.16032
-7.16281
-7.16538
-7.16799
-7.17059
-7.17313
-7.17551
-7.17764
-7.1794
-7.18062
-7.18116
-7.18083
-7.17944
-7.17677
-7.17263
-7.16677
-7.15893
-7.14879
-7.136
-7.12015
-7.10076
-7.07735
-7.04937
-7.01628
-6.97755
-6.93263
-6.88104
-6.82234
-6.7562
-6.68241
-6.60099
-6.51219
-6.41668
-6.31567
-6.211
-6.10533
-6.00214
-5.9058
)
;
    }
    defaultFaces
    {
        type            empty;
    }
    procBoundary2to0
    {
        type            processor;
        value           nonuniform List<scalar> 
46
(
-4.78204
-4.82212
-4.86356
-4.90598
-4.94903
-4.99233
-5.03554
-5.07831
-5.12034
-5.16143
-5.20147
-5.24055
-5.27902
-5.31761
-5.35745
-5.40015
-5.44759
-5.5018
-5.56453
-5.637
-5.7196
-5.81187
-5.91266
-6.0205
-6.13449
-4.49755
-4.5006
-4.50528
-4.51098
-4.51813
-4.52691
-4.53736
-4.54955
-4.56354
-4.57942
-4.59725
-4.61708
-4.63898
-4.663
-4.68919
-4.71756
-4.74812
-4.78084
-4.81562
-4.85238
-4.85238
)
;
    }
    procBoundary2to3
    {
        type            processor;
        value           nonuniform List<scalar> 
43
(
-6.41093
-6.58603
-6.77827
-6.98863
-7.21884
-7.47034
-7.74371
-8.03754
-8.34851
-8.67307
-9.00932
-9.35745
-9.71894
-10.0941
-10.48
-10.8711
-11.2602
-11.6296
-11.9285
-12.0825
-12.0856
-12.0448
-12.0808
-12.2384
-12.5107
-12.8875
-13.4233
-14.3072
-15.7594
-17.6548
-19.1268
-19.3367
-17.8024
-14.9118
-12.1584
-10.1675
-8.7484
-7.7457
-7.03527
-6.5351
-6.18865
-5.95836
-5.83387
)
;
    }
}


// ************************************************************************* //
