/*--------------------------------*- C++ -*----------------------------------*\
| =========                 |                                                 |
| \\      /  F ield         | OpenFOAM: The Open Source CFD Toolbox           |
|  \\    /   O peration     | Version:  3.0.1                                 |
|   \\  /    A nd           | Web:      www.OpenFOAM.org                      |
|    \\/     M anipulation  |                                                 |
\*---------------------------------------------------------------------------*/
FoamFile
{
    version     2.0;
    format      ascii;
    class       volScalarField;
    location    "0.3";
    object      p_rgh;
}
// * * * * * * * * * * * * * * * * * * * * * * * * * * * * * * * * * * * * * //

dimensions      [1 -1 -2 0 0 0 0];

internalField   nonuniform List<scalar> 
1915
(
-2.54673
-2.587
-2.62858
-2.67112
-2.71431
-2.75787
-2.8015
-2.84493
-2.88796
-2.93047
-2.97251
-3.01427
-3.05621
-3.09907
-3.14389
-3.19204
-3.24506
-3.30452
-3.37178
-3.44773
-3.5327
-3.62637
-3.72782
-3.83569
-3.94876
-2.18767
-2.19061
-2.19525
-2.20112
-2.20857
-2.21775
-2.2287
-2.24145
-2.25606
-2.27261
-2.29114
-2.3117
-2.33436
-2.35913
-2.38605
-2.41514
-2.44638
-2.47973
-2.51512
-2.55245
-2.59158
-2.6323
-2.67433
-2.71738
-2.76118
-2.80548
-2.85006
-2.89473
-2.93936
-2.98393
-3.02855
-3.07351
-3.11929
-3.16662
-3.21644
-3.26992
-3.32831
-3.39287
-3.46466
-3.54442
-3.63241
-3.72845
-3.83191
-3.94173
-4.05672
-2.22188
-2.22472
-2.22932
-2.23535
-2.24307
-2.25262
-2.26401
-2.27729
-2.2925
-2.30969
-2.32891
-2.35021
-2.37361
-2.39916
-2.42687
-2.45674
-2.48875
-2.52286
-2.55899
-2.59705
-2.63688
-2.6783
-2.72107
-2.76497
-2.80976
-2.85524
-2.90124
-2.94763
-2.99436
-3.04147
-3.08915
-3.13772
-3.18768
-3.23971
-3.29467
-3.35355
-3.41741
-3.48727
-3.56401
-3.64823
-3.74019
-3.83981
-3.94669
-4.06007
-4.17904
-2.25573
-2.25848
-2.26307
-2.26924
-2.27721
-2.2871
-2.29892
-2.3127
-2.32847
-2.34629
-2.36619
-2.38821
-2.41239
-2.43874
-2.46728
-2.49799
-2.53085
-2.56583
-2.60284
-2.64178
-2.68252
-2.72489
-2.7687
-2.81375
-2.85987
-2.9069
-2.9547
-3.00323
-3.05249
-3.10258
-3.15372
-3.20627
-3.26073
-3.31775
-3.3781
-3.44265
-3.51231
-3.58795
-3.6703
-3.75989
-3.85699
-3.96159
-4.07342
-4.19198
-4.31663
-2.28905
-2.29172
-2.29632
-2.30264
-2.31085
-2.32107
-2.3333
-2.34756
-2.36389
-2.38233
-2.40291
-2.42567
-2.45064
-2.47783
-2.50724
-2.53886
-2.57267
-2.60861
-2.64662
-2.6866
-2.72844
-2.77198
-2.81708
-2.86358
-2.91133
-2.96022
-3.01019
-3.06121
-3.11337
-3.16681
-3.22179
-3.27869
-3.33801
-3.40037
-3.46647
-3.53709
-3.61303
-3.69505
-3.78381
-3.8798
-3.98331
-4.09441
-4.21295
-4.33861
-4.47102
-2.32167
-2.3243
-2.32892
-2.33539
-2.34385
-2.35439
-2.36702
-2.38176
-2.39865
-2.41772
-2.439
-2.46252
-2.48831
-2.51637
-2.54671
-2.57931
-2.61414
-2.65116
-2.69029
-2.73146
-2.77456
-2.81947
-2.86608
-2.91425
-2.96389
-3.01494
-3.06737
-3.12124
-3.17664
-3.23379
-3.29299
-3.35462
-3.41919
-3.48729
-3.55959
-3.63678
-3.71959
-3.8087
-3.90474
-4.00819
-4.11941
-4.23856
-4.36568
-4.50062
-4.64327
-2.35344
-2.35606
-2.36072
-2.36736
-2.37606
-2.38693
-2.39997
-2.41521
-2.43266
-2.45237
-2.47437
-2.49868
-2.52532
-2.55429
-2.58561
-2.61926
-2.65519
-2.69338
-2.73375
-2.77623
-2.82074
-2.86719
-2.91548
-2.96555
-3.01732
-3.07078
-3.12596
-3.18296
-3.24195
-3.30317
-3.36696
-3.43373
-3.50398
-3.57828
-3.65727
-3.74158
-3.83189
-3.92884
-4.03304
-4.14501
-4.26522
-4.39399
-4.53154
-4.67803
-4.83362
-2.38422
-2.38685
-2.39158
-2.3984
-2.40736
-2.41857
-2.43203
-2.44777
-2.46581
-2.48618
-2.50892
-2.53404
-2.56156
-2.5915
-2.62385
-2.6586
-2.69571
-2.73514
-2.77684
-2.82074
-2.86679
-2.91492
-2.96508
-3.01721
-3.07132
-3.12743
-3.18564
-3.24608
-3.30898
-3.37462
-3.44339
-3.5157
-3.59208
-3.67305
-3.75923
-3.85122
-3.94966
-4.05516
-4.16835
-4.28984
-4.42023
-4.56005
-4.70981
-4.86996
-5.04098
-2.41387
-2.41655
-2.42136
-2.42837
-2.4376
-2.44917
-2.46307
-2.47932
-2.49796
-2.51902
-2.54251
-2.56847
-2.59692
-2.62785
-2.66127
-2.69716
-2.7355
-2.77625
-2.81936
-2.86478
-2.91249
-2.96243
-3.01459
-3.06897
-3.12562
-3.18461
-3.24609
-3.31026
-3.37739
-3.44782
-3.52193
-3.60019
-3.6831
-3.7712
-3.86504
-3.96522
-4.07232
-4.187
-4.30993
-4.44182
-4.58345
-4.73562
-4.89911
-5.0747
-5.26305
-2.44225
-2.445
-2.4499
-2.45712
-2.46664
-2.47857
-2.49292
-2.50971
-2.52896
-2.55072
-2.575
-2.60182
-2.63121
-2.66316
-2.69769
-2.73476
-2.77437
-2.81648
-2.86107
-2.90809
-2.95754
-3.00941
-3.06372
-3.12052
-3.1799
-3.24199
-3.307
-3.37519
-3.44685
-3.52238
-3.60219
-3.68675
-3.77656
-3.87214
-3.97403
-4.08279
-4.19902
-4.32341
-4.4567
-4.59976
-4.75359
-4.91923
-5.09776
-5.29018
-5.49716
-2.4692
-2.47204
-2.47705
-2.48448
-2.4943
-2.50661
-2.52142
-2.53875
-2.55863
-2.5811
-2.60617
-2.63388
-2.66422
-2.69722
-2.73287
-2.77116
-2.81207
-2.85558
-2.90169
-2.95038
-3.00167
-3.05557
-3.11216
-3.17153
-3.23383
-3.29925
-3.36803
-3.44049
-3.51697
-3.59788
-3.68367
-3.7748
-3.87177
-3.97509
-4.08528
-4.20291
-4.3286
-4.4631
-4.60729
-4.76223
-4.92912
-5.10929
-5.30407
-5.51458
-5.74133
-2.49455
-2.4975
-2.50262
-2.51028
-2.5204
-2.53309
-2.54837
-2.56625
-2.58677
-2.60995
-2.63583
-2.66442
-2.69573
-2.72978
-2.76657
-2.80608
-2.84831
-2.89326
-2.94093
-2.99134
-3.04454
-3.10058
-3.15957
-3.22167
-3.28707
-3.35601
-3.42879
-3.50574
-3.58726
-3.67378
-3.76573
-3.8636
-3.96788
-4.07906
-4.19768
-4.32433
-4.4597
-4.60465
-4.76021
-4.92766
-5.10845
-5.30422
-5.5165
-5.74653
-5.99466
-2.5181
-2.52118
-2.52641
-2.53431
-2.54473
-2.55781
-2.57355
-2.59198
-2.61314
-2.63704
-2.66372
-2.69319
-2.72548
-2.76058
-2.79849
-2.83923
-2.8828
-2.9292
-2.97847
-3.03065
-3.08582
-3.14409
-3.20561
-3.27058
-3.33924
-3.41188
-3.48884
-3.57047
-3.65718
-3.74942
-3.84763
-3.95229
-4.06388
-4.18291
-4.30996
-4.44568
-4.59087
-4.74652
-4.91387
-5.09444
-5.28996
-5.50236
-5.73347
-5.98476
-6.25672
-2.53966
-2.54287
-2.54822
-2.55634
-2.56707
-2.58053
-2.59674
-2.61572
-2.63751
-2.66212
-2.68959
-2.71994
-2.75318
-2.78931
-2.82835
-2.87031
-2.91521
-2.96307
-3.01396
-3.06795
-3.12516
-3.18574
-3.2499
-3.31786
-3.38993
-3.46641
-3.54766
-3.63408
-3.72606
-3.82405
-3.92849
-4.03986
-4.15865
-4.28543
-4.42082
-4.56559
-4.72067
-4.88722
-5.06672
-5.2609
-5.47182
-5.70175
-5.95289
-6.22727
-6.52611
-2.559
-2.56235
-2.56781
-2.57617
-2.58719
-2.60104
-2.61771
-2.63722
-2.65963
-2.68494
-2.71318
-2.74438
-2.77855
-2.81569
-2.85584
-2.899
-2.94521
-2.99454
-3.04706
-3.10289
-3.16219
-3.22516
-3.29203
-3.36309
-3.43866
-3.51906
-3.60469
-3.69591
-3.79314
-3.8968
-4.00734
-4.12525
-4.25107
-4.38541
-4.529
-4.68274
-4.84773
-5.0253
-5.21715
-5.42523
-5.65192
-5.89989
-6.17182
-6.47079
-6.79942
-2.5759
-2.5794
-2.58497
-2.59355
-2.60487
-2.61908
-2.6362
-2.65624
-2.67923
-2.70522
-2.7342
-2.76622
-2.80128
-2.83941
-2.88062
-2.92495
-2.97246
-3.02324
-3.07739
-3.13508
-3.19651
-3.26191
-3.33156
-3.40577
-3.48488
-3.56924
-3.65922
-3.75519
-3.85755
-3.96672
-4.08316
-4.20739
-4.34
-4.48169
-4.63333
-4.79594
-4.97077
-5.15932
-5.36344
-5.58527
-5.82757
-6.09341
-6.3863
-6.71069
-7.0715
-2.59015
-2.59379
-2.59946
-2.60826
-2.61986
-2.63443
-2.65197
-2.6725
-2.69607
-2.72268
-2.75237
-2.78516
-2.82107
-2.86012
-2.90235
-2.94781
-2.99659
-3.04879
-3.10457
-3.16412
-3.22768
-3.29552
-3.36797
-3.44534
-3.52799
-3.61625
-3.7105
-3.81108
-3.9184
-4.03286
-4.15495
-4.28524
-4.42441
-4.57327
-4.73279
-4.9041
-5.08855
-5.28772
-5.50354
-5.73828
-5.9951
-6.27757
-6.59051
-6.94016
-7.33522
-2.60151
-2.60529
-2.61106
-2.62006
-2.63193
-2.64683
-2.66476
-2.68576
-2.70985
-2.73705
-2.76739
-2.80089
-2.83758
-2.8775
-2.92069
-2.96722
-3.0172
-3.07079
-3.12815
-3.18953
-3.25521
-3.32548
-3.40069
-3.48117
-3.56727
-3.65933
-3.75768
-3.86268
-3.97471
-4.09421
-4.22171
-4.35784
-4.50338
-4.65924
-4.82646
-5.00623
-5.19988
-5.40893
-5.63524
-5.8811
-6.14993
-6.4458
-6.77526
-7.14685
-7.57555
-2.60976
-2.61367
-2.61954
-2.62872
-2.64083
-2.65603
-2.67432
-2.69573
-2.72029
-2.74802
-2.77894
-2.81308
-2.85048
-2.89118
-2.93525
-2.98277
-3.0339
-3.08879
-3.14768
-3.21084
-3.27856
-3.3512
-3.42908
-3.51255
-3.60196
-3.69762
-3.79986
-3.90903
-4.02552
-4.14981
-4.2825
-4.4243
-4.57607
-4.7388
-4.91356
-5.10147
-5.30373
-5.52162
-5.75668
-6.01096
-6.28778
-6.59123
-6.92905
-7.31161
-7.76088
-2.61467
-2.6187
-2.62464
-2.63399
-2.64631
-2.66177
-2.68038
-2.70215
-2.72711
-2.75529
-2.78671
-2.82141
-2.85942
-2.90081
-2.94565
-2.99408
-3.04624
-3.10235
-3.16267
-3.2275
-3.29717
-3.37203
-3.45243
-3.53872
-3.63121
-3.73023
-3.83609
-3.94915
-4.06984
-4.1987
-4.3364
-4.48376
-4.6417
-4.81124
-4.99341
-5.18917
-5.39944
-5.6251
-5.86716
-6.12707
-6.40742
-6.71122
-7.04577
-7.4199
-7.85697
-2.61601
-2.62015
-2.62616
-2.63563
-2.64813
-2.66381
-2.68267
-2.70473
-2.73002
-2.75856
-2.79039
-2.82554
-2.86406
-2.90602
-2.95152
-3.00072
-3.05379
-3.11099
-3.17261
-3.23896
-3.3104
-3.3873
-3.47
-3.55885
-3.65415
-3.75622
-3.86539
-3.98204
-4.10668
-4.2399
-4.3825
-4.53535
-4.69945
-4.87581
-5.06535
-5.2688
-5.48675
-5.71956
-5.96761
-6.23149
-6.51248
-6.81149
-7.13348
-7.48107
-7.87093
-2.61356
-2.61779
-2.62384
-2.63341
-2.64605
-2.66189
-2.68093
-2.70321
-2.72874
-2.75755
-2.78968
-2.82516
-2.86405
-2.90645
-2.95247
-3.00229
-3.05612
-3.11424
-3.17696
-3.24463
-3.31762
-3.3963
-3.48101
-3.57209
-3.66986
-3.77462
-3.88675
-4.00669
-4.135
-4.27242
-4.41979
-4.57813
-4.74843
-4.93169
-5.12869
-5.33995
-5.5657
-5.80589
-6.06025
-6.32852
-6.61044
-6.90463
-7.21274
-7.52924
-7.86259
-2.60711
-2.61139
-2.61747
-2.6271
-2.63983
-2.65577
-2.67493
-2.69734
-2.72301
-2.75198
-2.78428
-2.81995
-2.85908
-2.90176
-2.94813
-2.99839
-3.05279
-3.11162
-3.17521
-3.24394
-3.31818
-3.39831
-3.48467
-3.57759
-3.6774
-3.78445
-3.89914
-4.02201
-4.15372
-4.2951
-4.44715
-4.61093
-4.78749
-4.97779
-5.18252
-5.40204
-5.63637
-5.88513
-6.14766
-6.42297
-6.70946
-7.00407
-7.30511
-7.60138
-7.89741
-2.59645
-2.60074
-2.60685
-2.6165
-2.62925
-2.64522
-2.66442
-2.68686
-2.71257
-2.74157
-2.77391
-2.80964
-2.84883
-2.89162
-2.93815
-2.98864
-3.04337
-3.10264
-3.16683
-3.23629
-3.31143
-3.3926
-3.48016
-3.57446
-3.67583
-3.78466
-3.90145
-4.02682
-4.16156
-4.30663
-4.46315
-4.63227
-4.8151
-5.01263
-5.22554
-5.45416
-5.69847
-5.95804
-6.23198
-6.51885
-6.81612
-7.11966
-7.42472
-7.71999
-7.99007
-2.5814
-2.58566
-2.59177
-2.60138
-2.61412
-2.63005
-2.64919
-2.67156
-2.69719
-2.72609
-2.75832
-2.79393
-2.83301
-2.8757
-2.92216
-2.97265
-3.02743
-3.08685
-3.15128
-3.22109
-3.29669
-3.37843
-3.46667
-3.56178
-3.66413
-3.77417
-3.89248
-4.01981
-4.15708
-4.3054
-4.46601
-4.64018
-4.82917
-5.03406
-5.25568
-5.49458
-5.75095
-6.02451
-6.31453
-6.61929
-6.93559
-7.2585
-7.58106
-7.89396
-8.16499
-2.56178
-2.56595
-2.57205
-2.58158
-2.59422
-2.61004
-2.62903
-2.65122
-2.67663
-2.70528
-2.73723
-2.77254
-2.81131
-2.85367
-2.89983
-2.95002
-3.00455
-3.06377
-3.12804
-3.19775
-3.2733
-3.35505
-3.44337
-3.53864
-3.64127
-3.75181
-3.87093
-3.99949
-4.13857
-4.28944
-4.45346
-4.63209
-4.82681
-5.03893
-5.26968
-5.52013
-5.79098
-6.08264
-6.3949
-6.72606
-7.07268
-7.429
-7.78609
-8.13425
-8.43384
-2.53744
-2.54145
-2.54753
-2.55692
-2.5694
-2.58501
-2.60374
-2.62563
-2.65068
-2.67893
-2.71043
-2.74524
-2.78346
-2.82526
-2.87083
-2.92042
-2.97434
-3.03294
-3.0966
-3.1657
-3.24063
-3.32176
-3.40945
-3.50412
-3.60624
-3.71641
-3.83542
-3.96427
-4.10415
-4.25648
-4.42281
-4.60481
-4.80428
-5.02291
-5.26259
-5.52527
-5.81272
-6.12671
-6.46812
-6.83643
-7.22923
-7.64088
-8.06076
-8.47095
-8.84122
-2.50823
-2.51203
-2.51805
-2.52724
-2.53949
-2.5548
-2.57317
-2.59463
-2.61918
-2.64686
-2.67771
-2.71181
-2.74926
-2.79022
-2.83489
-2.88353
-2.93645
-2.994
-3.05655
-3.12448
-3.19815
-3.27794
-3.36423
-3.45744
-3.5581
-3.66689
-3.78468
-3.91256
-4.05188
-4.20415
-4.37114
-4.55478
-4.75717
-4.98055
-5.22769
-5.50169
-5.80603
-6.14463
-6.52045
-6.9363
-7.39367
-7.89062
-8.41955
-8.96149
-9.45312
-2.47403
-2.47758
-2.48351
-2.49246
-2.5044
-2.51933
-2.53722
-2.55812
-2.58203
-2.60897
-2.63899
-2.67215
-2.70858
-2.74841
-2.79186
-2.83919
-2.89069
-2.94672
-3.00762
-3.07375
-3.14548
-3.22317
-3.3072
-3.39801
-3.49616
-3.60238
-3.71762
-3.84303
-3.98005
-4.13029
-4.29567
-4.47837
-4.68076
-4.90575
-5.15701
-5.43894
-5.75695
-6.11742
-6.52722
-6.99423
-7.52748
-8.1353
-8.82426
-9.59832
-10.3876
-2.43478
-2.43808
-2.44387
-2.45253
-2.46409
-2.47854
-2.49586
-2.51608
-2.53918
-2.56521
-2.5942
-2.62622
-2.66136
-2.69978
-2.74169
-2.78732
-2.83697
-2.89098
-2.94966
-3.01338
-3.08246
-3.15724
-3.23811
-3.3255
-3.41999
-3.52235
-3.63353
-3.75473
-3.88741
-4.03324
-4.19417
-4.37252
-4.57101
-4.79291
-5.04272
-5.32604
-5.64989
-6.02297
-6.45657
-6.96488
-7.56638
-8.28398
-9.14931
-10.2153
-11.4504
-2.39043
-2.39352
-2.39912
-2.40745
-2.41856
-2.43245
-2.44908
-2.46848
-2.49064
-2.51559
-2.54335
-2.574
-2.60761
-2.64433
-2.68435
-2.72791
-2.77528
-2.82676
-2.88268
-2.94333
-3.00904
-3.08012
-3.15691
-3.23985
-3.32951
-3.42662
-3.53214
-3.64725
-3.77335
-3.91211
-4.06525
-4.23534
-4.42511
-4.63814
-4.87914
-5.15429
-5.47157
-5.84143
-6.27779
-6.79964
-7.43352
-8.21615
-9.207
-10.5074
-12.1839
-2.34101
-2.3439
-2.34927
-2.3572
-2.3678
-2.38104
-2.39687
-2.41533
-2.4364
-2.46009
-2.48644
-2.51548
-2.54731
-2.58205
-2.61986
-2.66097
-2.70563
-2.75412
-2.80672
-2.8637
-2.92535
-2.99194
-3.06378
-3.14126
-3.22491
-3.31542
-3.41368
-3.52078
-3.63797
-3.7668
-3.90899
-4.06669
-4.24256
-4.44007
-4.66378
-4.91966
-5.21558
-5.56192
-5.97272
-6.46778
-7.07566
-7.83864
-8.82654
-10.1548
-11.9773
-2.28654
-2.28921
-2.29432
-2.30181
-2.31182
-2.32433
-2.33925
-2.35666
-2.37649
-2.39878
-2.42351
-2.45075
-2.48055
-2.51303
-2.54832
-2.58664
-2.62819
-2.67324
-2.72201
-2.77476
-2.8317
-2.89308
-2.95916
-3.03025
-3.10682
-3.18947
-3.27896
-3.37624
-3.4824
-3.59872
-3.72668
-3.86809
-4.02522
-4.20105
-4.39948
-4.6256
-4.88601
-5.18937
-5.54728
-5.976
-6.49893
-7.15135
-7.98631
-9.09317
-10.6372
-2.22722
-2.22963
-2.23445
-2.24146
-2.25079
-2.2625
-2.27643
-2.29267
-2.31115
-2.33187
-2.35484
-2.38007
-2.40763
-2.4376
-2.4701
-2.50531
-2.5434
-2.5846
-2.62911
-2.67712
-2.72882
-2.78437
-2.84398
-2.90788
-2.97643
-3.05012
-3.12955
-3.21547
-3.30875
-3.41036
-3.52144
-3.64335
-3.77781
-3.92706
-4.09402
-4.28242
-4.49696
-4.74361
-5.03016
-5.36709
-5.76889
-6.25588
-6.85359
-7.60595
-8.60928
-2.16338
-2.1655
-2.16998
-2.1765
-2.1851
-2.19594
-2.2088
-2.22377
-2.24078
-2.25982
-2.28087
-2.30395
-2.32909
-2.35634
-2.38582
-2.41766
-2.45201
-2.48905
-2.52894
-2.57183
-2.61784
-2.66708
-2.71967
-2.77576
-2.83558
-2.89947
-2.96785
-3.04125
-3.12028
-3.20558
-3.2979
-3.39811
-3.50732
-3.62695
-3.75882
-3.90519
-4.06876
-4.25279
-4.46131
-4.69935
-4.97339
-5.29107
-5.66009
-6.09129
-6.60181
-2.09522
-2.09708
-2.10113
-2.10719
-2.115
-2.12492
-2.13663
-2.15026
-2.16571
-2.18296
-2.20198
-2.22278
-2.24535
-2.26974
-2.29603
-2.32431
-2.35472
-2.38738
-2.42241
-2.45991
-2.49995
-2.54256
-2.58779
-2.63567
-2.68631
-2.73989
-2.79664
-2.85686
-2.92088
-2.98904
-3.06169
-3.13923
-3.22216
-3.31115
-3.40702
-3.51073
-3.62332
-3.74586
-3.8795
-4.0254
-4.18468
-4.35785
-4.5443
-4.74121
-4.94191
-2.02229
-2.02401
-2.02753
-2.03313
-2.04014
-2.04908
-2.05961
-2.07183
-2.08564
-2.10102
-2.11793
-2.13634
-2.15624
-2.17767
-2.20065
-2.22527
-2.2516
-2.27975
-2.30979
-2.34176
-2.37568
-2.41152
-2.44922
-2.48874
-2.53005
-2.57315
-2.61812
-2.66502
-2.71394
-2.76493
-2.81799
-2.8731
-2.93028
-2.98954
-3.05094
-3.11446
-3.17998
-3.24717
-3.31543
-3.38383
-3.45088
-3.51437
-3.57119
-3.6151
-3.63743
-1.94386
-1.94563
-1.94854
-1.95369
-1.9599
-1.96783
-1.97714
-1.98789
-2.00001
-2.01345
-2.02816
-2.04411
-2.06128
-2.07966
-2.09927
-2.12015
-2.14236
-2.16594
-2.19093
-2.21733
-2.24509
-2.27413
-2.3043
-2.33547
-2.3675
-2.40024
-2.4336
-2.46748
-2.50173
-2.53616
-2.57052
-2.60447
-2.63763
-2.66958
-2.69984
-2.72779
-2.75264
-2.77334
-2.78857
-2.79661
-2.7953
-2.78202
-2.75387
-2.70652
-2.63498
-1.86091
-1.86304
-1.86534
-1.87001
-1.87543
-1.88231
-1.89037
-1.89962
-1.91
-1.92147
-1.93396
-1.94743
-1.96185
-1.97718
-1.99342
-2.01058
-2.02868
-2.04773
-2.06772
-2.0886
-2.11028
-2.13261
-2.15538
-2.17838
-2.20135
-2.22407
-2.24627
-2.26771
-2.28809
-2.30704
-2.32411
-2.33875
-2.35035
-2.35821
-2.36154
-2.35944
-2.35086
-2.33459
-2.3092
-2.27309
-2.22442
-2.16131
-2.08196
-1.98466
-1.86808
-1.77761
-1.78048
-1.78222
-1.78635
-1.79103
-1.79688
-1.80373
-1.81152
-1.82023
-1.82978
-1.84012
-1.8512
-1.86297
-1.87538
-1.88842
-1.90204
-1.91625
-1.93099
-1.94623
-1.96187
-1.97775
-1.99369
-2.00944
-2.02471
-2.03918
-2.05253
-2.0644
-2.07443
-2.08218
-2.08719
-2.08887
-2.08656
-2.07951
-2.06689
-2.04779
-2.02122
-1.98613
-1.9414
-1.88594
-1.81865
-1.73851
-1.6448
-1.53719
-1.41595
-1.28212
-1.69705
-1.7006
-1.70191
-1.70551
-1.70959
-1.71454
-1.72026
-1.72671
-1.73384
-1.74161
-1.74996
-1.75884
-1.76818
-1.77794
-1.78807
-1.7985
-1.80918
-1.82004
-1.83098
-1.84185
-1.85248
-1.86264
-1.87205
-1.88038
-1.88729
-1.89237
-1.89523
-1.89541
-1.89241
-1.88566
-1.87451
-1.85826
-1.8361
-1.80715
-1.77047
-1.7251
-1.67007
-1.60448
-1.52762
-1.43897
-1.33837
-1.22619
-1.10357
-0.972435
-0.835601
-1.6097
-1.61352
-1.615
-1.61823
-1.6218
-1.6259
-1.63051
-1.6356
-1.64117
-1.64716
-1.65355
-1.66028
-1.66729
-1.6745
-1.68186
-1.68926
-1.69661
-1.70378
-1.71075
-1.71715
-1.72288
-1.72769
-1.73131
-1.73341
-1.73362
-1.73155
-1.72674
-1.71871
-1.7069
-1.69071
-1.66948
-1.64249
-1.60895
-1.56804
-1.5189
-1.46068
-1.3926
-1.31403
-1.22458
-1.1242
-1.01331
-0.89298
-0.765161
-0.632843
-0.500067
-1.49134
-1.49876
-1.50069
-1.50352
-1.50635
-1.50937
-1.51261
-1.51608
-1.51979
-1.52371
-1.52781
-1.53204
-1.53634
-1.54062
-1.5448
-1.54875
-1.55235
-1.55545
-1.55788
-1.55944
-1.55991
-1.55908
-1.55669
-1.55243
-1.54598
-1.53694
-1.52488
-1.5093
-1.48967
-1.46541
-1.4359
-1.4005
-1.35855
-1.30938
-1.25238
-1.18698
-1.11274
-1.02941
-0.936985
-0.835859
-0.726945
-0.611817
-0.492859
-0.373442
-0.258087
)
;

boundaryField
{
    leftWall
    {
        type            fixedFluxPressure;
        gradient        uniform 0;
        value           nonuniform List<scalar> 
42
(
-2.18767
-2.22188
-2.25573
-2.28905
-2.32167
-2.35344
-2.38422
-2.41387
-2.44225
-2.4692
-2.49455
-2.5181
-2.53966
-2.559
-2.5759
-2.59015
-2.60151
-2.60976
-2.61467
-2.61601
-2.61356
-2.60711
-2.59645
-2.5814
-2.56178
-2.53744
-2.50823
-2.47403
-2.43478
-2.39043
-2.34101
-2.28654
-2.22722
-2.16338
-2.09522
-2.02229
-1.94386
-1.86091
-1.77761
-1.69705
-1.6097
-1.49134
)
;
    }
    rightWall
    {
        type            fixedFluxPressure;
        gradient        nonuniform 0();
        value           nonuniform 0();
    }
    lowerWall
    {
        type            fixedFluxPressure;
        gradient        nonuniform 0();
        value           nonuniform 0();
    }
    atmosphere
    {
        type            totalPressure;
        rho             rho;
        psi             none;
        gamma           1;
        p0              uniform 0;
        value           nonuniform List<scalar> 
45
(
-1.40144
-1.42093
-1.42001
-1.42226
-1.42439
-1.42659
-1.42888
-1.43128
-1.43377
-1.43634
-1.43895
-1.44155
-1.44409
-1.44647
-1.4486
-1.45036
-1.45158
-1.45212
-1.45179
-1.4504
-1.44773
-1.44359
-1.43773
-1.42989
-1.41975
-1.40696
-1.39111
-1.37172
-1.34831
-1.32033
-1.28724
-1.24851
-1.20359
-1.152
-1.0933
-1.02716
-0.953374
-0.871947
-0.783149
-0.687642
-0.586625
-0.481963
-0.376288
-0.273098
-0.176758
)
;
    }
    defaultFaces
    {
        type            empty;
    }
    procBoundary2to0
    {
        type            processor;
        value           nonuniform List<scalar> 
46
(
-2.50248
-2.54256
-2.584
-2.62642
-2.66947
-2.71277
-2.75598
-2.79875
-2.84078
-2.88187
-2.92191
-2.96099
-2.99946
-3.03805
-3.0779
-3.12059
-3.16803
-3.22224
-3.28497
-3.35744
-3.44004
-3.53231
-3.6331
-3.74094
-3.85493
-2.15327
-2.15632
-2.161
-2.1667
-2.17385
-2.18262
-2.19308
-2.20527
-2.21926
-2.23514
-2.25296
-2.2728
-2.2947
-2.31872
-2.3449
-2.37328
-2.40384
-2.43655
-2.47133
-2.50809
-2.50809
)
;
    }
    procBoundary2to3
    {
        type            processor;
        value           nonuniform List<scalar> 
43
(
-4.06665
-4.17642
-4.30273
-4.44655
-4.6096
-4.79331
-4.99826
-5.22305
-5.46432
-5.71855
-5.9838
-6.26028
-6.54945
-6.85163
-7.16386
-7.48061
-7.79466
-8.08831
-8.31083
-8.38758
-8.31282
-8.19315
-8.14566
-8.21946
-8.40176
-8.6763
-8.86782
-9.58821
-10.8081
-12.3711
-13.9338
-14.3822
-12.8064
-10.0122
-7.21467
-5.13623
-3.62681
-2.533
-1.73061
-1.13763
-0.697503
-0.372672
-0.15276
)
;
    }
}


// ************************************************************************* //
