/*--------------------------------*- C++ -*----------------------------------*\
| =========                 |                                                 |
| \\      /  F ield         | OpenFOAM: The Open Source CFD Toolbox           |
|  \\    /   O peration     | Version:  3.0.1                                 |
|   \\  /    A nd           | Web:      www.OpenFOAM.org                      |
|    \\/     M anipulation  |                                                 |
\*---------------------------------------------------------------------------*/
FoamFile
{
    version     2.0;
    format      ascii;
    class       volVectorField;
    location    "0.3";
    object      U;
}
// * * * * * * * * * * * * * * * * * * * * * * * * * * * * * * * * * * * * * //

dimensions      [0 1 -1 0 0 0 0];

internalField   nonuniform List<vector> 
1915
(
(0.500662 -1.09171 0)
(0.522625 -1.09274 0)
(0.544317 -1.09229 0)
(0.565897 -1.09003 0)
(0.587594 -1.08563 0)
(0.609713 -1.07877 0)
(0.632624 -1.06918 0)
(0.656767 -1.05661 0)
(0.682654 -1.04085 0)
(0.710866 -1.02177 0)
(0.742041 -0.999289 0)
(0.776861 -0.973482 0)
(0.816032 -0.944554 0)
(0.860233 -0.912896 0)
(0.910056 -0.879101 0)
(0.965915 -0.84394 0)
(1.02797 -0.808307 0)
(1.09604 -0.773105 0)
(1.16965 -0.739108 0)
(1.248 -0.706825 0)
(1.33016 -0.676402 0)
(1.41517 -0.647604 0)
(1.50214 -0.619856 0)
(1.5904 -0.592324 0)
(1.67938 -0.564065 0)
(0.0181761 -0.864124 0)
(0.0439222 -1.12194 0)
(0.0656504 -1.09124 0)
(0.0892268 -1.07326 0)
(0.113509 -1.07231 0)
(0.137831 -1.07424 0)
(0.162137 -1.07608 0)
(0.186459 -1.07796 0)
(0.210815 -1.08008 0)
(0.235202 -1.08245 0)
(0.25961 -1.08507 0)
(0.284025 -1.08792 0)
(0.30843 -1.09096 0)
(0.332803 -1.09419 0)
(0.357114 -1.09755 0)
(0.381326 -1.10101 0)
(0.405394 -1.10449 0)
(0.429275 -1.10788 0)
(0.452946 -1.11101 0)
(0.476408 -1.11366 0)
(0.499701 -1.11556 0)
(0.522907 -1.11642 0)
(0.546152 -1.11594 0)
(0.569603 -1.11386 0)
(0.593483 -1.10991 0)
(0.618075 -1.10384 0)
(0.643719 -1.09544 0)
(0.67081 -1.08454 0)
(0.699801 -1.07097 0)
(0.731189 -1.05466 0)
(0.765512 -1.03559 0)
(0.803331 -1.01383 0)
(0.845208 -0.989595 0)
(0.89167 -0.963211 0)
(0.943157 -0.935143 0)
(0.999971 -0.905966 0)
(1.06222 -0.876312 0)
(1.12981 -0.846802 0)
(1.20239 -0.817947 0)
(1.27946 -0.790064 0)
(1.36039 -0.763221 0)
(1.44451 -0.737208 0)
(1.53122 -0.711555 0)
(1.62007 -0.685588 0)
(1.71064 -0.658518 0)
(0.0171984 -0.896708 0)
(0.0423523 -1.14646 0)
(0.064093 -1.11518 0)
(0.0875608 -1.09853 0)
(0.111604 -1.09793 0)
(0.135677 -1.09986 0)
(0.159743 -1.10169 0)
(0.183833 -1.10361 0)
(0.207968 -1.10577 0)
(0.23215 -1.10818 0)
(0.256375 -1.11083 0)
(0.280637 -1.11369 0)
(0.304929 -1.11674 0)
(0.32924 -1.11995 0)
(0.353555 -1.12327 0)
(0.377857 -1.12665 0)
(0.402124 -1.13002 0)
(0.42634 -1.13328 0)
(0.450505 -1.13628 0)
(0.474646 -1.13885 0)
(0.498828 -1.14074 0)
(0.523157 -1.14171 0)
(0.547774 -1.14152 0)
(0.572858 -1.13992 0)
(0.598627 -1.13671 0)
(0.625344 -1.1317 0)
(0.653315 -1.12473 0)
(0.682892 -1.11567 0)
(0.714469 -1.10441 0)
(0.748478 -1.09091 0)
(0.785375 -1.07518 0)
(0.825626 -1.0573 0)
(0.869691 -1.03747 0)
(0.917987 -1.01594 0)
(0.97086 -0.99307 0)
(1.02855 -0.969291 0)
(1.09115 -0.945049 0)
(1.15863 -0.920767 0)
(1.23076 -0.89678 0)
(1.30724 -0.873276 0)
(1.38766 -0.850264 0)
(1.4716 -0.827543 0)
(1.55868 -0.804709 0)
(1.64861 -0.781192 0)
(1.74115 -0.75634 0)
(0.0163949 -0.928283 0)
(0.0409933 -1.17093 0)
(0.0626527 -1.13927 0)
(0.08595 -1.12382 0)
(0.109724 -1.12352 0)
(0.13353 -1.12544 0)
(0.157342 -1.12729 0)
(0.18119 -1.12926 0)
(0.205097 -1.13147 0)
(0.229071 -1.13394 0)
(0.253113 -1.13665 0)
(0.277226 -1.13957 0)
(0.30141 -1.14267 0)
(0.325666 -1.14592 0)
(0.349993 -1.14928 0)
(0.374391 -1.15269 0)
(0.398858 -1.15608 0)
(0.423401 -1.15936 0)
(0.448037 -1.16241 0)
(0.472812 -1.16508 0)
(0.497804 -1.16718 0)
(0.52313 -1.1685 0)
(0.548943 -1.16882 0)
(0.575427 -1.16796 0)
(0.602796 -1.16574 0)
(0.631296 -1.162 0)
(0.661208 -1.15664 0)
(0.692845 -1.14955 0)
(0.726555 -1.14068 0)
(0.76271 -1.13001 0)
(0.801702 -1.11756 0)
(0.843925 -1.10342 0)
(0.889758 -1.08775 0)
(0.939548 -1.07074 0)
(0.99358 -1.05269 0)
(1.05206 -1.0339 0)
(1.1151 -1.01469 0)
(1.1827 -0.995352 0)
(1.25476 -0.976096 0)
(1.3311 -0.957027 0)
(1.4115 -0.938117 0)
(1.49573 -0.919175 0)
(1.58356 -0.89985 0)
(1.6749 -0.879679 0)
(1.76968 -0.858116 0)
(0.0157387 -0.959027 0)
(0.0398071 -1.19532 0)
(0.0613025 -1.16343 0)
(0.0843814 -1.14908 0)
(0.10786 -1.14904 0)
(0.131378 -1.15097 0)
(0.154918 -1.15285 0)
(0.178509 -1.15488 0)
(0.202177 -1.15717 0)
(0.225931 -1.15973 0)
(0.249782 -1.16253 0)
(0.273737 -1.16555 0)
(0.297806 -1.16875 0)
(0.321999 -1.17212 0)
(0.346327 -1.17559 0)
(0.370804 -1.17913 0)
(0.395447 -1.18266 0)
(0.420279 -1.1861 0)
(0.445335 -1.18935 0)
(0.470672 -1.19229 0)
(0.496375 -1.19478 0)
(0.522566 -1.19663 0)
(0.549399 -1.19767 0)
(0.57706 -1.19774 0)
(0.605759 -1.19669 0)
(0.63573 -1.19441 0)
(0.667232 -1.19079 0)
(0.700549 -1.18579 0)
(0.735989 -1.17938 0)
(0.773877 -1.17154 0)
(0.81455 -1.16231 0)
(0.858348 -1.15178 0)
(0.905594 -1.14008 0)
(0.956586 -1.12736 0)
(1.01158 -1.11385 0)
(1.07076 -1.09977 0)
(1.13425 -1.08535 0)
(1.20211 -1.07078 0)
(1.27432 -1.0562 0)
(1.3508 -1.04166 0)
(1.43147 -1.0271 0)
(1.51624 -1.01237 0)
(1.60505 -0.997166 0)
(1.69794 -0.981145 0)
(1.79503 -0.963865 0)
(0.0152026 -0.989088 0)
(0.0387569 -1.21959 0)
(0.0600164 -1.18758 0)
(0.0828375 -1.17426 0)
(0.105996 -1.17448 0)
(0.129204 -1.17642 0)
(0.152451 -1.17835 0)
(0.175766 -1.18046 0)
(0.199175 -1.18286 0)
(0.222694 -1.18553 0)
(0.246335 -1.18845 0)
(0.270115 -1.19161 0)
(0.294049 -1.19497 0)
(0.318157 -1.19851 0)
(0.34246 -1.20218 0)
(0.366983 -1.20593 0)
(0.391757 -1.20971 0)
(0.41682 -1.21344 0)
(0.442221 -1.21703 0)
(0.468026 -1.2204 0)
(0.494323 -1.22342 0)
(0.521235 -1.22596 0)
(0.548914 -1.22788 0)
(0.577539 -1.22904 0)
(0.607317 -1.22931 0)
(0.638473 -1.2286 0)
(0.671247 -1.22686 0)
(0.7059 -1.22403 0)
(0.742707 -1.22011 0)
(0.781956 -1.2151 0)
(0.823944 -1.20906 0)
(0.868968 -1.20204 0)
(0.917314 -1.19416 0)
(0.969247 -1.18556 0)
(1.025 -1.1764 0)
(1.08476 -1.16685 0)
(1.14868 -1.15707 0)
(1.21683 -1.14719 0)
(1.28928 -1.13729 0)
(1.36603 -1.12741 0)
(1.4471 -1.11747 0)
(1.5325 -1.10735 0)
(1.6223 -1.09683 0)
(1.7167 -1.08572 0)
(1.81595 -1.07363 0)
(0.0147608 -1.01859 0)
(0.0378093 -1.24369 0)
(0.05877 -1.21168 0)
(0.081299 -1.19934 0)
(0.104111 -1.19979 0)
(0.126986 -1.20176 0)
(0.149916 -1.20376 0)
(0.172931 -1.20598 0)
(0.196059 -1.2085 0)
(0.219317 -1.21131 0)
(0.242724 -1.21439 0)
(0.266302 -1.21773 0)
(0.290073 -1.2213 0)
(0.314063 -1.22507 0)
(0.338302 -1.229 0)
(0.362824 -1.23306 0)
(0.38767 -1.23718 0)
(0.412891 -1.2413 0)
(0.438544 -1.24537 0)
(0.464706 -1.24929 0)
(0.491468 -1.25298 0)
(0.518949 -1.25634 0)
(0.547295 -1.25926 0)
(0.576681 -1.26162 0)
(0.607303 -1.26333 0)
(0.639376 -1.26431 0)
(0.673129 -1.26452 0)
(0.7088 -1.26393 0)
(0.746642 -1.26253 0)
(0.786915 -1.26036 0)
(0.829885 -1.25745 0)
(0.875818 -1.25388 0)
(0.924974 -1.24973 0)
(0.977598 -1.24513 0)
(1.03391 -1.24019 0)
(1.09411 -1.23506 0)
(1.15835 -1.22983 0)
(1.22676 -1.22461 0)
(1.29943 -1.21944 0)
(1.37646 -1.21434 0)
(1.45791 -1.20925 0)
(1.54388 -1.20408 0)
(1.63456 -1.19874 0)
(1.73021 -1.19316 0)
(1.83112 -1.18692 0)
(0.014389 -1.04761 0)
(0.0369346 -1.26756 0)
(0.0575423 -1.23567 0)
(0.079747 -1.22428 0)
(0.102187 -1.22494 0)
(0.124702 -1.22697 0)
(0.147288 -1.22905 0)
(0.169974 -1.23139 0)
(0.192791 -1.23406 0)
(0.215759 -1.23704 0)
(0.238901 -1.24032 0)
(0.262243 -1.24388 0)
(0.285812 -1.2477 0)
(0.30964 -1.25175 0)
(0.333765 -1.25601 0)
(0.358227 -1.26044 0)
(0.383076 -1.26498 0)
(0.408369 -1.2696 0)
(0.434174 -1.27424 0)
(0.460571 -1.27883 0)
(0.487656 -1.28331 0)
(0.515546 -1.28759 0)
(0.544381 -1.29161 0)
(0.574324 -1.29527 0)
(0.605563 -1.29851 0)
(0.638302 -1.30125 0)
(0.672757 -1.30348 0)
(0.709153 -1.30516 0)
(0.747723 -1.30631 0)
(0.788707 -1.30697 0)
(0.832348 -1.30717 0)
(0.878892 -1.30699 0)
(0.92858 -1.3065 0)
(0.981645 -1.30582 0)
(1.03831 -1.30503 0)
(1.09876 -1.30424 0)
(1.16318 -1.30353 0)
(1.23173 -1.30297 0)
(1.30454 -1.30258 0)
(1.38174 -1.30238 0)
(1.46346 -1.30233 0)
(1.54984 -1.30239 0)
(1.64112 -1.30258 0)
(1.73759 -1.30288 0)
(1.83935 -1.30269 0)
(0.0140656 -1.07623 0)
(0.036107 -1.29116 0)
(0.0563147 -1.2595 0)
(0.0781633 -1.24903 0)
(0.100203 -1.24991 0)
(0.122329 -1.252 0)
(0.14454 -1.25419 0)
(0.166866 -1.25667 0)
(0.189338 -1.2595 0)
(0.211981 -1.26268 0)
(0.234819 -1.26618 0)
(0.257882 -1.27 0)
(0.281203 -1.27411 0)
(0.304818 -1.2785 0)
(0.328769 -1.28314 0)
(0.353103 -1.288 0)
(0.377874 -1.29305 0)
(0.403147 -1.29824 0)
(0.428993 -1.30353 0)
(0.455498 -1.30888 0)
(0.482759 -1.31423 0)
(0.510892 -1.31954 0)
(0.540031 -1.32474 0)
(0.57033 -1.32978 0)
(0.601965 -1.3346 0)
(0.635129 -1.33916 0)
(0.670026 -1.34344 0)
(0.706869 -1.34743 0)
(0.745878 -1.35114 0)
(0.787277 -1.35462 0)
(0.831294 -1.35791 0)
(0.878161 -1.36108 0)
(0.928105 -1.36421 0)
(0.981355 -1.36738 0)
(1.03813 -1.37068 0)
(1.09863 -1.3742 0)
(1.16305 -1.378 0)
(1.23157 -1.38212 0)
(1.30436 -1.38658 0)
(1.38157 -1.39139 0)
(1.46338 -1.39653 0)
(1.54996 -1.402 0)
(1.64155 -1.4079 0)
(1.73834 -1.41407 0)
(1.84008 -1.41963 0)
(0.0137726 -1.10449 0)
(0.0353044 -1.31444 0)
(0.0550702 -1.28313 0)
(0.0765308 -1.27356 0)
(0.0981399 -1.27464 0)
(0.119845 -1.27681 0)
(0.141647 -1.27913 0)
(0.163578 -1.28177 0)
(0.185668 -1.28479 0)
(0.207943 -1.28818 0)
(0.230433 -1.29193 0)
(0.25317 -1.29604 0)
(0.276189 -1.30048 0)
(0.299532 -1.30524 0)
(0.323242 -1.31031 0)
(0.347371 -1.31566 0)
(0.371978 -1.32126 0)
(0.397129 -1.32709 0)
(0.422901 -1.33311 0)
(0.449381 -1.33929 0)
(0.476668 -1.34559 0)
(0.504875 -1.35199 0)
(0.534132 -1.35844 0)
(0.564585 -1.36491 0)
(0.596397 -1.37136 0)
(0.629751 -1.37777 0)
(0.66484 -1.38413 0)
(0.701866 -1.39044 0)
(0.741037 -1.39671 0)
(0.782568 -1.403 0)
(0.826675 -1.40935 0)
(0.873579 -1.41584 0)
(0.923502 -1.42254 0)
(0.976668 -1.42953 0)
(1.0333 -1.4369 0)
(1.09361 -1.44471 0)
(1.1578 -1.45302 0)
(1.22608 -1.46186 0)
(1.29864 -1.47124 0)
(1.37568 -1.48117 0)
(1.4574 -1.49163 0)
(1.54396 -1.50265 0)
(1.63561 -1.51432 0)
(1.73235 -1.52609 0)
(1.8336 -1.5369 0)
(0.0134969 -1.13241 0)
(0.0345078 -1.33736 0)
(0.0537933 -1.30651 0)
(0.0748331 -1.29783 0)
(0.0959793 -1.29911 0)
(0.11723 -1.30137 0)
(0.138587 -1.30381 0)
(0.160082 -1.30663 0)
(0.181748 -1.30985 0)
(0.203613 -1.31348 0)
(0.225706 -1.31751 0)
(0.248063 -1.32193 0)
(0.270722 -1.32673 0)
(0.293726 -1.3319 0)
(0.317122 -1.33743 0)
(0.340965 -1.34331 0)
(0.365314 -1.34952 0)
(0.390238 -1.35603 0)
(0.415815 -1.36283 0)
(0.442135 -1.3699 0)
(0.469295 -1.37721 0)
(0.497407 -1.38475 0)
(0.526596 -1.39249 0)
(0.557 -1.40043 0)
(0.588775 -1.40854 0)
(0.622089 -1.41682 0)
(0.657126 -1.42527 0)
(0.694077 -1.43389 0)
(0.733144 -1.44272 0)
(0.774529 -1.4518 0)
(0.818442 -1.46119 0)
(0.865099 -1.47096 0)
(0.914717 -1.48119 0)
(0.96752 -1.49198 0)
(1.02373 -1.50338 0)
(1.08358 -1.51548 0)
(1.14728 -1.52832 0)
(1.21507 -1.54193 0)
(1.28717 -1.55632 0)
(1.36381 -1.5715 0)
(1.44522 -1.58743 0)
(1.53161 -1.60417 0)
(1.62319 -1.62163 0)
(1.71975 -1.63875 0)
(1.82065 -1.65459 0)
(0.013229 -1.15998 0)
(0.0337014 -1.35986 0)
(0.0524693 -1.3296 0)
(0.0730548 -1.32178 0)
(0.093704 -1.32325 0)
(0.114464 -1.32561 0)
(0.135338 -1.3282 0)
(0.156357 -1.3312 0)
(0.177554 -1.33464 0)
(0.198959 -1.33853 0)
(0.220603 -1.34285 0)
(0.242523 -1.3476 0)
(0.264759 -1.35278 0)
(0.287355 -1.35839 0)
(0.310359 -1.36442 0)
(0.333827 -1.37085 0)
(0.35782 -1.3777 0)
(0.382408 -1.38493 0)
(0.407669 -1.39255 0)
(0.433691 -1.40054 0)
(0.460571 -1.4089 0)
(0.488419 -1.41761 0)
(0.517355 -1.42669 0)
(0.547511 -1.43612 0)
(0.579033 -1.4459 0)
(0.612081 -1.45605 0)
(0.646826 -1.46657 0)
(0.683452 -1.4775 0)
(0.72215 -1.48885 0)
(0.763117 -1.5007 0)
(0.806556 -1.51309 0)
(0.852678 -1.52611 0)
(0.901698 -1.53984 0)
(0.95384 -1.55438 0)
(1.00933 -1.5698 0)
(1.06842 -1.58619 0)
(1.13133 -1.60358 0)
(1.19834 -1.62203 0)
(1.26969 -1.64155 0)
(1.34566 -1.66213 0)
(1.42654 -1.68376 0)
(1.51258 -1.70645 0)
(1.60401 -1.72983 0)
(1.70048 -1.75233 0)
(1.80166 -1.7738 0)
(0.0129613 -1.18721 0)
(0.0328709 -1.3819 0)
(0.0510843 -1.35234 0)
(0.0711808 -1.34538 0)
(0.0912977 -1.34702 0)
(0.11153 -1.34948 0)
(0.13188 -1.35224 0)
(0.15238 -1.35543 0)
(0.173062 -1.3591 0)
(0.193957 -1.36324 0)
(0.215097 -1.36787 0)
(0.23652 -1.37297 0)
(0.258266 -1.37855 0)
(0.28038 -1.38461 0)
(0.302911 -1.39115 0)
(0.325914 -1.39817 0)
(0.349451 -1.40567 0)
(0.373591 -1.41365 0)
(0.398412 -1.42211 0)
(0.423998 -1.43105 0)
(0.450447 -1.44047 0)
(0.477863 -1.45038 0)
(0.506363 -1.4608 0)
(0.536073 -1.47173 0)
(0.567131 -1.48318 0)
(0.599688 -1.49519 0)
(0.633906 -1.50777 0)
(0.669958 -1.52096 0)
(0.708027 -1.53481 0)
(0.748304 -1.54936 0)
(0.790986 -1.56471 0)
(0.83628 -1.58093 0)
(0.884397 -1.59812 0)
(0.935564 -1.61637 0)
(0.990016 -1.63579 0)
(1.048 -1.65646 0)
(1.10978 -1.67844 0)
(1.17565 -1.7018 0)
(1.24589 -1.72656 0)
(1.32087 -1.75276 0)
(1.4009 -1.78037 0)
(1.48633 -1.80935 0)
(1.57748 -1.83898 0)
(1.67396 -1.86737 0)
(1.77635 -1.8964 0)
(0.0126863 -1.21405 0)
(0.0320035 -1.40342 0)
(0.0496265 -1.37469 0)
(0.0691975 -1.36856 0)
(0.0887457 -1.37037 0)
(0.108412 -1.37294 0)
(0.128198 -1.37586 0)
(0.148133 -1.37925 0)
(0.168253 -1.38315 0)
(0.188585 -1.38757 0)
(0.209166 -1.3925 0)
(0.230029 -1.39796 0)
(0.251217 -1.40395 0)
(0.272774 -1.41047 0)
(0.294748 -1.41754 0)
(0.317194 -1.42515 0)
(0.340173 -1.43332 0)
(0.363753 -1.44205 0)
(0.388008 -1.45135 0)
(0.413023 -1.46124 0)
(0.438889 -1.47174 0)
(0.465709 -1.48285 0)
(0.493593 -1.4946 0)
(0.522663 -1.50701 0)
(0.553049 -1.52012 0)
(0.584894 -1.53395 0)
(0.61835 -1.54856 0)
(0.653582 -1.56397 0)
(0.690764 -1.58025 0)
(0.730078 -1.59747 0)
(0.771718 -1.61571 0)
(0.815883 -1.63507 0)
(0.862783 -1.65564 0)
(0.912644 -1.67756 0)
(0.965702 -1.70093 0)
(1.02222 -1.72585 0)
(1.08247 -1.75244 0)
(1.14679 -1.78076 0)
(1.21548 -1.81089 0)
(1.28899 -1.84292 0)
(1.3677 -1.87683 0)
(1.45209 -1.91255 0)
(1.54256 -1.94896 0)
(1.63894 -1.98446 0)
(1.74352 -2.02447 0)
(0.0123963 -1.24048 0)
(0.031088 -1.42436 0)
(0.0480858 -1.39661 0)
(0.0670935 -1.39128 0)
(0.0860359 -1.39325 0)
(0.105097 -1.39593 0)
(0.124277 -1.399 0)
(0.143604 -1.40259 0)
(0.163112 -1.40673 0)
(0.182831 -1.41142 0)
(0.202793 -1.41667 0)
(0.223035 -1.42248 0)
(0.243595 -1.42888 0)
(0.264518 -1.43587 0)
(0.285851 -1.44346 0)
(0.307648 -1.45166 0)
(0.329966 -1.46049 0)
(0.352873 -1.46997 0)
(0.37644 -1.48012 0)
(0.400747 -1.49096 0)
(0.425882 -1.5025 0)
(0.451944 -1.5148 0)
(0.479036 -1.52786 0)
(0.507276 -1.54173 0)
(0.536786 -1.55646 0)
(0.567701 -1.57208 0)
(0.600164 -1.58865 0)
(0.634333 -1.60622 0)
(0.67037 -1.62487 0)
(0.708451 -1.64467 0)
(0.748761 -1.66572 0)
(0.791492 -1.68813 0)
(0.836851 -1.71201 0)
(0.885058 -1.73751 0)
(0.936349 -1.76475 0)
(0.990991 -1.79388 0)
(1.04927 -1.82503 0)
(1.11154 -1.85834 0)
(1.17812 -1.89393 0)
(1.24958 -1.93198 0)
(1.32626 -1.9725 0)
(1.40893 -2.01537 0)
(1.49789 -2.05925 0)
(1.59371 -2.1039 0)
(1.70097 -2.15928 0)
(0.0120835 -1.26645 0)
(0.0301149 -1.44467 0)
(0.0464556 -1.41803 0)
(0.0648608 -1.41349 0)
(0.0831604 -1.41559 0)
(0.101577 -1.41838 0)
(0.12011 -1.42161 0)
(0.138784 -1.4254 0)
(0.157633 -1.42976 0)
(0.176685 -1.43472 0)
(0.195972 -1.44028 0)
(0.215528 -1.44645 0)
(0.235392 -1.45325 0)
(0.255606 -1.46069 0)
(0.276214 -1.46879 0)
(0.297268 -1.47757 0)
(0.318825 -1.48706 0)
(0.340948 -1.49727 0)
(0.363703 -1.50824 0)
(0.387169 -1.52 0)
(0.411429 -1.53258 0)
(0.436573 -1.54602 0)
(0.462703 -1.56036 0)
(0.489927 -1.57564 0)
(0.518362 -1.59193 0)
(0.548135 -1.60928 0)
(0.57938 -1.62774 0)
(0.612245 -1.6474 0)
(0.646884 -1.66832 0)
(0.683461 -1.69061 0)
(0.722155 -1.71437 0)
(0.763146 -1.73971 0)
(0.806634 -1.76679 0)
(0.85283 -1.79574 0)
(0.901963 -1.82675 0)
(0.954295 -1.85997 0)
(1.01011 -1.89561 0)
(1.06976 -1.93383 0)
(1.13359 -1.97487 0)
(1.20223 -2.01899 0)
(1.27595 -2.06632 0)
(1.35586 -2.11664 0)
(1.44198 -2.16889 0)
(1.53634 -2.22541 0)
(1.64555 -2.30041 0)
(0.0117407 -1.29189 0)
(0.0290771 -1.4643 0)
(0.0447328 -1.43891 0)
(0.0624955 -1.43511 0)
(0.0801159 -1.43734 0)
(0.0978499 -1.44024 0)
(0.115694 -1.44362 0)
(0.133671 -1.44759 0)
(0.151813 -1.45218 0)
(0.170147 -1.4574 0)
(0.188702 -1.46325 0)
(0.207511 -1.46976 0)
(0.22661 -1.47694 0)
(0.246039 -1.48482 0)
(0.26584 -1.49342 0)
(0.286062 -1.50276 0)
(0.306758 -1.51288 0)
(0.327987 -1.5238 0)
(0.349813 -1.53555 0)
(0.372307 -1.5482 0)
(0.395549 -1.56176 0)
(0.419622 -1.5763 0)
(0.444624 -1.59186 0)
(0.470653 -1.6085 0)
(0.49782 -1.62628 0)
(0.526244 -1.64527 0)
(0.556051 -1.66554 0)
(0.587378 -1.68718 0)
(0.620369 -1.71027 0)
(0.655179 -1.73493 0)
(0.691973 -1.76126 0)
(0.730922 -1.78941 0)
(0.772213 -1.81952 0)
(0.816041 -1.85178 0)
(0.862621 -1.88637 0)
(0.912198 -1.92352 0)
(0.965037 -1.96343 0)
(1.02146 -2.00638 0)
(1.08181 -2.0527 0)
(1.14669 -2.10275 0)
(1.2163 -2.1568 0)
(1.29202 -2.21459 0)
(1.37348 -2.27611 0)
(1.46482 -2.34746 0)
(1.57325 -2.44499 0)
(0.011362 -1.31673 0)
(0.0279708 -1.48319 0)
(0.0429182 -1.45918 0)
(0.0599988 -1.4561 0)
(0.0769044 -1.45844 0)
(0.0939181 -1.46144 0)
(0.111034 -1.46496 0)
(0.128272 -1.46912 0)
(0.14566 -1.47391 0)
(0.163225 -1.47937 0)
(0.180993 -1.4855 0)
(0.198994 -1.49233 0)
(0.217262 -1.49988 0)
(0.235833 -1.50817 0)
(0.254748 -1.51723 0)
(0.27405 -1.5271 0)
(0.293789 -1.5378 0)
(0.314019 -1.54939 0)
(0.334799 -1.56189 0)
(0.356197 -1.57536 0)
(0.378284 -1.58986 0)
(0.401138 -1.60543 0)
(0.42485 -1.62213 0)
(0.449511 -1.64005 0)
(0.475224 -1.65923 0)
(0.502099 -1.67977 0)
(0.530255 -1.70174 0)
(0.559817 -1.72524 0)
(0.590918 -1.75038 0)
(0.623703 -1.77726 0)
(0.658325 -1.80602 0)
(0.694939 -1.83679 0)
(0.733721 -1.86976 0)
(0.77484 -1.90512 0)
(0.818491 -1.94307 0)
(0.864888 -1.98387 0)
(0.914249 -2.02777 0)
(0.96685 -2.07509 0)
(1.02297 -2.12625 0)
(1.08311 -2.18174 0)
(1.14734 -2.24193 0)
(1.21705 -2.30672 0)
(1.2916 -2.37789 0)
(1.37721 -2.4661 0)
(1.47955 -2.58632 0)
(0.0109437 -1.34088 0)
(0.0267948 -1.5013 0)
(0.0410161 -1.47881 0)
(0.057376 -1.4764 0)
(0.0735335 -1.47884 0)
(0.0897909 -1.48192 0)
(0.10614 -1.48558 0)
(0.122597 -1.48989 0)
(0.139188 -1.49488 0)
(0.155935 -1.50056 0)
(0.172863 -1.50694 0)
(0.189998 -1.51406 0)
(0.207372 -1.52194 0)
(0.225016 -1.53061 0)
(0.242968 -1.5401 0)
(0.261266 -1.55045 0)
(0.279956 -1.5617 0)
(0.299086 -1.57389 0)
(0.318711 -1.58708 0)
(0.338892 -1.60132 0)
(0.359693 -1.61667 0)
(0.381186 -1.63319 0)
(0.403455 -1.65096 0)
(0.426581 -1.67005 0)
(0.450661 -1.69053 0)
(0.475796 -1.7125 0)
(0.502094 -1.73605 0)
(0.529671 -1.76128 0)
(0.55865 -1.7883 0)
(0.589166 -1.81725 0)
(0.621355 -1.84825 0)
(0.655361 -1.88147 0)
(0.691343 -1.91709 0)
(0.729442 -1.9553 0)
(0.769833 -1.99633 0)
(0.812681 -2.04044 0)
(0.858145 -2.0879 0)
(0.906426 -2.13907 0)
(0.95769 -2.1944 0)
(1.01224 -2.25444 0)
(1.06993 -2.31956 0)
(1.13187 -2.39002 0)
(1.19706 -2.46989 0)
(1.27316 -2.57442 0)
(1.36149 -2.71197 0)
(0.0104837 -1.36427 0)
(0.0255508 -1.51859 0)
(0.0390338 -1.49773 0)
(0.0546368 -1.49595 0)
(0.0700156 -1.49847 0)
(0.0854833 -1.50163 0)
(0.101029 -1.5054 0)
(0.116667 -1.50986 0)
(0.132418 -1.51501 0)
(0.148302 -1.52088 0)
(0.16434 -1.52749 0)
(0.180555 -1.53487 0)
(0.196975 -1.54304 0)
(0.213627 -1.55205 0)
(0.230543 -1.56192 0)
(0.247759 -1.5727 0)
(0.265314 -1.58443 0)
(0.28325 -1.59717 0)
(0.301616 -1.61097 0)
(0.320466 -1.62589 0)
(0.339857 -1.64201 0)
(0.359855 -1.65939 0)
(0.380533 -1.67811 0)
(0.401966 -1.69826 0)
(0.424242 -1.71992 0)
(0.447452 -1.74318 0)
(0.471697 -1.76816 0)
(0.497079 -1.79496 0)
(0.523715 -1.82371 0)
(0.551728 -1.85454 0)
(0.58124 -1.88761 0)
(0.612387 -1.92306 0)
(0.645308 -1.96109 0)
(0.680121 -2.00189 0)
(0.716981 -2.04569 0)
(0.756001 -2.09274 0)
(0.797283 -2.14328 0)
(0.840945 -2.19768 0)
(0.887008 -2.25635 0)
(0.935533 -2.31975 0)
(0.986043 -2.38813 0)
(1.03931 -2.46213 0)
(1.09347 -2.54823 0)
(1.15694 -2.66459 0)
(1.22327 -2.80663 0)
(0.00998119 -1.38679 0)
(0.0242425 -1.53504 0)
(0.0369818 -1.51591 0)
(0.0517951 -1.5147 0)
(0.0663681 -1.51727 0)
(0.0810156 -1.5205 0)
(0.0957257 -1.52438 0)
(0.110508 -1.52895 0)
(0.12538 -1.53424 0)
(0.140358 -1.54027 0)
(0.155461 -1.54707 0)
(0.170706 -1.55466 0)
(0.186117 -1.56309 0)
(0.201717 -1.57237 0)
(0.217532 -1.58256 0)
(0.233594 -1.59371 0)
(0.249933 -1.60585 0)
(0.266588 -1.61906 0)
(0.283598 -1.63339 0)
(0.301012 -1.6489 0)
(0.318878 -1.66569 0)
(0.337254 -1.68381 0)
(0.356203 -1.70337 0)
(0.375794 -1.72444 0)
(0.396102 -1.74713 0)
(0.417213 -1.77155 0)
(0.439216 -1.79779 0)
(0.462205 -1.82599 0)
(0.486287 -1.85628 0)
(0.511576 -1.88881 0)
(0.538183 -1.92372 0)
(0.566239 -1.9612 0)
(0.595866 -2.0014 0)
(0.627168 -2.04453 0)
(0.660292 -2.0908 0)
(0.695303 -2.14042 0)
(0.732272 -2.19361 0)
(0.771248 -2.25064 0)
(0.812131 -2.31184 0)
(0.854762 -2.37744 0)
(0.898416 -2.44743 0)
(0.943536 -2.52271 0)
(0.987131 -2.61211 0)
(1.0385 -2.73309 0)
(1.08029 -2.86254 0)
(0.00943498 -1.40837 0)
(0.0228764 -1.55061 0)
(0.0348747 -1.53329 0)
(0.048869 -1.53259 0)
(0.0626129 -1.53521 0)
(0.0764136 -1.53849 0)
(0.090258 -1.54243 0)
(0.104153 -1.54709 0)
(0.118111 -1.55249 0)
(0.132146 -1.55865 0)
(0.146272 -1.56559 0)
(0.160503 -1.57336 0)
(0.174856 -1.58198 0)
(0.18935 -1.59149 0)
(0.204006 -1.60194 0)
(0.218847 -1.61337 0)
(0.2339 -1.62585 0)
(0.249194 -1.63944 0)
(0.264762 -1.65419 0)
(0.280644 -1.67019 0)
(0.296879 -1.68752 0)
(0.313516 -1.70627 0)
(0.330609 -1.72652 0)
(0.348218 -1.74837 0)
(0.366407 -1.77193 0)
(0.385252 -1.79732 0)
(0.404835 -1.82465 0)
(0.42524 -1.85406 0)
(0.446564 -1.88569 0)
(0.468917 -1.91971 0)
(0.4924 -1.95627 0)
(0.517145 -1.99553 0)
(0.543262 -2.03768 0)
(0.570861 -2.0829 0)
(0.600084 -2.13137 0)
(0.63098 -2.18328 0)
(0.663626 -2.23877 0)
(0.69804 -2.29802 0)
(0.734073 -2.36118 0)
(0.771451 -2.42821 0)
(0.809427 -2.49872 0)
(0.848166 -2.57395 0)
(0.884232 -2.66471 0)
(0.927957 -2.78389 0)
(0.950638 -2.88746 0)
(0.00884445 -1.42891 0)
(0.0214632 -1.56532 0)
(0.0327328 -1.54985 0)
(0.0458821 -1.54959 0)
(0.0587772 -1.55223 0)
(0.0717087 -1.55553 0)
(0.0846612 -1.55953 0)
(0.0976413 -1.56424 0)
(0.110656 -1.56971 0)
(0.123715 -1.57595 0)
(0.136829 -1.583 0)
(0.150006 -1.59088 0)
(0.16326 -1.59963 0)
(0.176602 -1.6093 0)
(0.190047 -1.61994 0)
(0.203613 -1.63158 0)
(0.217318 -1.6443 0)
(0.231183 -1.65817 0)
(0.245233 -1.67324 0)
(0.259497 -1.68961 0)
(0.274007 -1.70735 0)
(0.2888 -1.72656 0)
(0.303922 -1.74735 0)
(0.31942 -1.76981 0)
(0.335348 -1.79407 0)
(0.351774 -1.82023 0)
(0.368766 -1.84845 0)
(0.386401 -1.87886 0)
(0.404773 -1.91163 0)
(0.423977 -1.94691 0)
(0.444118 -1.98489 0)
(0.46533 -2.02573 0)
(0.487717 -2.06962 0)
(0.51142 -2.11672 0)
(0.536583 -2.1672 0)
(0.563282 -2.22121 0)
(0.591635 -2.27882 0)
(0.621689 -2.34012 0)
(0.653338 -2.40505 0)
(0.686342 -2.47329 0)
(0.720154 -2.54412 0)
(0.754729 -2.61934 0)
(0.787558 -2.71117 0)
(0.828667 -2.82557 0)
(0.841998 -2.89772 0)
(0.00821219 -1.44833 0)
(0.0200217 -1.57916 0)
(0.0305838 -1.56554 0)
(0.042865 -1.56565 0)
(0.0548942 -1.56829 0)
(0.0669385 -1.57159 0)
(0.078977 -1.5756 0)
(0.0910199 -1.58034 0)
(0.103066 -1.58584 0)
(0.115124 -1.59212 0)
(0.127196 -1.59921 0)
(0.139289 -1.60715 0)
(0.151409 -1.61598 0)
(0.163562 -1.62574 0)
(0.175756 -1.63647 0)
(0.188001 -1.64824 0)
(0.200306 -1.6611 0)
(0.212685 -1.67513 0)
(0.225154 -1.6904 0)
(0.237729 -1.707 0)
(0.250435 -1.725 0)
(0.263294 -1.74453 0)
(0.276342 -1.76567 0)
(0.289615 -1.78856 0)
(0.303154 -1.8133 0)
(0.317016 -1.84003 0)
(0.331255 -1.86891 0)
(0.345943 -1.90009 0)
(0.361168 -1.93374 0)
(0.377005 -1.97005 0)
(0.393573 -2.00922 0)
(0.411008 -2.05142 0)
(0.429423 -2.09684 0)
(0.448998 -2.14565 0)
(0.469897 -2.19802 0)
(0.492265 -2.25408 0)
(0.516295 -2.31385 0)
(0.54213 -2.3773 0)
(0.569793 -2.44425 0)
(0.599225 -2.51411 0)
(0.630191 -2.58595 0)
(0.662653 -2.6623 0)
(0.695944 -2.75611 0)
(0.737312 -2.86594 0)
(0.751005 -2.90531 0)
(0.00754947 -1.46655 0)
(0.0185823 -1.59219 0)
(0.0284635 -1.58034 0)
(0.0398557 -1.58073 0)
(0.0510031 -1.58334 0)
(0.0621472 -1.58662 0)
(0.0732538 -1.59061 0)
(0.0843432 -1.59533 0)
(0.0954018 -1.60082 0)
(0.106439 -1.60709 0)
(0.117449 -1.61418 0)
(0.128436 -1.62212 0)
(0.139397 -1.63095 0)
(0.150334 -1.64072 0)
(0.161246 -1.65147 0)
(0.172136 -1.66326 0)
(0.183004 -1.67616 0)
(0.193854 -1.69023 0)
(0.204691 -1.70556 0)
(0.215521 -1.72223 0)
(0.226359 -1.74034 0)
(0.237211 -1.76 0)
(0.2481 -1.78131 0)
(0.259052 -1.8044 0)
(0.270089 -1.8294 0)
(0.281258 -1.85647 0)
(0.292594 -1.88575 0)
(0.304165 -1.91743 0)
(0.316041 -1.95169 0)
(0.328282 -1.98877 0)
(0.341031 -2.02885 0)
(0.354406 -2.07215 0)
(0.368548 -2.1189 0)
(0.383682 -2.16928 0)
(0.400002 -2.22347 0)
(0.417761 -2.28164 0)
(0.437267 -2.34378 0)
(0.458805 -2.40982 0)
(0.482613 -2.4795 0)
(0.508934 -2.552 0)
(0.537925 -2.62633 0)
(0.569898 -2.7058 0)
(0.605949 -2.8035 0)
(0.649287 -2.91046 0)
(0.671026 -2.91617 0)
(0.00688198 -1.48354 0)
(0.0171888 -1.60445 0)
(0.0264124 -1.59422 0)
(0.036898 -1.5948 0)
(0.047148 -1.59736 0)
(0.0573837 -1.60057 0)
(0.0675462 -1.60451 0)
(0.0776721 -1.60918 0)
(0.0877324 -1.61461 0)
(0.097737 -1.62083 0)
(0.107674 -1.62785 0)
(0.117541 -1.63573 0)
(0.127329 -1.64449 0)
(0.137033 -1.65418 0)
(0.146646 -1.66485 0)
(0.156159 -1.67657 0)
(0.165566 -1.68938 0)
(0.174859 -1.70337 0)
(0.184033 -1.71862 0)
(0.193081 -1.73521 0)
(0.202004 -1.75324 0)
(0.210795 -1.77283 0)
(0.219463 -1.79409 0)
(0.228017 -1.81716 0)
(0.236461 -1.84217 0)
(0.244826 -1.86928 0)
(0.253126 -1.89868 0)
(0.261421 -1.93055 0)
(0.269743 -1.96511 0)
(0.278157 -2.00261 0)
(0.286813 -2.04328 0)
(0.295792 -2.08739 0)
(0.305278 -2.1352 0)
(0.315535 -2.18696 0)
(0.32678 -2.24291 0)
(0.33941 -2.30329 0)
(0.353876 -2.36814 0)
(0.370608 -2.43747 0)
(0.3902 -2.51102 0)
(0.413305 -2.58785 0)
(0.440544 -2.66702 0)
(0.472916 -2.75264 0)
(0.512822 -2.85752 0)
(0.560255 -2.96454 0)
(0.594262 -2.93762 0)
(0.00625053 -1.4993 0)
(0.0158938 -1.61604 0)
(0.0244694 -1.60713 0)
(0.0340357 -1.60782 0)
(0.0433742 -1.61029 0)
(0.0526985 -1.61342 0)
(0.061911 -1.61728 0)
(0.0710711 -1.62186 0)
(0.0801307 -1.62719 0)
(0.0891017 -1.63329 0)
(0.0979634 -1.6402 0)
(0.106709 -1.64794 0)
(0.115322 -1.65656 0)
(0.123791 -1.66609 0)
(0.1321 -1.67659 0)
(0.140231 -1.68811 0)
(0.148168 -1.70072 0)
(0.155895 -1.71448 0)
(0.163391 -1.72949 0)
(0.17064 -1.74583 0)
(0.177626 -1.7636 0)
(0.184328 -1.78292 0)
(0.190736 -1.80389 0)
(0.196841 -1.82668 0)
(0.202629 -1.85141 0)
(0.208104 -1.87827 0)
(0.21326 -1.90744 0)
(0.21813 -1.93914 0)
(0.222717 -1.97362 0)
(0.227082 -2.01113 0)
(0.231342 -2.05197 0)
(0.235541 -2.09647 0)
(0.239904 -2.14497 0)
(0.244706 -2.19778 0)
(0.250151 -2.25528 0)
(0.256809 -2.31786 0)
(0.265221 -2.38568 0)
(0.275992 -2.4591 0)
(0.290219 -2.53782 0)
(0.308989 -2.6212 0)
(0.333517 -2.70857 0)
(0.365903 -2.80481 0)
(0.409654 -2.92246 0)
(0.463403 -3.03576 0)
(0.511482 -2.98319 0)
(0.00570154 -1.5139 0)
(0.0147447 -1.62702 0)
(0.0226629 -1.61902 0)
(0.0313041 -1.61975 0)
(0.0397221 -1.62213 0)
(0.0481378 -1.62515 0)
(0.0564032 -1.62889 0)
(0.0646047 -1.63334 0)
(0.0726717 -1.63852 0)
(0.0806189 -1.64447 0)
(0.0884163 -1.6512 0)
(0.096052 -1.65874 0)
(0.103503 -1.66713 0)
(0.110748 -1.67641 0)
(0.117765 -1.68664 0)
(0.124526 -1.69785 0)
(0.131006 -1.71013 0)
(0.137176 -1.72353 0)
(0.143004 -1.73814 0)
(0.14846 -1.75405 0)
(0.153512 -1.77136 0)
(0.158125 -1.79017 0)
(0.162266 -1.81061 0)
(0.165905 -1.83283 0)
(0.169008 -1.85698 0)
(0.171546 -1.88323 0)
(0.173484 -1.9118 0)
(0.174818 -1.9429 0)
(0.175534 -1.97683 0)
(0.175647 -2.01384 0)
(0.175205 -2.05432 0)
(0.174238 -2.09866 0)
(0.172962 -2.14724 0)
(0.171609 -2.20054 0)
(0.170322 -2.25908 0)
(0.169809 -2.32344 0)
(0.170521 -2.39414 0)
(0.173416 -2.47192 0)
(0.179969 -2.5568 0)
(0.191512 -2.64887 0)
(0.210245 -2.74815 0)
(0.239644 -2.86069 0)
(0.284422 -2.99945 0)
(0.344091 -3.13132 0)
(0.408565 -3.07207 0)
(0.00526835 -1.5275 0)
(0.013765 -1.63744 0)
(0.0210021 -1.62985 0)
(0.0287218 -1.63057 0)
(0.0362215 -1.63284 0)
(0.0437402 -1.63573 0)
(0.0510722 -1.63933 0)
(0.0583337 -1.64362 0)
(0.0654287 -1.64862 0)
(0.0723752 -1.65435 0)
(0.0791336 -1.66084 0)
(0.0856863 -1.66811 0)
(0.0920025 -1.6762 0)
(0.0980549 -1.68515 0)
(0.103812 -1.695 0)
(0.109236 -1.7058 0)
(0.114293 -1.71761 0)
(0.118941 -1.73051 0)
(0.123137 -1.74456 0)
(0.126836 -1.75985 0)
(0.12999 -1.77648 0)
(0.132547 -1.79455 0)
(0.134449 -1.8142 0)
(0.135648 -1.83556 0)
(0.136078 -1.85878 0)
(0.135679 -1.88406 0)
(0.134388 -1.91159 0)
(0.132144 -1.94162 0)
(0.128902 -1.97443 0)
(0.124614 -2.01035 0)
(0.119223 -2.04977 0)
(0.11277 -2.09317 0)
(0.10538 -2.14097 0)
(0.0971335 -2.19385 0)
(0.0881554 -2.25248 0)
(0.0790488 -2.31761 0)
(0.0700709 -2.39034 0)
(0.0624736 -2.47151 0)
(0.057677 -2.56238 0)
(0.0570873 -2.66373 0)
(0.0637967 -2.77696 0)
(0.0824552 -2.91002 0)
(0.119067 -3.07799 0)
(0.174262 -3.24599 0)
(0.251274 -3.21552 0)
(0.00495379 -1.54027 0)
(0.0129398 -1.6473 0)
(0.019474 -1.6396 0)
(0.0262893 -1.64028 0)
(0.0328898 -1.64243 0)
(0.0395359 -1.64519 0)
(0.0459616 -1.64862 0)
(0.0523151 -1.65272 0)
(0.0584728 -1.65749 0)
(0.0644568 -1.66297 0)
(0.0702176 -1.66916 0)
(0.0757315 -1.6761 0)
(0.0809613 -1.68382 0)
(0.0858717 -1.69234 0)
(0.0904224 -1.70171 0)
(0.0945681 -1.71198 0)
(0.0982622 -1.7232 0)
(0.101453 -1.73544 0)
(0.104084 -1.74877 0)
(0.106097 -1.76325 0)
(0.107425 -1.779 0)
(0.107999 -1.7961 0)
(0.107741 -1.81468 0)
(0.106574 -1.83487 0)
(0.104398 -1.85682 0)
(0.10113 -1.88071 0)
(0.0966686 -1.90674 0)
(0.0908883 -1.93516 0)
(0.0836906 -1.96625 0)
(0.0749646 -2.00036 0)
(0.0645487 -2.03791 0)
(0.0524396 -2.07935 0)
(0.0385766 -2.12528 0)
(0.0228503 -2.17641 0)
(0.00536109 -2.23357 0)
(-0.0137333 -2.29774 0)
(-0.0341205 -2.37037 0)
(-0.0551442 -2.45274 0)
(-0.0758057 -2.5471 0)
(-0.0945684 -2.65525 0)
(-0.108773 -2.78027 0)
(-0.113427 -2.93232 0)
(-0.102911 -3.13053 0)
(-0.0780644 -3.34788 0)
(-0.0167001 -3.38702 0)
(0.00472964 -1.55237 0)
(0.0122176 -1.65658 0)
(0.0180466 -1.64827 0)
(0.0239957 -1.64888 0)
(0.0297337 -1.65093 0)
(0.0355501 -1.65353 0)
(0.041111 -1.65679 0)
(0.0466042 -1.66066 0)
(0.0518751 -1.66518 0)
(0.0569507 -1.67036 0)
(0.0617727 -1.67621 0)
(0.066311 -1.68275 0)
(0.0705231 -1.69002 0)
(0.0743651 -1.69803 0)
(0.0777888 -1.70683 0)
(0.0807408 -1.71647 0)
(0.0831637 -1.72697 0)
(0.0849947 -1.73841 0)
(0.0861655 -1.75085 0)
(0.0866013 -1.76435 0)
(0.0862206 -1.779 0)
(0.0849346 -1.79489 0)
(0.0826464 -1.81213 0)
(0.0792483 -1.83084 0)
(0.0746135 -1.85116 0)
(0.0686233 -1.87325 0)
(0.0611291 -1.89731 0)
(0.0519599 -1.92356 0)
(0.0409523 -1.95228 0)
(0.0279047 -1.98381 0)
(0.012624 -2.01854 0)
(-0.00510419 -2.05693 0)
(-0.025516 -2.09964 0)
(-0.0488323 -2.14736 0)
(-0.0752683 -2.20101 0)
(-0.10501 -2.26176 0)
(-0.138189 -2.33108 0)
(-0.174812 -2.4109 0)
(-0.214686 -2.50367 0)
(-0.257286 -2.61237 0)
(-0.301289 -2.74126 0)
(-0.343468 -2.90121 0)
(-0.382273 -3.11525 0)
(-0.421811 -3.37559 0)
(-0.431788 -3.50847 0)
(0.00456268 -1.5639 0)
(0.0115353 -1.66523 0)
(0.0166772 -1.65588 0)
(0.0218312 -1.65639 0)
(0.0267535 -1.65836 0)
(0.0318058 -1.6608 0)
(0.0365571 -1.66386 0)
(0.0412528 -1.6675 0)
(0.0457031 -1.67173 0)
(0.0499403 -1.67657 0)
(0.0538994 -1.68203 0)
(0.0575444 -1.68812 0)
(0.0608277 -1.69487 0)
(0.0636981 -1.70231 0)
(0.0661 -1.71045 0)
(0.067972 -1.71934 0)
(0.0692473 -1.72902 0)
(0.0698526 -1.73953 0)
(0.069707 -1.75093 0)
(0.0687222 -1.76327 0)
(0.066801 -1.77663 0)
(0.0638365 -1.79108 0)
(0.0597097 -1.80672 0)
(0.0542872 -1.82365 0)
(0.0474213 -1.84199 0)
(0.0389464 -1.86188 0)
(0.0286754 -1.8835 0)
(0.0163991 -1.90703 0)
(0.00188405 -1.93273 0)
(-0.0151389 -1.96089 0)
(-0.0349721 -1.99186 0)
(-0.0579572 -2.0261 0)
(-0.0844921 -2.06415 0)
(-0.115029 -2.10668 0)
(-0.150084 -2.15456 0)
(-0.190257 -2.20889 0)
(-0.236243 -2.27113 0)
(-0.288852 -2.34318 0)
(-0.349015 -2.42752 0)
(-0.417804 -2.52738 0)
(-0.496259 -2.64712 0)
(-0.584994 -2.79585 0)
(-0.68833 -2.99569 0)
(-0.81602 -3.25854 0)
(-0.952107 -3.4663 0)
(0.00445462 -1.57489 0)
(0.0108554 -1.67317 0)
(0.0153206 -1.6625 0)
(0.0197955 -1.66289 0)
(0.0239454 -1.66477 0)
(0.0283186 -1.66706 0)
(0.0323272 -1.66991 0)
(0.0362992 -1.67329 0)
(0.0400082 -1.67722 0)
(0.0434902 -1.68169 0)
(0.0466772 -1.68672 0)
(0.0495275 -1.69231 0)
(0.0519892 -1.6985 0)
(0.0540054 -1.70529 0)
(0.0555145 -1.7127 0)
(0.0564481 -1.72076 0)
(0.0567311 -1.72951 0)
(0.0562807 -1.73897 0)
(0.0550056 -1.74919 0)
(0.0528047 -1.76021 0)
(0.0495668 -1.7721 0)
(0.0451678 -1.7849 0)
(0.0394683 -1.7987 0)
(0.0323131 -1.81357 0)
(0.0235281 -1.82961 0)
(0.0129172 -1.84693 0)
(0.000259698 -1.86567 0)
(-0.0146962 -1.88598 0)
(-0.0322388 -1.90806 0)
(-0.0527024 -1.93214 0)
(-0.0764759 -1.9585 0)
(-0.104016 -1.98749 0)
(-0.135863 -2.01954 0)
(-0.172664 -2.05518 0)
(-0.215203 -2.09509 0)
(-0.264443 -2.14016 0)
(-0.32159 -2.19153 0)
(-0.388174 -2.25069 0)
(-0.466163 -2.31957 0)
(-0.558131 -2.40064 0)
(-0.667503 -2.49707 0)
(-0.799112 -2.61415 0)
(-0.960701 -2.76512 0)
(-1.16955 -2.96811 0)
(-1.44387 -3.18126 0)
(0.00446049 -1.58542 0)
(0.0101917 -1.68038 0)
(0.0139372 -1.66823 0)
(0.0178923 -1.66851 0)
(0.0213018 -1.67029 0)
(0.0250851 -1.67243 0)
(0.0284264 -1.67506 0)
(0.0317515 -1.67817 0)
(0.0348057 -1.68177 0)
(0.0376232 -1.68585 0)
(0.0401376 -1.69042 0)
(0.0423023 -1.69549 0)
(0.0440627 -1.70107 0)
(0.0453577 -1.70716 0)
(0.0461214 -1.71379 0)
(0.0462804 -1.72095 0)
(0.0457531 -1.72869 0)
(0.0444496 -1.73701 0)
(0.04227 -1.74594 0)
(0.0391033 -1.75552 0)
(0.0348259 -1.76578 0)
(0.0292991 -1.77676 0)
(0.0223675 -1.78851 0)
(0.013857 -1.80108 0)
(0.00357395 -1.81455 0)
(-0.00870257 -1.82897 0)
(-0.0232229 -1.84446 0)
(-0.0402746 -1.86111 0)
(-0.0601894 -1.87906 0)
(-0.0833516 -1.89844 0)
(-0.11021 -1.91945 0)
(-0.141296 -1.9423 0)
(-0.177245 -1.96726 0)
(-0.218828 -1.99466 0)
(-0.266992 -2.02489 0)
(-0.322925 -2.05848 0)
(-0.388133 -2.09609 0)
(-0.464558 -2.13853 0)
(-0.554725 -2.1868 0)
(-0.66194 -2.24201 0)
(-0.790757 -2.30532 0)
(-0.947762 -2.37797 0)
(-1.14146 -2.46206 0)
(-1.3891 -2.56524 0)
(-1.72414 -2.69181 0)
(0.00465381 -1.59567 0)
(0.00960254 -1.6868 0)
(0.0125029 -1.67321 0)
(0.0161115 -1.67343 0)
(0.0188113 -1.67508 0)
(0.022075 -1.67706 0)
(0.024828 -1.67947 0)
(0.0275777 -1.68231 0)
(0.0300619 -1.68557 0)
(0.0323054 -1.68926 0)
(0.0342475 -1.69336 0)
(0.035838 -1.69789 0)
(0.0370211 -1.70284 0)
(0.0377344 -1.70821 0)
(0.0379092 -1.71401 0)
(0.0374697 -1.72025 0)
(0.0363307 -1.72692 0)
(0.0343977 -1.73404 0)
(0.0315658 -1.74161 0)
(0.0277173 -1.74966 0)
(0.0227201 -1.75819 0)
(0.0164262 -1.76722 0)
(0.00866947 -1.77678 0)
(-0.000736217 -1.78688 0)
(-0.0120004 -1.79756 0)
(-0.0253617 -1.80885 0)
(-0.041094 -1.8208 0)
(-0.0595102 -1.83345 0)
(-0.0809694 -1.84685 0)
(-0.105886 -1.86108 0)
(-0.134742 -1.8762 0)
(-0.168102 -1.8923 0)
(-0.206638 -1.90945 0)
(-0.251156 -1.92775 0)
(-0.302642 -1.9473 0)
(-0.362322 -1.9682 0)
(-0.431742 -1.99056 0)
(-0.512869 -2.01452 0)
(-0.608213 -2.04009 0)
(-0.720942 -2.06708 0)
(-0.855204 -2.0948 0)
(-1.01647 -2.12175 0)
(-1.21137 -2.14481 0)
(-1.44927 -2.15933 0)
(-1.74963 -2.15709 0)
(0.00505276 -1.60585 0)
(0.00914955 -1.69218 0)
(0.0110241 -1.67745 0)
(0.0144154 -1.6777 0)
(0.0164583 -1.67919 0)
(0.0192378 -1.68104 0)
(0.0214779 -1.68322 0)
(0.0237132 -1.6858 0)
(0.0257027 -1.68873 0)
(0.0274554 -1.69202 0)
(0.028918 -1.69566 0)
(0.0300393 -1.69965 0)
(0.0307641 -1.70397 0)
(0.0310307 -1.70863 0)
(0.0307706 -1.7136 0)
(0.0299081 -1.7189 0)
(0.0283573 -1.7245 0)
(0.0260234 -1.73041 0)
(0.0228006 -1.73661 0)
(0.0185685 -1.74309 0)
(0.0131932 -1.74985 0)
(0.00652333 -1.75688 0)
(-0.00161113 -1.76418 0)
(-0.0114014 -1.77172 0)
(-0.0230653 -1.77952 0)
(-0.0368516 -1.78754 0)
(-0.0530447 -1.79579 0)
(-0.0719693 -1.80424 0)
(-0.0939967 -1.81289 0)
(-0.119552 -1.8217 0)
(-0.149126 -1.83065 0)
(-0.183284 -1.83968 0)
(-0.222682 -1.84871 0)
(-0.268094 -1.85761 0)
(-0.320436 -1.86621 0)
(-0.380822 -1.87425 0)
(-0.450617 -1.88137 0)
(-0.531517 -1.88709 0)
(-0.625622 -1.89071 0)
(-0.73547 -1.89112 0)
(-0.864151 -1.8866 0)
(-1.01533 -1.87428 0)
(-1.19313 -1.84976 0)
(-1.40174 -1.80641 0)
(-1.64659 -1.73359 0)
(0.00556803 -1.616 0)
(0.00884374 -1.69598 0)
(0.00954371 -1.68073 0)
(0.0127473 -1.68112 0)
(0.0142212 -1.68244 0)
(0.0165199 -1.68416 0)
(0.0183138 -1.68614 0)
(0.0200865 -1.68846 0)
(0.0216452 -1.69108 0)
(0.0229803 -1.69399 0)
(0.0240458 -1.69719 0)
(0.0247923 -1.70065 0)
(0.0251667 -1.70437 0)
(0.0251101 -1.70833 0)
(0.0245568 -1.71251 0)
(0.023435 -1.71689 0)
(0.0216607 -1.72145 0)
(0.0191426 -1.72617 0)
(0.0157792 -1.73102 0)
(0.0114531 -1.73598 0)
(0.00603457 -1.741 0)
(-0.000623981 -1.74606 0)
(-0.00868837 -1.75112 0)
(-0.0183471 -1.75614 0)
(-0.0298157 -1.76106 0)
(-0.04334 -1.76583 0)
(-0.059201 -1.77038 0)
(-0.0777194 -1.77463 0)
(-0.0992612 -1.77851 0)
(-0.124244 -1.78189 0)
(-0.153143 -1.78466 0)
(-0.186498 -1.78664 0)
(-0.224925 -1.78764 0)
(-0.269119 -1.78735 0)
(-0.319878 -1.78539 0)
(-0.378121 -1.78124 0)
(-0.444923 -1.77422 0)
(-0.521558 -1.76345 0)
(-0.609526 -1.74775 0)
(-0.710549 -1.72556 0)
(-0.826553 -1.69472 0)
(-0.95959 -1.65221 0)
(-1.11157 -1.59376 0)
(-1.2833 -1.51352 0)
(-1.47544 -1.40355 0)
(0.00602603 -1.62608 0)
(0.00861072 -1.69767 0)
(0.00811382 -1.68283 0)
(0.0110571 -1.68343 0)
(0.012076 -1.6846 0)
(0.0138876 -1.68619 0)
(0.0152935 -1.68799 0)
(0.0166542 -1.69007 0)
(0.017839 -1.6924 0)
(0.0188228 -1.69496 0)
(0.0195653 -1.69774 0)
(0.0200215 -1.70071 0)
(0.0201425 -1.70386 0)
(0.0198734 -1.70716 0)
(0.0191545 -1.71059 0)
(0.01792 -1.7141 0)
(0.0160915 -1.71768 0)
(0.0135855 -1.72127 0)
(0.0103084 -1.72484 0)
(0.00615145 -1.72834 0)
(0.000995382 -1.73172 0)
(-0.00529641 -1.7349 0)
(-0.012878 -1.73784 0)
(-0.0219259 -1.74044 0)
(-0.0326411 -1.74262 0)
(-0.0452535 -1.74427 0)
(-0.0600256 -1.74527 0)
(-0.077257 -1.7455 0)
(-0.0972891 -1.74479 0)
(-0.12051 -1.74296 0)
(-0.147359 -1.73982 0)
(-0.17833 -1.73509 0)
(-0.213973 -1.72848 0)
(-0.254898 -1.71959 0)
(-0.301772 -1.70791 0)
(-0.35532 -1.69279 0)
(-0.416328 -1.67337 0)
(-0.485651 -1.6486 0)
(-0.56421 -1.61711 0)
(-0.652955 -1.57715 0)
(-0.752831 -1.52658 0)
(-0.864717 -1.46269 0)
(-0.989113 -1.38207 0)
(-1.12531 -1.28047 0)
(-1.27165 -1.15307 0)
(0.00624148 -1.63659 0)
(0.00829861 -1.69755 0)
(0.00675432 -1.68427 0)
(0.00931711 -1.68507 0)
(0.0100039 -1.68616 0)
(0.0113409 -1.68763 0)
(0.0124067 -1.68927 0)
(0.0134076 -1.69115 0)
(0.0142718 -1.69322 0)
(0.0149662 -1.69547 0)
(0.0154554 -1.69787 0)
(0.0156998 -1.70041 0)
(0.0156565 -1.70305 0)
(0.0152766 -1.70575 0)
(0.0145092 -1.70849 0)
(0.0132942 -1.71122 0)
(0.0115633 -1.7139 0)
(0.00924438 -1.71647 0)
(0.00625526 -1.71888 0)
(0.00250142 -1.72105 0)
(-0.00212194 -1.72292 0)
(-0.00773372 -1.7244 0)
(-0.0144697 -1.72539 0)
(-0.0224848 -1.72578 0)
(-0.0319558 -1.72544 0)
(-0.0430848 -1.72423 0)
(-0.0561024 -1.72198 0)
(-0.0712713 -1.7185 0)
(-0.0888906 -1.71358 0)
(-0.109299 -1.70697 0)
(-0.132878 -1.6984 0)
(-0.160055 -1.68754 0)
(-0.191301 -1.67401 0)
(-0.22713 -1.65735 0)
(-0.268086 -1.637 0)
(-0.31474 -1.61227 0)
(-0.367661 -1.5823 0)
(-0.427397 -1.54602 0)
(-0.494449 -1.5021 0)
(-0.569209 -1.44891 0)
(-0.651922 -1.38445 0)
(-0.742683 -1.30643 0)
(-0.841204 -1.21227 0)
(-0.946419 -1.09919 0)
(-1.05634 -0.964569 0)
(0.00603675 -1.64884 0)
(0.0077041 -1.69715 0)
(0.00545744 -1.68655 0)
(0.00751138 -1.68753 0)
(0.00796359 -1.6886 0)
(0.00886337 -1.68998 0)
(0.00962423 -1.69153 0)
(0.0103187 -1.69326 0)
(0.0109139 -1.69514 0)
(0.0113777 -1.69715 0)
(0.0116787 -1.69926 0)
(0.0117842 -1.70145 0)
(0.0116579 -1.70368 0)
(0.0112594 -1.7059 0)
(0.0105474 -1.70808 0)
(0.00947173 -1.71017 0)
(0.00797492 -1.71211 0)
(0.00599892 -1.71384 0)
(0.00347673 -1.71528 0)
(0.000330754 -1.71635 0)
(-0.00352335 -1.71696 0)
(-0.00818324 -1.717 0)
(-0.0137601 -1.71635 0)
(-0.0203804 -1.71486 0)
(-0.0281887 -1.71239 0)
(-0.0373502 -1.70874 0)
(-0.0480533 -1.7037 0)
(-0.0605121 -1.69705 0)
(-0.0749699 -1.68852 0)
(-0.0917016 -1.6778 0)
(-0.111016 -1.66456 0)
(-0.133255 -1.64842 0)
(-0.158797 -1.62894 0)
(-0.188047 -1.60561 0)
(-0.221437 -1.57784 0)
(-0.259407 -1.54494 0)
(-0.302384 -1.50609 0)
(-0.350749 -1.46033 0)
(-0.404791 -1.40651 0)
(-0.464635 -1.34325 0)
(-0.530184 -1.26894 0)
(-0.601107 -1.18172 0)
(-0.676758 -1.07956 0)
(-0.75603 -0.960649 0)
(-0.837358 -0.823646 0)
(0.00525359 -1.66297 0)
(0.00661804 -1.69735 0)
(0.00418963 -1.69026 0)
(0.00560225 -1.69139 0)
(0.00586723 -1.69253 0)
(0.00638584 -1.6939 0)
(0.00686562 -1.69542 0)
(0.0073008 -1.69708 0)
(0.00767269 -1.69885 0)
(0.00795453 -1.70072 0)
(0.00812057 -1.70264 0)
(0.00814641 -1.7046 0)
(0.00800272 -1.70655 0)
(0.00765919 -1.70845 0)
(0.00708527 -1.71025 0)
(0.00624316 -1.7119 0)
(0.00509243 -1.71333 0)
(0.00359013 -1.71446 0)
(0.00168195 -1.71521 0)
(-0.000687606 -1.71549 0)
(-0.00357716 -1.71519 0)
(-0.00706097 -1.71418 0)
(-0.011221 -1.71232 0)
(-0.0161506 -1.70945 0)
(-0.0219564 -1.70539 0)
(-0.02876 -1.69992 0)
(-0.0367001 -1.6928 0)
(-0.0459343 -1.68376 0)
(-0.0566407 -1.67249 0)
(-0.0690202 -1.65866 0)
(-0.0832971 -1.64188 0)
(-0.0997196 -1.62171 0)
(-0.118559 -1.59768 0)
(-0.140105 -1.56922 0)
(-0.164667 -1.53571 0)
(-0.192562 -1.49645 0)
(-0.224106 -1.45065 0)
(-0.259587 -1.3974 0)
(-0.299231 -1.33572 0)
(-0.343148 -1.26451 0)
(-0.391261 -1.18252 0)
(-0.443257 -1.08839 0)
(-0.498538 -0.98057 0)
(-0.556103 -0.857633 0)
(-0.614709 -0.718874 0)
(0.00389276 -1.67391 0)
(0.00493269 -1.69485 0)
(0.00282758 -1.69151 0)
(0.00351045 -1.69278 0)
(0.00359915 -1.69406 0)
(0.00382038 -1.69547 0)
(0.0040543 -1.69699 0)
(0.00427308 -1.69861 0)
(0.00445902 -1.70031 0)
(0.00459353 -1.70208 0)
(0.00465961 -1.70387 0)
(0.00464181 -1.70566 0)
(0.00452075 -1.70742 0)
(0.00427792 -1.70909 0)
(0.00389534 -1.71063 0)
(0.00334986 -1.71197 0)
(0.0026169 -1.71304 0)
(0.00167723 -1.71376 0)
(0.000483787 -1.71404 0)
(-0.00099609 -1.71379 0)
(-0.00278519 -1.71287 0)
(-0.00493756 -1.71117 0)
(-0.00750291 -1.70851 0)
(-0.010538 -1.70473 0)
(-0.0141076 -1.69963 0)
(-0.0182855 -1.69296 0)
(-0.0231551 -1.68449 0)
(-0.0288108 -1.67389 0)
(-0.0353592 -1.66086 0)
(-0.0429198 -1.64502 0)
(-0.0516255 -1.62594 0)
(-0.0616228 -1.60318 0)
(-0.0730705 -1.57622 0)
(-0.0861379 -1.54446 0)
(-0.101004 -1.50728 0)
(-0.117858 -1.46394 0)
(-0.13689 -1.41367 0)
(-0.158292 -1.35558 0)
(-0.182236 -1.28876 0)
(-0.208858 -1.21218 0)
(-0.238236 -1.12481 0)
(-0.270357 -1.02552 0)
(-0.305107 -0.913116 0)
(-0.342131 -0.78618 0)
(-0.380719 -0.643338 0)
(0.00186586 -1.67429 0)
(0.00230093 -1.68593 0)
(0.00104896 -1.68543 0)
(0.00116901 -1.68683 0)
(0.00115212 -1.68818 0)
(0.00119049 -1.68959 0)
(0.0012413 -1.69106 0)
(0.0012919 -1.69259 0)
(0.00133325 -1.69418 0)
(0.0013584 -1.6958 0)
(0.00136113 -1.69742 0)
(0.00133556 -1.69902 0)
(0.00127529 -1.70055 0)
(0.00117388 -1.70197 0)
(0.00102451 -1.70322 0)
(0.000819493 -1.70423 0)
(0.000550971 -1.70495 0)
(0.000209685 -1.70528 0)
(-0.000215943 -1.70513 0)
(-0.000736001 -1.7044 0)
(-0.0013615 -1.70296 0)
(-0.0021072 -1.70068 0)
(-0.00298919 -1.69739 0)
(-0.00402585 -1.69292 0)
(-0.00523821 -1.68705 0)
(-0.00664995 -1.67954 0)
(-0.00828775 -1.67012 0)
(-0.0101818 -1.6585 0)
(-0.0123657 -1.64432 0)
(-0.0148767 -1.62722 0)
(-0.0177564 -1.60676 0)
(-0.0210505 -1.5825 0)
(-0.0248086 -1.5539 0)
(-0.0290839 -1.52039 0)
(-0.0339318 -1.48133 0)
(-0.0394097 -1.43602 0)
(-0.0455751 -1.38368 0)
(-0.052485 -1.32346 0)
(-0.0601954 -1.25447 0)
(-0.0687613 -1.17574 0)
(-0.0782422 -1.08627 0)
(-0.0887107 -0.984986 0)
(-0.100266 -0.870773 0)
(-0.113059 -0.742324 0)
(-0.127216 -0.597834 0)
)
;

boundaryField
{
    leftWall
    {
        type            fixedValue;
        value           uniform (0 0 0);
    }
    rightWall
    {
        type            fixedValue;
        value           nonuniform 0();
    }
    lowerWall
    {
        type            fixedValue;
        value           nonuniform 0();
    }
    atmosphere
    {
        type            pressureInletOutletVelocity;
        value           nonuniform List<vector> 
45
(
(0 -1.67429 0)
(0 -1.68593 0)
(0 -1.68543 0)
(0 -1.68683 0)
(0 -1.68818 0)
(0 -1.68959 0)
(0 -1.69106 0)
(0 -1.69259 0)
(0 -1.69418 0)
(0 -1.6958 0)
(0 -1.69742 0)
(0 -1.69902 0)
(0 -1.70055 0)
(0 -1.70197 0)
(0 -1.70322 0)
(0 -1.70423 0)
(0 -1.70495 0)
(0 -1.70528 0)
(0 -1.70513 0)
(0 -1.7044 0)
(0 -1.70296 0)
(0 -1.70068 0)
(0 -1.69739 0)
(0 -1.69292 0)
(0 -1.68705 0)
(0 -1.67954 0)
(0 -1.67012 0)
(0 -1.6585 0)
(0 -1.64432 0)
(0 -1.62722 0)
(0 -1.60676 0)
(0 -1.5825 0)
(0 -1.5539 0)
(0 -1.52039 0)
(0 -1.48133 0)
(0 -1.43602 0)
(0 -1.38368 0)
(0 -1.32346 0)
(0 -1.25447 0)
(0 -1.17574 0)
(0 -1.08627 0)
(0 -0.984986 0)
(0 -0.870773 0)
(0 -0.742324 0)
(0 -0.597834 0)
)
;
    }
    defaultFaces
    {
        type            empty;
    }
    procBoundary2to0
    {
        type            processor;
        value           nonuniform List<vector> 
46
(
(0.501895 -1.06926 0)
(0.522506 -1.0708 0)
(0.542471 -1.07074 0)
(0.561943 -1.06865 0)
(0.581169 -1.06414 0)
(0.600472 -1.05682 0)
(0.620247 -1.04633 0)
(0.640974 -1.03234 0)
(0.663219 -1.01456 0)
(0.68764 -0.992762 0)
(0.714985 -0.966832 0)
(0.746096 -0.936766 0)
(0.781875 -0.902756 0)
(0.823233 -0.865243 0)
(0.870997 -0.824963 0)
(0.925779 -0.782948 0)
(0.987834 -0.740454 0)
(1.05695 -0.698803 0)
(1.1324 -0.659165 0)
(1.21304 -0.622326 0)
(1.29748 -0.588546 0)
(1.38432 -0.55752 0)
(1.47233 -0.528496 0)
(1.56063 -0.500399 0)
(1.64841 -0.472065 0)
(0.0193509 -0.830334 0)
(0.0457378 -1.09739 0)
(0.0673486 -1.06755 0)
(0.0909519 -1.04805 0)
(0.115436 -1.04667 0)
(0.139991 -1.04861 0)
(0.164529 -1.05045 0)
(0.189078 -1.05231 0)
(0.213656 -1.0544 0)
(0.238256 -1.05676 0)
(0.262857 -1.05937 0)
(0.287439 -1.06223 0)
(0.311976 -1.06533 0)
(0.336436 -1.06863 0)
(0.360771 -1.07211 0)
(0.384923 -1.07575 0)
(0.408819 -1.07946 0)
(0.432386 -1.08314 0)
(0.455566 -1.08658 0)
(0.478325 -1.08954 0)
(0.478325 -1.08954 0)
)
;
    }
    procBoundary2to3
    {
        type            processor;
        value           nonuniform List<vector> 
43
(
(1.76874 -0.533789 0)
(1.80283 -0.629312 0)
(1.83642 -0.729236 0)
(1.86821 -0.834328 0)
(1.89679 -0.944538 0)
(1.92052 -1.05976 0)
(1.93765 -1.1792 0)
(1.94665 -1.30134 0)
(1.94707 -1.42445 0)
(1.93988 -1.54761 0)
(1.92691 -1.67155 0)
(1.90978 -1.7987 0)
(1.88882 -1.93265 0)
(1.86218 -2.07644 0)
(1.82552 -2.2304 0)
(1.77283 -2.39121 0)
(1.69734 -2.55232 0)
(1.59185 -2.7025 0)
(1.45076 -2.82226 0)
(1.2779 -2.88666 0)
(1.09776 -2.88334 0)
(0.946082 -2.82824 0)
(0.838066 -2.75285 0)
(0.758904 -2.67818 0)
(0.688559 -2.60934 0)
(0.62301 -2.55307 0)
(0.563181 -2.52708 0)
(0.497182 -2.55719 0)
(0.3833 -2.68207 0)
(0.138598 -2.90495 0)
(-0.32722 -3.15461 0)
(-1.00341 -3.2698 0)
(-1.71496 -3.15298 0)
(-2.15485 -2.77284 0)
(-2.13952 -2.12234 0)
(-1.9317 -1.61321 0)
(-1.68477 -1.25301 0)
(-1.4239 -0.993772 0)
(-1.16734 -0.805825 0)
(-0.918623 -0.667797 0)
(-0.673898 -0.56485 0)
(-0.421179 -0.484557 0)
(-0.142692 -0.43469 0)
)
;
    }
}


// ************************************************************************* //
