/*--------------------------------*- C++ -*----------------------------------*\
| =========                 |                                                 |
| \\      /  F ield         | OpenFOAM: The Open Source CFD Toolbox           |
|  \\    /   O peration     | Version:  3.0.1                                 |
|   \\  /    A nd           | Web:      www.OpenFOAM.org                      |
|    \\/     M anipulation  |                                                 |
\*---------------------------------------------------------------------------*/
FoamFile
{
    version     2.0;
    format      ascii;
    class       surfaceScalarField;
    location    "0.2";
    object      alphaPhi;
}
// * * * * * * * * * * * * * * * * * * * * * * * * * * * * * * * * * * * * * //

dimensions      [0 3 -1 0 0 0 0];

internalField   nonuniform List<scalar> 
3782
(
-6.75447e-08
6.98942e-08
-7.31344e-08
5.34103e-09
-3.49386e-08
-7.43898e-08
-7.98985e-09
-5.23869e-08
-8.53802e-10
-1.16708e-08
-4.75994e-11
-1.35822e-09
-1.16768e-13
-9.4413e-11
-1.31711e-13
-7.85052e-12
-1.4017e-14
-7.74684e-13
2.40958e-16
-7.80424e-14
1.12829e-16
-8.45297e-15
8.71147e-17
-1.01273e-15
7.59989e-18
-1.89446e-16
5.65985e-19
-1.3572e-17
3.66995e-20
-8.62471e-19
2.09105e-21
-4.88451e-20
1.05357e-22
-2.47587e-21
4.7175e-24
-1.12717e-22
1.88478e-25
-4.62216e-24
6.74245e-27
-1.71135e-25
2.16625e-28
-5.73281e-27
6.26773e-30
-1.74071e-28
1.63716e-31
-4.79867e-30
3.86926e-33
-1.20283e-31
8.29172e-35
-2.74526e-33
1.61448e-36
-5.71276e-35
2.86218e-38
-1.08534e-36
4.63001e-40
-1.88506e-38
6.85019e-42
-2.99727e-40
9.29305e-44
-4.36912e-42
1.1592e-45
-5.84763e-44
1.33377e-47
-7.19711e-46
1.42079e-49
-8.15854e-48
1.40735e-51
-8.53154e-50
1.30308e-53
-8.24209e-52
1.1354e-55
-7.3645e-54
9.39226e-58
-6.08972e-56
7.46903e-60
-4.6574e-58
5.81529e-62
-3.28522e-60
4.55353e-64
-2.12134e-62
3.71915e-66
-1.23055e-64
3.30685e-68
-6.09804e-67
-1.77141e-69
2.57609e-07
1.3411e-07
-5.2133e-08
3.62289e-06
8.12409e-06
5.03945e-06
4.11126e-05
9.61312e-06
-4.48305e-08
-8.00391e-09
-1.03636e-06
7.16361e-07
-1.80865e-06
-4.2798e-07
3.6782e-06
-1.83399e-07
-2.62483e-07
-4.02424e-08
-7.54498e-07
7.9801e-09
-2.11262e-06
-2.94101e-07
9.79963e-07
-1.20836e-06
-1.40993e-07
-1.06356e-08
-4.34178e-07
-7.50712e-09
-1.06094e-06
-8.48292e-08
1.96569e-07
-7.2713e-07
-3.40687e-08
-2.59282e-10
-1.42109e-07
-3.57727e-09
-3.16249e-07
-2.15882e-08
2.68642e-08
-2.33584e-07
-5.56695e-09
-4.99947e-11
-2.12243e-08
-8.68351e-10
-5.37692e-08
-3.80093e-09
2.88049e-09
-4.30265e-08
-6.67988e-10
-1.52474e-11
-2.3337e-09
-1.25326e-10
-6.73133e-09
-3.74316e-10
2.46263e-10
-5.76176e-09
-5.40388e-11
-2.0595e-12
-2.36585e-10
-1.37625e-11
-6.7992e-10
-3.26457e-11
1.85178e-11
-6.15442e-10
-4.33377e-12
-1.94078e-13
-2.07831e-11
-1.03201e-12
-5.94355e-11
-2.46834e-12
1.29284e-12
-5.67611e-11
-3.72734e-13
-8.63508e-15
-1.64556e-12
-6.10334e-14
-4.60835e-12
-1.58891e-13
9.23341e-14
-4.6093e-12
-3.09979e-14
3.78064e-16
-1.16343e-13
-5.88396e-16
-3.13734e-13
-8.5837e-15
8.34132e-15
-3.1945e-13
-2.92142e-15
2.0514e-16
-7.93561e-15
2.35363e-16
-2.03255e-14
4.12058e-16
1.39297e-15
-1.95756e-14
-5.71496e-16
3.84793e-17
-1.0146e-15
1.4851e-16
-1.65276e-15
3.45317e-16
6.51767e-16
-1.68923e-15
-4.13553e-17
2.79294e-18
-9.7355e-17
1.0702e-17
-1.63218e-16
3.06358e-17
6.09974e-17
-1.63809e-16
-2.64082e-18
1.7825e-19
-6.2117e-18
6.77563e-19
-1.0352e-17
1.9192e-18
3.76878e-18
-1.05815e-17
-1.50331e-19
1.00709e-20
-3.54924e-19
3.8111e-20
-5.93015e-19
1.07547e-19
2.10443e-19
-6.19101e-19
-7.67599e-21
5.06635e-22
-1.82594e-20
1.91778e-21
-3.07763e-20
5.4221e-21
1.06526e-20
-3.28986e-20
-3.53087e-22
2.28012e-23
-8.49286e-22
8.67702e-23
-1.45108e-21
2.47042e-22
4.90263e-22
-1.59196e-21
-1.468e-23
9.21533e-25
-3.58305e-23
3.54372e-24
-6.23122e-23
1.02087e-23
2.05684e-23
-7.03178e-23
-5.53112e-25
3.35549e-26
-1.37477e-24
1.31053e-25
-2.44238e-24
3.8376e-25
7.88517e-25
-2.84136e-24
-1.89277e-26
1.10383e-27
-4.80768e-26
4.4006e-27
-8.75502e-26
1.31568e-26
2.76831e-26
-1.05238e-25
-5.89378e-28
3.28871e-29
-1.5353e-27
1.34487e-28
-2.87521e-27
4.12314e-28
8.9185e-28
-3.57924e-27
-1.67272e-29
8.89406e-31
-4.48464e-29
3.74878e-30
-8.66453e-29
1.18355e-29
2.64168e-29
-1.11972e-28
-4.33345e-31
2.18796e-32
-1.20004e-30
9.55018e-32
-2.3996e-30
3.118e-31
7.20762e-31
-3.22717e-30
-1.02622e-32
4.9059e-34
-2.94594e-32
2.22788e-33
-6.11611e-32
7.553e-33
1.8148e-32
-8.5821e-32
-2.22451e-34
1.00462e-35
-6.6437e-34
4.76834e-35
-1.43671e-33
1.68556e-34
4.22484e-34
-2.10901e-33
-4.41971e-36
1.88263e-37
-1.37832e-35
9.3821e-37
-3.11484e-35
3.47219e-36
9.11133e-36
-4.7966e-35
-8.05951e-38
3.23543e-39
-2.6342e-37
1.70055e-38
-6.2416e-37
6.61585e-38
1.82404e-37
-1.01116e-36
-1.35078e-39
5.11079e-41
-4.64438e-39
2.84577e-40
-1.1577e-38
1.16854e-39
3.39722e-39
-1.97887e-38
-2.08381e-41
7.43872e-43
-7.56539e-41
4.40725e-42
-1.99065e-40
1.91782e-41
5.90029e-41
-3.60098e-40
-2.96332e-43
1.00029e-44
-1.14032e-42
6.33329e-44
-3.17821e-42
2.9322e-43
9.58071e-43
-6.10305e-42
-3.89068e-45
1.24641e-46
-1.59295e-44
8.46898e-46
-4.71913e-44
4.18818e-45
1.45851e-44
-9.64985e-44
-4.72371e-47
1.44391e-48
-2.06559e-46
1.05719e-47
-6.5273e-46
5.60591e-47
2.08804e-46
-1.42582e-45
-5.31153e-49
1.56089e-50
-2.49015e-48
1.23628e-49
-8.42319e-48
7.05555e-49
2.82052e-48
-1.97187e-47
-5.53913e-51
1.58102e-52
-2.79474e-50
1.35956e-51
-1.01553e-49
8.38103e-51
3.60797e-50
-2.55605e-49
-5.36289e-53
1.50743e-54
-2.92304e-52
1.41204e-53
-1.14503e-51
9.43425e-53
4.38783e-52
-3.10876e-51
-4.82207e-55
1.35989e-56
-2.84989e-54
1.39145e-55
-1.20772e-53
1.01082e-54
5.09495e-54
-3.54865e-53
-4.02242e-57
1.16752e-58
-2.58726e-56
1.3075e-57
-1.19032e-55
1.03575e-56
5.67432e-56
-3.79778e-55
-3.10126e-59
9.60418e-61
-2.17884e-58
1.17793e-59
-1.09209e-57
1.02012e-58
6.09077e-58
-3.7965e-57
-2.18955e-61
7.63184e-63
-1.68633e-60
1.02331e-61
-9.24168e-60
9.70891e-61
6.33309e-60
-3.51321e-59
-1.38441e-63
5.91993e-65
-1.17316e-62
8.62503e-64
-7.05753e-62
8.97809e-63
6.41196e-62
-2.94584e-61
-7.41552e-66
4.55481e-67
-6.9509e-65
7.10593e-66
-4.61734e-64
8.1173e-65
6.35757e-64
-2.12925e-63
-2.28196e-68
-2.38357e-67
-1.76415e-66
-9.0758e-66
1.43934e-06
7.42908e-06
-1.01055e-07
1.44788e-06
-2.17524e-07
1.52901e-06
-1.67456e-08
1.17552e-07
-1.77095e-09
1.22054e-08
-1.57374e-10
1.01552e-09
-1.20383e-11
7.5106e-11
-7.86552e-13
5.10855e-12
-4.07606e-14
3.28672e-13
-1.68965e-16
2.11076e-14
1.67602e-16
1.93913e-15
1.16161e-16
3.9165e-16
1.72251e-17
5.80882e-17
2.31856e-18
7.82879e-18
2.86333e-19
9.70158e-19
3.24623e-20
1.10692e-19
3.37113e-21
1.16085e-20
3.1983e-22
1.11642e-21
2.76553e-23
9.82552e-23
2.17516e-24
7.89931e-24
1.55358e-25
5.79288e-25
1.00617e-26
3.87011e-26
5.9004e-28
2.35264e-27
3.1281e-29
1.29968e-28
1.49646e-30
6.515e-30
6.44529e-32
2.95798e-31
2.49201e-33
1.21358e-32
8.61733e-35
4.48592e-34
2.65247e-36
1.48833e-35
7.22327e-38
4.41078e-37
1.7266e-39
1.16043e-38
3.58534e-41
2.68868e-40
6.37923e-43
5.42942e-42
9.5446e-45
9.42439e-44
1.16946e-46
1.37997e-45
1.12792e-48
1.65986e-47
8.03109e-51
1.57642e-49
3.74409e-53
1.10869e-51
8.44955e-56
5.11681e-54
1.08086e-56
2.62886e-07
3.24451e-06
2.32827e-08
7.64695e-07
5.90941e-09
1.04635e-07
-6.12027e-09
5.1758e-08
-6.14632e-10
4.03712e-09
-5.24375e-11
2.43272e-10
-3.88368e-12
1.54591e-11
-2.31741e-13
9.77725e-13
-8.64745e-15
6.94365e-14
2.89564e-16
6.30741e-15
1.25598e-16
7.24693e-16
3.99101e-17
1.71988e-16
5.00977e-18
2.1233e-17
6.0551e-19
2.53296e-18
6.87894e-20
2.85184e-19
7.27083e-21
3.00073e-20
7.10332e-22
2.93218e-21
6.38316e-23
2.64827e-22
5.25629e-24
2.20271e-23
3.9548e-25
1.68248e-24
2.71239e-26
1.17751e-25
1.6924e-27
7.53693e-27
9.5889e-29
4.40464e-28
4.9241e-30
2.34632e-29
2.28694e-31
1.1372e-30
9.58202e-33
5.00434e-32
3.61066e-34
1.99438e-33
1.21887e-35
7.1755e-35
3.66815e-37
2.32146e-36
9.78021e-39
6.7201e-38
2.29181e-40
1.72964e-39
4.67088e-42
3.92627e-41
8.16566e-44
7.77825e-43
1.20163e-45
1.32621e-44
1.44939e-47
1.9097e-46
1.37725e-49
2.26139e-48
9.66771e-52
2.11647e-50
4.44505e-54
1.46813e-52
9.88792e-57
6.68656e-55
1.3866e-57
-2.29401e-07
1.10097e-06
-9.86927e-09
3.15628e-07
-1.65313e-10
5.1809e-08
-1.08814e-10
6.14868e-09
-4.07208e-11
5.31096e-10
-5.25792e-12
3.56523e-11
-4.70764e-13
2.18761e-12
-2.75979e-14
1.71168e-13
-2.76189e-17
1.66008e-14
8.85726e-17
1.48163e-15
7.45838e-17
4.69628e-16
8.96057e-18
5.33323e-17
1.06471e-18
6.05024e-18
1.21792e-19
6.66674e-19
1.31572e-20
6.99485e-20
1.32762e-21
6.90768e-21
1.24219e-22
6.37131e-22
1.07202e-23
5.45789e-23
8.49945e-25
4.3238e-24
6.17166e-26
3.15733e-25
4.09403e-27
2.11957e-26
2.47577e-28
1.30526e-27
1.36213e-29
7.35909e-29
6.8044e-31
3.79136e-30
3.07929e-32
1.78128e-31
1.25908e-33
7.61448e-33
4.63667e-35
2.95351e-34
1.53172e-36
1.03608e-35
4.51654e-38
3.27364e-37
1.18125e-39
9.26912e-39
2.71812e-41
2.33684e-40
5.44524e-43
5.20287e-42
9.36562e-45
1.01221e-43
1.3571e-46
1.69681e-45
1.61309e-48
2.40486e-47
1.5115e-50
2.8057e-49
1.04683e-52
2.58954e-51
4.74971e-55
1.77282e-53
1.04162e-57
7.97219e-56
1.62178e-58
-2.08194e-07
2.75343e-07
-3.42079e-08
8.57309e-08
-4.05054e-09
1.47226e-08
-3.37173e-10
1.67202e-09
-1.57786e-11
1.42649e-10
-4.13341e-13
9.43833e-12
-4.24918e-15
5.02877e-13
-3.52244e-16
2.47101e-14
6.50742e-17
2.96266e-15
7.84595e-17
1.05416e-15
1.07096e-17
1.18167e-16
1.35101e-18
1.29156e-17
1.62586e-19
1.39322e-18
1.84929e-20
1.45568e-19
1.96808e-21
1.45013e-20
1.9463e-22
1.36283e-21
1.77957e-23
1.1993e-22
1.49852e-24
9.82746e-24
1.15855e-25
7.46649e-25
8.20325e-27
5.2419e-26
5.30831e-28
3.39137e-27
3.13335e-29
2.01731e-28
1.68402e-30
1.10098e-29
8.22492e-32
5.5019e-31
3.64254e-33
2.5121e-32
1.45891e-34
1.04546e-33
5.26755e-36
3.9545e-35
1.7077e-37
1.35492e-36
4.94598e-39
4.18751e-38
1.27166e-40
1.16136e-39
2.87895e-42
2.87157e-41
5.67873e-44
6.278e-43
9.624e-46
1.20069e-44
1.37502e-47
1.98082e-46
1.61247e-49
2.76559e-48
1.49144e-51
3.18151e-50
1.01999e-53
2.89786e-52
4.56973e-56
1.9593e-54
9.88094e-59
8.70415e-57
1.73533e-59
-6.84442e-08
4.61655e-08
-1.17685e-08
1.58495e-08
-1.31497e-09
2.87787e-09
-1.1051e-10
3.36543e-10
-7.17962e-12
2.86566e-11
-3.69934e-13
1.88387e-12
-1.402e-14
9.82658e-14
-3.87145e-16
4.82482e-15
-9.96181e-18
7.16519e-16
3.08518e-19
2.30256e-16
5.55452e-19
2.4156e-17
1.06977e-19
2.5579e-18
1.55138e-20
2.67131e-19
1.93839e-21
2.68949e-20
2.16531e-22
2.57703e-21
2.192e-23
2.3288e-22
2.02088e-24
1.97192e-23
1.69985e-25
1.55653e-24
1.30494e-26
1.1408e-25
9.13951e-28
7.73832e-27
5.83581e-29
4.84533e-28
3.39406e-30
2.79412e-29
1.79584e-31
1.48082e-30
8.63162e-33
7.19766e-32
3.7616e-34
3.20151e-33
1.48273e-35
1.29992e-34
5.27026e-37
4.80419e-36
1.68262e-38
1.61048e-37
4.80139e-40
4.87612e-39
1.21683e-41
1.32647e-40
2.7167e-43
3.22081e-42
5.28712e-45
6.92248e-44
8.84482e-47
1.30293e-45
1.24796e-48
2.11743e-47
1.44582e-50
2.91496e-49
1.32158e-52
3.30928e-51
8.93314e-55
2.97697e-53
3.95437e-57
1.98919e-55
8.42981e-60
8.73477e-58
1.70443e-60
-1.33921e-08
5.79542e-09
-2.44699e-09
2.20398e-09
-2.84335e-10
4.40536e-10
-2.38399e-11
5.42376e-11
-1.55906e-12
4.72486e-12
-7.89771e-14
3.05677e-13
-2.29151e-15
1.40489e-14
-1.32802e-16
1.49855e-15
-4.96348e-18
4.52652e-16
-3.41347e-19
4.54585e-17
-2.10376e-20
4.53962e-18
-9.63624e-22
4.55333e-19
3.50276e-24
4.51287e-20
7.59362e-23
4.29679e-21
1.31263e-23
3.97664e-22
1.60611e-24
3.48234e-23
1.63515e-25
2.85614e-24
1.45412e-26
2.18402e-25
1.15181e-27
1.55169e-26
8.20164e-29
1.0213e-27
5.27438e-30
6.21204e-29
3.07044e-31
3.48413e-30
1.61942e-32
1.79824e-31
7.73708e-34
8.52322e-33
3.34526e-35
3.70165e-34
1.30662e-36
1.46939e-35
4.59832e-38
5.31568e-37
1.45283e-39
1.74634e-38
4.10143e-41
5.18781e-40
1.02821e-42
1.38617e-41
2.2708e-44
3.3094e-43
4.37187e-46
7.00074e-45
7.23594e-48
1.29812e-46
1.01022e-49
2.08021e-48
1.15819e-51
2.82623e-50
1.04766e-53
3.16904e-52
7.00663e-56
2.81773e-54
3.06632e-58
1.86201e-56
6.44167e-61
8.08604e-59
1.54152e-61
-1.93306e-09
5.94202e-10
-3.83719e-10
2.55803e-10
-4.75002e-11
5.6355e-11
-4.11313e-12
7.34643e-12
-2.64491e-13
6.43624e-13
-1.11366e-14
3.80344e-14
-4.68186e-16
2.18588e-15
-1.96896e-17
7.55813e-16
-1.5454e-18
8.31416e-17
-1.17102e-19
8.14762e-18
-8.64444e-21
7.82723e-19
-6.0776e-22
7.50098e-20
-3.86172e-23
7.10087e-21
-2.12525e-24
6.44859e-22
-8.58349e-26
5.6654e-23
-5.06794e-28
4.72605e-24
4.6641e-27
3.68927e-25
6.72387e-28
2.7336e-26
6.5592e-29
1.89038e-27
5.22319e-30
1.21171e-28
3.5868e-31
7.18294e-30
2.17348e-32
3.9297e-31
1.17495e-33
1.98034e-32
5.69574e-35
9.1746e-34
2.48205e-36
3.89875e-35
9.72597e-38
1.51594e-36
3.42269e-39
5.37752e-38
1.07882e-40
1.73414e-39
3.03313e-42
5.06187e-41
7.56349e-44
1.33026e-42
1.66001e-45
3.12658e-44
3.17396e-47
6.51714e-46
5.21443e-49
1.19179e-47
7.22309e-51
1.88504e-49
8.21327e-53
2.5298e-51
7.36522e-55
2.80407e-53
4.87975e-57
2.46617e-55
2.11233e-59
1.6128e-57
4.36765e-62
6.92997e-60
1.28751e-62
-2.28361e-10
5.30899e-11
-4.92543e-11
2.57417e-11
-6.54604e-12
6.06507e-12
-5.76858e-13
8.29316e-13
-3.31221e-14
6.93154e-14
-1.02639e-15
4.14266e-15
-7.46109e-17
5.80692e-16
-4.43811e-18
1.33338e-16
-3.54352e-19
1.38772e-17
-2.74002e-20
1.32846e-18
-2.08053e-21
1.23803e-19
-1.53903e-22
1.14246e-20
-1.07191e-23
1.03947e-21
-7.02129e-25
9.05735e-23
-4.22658e-26
7.60142e-24
-2.25529e-27
6.07066e-25
-1.0402e-28
4.53772e-26
-3.69334e-30
3.2144e-27
-5.72556e-32
2.131e-28
8.48079e-32
1.3102e-29
1.17068e-32
7.52787e-31
9.28413e-34
4.02778e-32
5.78846e-35
1.98655e-33
3.05399e-36
9.01569e-35
1.40491e-37
3.756e-36
5.70493e-39
1.43311e-37
2.05575e-40
4.99318e-39
6.58115e-42
1.58299e-40
1.86828e-43
4.54663e-42
4.68474e-45
1.1767e-43
1.03076e-46
2.72596e-45
1.97113e-48
5.60509e-47
3.23277e-50
1.01191e-48
4.46354e-52
1.58128e-50
5.05211e-54
2.09812e-52
4.50352e-56
2.30076e-54
2.96103e-58
2.00306e-56
1.26823e-60
1.29722e-58
2.57274e-63
5.51758e-61
9.95568e-64
-2.33882e-11
4.14609e-12
-5.30747e-12
2.26932e-12
-7.39193e-13
5.54287e-13
-6.14081e-14
7.60628e-14
-2.69386e-15
6.34191e-15
-2.02804e-16
8.89717e-16
-9.75822e-18
2.24513e-16
-8.37079e-19
2.09167e-17
-6.71398e-20
2.10072e-18
-5.21204e-21
1.97291e-19
-3.96404e-22
1.79642e-20
-2.94904e-23
1.60773e-21
-2.08228e-24
1.41443e-22
-1.39737e-25
1.18921e-23
-8.8277e-27
9.59089e-25
-5.13559e-28
7.36832e-26
-2.76854e-29
5.29729e-27
-1.36026e-30
3.6039e-28
-5.95249e-32
2.29904e-29
-2.28267e-33
1.36135e-30
-7.30263e-35
7.5312e-32
-1.64477e-36
3.88898e-33
-4.90929e-39
1.85374e-34
5.02321e-38
8.13739e-36
3.86624e-39
3.32304e-37
1.98343e-40
1.24633e-38
8.16647e-42
4.27183e-40
2.84429e-43
1.33336e-41
8.53163e-45
3.77358e-43
2.22251e-46
9.62944e-45
5.02138e-48
2.20128e-46
9.77885e-50
4.46975e-48
1.62314e-51
7.97443e-50
2.25731e-53
1.2323e-51
2.56327e-55
1.61796e-53
2.28401e-57
1.7567e-55
1.49505e-59
1.51504e-57
6.33431e-62
9.72261e-60
1.24803e-64
4.09503e-62
7.14057e-65
-2.08643e-12
2.81099e-13
-4.83552e-13
1.73808e-13
-6.45301e-14
4.3054e-14
-4.51509e-15
6.51602e-15
-4.20275e-16
1.13778e-15
-1.96207e-17
3.31847e-16
-1.60174e-18
3.1099e-17
-1.36402e-19
2.9354e-18
-1.09626e-20
2.88417e-19
-8.51472e-22
2.67181e-20
-6.44618e-23
2.39213e-21
-4.76912e-24
2.08983e-22
-3.35311e-25
1.78799e-23
-2.24284e-26
1.45839e-24
-1.42156e-27
1.13656e-25
-8.37008e-29
8.43955e-27
-4.61865e-30
5.86102e-28
-2.36727e-31
3.8462e-29
-1.11276e-32
2.36978e-30
-4.80914e-34
1.35605e-31
-1.90494e-35
7.24815e-33
-6.79734e-37
3.62275e-34
-2.15354e-38
1.6732e-35
-6.03264e-40
7.12568e-37
-1.42873e-41
2.82446e-38
-2.62575e-43
1.03039e-39
-2.67961e-45
3.44001e-41
1.47469e-45
1.04728e-42
1.30466e-46
2.90364e-44
4.89905e-48
7.31583e-46
1.34234e-49
1.65224e-47
2.94178e-51
3.31653e-49
5.27095e-53
5.85313e-51
7.71433e-55
8.9525e-53
9.05665e-57
1.1641e-54
8.22714e-59
1.25241e-56
5.41637e-61
1.07075e-58
2.2664e-63
6.81311e-61
4.12044e-66
2.84254e-63
4.75402e-66
-1.5613e-13
1.79713e-14
-3.53066e-14
1.2568e-14
-4.45667e-15
3.88538e-15
-6.50289e-16
1.08578e-15
-3.27653e-17
4.0481e-16
-2.73617e-18
4.02243e-17
-2.29573e-19
3.85657e-18
-1.95356e-20
3.70201e-19
-1.57529e-21
3.59531e-20
-1.22483e-22
3.30364e-21
-9.22692e-24
2.92502e-22
-6.77282e-25
2.50929e-23
-4.71961e-26
2.09915e-24
-3.12372e-27
1.66954e-25
-1.96333e-28
1.26389e-26
-1.14899e-29
9.11207e-28
-6.3175e-31
6.13854e-29
-3.24774e-32
3.90215e-30
-1.54192e-33
2.33052e-31
-6.79016e-35
1.29306e-32
-2.77809e-36
6.70018e-34
-1.04166e-37
3.2507e-35
-3.56862e-39
1.45862e-36
-1.12489e-40
6.04112e-38
-3.22274e-42
2.32991e-39
-8.32006e-44
8.28452e-41
-1.92308e-45
2.69913e-42
-3.94359e-47
8.02928e-44
-7.15645e-49
2.17699e-45
-1.11905e-50
5.37377e-47
-1.4742e-52
1.19063e-48
-1.58159e-54
2.34788e-50
-1.28774e-56
4.07625e-52
-6.83743e-59
6.1419e-54
-8.75723e-62
7.8783e-56
2.29972e-61
8.37271e-58
2.49793e-63
7.09413e-60
8.74447e-66
4.4776e-62
-4.40353e-71
1.85067e-64
2.95269e-67
-1.03122e-14
1.90606e-15
-2.53462e-15
1.71816e-15
-6.4357e-16
6.8779e-16
-4.32288e-17
3.41451e-16
-3.89898e-18
4.23827e-17
-3.36682e-19
4.37276e-18
-2.90716e-20
4.29926e-19
-2.48614e-21
4.21194e-20
-2.01667e-22
4.07617e-21
-1.57294e-23
3.7351e-22
-1.18122e-24
3.28729e-23
-8.60968e-26
2.7842e-24
-5.9448e-27
2.28891e-25
-3.88832e-28
1.78367e-26
-2.41573e-29
1.3181e-27
-1.39802e-30
9.26667e-29
-7.60497e-32
6.08043e-30
-3.87577e-33
3.75918e-31
-1.82912e-34
2.18405e-32
-8.03038e-36
1.17886e-33
-3.29001e-37
5.94099e-35
-1.24181e-38
2.80586e-36
-4.30797e-40
1.22638e-37
-1.38478e-41
4.95175e-39
-4.08509e-43
1.86265e-40
-1.09822e-44
6.46867e-42
-2.6795e-46
2.06058e-43
-5.9206e-48
5.99997e-45
-1.18337e-49
1.59359e-46
-2.10716e-51
3.85948e-48
-3.3121e-53
8.40021e-50
-4.54158e-55
1.62926e-51
-5.34979e-57
2.78564e-53
-5.3003e-59
4.13879e-55
-4.27984e-61
5.24156e-57
-2.69058e-63
5.50695e-59
-1.21224e-65
4.61768e-61
-3.31636e-68
2.88839e-63
-3.26277e-71
1.18409e-65
1.80678e-68
-9.61291e-16
4.19477e-16
-2.38942e-16
4.7213e-16
-3.86107e-17
1.65913e-16
-4.3584e-18
3.08637e-17
-4.12177e-19
3.98082e-18
-3.68595e-20
4.27677e-19
-3.28056e-21
4.32527e-20
-2.8333e-22
4.33848e-21
-2.31919e-23
4.21178e-22
-1.81935e-24
3.86771e-23
-1.36558e-25
3.39946e-24
-9.90448e-27
2.85655e-25
-6.78662e-28
2.31875e-26
-4.39172e-29
1.77837e-27
-2.69723e-30
1.28877e-28
-1.54208e-31
8.87171e-30
-8.28155e-33
5.69215e-31
-4.1712e-34
3.43588e-32
-1.94733e-35
1.94861e-33
-8.46459e-37
1.0265e-34
-3.44081e-38
5.04726e-36
-1.29116e-39
2.32697e-37
-4.46456e-41
9.9329e-39
-1.43372e-42
3.91937e-40
-4.23948e-44
1.44132e-41
-1.14622e-45
4.89881e-43
-2.8231e-47
1.52864e-44
-6.31604e-49
4.36443e-46
-1.28338e-50
1.13749e-47
-2.3319e-52
2.70681e-49
-3.75297e-54
5.79501e-51
-5.28435e-56
1.10682e-52
-6.4061e-58
1.86569e-54
-6.52577e-60
2.73596e-56
-5.40862e-62
3.42399e-58
-3.46972e-64
3.55904e-60
-1.57759e-66
2.9555e-62
-4.27042e-69
1.83319e-64
-3.67854e-72
7.45905e-67
1.08778e-69
-7.37554e-17
8.02181e-17
-1.93533e-17
4.22043e-17
-3.31102e-18
1.27855e-17
-3.92358e-19
2.5023e-18
-3.89499e-20
3.36812e-19
-3.61436e-21
3.7768e-20
-3.3211e-22
3.94156e-21
-2.90927e-23
4.05937e-22
-2.41056e-24
3.9752e-23
-1.90725e-25
3.67477e-24
-1.43497e-26
3.23915e-25
-1.03839e-27
2.7125e-26
-7.07684e-29
2.18351e-27
-4.54034e-30
1.65513e-28
-2.76052e-31
1.1813e-29
-1.56069e-32
7.99374e-31
-8.27955e-34
5.03384e-32
-4.11931e-35
2.97756e-33
-1.9e-36
1.65389e-34
-8.1625e-38
8.52981e-36
-3.28217e-39
4.10457e-37
-1.21956e-40
1.85234e-38
-4.18084e-42
7.74183e-40
-1.33253e-43
2.99244e-41
-3.91717e-45
1.0783e-42
-1.05449e-46
3.59418e-44
-2.5898e-48
1.10071e-45
-5.78636e-50
3.08683e-47
-1.17593e-51
7.9077e-49
-2.13972e-53
1.85161e-50
-3.45281e-55
3.90445e-52
-4.87926e-57
7.35246e-54
-5.93271e-59
1.22316e-55
-6.06664e-61
1.77215e-57
-5.04289e-63
2.1935e-59
-3.23832e-65
2.25745e-61
-1.46944e-67
1.85782e-63
-3.94646e-70
1.14337e-65
-3.14244e-73
4.62084e-68
6.43524e-71
-5.06235e-18
5.0143e-18
-1.40635e-18
2.78562e-18
-2.54419e-19
8.88433e-19
-3.17177e-20
1.82912e-19
-3.30837e-21
2.57748e-20
-3.19227e-22
3.02257e-21
-3.03299e-23
3.26504e-22
-2.70495e-24
3.46125e-23
-2.2756e-25
3.43526e-24
-1.82086e-26
3.2097e-25
-1.37727e-27
2.84814e-26
-9.97132e-29
2.38649e-27
-6.77647e-30
1.91276e-28
-4.32139e-31
1.43862e-29
-2.60645e-32
1.01526e-30
-1.45971e-33
6.77839e-32
-7.66063e-35
4.20435e-33
-3.76844e-36
2.44556e-34
-1.71829e-37
1.33469e-35
-7.29646e-39
6.75972e-37
-2.90081e-40
3.19275e-38
-1.06624e-41
1.41415e-39
-3.61808e-43
5.80152e-41
-1.14216e-44
2.20184e-42
-3.32825e-46
7.79184e-44
-8.88978e-48
2.55215e-45
-2.16834e-49
7.68499e-47
-4.81514e-51
2.12057e-48
-9.73541e-53
5.34838e-50
-1.76382e-54
1.23407e-51
-2.83547e-56
2.56645e-53
-3.99335e-58
4.7706e-55
-4.84362e-60
7.84126e-57
-4.941e-62
1.1235e-58
-4.09521e-64
1.37656e-60
-2.62078e-66
1.40373e-62
-1.18399e-68
1.14565e-64
-3.15687e-71
6.99993e-67
-2.35123e-74
2.81197e-69
3.73651e-72
-3.13286e-19
2.84459e-19
-9.21437e-20
1.66309e-19
-1.76154e-20
5.59008e-20
-2.31401e-21
1.21105e-20
-2.53828e-22
1.79095e-21
-2.55181e-23
2.20007e-22
-2.51055e-24
2.46674e-23
-2.28705e-25
2.69768e-24
-1.95902e-26
2.72468e-25
-1.58945e-27
2.58239e-26
-1.21201e-28
2.31475e-27
-8.80372e-30
1.94787e-28
-5.98217e-31
1.5602e-29
-3.80171e-32
1.16854e-30
-2.28e-33
8.18436e-32
-1.26758e-34
5.41012e-33
-6.59402e-36
3.31638e-34
-3.21249e-37
1.90327e-35
-1.44989e-38
1.02374e-36
-6.09182e-40
5.10648e-38
-2.39614e-41
2.37408e-39
-8.71492e-43
1.03473e-40
-2.92727e-44
4.17692e-42
-9.14921e-46
1.56012e-43
-2.64124e-47
5.43372e-45
-6.99298e-49
1.75237e-46
-1.6919e-50
5.19788e-48
-3.72819e-52
1.41363e-49
-7.48489e-54
3.51594e-51
-1.34736e-55
8.00565e-53
-2.15334e-57
1.64414e-54
-3.01653e-59
3.02039e-56
-3.64021e-61
4.91023e-58
-3.69528e-63
6.96426e-60
-3.04923e-65
8.45378e-62
-1.94257e-67
8.54818e-64
-8.73211e-70
6.92334e-66
-2.31486e-72
4.20213e-68
-1.6202e-75
1.67913e-70
2.12697e-73
-1.75608e-20
1.4683e-20
-5.46729e-21
9.01901e-21
-1.10426e-21
3.19717e-21
-1.53038e-22
7.2926e-22
-1.76679e-23
1.13403e-22
-1.85402e-24
1.4615e-23
-1.89136e-25
1.70507e-24
-1.76509e-26
1.92753e-25
-1.54342e-27
1.98824e-26
-1.27287e-28
1.91771e-27
-9.81133e-30
1.74182e-28
-7.16933e-31
1.47694e-29
-4.88348e-32
1.18627e-30
-3.10119e-33
8.87733e-32
-1.85389e-34
6.19192e-33
-1.02551e-35
4.06569e-34
-5.29934e-37
2.47091e-35
-2.56159e-38
1.40349e-36
-1.14634e-39
7.462e-38
-4.77307e-41
3.67615e-39
-1.85975e-42
1.68685e-40
-6.69991e-44
7.25271e-42
-2.22953e-45
2.88761e-43
-6.90304e-47
1.0638e-44
-1.97478e-48
3.65429e-46
-5.18277e-50
1.16261e-47
-1.24347e-51
3.4031e-49
-2.71866e-53
9.1371e-51
-5.41766e-55
2.24458e-52
-9.68449e-57
5.05054e-54
-1.53776e-58
1.02563e-55
-2.14093e-60
1.86424e-57
-2.56885e-62
3.00073e-59
-2.59374e-64
4.21692e-61
-2.12924e-66
5.07564e-63
-1.34951e-68
5.09291e-65
-6.03637e-71
4.09601e-67
-1.5914e-73
2.47101e-69
-1.04904e-76
9.82878e-72
1.18579e-74
-8.94997e-22
6.91353e-22
-2.94906e-22
4.45872e-22
-6.29336e-23
1.66796e-22
-9.21121e-24
4.00865e-23
-1.12009e-24
6.56574e-24
-1.22893e-25
8.88936e-25
-1.30162e-26
1.08153e-25
-1.24764e-27
1.26613e-26
-1.11634e-28
1.33798e-27
-9.37969e-30
1.31715e-28
-7.32654e-31
1.21569e-29
-5.3996e-32
1.04187e-30
-3.69644e-33
8.41752e-32
-2.35161e-34
6.31357e-33
-1.40465e-35
4.3995e-34
-7.7492e-37
2.87825e-35
-3.98682e-38
1.73947e-36
-1.91607e-39
9.80756e-38
-8.51797e-41
5.16867e-39
-3.52078e-42
2.52163e-40
-1.36099e-43
1.14498e-41
-4.86305e-45
4.86808e-43
-1.6049e-46
1.916e-44
-4.92793e-48
6.97707e-46
-1.39813e-49
2.36868e-47
-3.63992e-51
7.44819e-49
-8.66526e-53
2.15524e-50
-1.88034e-54
5.72218e-52
-3.72008e-56
1.39051e-53
-6.60431e-58
3.09615e-55
-1.04184e-59
6.22486e-57
-1.44172e-61
1.1208e-58
-1.7199e-63
1.78808e-60
-1.72712e-65
2.49205e-62
-1.41056e-67
2.97665e-64
-8.89573e-70
2.96598e-66
-3.96012e-72
2.37023e-68
-1.03923e-74
1.42201e-70
-6.45916e-78
5.63421e-73
6.46832e-76
-4.16085e-23
2.9766e-23
-1.45101e-23
2.01571e-23
-3.27265e-24
7.96249e-24
-5.06344e-25
2.01812e-24
-6.49046e-26
3.48669e-25
-7.45681e-27
4.96564e-26
-8.20981e-28
6.31295e-27
-8.1016e-29
7.66627e-28
-7.43394e-30
8.3228e-29
-6.37724e-31
8.38444e-30
-5.05971e-32
7.88404e-31
-3.77008e-33
6.84817e-32
-2.60013e-34
5.58146e-33
-1.66128e-35
4.20808e-34
-9.93846e-37
2.93818e-35
-5.48066e-38
1.92072e-36
-2.81364e-39
1.15756e-37
-1.34727e-40
6.49657e-39
-5.96139e-42
3.40265e-40
-2.4506e-43
1.64814e-41
-9.4137e-45
7.42356e-43
-3.34135e-46
3.1283e-44
-1.09519e-47
1.21983e-45
-3.33899e-49
4.39982e-47
-9.40523e-51
1.47915e-48
-2.43119e-52
4.60533e-50
-5.74735e-54
1.31961e-51
-1.23873e-55
3.47001e-53
-2.43449e-57
8.35359e-55
-4.29455e-59
1.84311e-56
-6.73348e-61
3.67323e-58
-9.26377e-63
6.55872e-60
-1.09908e-64
1.03813e-61
-1.098e-66
1.4362e-63
-8.92353e-69
1.70378e-65
-5.60104e-71
1.68702e-67
-2.48237e-73
1.3404e-69
-6.48827e-76
8.00168e-72
-3.80586e-79
3.16006e-74
3.4494e-77
-1.76945e-24
1.17452e-24
-6.53167e-25
8.35642e-25
-1.55778e-25
3.48826e-25
-2.55009e-26
9.33317e-26
-3.44852e-27
1.70323e-26
-4.1545e-28
2.55478e-27
-4.76027e-29
3.40005e-28
-4.84648e-30
4.28971e-29
-4.56977e-31
4.79644e-30
-4.01047e-32
4.95657e-31
-3.23907e-33
4.7596e-32
-2.44566e-34
4.20091e-33
-1.70318e-35
3.46314e-34
-1.09545e-36
2.63156e-35
-6.57865e-38
1.84614e-36
-3.63453e-39
1.20913e-37
-1.86586e-40
7.28603e-39
-8.91983e-42
4.08096e-40
-3.93631e-43
2.1296e-41
-1.61231e-44
1.02658e-42
-6.16542e-46
4.59758e-44
-2.17734e-47
1.92452e-45
-7.09832e-49
7.45039e-47
-2.15174e-50
2.66709e-48
-6.02493e-52
8.89563e-50
-1.54802e-53
2.74722e-51
-3.63773e-55
7.80783e-53
-7.79415e-57
2.03658e-54
-1.52281e-58
4.86406e-56
-2.671e-60
1.0648e-57
-4.16497e-62
2.10609e-59
-5.69996e-64
3.73331e-61
-6.72863e-66
5.86855e-63
-6.6898e-68
8.06619e-65
-5.41224e-70
9.51105e-67
-3.38228e-72
9.36485e-69
-1.49296e-74
7.40226e-71
-3.88957e-77
4.39911e-73
-2.15398e-80
1.73272e-75
1.79689e-78
-6.90005e-26
4.2564e-26
-2.69716e-26
3.18474e-26
-6.80666e-27
1.40609e-26
-1.18001e-27
3.976e-27
-1.68493e-28
7.67438e-28
-2.13127e-29
1.21388e-28
-2.54438e-30
1.69394e-29
-2.67782e-31
2.2237e-30
-2.59946e-32
2.56664e-31
-2.33819e-33
2.72671e-32
-1.92629e-34
2.67972e-33
-1.477e-35
2.40897e-34
-1.0409e-36
2.01361e-35
-6.75445e-38
1.54599e-36
-4.0808e-39
1.0925e-37
-2.26354e-40
7.18685e-39
-1.1645e-41
4.34082e-40
-5.56911e-43
2.43239e-41
-2.45571e-44
1.26765e-42
-1.00409e-45
6.09553e-44
-3.82885e-47
2.72033e-45
-1.34753e-48
1.13351e-46
-4.37614e-50
4.36532e-48
-1.32081e-51
1.55391e-49
-3.68093e-53
5.15124e-51
-9.41198e-55
1.58063e-52
-2.20084e-56
4.46279e-54
-4.69252e-58
1.15639e-55
-9.12253e-60
2.74384e-57
-1.59225e-61
5.96721e-59
-2.47093e-63
1.17271e-60
-3.36588e-65
2.06591e-62
-3.95556e-67
3.22823e-64
-3.91592e-69
4.41213e-66
-3.15508e-71
5.17487e-68
-1.96384e-73
5.07015e-70
-8.63687e-76
3.98914e-72
-2.24447e-78
2.3613e-74
-1.1738e-81
9.28122e-77
9.13749e-80
-2.47273e-27
1.4195e-27
-1.02415e-27
1.1184e-27
-2.73715e-28
5.22801e-28
-5.02999e-29
1.56428e-28
-7.59056e-30
3.19765e-29
-1.00933e-30
5.34016e-30
-1.25688e-31
7.82586e-31
-1.3699e-32
1.07044e-31
-1.37145e-33
1.27809e-32
-1.26658e-34
1.3987e-33
-1.0664e-35
1.40965e-34
-8.32013e-37
1.2935e-35
-5.94579e-38
1.09879e-36
-3.90079e-39
8.54353e-38
-2.37586e-40
6.09592e-39
-1.32582e-41
4.03723e-40
-6.84906e-43
2.44986e-41
-3.28314e-44
1.37654e-42
-1.44932e-45
7.18043e-44
-5.92619e-47
3.45158e-45
-2.25724e-48
1.5382e-46
-7.92969e-50
6.39281e-48
-2.56918e-51
2.45387e-49
-7.73169e-53
8.70167e-51
-2.1475e-54
2.87199e-52
-5.47102e-56
8.77006e-54
-1.2745e-57
2.46366e-55
-2.70688e-59
6.35072e-57
-5.24081e-61
1.49902e-58
-9.10997e-63
3.24257e-60
-1.40804e-64
6.33876e-62
-1.91039e-66
1.1109e-63
-2.23639e-68
1.72719e-65
-2.20566e-70
2.34925e-67
-1.77067e-72
2.74276e-69
-1.09821e-74
2.67567e-71
-4.81393e-77
2.09663e-73
-1.2483e-79
1.23671e-75
-6.16616e-83
4.85333e-78
4.5331e-81
-8.15974e-29
4.36501e-29
-3.58381e-29
3.62687e-29
-1.01536e-29
1.79718e-29
-1.9799e-30
5.69754e-30
-3.16065e-31
1.23509e-30
-4.42328e-32
2.18047e-31
-5.75191e-33
3.36053e-32
-6.50329e-34
4.79612e-33
-6.72556e-35
5.93523e-34
-6.38782e-36
6.70357e-35
-5.50635e-37
6.94144e-36
-4.37966e-38
6.51468e-37
-3.17986e-39
5.63589e-38
-2.11334e-40
4.44744e-39
-1.30017e-41
3.2111e-40
-7.31363e-43
2.14573e-41
-3.80108e-44
1.311e-42
-1.82974e-45
7.40235e-44
-8.10078e-47
3.8729e-45
-3.31826e-48
1.86485e-46
-1.26457e-49
8.31538e-48
-4.44128e-51
3.45348e-49
-1.4377e-52
1.32364e-50
-4.32002e-54
4.68398e-52
-1.19741e-55
1.54171e-53
-3.04318e-57
4.69239e-55
-7.07005e-59
1.31342e-56
-1.49733e-60
3.37272e-58
-2.89e-62
7.92952e-60
-5.00752e-64
1.70807e-61
-7.71432e-66
3.32493e-63
-1.04325e-67
5.80262e-65
-1.2173e-69
8.98443e-67
-1.19672e-71
1.2171e-68
-9.57674e-74
1.41545e-70
-5.92115e-76
1.37571e-72
-2.58804e-78
1.07417e-74
-6.7011e-81
6.31672e-77
-3.12553e-84
2.47618e-79
2.19283e-82
-2.48402e-30
1.23997e-30
-1.1581e-30
1.08842e-30
-3.48211e-31
5.72476e-31
-7.21254e-32
1.92568e-31
-1.21923e-32
4.43273e-32
-1.79784e-33
8.28314e-33
-2.44406e-34
1.34439e-33
-2.87114e-35
2.00466e-34
-3.07203e-36
2.57588e-35
-3.00536e-37
3.00788e-36
-2.65681e-38
3.20568e-37
-2.15812e-39
3.08297e-38
-1.59484e-40
2.72153e-39
-1.07573e-41
2.18402e-40
-6.69737e-43
1.59894e-41
-3.80456e-44
1.08023e-42
-1.99295e-45
6.65881e-44
-9.65098e-47
3.7858e-45
-4.29263e-48
1.9906e-46
-1.76441e-49
9.61984e-48
-6.73836e-51
4.29985e-49
-2.36957e-52
1.78774e-50
-7.67506e-54
6.85358e-52
-2.30581e-55
2.42418e-53
-6.38593e-57
7.9696e-55
-1.62097e-58
2.42124e-56
-3.76004e-60
6.76211e-58
-7.94902e-62
1.73203e-59
-1.53086e-63
4.06095e-61
-2.64626e-65
8.72063e-63
-4.06666e-67
1.69212e-64
-5.48531e-69
2.94341e-66
-6.38367e-71
4.54239e-68
-6.25907e-73
6.13335e-70
-4.99539e-75
7.10996e-72
-3.08008e-77
6.88867e-74
-1.34291e-79
5.36235e-76
-3.47331e-82
3.14507e-78
-1.53009e-85
1.23205e-80
1.03389e-83
-6.98836e-32
3.26016e-32
-3.46263e-32
3.02892e-32
-1.10628e-32
1.69351e-32
-2.43682e-33
6.05335e-33
-4.36657e-34
1.48167e-33
-6.79182e-35
2.93426e-34
-9.66325e-36
5.02189e-35
-1.18127e-36
7.83405e-36
-1.30957e-37
1.047e-36
-1.32157e-38
1.26608e-37
-1.20004e-39
1.39109e-38
-9.97174e-41
1.37333e-39
-7.51331e-42
1.23932e-40
-5.15227e-43
1.0133e-41
-3.25183e-44
7.53657e-43
-1.86876e-45
5.15767e-44
-9.88346e-47
3.21374e-45
-4.82292e-48
1.84324e-46
-2.15868e-49
9.75825e-48
-8.91755e-51
4.74146e-49
-3.4181e-52
2.12816e-50
-1.20527e-53
8.87282e-52
-3.91156e-55
3.40785e-53
-1.1765e-56
1.20672e-54
-3.25972e-58
3.96824e-56
-8.27364e-60
1.20508e-57
-1.91821e-61
3.36251e-59
-4.05186e-63
8.60139e-61
-7.79347e-65
2.01349e-62
-1.34515e-66
4.3151e-64
-2.06362e-68
8.3542e-66
-2.77832e-70
1.44974e-67
-3.22687e-72
2.23172e-69
-3.1572e-74
3.00569e-71
-2.51422e-76
3.47529e-73
-1.54667e-78
3.35843e-75
-6.72914e-81
2.60755e-77
-1.73926e-83
1.52594e-79
-7.23299e-87
5.97593e-82
4.74976e-85
-1.82002e-33
7.94886e-34
-9.59697e-34
7.83261e-34
-3.26239e-34
4.66276e-34
-7.65123e-35
1.77382e-34
-1.45492e-35
4.62317e-35
-2.38967e-36
9.71542e-36
-3.56238e-37
1.75557e-36
-4.53811e-38
2.86878e-37
-5.22005e-39
3.99421e-38
-5.44166e-40
5.00954e-39
-5.08313e-41
5.68329e-40
-4.32763e-42
5.76899e-41
-3.32986e-43
5.33118e-42
-2.32534e-44
4.44883e-43
-1.49026e-45
3.36753e-44
-8.67804e-47
2.33863e-45
-4.64138e-48
1.47561e-46
-2.28595e-49
8.5529e-48
-1.03121e-50
4.56687e-49
-4.28782e-52
2.23486e-50
-1.65192e-53
1.00893e-51
-5.84893e-55
4.22487e-53
-1.90447e-56
1.62817e-54
-5.74196e-58
5.78008e-56
-1.5935e-59
1.90394e-57
-4.04875e-61
5.78706e-59
-9.39203e-63
1.61529e-60
-1.98421e-64
4.13137e-62
-3.81503e-66
9.66614e-64
-6.5801e-68
2.06945e-65
-1.00848e-69
4.00132e-67
-1.3561e-71
6.93299e-69
-1.57283e-73
1.06542e-70
-1.53645e-75
1.43223e-72
-1.22143e-77
1.65273e-74
-7.49958e-80
1.59386e-76
-3.2571e-82
1.23485e-78
-8.41611e-85
7.21296e-81
-3.30357e-88
2.82487e-83
2.12571e-86
-4.39527e-35
1.80085e-35
-2.47013e-35
1.88615e-35
-8.94726e-36
1.19753e-35
-2.23697e-36
4.85641e-36
-4.5191e-37
1.34969e-36
-7.84634e-38
3.01362e-37
-1.22694e-38
5.75653e-38
-1.63105e-39
9.86622e-39
-1.94924e-40
1.43323e-39
-2.10185e-41
1.86711e-40
-2.0226e-42
2.19036e-41
-1.76691e-43
2.28964e-42
-1.39048e-44
2.17019e-43
-9.90348e-46
1.85139e-44
-6.45475e-47
1.42862e-45
-3.81459e-48
1.00846e-46
-2.06635e-49
6.45415e-48
-1.02872e-50
3.78675e-49
-4.68396e-52
2.04263e-50
-1.96314e-53
1.00832e-51
-7.61232e-55
4.58555e-53
-2.70998e-56
1.93146e-54
-8.86423e-58
7.47933e-56
-2.6822e-59
2.66564e-57
-7.4641e-61
8.8067e-59
-1.90048e-62
2.68254e-60
-4.41546e-64
7.49878e-62
-9.33846e-66
1.91979e-63
-1.79637e-67
4.49404e-65
-3.09863e-69
9.62079e-67
-4.74782e-71
1.85941e-68
-6.38081e-73
3.21939e-70
-7.39439e-75
4.94243e-72
-7.21553e-77
6.63594e-74
-5.72863e-79
7.64677e-76
-3.51192e-81
7.36286e-78
-1.52306e-83
5.69456e-80
-3.93561e-86
3.32127e-82
-1.45816e-89
1.30117e-84
9.26679e-88
-9.85887e-37
3.799e-37
-5.91481e-37
4.23889e-37
-2.28633e-37
2.87552e-37
-6.10161e-38
1.24517e-37
-1.31104e-38
3.69538e-38
-2.40886e-39
8.77805e-39
-3.95556e-40
1.7746e-39
-5.49465e-41
3.19402e-40
-6.83104e-42
4.84794e-41
-7.62883e-43
6.569e-42
-7.57286e-44
7.97976e-43
-6.79763e-45
8.60238e-44
-5.479e-46
8.37546e-45
-3.98577e-47
7.31561e-46
-2.64579e-48
5.76353e-47
-1.58913e-49
4.1419e-48
-8.73108e-51
2.69292e-49
-4.39991e-52
1.60177e-50
-2.02487e-53
8.7417e-52
-8.56577e-55
4.35935e-53
-3.34739e-56
1.99995e-54
-1.19966e-57
8.48517e-56
-3.94665e-59
3.30604e-57
-1.19987e-60
1.18443e-58
-3.35184e-62
3.92957e-60
-8.56098e-64
1.20091e-61
-1.99399e-65
3.36579e-63
-4.22551e-67
8.6341e-65
-8.13889e-69
2.02416e-66
-1.40509e-70
4.33691e-68
-2.15386e-72
8.3853e-70
-2.89483e-74
1.45187e-71
-3.35375e-76
2.22821e-73
-3.27071e-78
2.98988e-75
-2.59446e-80
3.44231e-77
-1.58868e-82
3.31084e-79
-6.88208e-85
2.55724e-81
-1.77882e-87
1.48971e-83
-6.21716e-91
5.83959e-86
3.9351e-89
-2.05747e-38
7.4791e-39
-1.32e-38
8.91126e-39
-5.4536e-39
6.47089e-39
-1.55561e-39
2.9971e-39
-3.55924e-40
9.51175e-40
-6.9277e-41
2.40677e-40
-1.19594e-41
5.15545e-41
-1.73812e-42
9.75603e-42
-2.25065e-43
1.54931e-42
-2.60641e-44
2.18643e-43
-2.67233e-45
2.75382e-44
-2.46804e-46
3.06572e-45
-2.0402e-47
3.07035e-46
-1.51796e-48
2.74973e-47
-1.02765e-49
2.21499e-48
-6.2817e-51
1.62286e-49
-3.50525e-52
1.07342e-50
-1.79042e-53
6.48207e-52
-8.33885e-55
3.5842e-53
-3.5649e-56
1.80814e-54
-1.40569e-57
8.37938e-56
-5.07756e-59
3.5856e-57
-1.68192e-60
1.40742e-58
-5.14316e-62
5.07467e-60
-1.44371e-63
1.69263e-61
-3.70248e-65
5.1956e-63
-8.65307e-67
1.46147e-64
-1.83884e-68
3.76017e-66
-3.54921e-70
8.83632e-68
-6.13689e-72
1.89642e-69
-9.41738e-74
3.67099e-71
-1.26653e-75
6.36077e-73
-1.46768e-77
9.76512e-75
-1.43118e-79
1.31027e-76
-1.13474e-81
1.50798e-78
-6.94262e-84
1.44941e-80
-3.00501e-86
1.11842e-82
-7.77117e-89
6.50956e-85
-2.56174e-92
2.55369e-87
1.62795e-90
-4.00168e-40
1.37739e-40
-2.75041e-40
1.75671e-40
-1.21653e-40
1.36809e-40
-3.71392e-41
6.78922e-41
-9.05904e-42
2.30743e-41
-1.86982e-42
6.22698e-42
-3.39721e-43
1.41488e-42
-5.17205e-44
2.81841e-43
-6.98355e-45
4.68895e-44
-8.3961e-46
6.9002e-45
-8.90208e-47
9.02201e-46
-8.46946e-48
1.03853e-46
-7.18951e-49
1.07129e-47
-5.47791e-50
9.85012e-49
-3.78703e-51
8.12358e-50
-2.35888e-52
6.07626e-51
-1.33852e-53
4.09425e-52
-6.93835e-55
2.51335e-53
-3.27438e-56
1.40987e-54
-1.41628e-57
7.20418e-56
-5.64146e-59
3.37663e-57
-2.0561e-60
1.45903e-58
-6.86483e-62
5.77626e-60
-2.11351e-63
2.09844e-61
-5.96723e-65
7.04422e-63
-1.53797e-66
2.17397e-64
-3.60967e-68
6.14331e-66
-7.69842e-70
1.58672e-67
-1.49007e-71
3.7408e-69
-2.5822e-73
8.04813e-71
-3.96925e-75
1.56088e-72
-5.34461e-77
2.70831e-74
-6.19807e-79
4.16166e-76
-6.04582e-81
5.58682e-78
-4.79309e-83
6.4305e-80
-2.93105e-85
6.17907e-82
-1.26794e-87
4.765e-84
-3.28126e-90
2.77169e-86
-1.01987e-93
1.08834e-88
6.56297e-92
-7.26616e-42
2.37909e-42
-5.36027e-42
3.25593e-42
-2.54242e-42
2.72472e-42
-8.31832e-43
1.45123e-42
-2.16562e-43
5.28933e-43
-4.74488e-44
1.52423e-43
-9.08279e-45
3.67759e-44
-1.45022e-45
7.71995e-45
-2.04416e-46
1.34716e-45
-2.55423e-47
2.06964e-46
-2.8037e-48
2.8124e-47
-2.75109e-49
3.35136e-48
-2.40094e-50
3.56508e-49
-1.87559e-51
3.36956e-50
-1.32567e-52
2.84865e-51
-8.42425e-54
2.17795e-52
-4.86666e-55
1.49681e-53
-2.56307e-56
9.35212e-55
-1.22699e-57
5.32853e-56
-5.37543e-59
2.76114e-57
-2.16527e-60
1.31039e-58
-7.97065e-62
5.72397e-60
-2.68496e-63
2.28805e-61
-8.33049e-65
8.38352e-63
-2.36777e-66
2.83513e-64
-6.1382e-68
8.80536e-66
-1.44793e-69
2.50195e-67
-3.1014e-71
6.49261e-69
-6.0239e-73
1.53682e-70
-1.04689e-74
3.31694e-72
-1.61289e-76
6.44951e-74
-2.1755e-78
1.12132e-75
-2.52595e-80
1.72559e-77
-2.46568e-82
2.31881e-79
-1.95527e-84
2.67041e-81
-1.19542e-86
2.56627e-83
-5.16953e-89
1.97836e-85
-1.33889e-91
1.15034e-87
-3.9233e-95
4.52165e-90
2.57927e-93
-1.23388e-43
3.86482e-44
-9.78845e-44
5.68964e-44
-4.98693e-44
5.12631e-44
-1.75099e-44
2.93536e-44
-4.87101e-45
1.14888e-44
-1.13401e-45
3.53939e-45
-2.28949e-46
9.07719e-46
-3.83802e-47
2.01019e-46
-5.65341e-48
3.68352e-47
-7.3494e-49
5.91425e-48
-8.36071e-50
8.36156e-49
-8.47024e-51
1.03261e-49
-7.60824e-52
1.13405e-50
-6.1004e-53
1.10305e-51
-4.41318e-54
9.57003e-53
-2.86423e-55
7.48754e-54
-1.68638e-56
5.25449e-55
-9.03323e-58
3.34521e-56
-4.39119e-59
1.93808e-57
-1.95048e-60
1.01952e-58
-7.95284e-62
4.90431e-60
-2.95968e-63
2.16788e-61
-1.00679e-64
8.75825e-63
-3.15067e-66
3.23968e-64
-9.02258e-68
1.10472e-65
-2.35449e-69
3.45586e-67
-5.58604e-71
9.88156e-69
-1.2025e-72
2.57836e-70
-2.34529e-74
6.13197e-72
-4.08991e-76
1.32858e-73
-6.31883e-78
2.59157e-75
-8.54171e-80
4.51733e-77
-9.93394e-82
6.96551e-79
-9.70756e-84
9.37369e-81
-7.70246e-86
1.08052e-82
-4.70941e-88
1.03885e-84
-2.03629e-90
8.00834e-87
-5.27866e-93
4.65588e-89
-1.45816e-96
1.83208e-91
9.88665e-95
-1.96285e-45
5.92289e-46
-1.67776e-45
9.40252e-46
-9.19666e-46
9.13846e-46
-3.46985e-46
5.63493e-46
-1.03257e-46
2.37147e-46
-2.55674e-47
7.819e-47
-5.4497e-48
2.13351e-47
-9.60169e-49
4.9895e-48
-1.47946e-49
9.61082e-49
-2.00292e-50
1.61432e-49
-2.36376e-51
2.3769e-50
-2.475e-52
3.04511e-51
-2.29043e-53
3.45613e-52
-1.8869e-54
3.46311e-53
-1.39855e-55
3.08664e-54
-9.27974e-57
2.47391e-55
-5.57392e-58
1.77458e-56
-3.0397e-59
1.15234e-57
-1.5019e-60
6.79548e-59
-6.77001e-62
3.6326e-60
-2.79669e-63
1.77289e-61
-1.05314e-64
7.9379e-63
-3.62069e-66
3.24411e-64
-1.14374e-67
1.21249e-65
-3.30251e-69
4.17243e-67
-8.68133e-71
1.31574e-68
-2.07294e-72
3.78881e-70
-4.48758e-74
9.94731e-72
-8.79361e-76
2.37848e-73
-1.53961e-77
5.17644e-75
-2.38652e-79
1.01353e-76
-3.2346e-81
1.77214e-78
-3.76945e-83
2.73927e-80
-3.68886e-85
3.69322e-82
-2.92947e-87
4.26277e-84
-1.79166e-89
4.10152e-86
-7.74739e-92
3.16257e-88
-2.01021e-94
1.83873e-90
-5.23441e-98
7.24341e-93
3.69856e-96
-2.92988e-47
8.59134e-48
-2.70357e-47
1.47426e-47
-1.59709e-47
1.54855e-47
-6.48329e-48
1.02988e-47
-2.06602e-48
4.6662e-48
-5.44582e-49
1.64825e-48
-1.22669e-49
4.78927e-49
-2.27374e-50
1.1839e-49
-3.66814e-51
2.39945e-50
-5.1763e-52
4.22014e-51
-6.3432e-53
6.47699e-52
-6.87074e-54
8.61601e-53
-6.55699e-55
1.01156e-53
-5.55517e-56
1.04518e-54
-4.22254e-57
9.57903e-56
-2.86701e-58
7.8723e-57
-1.75843e-59
5.77755e-58
-9.77162e-61
3.8302e-59
-4.91165e-62
2.30117e-60
-2.24868e-63
1.25114e-61
-9.41923e-65
6.20056e-63
-3.59185e-66
2.81442e-64
-1.249e-67
1.1645e-65
-3.98557e-69
4.40112e-67
-1.16117e-70
1.52954e-68
-3.07677e-72
4.86554e-70
-7.39871e-74
1.41196e-71
-1.61166e-75
3.73241e-73
-3.17472e-77
8.97801e-75
-5.58328e-79
1.9638e-76
-8.68697e-81
3.86153e-78
-1.18099e-82
6.77591e-80
-1.37956e-84
1.05041e-81
-1.35243e-86
1.4194e-83
-1.07524e-88
1.64098e-85
-6.57964e-91
1.58057e-87
-2.84575e-93
1.21931e-89
-7.39056e-96
7.09069e-92
-1.81387e-99
2.79628e-94
1.35137e-97
-4.10936e-49
1.18377e-49
-4.10152e-49
2.20091e-49
-2.61529e-49
2.50301e-49
-1.14367e-49
1.79811e-49
-3.90667e-50
8.78078e-50
-1.09715e-50
3.32601e-50
-2.61407e-51
1.02995e-50
-5.10201e-52
2.69349e-51
-8.62517e-53
5.74881e-52
-1.26975e-53
1.05958e-52
-1.61703e-54
1.69652e-53
-1.81346e-55
2.34525e-54
-1.78624e-56
2.85063e-55
-1.55762e-57
3.03967e-56
-1.21521e-58
2.86704e-57
-8.45022e-60
2.41806e-58
-5.29651e-61
1.8172e-59
-3.00163e-62
1.23092e-60
-1.53607e-63
7.54056e-62
-7.14819e-65
4.1732e-63
-3.03837e-66
2.1018e-64
-1.17413e-67
9.67867e-66
-4.13236e-69
4.05742e-67
-1.3329e-70
1.55173e-68
-3.92069e-72
5.45001e-70
-1.0478e-73
1.74999e-71
-2.53888e-75
5.12099e-73
-5.56771e-77
1.36375e-74
-1.10304e-78
3.30183e-76
-1.94944e-80
7.26236e-78
-3.04572e-82
1.43482e-79
-4.15477e-84
2.52778e-81
-4.86655e-86
3.93141e-83
-4.78061e-88
5.32625e-85
-3.80606e-90
6.16967e-87
-2.3307e-92
5.95031e-89
-1.0084e-94
4.59349e-91
-2.62106e-97
2.67223e-93
-6.06219e-101
1.05488e-95
4.82681e-99
-5.42126e-51
1.5554e-51
-5.86373e-51
3.14033e-51
-4.04203e-51
3.87334e-51
-1.9063e-51
3.00977e-51
-6.98667e-52
1.58574e-51
-2.09218e-52
6.44626e-52
-5.27712e-53
2.12883e-52
-1.08542e-53
5.89426e-53
-1.92434e-54
1.32582e-53
-2.95759e-55
2.56269e-54
-3.91727e-56
4.28357e-55
-4.552e-57
6.15811e-56
-4.63125e-58
7.75505e-57
-4.15987e-59
8.54048e-58
-3.33362e-60
8.29639e-59
-2.37586e-61
7.18624e-60
-1.52296e-62
5.53418e-61
-8.80842e-64
3.83312e-62
-4.59251e-65
2.39599e-63
-2.17379e-66
1.35072e-64
-9.38227e-68
6.91805e-66
-3.6765e-69
3.23421e-67
-1.31045e-70
1.37457e-68
-4.27513e-72
5.32293e-70
-1.27033e-73
1.89049e-71
-3.42595e-75
6.13098e-73
-8.36877e-77
1.81014e-74
-1.84847e-78
4.8588e-76
-3.68468e-80
1.18465e-77
-6.5467e-82
2.62127e-79
-1.02745e-83
5.20561e-81
-1.40683e-85
9.21106e-83
-1.65281e-87
1.43777e-84
-1.62735e-89
1.95352e-86
-1.29768e-91
2.26787e-88
-7.95372e-94
2.1906e-90
-3.44284e-96
1.69258e-92
-8.95497e-99
9.85124e-95
-1.95121e-102
3.89235e-97
1.68703e-100
-6.72895e-53
1.95702e-53
-7.90178e-53
4.29987e-53
-5.89708e-53
5.76108e-53
-3.00265e-53
4.84825e-53
-1.18175e-53
2.75832e-53
-3.77602e-54
1.20423e-53
-1.00905e-54
4.24363e-54
-2.18883e-55
1.24479e-54
-4.07243e-56
2.95272e-55
-6.53901e-57
5.98896e-56
-9.0136e-58
1.04571e-56
-1.08604e-58
1.56435e-57
-1.1421e-59
2.04236e-58
-1.05741e-60
2.32446e-59
-8.71004e-62
2.32706e-60
-6.36653e-63
2.07149e-61
-4.1764e-64
1.63579e-62
-2.46679e-65
1.15924e-63
-1.31116e-66
7.39843e-65
-6.31636e-68
4.25114e-66
-2.76987e-69
2.21554e-67
-1.10125e-70
1.05216e-68
-3.97748e-72
4.5362e-70
-1.31308e-73
1.77963e-71
-3.94347e-75
6.39473e-73
-1.07373e-76
2.09564e-74
-2.64534e-78
6.24553e-76
-5.88739e-80
1.69051e-77
-1.18127e-81
4.15241e-79
-2.11071e-83
9.24688e-81
-3.32863e-85
1.84651e-82
-4.5761e-87
3.2827e-84
-5.39382e-89
5.14409e-86
-5.32416e-91
7.01154e-88
-4.25319e-93
8.15966e-90
-2.60958e-95
7.89538e-92
-1.13018e-97
6.10681e-94
-2.94112e-100
3.55641e-96
-6.03367e-104
1.40624e-98
5.77636e-102
-7.84944e-55
2.36848e-55
-1.00254e-54
5.67443e-55
-8.1115e-55
8.27049e-55
-4.46343e-55
7.54601e-55
-1.88784e-55
4.63931e-55
-6.44072e-56
2.17641e-55
-1.82471e-56
8.18768e-56
-4.17713e-57
2.54577e-56
-8.16109e-58
6.37149e-57
-1.36985e-58
1.35676e-57
-1.96635e-59
2.47589e-58
-2.45811e-60
3.85615e-59
-2.67356e-61
5.2221e-60
-2.55294e-62
6.14554e-61
-2.16283e-63
6.34391e-62
-1.62232e-64
5.80676e-63
-1.08972e-65
4.70446e-64
-6.57678e-67
3.41297e-65
-3.56569e-68
2.2252e-66
-1.74915e-69
1.30391e-67
-7.79736e-71
6.91829e-69
-3.14693e-72
3.33915e-70
-1.15227e-73
1.46107e-71
-3.85113e-75
5.80985e-73
-1.16945e-76
2.11312e-74
-3.21606e-78
7.00074e-76
-7.99437e-80
2.10691e-77
-1.79337e-81
5.75303e-79
-3.62307e-83
1.42415e-80
-6.51252e-85
3.19279e-82
-1.0323e-86
6.41297e-84
-1.42527e-88
1.14579e-85
-1.68583e-90
1.80299e-87
-1.66858e-92
2.46589e-89
-1.33552e-94
2.87726e-91
-8.20375e-97
2.7894e-93
-3.555e-99
2.16008e-95
-9.25351e-102
1.2588e-97
-1.78537e-105
4.98024e-100
1.93996e-103
-8.57381e-57
2.77028e-57
-1.19313e-56
7.25044e-57
-1.04798e-56
1.15102e-56
-6.23751e-57
1.13964e-56
-2.83718e-57
7.57556e-57
-1.03412e-57
3.82029e-57
-3.10804e-58
1.53476e-57
-7.51294e-59
5.06026e-58
-1.54222e-59
1.33676e-58
-2.70753e-60
2.98958e-59
-4.04946e-61
5.70392e-60
-5.25491e-62
9.25275e-61
-5.91445e-63
1.30028e-61
-5.82783e-64
1.58293e-62
-5.08067e-65
1.68562e-63
-3.91281e-66
1.5872e-64
-2.69254e-67
1.31987e-65
-1.66127e-68
9.8067e-67
-9.19145e-70
6.53463e-68
-4.59342e-71
3.90659e-69
-2.08247e-72
2.11112e-70
-8.53528e-74
1.03601e-71
-3.16961e-75
4.60259e-73
-1.0729e-76
1.85575e-74
-3.2955e-78
6.83452e-76
-9.15668e-80
2.28987e-77
-2.29727e-81
6.96167e-79
-5.19603e-83
1.91825e-80
-1.05727e-84
4.78709e-82
-1.91233e-86
1.08076e-83
-3.0475e-88
2.18407e-85
-4.22658e-90
3.92268e-87
-5.01768e-92
6.19979e-89
-4.98056e-94
8.50972e-91
-3.99466e-96
9.95732e-93
-2.45689e-98
9.67311e-95
-1.0653e-100
7.50058e-97
-2.77257e-103
4.3742e-99
-5.02093e-107
1.73118e-101
6.39925e-105
-8.69118e-59
3.14715e-59
-1.32017e-58
9.01303e-59
-1.26048e-58
1.56017e-58
-8.12219e-59
1.67748e-58
-3.9758e-59
1.20606e-58
-1.54905e-59
6.53936e-59
-4.94204e-60
2.80592e-59
-1.26216e-60
9.81274e-60
-2.72361e-61
2.73677e-60
-5.00372e-62
6.42973e-61
-7.8013e-63
1.28293e-61
-1.05143e-63
2.16819e-62
-1.22519e-64
3.16277e-63
-1.24636e-65
3.98424e-64
-1.11865e-66
4.37807e-65
-8.84941e-68
4.24227e-66
-6.24126e-69
3.62217e-67
-3.93838e-70
2.75727e-68
-2.22461e-71
1.87841e-69
-1.13305e-72
1.14608e-70
-5.22613e-74
6.31006e-72
-2.17611e-75
3.14955e-73
-8.19859e-77
1.4211e-74
-2.8116e-78
5.81169e-76
-8.73816e-80
2.16795e-77
-2.45381e-81
7.34788e-79
-6.21508e-83
2.25727e-80
-1.41773e-84
6.2781e-82
-2.90614e-86
1.57983e-83
-5.29049e-88
3.59261e-85
-8.47791e-90
7.30613e-87
-1.18131e-91
1.31935e-88
-1.40778e-93
2.09477e-90
-1.40155e-95
2.88604e-92
-1.12655e-97
3.38695e-94
-6.93793e-100
3.29744e-96
-3.01004e-102
2.56045e-98
-7.82929e-105
1.49436e-100
-1.32536e-108
5.9148e-103
2.07632e-106
-8.00599e-61
3.4904e-61
-1.33013e-60
1.09546e-60
-1.38257e-60
2.06951e-60
-9.65473e-61
2.41752e-60
-5.08988e-61
1.88022e-60
-2.12125e-61
1.09617e-60
-7.18874e-62
5.02358e-61
-1.94091e-62
1.86363e-61
-4.40528e-63
5.48802e-62
-8.47378e-64
1.35462e-62
-1.37792e-64
2.82708e-63
-1.92975e-65
4.97846e-64
-2.32919e-66
7.5397e-65
-2.44733e-67
9.83042e-66
-2.26244e-68
1.11492e-66
-1.8392e-69
1.112e-67
-1.32999e-70
9.75103e-69
-8.5868e-72
7.6065e-70
-4.95361e-73
5.29927e-71
-2.57224e-74
3.3006e-72
-1.20748e-75
1.85193e-73
-5.10951e-77
9.40391e-75
-1.9536e-78
4.31051e-76
-6.78943e-80
1.7884e-77
-2.13558e-81
6.75879e-79
-6.06245e-83
2.31786e-80
-1.55054e-84
7.19642e-82
-3.56786e-86
2.0207e-83
-7.3693e-88
5.12834e-85
-1.35047e-89
1.17489e-86
-2.17648e-91
2.40483e-88
-3.04729e-93
4.36694e-90
-3.64584e-95
6.96619e-92
-3.64089e-97
9.63475e-94
-2.93306e-99
1.13416e-95
-1.80885e-101
1.10668e-97
-7.85215e-104
8.60609e-100
-2.03997e-106
5.02675e-102
-3.20458e-110
1.98927e-104
6.63684e-108
-6.38822e-63
3.80038e-63
-1.16528e-62
1.30879e-62
-1.32256e-62
2.70012e-62
-1.00323e-62
3.42774e-62
-5.7075e-63
2.88356e-62
-2.54877e-63
1.80725e-62
-9.19019e-64
8.84433e-63
-2.62698e-64
3.48024e-63
-6.27968e-65
1.08205e-63
-1.26626e-65
2.80594e-64
-2.14993e-66
6.12499e-65
-3.13189e-67
1.12393e-65
-3.91922e-68
1.76732e-66
-4.25704e-69
2.38514e-67
-4.05664e-70
2.79232e-68
-3.39131e-71
2.867e-69
-2.51614e-72
2.58229e-70
-1.66312e-73
2.06454e-71
-9.80409e-75
1.4711e-72
-5.19291e-76
9.3549e-74
-2.48209e-77
5.34992e-75
-1.06781e-78
2.7642e-76
-4.14489e-80
1.28737e-77
-1.46029e-81
5.41958e-79
-4.65021e-83
2.07535e-80
-1.33486e-84
7.20243e-82
-3.44834e-86
2.26038e-83
-8.0058e-88
6.40862e-85
-1.66649e-89
1.64055e-86
-3.07475e-91
3.78689e-88
-4.98446e-93
7.80245e-90
-7.01315e-95
1.42492e-91
-8.42454e-97
2.28398e-93
-8.43979e-99
3.17142e-95
-6.81477e-101
3.74495e-97
-4.20905e-103
3.66274e-99
-1.82853e-105
2.85268e-101
-4.73935e-108
1.66756e-103
-6.73607e-112
6.59578e-106
2.09327e-109
-3.03062e-65
-6.11068e-65
-7.6166e-65
-6.30695e-65
-3.88939e-65
-1.86876e-65
-7.19757e-66
-2.18609e-66
-5.52226e-67
-1.17096e-67
-2.08189e-68
-3.16315e-69
-4.11424e-70
-4.6304e-71
-4.5581e-72
-3.92633e-73
-2.99425e-74
-2.02956e-75
-1.22445e-76
-6.62453e-78
-3.2281e-79
-1.41351e-80
-5.57601e-82
-1.99335e-83
-6.43179e-85
-1.86832e-86
-4.87814e-88
-1.14334e-89
-2.39981e-91
-4.45995e-93
-7.27519e-95
-1.02901e-96
-1.24146e-98
-1.24796e-100
-1.01022e-102
-6.24932e-105
-2.71644e-107
-7.00093e-110
-8.98173e-114
)
;

boundaryField
{
    leftWall
    {
        type            calculated;
        value           nonuniform 0();
    }
    rightWall
    {
        type            calculated;
        value           uniform 0;
    }
    lowerWall
    {
        type            calculated;
        value           nonuniform 0();
    }
    atmosphere
    {
        type            calculated;
        value           nonuniform List<scalar> 
45
(
3.24956e-70
3.5069e-69
5.70882e-68
7.16893e-67
6.17864e-66
4.07353e-65
1.54296e-64
3.48056e-64
4.80413e-64
4.37135e-64
2.9448e-64
1.5386e-64
6.42127e-65
2.10754e-65
5.74099e-66
1.31063e-66
2.50587e-67
4.09101e-68
5.71471e-69
6.90586e-70
7.29937e-71
6.75302e-72
5.53362e-73
4.033e-74
2.61855e-75
1.52638e-76
8.025e-78
3.79762e-79
1.62226e-80
6.29491e-82
2.2109e-83
7.01396e-85
2.00801e-86
5.18511e-88
1.20599e-89
2.50134e-91
4.59426e-93
7.39971e-95
1.03159e-96
1.22199e-98
1.19797e-100
9.34468e-103
5.46674e-105
2.16077e-107
6.52656e-111
)
;
    }
    defaultFaces
    {
        type            empty;
        value           nonuniform 0();
    }
    procBoundary3to1
    {
        type            processor;
        value           nonuniform List<scalar> 
45
(
1.46385e-08
-1.63013e-07
-4.53761e-06
-7.70453e-05
-0.000139376
-8.38045e-05
-2.31802e-05
-2.30375e-06
-2.59463e-07
-2.82921e-08
-2.89346e-09
-2.49128e-10
-1.82408e-11
-1.184e-12
-6.8523e-14
-4.12804e-15
-6.79271e-16
-1.2408e-16
-1.95427e-17
-2.73649e-18
-3.45069e-19
-3.93841e-20
-4.07582e-21
-3.82642e-22
-3.25871e-23
-2.51698e-24
-1.76256e-25
-1.11845e-26
-6.4267e-28
-3.34036e-29
-1.56815e-30
-6.63583e-32
-2.52427e-33
-8.60118e-35
-2.613e-36
-7.03504e-38
-1.66546e-39
-3.4314e-41
-6.0689e-43
-9.04325e-45
-1.10568e-46
-1.06629e-48
-7.60761e-51
-3.55951e-53
-7.65514e-56
)
;
    }
    procBoundary3to2
    {
        type            processor;
        value           nonuniform List<scalar> 
43
(
-9.84401e-09
2.38888e-09
1.79651e-08
1.2939e-08
2.89932e-09
3.62756e-10
3.31611e-11
2.69486e-12
2.45347e-13
2.47695e-14
2.96039e-15
5.93304e-16
4.85892e-17
3.47638e-18
2.20145e-19
1.23997e-20
6.23304e-22
2.8042e-23
1.13187e-24
4.1079e-26
1.34325e-27
3.96467e-29
1.05802e-30
2.55675e-32
5.60277e-34
1.11489e-35
2.01716e-37
3.32282e-39
4.99036e-41
6.84292e-43
8.58014e-45
9.85358e-47
1.03825e-48
1.00571e-50
8.97655e-53
7.40341e-55
5.66374e-57
4.04082e-59
2.7102e-61
1.72641e-63
1.05058e-65
5.94e-68
2.16124e-70
)
;
    }
}


// ************************************************************************* //
