/*--------------------------------*- C++ -*----------------------------------*\
| =========                 |                                                 |
| \\      /  F ield         | OpenFOAM: The Open Source CFD Toolbox           |
|  \\    /   O peration     | Version:  3.0.1                                 |
|   \\  /    A nd           | Web:      www.OpenFOAM.org                      |
|    \\/     M anipulation  |                                                 |
\*---------------------------------------------------------------------------*/
FoamFile
{
    version     2.0;
    format      ascii;
    class       volVectorField;
    location    "0.2";
    object      U;
}
// * * * * * * * * * * * * * * * * * * * * * * * * * * * * * * * * * * * * * //

dimensions      [0 1 -1 0 0 0 0];

internalField   nonuniform List<vector> 
1935
(
(-0.378922 -0.830106 0)
(-1.10076 -1.00932 0)
(-1.78386 -1.13197 0)
(-2.11898 -1.02325 0)
(-2.08347 -0.681097 0)
(-1.8656 -0.360234 0)
(-1.64239 -0.155159 0)
(-1.44783 -0.0311032 0)
(-1.28425 0.0426582 0)
(-1.14807 0.0867492 0)
(-1.03423 0.111278 0)
(-0.938372 0.123757 0)
(-0.856721 0.128687 0)
(-0.786319 0.128863 0)
(-0.724862 0.126043 0)
(-0.670588 0.121365 0)
(-0.622144 0.115578 0)
(-0.578481 0.109179 0)
(-0.538775 0.102503 0)
(-0.502376 0.0957755 0)
(-0.468764 0.089148 0)
(-0.437519 0.0827228 0)
(-0.408304 0.0765676 0)
(-0.38084 0.0707265 0)
(-0.354898 0.0652257 0)
(-0.330289 0.0600789 0)
(-0.306846 0.055291 0)
(-0.284433 0.0508613 0)
(-0.262931 0.0467857 0)
(-0.242234 0.0430566 0)
(-0.222248 0.0396632 0)
(-0.202889 0.0365958 0)
(-0.184079 0.0338461 0)
(-0.165746 0.0314054 0)
(-0.147826 0.0292653 0)
(-0.130256 0.0274209 0)
(-0.112976 0.0258695 0)
(-0.0959273 0.0246105 0)
(-0.0790553 0.0236479 0)
(-0.0623074 0.0229925 0)
(-0.0456294 0.0226526 0)
(-0.0290466 0.0227029 0)
(-0.0108374 0.0231468 0)
(-0.234032 0.50203 0)
(-0.0587191 1.98333 0)
(0.241071 2.82462 0)
(0.388232 3.145 0)
(-0.899729 0.296402 0)
(-0.483951 1.76227 0)
(-0.151321 2.5634 0)
(0.243427 3.05556 0)
(-1.65006 -0.132783 0)
(-1.16414 1.22219 0)
(-0.731969 2.22131 0)
(-0.182738 2.79029 0)
(-2.25614 -0.438079 0)
(-1.99893 0.609541 0)
(-1.46607 1.71155 0)
(-0.845956 2.4098 0)
(-2.3698 -0.358786 0)
(-2.41408 0.255483 0)
(-2.12477 1.08999 0)
(-1.59313 1.82716 0)
(-2.0922 -0.0987814 0)
(-2.21113 0.284771 0)
(-2.11791 0.788486 0)
(-1.81018 1.29441 0)
(-1.77197 0.0639525 0)
(-1.83649 0.350447 0)
(-1.78919 0.683199 0)
(-1.61102 0.994747 0)
(-1.51864 0.1477 0)
(-1.54016 0.359061 0)
(-1.49603 0.589356 0)
(-1.37966 0.79968 0)
(-1.32132 0.186872 0)
(-1.32363 0.345685 0)
(-1.284 0.510836 0)
(-1.20156 0.662094 0)
(-1.16609 0.20261 0)
(-1.15969 0.324923 0)
(-1.12578 0.44887 0)
(-1.06461 0.563158 0)
(-1.04142 0.205584 0)
(-1.03122 0.302242 0)
(-1.00228 0.398772 0)
(-0.955076 0.488566 0)
(-0.939297 0.201671 0)
(-0.927621 0.27994 0)
(-0.902729 0.357443 0)
(-0.865055 0.430108 0)
(-0.854005 0.194072 0)
(-0.841998 0.258849 0)
(-0.820378 0.322667 0)
(-0.789495 0.382899 0)
(-0.78151 0.184566 0)
(-0.769735 0.239212 0)
(-0.750781 0.292883 0)
(-0.724922 0.343814 0)
(-0.718907 0.174168 0)
(-0.707639 0.221044 0)
(-0.69089 0.266995 0)
(-0.668869 0.310795 0)
(-0.664074 0.163476 0)
(-0.653445 0.204278 0)
(-0.638546 0.244225 0)
(-0.619541 0.282445 0)
(-0.61544 0.152852 0)
(-0.6055 0.188823 0)
(-0.592177 0.224014 0)
(-0.575599 0.257788 0)
(-0.571818 0.142514 0)
(-0.562575 0.174583 0)
(-0.55061 0.205945 0)
(-0.536026 0.236123 0)
(-0.532297 0.132592 0)
(-0.523739 0.161468 0)
(-0.512957 0.1897 0)
(-0.500041 0.21693 0)
(-0.496172 0.123158 0)
(-0.48827 0.149387 0)
(-0.478532 0.175031 0)
(-0.467031 0.199813 0)
(-0.462885 0.114251 0)
(-0.455608 0.138262 0)
(-0.446796 0.16174 0)
(-0.436515 0.184468 0)
(-0.431996 0.105887 0)
(-0.425308 0.12802 0)
(-0.417327 0.149665 0)
(-0.408107 0.170652 0)
(-0.403149 0.0980682 0)
(-0.397015 0.118595 0)
(-0.389782 0.138675 0)
(-0.381497 0.158174 0)
(-0.376056 0.0907875 0)
(-0.370443 0.10993 0)
(-0.363888 0.128662 0)
(-0.356432 0.146877 0)
(-0.350481 0.0840323 0)
(-0.345355 0.101973 0)
(-0.339418 0.119536 0)
(-0.332703 0.136635 0)
(-0.326227 0.077786 0)
(-0.321558 0.0946758 0)
(-0.316184 0.111217 0)
(-0.310137 0.127341 0)
(-0.30313 0.0720298 0)
(-0.298887 0.0879965 0)
(-0.294031 0.103641 0)
(-0.288587 0.118908 0)
(-0.281048 0.0667437 0)
(-0.277205 0.0818959 0)
(-0.272824 0.0967502 0)
(-0.267928 0.11126 0)
(-0.259861 0.0619076 0)
(-0.256391 0.0763386 0)
(-0.252449 0.090493 0)
(-0.248055 0.104332 0)
(-0.239463 0.0575018 0)
(-0.236342 0.0712923 0)
(-0.232806 0.0848258 0)
(-0.228873 0.098069 0)
(-0.219762 0.0535065 0)
(-0.216968 0.0667277 0)
(-0.213808 0.0797099 0)
(-0.2103 0.0924231 0)
(-0.200672 0.0499035 0)
(-0.198185 0.0626189 0)
(-0.195378 0.0751114 0)
(-0.192262 0.0873533 0)
(-0.182118 0.0466776 0)
(-0.179922 0.0589435 0)
(-0.177443 0.0710012 0)
(-0.174694 0.0828243 0)
(-0.164032 0.0438147 0)
(-0.16211 0.0556821 0)
(-0.15994 0.0673546 0)
(-0.157534 0.0788066 0)
(-0.146347 0.0413023 0)
(-0.144686 0.0528184 0)
(-0.14281 0.064151 0)
(-0.140727 0.0752753 0)
(-0.129003 0.0391316 0)
(-0.127593 0.0503396 0)
(-0.125997 0.0613739 0)
(-0.124221 0.0722104 0)
(-0.111944 0.037297 0)
(-0.110776 0.0482369 0)
(-0.109448 0.0590111 0)
(-0.107966 0.0695965 0)
(-0.0951128 0.0357957 0)
(-0.0941816 0.0465051 0)
(-0.0931151 0.0570546 0)
(-0.0919175 0.0674229 0)
(-0.0784581 0.034629 0)
(-0.077761 0.0451431 0)
(-0.0769509 0.0555006 0)
(-0.0760305 0.0656829 0)
(-0.0619294 0.033805 0)
(-0.0614671 0.0441561 0)
(-0.0609118 0.0543519 0)
(-0.0602646 0.0643767 0)
(-0.0454763 0.0333274 0)
(-0.0452515 0.0435439 0)
(-0.0449508 0.0536042 0)
(-0.0445739 0.0634963 0)
(-0.0291506 0.0332664 0)
(-0.0291889 0.0433724 0)
(-0.0291638 0.0533202 0)
(-0.0290745 0.0631019 0)
(-0.0110197 0.0336157 0)
(-0.0111685 0.0436251 0)
(-0.0112879 0.0534715 0)
(-0.011376 0.0631502 0)
(0.402143 3.05056 0)
(0.441814 2.66398 0)
(0.715789 2.16541 0)
(0.91176 1.62385 0)
(0.729496 1.40632 0)
(0.55875 1.2829 0)
(0.452325 1.16456 0)
(0.383414 1.06238 0)
(0.336507 0.978399 0)
(0.302799 0.907144 0)
(0.277259 0.845063 0)
(0.256796 0.790216 0)
(0.239524 0.741398 0)
(0.224333 0.69777 0)
(0.210566 0.658693 0)
(0.197828 0.623645 0)
(0.18588 0.592188 0)
(0.174566 0.563938 0)
(0.163789 0.53856 0)
(0.153481 0.515754 0)
(0.143594 0.495256 0)
(0.134092 0.476828 0)
(0.124946 0.460264 0)
(0.116131 0.445378 0)
(0.107623 0.432008 0)
(0.0993999 0.420011 0)
(0.0914393 0.409263 0)
(0.0837204 0.399655 0)
(0.0762226 0.391092 0)
(0.0689255 0.38349 0)
(0.0618087 0.37678 0)
(0.0548526 0.370899 0)
(0.0480385 0.365795 0)
(0.0413481 0.361422 0)
(0.0347636 0.357743 0)
(0.0282675 0.354726 0)
(0.021844 0.352347 0)
(0.0154703 0.350585 0)
(0.0091576 0.349247 0)
(0.0028736 0.336761 0)
(0.175866 2.92479 0)
(0.294884 2.49075 0)
(0.545333 2.03227 0)
(0.5152 1.73635 0)
(0.407754 1.56139 0)
(0.353368 1.38039 0)
(0.309868 1.2258 0)
(0.276159 1.10542 0)
(0.250562 1.00966 0)
(0.230984 0.930612 0)
(0.215611 0.86351 0)
(0.20296 0.805439 0)
(0.192017 0.754551 0)
(0.182141 0.709581 0)
(0.172942 0.669615 0)
(0.16419 0.633954 0)
(0.155749 0.602043 0)
(0.147542 0.573431 0)
(0.139526 0.54774 0)
(0.13168 0.524647 0)
(0.123996 0.503877 0)
(0.116471 0.48519 0)
(0.109102 0.468376 0)
(0.10189 0.453251 0)
(0.0948332 0.439654 0)
(0.0879274 0.427443 0)
(0.0811679 0.416496 0)
(0.0745484 0.406703 0)
(0.068061 0.397969 0)
(0.0616971 0.390213 0)
(0.0554469 0.383363 0)
(0.0493002 0.377357 0)
(0.0432463 0.372142 0)
(0.0372746 0.367673 0)
(0.0313742 0.363912 0)
(0.0255336 0.360828 0)
(0.0197429 0.358396 0)
(0.013985 0.356594 0)
(0.00827552 0.355219 0)
(0.00258903 0.342436 0)
(-0.155067 2.73815 0)
(0.0560955 2.30987 0)
(0.161103 1.98226 0)
(0.134724 1.78892 0)
(0.144711 1.59038 0)
(0.160367 1.39703 0)
(0.1639 1.24264 0)
(0.162011 1.12087 0)
(0.15843 1.02251 0)
(0.154556 0.941146 0)
(0.150703 0.872337 0)
(0.146866 0.813181 0)
(0.142951 0.761669 0)
(0.138858 0.716383 0)
(0.134534 0.676278 0)
(0.12996 0.640572 0)
(0.125144 0.608659 0)
(0.120112 0.580053 0)
(0.114899 0.55436 0)
(0.109541 0.531251 0)
(0.104077 0.510448 0)
(0.0985406 0.491711 0)
(0.0929625 0.474834 0)
(0.0873677 0.459634 0)
(0.0817762 0.445956 0)
(0.0762037 0.433659 0)
(0.070662 0.422622 0)
(0.0651591 0.412741 0)
(0.0597001 0.403921 0)
(0.0542874 0.396082 0)
(0.0489219 0.389154 0)
(0.0436025 0.383076 0)
(0.0383268 0.377796 0)
(0.0330914 0.373269 0)
(0.0278924 0.369458 0)
(0.0227246 0.366332 0)
(0.0175838 0.363866 0)
(0.0124586 0.362039 0)
(0.00736888 0.360636 0)
(0.00229659 0.347571 0)
(-0.648094 2.46119 0)
(-0.421393 2.16903 0)
(-0.267197 1.94626 0)
(-0.169524 1.73854 0)
(-0.0737439 1.53794 0)
(-0.0132733 1.36521 0)
(0.0255912 1.22521 0)
(0.0503364 1.11116 0)
(0.06674 1.01697 0)
(0.0778346 0.938017 0)
(0.0853765 0.870811 0)
(0.0904889 0.812861 0)
(0.0937309 0.762309 0)
(0.0955036 0.717852 0)
(0.0960849 0.678448 0)
(0.0956911 0.643336 0)
(0.0944901 0.61192 0)
(0.0926177 0.583725 0)
(0.0901901 0.558367 0)
(0.0873059 0.535529 0)
(0.0840495 0.514939 0)
(0.0804931 0.496367 0)
(0.076698 0.479614 0)
(0.072715 0.464505 0)
(0.0685865 0.450888 0)
(0.0643472 0.43863 0)
(0.0600253 0.427615 0)
(0.0556429 0.41774 0)
(0.0512179 0.408917 0)
(0.046764 0.401068 0)
(0.0422917 0.394125 0)
(0.0378091 0.388029 0)
(0.0333217 0.38273 0)
(0.0288335 0.378184 0)
(0.024347 0.374355 0)
(0.0198633 0.371213 0)
(0.015384 0.368734 0)
(0.0109034 0.366895 0)
(0.00644513 0.365475 0)
(0.00199877 0.352144 0)
(-1.19624 2.08244 0)
(-0.866083 1.93124 0)
(-0.598758 1.77097 0)
(-0.39973 1.59938 0)
(-0.259296 1.43705 0)
(-0.164562 1.29803 0)
(-0.0989045 1.17995 0)
(-0.0528311 1.07999 0)
(-0.0197055 0.995015 0)
(0.00450691 0.922232 0)
(0.0223969 0.859387 0)
(0.0357436 0.804604 0)
(0.0457094 0.756449 0)
(0.0530801 0.713928 0)
(0.0583624 0.676044 0)
(0.0619988 0.642166 0)
(0.0642902 0.611772 0)
(0.065475 0.584419 0)
(0.0657482 0.559755 0)
(0.0652666 0.537488 0)
(0.0641596 0.517366 0)
(0.0625354 0.499176 0)
(0.0604848 0.482732 0)
(0.0580836 0.467873 0)
(0.0553948 0.454456 0)
(0.0524713 0.442357 0)
(0.0493563 0.431468 0)
(0.046086 0.421693 0)
(0.0426897 0.412947 0)
(0.039192 0.405157 0)
(0.0356128 0.398259 0)
(0.0319685 0.392198 0)
(0.0282724 0.386924 0)
(0.0245355 0.382397 0)
(0.0207665 0.378581 0)
(0.0169727 0.375449 0)
(0.0131611 0.372976 0)
(0.00933174 0.371141 0)
(0.0055118 0.369711 0)
(0.00169823 0.356132 0)
(-1.40976 1.57802 0)
(-1.04331 1.58575 0)
(-0.762305 1.5149 0)
(-0.549635 1.41367 0)
(-0.395825 1.30691 0)
(-0.284412 1.20598 0)
(-0.202825 1.11398 0)
(-0.142462 1.03196 0)
(-0.0971441 0.959459 0)
(-0.0627136 0.895513 0)
(-0.0362768 0.839075 0)
(-0.0158229 0.789063 0)
(0.000155277 0.744605 0)
(0.0125834 0.704895 0)
(0.0221177 0.669266 0)
(0.0294791 0.637235 0)
(0.0350318 0.608354 0)
(0.0390841 0.582234 0)
(0.041907 0.558593 0)
(0.0437054 0.537174 0)
(0.0446471 0.517759 0)
(0.0448729 0.500154 0)
(0.0445004 0.484196 0)
(0.0436271 0.46974 0)
(0.0423347 0.456657 0)
(0.0406921 0.444835 0)
(0.0387568 0.434174 0)
(0.0365769 0.424588 0)
(0.0341928 0.415998 0)
(0.0316386 0.408336 0)
(0.0289429 0.401543 0)
(0.0261303 0.395567 0)
(0.023221 0.390362 0)
(0.0202326 0.385891 0)
(0.01718 0.38212 0)
(0.014076 0.379022 0)
(0.0109329 0.376575 0)
(0.00775609 0.37476 0)
(0.0045763 0.37333 0)
(0.00139743 0.35952 0)
(-1.33642 1.20297 0)
(-1.05239 1.27416 0)
(-0.818422 1.27149 0)
(-0.63033 1.22953 0)
(-0.483967 1.16935 0)
(-0.370803 1.10279 0)
(-0.283424 1.03615 0)
(-0.215763 0.972741 0)
(-0.163024 0.913962 0)
(-0.12162 0.860227 0)
(-0.0888974 0.811463 0)
(-0.0628642 0.767314 0)
(-0.0420277 0.727421 0)
(-0.0253456 0.691256 0)
(-0.0120041 0.658511 0)
(-0.00130468 0.62885 0)
(0.00716364 0.60187 0)
(0.0138118 0.577329 0)
(0.0189777 0.555003 0)
(0.0228883 0.534682 0)
(0.0257411 0.51619 0)
(0.0277037 0.499355 0)
(0.0289174 0.484045 0)
(0.0294963 0.470137 0)
(0.0295373 0.457513 0)
(0.0291245 0.446077 0)
(0.0283273 0.435742 0)
(0.027204 0.42643 0)
(0.0258041 0.418071 0)
(0.0241705 0.410603 0)
(0.0223401 0.403972 0)
(0.0203443 0.398131 0)
(0.01821 0.393038 0)
(0.0159607 0.388659 0)
(0.0136169 0.384963 0)
(0.0111966 0.381925 0)
(0.00871716 0.379523 0)
(0.00618897 0.37774 0)
(0.00364592 0.376319 0)
(0.00109862 0.362299 0)
(-1.20316 0.956387 0)
(-1.00369 1.04214 0)
(-0.822085 1.07249 0)
(-0.665269 1.06644 0)
(-0.534882 1.03868 0)
(-0.428346 0.99913 0)
(-0.34213 0.954205 0)
(-0.272619 0.907866 0)
(-0.216546 0.862402 0)
(-0.171202 0.819045 0)
(-0.134423 0.778388 0)
(-0.104463 0.74064 0)
(-0.0799723 0.705805 0)
(-0.0599326 0.673738 0)
(-0.0434859 0.644308 0)
(-0.0299996 0.61734 0)
(-0.0190109 0.592583 0)
(-0.0100367 0.569923 0)
(-0.00276821 0.549167 0)
(0.00305824 0.530159 0)
(0.00765452 0.512763 0)
(0.0112104 0.496871 0)
(0.0138977 0.482348 0)
(0.0158333 0.469123 0)
(0.0171267 0.457067 0)
(0.0178781 0.446118 0)
(0.0181644 0.436197 0)
(0.0180524 0.427239 0)
(0.0175983 0.419182 0)
(0.0168527 0.411968 0)
(0.0158606 0.405553 0)
(0.0146592 0.399893 0)
(0.0132811 0.394953 0)
(0.0117549 0.3907 0)
(0.0101063 0.387107 0)
(0.008358 0.384152 0)
(0.00653181 0.381814 0)
(0.00464279 0.380077 0)
(0.00272771 0.378673 0)
(0.000803913 0.364462 0)
(-1.08128 0.785358 0)
(-0.938967 0.869046 0)
(-0.799428 0.913043 0)
(-0.671549 0.927166 0)
(-0.559286 0.92072 0)
(-0.46319 0.901002 0)
(-0.382188 0.873371 0)
(-0.314506 0.841562 0)
(-0.258186 0.808066 0)
(-0.211395 0.774462 0)
(-0.17252 0.741725 0)
(-0.140164 0.710416 0)
(-0.113202 0.680828 0)
(-0.0907098 0.653076 0)
(-0.0718987 0.627209 0)
(-0.0562002 0.603163 0)
(-0.043119 0.580883 0)
(-0.0321887 0.560302 0)
(-0.0231197 0.541287 0)
(-0.0156217 0.523761 0)
(-0.00945523 0.507624 0)
(-0.00444984 0.492806 0)
(-0.000414944 0.479212 0)
(0.00277151 0.46676 0)
(0.00521399 0.455378 0)
(0.00705409 0.445005 0)
(0.00835849 0.435578 0)
(0.0092032 0.427043 0)
(0.0096465 0.419357 0)
(0.00974667 0.41245 0)
(0.00955849 0.406299 0)
(0.00912215 0.400864 0)
(0.00847459 0.396114 0)
(0.00764918 0.392019 0)
(0.00667629 0.388556 0)
(0.00558281 0.385705 0)
(0.00439424 0.383449 0)
(0.00312978 0.381771 0)
(0.00182798 0.380394 0)
(0.000514747 0.366009 0)
(-0.977655 0.662011 0)
(-0.872345 0.737704 0)
(-0.764218 0.785528 0)
(-0.660564 0.810191 0)
(-0.565577 0.817126 0)
(-0.481036 0.811301 0)
(-0.407229 0.796793 0)
(-0.343591 0.776736 0)
(-0.289138 0.753442 0)
(-0.242766 0.728525 0)
(-0.203372 0.703114 0)
(-0.169926 0.677947 0)
(-0.141547 0.653503 0)
(-0.117462 0.630072 0)
(-0.0969995 0.60783 0)
(-0.0796413 0.586834 0)
(-0.0649097 0.567152 0)
(-0.052414 0.548764 0)
(-0.0418557 0.531622 0)
(-0.0329326 0.515702 0)
(-0.0254242 0.500947 0)
(-0.0191374 0.487298 0)
(-0.0139124 0.474728 0)
(-0.00960858 0.463137 0)
(-0.00609371 0.45252 0)
(-0.00325682 0.442802 0)
(-0.00101089 0.433939 0)
(0.000734301 0.425895 0)
(0.0020168 0.418617 0)
(0.00290692 0.412074 0)
(0.00348419 0.406232 0)
(0.00377725 0.401061 0)
(0.00382865 0.396535 0)
(0.00367587 0.392627 0)
(0.00335397 0.389318 0)
(0.00289289 0.386593 0)
(0.00232138 0.384434 0)
(0.00166232 0.382827 0)
(0.000951511 0.381489 0)
(0.000230725 0.36694 0)
(-0.889439 0.569431 0)
(-0.809025 0.636125 0)
(-0.724032 0.68317 0)
(-0.639811 0.712619 0)
(-0.559993 0.727502 0)
(-0.486636 0.731024 0)
(-0.420655 0.72611 0)
(-0.362185 0.715209 0)
(-0.310897 0.700279 0)
(-0.266227 0.682802 0)
(-0.227496 0.663897 0)
(-0.194002 0.644357 0)
(-0.165095 0.624753 0)
(-0.140169 0.605475 0)
(-0.118687 0.586789 0)
(-0.100193 0.56885 0)
(-0.0842664 0.551789 0)
(-0.070573 0.535642 0)
(-0.0588216 0.520446 0)
(-0.0487338 0.506201 0)
(-0.0401042 0.492899 0)
(-0.0327334 0.48051 0)
(-0.0264721 0.469016 0)
(-0.0211749 0.458381 0)
(-0.0167081 0.448584 0)
(-0.0129737 0.439581 0)
(-0.00986414 0.43134 0)
(-0.00731032 0.423833 0)
(-0.00525024 0.417011 0)
(-0.00360268 0.410876 0)
(-0.00231406 0.405384 0)
(-0.00133387 0.400511 0)
(-0.000620721 0.396238 0)
(-0.000135625 0.392543 0)
(0.000164635 0.389411 0)
(0.000309053 0.386828 0)
(0.000328734 0.38478 0)
(0.000256263 0.383256 0)
(9.94395e-05 0.381965 0)
(-5.67141e-05 0.367269 0)
(-0.813774 0.49746 0)
(-0.750711 0.555845 0)
(-0.68283 0.600165 0)
(-0.613929 0.631165 0)
(-0.546905 0.650462 0)
(-0.483676 0.660049 0)
(-0.425358 0.66194 0)
(-0.372442 0.65797 0)
(-0.325 0.649702 0)
(-0.282835 0.638407 0)
(-0.245588 0.625102 0)
(-0.212826 0.610559 0)
(-0.184099 0.595368 0)
(-0.158963 0.579961 0)
(-0.137003 0.564656 0)
(-0.117845 0.549675 0)
(-0.101135 0.535182 0)
(-0.086588 0.521275 0)
(-0.0739413 0.508033 0)
(-0.0629421 0.495493 0)
(-0.0534035 0.483677 0)
(-0.0451407 0.472593 0)
(-0.0380011 0.462233 0)
(-0.0318464 0.452598 0)
(-0.0265534 0.443667 0)
(-0.0220209 0.435424 0)
(-0.0181464 0.427848 0)
(-0.0148574 0.420913 0)
(-0.0120818 0.414605 0)
(-0.00974486 0.408906 0)
(-0.00779527 0.403792 0)
(-0.0061767 0.399246 0)
(-0.00484358 0.395248 0)
(-0.00375577 0.391792 0)
(-0.00287051 0.388854 0)
(-0.00215281 0.386428 0)
(-0.00156875 0.384504 0)
(-0.00108481 0.383072 0)
(-0.000717768 0.381895 0)
(-0.000333434 0.366953 0)
(-0.748296 0.439906 0)
(-0.697682 0.491101 0)
(-0.642599 0.532033 0)
(-0.58572 0.562835 0)
(-0.529269 0.584317 0)
(-0.474884 0.597681 0)
(-0.423658 0.604277 0)
(-0.376228 0.60543 0)
(-0.332882 0.602345 0)
(-0.293655 0.596068 0)
(-0.258413 0.587471 0)
(-0.226928 0.577256 0)
(-0.198917 0.565987 0)
(-0.174071 0.5541 0)
(-0.152085 0.541932 0)
(-0.132668 0.529738 0)
(-0.115536 0.517709 0)
(-0.100451 0.505976 0)
(-0.0871809 0.494656 0)
(-0.0755128 0.483809 0)
(-0.0652748 0.473484 0)
(-0.0562974 0.463716 0)
(-0.0484384 0.454519 0)
(-0.0415681 0.445905 0)
(-0.0355705 0.437873 0)
(-0.0303458 0.43042 0)
(-0.0257997 0.423539 0)
(-0.0218536 0.417215 0)
(-0.0184364 0.411444 0)
(-0.0154779 0.406209 0)
(-0.0129232 0.401499 0)
(-0.0107178 0.397302 0)
(-0.00880951 0.393605 0)
(-0.00716112 0.3904 0)
(-0.00573029 0.387673 0)
(-0.00447419 0.385418 0)
(-0.00336127 0.383629 0)
(-0.00234983 0.382297 0)
(-0.00148761 0.381275 0)
(-0.000595361 0.366043 0)
(-0.691065 0.392775 0)
(-0.649627 0.43791 0)
(-0.604255 0.475402 0)
(-0.556833 0.505115 0)
(-0.509044 0.527413 0)
(-0.462223 0.543 0)
(-0.41735 0.552757 0)
(-0.375081 0.557622 0)
(-0.3358 0.558499 0)
(-0.299679 0.556217 0)
(-0.266734 0.551501 0)
(-0.236882 0.544961 0)
(-0.209964 0.537108 0)
(-0.185785 0.528356 0)
(-0.164133 0.519039 0)
(-0.144793 0.509419 0)
(-0.127549 0.499702 0)
(-0.112198 0.49004 0)
(-0.098553 0.48057 0)
(-0.0864389 0.471371 0)
(-0.0756952 0.462515 0)
(-0.0661752 0.454052 0)
(-0.0577502 0.446016 0)
(-0.0503002 0.438431 0)
(-0.043718 0.431313 0)
(-0.0379081 0.424667 0)
(-0.0327821 0.4185 0)
(-0.0282625 0.412808 0)
(-0.0242798 0.40759 0)
(-0.0207673 0.402841 0)
(-0.0176682 0.398555 0)
(-0.0149267 0.394724 0)
(-0.0124955 0.391344 0)
(-0.010334 0.388402 0)
(-0.00839564 0.3859 0)
(-0.0066406 0.383827 0)
(-0.00503673 0.38218 0)
(-0.00353136 0.38096 0)
(-0.0022032 0.380117 0)
(-0.000837128 0.36457 0)
(-0.640528 0.353407 0)
(-0.606024 0.393483 0)
(-0.568136 0.427747 0)
(-0.528205 0.45597 0)
(-0.487498 0.47827 0)
(-0.447078 0.495043 0)
(-0.407783 0.506855 0)
(-0.370226 0.514356 0)
(-0.334817 0.518211 0)
(-0.301794 0.519063 0)
(-0.271267 0.517495 0)
(-0.243249 0.514025 0)
(-0.217673 0.509098 0)
(-0.194431 0.503093 0)
(-0.173387 0.496321 0)
(-0.154393 0.489037 0)
(-0.137287 0.481453 0)
(-0.121909 0.473731 0)
(-0.108108 0.46601 0)
(-0.0957415 0.458389 0)
(-0.0846707 0.450953 0)
(-0.074769 0.443763 0)
(-0.0659222 0.436869 0)
(-0.0580216 0.430304 0)
(-0.0509704 0.424097 0)
(-0.0446806 0.418263 0)
(-0.0390667 0.412817 0)
(-0.0340575 0.407766 0)
(-0.0295852 0.403114 0)
(-0.0255858 0.398862 0)
(-0.022004 0.395012 0)
(-0.0187856 0.391561 0)
(-0.0158835 0.388504 0)
(-0.0132532 0.385842 0)
(-0.0108521 0.383572 0)
(-0.00864086 0.381688 0)
(-0.00658474 0.38019 0)
(-0.00462443 0.379089 0)
(-0.00286001 0.378439 0)
(-0.00105416 0.362571 0)
(-0.595457 0.319981 0)
(-0.56631 0.355836 0)
(-0.534282 0.387189 0)
(-0.500339 0.413785 0)
(-0.465436 0.435622 0)
(-0.430408 0.452905 0)
(-0.395956 0.46599 0)
(-0.362621 0.47532 0)
(-0.330801 0.481379 0)
(-0.300761 0.484655 0)
(-0.272656 0.485609 0)
(-0.246559 0.48467 0)
(-0.22247 0.482216 0)
(-0.200346 0.478582 0)
(-0.180112 0.474048 0)
(-0.161668 0.468857 0)
(-0.1449 0.463211 0)
(-0.129688 0.457274 0)
(-0.115917 0.451185 0)
(-0.10347 0.445053 0)
(-0.0922314 0.43897 0)
(-0.0820937 0.433005 0)
(-0.072958 0.427215 0)
(-0.0647286 0.42165 0)
(-0.0573186 0.416336 0)
(-0.0506479 0.411306 0)
(-0.0446358 0.406578 0)
(-0.0392194 0.402168 0)
(-0.0343342 0.398084 0)
(-0.0299156 0.394335 0)
(-0.0259134 0.390926 0)
(-0.022276 0.38786 0)
(-0.018955 0.385137 0)
(-0.0159065 0.38276 0)
(-0.0130898 0.380727 0)
(-0.0104642 0.379038 0)
(-0.00799728 0.377693 0)
(-0.00562448 0.376716 0)
(-0.00345442 0.376265 0)
(-0.00124461 0.360087 0)
(-0.554878 0.291214 0)
(-0.529954 0.32354 0)
(-0.502588 0.352312 0)
(-0.47348 0.377293 0)
(-0.443355 0.398415 0)
(-0.412871 0.415774 0)
(-0.382598 0.429586 0)
(-0.353005 0.44015 0)
(-0.324456 0.447812 0)
(-0.297215 0.452939 0)
(-0.271458 0.455892 0)
(-0.247291 0.457016 0)
(-0.224759 0.456629 0)
(-0.203863 0.455015 0)
(-0.184573 0.452428 0)
(-0.166827 0.449087 0)
(-0.150553 0.44518 0)
(-0.135665 0.440866 0)
(-0.122076 0.43628 0)
(-0.109695 0.431534 0)
(-0.098426 0.426721 0)
(-0.0881829 0.421918 0)
(-0.0788763 0.417187 0)
(-0.07043 0.412582 0)
(-0.0627652 0.408137 0)
(-0.0558061 0.403892 0)
(-0.0494854 0.39987 0)
(-0.0437407 0.39609 0)
(-0.0385139 0.392571 0)
(-0.0337453 0.389324 0)
(-0.0293846 0.386356 0)
(-0.0253846 0.383678 0)
(-0.021699 0.381291 0)
(-0.0182836 0.379201 0)
(-0.0150986 0.377408 0)
(-0.0121039 0.375917 0)
(-0.00926864 0.374727 0)
(-0.00652692 0.373879 0)
(-0.00398561 0.373622 0)
(-0.00140921 0.357161 0)
(-0.518018 0.266182 0)
(-0.496486 0.29554 0)
(-0.472881 0.322048 0)
(-0.44772 0.345493 0)
(-0.421558 0.365782 0)
(-0.394908 0.382945 0)
(-0.368237 0.397108 0)
(-0.34194 0.40847 0)
(-0.316339 0.417276 0)
(-0.291683 0.423798 0)
(-0.268153 0.428317 0)
(-0.245871 0.431106 0)
(-0.224907 0.432428 0)
(-0.205293 0.432522 0)
(-0.187027 0.431611 0)
(-0.170084 0.429887 0)
(-0.154421 0.427523 0)
(-0.139978 0.424669 0)
(-0.126694 0.421451 0)
(-0.114499 0.417979 0)
(-0.103318 0.414347 0)
(-0.0930811 0.410634 0)
(-0.0837136 0.406904 0)
(-0.0751506 0.403211 0)
(-0.067323 0.399602 0)
(-0.0601643 0.396114 0)
(-0.0536165 0.392777 0)
(-0.0476198 0.389614 0)
(-0.0421212 0.386649 0)
(-0.0370683 0.383894 0)
(-0.0324116 0.381365 0)
(-0.028106 0.379069 0)
(-0.0241087 0.377016 0)
(-0.0203771 0.375212 0)
(-0.0168718 0.373662 0)
(-0.0135545 0.372368 0)
(-0.0103942 0.371334 0)
(-0.00732829 0.370614 0)
(-0.00445364 0.370544 0)
(-0.00154983 0.353837 0)
(-0.484259 0.244198 0)
(-0.465498 0.271047 0)
(-0.444973 0.295574 0)
(-0.423069 0.317595 0)
(-0.400216 0.337012 0)
(-0.376817 0.353815 0)
(-0.35325 0.368074 0)
(-0.329847 0.379918 0)
(-0.306887 0.38952 0)
(-0.284594 0.397079 0)
(-0.263145 0.402811 0)
(-0.242666 0.406932 0)
(-0.223241 0.409655 0)
(-0.204919 0.411181 0)
(-0.187723 0.411697 0)
(-0.171649 0.411375 0)
(-0.156676 0.410368 0)
(-0.142768 0.408813 0)
(-0.129887 0.406827 0)
(-0.117977 0.404517 0)
(-0.106982 0.401971 0)
(-0.0968476 0.399268 0)
(-0.0875135 0.396474 0)
(-0.0789227 0.393643 0)
(-0.0710167 0.390826 0)
(-0.0637399 0.388061 0)
(-0.0570394 0.385381 0)
(-0.0508627 0.382816 0)
(-0.0451605 0.380386 0)
(-0.0398852 0.378112 0)
(-0.0349922 0.37601 0)
(-0.0304379 0.374091 0)
(-0.0261815 0.372367 0)
(-0.0221837 0.370845 0)
(-0.0184064 0.369533 0)
(-0.0148128 0.368435 0)
(-0.0113716 0.367556 0)
(-0.00802581 0.366964 0)
(-0.004858 0.367069 0)
(-0.00166815 0.350159 0)
(-0.453108 0.224744 0)
(-0.436645 0.249457 0)
(-0.418675 0.272253 0)
(-0.399489 0.292974 0)
(-0.379421 0.311524 0)
(-0.358792 0.327875 0)
(-0.337907 0.34206 0)
(-0.317043 0.354159 0)
(-0.296437 0.364295 0)
(-0.276292 0.372612 0)
(-0.256768 0.379273 0)
(-0.23799 0.384449 0)
(-0.220048 0.388311 0)
(-0.203002 0.391026 0)
(-0.186887 0.392751 0)
(-0.171717 0.393635 0)
(-0.157488 0.393811 0)
(-0.144181 0.393401 0)
(-0.131773 0.392516 0)
(-0.120227 0.391254 0)
(-0.1095 0.389698 0)
(-0.0995489 0.387924 0)
(-0.0903273 0.385996 0)
(-0.0817871 0.383971 0)
(-0.0738789 0.381897 0)
(-0.066557 0.379816 0)
(-0.0597733 0.377762 0)
(-0.0534825 0.375766 0)
(-0.0476408 0.373852 0)
(-0.0422032 0.372041 0)
(-0.0371302 0.370352 0)
(-0.0323816 0.3688 0)
(-0.0279183 0.367396 0)
(-0.0237036 0.36615 0)
(-0.0197018 0.365072 0)
(-0.0158776 0.364166 0)
(-0.0122003 0.363439 0)
(-0.00861817 0.362971 0)
(-0.00519915 0.363239 0)
(-0.00176571 0.346171 0)
(-0.424166 0.207421 0)
(-0.409635 0.230306 0)
(-0.393811 0.251585 0)
(-0.376916 0.271128 0)
(-0.359213 0.288844 0)
(-0.340958 0.304697 0)
(-0.322398 0.318696 0)
(-0.303763 0.330891 0)
(-0.285255 0.341364 0)
(-0.267051 0.350221 0)
(-0.249296 0.357585 0)
(-0.232109 0.36359 0)
(-0.215578 0.368372 0)
(-0.199769 0.372066 0)
(-0.184725 0.374806 0)
(-0.170471 0.376718 0)
(-0.157016 0.377917 0)
(-0.144355 0.378513 0)
(-0.132474 0.378603 0)
(-0.121351 0.378278 0)
(-0.110955 0.377616 0)
(-0.101255 0.376689 0)
(-0.0922131 0.375558 0)
(-0.0837912 0.374278 0)
(-0.0759485 0.372897 0)
(-0.0686462 0.371457 0)
(-0.0618429 0.369992 0)
(-0.0554989 0.368535 0)
(-0.0495757 0.367112 0)
(-0.0440329 0.365744 0)
(-0.0388341 0.364452 0)
(-0.0339427 0.363252 0)
(-0.0293227 0.362157 0)
(-0.0249396 0.361179 0)
(-0.0207599 0.360326 0)
(-0.0167504 0.359608 0)
(-0.0128812 0.359029 0)
(-0.00910528 0.358682 0)
(-0.00547751 0.359096 0)
(-0.00184344 0.341916 0)
(-0.397109 0.191918 0)
(-0.384223 0.213227 0)
(-0.370222 0.233175 0)
(-0.355277 0.251654 0)
(-0.339599 0.268583 0)
(-0.323391 0.283922 0)
(-0.306855 0.297665 0)
(-0.290181 0.309842 0)
(-0.273542 0.320507 0)
(-0.257089 0.329738 0)
(-0.240953 0.337626 0)
(-0.225242 0.344274 0)
(-0.210043 0.349791 0)
(-0.19542 0.354288 0)
(-0.181422 0.357875 0)
(-0.16808 0.360657 0)
(-0.155411 0.362736 0)
(-0.14342 0.364206 0)
(-0.132104 0.365155 0)
(-0.121448 0.365663 0)
(-0.111434 0.365803 0)
(-0.102038 0.365642 0)
(-0.0932328 0.365236 0)
(-0.0849871 0.36464 0)
(-0.0772677 0.363899 0)
(-0.0700429 0.363054 0)
(-0.0632769 0.36214 0)
(-0.0569345 0.36119 0)
(-0.0509844 0.360229 0)
(-0.0453894 0.359281 0)
(-0.0401155 0.358366 0)
(-0.0351306 0.357502 0)
(-0.0304019 0.356703 0)
(-0.0258969 0.355981 0)
(-0.0215846 0.355346 0)
(-0.0174337 0.354808 0)
(-0.0134163 0.354372 0)
(-0.00948906 0.354141 0)
(-0.00569434 0.354685 0)
(-0.00190133 0.337439 0)
(-0.37167 0.177989 0)
(-0.360201 0.19793 0)
(-0.347766 0.216706 0)
(-0.334498 0.234227 0)
(-0.320565 0.250422 0)
(-0.306134 0.265248 0)
(-0.291368 0.278696 0)
(-0.276426 0.290776 0)
(-0.261453 0.301527 0)
(-0.24658 0.311003 0)
(-0.231921 0.319272 0)
(-0.217576 0.326414 0)
(-0.203623 0.332514 0)
(-0.190128 0.337663 0)
(-0.17714 0.341951 0)
(-0.164692 0.345467 0)
(-0.152808 0.348296 0)
(-0.141501 0.350522 0)
(-0.130771 0.352221 0)
(-0.120615 0.353465 0)
(-0.111021 0.35432 0)
(-0.101973 0.354845 0)
(-0.0934501 0.355097 0)
(-0.0854292 0.355124 0)
(-0.0778824 0.354969 0)
(-0.0707852 0.354673 0)
(-0.0641076 0.354271 0)
(-0.0578177 0.353791 0)
(-0.0518898 0.353264 0)
(-0.0462902 0.35271 0)
(-0.0409891 0.352151 0)
(-0.0359576 0.351605 0)
(-0.0311655 0.351086 0)
(-0.0265832 0.350608 0)
(-0.0221819 0.350181 0)
(-0.0179323 0.349814 0)
(-0.0138085 0.349515 0)
(-0.00977164 0.349394 0)
(-0.00585146 0.350052 0)
(-0.00194037 0.332784 0)
(-0.347632 0.165436 0)
(-0.337395 0.184183 0)
(-0.326317 0.201923 0)
(-0.314502 0.218582 0)
(-0.302088 0.234096 0)
(-0.289208 0.248425 0)
(-0.275999 0.261554 0)
(-0.26259 0.273486 0)
(-0.249106 0.284245 0)
(-0.235658 0.293867 0)
(-0.222347 0.302406 0)
(-0.20926 0.30992 0)
(-0.196472 0.316479 0)
(-0.184043 0.322154 0)
(-0.172021 0.327018 0)
(-0.160442 0.331148 0)
(-0.149333 0.334614 0)
(-0.13871 0.337489 0)
(-0.12858 0.339839 0)
(-0.118945 0.341728 0)
(-0.109798 0.343215 0)
(-0.101131 0.344354 0)
(-0.092928 0.345196 0)
(-0.0851721 0.345787 0)
(-0.0778413 0.346167 0)
(-0.0709154 0.346373 0)
(-0.0643699 0.346441 0)
(-0.0581775 0.346398 0)
(-0.052316 0.346272 0)
(-0.046757 0.346086 0)
(-0.0414723 0.34586 0)
(-0.0364378 0.345612 0)
(-0.0316255 0.345358 0)
(-0.0270079 0.34511 0)
(-0.0225591 0.344879 0)
(-0.0182522 0.344675 0)
(-0.0140627 0.344505 0)
(-0.00995605 0.344488 0)
(-0.00595038 0.345245 0)
(-0.0019608 0.327996 0)
(-0.32481 0.154098 0)
(-0.315655 0.171798 0)
(-0.305764 0.188619 0)
(-0.29522 0.204501 0)
(-0.284136 0.219387 0)
(-0.27262 0.233241 0)
(-0.260786 0.246043 0)
(-0.248741 0.257792 0)
(-0.23659 0.268502 0)
(-0.22443 0.278198 0)
(-0.212348 0.286918 0)
(-0.200421 0.294708 0)
(-0.188716 0.301621 0)
(-0.17729 0.307716 0)
(-0.166189 0.313052 0)
(-0.155449 0.317692 0)
(-0.145097 0.321696 0)
(-0.135152 0.325125 0)
(-0.125626 0.328037 0)
(-0.116523 0.330488 0)
(-0.107844 0.332531 0)
(-0.0995823 0.334214 0)
(-0.0917288 0.335583 0)
(-0.0842707 0.336679 0)
(-0.0771918 0.337543 0)
(-0.0704748 0.338206 0)
(-0.0641001 0.338704 0)
(-0.0580454 0.339062 0)
(-0.0522908 0.339306 0)
(-0.0468125 0.339461 0)
(-0.0415851 0.339544 0)
(-0.0365876 0.339574 0)
(-0.0317951 0.339566 0)
(-0.027182 0.339534 0)
(-0.0227253 0.339487 0)
(-0.0184002 0.339436 0)
(-0.0141839 0.339388 0)
(-0.0100458 0.339468 0)
(-0.00599354 0.340307 0)
(-0.00196387 0.323117 0)
(-0.303051 0.143844 0)
(-0.294854 0.160621 0)
(-0.28601 0.176624 0)
(-0.276586 0.191805 0)
(-0.266674 0.206113 0)
(-0.256365 0.219516 0)
(-0.245752 0.231993 0)
(-0.234926 0.243538 0)
(-0.223974 0.254159 0)
(-0.21298 0.263872 0)
(-0.202019 0.272705 0)
(-0.19116 0.280693 0)
(-0.180463 0.287877 0)
(-0.169979 0.294304 0)
(-0.159751 0.300022 0)
(-0.149815 0.305083 0)
(-0.140198 0.309538 0)
(-0.13092 0.313437 0)
(-0.121995 0.316832 0)
(-0.113432 0.319771 0)
(-0.105232 0.322299 0)
(-0.097394 0.324461 0)
(-0.0899128 0.326297 0)
(-0.0827791 0.327846 0)
(-0.0759812 0.329143 0)
(-0.0695053 0.33022 0)
(-0.0633353 0.331107 0)
(-0.0574537 0.331831 0)
(-0.0518422 0.332415 0)
(-0.0464809 0.332882 0)
(-0.0413485 0.333251 0)
(-0.0364251 0.333538 0)
(-0.0316891 0.333759 0)
(-0.027118 0.333927 0)
(-0.0226906 0.334052 0)
(-0.0183841 0.334143 0)
(-0.014178 0.33421 0)
(-0.010045 0.334379 0)
(-0.00598374 0.335285 0)
(-0.00195083 0.318191 0)
(-0.282226 0.134564 0)
(-0.274883 0.150523 0)
(-0.266968 0.165796 0)
(-0.258537 0.180344 0)
(-0.249667 0.194122 0)
(-0.240432 0.2071 0)
(-0.23091 0.219258 0)
(-0.221176 0.230588 0)
(-0.211307 0.241092 0)
(-0.201372 0.250781 0)
(-0.191437 0.259675 0)
(-0.181562 0.267799 0)
(-0.171801 0.275186 0)
(-0.1622 0.281872 0)
(-0.152799 0.287897 0)
(-0.143632 0.293302 0)
(-0.134725 0.298132 0)
(-0.126098 0.302429 0)
(-0.117768 0.306235 0)
(-0.109744 0.309593 0)
(-0.10203 0.312544 0)
(-0.0946289 0.315125 0)
(-0.0875372 0.317374 0)
(-0.0807493 0.319324 0)
(-0.0742567 0.321009 0)
(-0.0680489 0.322457 0)
(-0.0621131 0.323696 0)
(-0.0564349 0.324751 0)
(-0.0509986 0.325644 0)
(-0.0457875 0.326397 0)
(-0.0407835 0.327027 0)
(-0.0359686 0.32755 0)
(-0.0313236 0.327982 0)
(-0.0268292 0.328335 0)
(-0.0224657 0.328619 0)
(-0.0182129 0.328842 0)
(-0.0140518 0.329014 0)
(-0.00995852 0.329265 0)
(-0.00592346 0.330224 0)
(-0.00192199 0.313259 0)
(-0.262222 0.126167 0)
(-0.255644 0.141397 0)
(-0.248561 0.156017 0)
(-0.241019 0.169992 0)
(-0.233079 0.183284 0)
(-0.224805 0.195865 0)
(-0.216263 0.207716 0)
(-0.207515 0.218826 0)
(-0.198626 0.229195 0)
(-0.189656 0.23883 0)
(-0.180662 0.247743 0)
(-0.171696 0.255954 0)
(-0.162805 0.263487 0)
(-0.154032 0.270372 0)
(-0.145412 0.276641 0)
(-0.136978 0.282327 0)
(-0.128754 0.287467 0)
(-0.120762 0.292096 0)
(-0.113016 0.296252 0)
(-0.105527 0.29997 0)
(-0.0983027 0.303285 0)
(-0.0913459 0.306231 0)
(-0.0846563 0.308842 0)
(-0.0782307 0.311147 0)
(-0.0720634 0.313175 0)
(-0.0661463 0.314954 0)
(-0.0604696 0.316508 0)
(-0.0550214 0.317861 0)
(-0.0497889 0.319034 0)
(-0.0447576 0.320046 0)
(-0.0399123 0.320914 0)
(-0.035237 0.321653 0)
(-0.030715 0.322278 0)
(-0.0263292 0.3228 0)
(-0.0220621 0.32323 0)
(-0.0178957 0.323575 0)
(-0.0138122 0.323844 0)
(-0.00979101 0.324169 0)
(-0.00581575 0.325167 0)
(-0.00187875 0.308362 0)
(-0.242942 0.118574 0)
(-0.237056 0.133155 0)
(-0.230722 0.147189 0)
(-0.223977 0.160646 0)
(-0.216875 0.173492 0)
(-0.209468 0.185702 0)
(-0.201809 0.197259 0)
(-0.193955 0.208151 0)
(-0.185958 0.218374 0)
(-0.17787 0.227932 0)
(-0.169741 0.236833 0)
(-0.161615 0.245093 0)
(-0.153535 0.252728 0)
(-0.145538 0.259763 0)
(-0.137658 0.266223 0)
(-0.129922 0.272135 0)
(-0.122355 0.277529 0)
(-0.114977 0.282435 0)
(-0.107802 0.286885 0)
(-0.100843 0.290909 0)
(-0.0941073 0.294537 0)
(-0.0875993 0.2978 0)
(-0.0813207 0.300726 0)
(-0.0752702 0.303341 0)
(-0.0694441 0.305673 0)
(-0.0638367 0.307745 0)
(-0.0584403 0.309581 0)
(-0.0532455 0.311201 0)
(-0.0482416 0.312624 0)
(-0.0434165 0.31387 0)
(-0.0387571 0.314952 0)
(-0.0342498 0.315887 0)
(-0.0298798 0.316687 0)
(-0.0256322 0.317364 0)
(-0.0214915 0.317926 0)
(-0.0174415 0.318383 0)
(-0.0134663 0.318741 0)
(-0.00954773 0.319133 0)
(-0.0056632 0.320155 0)
(-0.00182161 0.303538 0)
(-0.224302 0.111718 0)
(-0.219044 0.125719 0)
(-0.213389 0.139226 0)
(-0.207366 0.152214 0)
(-0.201022 0.164653 0)
(-0.194399 0.17652 0)
(-0.187544 0.187797 0)
(-0.180503 0.198474 0)
(-0.173321 0.208546 0)
(-0.166043 0.218013 0)
(-0.158711 0.22688 0)
(-0.151366 0.235157 0)
(-0.144042 0.242859 0)
(-0.136775 0.250003 0)
(-0.129593 0.256609 0)
(-0.122522 0.2627 0)
(-0.115586 0.268301 0)
(-0.108801 0.273437 0)
(-0.102185 0.278133 0)
(-0.095747 0.282416 0)
(-0.0894968 0.286312 0)
(-0.0834394 0.289847 0)
(-0.0775776 0.293045 0)
(-0.0719116 0.295932 0)
(-0.0664396 0.29853 0)
(-0.0611574 0.300861 0)
(-0.0560593 0.302945 0)
(-0.051138 0.304802 0)
(-0.0463845 0.30645 0)
(-0.0417889 0.307904 0)
(-0.0373401 0.30918 0)
(-0.0330262 0.310291 0)
(-0.0288347 0.311249 0)
(-0.0247524 0.312065 0)
(-0.0207655 0.312748 0)
(-0.01686 0.313305 0)
(-0.0130215 0.313745 0)
(-0.009234 0.314195 0)
(-0.00546877 0.315228 0)
(-0.00175125 0.298827 0)
(-0.206226 0.105544 0)
(-0.201543 0.119026 0)
(-0.196506 0.132059 0)
(-0.191141 0.144623 0)
(-0.185487 0.156689 0)
(-0.179579 0.168238 0)
(-0.173457 0.179253 0)
(-0.16716 0.189722 0)
(-0.160727 0.19964 0)
(-0.154196 0.209006 0)
(-0.147603 0.217821 0)
(-0.140983 0.226093 0)
(-0.134367 0.233833 0)
(-0.127786 0.241053 0)
(-0.121265 0.24777 0)
(-0.114829 0.254002 0)
(-0.108497 0.259769 0)
(-0.102288 0.265092 0)
(-0.0962142 0.269993 0)
(-0.0902885 0.274494 0)
(-0.084519 0.278617 0)
(-0.0789117 0.282384 0)
(-0.0734702 0.285818 0)
(-0.0681958 0.28894 0)
(-0.0630878 0.29177 0)
(-0.0581436 0.294327 0)
(-0.0533591 0.29663 0)
(-0.0487285 0.298697 0)
(-0.0442445 0.300542 0)
(-0.039899 0.302183 0)
(-0.0356826 0.303631 0)
(-0.0315852 0.304899 0)
(-0.027596 0.305999 0)
(-0.0237036 0.306941 0)
(-0.0198959 0.307732 0)
(-0.0161605 0.30838 0)
(-0.0124849 0.308893 0)
(-0.0088549 0.309394 0)
(-0.00523596 0.310424 0)
(-0.00166905 0.294265 0)
(-0.188647 0.100003 0)
(-0.184492 0.11302 0)
(-0.180022 0.125628 0)
(-0.175261 0.137807 0)
(-0.170238 0.149535 0)
(-0.164986 0.16079 0)
(-0.159538 0.171559 0)
(-0.153926 0.181829 0)
(-0.148184 0.191596 0)
(-0.142344 0.200854 0)
(-0.136438 0.209606 0)
(-0.130495 0.217856 0)
(-0.124544 0.22561 0)
(-0.118609 0.232881 0)
(-0.112716 0.239679 0)
(-0.106885 0.246019 0)
(-0.101134 0.251918 0)
(-0.0954797 0.257393 0)
(-0.0899352 0.262462 0)
(-0.0845115 0.267144 0)
(-0.079217 0.271458 0)
(-0.0740579 0.275424 0)
(-0.0690383 0.279059 0)
(-0.0641603 0.282383 0)
(-0.0594242 0.285413 0)
(-0.0548286 0.288167 0)
(-0.0503704 0.290662 0)
(-0.0460452 0.292912 0)
(-0.0418473 0.294933 0)
(-0.03777 0.296737 0)
(-0.0338054 0.298338 0)
(-0.0299451 0.299746 0)
(-0.0261799 0.300973 0)
(-0.0224997 0.302026 0)
(-0.0188943 0.302914 0)
(-0.0153526 0.303644 0)
(-0.0118637 0.304222 0)
(-0.00841552 0.304766 0)
(-0.00496803 0.305783 0)
(-0.00157624 0.289884 0)
(-0.171504 0.0950536 0)
(-0.167837 0.107655 0)
(-0.163892 0.119881 0)
(-0.159686 0.131714 0)
(-0.155246 0.143132 0)
(-0.150599 0.154118 0)
(-0.145773 0.164658 0)
(-0.140795 0.17474 0)
(-0.135694 0.184358 0)
(-0.130497 0.193508 0)
(-0.125232 0.202188 0)
(-0.119924 0.210402 0)
(-0.114598 0.218155 0)
(-0.109276 0.225454 0)
(-0.103979 0.232308 0)
(-0.0987265 0.23873 0)
(-0.0935341 0.244733 0)
(-0.0884168 0.250329 0)
(-0.0833871 0.255536 0)
(-0.0784552 0.260368 0)
(-0.0736292 0.264842 0)
(-0.0689154 0.268974 0)
(-0.064318 0.27278 0)
(-0.0598398 0.276277 0)
(-0.0554816 0.27948 0)
(-0.051243 0.282404 0)
(-0.0471217 0.285064 0)
(-0.0431147 0.287475 0)
(-0.0392172 0.289648 0)
(-0.0354239 0.291597 0)
(-0.0317285 0.293332 0)
(-0.0281237 0.294864 0)
(-0.0246018 0.296202 0)
(-0.0211542 0.297354 0)
(-0.0177718 0.298328 0)
(-0.0144452 0.29913 0)
(-0.011165 0.299766 0)
(-0.00792089 0.300347 0)
(-0.00466798 0.301339 0)
(-0.00147377 0.285718 0)
(-0.154741 0.0906622 0)
(-0.15153 0.102893 0)
(-0.148071 0.114776 0)
(-0.144381 0.126297 0)
(-0.140482 0.137435 0)
(-0.136396 0.148175 0)
(-0.132148 0.158503 0)
(-0.12776 0.168408 0)
(-0.123256 0.177883 0)
(-0.118661 0.186924 0)
(-0.113998 0.195529 0)
(-0.109288 0.203698 0)
(-0.104552 0.211435 0)
(-0.0998114 0.218746 0)
(-0.0950832 0.225638 0)
(-0.0903844 0.232119 0)
(-0.0857299 0.2382 0)
(-0.0811328 0.243893 0)
(-0.0766044 0.24921 0)
(-0.0721542 0.254165 0)
(-0.06779 0.258771 0)
(-0.0635179 0.263042 0)
(-0.0593421 0.266992 0)
(-0.0552657 0.270635 0)
(-0.05129 0.273985 0)
(-0.0474152 0.277056 0)
(-0.0436398 0.279859 0)
(-0.0399616 0.282408 0)
(-0.036377 0.284714 0)
(-0.0328818 0.286788 0)
(-0.0294708 0.28864 0)
(-0.026138 0.29028 0)
(-0.0228768 0.291716 0)
(-0.0196798 0.292955 0)
(-0.0165394 0.294005 0)
(-0.0134473 0.29487 0)
(-0.0103956 0.295558 0)
(-0.00737596 0.29617 0)
(-0.00433871 0.297126 0)
(-0.00136255 0.281796 0)
(-0.138308 0.0867997 0)
(-0.135522 0.0987003 0)
(-0.132519 0.110278 0)
(-0.129311 0.121518 0)
(-0.125917 0.132404 0)
(-0.122356 0.142919 0)
(-0.118647 0.153052 0)
(-0.114811 0.162792 0)
(-0.110869 0.172131 0)
(-0.106839 0.181066 0)
(-0.102742 0.189593 0)
(-0.0985975 0.197712 0)
(-0.0944228 0.205424 0)
(-0.0902353 0.212734 0)
(-0.086051 0.219646 0)
(-0.0818846 0.226168 0)
(-0.0777492 0.232308 0)
(-0.0736566 0.238076 0)
(-0.0696169 0.243481 0)
(-0.065639 0.248535 0)
(-0.0617299 0.253249 0)
(-0.0578954 0.257636 0)
(-0.05414 0.261706 0)
(-0.0504666 0.265472 0)
(-0.0468769 0.268947 0)
(-0.0433714 0.272141 0)
(-0.0399493 0.275066 0)
(-0.0366092 0.277734 0)
(-0.0333484 0.280154 0)
(-0.0301635 0.282336 0)
(-0.0270504 0.28429 0)
(-0.0240041 0.286023 0)
(-0.021019 0.287544 0)
(-0.018089 0.288859 0)
(-0.0152075 0.289975 0)
(-0.0123675 0.290895 0)
(-0.0095623 0.291628 0)
(-0.00678548 0.292265 0)
(-0.00398299 0.293176 0)
(-0.00124342 0.278148 0)
(-0.122154 0.0834429 0)
(-0.119772 0.095051 0)
(-0.117197 0.106357 0)
(-0.114443 0.117347 0)
(-0.111524 0.128005 0)
(-0.108456 0.138317 0)
(-0.105255 0.148272 0)
(-0.10194 0.157859 0)
(-0.0985255 0.167071 0)
(-0.0950303 0.175904 0)
(-0.0914706 0.184353 0)
(-0.0878628 0.192417 0)
(-0.0842223 0.200098 0)
(-0.0805641 0.207397 0)
(-0.0769019 0.214318 0)
(-0.0732484 0.220866 0)
(-0.0696154 0.227048 0)
(-0.0660131 0.232872 0)
(-0.0624507 0.238346 0)
(-0.058936 0.243479 0)
(-0.0554756 0.248281 0)
(-0.052075 0.252761 0)
(-0.0487383 0.256931 0)
(-0.0454684 0.260799 0)
(-0.0422672 0.264378 0)
(-0.0391355 0.267676 0)
(-0.0360731 0.270705 0)
(-0.0330789 0.273473 0)
(-0.0301513 0.275991 0)
(-0.0272875 0.278265 0)
(-0.0244841 0.280306 0)
(-0.0217372 0.282119 0)
(-0.019042 0.283713 0)
(-0.0163935 0.285093 0)
(-0.013786 0.286266 0)
(-0.011214 0.287234 0)
(-0.00867142 0.288005 0)
(-0.006154 0.288662 0)
(-0.00360346 0.289519 0)
(-0.00111717 0.274801 0)
(-0.106237 0.0805734 0)
(-0.104237 0.091924 0)
(-0.102069 0.10299 0)
(-0.0997447 0.113757 0)
(-0.0972753 0.124213 0)
(-0.0946741 0.134342 0)
(-0.0919549 0.144135 0)
(-0.0891321 0.153582 0)
(-0.0862198 0.162676 0)
(-0.0832326 0.171412 0)
(-0.0801844 0.179785 0)
(-0.0770892 0.187793 0)
(-0.0739603 0.195438 0)
(-0.0708103 0.202718 0)
(-0.0676511 0.209638 0)
(-0.0644937 0.216201 0)
(-0.0613482 0.222412 0)
(-0.0582236 0.228277 0)
(-0.055128 0.233803 0)
(-0.0520685 0.238998 0)
(-0.049051 0.243869 0)
(-0.0460804 0.248425 0)
(-0.0431606 0.252675 0)
(-0.0402944 0.256628 0)
(-0.0374837 0.260292 0)
(-0.0347295 0.263678 0)
(-0.0320321 0.266792 0)
(-0.0293909 0.269645 0)
(-0.0268046 0.272244 0)
(-0.0242712 0.274596 0)
(-0.021788 0.27671 0)
(-0.0193517 0.278591 0)
(-0.0169585 0.280247 0)
(-0.0146043 0.281683 0)
(-0.0122846 0.282904 0)
(-0.00999443 0.283914 0)
(-0.00772905 0.284717 0)
(-0.00548587 0.285388 0)
(-0.00320265 0.286185 0)
(-0.000984567 0.271779 0)
(-0.0905121 0.078178 0)
(-0.0888791 0.0893035 0)
(-0.0871011 0.100158 0)
(-0.0851867 0.11073 0)
(-0.0831459 0.121005 0)
(-0.0809896 0.130972 0)
(-0.0787292 0.14062 0)
(-0.0763763 0.14994 0)
(-0.0739431 0.158925 0)
(-0.0714414 0.16757 0)
(-0.0688832 0.17587 0)
(-0.06628 0.183823 0)
(-0.0636432 0.191428 0)
(-0.0609834 0.198686 0)
(-0.0583108 0.205597 0)
(-0.0556347 0.212165 0)
(-0.0529638 0.218394 0)
(-0.050306 0.224288 0)
(-0.0476682 0.229852 0)
(-0.0450568 0.235094 0)
(-0.0424768 0.240019 0)
(-0.0399328 0.244635 0)
(-0.0374282 0.248949 0)
(-0.0349657 0.252969 0)
(-0.0325471 0.256704 0)
(-0.0301737 0.260159 0)
(-0.0278459 0.263345 0)
(-0.0255635 0.266267 0)
(-0.0233256 0.268933 0)
(-0.0211306 0.27135 0)
(-0.0189766 0.273525 0)
(-0.0168609 0.275463 0)
(-0.0147805 0.277171 0)
(-0.0127321 0.278653 0)
(-0.0107121 0.279915 0)
(-0.00871641 0.280958 0)
(-0.00674098 0.28179 0)
(-0.00478525 0.282471 0)
(-0.00278296 0.2832 0)
(-0.000846315 0.269109 0)
(-0.0749397 0.0762475 0)
(-0.0736615 0.087178 0)
(-0.0722589 0.0978494 0)
(-0.070739 0.10825 0)
(-0.06911 0.118367 0)
(-0.0673806 0.128189 0)
(-0.0655602 0.137708 0)
(-0.0636585 0.146914 0)
(-0.0616854 0.1558 0)
(-0.0596507 0.164361 0)
(-0.0575643 0.172593 0)
(-0.0554359 0.180492 0)
(-0.0532749 0.188058 0)
(-0.0510901 0.195289 0)
(-0.0488902 0.202186 0)
(-0.046683 0.208752 0)
(-0.0444759 0.21499 0)
(-0.0422755 0.220902 0)
(-0.0400879 0.226493 0)
(-0.0379183 0.231768 0)
(-0.0357714 0.236734 0)
(-0.0336509 0.241396 0)
(-0.03156 0.24576 0)
(-0.0295012 0.249834 0)
(-0.0274763 0.253623 0)
(-0.0254864 0.257136 0)
(-0.0235322 0.260377 0)
(-0.0216137 0.263356 0)
(-0.0197302 0.266076 0)
(-0.0178808 0.268546 0)
(-0.0160639 0.270771 0)
(-0.0142776 0.272755 0)
(-0.0125194 0.274506 0)
(-0.0107869 0.276026 0)
(-0.00907718 0.277321 0)
(-0.00738693 0.278393 0)
(-0.00571275 0.279246 0)
(-0.00405615 0.279935 0)
(-0.00234679 0.280588 0)
(-0.000703141 0.26681 0)
(-0.0594821 0.0747797 0)
(-0.0585497 0.0855431 0)
(-0.0575118 0.0960566 0)
(-0.0563742 0.106309 0)
(-0.0551434 0.116288 0)
(-0.0538267 0.125985 0)
(-0.0524314 0.13539 0)
(-0.0509656 0.144495 0)
(-0.0494372 0.153292 0)
(-0.0478544 0.161778 0)
(-0.0462251 0.169946 0)
(-0.0445574 0.177794 0)
(-0.0428588 0.18532 0)
(-0.0411366 0.192524 0)
(-0.0393981 0.199404 0)
(-0.0376496 0.205962 0)
(-0.0358973 0.212201 0)
(-0.0341467 0.218122 0)
(-0.0324028 0.22373 0)
(-0.0306701 0.229029 0)
(-0.0289524 0.234024 0)
(-0.0272531 0.238719 0)
(-0.0255748 0.243121 0)
(-0.0239198 0.247235 0)
(-0.0222898 0.251066 0)
(-0.0206858 0.254622 0)
(-0.0191086 0.257908 0)
(-0.0175583 0.26093 0)
(-0.0160346 0.263693 0)
(-0.0145369 0.266204 0)
(-0.0130639 0.268468 0)
(-0.0116145 0.27049 0)
(-0.0101868 0.272274 0)
(-0.00877887 0.273824 0)
(-0.00738853 0.275145 0)
(-0.00601323 0.276239 0)
(-0.00465004 0.277111 0)
(-0.0033028 0.277802 0)
(-0.00189654 0.278375 0)
(-0.000555615 0.264906 0)
(-0.0440942 0.0737636 0)
(-0.0434997 0.0843851 0)
(-0.0428167 0.0947639 0)
(-0.0420504 0.104889 0)
(-0.0412059 0.114751 0)
(-0.0402891 0.124339 0)
(-0.039306 0.133646 0)
(-0.0382629 0.142662 0)
(-0.0371663 0.151382 0)
(-0.0360227 0.159799 0)
(-0.0348383 0.16791 0)
(-0.0336197 0.175711 0)
(-0.0323727 0.1832 0)
(-0.0311034 0.190375 0)
(-0.0298174 0.197235 0)
(-0.0285199 0.203782 0)
(-0.0272158 0.210016 0)
(-0.0259094 0.21594 0)
(-0.0246049 0.221557 0)
(-0.0233059 0.226871 0)
(-0.0220154 0.231884 0)
(-0.0207362 0.236603 0)
(-0.0194708 0.24103 0)
(-0.0182209 0.245173 0)
(-0.016988 0.249035 0)
(-0.0157731 0.252623 0)
(-0.0145769 0.255941 0)
(-0.0133997 0.258996 0)
(-0.0122414 0.261792 0)
(-0.0111015 0.264334 0)
(-0.00997958 0.266627 0)
(-0.0088746 0.268677 0)
(-0.00778541 0.270486 0)
(-0.00671059 0.27206 0)
(-0.00564853 0.273401 0)
(-0.00459736 0.274512 0)
(-0.00355457 0.275397 0)
(-0.00252654 0.276088 0)
(-0.00143416 0.276572 0)
(-0.000405266 0.26341 0)
(-0.0289123 0.0732572 0)
(-0.0286671 0.0837608 0)
(-0.0283469 0.0940279 0)
(-0.0279563 0.104048 0)
(-0.0274995 0.113812 0)
(-0.0269814 0.123309 0)
(-0.0264068 0.132533 0)
(-0.0257808 0.141475 0)
(-0.0251085 0.150128 0)
(-0.0243951 0.158488 0)
(-0.0236456 0.166549 0)
(-0.0228651 0.174307 0)
(-0.0220582 0.181761 0)
(-0.0212298 0.188908 0)
(-0.0203841 0.195747 0)
(-0.0195254 0.202279 0)
(-0.0186573 0.208505 0)
(-0.0177835 0.214426 0)
(-0.0169069 0.220044 0)
(-0.0160307 0.225363 0)
(-0.0151572 0.230386 0)
(-0.0142887 0.235117 0)
(-0.0134271 0.23956 0)
(-0.0125741 0.243719 0)
(-0.0117308 0.247601 0)
(-0.0108982 0.251208 0)
(-0.0100769 0.254548 0)
(-0.00926739 0.257623 0)
(-0.00846971 0.26044 0)
(-0.00768382 0.263003 0)
(-0.00690942 0.265316 0)
(-0.00614602 0.267384 0)
(-0.00539289 0.269211 0)
(-0.00464917 0.2708 0)
(-0.00391383 0.272154 0)
(-0.00318568 0.273277 0)
(-0.00246251 0.274171 0)
(-0.00175475 0.274859 0)
(-0.000972227 0.275257 0)
(-0.000251956 0.262367 0)
(-0.0114357 0.0732016 0)
(-0.0114607 0.0835925 0)
(-0.0114456 0.0937509 0)
(-0.0113921 0.103667 0)
(-0.0113016 0.113333 0)
(-0.0111761 0.122738 0)
(-0.0110177 0.131877 0)
(-0.0108286 0.140741 0)
(-0.0106114 0.149324 0)
(-0.0103684 0.15762 0)
(-0.0101024 0.165624 0)
(-0.00981574 0.173334 0)
(-0.00951108 0.180746 0)
(-0.00919084 0.187857 0)
(-0.00885739 0.194668 0)
(-0.00851295 0.201177 0)
(-0.00815963 0.207385 0)
(-0.00779938 0.213294 0)
(-0.00743401 0.218905 0)
(-0.00706516 0.22422 0)
(-0.00669434 0.229244 0)
(-0.00632288 0.233978 0)
(-0.00595193 0.238428 0)
(-0.00558248 0.242596 0)
(-0.00521535 0.246489 0)
(-0.00485121 0.250109 0)
(-0.00449059 0.253461 0)
(-0.00413387 0.256551 0)
(-0.0037813 0.259382 0)
(-0.00343302 0.261959 0)
(-0.00308904 0.264286 0)
(-0.00274926 0.266367 0)
(-0.00241348 0.268206 0)
(-0.00208141 0.269806 0)
(-0.00175267 0.271171 0)
(-0.00142688 0.272302 0)
(-0.00110187 0.273202 0)
(-0.000789034 0.27388 0)
(-0.000423765 0.274164 0)
(-9.49496e-05 0.261608 0)
)
;

boundaryField
{
    leftWall
    {
        type            fixedValue;
        value           nonuniform 0();
    }
    rightWall
    {
        type            fixedValue;
        value           uniform (0 0 0);
    }
    lowerWall
    {
        type            fixedValue;
        value           nonuniform 0();
    }
    atmosphere
    {
        type            pressureInletOutletVelocity;
        value           nonuniform List<vector> 
45
(
(-0.0108374 0.0231468 0)
(-0.0110197 0.0336157 0)
(-0.0111685 0.0436251 0)
(-0.0112879 0.0534715 0)
(-0.011376 0.0631502 0)
(-0.0114357 0.0732016 0)
(-0.0114607 0.0835925 0)
(-0.0114456 0.0937509 0)
(-0.0113921 0.103667 0)
(-0.0113016 0.113333 0)
(-0.0111761 0.122738 0)
(-0.0110177 0.131877 0)
(-0.0108286 0.140741 0)
(-0.0106114 0.149324 0)
(-0.0103684 0.15762 0)
(-0.0101024 0.165624 0)
(-0.00981574 0.173334 0)
(-0.00951108 0.180746 0)
(-0.00919084 0.187857 0)
(-0.00885739 0.194668 0)
(-0.00851295 0.201177 0)
(-0.00815963 0.207385 0)
(-0.00779938 0.213294 0)
(-0.00743401 0.218905 0)
(-0.00706516 0.22422 0)
(-0.00669434 0.229244 0)
(-0.00632288 0.233978 0)
(-0.00595193 0.238428 0)
(-0.00558248 0.242596 0)
(-0.00521535 0.246489 0)
(-0.00485121 0.250109 0)
(-0.00449059 0.253461 0)
(-0.00413387 0.256551 0)
(-0.0037813 0.259382 0)
(-0.00343302 0.261959 0)
(-0.00308904 0.264286 0)
(-0.00274926 0.266367 0)
(-0.00241348 0.268206 0)
(-0.00208141 0.269806 0)
(-0.00175267 0.271171 0)
(-0.00142688 0.272302 0)
(-0.00110187 0.273202 0)
(-0.000789034 0.27388 0)
(-0.000423765 0.274164 0)
(-9.49496e-05 0.261608 0)
)
;
    }
    defaultFaces
    {
        type            empty;
    }
    procBoundary3to1
    {
        type            processor;
        value           nonuniform List<vector> 
45
(
(0.186907 -0.494367 0)
(0.179888 0.685533 0)
(0.166783 1.94171 0)
(0.377887 2.94887 0)
(0.455538 3.20268 0)
(0.454817 3.09199 0)
(0.484241 2.76566 0)
(0.689228 2.48122 0)
(1.05732 1.72488 0)
(0.973137 1.21104 0)
(0.718579 1.10182 0)
(0.561403 1.0564 0)
(0.468977 0.995296 0)
(0.408425 0.932623 0)
(0.365692 0.873699 0)
(0.333165 0.819047 0)
(0.306835 0.768828 0)
(0.284446 0.723004 0)
(0.264697 0.681398 0)
(0.246836 0.643758 0)
(0.230412 0.609792 0)
(0.215146 0.579196 0)
(0.200852 0.551668 0)
(0.187399 0.526918 0)
(0.17469 0.504673 0)
(0.162649 0.484686 0)
(0.151212 0.466727 0)
(0.140326 0.450593 0)
(0.129943 0.436102 0)
(0.120018 0.423096 0)
(0.11051 0.411431 0)
(0.10138 0.400986 0)
(0.0925929 0.391654 0)
(0.0841142 0.383338 0)
(0.0759115 0.37596 0)
(0.0679548 0.369447 0)
(0.0602155 0.363742 0)
(0.0526661 0.35879 0)
(0.0452808 0.354549 0)
(0.0380352 0.35098 0)
(0.0309062 0.348055 0)
(0.023872 0.345748 0)
(0.0169041 0.34404 0)
(0.0100094 0.342747 0)
(0.00314883 0.330571 0)
)
;
    }
    procBoundary3to2
    {
        type            processor;
        value           nonuniform List<vector> 
43
(
(-0.660495 -1.638 0)
(-1.1553 -1.63958 0)
(-1.5782 -1.49162 0)
(-1.7585 -1.17402 0)
(-1.73783 -0.806116 0)
(-1.62432 -0.513513 0)
(-1.48689 -0.308946 0)
(-1.34923 -0.170186 0)
(-1.22327 -0.0771594 0)
(-1.11079 -0.0155147 0)
(-1.01216 0.0244423 0)
(-0.926069 0.0498586 0)
(-0.850682 0.0652949 0)
(-0.784346 0.0739595 0)
(-0.725511 0.0780029 0)
(-0.672911 0.0789133 0)
(-0.625506 0.0777148 0)
(-0.582452 0.0751179 0)
(-0.543063 0.0716189 0)
(-0.50678 0.0675692 0)
(-0.473147 0.063217 0)
(-0.441787 0.0587409 0)
(-0.412394 0.0542696 0)
(-0.384713 0.0498935 0)
(-0.358532 0.0456759 0)
(-0.333673 0.0416574 0)
(-0.309973 0.0378664 0)
(-0.287303 0.0343234 0)
(-0.265549 0.0310372 0)
(-0.244606 0.0280115 0)
(-0.224383 0.0252468 0)
(-0.204797 0.0227403 0)
(-0.185768 0.0204884 0)
(-0.167223 0.0184898 0)
(-0.149099 0.0167409 0)
(-0.131328 0.0152391 0)
(-0.113854 0.0139826 0)
(-0.0966101 0.0129746 0)
(-0.0795425 0.0122231 0)
(-0.062594 0.0117392 0)
(-0.045706 0.0115334 0)
(-0.0288752 0.0116857 0)
(-0.010623 0.0122093 0)
)
;
    }
}


// ************************************************************************* //
