/*--------------------------------*- C++ -*----------------------------------*\
| =========                 |                                                 |
| \\      /  F ield         | OpenFOAM: The Open Source CFD Toolbox           |
|  \\    /   O peration     | Version:  3.0.1                                 |
|   \\  /    A nd           | Web:      www.OpenFOAM.org                      |
|    \\/     M anipulation  |                                                 |
\*---------------------------------------------------------------------------*/
FoamFile
{
    version     2.0;
    format      ascii;
    class       surfaceScalarField;
    location    "0.25";
    object      alphaPhi;
}
// * * * * * * * * * * * * * * * * * * * * * * * * * * * * * * * * * * * * * //

dimensions      [0 3 -1 0 0 0 0];

internalField   nonuniform List<scalar> 
3782
(
-1.41581e-13
2.47711e-13
-5.92565e-13
4.26579e-13
-2.20549e-12
6.11149e-13
-2.61702e-12
1.32635e-12
-1.86024e-12
2.78884e-12
-2.55278e-12
6.49945e-12
-1.88274e-11
3.0367e-11
-5.89205e-11
1.35382e-10
-6.66429e-10
7.88654e-10
-2.10363e-09
4.00758e-09
-9.50065e-10
4.68842e-09
-5.65882e-09
5.85534e-09
-9.24848e-09
1.20379e-08
-2.62061e-08
3.17945e-08
-4.35762e-08
1.97235e-08
-4.94083e-08
1.24783e-08
-5.64186e-08
6.87132e-09
-4.73588e-08
-2.73713e-09
-3.10942e-08
4.35769e-09
-2.63484e-08
2.1307e-08
-8.4089e-09
-8.10456e-09
-1.22926e-09
-7.42862e-09
-9.1822e-11
-1.42777e-09
-5.03607e-12
-1.09579e-10
-2.11192e-13
-5.79838e-12
-5.08213e-15
-2.42993e-13
-3.86917e-16
-7.35442e-15
-4.10194e-17
-1.31431e-15
-2.68483e-18
-4.62162e-16
-1.24669e-19
-4.56748e-17
-5.06018e-21
-2.65098e-18
-1.8393e-22
-1.2879e-19
-6.02857e-24
-5.49327e-21
-1.78124e-25
-2.08811e-22
-4.72807e-27
-7.0927e-24
-1.12147e-28
-2.14665e-25
-2.37028e-30
-5.75269e-27
-4.28099e-32
-1.36403e-28
-6.26223e-34
-2.75533e-30
-6.7382e-36
-4.47561e-32
-4.29858e-38
-5.30356e-34
-5.67219e-41
-3.6824e-36
-5.1954e-39
2.41542e-13
-1.03045e-13
2.74635e-13
-4.58327e-14
7.51343e-12
-7.78226e-12
-8.07814e-12
1.9515e-07
3.41802e-13
-1.49465e-13
6.27754e-13
-2.33494e-13
4.1017e-11
-4.6989e-11
-9.17337e-11
1.4127e-10
7.81785e-13
-4.36608e-13
3.89962e-12
-9.84724e-13
5.05928e-10
-5.4051e-10
-8.4859e-10
1.38195e-09
2.50795e-12
-9.947e-13
1.12193e-11
-3.76899e-12
4.24489e-09
-4.79144e-09
-1.57453e-08
2.0153e-08
1.01057e-11
-6.93214e-12
5.27467e-11
-3.46295e-11
2.48536e-07
-1.51672e-07
-5.7982e-08
4.89987e-07
5.33344e-11
-4.6354e-11
2.60462e-10
-2.07557e-10
2.99311e-07
-3.74561e-08
-1.10668e-09
5.19817e-07
3.61973e-10
-3.54259e-10
1.67169e-09
-1.37732e-09
8.48172e-08
-1.23379e-09
5.02014e-08
1.41276e-07
1.7941e-09
-3.54668e-09
5.66514e-09
1.00294e-09
1.42541e-08
-2.01277e-09
1.5641e-06
5.95094e-07
8.44008e-09
-8.2499e-09
1.28408e-08
5.03632e-09
3.19518e-08
-6.97753e-09
2.99546e-06
2.08327e-06
1.65325e-08
-2.80043e-09
3.89763e-08
-3.81059e-08
1.34287e-08
-4.11799e-10
3.33139e-06
2.28234e-06
2.58277e-08
-2.08349e-08
1.43335e-07
-2.52399e-08
1.188e-07
7.86883e-09
7.38854e-07
6.20263e-07
5.91442e-08
-5.23736e-09
1.79747e-07
-6.01453e-09
1.06215e-07
3.73506e-08
7.57249e-08
7.74076e-07
2.90139e-08
-1.73934e-08
9.68526e-08
3.47732e-10
8.50858e-08
2.96848e-08
3.25469e-08
1.2741e-07
6.89693e-08
-6.59798e-08
4.59007e-08
1.45412e-10
4.33218e-08
3.04469e-08
3.67348e-08
3.86461e-08
5.69716e-08
-7.50804e-08
3.10182e-08
3.93726e-09
3.12428e-08
3.09658e-08
4.34519e-08
2.30237e-08
4.52013e-08
-7.93943e-08
5.04232e-08
3.26907e-09
5.31511e-08
2.55764e-08
8.28006e-06
9.7185e-06
2.9738e-08
-8.25395e-08
5.07343e-08
-5.14603e-09
5.00469e-08
2.69504e-08
4.00537e-05
1.28692e-05
2.15054e-08
-1.0357e-07
1.61217e-07
-5.49884e-08
3.92991e-06
2.53044e-06
3.98745e-05
5.73518e-06
2.12115e-08
-9.10615e-08
2.54594e-07
-1.95985e-07
-1.25303e-07
2.79883e-06
2.06059e-05
-2.0496e-06
9.81725e-08
-9.38329e-08
4.79163e-07
-3.23337e-07
-6.43779e-07
7.40667e-07
1.86715e-07
-6.0183e-06
-6.77783e-08
-4.24562e-08
-1.1507e-06
-1.64318e-07
-1.87508e-06
-1.22714e-07
-3.21771e-07
-2.31996e-06
-4.47539e-08
-6.64748e-09
-4.15477e-07
-2.90658e-08
-6.07115e-07
-5.86412e-08
-2.3029e-08
-5.95129e-07
-7.74283e-09
-4.69237e-10
-4.16662e-08
-1.82754e-09
-9.03887e-08
-4.8247e-09
-1.34117e-09
-8.21311e-08
-5.25341e-10
-2.50114e-11
-3.13877e-09
-9.62702e-11
-7.25293e-09
-2.33681e-10
-1.28872e-10
-5.95612e-09
-2.84832e-11
-1.20506e-12
-2.40893e-10
-5.07587e-12
-4.0808e-10
-9.49887e-12
-8.77143e-12
-3.12732e-10
-1.44105e-12
-4.60888e-14
-1.45909e-11
-2.3306e-13
-2.02995e-11
-3.14861e-13
-4.55428e-13
-1.56283e-11
-6.89766e-14
-1.15107e-15
-7.06712e-13
-6.2731e-15
-9.25327e-13
-6.60078e-15
-1.41126e-14
-9.87557e-13
-8.85016e-15
-1.25227e-16
-3.46546e-14
-1.77356e-16
-4.3982e-14
-5.32828e-17
2.58614e-16
-5.29043e-14
-1.09905e-15
-6.02373e-18
-1.9666e-15
-9.11582e-18
-4.25675e-15
-2.50734e-19
5.85853e-17
-5.70131e-15
-1.38702e-16
-3.13371e-19
-3.37337e-16
-5.37206e-19
-5.15648e-16
2.37083e-18
3.26411e-17
-8.22049e-16
-9.76862e-18
-1.3817e-20
-3.26547e-17
-2.46746e-20
-9.15437e-17
4.54713e-19
6.27009e-18
-1.77095e-16
-5.39851e-19
-5.41055e-22
-2.13467e-18
-9.64103e-22
-7.44147e-18
4.43508e-20
5.55538e-19
-1.93032e-17
-2.57533e-20
-1.90893e-23
-1.15561e-19
-3.26066e-23
-4.55701e-19
3.23047e-21
3.73883e-20
-1.37121e-18
-1.0937e-21
-6.08477e-25
-5.51453e-21
-9.3917e-25
-2.3922e-20
1.97632e-22
2.17819e-21
-7.97772e-20
-4.17463e-23
-1.7495e-26
-2.37137e-22
-2.14602e-26
-1.12549e-21
1.06309e-23
1.15054e-22
-4.10606e-21
-1.43345e-24
-4.51108e-28
-9.25264e-24
-3.08632e-28
-4.82471e-23
5.14738e-25
5.61855e-24
-1.92526e-22
-4.4107e-26
-1.04814e-29
-3.2771e-25
1.00218e-28
-1.89347e-24
2.26232e-26
2.55737e-25
-8.31191e-24
-1.22057e-27
-2.12112e-31
-1.04641e-26
1.49212e-29
-6.78656e-26
9.0849e-28
1.0892e-26
-3.30927e-25
-2.98037e-29
-3.56993e-33
-2.97513e-28
7.54465e-31
-2.20303e-27
3.32952e-29
4.34281e-28
-1.20919e-26
-6.11388e-31
-4.6453e-35
-7.34738e-30
2.72614e-32
-6.36213e-29
1.10614e-30
1.61654e-29
-4.00275e-28
-9.85572e-33
-4.01706e-37
-1.50244e-31
7.65538e-34
-1.57627e-30
3.28033e-32
5.57603e-31
-1.1668e-29
-1.08398e-34
-1.15617e-39
-2.30436e-33
1.66146e-35
-3.10891e-32
8.49696e-34
1.76567e-32
-2.82498e-31
-4.22006e-37
-1.5756e-35
-3.06938e-34
-3.69988e-33
7.73929e-07
-1.49067e-07
8.60438e-07
-9.75845e-08
2.31521e-07
9.11791e-08
1.78106e-09
9.75739e-08
2.91656e-08
6.32774e-08
3.69885e-08
3.64984e-08
2.1765e-08
4.38626e-08
1.22315e-08
6.32622e-08
1.36107e-07
6.995e-08
3.35511e-06
1.78765e-06
7.64787e-05
0.000102796
9.24471e-05
0.000124783
9.17173e-05
0.000120069
5.23265e-05
6.8221e-05
-2.34305e-06
1.07787e-05
-4.48295e-07
1.081e-06
-1.05428e-07
1.70793e-07
-1.83194e-08
3.62708e-08
-2.94628e-09
7.92633e-09
-4.99745e-10
1.45135e-09
-8.10487e-11
2.35438e-10
-1.18857e-11
3.47729e-11
-1.49472e-12
4.83448e-12
-1.08257e-13
6.70881e-13
9.69918e-15
1.09701e-13
4.06599e-15
2.00812e-14
9.5852e-16
5.33529e-15
5.35676e-16
1.20031e-15
1.41757e-16
3.46391e-16
3.5934e-17
9.66354e-17
5.72016e-18
1.711e-17
7.05122e-19
2.37609e-18
7.141e-20
2.75455e-19
5.97098e-21
2.69188e-20
4.04424e-22
2.19213e-21
2.13769e-23
1.45154e-22
8.27955e-25
7.51687e-24
2.08845e-26
2.85738e-25
2.55704e-28
7.089e-27
8.29454e-29
6.97544e-07
7.6954e-09
7.23298e-07
3.18907e-08
3.90442e-07
7.52931e-08
1.63018e-09
1.14196e-07
2.66933e-08
6.83402e-08
2.59637e-08
7.3838e-08
1.69934e-08
7.42432e-08
5.11321e-08
1.20998e-07
1.85045e-07
9.23345e-08
3.67511e-05
4.6273e-05
7.42721e-05
0.000130072
8.40294e-05
0.000116267
6.85781e-05
8.94515e-05
1.3349e-05
2.14314e-05
-1.76613e-06
1.71349e-06
-3.11623e-07
3.59995e-07
-4.75129e-08
7.83601e-08
-7.88565e-09
1.99133e-08
-1.40034e-09
4.16345e-09
-2.42724e-10
7.29249e-10
-3.90787e-11
1.16145e-10
-5.66984e-12
1.72359e-11
-6.63527e-13
2.45132e-12
-2.45619e-14
3.6622e-13
9.39125e-15
6.73156e-14
2.87561e-15
1.37767e-14
7.50074e-16
4.04144e-15
3.38514e-16
8.25572e-16
1.13061e-16
2.99582e-16
2.39393e-17
6.95821e-17
3.60272e-18
1.16141e-17
4.35914e-19
1.57926e-18
4.38201e-20
1.81349e-19
3.64786e-21
1.7613e-20
2.46109e-22
1.42661e-21
1.29561e-23
9.39738e-23
4.99663e-25
4.8417e-24
1.25467e-26
1.83137e-25
1.52853e-28
4.52167e-27
5.25782e-29
8.63248e-09
3.20391e-10
5.92671e-07
4.76781e-09
3.234e-07
5.35132e-08
9.1052e-09
1.05798e-07
2.05023e-08
7.68278e-08
2.07945e-08
1.04286e-07
4.12395e-08
1.34524e-07
3.14758e-07
3.93955e-07
1.58032e-05
1.70546e-05
7.83545e-05
0.000124695
8.80829e-05
9.19587e-05
6.33291e-05
8.69651e-05
2.36557e-05
2.82265e-05
-1.26637e-06
3.18137e-07
-4.87904e-07
2.59933e-07
-9.01081e-08
1.16086e-07
-1.5999e-08
3.53538e-08
-3.02546e-09
8.50588e-09
-5.75042e-10
1.71719e-09
-1.02207e-10
3.03788e-10
-1.65915e-11
4.92431e-11
-2.37064e-12
7.51762e-12
-2.35523e-13
1.13306e-12
6.70588e-15
1.93506e-13
7.442e-15
3.93405e-14
2.17435e-15
1.10245e-14
4.712e-16
2.54799e-15
2.28647e-16
6.08767e-16
7.6142e-17
2.19523e-16
1.44437e-17
4.55443e-17
2.08636e-18
7.27753e-18
2.48466e-19
9.71781e-19
2.47815e-20
1.10501e-19
2.05127e-21
1.06536e-20
1.37655e-22
8.57156e-22
7.2074e-24
5.60963e-23
2.76409e-25
2.87188e-24
6.90067e-27
1.07962e-25
8.35437e-29
2.64962e-27
3.05751e-29
7.70031e-09
1.66751e-08
3.8966e-08
-1.62957e-09
1.34928e-07
4.14796e-08
5.46425e-08
4.28683e-08
1.63446e-08
1.2207e-07
4.35455e-08
1.27891e-07
2.65274e-07
5.12574e-07
6.44487e-06
8.57341e-06
5.76952e-05
0.000100167
7.81515e-05
9.73987e-05
5.65028e-05
8.43197e-05
2.64796e-05
3.12122e-05
-3.32352e-07
-1.71086e-07
-2.55923e-07
-3.50833e-08
-6.0096e-08
3.55265e-08
-1.92943e-08
3.25341e-08
-4.43718e-09
1.05308e-08
-9.56e-10
2.64172e-09
-1.98504e-10
5.68062e-10
-3.70718e-11
1.06603e-10
-6.13667e-12
1.81614e-11
-8.36476e-13
2.93447e-12
-5.00997e-14
4.96182e-13
1.24351e-14
1.01106e-13
5.11115e-15
2.51408e-14
1.47332e-15
7.78578e-15
2.62544e-16
1.34877e-15
1.63853e-16
4.77963e-16
4.46594e-17
1.40638e-16
7.92683e-18
2.72265e-17
1.11478e-18
4.22533e-18
1.31063e-19
5.55806e-19
1.29641e-20
6.25631e-20
1.06559e-21
5.98021e-21
7.10244e-23
4.77268e-22
3.69334e-24
3.09899e-23
1.40666e-25
1.57448e-24
3.48722e-27
5.87552e-26
4.1906e-29
1.43169e-27
1.63727e-29
1.35615e-07
1.06849e-07
2.8547e-08
6.56166e-08
5.85961e-08
5.17506e-08
5.01335e-08
9.85754e-08
5.80147e-08
1.69877e-07
1.91699e-07
5.91639e-07
4.00503e-06
7.6303e-06
4.18623e-05
7.76239e-05
6.24445e-05
9.48887e-05
4.62609e-05
7.32589e-05
2.4258e-05
2.98558e-05
2.71419e-07
-5.87217e-07
-1.72939e-07
-1.44402e-07
-3.98411e-08
2.10244e-08
-8.59307e-09
9.31438e-09
-3.07774e-09
5.57289e-09
-9.9607e-10
2.41214e-09
-2.62869e-10
6.96535e-10
-6.01244e-11
1.63796e-10
-1.18345e-11
3.31494e-11
-1.97011e-12
6.05689e-12
-2.24913e-13
1.08636e-12
7.21162e-15
2.23624e-13
1.00199e-14
5.55776e-14
3.48246e-15
1.77072e-14
7.42738e-16
4.26348e-15
3.27318e-16
9.84881e-16
1.0633e-16
3.41177e-16
2.40795e-17
8.31804e-17
4.02765e-18
1.51368e-17
5.53168e-19
2.28893e-18
6.4208e-20
2.96666e-19
6.29122e-21
3.3021e-20
5.12703e-22
3.12486e-21
3.38893e-23
2.4702e-22
1.74775e-24
1.58923e-23
6.60201e-26
8.00287e-25
1.62322e-27
2.96109e-26
1.93382e-29
7.15595e-28
8.09884e-30
4.69169e-07
2.00408e-07
4.35045e-08
1.15797e-07
3.4638e-08
9.51187e-08
4.80806e-08
2.20386e-07
5.47036e-08
2.10037e-07
2.79427e-06
7.48038e-06
3.12895e-05
7.20117e-05
3.96481e-05
8.01934e-05
3.89537e-05
7.55404e-05
1.8466e-05
2.45885e-05
4.76119e-07
-6.81153e-07
-1.17438e-08
-2.97038e-07
-8.93022e-09
-1.4073e-08
-7.88703e-09
1.33141e-08
-2.39154e-09
4.75545e-09
-6.50764e-10
1.49829e-09
-2.2753e-10
5.67325e-10
-6.85672e-11
1.76563e-10
-1.67946e-11
4.45612e-11
-3.39765e-12
9.66588e-12
-5.27201e-13
1.94786e-12
-2.65993e-14
4.22639e-13
1.53907e-14
1.09333e-13
6.84838e-15
3.54819e-14
1.9427e-15
1.06566e-14
3.31985e-16
1.90427e-15
1.84185e-16
6.14123e-16
5.83954e-17
2.07068e-16
1.1859e-17
4.51583e-17
1.8989e-18
7.84867e-18
2.55513e-19
1.16035e-18
2.92729e-20
1.4816e-19
2.83748e-21
1.62878e-20
2.28931e-22
1.52382e-21
1.49854e-23
1.19151e-22
7.65476e-25
7.58589e-24
2.86441e-26
3.78192e-25
6.97684e-28
1.38598e-26
8.23106e-30
3.31855e-28
3.71203e-30
7.29125e-08
2.78431e-07
7.0224e-08
8.9947e-08
8.16716e-08
1.13703e-07
3.53006e-07
1.8918e-06
3.49589e-06
1.50973e-05
2.72937e-05
7.29377e-05
3.00138e-05
7.76998e-05
3.05447e-05
7.26648e-05
1.81123e-05
3.08923e-05
1.13553e-07
4.68219e-07
-4.54945e-08
-5.84046e-08
1.96205e-08
-3.8832e-08
3.66507e-09
-2.09998e-09
-1.50256e-09
3.66729e-09
-6.13474e-10
1.76454e-09
-1.79523e-10
5.06268e-10
-5.9108e-11
1.5411e-10
-1.78748e-11
4.59838e-11
-4.42929e-12
1.19657e-11
-8.61209e-13
2.80594e-12
-9.17336e-14
6.72182e-13
1.61493e-14
1.86767e-13
1.10221e-14
6.09985e-14
3.90778e-15
2.07746e-14
7.74125e-16
4.68564e-15
3.52255e-16
1.24499e-15
1.14781e-16
4.26399e-16
2.8749e-17
1.13295e-16
5.38106e-18
2.27191e-17
8.33057e-19
3.80938e-18
1.10044e-19
5.51775e-19
1.24367e-20
6.93773e-20
1.19112e-21
7.52394e-21
9.50131e-23
6.94998e-22
6.15117e-24
5.36873e-23
3.10856e-25
3.37868e-24
1.15109e-26
1.66593e-25
2.77471e-28
6.04137e-27
3.23837e-30
1.43192e-28
1.581e-30
2.94268e-07
1.65422e-06
9.99031e-08
1.48063e-07
9.38325e-08
1.14297e-07
8.11329e-06
1.26598e-05
2.6946e-05
7.87876e-05
2.67586e-05
7.44348e-05
2.45044e-05
6.72137e-05
2.07384e-05
5.28192e-05
5.51385e-07
5.41419e-06
-2.23309e-07
2.77518e-07
-1.63675e-08
2.63739e-08
5.40313e-09
-1.48352e-09
9.14136e-10
-3.97608e-10
-2.77066e-10
9.78654e-10
-1.47896e-10
4.92727e-10
-4.9294e-11
1.47431e-10
-1.57662e-11
4.20283e-11
-4.55907e-12
1.20704e-11
-1.07026e-12
3.27868e-12
-1.62496e-13
8.95716e-13
9.45658e-15
2.78086e-13
1.50552e-14
9.40716e-14
6.42164e-15
3.54584e-14
1.64873e-15
9.83157e-15
2.84359e-16
1.73162e-15
1.80747e-16
7.18359e-16
5.79816e-17
2.41609e-16
1.27527e-17
5.62369e-17
2.26036e-18
1.06547e-17
3.40731e-19
1.73584e-18
4.4233e-20
2.46615e-19
4.92794e-21
3.05136e-20
4.65789e-22
3.26083e-21
3.66897e-23
2.97044e-22
2.34659e-24
2.26443e-23
1.17201e-25
1.40724e-24
4.29054e-27
6.85641e-26
1.02262e-28
2.45841e-27
1.17956e-30
5.76358e-29
6.27356e-31
4.12877e-08
2.28003e-06
7.55607e-08
1.81264e-07
1.15292e-07
1.18792e-07
1.59345e-05
2.01435e-05
2.21698e-05
6.6194e-05
2.31277e-05
7.0548e-05
2.23874e-05
6.27843e-05
7.51418e-06
1.99597e-05
-7.31807e-07
8.88091e-07
-8.66341e-08
1.6947e-07
-4.17044e-09
1.79635e-08
6.82429e-10
9.01165e-10
1.79778e-10
-1.05827e-10
-5.54975e-11
2.19865e-10
-3.60689e-11
1.18993e-10
-1.27513e-11
3.69279e-11
-3.9766e-12
1.07103e-11
-1.06844e-12
3.20187e-12
-2.03041e-13
1.00782e-12
5.24946e-17
3.58245e-13
1.81366e-14
1.33932e-13
8.91857e-15
5.29693e-14
2.83172e-15
1.69996e-14
5.41418e-16
3.56211e-15
2.90327e-16
1.26264e-15
9.7393e-17
4.39013e-16
2.55182e-17
1.20294e-16
5.17031e-18
2.57303e-17
8.82385e-19
4.68304e-18
1.30066e-19
7.44451e-19
1.65989e-20
1.03772e-19
1.82149e-21
1.26246e-20
1.69733e-22
1.32799e-21
1.31886e-23
1.19178e-22
8.32517e-25
8.95718e-24
4.10578e-26
5.49222e-25
1.48478e-27
2.64218e-26
3.49635e-29
9.36053e-28
3.98238e-31
2.16924e-29
2.3249e-31
3.38077e-08
2.08399e-06
4.21069e-08
2.3589e-07
1.04621e-07
1.22983e-07
1.1932e-05
8.46797e-06
1.90164e-05
3.25787e-05
2.0919e-05
6.22282e-05
1.18243e-05
3.1065e-05
-6.55604e-07
8.66766e-07
-1.57738e-07
2.72603e-07
-1.65259e-08
4.74606e-08
-1.0357e-09
5.2235e-09
3.31964e-11
2.63734e-10
3.40041e-11
-1.30345e-10
-9.0985e-12
1.54078e-11
-8.45289e-12
2.39321e-11
-3.05525e-12
8.31599e-12
-8.9474e-13
2.66894e-12
-1.96117e-13
9.69817e-13
-5.82784e-15
4.057e-13
1.93278e-14
1.7016e-13
1.07486e-14
7.02809e-14
4.06153e-15
2.59511e-14
9.33009e-16
6.47013e-15
1.90523e-16
1.27359e-15
1.32711e-16
6.63868e-16
4.31835e-17
2.23246e-16
1.00643e-17
5.42597e-17
1.9345e-18
1.09811e-17
3.20798e-19
1.9372e-18
4.63346e-20
3.01065e-19
5.81208e-21
4.11633e-20
6.27723e-22
4.91965e-21
5.76163e-23
5.08918e-22
4.4126e-24
4.49541e-23
2.74704e-25
3.32846e-24
1.33684e-26
2.01227e-25
4.77255e-28
9.55255e-27
1.10961e-29
3.34193e-28
1.24705e-31
7.65141e-30
8.06461e-32
2.05111e-07
5.98437e-06
9.83408e-09
4.87277e-07
-2.64981e-08
2.22433e-07
1.53467e-06
2.6031e-07
7.4305e-06
1.80244e-07
8.67616e-06
3.08493e-06
1.12359e-06
-4.00404e-07
-1.15738e-07
-2.08428e-07
-2.47041e-08
5.8473e-08
-2.95817e-09
1.17104e-08
-1.86313e-10
6.99827e-10
1.24673e-11
-1.2477e-10
8.63844e-12
-8.72576e-11
-3.80854e-13
-1.63108e-11
-1.70703e-12
2.83458e-12
-6.3812e-13
1.81185e-12
-1.5175e-13
8.0257e-13
-4.98524e-15
4.10859e-13
1.85946e-14
1.99792e-13
1.13292e-14
8.40833e-14
4.94172e-15
3.46632e-14
1.32106e-15
9.65728e-15
2.73124e-16
2.08211e-15
1.61551e-16
9.24843e-16
6.23856e-17
3.64514e-16
1.67784e-17
1.00956e-16
3.62218e-18
2.26534e-17
6.70829e-19
4.40367e-18
1.08593e-19
7.56191e-19
1.53821e-20
1.14956e-19
1.89591e-21
1.54079e-20
2.01412e-22
1.80759e-21
1.81984e-23
1.83741e-22
1.37294e-24
1.59641e-23
8.42507e-26
1.16372e-24
4.04382e-27
6.93306e-26
1.4245e-28
3.2462e-27
3.26829e-30
1.12101e-28
3.62165e-32
2.5346e-30
2.62393e-32
3.25008e-06
2.72488e-05
1.65337e-07
1.24148e-05
-8.58592e-08
5.30449e-07
-8.33896e-08
1.68003e-06
1.64649e-07
1.20842e-06
4.05212e-07
-1.42623e-07
9.10197e-08
-1.63039e-07
2.3214e-09
-7.87307e-08
-4.17669e-10
-7.76747e-09
-2.28362e-10
8.337e-10
-2.04154e-11
-1.83889e-11
3.13003e-12
-8.27465e-11
1.92822e-12
-3.42397e-11
2.48681e-13
-9.50752e-12
-2.28632e-13
-3.74093e-13
-9.13648e-14
5.38344e-13
3.27672e-16
3.8032e-13
1.71741e-14
2.16825e-13
1.08638e-14
9.7917e-14
4.98161e-15
4.19832e-14
1.6063e-15
1.34095e-14
3.48185e-16
3.13441e-15
1.91022e-16
1.30317e-15
7.84851e-17
5.38741e-16
2.4091e-17
1.6792e-16
5.82026e-18
4.15824e-17
1.19704e-18
8.85114e-18
2.15475e-19
1.66584e-18
3.41338e-20
2.78942e-19
4.74399e-21
4.14746e-20
5.74474e-22
5.4462e-21
6.00147e-23
6.26752e-22
5.33649e-24
6.25649e-23
3.96491e-25
5.34394e-24
2.39771e-26
3.83361e-25
1.13477e-27
2.24987e-26
3.94317e-29
1.03869e-27
8.92401e-31
3.53959e-29
9.74309e-33
7.90082e-31
8.02308e-33
1.20993e-05
3.40712e-05
6.9653e-06
0.000110802
5.61445e-07
5.62097e-05
-9.47493e-08
3.31581e-06
-6.20809e-08
1.34915e-06
-5.73096e-09
7.30229e-08
4.89332e-10
-4.15427e-08
5.36162e-11
-1.28895e-08
7.82933e-12
-2.9754e-09
-1.73896e-12
-3.38223e-10
-4.34091e-13
-6.79206e-11
5.91769e-13
-3.01345e-11
3.26637e-13
-1.02922e-11
8.18516e-14
-2.81844e-12
2.68496e-15
-1.53396e-13
7.13953e-15
3.14208e-13
1.41497e-14
2.22411e-13
9.14562e-15
1.06827e-13
4.39604e-15
4.70938e-14
1.62564e-15
1.68801e-14
4.07854e-16
4.2989e-15
1.04422e-16
1.05816e-15
7.88274e-17
6.71682e-16
2.95284e-17
2.51045e-16
8.00619e-18
6.8603e-17
1.8225e-18
1.59002e-17
3.62761e-19
3.256e-18
6.37957e-20
5.95514e-19
9.90734e-21
9.72967e-20
1.352e-21
1.41451e-20
1.6091e-22
1.81889e-21
1.65346e-23
2.05235e-22
1.44718e-24
2.01116e-23
1.05905e-25
1.68823e-24
6.31191e-27
1.19154e-25
2.94551e-28
6.88718e-27
1.00951e-29
3.13449e-28
2.25283e-31
1.05388e-29
2.42078e-33
2.32189e-31
2.30923e-33
1.66613e-05
4.50271e-05
1.50422e-05
0.000116332
6.83742e-06
0.000105947
-1.29852e-07
4.80969e-05
-3.85597e-08
2.97071e-06
-1.04379e-08
1.3273e-07
-2.12805e-09
9.92291e-10
-5.64214e-10
-1.94128e-09
-1.51245e-10
-3.94742e-10
-2.686e-11
-8.42251e-11
-1.31908e-12
-2.30575e-11
4.9984e-14
-8.4535e-12
3.86327e-14
-2.4706e-12
1.92893e-14
-3.92403e-13
1.31278e-14
1.70457e-13
9.89585e-15
2.15458e-13
6.11621e-15
1.11824e-13
3.06477e-15
4.91113e-14
1.28454e-15
1.89286e-14
3.69672e-16
5.31081e-15
9.38292e-17
1.29257e-15
6.89487e-17
7.98232e-16
2.94577e-17
3.31406e-16
9.23119e-18
1.02185e-16
2.33623e-18
2.57525e-17
5.13518e-19
5.7035e-18
9.98723e-20
1.13086e-18
1.72316e-20
2.01319e-19
2.62953e-21
3.20979e-20
3.52892e-22
4.56169e-21
4.13303e-23
5.7424e-22
4.18157e-24
6.35152e-23
3.60548e-25
6.10877e-24
2.60059e-26
5.03895e-25
1.52834e-27
3.49874e-26
7.0349e-29
1.99161e-27
2.37812e-30
8.93532e-29
5.23142e-32
2.96392e-30
5.51756e-34
6.44465e-32
6.26402e-34
1.71153e-05
7.83759e-05
1.92044e-05
0.000111067
1.4178e-05
0.00011137
5.23519e-06
9.54258e-05
-2.51009e-08
1.87831e-05
-1.18949e-10
1.16943e-07
-4.59079e-13
8.35848e-09
-8.9801e-11
-1.91661e-10
-4.3918e-11
-1.91256e-11
-1.2192e-11
-5.3505e-12
-2.76579e-12
-4.42574e-12
-5.18121e-13
-1.82228e-12
-6.14015e-14
-3.12177e-13
9.26484e-16
1.74368e-13
2.47533e-15
1.95346e-13
2.16036e-15
1.10141e-13
1.29364e-15
4.87442e-14
6.59228e-16
1.97027e-14
2.35186e-16
6.04191e-15
6.641e-17
1.50853e-15
4.97824e-17
9.42734e-16
2.39077e-17
4.16759e-16
8.39243e-18
1.37567e-16
2.40832e-18
3.78143e-17
5.9021e-19
9.02587e-18
1.27465e-19
1.92802e-18
2.44499e-20
3.71195e-19
4.16352e-21
6.43652e-20
6.27058e-22
1.00155e-20
8.30471e-23
1.39138e-21
9.59842e-24
1.71459e-22
9.58404e-25
1.85901e-23
8.15654e-26
1.7549e-24
5.80773e-27
1.42255e-25
3.36967e-28
9.71783e-27
1.5312e-29
5.4483e-28
5.10675e-31
2.40985e-29
1.10691e-32
7.8866e-31
1.13659e-34
1.69243e-32
1.60209e-34
1.7065e-05
0.00010034
1.59141e-05
0.000112632
1.52525e-05
0.000112047
1.30287e-05
9.7907e-05
3.59307e-07
2.78042e-05
-3.22802e-09
4.92037e-07
-1.58131e-10
7.7334e-09
-3.38073e-13
2.97313e-10
-1.18713e-11
-1.02316e-12
-4.70959e-12
5.61992e-13
-1.3686e-12
-5.54914e-13
-3.58362e-13
-1.11927e-13
-8.55032e-14
1.85268e-13
-1.85737e-14
1.90637e-13
-3.76911e-15
1.03613e-13
-8.43366e-16
4.46229e-14
-1.34744e-16
1.90624e-14
1.09901e-17
6.33918e-15
1.50157e-17
1.64881e-15
1.70338e-17
1.02995e-15
1.15018e-17
4.9995e-16
4.98738e-18
1.73736e-16
1.6986e-18
5.05993e-17
4.87352e-19
1.29793e-17
1.20756e-19
2.97312e-18
2.63065e-20
6.15159e-19
5.06709e-21
1.1516e-19
8.63033e-22
1.946e-20
1.29604e-22
2.95599e-21
1.70767e-23
4.01495e-22
1.96039e-24
4.84428e-23
1.94194e-25
5.14969e-24
1.63813e-26
4.77253e-25
1.1553e-27
3.80271e-26
6.63464e-29
2.55642e-27
2.98169e-30
1.41197e-28
9.8177e-32
6.1585e-30
2.09556e-33
1.98873e-31
2.04452e-35
4.21277e-33
3.86049e-35
1.27284e-05
0.00010137
1.26579e-05
0.000112989
1.39724e-05
0.000110837
1.06273e-05
8.14693e-05
-1.19286e-07
2.13421e-05
4.74436e-10
3.72458e-07
-2.04725e-10
9.2825e-09
-6.06e-12
2.48533e-10
-5.76121e-12
7.13379e-12
-1.95037e-12
1.30931e-13
-5.56283e-13
1.22509e-13
-1.47945e-13
2.18463e-13
-3.85595e-14
1.85671e-13
-1.00525e-14
9.79576e-14
-3.08476e-15
4.13008e-14
-9.57236e-16
1.72765e-14
-2.47412e-16
5.70248e-15
-4.95714e-17
1.69801e-15
-1.29176e-17
1.08743e-15
-3.07655e-18
5.51953e-16
-4.40161e-19
2.0694e-16
1.31961e-20
6.32834e-17
1.09759e-19
1.70715e-17
4.9228e-20
4.1707e-18
1.50402e-20
9.2257e-19
3.6907e-21
1.85299e-19
7.64857e-22
3.37619e-20
1.36495e-22
5.56297e-21
2.11243e-23
8.25292e-22
2.83688e-24
1.09644e-22
3.29412e-25
1.29585e-23
3.28251e-26
1.35121e-24
2.77404e-27
1.22988e-25
1.95373e-28
9.63641e-27
1.11738e-29
6.37759e-28
4.98844e-31
3.47142e-29
1.62476e-32
1.49362e-30
3.4141e-34
4.76048e-32
2.89603e-36
9.9604e-34
8.73821e-36
7.71504e-06
9.96618e-05
9.07786e-06
0.000111639
1.15013e-05
0.000108616
1.41905e-06
1.61162e-05
-4.10494e-07
4.48188e-06
-1.00354e-08
2.85443e-07
-5.68246e-11
7.86429e-09
-1.09172e-11
7.33506e-11
-2.92178e-12
1.65248e-12
-7.68663e-13
2.11207e-13
-1.98807e-13
2.3257e-13
-5.38183e-14
1.75654e-13
-1.53166e-14
8.97523e-14
-5.04188e-15
3.71693e-14
-1.71421e-15
1.53681e-14
-5.03185e-16
5.26532e-15
-1.16928e-16
1.62987e-15
-3.96057e-17
1.08088e-15
-1.31751e-17
5.85114e-16
-3.53606e-18
2.3059e-16
-8.03257e-19
7.51626e-17
-1.58052e-19
2.13756e-17
-2.68566e-20
5.47813e-18
-3.80586e-21
1.28223e-18
-4.13316e-22
2.73594e-19
-2.38257e-23
5.31724e-20
1.67144e-23
9.38844e-21
7.84432e-24
1.50444e-21
1.70838e-24
2.18036e-22
2.74721e-25
2.83504e-23
3.55517e-26
3.28418e-24
3.79739e-27
3.36103e-25
3.35828e-28
3.00637e-26
2.43554e-29
2.31759e-27
1.41763e-30
1.51079e-28
6.38229e-32
8.1082e-30
2.07531e-33
3.4431e-31
4.29623e-35
1.08367e-32
1.81092e-37
2.24246e-34
1.84774e-36
1.20164e-06
8.33342e-05
3.82182e-06
9.31168e-05
1.25932e-06
1.89618e-05
-6.04125e-08
2.50608e-07
-2.11317e-09
2.21192e-07
-7.53753e-09
1.66158e-07
-1.18255e-10
1.46578e-09
-4.6815e-12
1.89077e-11
-1.07582e-12
-6.95751e-14
-2.56636e-13
2.29078e-13
-6.67789e-14
1.52303e-13
-1.95336e-14
7.88914e-14
-6.62556e-15
3.18674e-14
-2.32901e-15
1.30483e-14
-7.21676e-16
4.56447e-15
-1.86808e-16
1.49014e-15
-7.04716e-17
1.06246e-15
-2.55777e-17
6.02112e-16
-7.68811e-18
2.45609e-16
-2.00894e-18
8.39334e-17
-4.66772e-19
2.52336e-17
-9.72776e-20
6.83099e-18
-1.82954e-20
1.68157e-18
-3.0943e-21
3.79309e-19
-4.68209e-22
7.82905e-20
-6.29256e-23
1.47534e-20
-7.4512e-24
2.53038e-21
-7.68184e-25
3.94157e-22
-6.74084e-26
5.56088e-23
-4.86041e-27
7.05248e-24
-2.68018e-28
7.98115e-25
-9.034e-30
7.99109e-26
1.16833e-30
7.00279e-27
5.74213e-31
5.30053e-28
5.24587e-32
3.40375e-29
2.90356e-33
1.80188e-30
1.06185e-34
7.55508e-32
1.81102e-36
2.35057e-33
-5.44352e-40
4.80966e-35
3.76254e-37
-5.2539e-06
9.40399e-07
-1.91855e-06
2.33575e-06
-3.68783e-07
8.27941e-07
-1.19884e-07
2.26704e-07
-4.92881e-08
8.4067e-08
-1.25969e-09
1.37543e-08
-2.46693e-11
2.35506e-10
-1.90405e-12
3.75585e-12
-3.22577e-13
1.15485e-13
-7.87812e-14
1.29833e-13
-2.28233e-14
6.42802e-14
-7.70278e-15
2.57372e-14
-2.75276e-15
1.03891e-14
-8.90803e-16
3.75493e-15
-2.47409e-16
1.30611e-15
-1.02743e-16
9.88696e-16
-3.99931e-17
5.93299e-16
-1.26535e-17
2.54454e-16
-3.55364e-18
8.93623e-17
-8.98765e-19
2.80609e-17
-2.06234e-19
7.99324e-18
-4.28906e-20
2.08113e-18
-8.12137e-21
4.94855e-19
-1.39873e-21
1.07983e-19
-2.18469e-22
2.16103e-20
-3.08232e-23
3.95638e-21
-3.91448e-24
6.60343e-22
-4.46099e-25
1.00185e-22
-4.52765e-26
1.37824e-23
-4.05851e-27
1.70752e-24
-3.18272e-28
1.89066e-25
-2.15807e-29
1.85478e-26
-1.24701e-30
1.59478e-27
-6.02119e-32
1.18573e-28
-2.35497e-33
7.48689e-30
-7.13082e-35
3.90348e-31
-1.53195e-36
1.61437e-32
-2.17233e-38
4.96257e-34
-2.51114e-40
1.0079e-35
7.52953e-38
-2.16639e-06
-1.6555e-07
-9.8137e-07
2.67471e-07
-3.10408e-07
1.88039e-07
-6.65362e-08
6.08271e-08
-1.14564e-08
1.96826e-08
-2.11752e-10
2.56685e-09
-4.74248e-12
3.25386e-11
-4.61431e-13
6.46368e-13
-8.27498e-14
8.99756e-14
-2.48742e-14
4.67965e-14
-8.11507e-15
1.95189e-14
-2.9123e-15
7.50133e-15
-1.00052e-15
2.87738e-15
-2.94032e-16
1.11034e-15
-1.32678e-16
8.76859e-16
-5.40707e-17
5.56234e-16
-1.82395e-17
2.47937e-16
-5.33379e-18
9.19133e-17
-1.42596e-18
2.96794e-17
-3.49695e-19
8.80361e-18
-7.85664e-20
2.40706e-18
-1.60802e-20
6.05927e-19
-3.00762e-21
1.39655e-19
-5.13969e-22
2.95677e-20
-8.00431e-23
5.75018e-21
-1.13168e-23
1.02475e-21
-1.44715e-24
1.66751e-22
-1.66891e-25
2.46902e-23
-1.72428e-26
3.318e-24
-1.58279e-27
4.02201e-25
-1.27835e-28
4.36392e-26
-8.97382e-30
4.20077e-27
-5.38905e-31
3.54877e-28
-2.70953e-32
2.59505e-29
-1.10274e-33
1.61319e-30
-3.45225e-35
8.29227e-32
-7.60616e-37
3.38582e-33
-1.04201e-38
1.02941e-34
-7.06783e-41
2.07999e-36
1.47988e-38
-6.18141e-07
-4.13348e-08
-2.9569e-07
3.86306e-08
-8.47409e-08
3.16611e-08
-1.71811e-08
9.34041e-09
-2.21677e-09
3.00451e-09
-2.93877e-11
3.74569e-10
-8.33618e-13
4.57401e-12
-9.73952e-14
1.07959e-13
-2.35741e-14
3.26254e-14
-7.68341e-15
1.27677e-14
-2.69285e-15
4.83058e-15
-1.01318e-15
1.95603e-15
-3.32922e-16
9.21171e-16
-1.55048e-16
7.57875e-16
-6.62263e-17
4.90385e-16
-2.32264e-17
2.28975e-16
-7.2199e-18
8.7996e-17
-2.00395e-18
3.00544e-17
-5.15278e-19
9.19258e-18
-1.22788e-19
2.61293e-18
-2.6944e-20
6.90579e-19
-5.40381e-21
1.68652e-19
-9.92667e-22
3.77813e-20
-1.67031e-22
7.78152e-21
-2.56858e-23
1.47387e-21
-3.59592e-24
2.56194e-22
-4.56408e-25
4.07205e-23
-5.23485e-26
5.89582e-24
-5.39225e-27
7.754e-25
-4.94618e-28
9.21122e-26
-3.99931e-29
9.80823e-27
-2.81458e-30
9.27765e-28
-1.69568e-31
7.711e-29
-8.55266e-33
5.55315e-30
-3.49014e-34
3.40288e-31
-1.09376e-35
1.72635e-32
-2.41075e-37
6.96565e-34
-3.25689e-39
2.09673e-35
-1.70729e-41
4.22348e-37
2.8545e-39
-1.04175e-07
-5.58392e-09
-5.0315e-08
2.60931e-09
-1.51769e-08
2.66552e-09
-2.85513e-09
8.67329e-10
-3.3489e-10
3.06537e-10
-4.00187e-12
4.17207e-11
-1.53545e-13
5.26592e-13
-1.91604e-14
1.21943e-14
-6.46937e-15
7.64897e-15
-2.17845e-15
2.88105e-15
-7.72985e-16
1.20256e-15
-2.98757e-16
9.75728e-16
-1.69247e-16
6.64878e-16
-7.34076e-17
4.13419e-16
-2.69423e-17
1.96692e-16
-8.71082e-18
7.92032e-17
-2.56606e-18
2.81183e-17
-6.85029e-19
9.10717e-18
-1.70532e-19
2.67758e-18
-3.95731e-20
7.35561e-19
-8.48084e-21
1.88785e-19
-1.66523e-21
4.48579e-20
-2.99996e-22
9.79211e-21
-4.9591e-23
1.96692e-21
-7.50687e-24
3.63673e-22
-1.03656e-24
6.17854e-23
-1.29985e-25
9.61081e-24
-1.47486e-26
1.36332e-24
-1.50517e-27
1.75797e-25
-1.37e-28
2.0499e-26
-1.10057e-29
2.14534e-27
-7.70281e-31
1.99686e-28
-4.61782e-32
1.63498e-29
-2.3181e-33
1.16107e-30
-9.41543e-35
7.02195e-32
-2.93606e-36
3.51958e-33
-6.44034e-38
1.40461e-34
-8.63453e-40
4.19008e-36
-3.80745e-42
8.42904e-38
5.39958e-40
-9.73471e-09
-4.4429e-10
-5.36078e-09
3.70442e-11
-1.82787e-09
1.19606e-10
-3.44497e-10
5.15646e-11
-3.78594e-11
2.4349e-11
-4.62164e-13
3.93285e-12
-3.391e-14
6.76175e-14
-4.25563e-15
3.43027e-15
-1.95416e-15
1.57823e-15
-7.45553e-16
8.84666e-16
-2.8606e-16
8.8568e-16
-1.75033e-16
4.96394e-16
-7.51898e-17
3.35906e-16
-2.8163e-17
1.59148e-16
-9.5456e-18
6.56363e-17
-2.93639e-18
2.44754e-17
-8.31652e-19
8.28198e-18
-2.15223e-19
2.58119e-18
-5.21318e-20
7.35668e-19
-1.18091e-20
1.96485e-19
-2.47468e-21
4.91508e-20
-4.76049e-22
1.13946e-20
-8.41386e-23
2.42993e-21
-1.36629e-23
4.77217e-22
-2.03476e-24
8.63337e-23
-2.7684e-25
1.43662e-23
-3.42541e-26
2.19126e-24
-3.83858e-27
3.0511e-25
-3.87348e-28
3.86456e-26
-3.49027e-29
4.43058e-27
-2.77865e-30
4.56411e-28
-1.92897e-31
4.18611e-29
-1.14775e-32
3.38084e-30
-5.72032e-34
2.3704e-31
-2.30748e-35
1.41648e-32
-7.1474e-37
7.02154e-34
-1.55859e-38
2.77405e-35
-2.07988e-40
8.20882e-37
-8.02721e-43
1.65169e-38
1.00097e-40
-6.24714e-10
-2.44311e-11
-4.168e-10
-8.51398e-12
-1.68322e-10
-9.32487e-13
-3.38906e-11
1.23006e-12
-3.63262e-12
1.36411e-12
-3.188e-14
3.01027e-13
-4.13719e-15
6.43967e-15
-1.13175e-15
1.05439e-15
-4.93403e-16
8.07118e-16
-2.71514e-16
6.04417e-16
-1.53677e-16
3.72811e-16
-7.11379e-17
2.35172e-16
-2.6879e-17
1.20807e-16
-9.3678e-18
5.04963e-17
-3.03028e-18
1.94264e-17
-9.01421e-19
6.92685e-18
-2.47654e-19
2.26963e-18
-6.24857e-20
6.86679e-19
-1.47906e-20
1.90845e-19
-3.27928e-21
4.97918e-20
-6.73274e-22
1.21802e-20
-1.27086e-22
2.76273e-21
-2.2065e-23
5.77059e-22
-3.52324e-24
1.11081e-22
-5.16527e-25
1.97093e-23
-6.92672e-26
3.21924e-24
-8.45724e-27
4.82436e-25
-9.35948e-28
6.60601e-26
-9.33528e-29
8.23368e-27
-8.32281e-30
9.29612e-28
-6.56194e-31
9.4399e-29
-4.51501e-32
8.54302e-30
-2.66436e-33
6.8142e-31
-1.31752e-34
4.7225e-32
-5.27509e-36
2.79143e-33
-1.62235e-37
1.36981e-34
-3.51697e-39
5.36202e-36
-4.68047e-41
1.57539e-37
-1.61472e-43
3.17467e-39
1.81739e-41
-3.30798e-11
-1.08288e-12
-2.66935e-11
-1.05691e-12
-1.3159e-11
-7.767e-13
-2.93295e-12
-1.42451e-13
-2.79738e-13
4.12698e-14
-6.2918e-16
1.82219e-14
-7.21915e-16
3.148e-16
-4.11177e-16
6.1652e-16
-2.60969e-16
4.00709e-16
-1.22811e-16
2.87601e-16
-5.68954e-17
1.51971e-16
-2.32148e-17
7.86161e-17
-8.28876e-18
3.56653e-17
-2.78108e-18
1.41122e-17
-8.73199e-19
5.23475e-18
-2.53644e-19
1.81398e-18
-6.80455e-20
5.80908e-19
-1.68199e-20
1.7171e-19
-3.9061e-21
4.67607e-20
-8.50082e-22
1.1967e-20
-1.71406e-22
2.87186e-21
-3.18116e-23
6.39163e-22
-5.43539e-24
1.31106e-22
-8.5473e-25
2.47988e-23
-1.2351e-25
4.32568e-24
-1.63411e-26
6.95014e-25
-1.97032e-27
1.02535e-25
-2.15479e-28
1.38328e-26
-2.12532e-29
1.69959e-27
-1.8753e-30
1.89277e-28
-1.46449e-31
1.89741e-29
-9.98804e-33
1.69656e-30
-5.84585e-34
1.3381e-31
-2.86829e-35
9.17682e-33
-1.13995e-36
5.37115e-34
-3.48141e-38
2.61167e-35
-7.50545e-40
1.01374e-36
-9.9776e-42
2.9597e-38
-3.11429e-44
5.98003e-40
3.23015e-42
-1.56485e-12
-3.19606e-14
-1.47542e-12
-8.59438e-14
-9.09881e-13
-6.97383e-14
-2.25289e-13
-2.61167e-14
-1.53997e-14
3.48745e-15
-5.19833e-16
9.91933e-16
-2.94718e-16
2.53191e-16
-1.91287e-16
2.31454e-16
-9.52065e-17
1.71421e-16
-3.99026e-17
9.6519e-17
-1.68501e-17
4.54535e-17
-6.51625e-18
2.14517e-17
-2.27237e-18
9.23247e-18
-7.46884e-19
3.57136e-18
-2.29936e-19
1.29884e-18
-6.56711e-20
4.41624e-19
-1.72988e-20
1.39126e-19
-4.20763e-21
4.03921e-20
-9.62278e-22
1.08246e-20
-2.06178e-22
2.72761e-21
-4.09357e-23
6.44178e-22
-7.48716e-24
1.41082e-22
-1.26153e-24
2.84944e-23
-1.95728e-25
5.30927e-24
-2.79216e-26
9.12578e-25
-3.64957e-27
1.44544e-25
-4.35059e-28
2.10341e-26
-4.70663e-29
2.80081e-27
-4.59458e-30
3.39818e-28
-4.0151e-31
3.73881e-29
-3.10751e-32
3.70521e-30
-2.10175e-33
3.2775e-31
-1.22057e-34
2.55911e-32
-5.94459e-36
1.73863e-33
-2.346e-37
1.00863e-34
-7.11721e-39
4.86393e-36
-1.5267e-40
1.87357e-37
-2.03019e-42
5.43995e-39
-5.77671e-45
1.10306e-40
5.61765e-43
-6.86924e-14
8.2247e-16
-7.64109e-14
1.80462e-16
-5.88674e-14
8.08717e-16
-1.91154e-14
1.76546e-15
-1.25401e-15
1.24539e-15
-2.84259e-16
4.14265e-16
-1.3287e-16
1.64583e-16
-5.9223e-17
9.79193e-17
-2.58107e-17
4.97742e-17
-1.04813e-17
2.45347e-17
-4.27854e-18
1.11951e-17
-1.6224e-18
5.1085e-18
-5.61827e-19
2.15655e-18
-1.82757e-19
8.287e-19
-5.55635e-20
2.98382e-19
-1.56894e-20
1.00222e-19
-4.07821e-21
3.12219e-20
-9.80114e-22
8.9456e-21
-2.21528e-22
2.36857e-21
-4.68716e-23
5.89738e-22
-9.18875e-24
1.37488e-22
-1.66028e-24
2.97159e-23
-2.7647e-25
5.92507e-24
-4.2406e-26
1.09018e-24
-5.98259e-27
1.85072e-25
-7.73717e-28
2.89589e-26
-9.13116e-29
4.16473e-27
-9.78386e-30
5.48326e-28
-9.46304e-31
6.58044e-29
-8.19754e-32
7.1638e-30
-6.29275e-33
7.02813e-31
-4.22359e-34
6.15794e-32
-2.43523e-35
4.76541e-33
-1.17795e-36
3.21054e-34
-4.61851e-38
1.84785e-35
-1.39251e-39
8.84484e-37
-2.97378e-41
3.38353e-38
-3.9603e-43
9.77701e-40
-1.03257e-45
1.99108e-41
9.55639e-44
-5.62447e-15
1.84618e-16
-6.6757e-15
2.8211e-16
-5.42714e-15
4.11401e-16
-2.52383e-15
4.09239e-16
-4.16777e-16
6.11966e-16
-1.24221e-16
1.76156e-16
-3.41092e-17
7.59469e-17
-1.37135e-17
2.40083e-17
-5.78613e-18
1.09981e-17
-2.3672e-18
5.24511e-18
-9.61283e-19
2.41025e-18
-3.63742e-19
1.09387e-18
-1.26268e-19
4.60749e-19
-4.0937e-20
1.77479e-19
-1.23616e-20
6.36903e-20
-3.46737e-21
2.12475e-20
-8.93428e-22
6.57501e-21
-2.12978e-22
1.86723e-21
-4.77355e-23
4.90303e-22
-1.00038e-23
1.21025e-22
-1.94174e-24
2.79358e-23
-3.47454e-25
5.97528e-24
-5.73089e-26
1.17921e-24
-8.70788e-27
2.14763e-25
-1.21716e-27
3.60894e-26
-1.56005e-28
5.59013e-27
-1.82536e-29
7.96019e-28
-1.93967e-30
1.03804e-28
-1.861e-31
1.2342e-29
-1.59974e-32
1.33144e-30
-1.2191e-33
1.29483e-31
-8.12636e-35
1.12512e-32
-4.6552e-36
8.63884e-34
-2.23785e-37
5.77724e-35
-8.72212e-39
3.30187e-36
-2.61493e-40
1.56999e-37
-5.56254e-42
5.9686e-39
-7.42596e-44
1.7175e-40
-1.78085e-46
3.51491e-42
1.58977e-44
-8.97475e-16
1.12561e-16
-8.73252e-16
1.86329e-16
-6.99477e-16
2.44106e-16
-3.92955e-16
2.47246e-16
-1.46213e-16
1.69014e-16
-2.96008e-17
7.45899e-17
-6.58159e-18
1.75906e-17
-2.63673e-18
4.49612e-18
-1.12839e-18
2.05e-18
-4.73502e-19
9.90739e-19
-1.94172e-19
4.66641e-19
-7.4068e-20
2.1375e-19
-2.59341e-20
9.07256e-20
-8.42575e-21
3.52382e-20
-2.53947e-21
1.26689e-20
-7.10586e-22
4.21739e-21
-1.82256e-22
1.3016e-21
-4.32512e-23
3.67849e-22
-9.6437e-24
9.61273e-23
-2.00758e-24
2.35962e-23
-3.86856e-25
5.40821e-24
-6.87214e-26
1.14788e-24
-1.12522e-26
2.24766e-25
-1.69717e-27
4.06122e-26
-2.3547e-28
6.76987e-27
-2.99602e-29
1.04012e-27
-3.48066e-30
1.46916e-28
-3.67301e-31
1.90073e-29
-3.50004e-32
2.24238e-30
-2.98879e-33
2.40055e-31
-2.26324e-34
2.31719e-32
-1.49958e-35
1.99911e-33
-8.54119e-37
1.52452e-34
-4.08328e-38
1.01296e-35
-1.58298e-39
5.75369e-37
-4.72156e-41
2.7197e-38
-1.00098e-42
1.0282e-39
-1.34063e-44
2.94804e-41
-2.96601e-47
6.06555e-43
2.58591e-45
-2.32427e-16
2.49534e-17
-2.41434e-16
4.87443e-17
-2.07781e-16
6.75511e-17
-1.5983e-16
7.31079e-17
-3.94381e-17
6.81753e-17
-4.78597e-18
1.98985e-17
-1.0641e-18
2.80705e-18
-4.42412e-19
7.1627e-19
-1.96274e-19
3.38467e-19
-8.52049e-20
1.6939e-19
-3.55946e-20
8.24628e-20
-1.37799e-20
3.84511e-20
-4.88901e-21
1.65529e-20
-1.59898e-21
6.51116e-21
-4.83099e-22
2.35539e-21
-1.3537e-22
7.85664e-22
-3.46943e-23
2.42718e-22
-8.22382e-24
6.85151e-23
-1.82958e-24
1.78765e-23
-3.79394e-25
4.37639e-24
-7.27683e-26
9.98703e-25
-1.28631e-26
2.10879e-25
-2.09531e-27
4.10669e-26
-3.14334e-28
7.37772e-27
-4.33678e-29
1.22246e-27
-5.48661e-30
1.86647e-28
-6.33821e-31
2.61962e-29
-6.6511e-32
3.36767e-30
-6.30242e-33
3.94799e-31
-5.35209e-34
4.19981e-32
-4.03108e-35
4.02872e-33
-2.65712e-36
3.45468e-34
-1.50589e-37
2.61923e-35
-7.16431e-39
1.73063e-36
-2.76425e-40
9.77727e-38
-8.20699e-42
4.5976e-39
-1.73483e-43
1.72952e-40
-2.33241e-45
4.94342e-42
-4.77214e-48
1.02283e-43
4.11255e-46
-3.75664e-17
2.83801e-18
-5.01399e-17
8.07881e-18
-4.35736e-17
1.42573e-17
-2.51288e-17
1.54951e-17
-5.60615e-18
1.07918e-17
-6.26186e-19
2.83981e-18
-1.51186e-19
3.67908e-19
-6.64197e-20
1.0176e-19
-3.08705e-20
5.07349e-20
-1.39262e-20
2.65667e-20
-5.96099e-21
1.34253e-20
-2.35359e-21
6.4082e-21
-8.49281e-22
2.81125e-21
-2.80715e-22
1.12386e-21
-8.53495e-23
4.10604e-22
-2.4033e-23
1.37746e-22
-6.17624e-24
4.27384e-23
-1.46684e-24
1.20906e-23
-3.26506e-25
3.15905e-24
-6.7621e-26
7.73376e-25
-1.29411e-26
1.76167e-25
-2.28143e-27
3.70953e-26
-3.70477e-28
7.20052e-27
-5.5384e-29
1.28881e-27
-7.61173e-30
2.12676e-28
-9.59041e-31
3.23263e-29
-1.10323e-31
4.51559e-30
-1.15273e-32
5.7769e-31
-1.08748e-33
6.73898e-32
-9.19384e-35
7.13269e-33
-6.89397e-36
6.80733e-34
-4.52452e-37
5.80807e-35
-2.55335e-38
4.38194e-36
-1.20967e-39
2.88156e-37
-4.64787e-41
1.62038e-38
-1.37428e-42
7.58488e-40
-2.89772e-44
2.84068e-41
-3.91257e-46
8.0974e-43
-7.41813e-49
1.68509e-44
6.39531e-47
-3.17222e-18
2.13268e-19
-4.87546e-18
7.10057e-19
-4.63662e-18
1.43045e-18
-2.62405e-18
1.69192e-18
-6.00778e-19
1.15189e-18
-7.13718e-20
3.10154e-19
-1.93303e-20
4.26365e-20
-9.04837e-21
1.32032e-20
-4.42884e-21
7.00235e-21
-2.08177e-21
3.85595e-21
-9.16903e-22
2.02783e-21
-3.70649e-22
9.94882e-22
-1.36455e-22
4.4641e-22
-4.57395e-23
1.81914e-22
-1.40435e-23
6.73461e-23
-3.98623e-24
2.27976e-23
-1.03046e-24
7.12529e-24
-2.45899e-25
2.02625e-24
-5.49037e-26
5.316e-25
-1.13841e-26
1.30461e-25
-2.17882e-27
2.97339e-26
-3.83888e-28
6.25762e-27
-6.22658e-29
1.2132e-27
-9.29251e-30
2.1676e-28
-1.2743e-30
3.5686e-29
-1.6014e-31
5.40887e-30
-1.83692e-32
7.53124e-31
-1.91349e-33
9.60148e-32
-1.79928e-34
1.11596e-32
-1.51593e-35
1.17659e-33
-1.13272e-36
1.11841e-34
-7.40777e-38
9.50362e-36
-4.16571e-39
7.14109e-37
-1.96649e-40
4.67719e-38
-7.52844e-42
2.61965e-39
-2.2179e-43
1.22138e-40
-4.66641e-45
4.5564e-42
-6.32939e-47
1.29572e-43
-1.11397e-49
2.71196e-45
9.72628e-48
-2.07151e-19
1.33153e-20
-3.55897e-19
4.90078e-20
-3.73137e-19
1.0944e-19
-2.22223e-19
1.41925e-19
-5.46953e-20
1.01281e-19
-7.34188e-21
2.92273e-20
-2.25424e-21
4.5286e-21
-1.12859e-21
1.58651e-21
-5.8329e-22
8.98321e-22
-2.86221e-22
5.21513e-22
-1.3015e-22
2.85913e-22
-5.40357e-23
1.44636e-22
-2.03512e-23
6.65792e-23
-6.93902e-24
2.77267e-23
-2.15809e-24
1.04311e-23
-6.19241e-25
3.57356e-24
-1.61476e-25
1.1281e-24
-3.88157e-26
3.23345e-25
-8.71358e-27
8.53884e-26
-1.81291e-27
2.10532e-26
-3.47735e-28
4.81126e-27
-6.13515e-29
1.01406e-27
-9.9574e-30
1.96735e-28
-1.48599e-30
3.51488e-29
-2.03643e-31
5.78267e-30
-2.55613e-32
8.7532e-31
-2.92749e-33
1.21657e-31
-3.0438e-34
1.54759e-32
-2.85586e-35
1.79427e-33
-2.40017e-36
1.8865e-34
-1.78867e-37
1.78779e-35
-1.16652e-38
1.51433e-36
-6.54107e-40
1.13417e-37
-3.07861e-41
7.40394e-39
-1.17493e-42
4.13291e-40
-3.45025e-44
1.92032e-41
-7.24562e-46
7.13898e-43
-9.87362e-48
2.02586e-44
-1.6155e-50
4.26395e-46
1.44711e-48
-1.17408e-20
7.46914e-22
-2.22645e-20
2.98456e-21
-2.57106e-20
7.29668e-21
-1.65141e-20
1.03656e-20
-4.45917e-21
7.94583e-21
-6.94404e-22
2.50763e-21
-2.41837e-22
4.49577e-22
-1.29712e-22
1.78249e-22
-7.08894e-23
1.07917e-22
-3.6369e-23
6.61331e-23
-1.71201e-23
3.78474e-23
-7.31963e-24
1.97918e-23
-2.82688e-24
9.36959e-24
-9.83064e-25
3.9963e-24
-3.10547e-25
1.53165e-24
-9.03047e-26
5.32405e-25
-2.3814e-26
1.70156e-25
-5.77961e-27
4.92751e-26
-1.30721e-27
1.3126e-26
-2.7346e-28
3.25787e-27
-5.26689e-29
7.47969e-28
-9.32187e-30
1.58172e-28
-1.51642e-30
3.07599e-29
-2.26644e-31
5.50408e-30
-3.10837e-32
9.06238e-31
-3.90218e-33
1.37186e-31
-4.46744e-34
1.90566e-32
-4.6413e-35
2.4217e-33
-4.34954e-36
2.80374e-34
-3.6498e-37
2.94259e-35
-2.71491e-38
2.78269e-36
-1.76694e-39
2.35145e-37
-9.88559e-41
1.75666e-38
-4.64138e-42
1.14369e-39
-1.76667e-43
6.36613e-41
-5.17324e-45
2.94924e-42
-1.08459e-46
1.09305e-43
-1.4848e-48
3.09587e-45
-2.26103e-51
6.5508e-47
2.10726e-49
-6.0347e-22
3.88476e-23
-1.25716e-21
1.67899e-22
-1.59684e-21
4.47361e-22
-1.11738e-21
6.9521e-22
-3.34317e-22
5.78178e-22
-6.1017e-23
2.01509e-22
-2.40106e-23
4.2223e-23
-1.38049e-23
1.88693e-23
-7.98465e-24
1.22194e-23
-4.28857e-24
7.90947e-24
-2.09464e-24
4.73035e-24
-9.24302e-25
2.56242e-24
-3.66809e-25
1.25009e-24
-1.30407e-25
5.47102e-25
-4.19433e-26
2.1408e-25
-1.23883e-26
7.56713e-26
-3.31112e-27
2.4535e-26
-8.13e-28
7.19321e-27
-1.85615e-28
1.93649e-27
-3.9114e-29
4.84679e-28
-7.57778e-30
1.11984e-28
-1.34763e-30
2.37985e-29
-2.20058e-31
4.64621e-30
-3.29859e-32
8.33841e-31
-4.53337e-33
1.3758e-31
-5.69875e-34
2.08539e-32
-6.52905e-35
2.89856e-33
-6.78467e-36
3.68356e-34
-6.35646e-37
4.26275e-35
-5.32997e-38
4.4698e-36
-3.96034e-39
4.22133e-37
-2.57387e-40
3.56125e-38
-1.43761e-41
2.65537e-39
-6.73662e-43
1.72514e-40
-2.55849e-44
9.58035e-42
-7.47326e-46
4.42707e-43
-1.56444e-47
1.6363e-44
-2.15115e-49
4.62635e-46
-3.05072e-52
9.83741e-48
3.00496e-50
-2.86276e-23
1.89956e-24
-6.5521e-23
8.90735e-24
-9.15435e-23
2.58702e-23
-7.01376e-23
4.39742e-23
-2.33785e-23
3.98685e-23
-5.01055e-24
1.54244e-23
-2.21549e-24
3.78352e-24
-1.36551e-24
1.89473e-24
-8.36356e-25
1.31211e-24
-4.70845e-25
8.97356e-25
-2.39083e-25
5.61361e-25
-1.09097e-25
3.15528e-25
-4.457e-26
1.58895e-25
-1.62324e-26
7.14677e-26
-5.32699e-27
2.8603e-26
-1.60123e-27
1.03005e-26
-4.34625e-28
3.3941e-27
-1.08159e-28
1.00921e-27
-2.49686e-29
2.75016e-28
-5.30887e-30
6.95164e-29
-1.0362e-30
1.61877e-29
-1.85433e-31
3.46211e-30
-3.04371e-32
6.79453e-31
-4.58156e-33
1.22452e-31
-6.31722e-34
2.02698e-32
-7.96059e-35
3.07978e-33
-9.1363e-36
4.28756e-34
-9.50485e-37
5.45389e-35
-8.91006e-38
6.31394e-36
-7.47147e-39
6.61979e-37
-5.54921e-40
6.24798e-38
-3.60358e-41
5.26565e-39
-2.01043e-42
3.92093e-40
-9.40675e-44
2.54321e-41
-3.566e-45
1.40965e-42
-1.03934e-46
6.49989e-44
-2.17269e-48
2.39664e-45
-2.99956e-50
6.76465e-47
-3.96141e-53
1.44473e-48
4.19917e-51
-1.26055e-24
8.79261e-26
-3.18067e-24
4.50385e-25
-4.89683e-24
1.43059e-24
-4.12246e-24
2.66367e-24
-1.53598e-24
2.64094e-24
-3.85621e-25
1.13749e-24
-1.90457e-25
3.25694e-25
-1.2582e-25
1.8161e-25
-8.16476e-26
1.3441e-25
-4.82354e-26
9.71349e-26
-2.5507e-26
6.36088e-26
-1.20566e-26
3.71481e-26
-5.07891e-27
1.93364e-26
-1.8984e-27
8.94973e-27
-6.36844e-28
3.6691e-27
-1.95161e-28
1.34825e-27
-5.38899e-29
4.52155e-28
-1.36138e-29
1.36552e-28
-3.18257e-30
3.77174e-29
-6.83791e-31
9.64075e-30
-1.34652e-31
2.26544e-30
-2.42798e-32
4.88194e-31
-4.01092e-33
9.64208e-32
-6.06981e-34
1.74685e-32
-8.4057e-35
2.90393e-33
-1.06289e-35
4.42683e-34
-1.22311e-36
6.17812e-35
-1.27496e-37
7.87241e-36
-1.19678e-38
9.12409e-37
-1.00429e-39
9.5713e-38
-7.46051e-41
9.03372e-39
-4.84346e-42
7.60985e-40
-2.70032e-43
5.66159e-41
-1.26209e-44
3.6678e-42
-4.77728e-46
2.02986e-43
-1.3897e-47
9.3423e-45
-2.90119e-49
3.43721e-46
-4.01929e-51
9.68573e-48
-4.9371e-54
2.07629e-49
5.755e-52
-5.14415e-26
3.86586e-27
-1.43999e-25
2.18413e-26
-2.45191e-25
7.63083e-26
-2.27623e-25
1.56101e-25
-9.50262e-26
1.69732e-25
-2.78119e-26
8.15236e-26
-1.52568e-26
2.70966e-26
-1.08014e-26
1.67174e-26
-7.43096e-27
1.32127e-26
-4.61238e-27
1.00898e-26
-2.54414e-27
6.9208e-27
-1.24765e-27
4.20394e-27
-5.42771e-28
2.26421e-27
-2.08561e-28
1.07953e-27
-7.16411e-29
4.53892e-28
-2.24184e-29
1.70401e-28
-6.30744e-30
5.8231e-29
-1.61986e-30
1.78827e-29
-3.84007e-31
5.01197e-30
-8.34844e-32
1.29678e-30
-1.66073e-32
3.07823e-31
-3.02097e-33
6.6905e-32
-5.02825e-34
1.33107e-32
-7.65814e-35
2.42632e-33
-1.06619e-35
4.05395e-34
-1.35406e-36
6.20523e-35
-1.56361e-37
8.68773e-36
-1.63438e-38
1.10969e-36
-1.53728e-39
1.28836e-37
-1.29178e-40
1.353e-38
-9.60353e-42
1.27767e-39
-6.23617e-43
1.07627e-40
-3.47591e-44
8.00358e-42
-1.62341e-45
5.18058e-43
-6.13761e-47
2.86351e-44
-1.78242e-48
1.31579e-45
-3.71606e-50
4.83151e-47
-5.16266e-52
1.35922e-48
-5.88093e-55
2.92231e-50
7.74262e-53
-1.928e-27
1.6163e-28
-6.04354e-27
1.02002e-27
-1.14489e-26
3.95124e-27
-1.17732e-26
8.9209e-27
-5.51851e-27
1.0671e-26
-1.87182e-27
5.71994e-27
-1.1349e-27
2.1913e-27
-8.61218e-28
1.48676e-27
-6.28716e-28
1.2537e-27
-4.10591e-28
1.01156e-27
-2.36634e-28
7.27109e-28
-1.20593e-28
4.59749e-28
-5.42631e-29
2.56415e-28
-2.14704e-29
1.26032e-28
-7.56425e-30
5.43954e-29
-2.42085e-30
2.08836e-29
-6.95031e-31
7.27857e-30
-1.81713e-31
2.27501e-30
-4.37406e-32
6.47517e-31
-9.6347e-33
1.69725e-31
-1.93853e-33
4.07311e-32
-3.56152e-34
8.93593e-33
-5.97925e-35
1.79212e-33
-9.17414e-36
3.28909e-34
-1.28528e-36
5.52703e-35
-1.64085e-37
8.49989e-36
-1.90293e-38
1.19453e-36
-1.99596e-39
1.53027e-37
-1.88246e-40
1.78061e-38
-1.58495e-41
1.87287e-39
-1.17985e-42
1.77023e-40
-7.66686e-44
1.49173e-41
-4.27402e-45
1.10915e-42
-1.99542e-46
7.17517e-44
-7.53724e-48
3.96199e-45
-2.18573e-49
1.81798e-46
-4.55107e-51
6.66335e-48
-6.33509e-53
1.87137e-49
-6.64496e-56
4.03175e-51
1.02363e-53
-6.48838e-29
6.41532e-30
-2.30865e-28
4.59774e-29
-4.91004e-28
1.99587e-28
-5.62796e-28
5.00476e-28
-2.96915e-28
6.61048e-28
-1.16019e-28
3.9548e-28
-7.74517e-29
1.73215e-28
-6.30479e-29
1.28501e-28
-4.89156e-29
1.15493e-28
-3.36728e-29
9.84476e-29
-2.03164e-29
7.41798e-29
-1.07792e-29
4.88502e-29
-5.0255e-30
2.82284e-29
-2.05113e-30
1.43112e-29
-7.42425e-31
6.3446e-30
-2.43391e-31
2.49265e-30
-7.14144e-32
8.86633e-31
-1.90338e-32
2.82239e-31
-4.65837e-33
8.16263e-32
-1.04094e-33
2.16877e-32
-2.12093e-34
5.26496e-33
-3.93994e-35
1.16658e-33
-6.67871e-36
2.35975e-34
-1.03334e-36
4.36275e-35
-1.45809e-37
7.37686e-36
-1.87277e-38
1.14034e-36
-2.18288e-39
1.60932e-37
-2.29914e-40
2.06854e-38
-2.17564e-41
2.41318e-39
-1.83645e-42
2.54303e-40
-1.36953e-43
2.40663e-41
-8.90968e-45
2.02931e-42
-4.96953e-46
1.50901e-43
-2.32001e-47
9.75813e-45
-8.7579e-49
5.38372e-46
-2.53662e-50
2.46719e-47
-5.2748e-52
9.02734e-49
-7.35276e-54
2.53077e-50
-7.04357e-57
5.45835e-52
1.33139e-54
-1.87266e-30
2.41356e-31
-7.73974e-30
2.0065e-30
-1.87873e-29
9.8916e-30
-2.42899e-29
2.77616e-29
-1.45149e-29
4.06519e-29
-6.51862e-30
2.71233e-29
-4.79284e-30
1.34631e-29
-4.20236e-30
1.08604e-29
-3.4805e-30
1.03912e-29
-2.5367e-30
9.35442e-30
-1.60901e-30
7.38911e-30
-8.92175e-31
5.06904e-30
-4.32502e-31
3.03554e-30
-1.82694e-31
1.58775e-30
-6.81495e-32
7.23259e-31
-2.29512e-32
2.90887e-31
-6.90041e-33
1.05634e-31
-1.87939e-33
3.42588e-32
-4.68712e-34
1.00711e-32
-1.06475e-34
2.71332e-33
-2.20117e-35
6.66578e-34
-4.14183e-36
1.49226e-34
-7.10067e-37
3.04562e-35
-1.10952e-37
5.67428e-36
-1.57901e-38
9.65753e-37
-2.04297e-39
1.50111e-37
-2.39605e-40
2.12805e-38
-2.53681e-41
2.74524e-39
-2.4108e-42
3.2118e-40
-2.04183e-43
3.39192e-41
-1.52659e-44
3.21471e-42
-9.94937e-46
2.71298e-43
-5.55559e-47
2.01797e-44
-2.59479e-48
1.30464e-45
-9.79361e-50
7.19281e-47
-2.83472e-51
3.29238e-48
-5.89257e-53
1.2027e-49
-8.226e-55
3.36541e-51
-6.90125e-58
7.25807e-53
1.70562e-55
-3.09904e-32
-1.55259e-31
-4.44036e-31
-6.63083e-31
-4.55091e-31
-2.35633e-31
-1.92118e-31
-1.83456e-31
-1.6407e-31
-1.28006e-31
-8.62402e-32
-5.0455e-32
-2.5659e-32
-1.13109e-32
-4.38175e-33
-1.52681e-33
-4.735e-34
-1.32593e-34
-3.38893e-35
-7.86791e-36
-1.65845e-36
-3.17534e-37
-5.52868e-38
-8.75825e-39
-1.26159e-39
-1.64961e-40
-1.9525e-41
-2.08356e-42
-1.99334e-43
-1.69766e-44
-1.27498e-45
-8.33868e-47
-4.66827e-48
-2.18408e-49
-8.25039e-51
-2.38766e-52
-4.95788e-54
-6.8813e-56
-5.53912e-59
)
;

boundaryField
{
    leftWall
    {
        type            calculated;
        value           nonuniform 0();
    }
    rightWall
    {
        type            calculated;
        value           uniform 0;
    }
    lowerWall
    {
        type            calculated;
        value           nonuniform 0();
    }
    atmosphere
    {
        type            calculated;
        value           nonuniform List<scalar> 
45
(
0
0
2.01664e-37
1.63918e-35
4.68143e-34
8.15893e-33
8.24305e-32
4.75336e-31
1.52074e-30
2.49417e-30
1.85728e-30
1.0348e-30
9.02842e-31
9.19147e-31
8.74284e-31
7.24447e-31
5.18007e-31
3.21594e-31
1.73593e-31
8.12703e-32
3.34658e-32
1.24088e-32
4.10036e-33
1.22525e-33
3.34731e-34
8.32208e-35
1.88241e-35
3.87648e-36
7.27813e-37
1.24687e-37
1.94875e-38
2.77516e-39
3.59306e-40
4.21574e-41
4.46169e-42
4.23474e-43
3.57676e-44
2.66111e-45
1.71997e-46
9.47524e-48
4.33171e-49
1.57963e-50
4.41091e-52
9.50462e-54
2.15518e-56
)
;
    }
    defaultFaces
    {
        type            empty;
        value           nonuniform 0();
    }
    procBoundary3to1
    {
        type            processor;
        value           nonuniform List<scalar> 
45
(
1.03356e-13
9.73149e-14
2.24738e-14
5.93728e-13
1.3799e-08
2.4705e-07
1.64877e-07
-1.49686e-07
-4.49804e-08
-4.36634e-08
-2.38498e-08
-1.44718e-08
-4.03401e-08
-2.96048e-08
-1.6826e-08
-2.34319e-05
-0.000134047
-0.000119287
-9.928e-05
-2.85874e-05
-2.40898e-06
-3.40767e-07
-6.03972e-08
-1.25189e-08
-2.49574e-09
-4.21198e-10
-6.376e-11
-8.98443e-12
-1.20772e-12
-1.68603e-13
-3.01501e-14
-5.48627e-15
-1.47517e-15
-3.98188e-16
-1.27252e-16
-2.34464e-17
-3.30402e-18
-3.85666e-19
-3.78647e-20
-3.09636e-21
-2.05862e-22
-1.07027e-23
-4.08358e-25
-1.0167e-26
-1.19513e-28
)
;
    }
    procBoundary3to2
    {
        type            processor;
        value           nonuniform List<scalar> 
43
(
-2.16257e-13
-1.04763e-12
-4.19761e-12
-8.54826e-12
-3.71212e-12
-1.46435e-12
-6.94056e-12
-3.26854e-11
-1.00106e-10
-1.81238e-10
-5.86651e-10
-1.05812e-09
-2.60454e-09
-6.36475e-09
-1.01603e-08
-8.70083e-09
-2.12676e-09
-1.31581e-09
-2.54677e-09
-4.07511e-09
9.95619e-10
1.30475e-09
2.56937e-10
2.00311e-11
1.05606e-12
3.59287e-14
1.92239e-15
8.36126e-16
1.74723e-16
1.26581e-17
6.40116e-19
2.78693e-20
1.07062e-21
3.65297e-23
1.10551e-24
2.95141e-26
6.89097e-28
1.39515e-29
2.3288e-31
2.98954e-33
2.59587e-35
1.12948e-37
5.66697e-41
)
;
    }
}


// ************************************************************************* //
