/*--------------------------------*- C++ -*----------------------------------*\
| =========                 |                                                 |
| \\      /  F ield         | OpenFOAM: The Open Source CFD Toolbox           |
|  \\    /   O peration     | Version:  3.0.1                                 |
|   \\  /    A nd           | Web:      www.OpenFOAM.org                      |
|    \\/     M anipulation  |                                                 |
\*---------------------------------------------------------------------------*/
FoamFile
{
    version     2.0;
    format      ascii;
    class       volScalarField;
    location    "0.25";
    object      p;
}
// * * * * * * * * * * * * * * * * * * * * * * * * * * * * * * * * * * * * * //

dimensions      [1 -1 -2 0 0 0 0];

internalField   nonuniform List<scalar> 
1935
(
-9.0094
-9.44446
-9.97004
-10.557
-11.1155
-11.6645
-12.2605
-12.8383
-13.3198
-13.678
-13.9441
-14.3131
-15.0061
-15.9804
-17.0418
-18.1431
-19.3717
-20.7059
-21.8269
-21.4967
-19.0873
-15.5502
-12.703
-10.6505
-9.17342
-8.12473
-7.36724
-6.81579
-6.41108
-6.11294
-5.8932
-5.73278
-5.61805
-5.53921
-5.4891
-5.46244
-5.45523
-5.46444
-5.48768
-5.52322
-5.56978
-5.62627
-5.69233
-9.24307
-9.47576
-9.65893
-9.68564
-9.71046
-9.94349
-10.1262
-10.1518
-10.3313
-10.6506
-10.9181
-11.1213
-11.0832
-11.6292
-12.242
-12.7293
-11.7128
-12.3562
-13.4361
-14.8487
-12.196
-12.5947
-12.9941
-14.3585
-12.8412
-13.3721
-13.5728
-13.8566
-13.5164
-14.1873
-14.6172
-15.6196
-14.0241
-14.6599
-15.1307
-16.0164
-14.2789
-14.7421
-14.9818
-14.4021
-14.3272
-14.5952
-14.6638
-13.4534
-14.5082
-14.6094
-15.0428
-14.7963
-15.3218
-15.4673
-15.7552
-15.7032
-16.6689
-17.063
-17.0146
-16.7192
-18.0691
-18.6182
-18.3142
-17.542
-19.4541
-20.1862
-19.8067
-19.2772
-21.1037
-21.827
-21.8143
-23.6303
-23.2876
-24.0879
-25.1373
-45.4033
-25.1221
-28.1639
-34.0359
-75.9651
-25.8487
-32.2893
-43.0359
-53.7205
-22.8624
-28.0365
-32.6137
-33.1458
-17.2461
-18.6298
-19.4798
-19.3808
-13.3009
-13.591
-13.5834
-13.0943
-10.7823
-10.7353
-10.469
-9.89979
-9.08942
-8.89065
-8.55825
-8.0791
-7.96399
-7.73027
-7.41286
-7.01568
-7.18259
-6.95337
-6.67479
-6.35267
-6.63231
-6.42178
-6.18145
-5.91745
-6.23897
-6.05061
-5.84348
-5.62494
-5.95602
-5.79005
-5.61394
-5.42871
-5.75229
-5.60657
-5.45429
-5.29729
-5.60732
-5.47969
-5.34794
-5.2137
-5.50695
-5.3953
-5.28123
-5.16605
-5.4413
-5.3439
-5.24523
-5.14634
-5.40332
-5.31873
-5.2337
-5.149
-5.38787
-5.31493
-5.24209
-5.16994
-5.39107
-5.32874
-5.26707
-5.20625
-5.41017
-5.35794
-5.30633
-5.25583
-5.44279
-5.39991
-5.35795
-5.31715
-5.48741
-5.45359
-5.42086
-5.38931
-5.54297
-5.51811
-5.49441
-5.47186
-5.60865
-5.59294
-5.57836
-5.56473
-5.68462
-5.67877
-5.67363
-5.66891
-10.0798
-13.1391
-15.0638
-14.0316
-13.15
-12.3488
-12.0291
-11.7407
-11.1816
-10.549
-11.1352
-1.01119
12.9079
8.03551
2.13351
3.78263
3.09962
3.26602
3.40767
3.55054
3.66664
3.74815
3.80313
3.83952
3.86243
3.87533
3.88108
3.882
3.87972
3.87531
3.8696
3.86328
3.85693
3.85092
3.84545
3.84059
3.83644
3.83312
3.83081
3.82964
-10.1579
-11.2813
-13.2806
-13.7479
-13.2134
-12.5688
-12.1879
-11.8561
-11.4001
-11.0137
-8.06169
6.625
12.2131
5.66189
3.78379
2.81143
2.80348
2.9535
3.11073
3.25862
3.37635
3.46299
3.52567
3.57056
3.60193
3.62295
3.63627
3.644
3.64769
3.64846
3.64725
3.64483
3.64182
3.63862
3.63546
3.63247
3.62978
3.62755
3.62597
3.62518
-11.3035
-11.563
-12.1694
-13.0941
-12.8813
-12.5461
-12.2613
-12.0142
-11.4663
-11.6024
1.91794
8.97928
5.5643
4.78923
3.02723
2.39698
2.52626
2.67035
2.82907
2.97398
3.09025
3.18013
3.24891
3.30095
3.33967
3.36789
3.38803
3.40198
3.41123
3.41697
3.42014
3.42152
3.42173
3.42121
3.42027
3.4191
3.41788
3.41678
3.41598
3.41559
-12.7396
-12.4537
-12.3319
-12.6198
-12.6262
-12.4712
-12.2456
-11.7298
-10.9986
1.65535
11.1626
5.82174
4.41556
2.68191
2.1167
2.07639
2.24381
2.40027
2.55663
2.69515
2.80911
2.90104
2.97431
3.032
3.07685
3.1113
3.13744
3.157
3.17138
3.18173
3.18899
3.19396
3.19723
3.1993
3.20052
3.20113
3.20136
3.20138
3.20135
3.20134
-14.8774
-13.7938
-13.2064
-12.9662
-12.7981
-12.5137
-11.9554
-10.8444
-0.844281
10.1219
6.27598
4.2258
2.28613
1.73126
1.67253
1.79739
1.97003
2.13519
2.28811
2.42117
2.53326
2.62633
2.70264
2.76459
2.81441
2.85412
2.88546
2.90998
2.92895
2.94349
2.95452
2.96281
2.96899
2.97354
2.97685
2.9792
2.98083
2.98191
2.98259
2.98295
-15.4636
-14.826
-14.0588
-13.5744
-13.1894
-12.5215
-11.3438
-2.76991
8.01696
5.66899
3.89833
1.87933
1.34225
1.29391
1.41448
1.55781
1.72061
1.8799
2.02524
2.15299
2.26294
2.35623
2.4345
2.49961
2.55335
2.59733
2.63303
2.66179
2.68479
2.70307
2.71751
2.72885
2.73771
2.74458
2.74986
2.75386
2.7568
2.75887
2.76022
2.76091
-14.5303
-14.6534
-14.249
-14.0971
-13.4222
-12.2911
-4.2791
4.54211
5.37287
2.79236
1.42116
0.971234
0.897108
1.01844
1.17146
1.32339
1.4797
1.62993
1.76766
1.8905
1.99801
2.09087
2.17029
2.23765
2.29433
2.34167
2.3809
2.41322
2.43968
2.46123
2.47869
2.49277
2.50406
2.51305
2.52015
2.52565
2.52981
2.53279
2.53475
2.53574
-16.0938
-14.7323
-14.2552
-14.6769
-15.0325
-5.41705
2.05647
4.63017
1.00345
0.713596
0.526098
0.511225
0.61253
0.768418
0.930184
1.08641
1.23854
1.38224
1.51423
1.63293
1.73807
1.83015
1.9101
1.97894
2.03775
2.08764
2.12968
2.16491
2.19428
2.21864
2.23872
2.2552
2.26865
2.27954
2.28827
2.29515
2.30041
2.30422
2.30672
2.30799
-16.0835
-14.2812
-13.9362
-14.2674
-9.185
2.00882
4.15067
1.88778
0.272689
0.0336473
0.0808996
0.195918
0.354477
0.526137
0.691752
0.848732
0.997724
1.13686
1.26447
1.37975
1.48272
1.57387
1.6539
1.72361
1.78386
1.83562
1.87983
1.9174
1.94916
1.97586
1.99817
2.01672
2.03205
2.04461
2.05479
2.06289
2.06912
2.07366
2.07665
2.07817
-12.4044
-12.6358
-12.7449
-12.8483
-4.16922
3.58058
1.7862
-0.119177
-0.419031
-0.39432
-0.246245
-0.0790808
0.105996
0.285937
0.454119
0.611422
0.758283
0.894085
1.01827
1.13075
1.2318
1.32191
1.40166
1.47171
1.53284
1.5859
1.63173
1.67112
1.70479
1.7334
1.75756
1.77785
1.79477
1.80878
1.82021
1.82935
1.83643
1.84161
1.84503
1.84677
-12.5916
-11.4639
-11.366
-10.2779
-1.94711
1.75237
0.947453
-1.1115
-1.03981
-0.780924
-0.555681
-0.342578
-0.138572
0.0476635
0.218569
0.37613
0.521292
0.654444
0.775874
0.885987
0.985265
1.0742
1.15334
1.2233
1.28484
1.33873
1.38571
1.42645
1.46158
1.49168
1.51732
1.53903
1.55729
1.57249
1.58498
1.59502
1.60281
1.60852
1.61231
1.61423
-15.8886
-12.2062
-10.4881
-8.3684
-5.33636
-2.49512
-1.66335
-1.74762
-1.5058
-1.11639
-0.834269
-0.589805
-0.375169
-0.184496
-0.0120757
0.14489
0.288171
0.418874
0.537825
0.645733
0.743194
0.83074
0.908942
0.978459
1.04001
1.09432
1.14201
1.18367
1.21985
1.25106
1.27783
1.30066
1.31999
1.33617
1.34953
1.36029
1.36868
1.37484
1.37893
1.38101
-14.6278
-27.7988
-10.739
-7.13137
-4.24033
-2.59309
-2.2148
-1.93926
-1.64228
-1.32321
-1.0499
-0.807339
-0.594842
-0.405413
-0.234774
-0.0801293
0.0604756
0.188407
0.304732
0.410273
0.50568
0.591545
0.668503
0.737247
0.798472
0.852813
0.900824
0.943002
0.979833
1.0118
1.0394
1.06307
1.08322
1.10018
1.11421
1.12556
1.13442
1.14094
1.14527
1.14748
-16.1566
-9.33767
-4.44161
-6.68033
-3.54069
-2.60588
-2.31384
-1.9749
-1.71084
-1.45419
-1.21534
-0.994773
-0.794499
-0.612635
-0.447491
-0.297306
-0.160611
-0.0361684
0.0770375
0.179801
0.272786
0.356643
0.432058
0.499728
0.560299
0.614322
0.662274
0.704597
0.741736
0.774147
0.802278
0.826539
0.847284
0.864808
0.879359
0.891148
0.900366
0.907162
0.911686
0.914001
-17.6773
-11.8708
-5.57618
-9.45535
-2.82644
-2.35539
-2.34646
-1.96326
-1.77437
-1.56528
-1.35938
-1.16255
-0.978082
-0.807239
-0.650139
-0.506225
-0.374669
-0.254575
-0.14514
-0.0456677
0.0444954
0.126025
0.199609
0.265916
0.325515
0.378878
0.426423
0.468555
0.505694
0.538264
0.566674
0.591288
0.612418
0.630325
0.645229
0.657327
0.666804
0.673803
0.67847
0.680878
-20.7895
-20.8256
-7.38438
-3.76464
-1.54404
-2.11336
-2.17142
-1.95888
-1.85241
-1.67548
-1.49622
-1.32019
-1.15127
-0.992224
-0.844267
-0.707666
-0.582119
-0.467097
-0.362024
-0.266304
-0.17931
-0.100393
-0.0289186
0.0357464
0.0940685
0.146454
0.193282
0.234934
0.271803
0.304283
0.33274
0.357493
0.378815
0.396931
0.412042
0.424329
0.433968
0.441105
0.445859
0.448378
-55.2583
-29.5637
-8.64523
-2.82676
-1.41029
-2.0968
-2.19186
-2.04711
-1.94598
-1.79459
-1.63563
-1.4755
-1.31958
-1.17129
-1.0323
-0.903217
-0.784042
-0.674488
-0.574135
-0.482463
-0.398881
-0.322778
-0.253703
-0.19092
-0.13415
-0.0830201
-0.0371756
0.00374739
0.0401151
0.0722849
0.100582
0.125281
0.146615
0.164782
0.179967
0.192334
0.202046
0.209269
0.214025
0.216737
-68.0875
-30.2396
-9.39725
-4.17626
-2.39015
-2.5627
-2.40242
-2.24387
-2.10207
-1.94376
-1.7887
-1.63563
-1.48803
-1.34806
-1.21682
-1.09473
-0.981786
-0.877729
-0.782185
-0.694668
-0.614633
-0.541541
-0.474906
-0.41427
-0.359296
-0.309652
-0.265011
-0.225026
-0.189358
-0.15769
-0.12974
-0.105271
-0.0840849
-0.0660104
-0.0508745
-0.0385229
-0.028828
-0.0215456
-0.0170347
-0.0137428
-49.458
-24.1452
-8.53127
-5.32998
-3.89308
-3.10307
-2.71419
-2.49947
-2.29907
-2.12024
-1.95686
-1.80327
-1.65937
-1.52492
-1.3998
-1.28379
-1.17657
-1.07775
-0.986879
-0.903464
-0.826987
-0.756962
-0.692959
-0.634609
-0.581594
-0.533605
-0.490329
-0.451447
-0.416647
-0.385647
-0.358208
-0.334125
-0.313226
-0.295383
-0.280399
-0.268141
-0.258561
-0.251193
-0.247176
-0.243051
-35.6901
-16.2262
-7.11921
-5.53818
-4.64027
-3.66461
-3.09193
-2.78068
-2.51907
-2.31298
-2.13534
-1.97713
-1.83383
-1.70272
-1.58225
-1.47134
-1.36922
-1.27523
-1.18879
-1.10934
-1.03637
-0.969444
-0.908163
-0.852201
-0.801262
-0.755051
-0.71327
-0.675622
-0.641828
-0.611641
-0.584857
-0.5613
-0.540821
-0.523285
-0.508555
-0.496474
-0.487042
-0.479748
-0.475801
-0.471572
-26.9808
-15.8636
-8.53153
-6.20355
-5.04878
-4.09972
-3.46923
-3.05115
-2.74285
-2.50928
-2.31753
-2.15384
-2.00997
-1.88109
-1.76432
-1.65778
-1.5602
-1.47063
-1.38833
-1.31268
-1.24315
-1.17931
-1.12079
-1.06729
-1.01851
-0.974165
-0.933979
-0.897675
-0.865005
-0.835755
-0.809746
-0.78683
-0.766873
-0.749749
-0.735344
-0.723508
-0.714243
-0.707115
-0.703082
-0.699138
-17.0625
-12.4817
-8.63156
-6.57839
-5.2748
-4.33811
-3.70492
-3.26148
-2.94009
-2.69358
-2.49499
-2.32875
-2.18534
-2.05884
-1.94555
-1.84302
-1.74962
-1.66417
-1.58579
-1.5138
-1.44763
-1.38685
-1.33111
-1.2801
-1.23353
-1.19112
-1.15261
-1.11774
-1.0863
-1.05809
-1.03296
-1.01079
-0.99144
-0.97481
-0.96079
-0.949255
-0.94019
-0.933245
-0.92921
-0.925575
-11.7484
-9.6084
-7.62306
-6.20454
-5.15149
-4.37229
-3.81528
-3.40737
-3.09949
-2.85774
-2.66184
-2.49805
-2.35758
-2.23458
-2.12516
-2.02671
-1.93741
-1.85595
-1.78137
-1.71292
-1.65005
-1.59232
-1.53935
-1.49085
-1.44653
-1.4061
-1.36933
-1.33597
-1.30584
-1.27876
-1.25461
-1.23325
-1.2146
-1.19852
-1.18495
-1.17376
-1.16494
-1.15822
-1.1542
-1.15087
-8.91704
-7.68889
-6.56892
-5.64197
-4.89299
-4.30926
-3.85843
-3.50673
-3.22811
-3.00292
-2.81708
-2.6603
-2.52542
-2.40736
-2.30256
-2.20851
-2.12342
-2.04596
-1.97515
-1.91023
-1.85064
-1.79593
-1.74575
-1.69978
-1.65772
-1.61932
-1.58433
-1.55255
-1.52379
-1.49792
-1.47481
-1.45435
-1.43643
-1.42098
-1.4079
-1.3971
-1.38857
-1.3821
-1.37813
-1.37508
-7.40776
-6.61212
-5.87312
-5.23099
-4.6911
-4.24656
-3.8824
-3.58419
-3.3388
-3.13478
-2.96295
-2.81609
-2.68877
-2.5769
-2.47748
-2.38827
-2.30761
-2.23426
-2.16725
-2.10588
-2.04958
-1.99792
-1.95053
-1.90709
-1.86732
-1.83096
-1.7978
-1.76764
-1.74032
-1.71571
-1.6937
-1.67419
-1.65708
-1.64229
-1.62974
-1.61938
-1.61117
-1.60497
-1.60108
-1.59832
-6.52734
-5.97963
-5.45486
-4.98067
-4.56639
-4.21156
-3.91068
-3.65664
-3.44183
-3.25915
-3.10253
-2.96692
-2.84828
-2.74347
-2.65001
-2.56603
-2.49004
-2.42094
-2.35783
-2.30005
-2.24708
-2.19848
-2.15389
-2.113
-2.07553
-2.04125
-2.00994
-1.98144
-1.9556
-1.9323
-1.91143
-1.89291
-1.87665
-1.86257
-1.8506
-1.8407
-1.83285
-1.82693
-1.82317
-1.82069
-5.97751
-5.56959
-5.17652
-4.81286
-4.48602
-4.19794
-3.94709
-3.73001
-3.54238
-3.37982
-3.2383
-3.1143
-3.00487
-2.90759
-2.8205
-2.74202
-2.67092
-2.6062
-2.54709
-2.49297
-2.44336
-2.39783
-2.35605
-2.31772
-2.28256
-2.25036
-2.22094
-2.19413
-2.1698
-2.14785
-2.12817
-2.11068
-2.0953
-2.08196
-2.07061
-2.06121
-2.05374
-2.04813
-2.04452
-2.04231
-5.62082
-5.30242
-4.99416
-4.70532
-4.44124
-4.20391
-3.99303
-3.80695
-3.64323
-3.49916
-3.37209
-3.25957
-3.15946
-3.06992
-2.98939
-2.91661
-2.85053
-2.79031
-2.73527
-2.68487
-2.63864
-2.59621
-2.55724
-2.52146
-2.48862
-2.45853
-2.431
-2.40591
-2.38312
-2.36254
-2.34408
-2.32765
-2.31318
-2.30062
-2.28992
-2.28105
-2.27399
-2.2687
-2.26526
-2.26332
-5.38414
-5.12807
-4.87945
-4.64438
-4.42676
-4.22835
-4.04943
-3.88919
-3.74624
-3.61888
-3.50533
-3.40387
-3.31293
-3.23111
-3.15721
-3.0902
-3.02922
-2.97357
-2.92266
-2.876
-2.83317
-2.79383
-2.75767
-2.72444
-2.69393
-2.66594
-2.64033
-2.61696
-2.59574
-2.57656
-2.55933
-2.54399
-2.53046
-2.51871
-2.50869
-2.50037
-2.49375
-2.48879
-2.48554
-2.48386
-5.22849
-5.01753
-4.8127
-4.61799
-4.43613
-4.26858
-4.11575
-3.97732
-3.85249
-3.74015
-3.6391
-3.54811
-3.46603
-3.3918
-3.32448
-3.26323
-3.20738
-3.15631
-3.10953
-3.06661
-3.02718
-2.99092
-2.95756
-2.92688
-2.89868
-2.87281
-2.84912
-2.82751
-2.80786
-2.79009
-2.77412
-2.75989
-2.74733
-2.7364
-2.72708
-2.71933
-2.71317
-2.70856
-2.70552
-2.70408
-5.12906
-4.95274
-4.78155
-4.61824
-4.46478
-4.32229
-4.19122
-4.07145
-3.96252
-3.8637
-3.77416
-3.69302
-3.61942
-3.55254
-3.49166
-3.43612
-3.38534
-3.33884
-3.29617
-3.25696
-3.2209
-3.1877
-3.15713
-3.129
-3.10312
-3.07937
-3.05761
-3.03775
-3.01969
-3.00335
-2.98865
-2.97553
-2.96395
-2.95387
-2.94526
-2.93811
-2.93242
-2.92817
-2.92534
-2.92415
-5.07099
-4.92214
-4.77772
-4.63965
-4.50936
-4.38771
-4.27509
-4.17149
-4.07662
-3.99
-3.91106
-3.83913
-3.77358
-3.71379
-3.65918
-3.60923
-3.56345
-3.52144
-3.48284
-3.44731
-3.41458
-3.38443
-3.35663
-3.33103
-3.30747
-3.28583
-3.26601
-3.24791
-3.23144
-3.21652
-3.2031
-3.19111
-3.18052
-3.1713
-3.16342
-3.15688
-3.15167
-3.14778
-3.14518
-3.14421
-5.04437
-4.91799
-4.7955
-4.67828
-4.56736
-4.46337
-4.36665
-4.27721
-4.19489
-4.11935
-4.05017
-3.98687
-3.92897
-3.87597
-3.82742
-3.7829
-3.74201
-3.70442
-3.66981
-3.6379
-3.60848
-3.58134
-3.5563
-3.53322
-3.51197
-3.49245
-3.47455
-3.4582
-3.44331
-3.42982
-3.41768
-3.40682
-3.39723
-3.38887
-3.38173
-3.3758
-3.37108
-3.36757
-3.36519
-3.36445
-5.04243
-4.93491
-4.83086
-4.73126
-4.63685
-4.54811
-4.46528
-4.38841
-4.31738
-4.25195
-4.19181
-4.1366
-4.08593
-4.03942
-3.99672
-3.95746
-3.92133
-3.88805
-3.85735
-3.82902
-3.80286
-3.7787
-3.75639
-3.73581
-3.71686
-3.69944
-3.68345
-3.66884
-3.65553
-3.64346
-3.63258
-3.62286
-3.61426
-3.60677
-3.60037
-3.59506
-3.59083
-3.58769
-3.58555
-3.58501
-5.0604
-4.96908
-4.88086
-4.79644
-4.71638
-4.641
-4.5705
-4.50491
-4.44413
-4.38799
-4.33625
-4.28862
-4.2448
-4.20449
-4.16739
-4.13321
-4.1017
-4.07262
-4.04576
-4.02094
-3.99799
-3.97677
-3.95717
-3.93907
-3.92239
-3.90704
-3.89295
-3.88005
-3.8683
-3.85763
-3.84801
-3.83941
-3.83181
-3.82518
-3.81952
-3.81483
-3.81109
-3.80832
-3.80642
-3.80608
-5.09483
-5.01768
-4.94333
-4.87227
-4.80489
-4.74142
-4.682
-4.62663
-4.57524
-4.52769
-4.48377
-4.44326
-4.40592
-4.37151
-4.33977
-4.31049
-4.28345
-4.25845
-4.23534
-4.21395
-4.19415
-4.17583
-4.15889
-4.14323
-4.12879
-4.11548
-4.10325
-4.09205
-4.08183
-4.07255
-4.06418
-4.05669
-4.05006
-4.04429
-4.03937
-4.03529
-4.03204
-4.02965
-4.02797
-4.02782
-5.1432
-5.07871
-5.01675
-4.95765
-4.90167
-4.84897
-4.79962
-4.75361
-4.71087
-4.67128
-4.63466
-4.60085
-4.56964
-4.54083
-4.51422
-4.48964
-4.46691
-4.44587
-4.4264
-4.40835
-4.39164
-4.37615
-4.36181
-4.34855
-4.33629
-4.32499
-4.31459
-4.30505
-4.29634
-4.28842
-4.28127
-4.27487
-4.26922
-4.2643
-4.2601
-4.25662
-4.25386
-4.25182
-4.25037
-4.2504
-5.20378
-5.15081
-5.1001
-5.05188
-5.0063
-4.96344
-4.92334
-4.88596
-4.85124
-4.81905
-4.78928
-4.76175
-4.73632
-4.71283
-4.69111
-4.67103
-4.65244
-4.63522
-4.61926
-4.60447
-4.59074
-4.57801
-4.5662
-4.55527
-4.54514
-4.53579
-4.52717
-4.51926
-4.51202
-4.50544
-4.49949
-4.49417
-4.48947
-4.48537
-4.48189
-4.479
-4.47671
-4.47504
-4.4738
-4.47399
-5.27536
-5.23307
-5.19277
-5.15459
-5.11861
-5.08484
-5.05329
-5.02392
-4.99665
-4.97137
-4.94799
-4.92638
-4.9064
-4.88794
-4.87086
-4.85506
-4.84043
-4.82686
-4.81428
-4.8026
-4.79175
-4.78168
-4.77232
-4.76363
-4.75557
-4.74811
-4.74123
-4.73489
-4.72909
-4.72381
-4.71904
-4.71478
-4.711
-4.70772
-4.70493
-4.70262
-4.70079
-4.69945
-4.69843
-4.69876
-5.35723
-5.325
-5.29447
-5.26566
-5.23861
-5.21331
-5.18972
-5.16779
-5.14746
-5.12864
-5.11124
-5.09516
-5.0803
-5.06658
-5.05388
-5.04213
-5.03125
-5.02115
-5.01178
-5.00306
-4.99496
-4.98742
-4.98039
-4.97386
-4.96779
-4.96216
-4.95695
-4.95215
-4.94775
-4.94374
-4.94011
-4.93687
-4.934
-4.93151
-4.92939
-4.92763
-4.92624
-4.92524
-4.92441
-4.92489
-5.44915
-5.42652
-5.40524
-5.38527
-5.3666
-5.3492
-5.33304
-5.31805
-5.30419
-5.29138
-5.27956
-5.26865
-5.25857
-5.24927
-5.24068
-5.23272
-5.22535
-5.21851
-5.21215
-5.20623
-5.20072
-5.19557
-5.19077
-5.18629
-5.18212
-5.17824
-5.17464
-5.17132
-5.16827
-5.16548
-5.16296
-5.16071
-5.15871
-5.15698
-5.15551
-5.15429
-5.15332
-5.15263
-5.15198
-5.15257
-5.55117
-5.5378
-5.52533
-5.51372
-5.50293
-5.49293
-5.48368
-5.47515
-5.46728
-5.46003
-5.45336
-5.44722
-5.44156
-5.43635
-5.43153
-5.42707
-5.42295
-5.41912
-5.41555
-5.41223
-5.40912
-5.40622
-5.4035
-5.40095
-5.39858
-5.39636
-5.3943
-5.39239
-5.39063
-5.38903
-5.38758
-5.38627
-5.38512
-5.38412
-5.38327
-5.38257
-5.38201
-5.38162
-5.38109
-5.38184
-5.66431
-5.65985
-5.65577
-5.65203
-5.64862
-5.64551
-5.64269
-5.64014
-5.63782
-5.63572
-5.63382
-5.63209
-5.63051
-5.62907
-5.62775
-5.62653
-5.62541
-5.62437
-5.62339
-5.62248
-5.62162
-5.6208
-5.62003
-5.6193
-5.61861
-5.61796
-5.61735
-5.61678
-5.61625
-5.61576
-5.61532
-5.61491
-5.61456
-5.61425
-5.61398
-5.61376
-5.61359
-5.61351
-5.61327
-5.61351
)
;

boundaryField
{
    leftWall
    {
        type            calculated;
        value           nonuniform 0();
    }
    rightWall
    {
        type            calculated;
        value           nonuniform List<scalar> 
43
(
3.82964
3.62518
3.41559
3.20134
2.98295
2.76091
2.53574
2.30799
2.07817
1.84677
1.61423
1.38101
1.14748
0.914001
0.680878
0.448378
0.216737
-0.0137428
-0.243051
-0.471572
-0.699138
-0.925575
-1.15087
-1.37508
-1.59832
-1.82069
-2.04231
-2.26332
-2.48386
-2.70408
-2.92415
-3.14421
-3.36445
-3.58501
-3.80608
-4.02782
-4.2504
-4.47399
-4.69876
-4.92489
-5.15257
-5.38184
-5.61351
)
;
    }
    lowerWall
    {
        type            calculated;
        value           nonuniform 0();
    }
    atmosphere
    {
        type            calculated;
        value           nonuniform List<scalar> 
45
(
-5.73124
-5.72913
-5.72904
-5.72904
-5.72904
-5.72904
-5.72904
-5.72904
-5.72904
-5.72904
-5.72904
-5.72904
-5.72904
-5.72904
-5.72904
-5.72904
-5.72904
-5.72904
-5.72904
-5.72904
-5.72904
-5.72904
-5.72904
-5.72904
-5.72904
-5.72904
-5.72904
-5.72904
-5.72904
-5.72904
-5.72904
-5.72904
-5.72904
-5.72904
-5.72904
-5.72904
-5.72904
-5.72904
-5.72904
-5.72904
-5.72904
-5.72904
-5.72904
-5.72904
-5.72904
)
;
    }
    defaultFaces
    {
        type            empty;
    }
    procBoundary3to1
    {
        type            processor;
        value           nonuniform List<scalar> 
45
(
-8.62852
-8.84218
-9.08771
-9.3567
-9.62419
-10.6025
-13.5397
-14.2154
-13.2272
-12.3848
-11.8028
-11.7274
-11.5815
-10.9441
-10.2888
-9.08706
-11.2662
10.5484
12.5769
3.76579
4.45928
3.32148
3.55556
3.71054
3.84911
3.96051
4.03453
4.07966
4.10574
4.11892
4.12299
4.1208
4.11466
4.10621
4.09652
4.08629
4.0761
4.06642
4.05757
4.04973
4.04299
4.03739
4.03303
4.03006
4.02855
)
;
    }
    procBoundary3to2
    {
        type            processor;
        value           nonuniform List<scalar> 
43
(
-8.78052
-9.17981
-9.63459
-10.1262
-10.6228
-11.1321
-11.6614
-12.1803
-12.6435
-13.0288
-13.3756
-13.8079
-14.4178
-15.1732
-15.9873
-16.8292
-17.6899
-18.4553
-18.8524
-18.2527
-16.4401
-14.0714
-12.0336
-10.4154
-9.16382
-8.21809
-7.50547
-6.96857
-6.56327
-6.25714
-6.02639
-5.85387
-5.72697
-5.63639
-5.57514
-5.53793
-5.52072
-5.52038
-5.53442
-5.56098
-5.59866
-5.64615
-5.70268
)
;
    }
}


// ************************************************************************* //
