/*--------------------------------*- C++ -*----------------------------------*\
| =========                 |                                                 |
| \\      /  F ield         | OpenFOAM: The Open Source CFD Toolbox           |
|  \\    /   O peration     | Version:  3.0.1                                 |
|   \\  /    A nd           | Web:      www.OpenFOAM.org                      |
|    \\/     M anipulation  |                                                 |
\*---------------------------------------------------------------------------*/
FoamFile
{
    version     2.0;
    format      ascii;
    class       volScalarField;
    location    "0.25";
    object      p_rgh;
}
// * * * * * * * * * * * * * * * * * * * * * * * * * * * * * * * * * * * * * //

dimensions      [1 -1 -2 0 0 0 0];

internalField   nonuniform List<scalar> 
1935
(
-6.66511
-7.03485
-7.49447
-8.01483
-8.50622
-8.98742
-9.51501
-10.0236
-10.4353
-10.7227
-10.8918
-11.2083
-11.7358
-12.3401
-13.1321
-14.0223
-15.1604
-16.4745
-17.8568
-17.6677
-15.2517
-11.6929
-8.77201
-6.63981
-5.08195
-3.95171
-3.11192
-2.4774
-1.98886
-1.60609
-1.30095
-1.05433
-0.852608
-0.685962
-0.547231
-0.431124
-0.333636
-0.251737
-0.183022
-0.125752
-0.07864
-0.0405832
-0.0112233
-6.89878
-7.13148
-7.31464
-7.34135
-7.30085
-7.53388
-7.71663
-7.74211
-7.85573
-8.17504
-8.44255
-8.64562
-8.54114
-9.08714
-9.70042
-10.1692
-9.10356
-9.74696
-10.6238
-5.42725
-9.51895
-9.91755
-4.6568
-1.1599
-10.0957
-10.6263
-10.456
-9.70304
-10.6901
-11.3548
-11.7716
-1.90148
-10.9874
-11.6897
-12.1969
82.0704
-11.1634
-11.2716
-11.3171
94.5493
-11.2639
-7.52341
-10.9695
46.6734
-10.9862
-7.36966
-8.76496
-10.4935
-12.0249
-9.26658
-10.7233
-11.4111
-12.641
-12.5288
-12.6269
-12.3356
-12.5297
-14.052
-13.8329
-13.0588
-13.7905
-15.4967
-15.2186
24.3413
-15.3148
-16.946
-17.1217
412.461
-17.5928
-19.0594
32.4817
808.691
-20.3173
-22.0641
93.0265
677.214
-21.722
-23.3639
67.5805
258.795
-18.837
-15.2234
4.63286
-4.19163
-13.3662
-13.0377
-10.0202
-11.6698
-9.36818
-9.58309
-9.08337
-8.54166
-6.77159
-6.7177
-6.40371
-5.82819
-4.99795
-4.79832
-4.46269
-3.98359
-3.79097
-3.55719
-3.23959
-2.84242
-2.92727
-2.69805
-2.41946
-2.09734
-2.29392
-2.08339
-1.84306
-1.57906
-1.81674
-1.62838
-1.42125
-1.20271
-1.44917
-1.2832
-1.10709
-0.921865
-1.16004
-1.01431
-0.862034
-0.705037
-0.928871
-0.80124
-0.669489
-0.535249
-0.741499
-0.629854
-0.51578
-0.400602
-0.588048
-0.490647
-0.391981
-0.293092
-0.461447
-0.376861
-0.291831
-0.207123
-0.356559
-0.28361
-0.210772
-0.138627
-0.269478
-0.207147
-0.145481
-0.0846626
-0.197472
-0.145237
-0.0936304
-0.0431277
-0.138128
-0.0952536
-0.0532913
-0.0124925
-0.0899372
-0.0561213
-0.0233853
0.00816264
-0.0518274
-0.0269625
-0.00326617
0.0192867
-0.0229597
-0.00724932
0.00732795
0.0209623
-0.00351476
0.00234292
0.00747893
0.0121944
3.99254
2.32234
-1.49169
-10.5297
-10.2183
-9.45056
-9.24856
-9.05578
-8.6026
-8.0469
480.484
1648.51
1677.32
1550.32
452.839
13.2144
7.43998
6.07852
5.86441
5.91835
6.01501
6.09307
6.1475
6.18381
6.20672
6.21961
6.22536
6.22628
6.224
6.2196
6.21388
6.20757
6.20122
6.19521
6.18973
6.18487
6.18072
6.1774
6.1751
6.17393
-5.35222
4.611
2.06293
-9.01063
-10.1534
-9.56984
-9.26276
-8.93808
-8.60337
109.572
1319.47
1654.4
1690.75
988.988
119.491
8.74642
6.43041
5.69526
5.59472
5.68225
5.7883
5.87296
5.93533
5.98018
6.01154
6.03255
6.04587
6.05361
6.05729
6.05807
6.05686
6.05444
6.05143
6.04822
6.04507
6.04208
6.03939
6.03716
6.03558
6.03478
-8.82431
-5.73954
0.664209
-7.54237
-9.66297
-9.40148
-9.09738
-8.32314
6.42055
870.995
1573.79
1653.29
1160.92
239.486
21.0853
8.02409
5.82844
5.34741
5.34583
5.45689
5.56699
5.65585
5.72448
5.7765
5.81521
5.84344
5.86357
5.87752
5.88677
5.89251
5.89568
5.89706
5.89727
5.89675
5.89581
5.89464
5.89342
5.89232
5.89152
5.89113
-10.1841
-9.87263
-8.30063
-7.73009
-9.13909
-9.11516
-8.46721
-7.81973
508.514
1431.29
1530.43
1170.06
289.861
21.7161
10.7451
6.38178
5.21293
5.03828
5.11766
5.24058
5.35174
5.44321
5.51641
5.57408
5.61893
5.65339
5.67952
5.69908
5.71346
5.72381
5.73108
5.73604
5.73932
5.74139
5.7426
5.74322
5.74345
5.74346
5.74343
5.74342
-7.11579
-10.6435
-9.93071
-9.39678
-9.15749
-8.8567
-7.90809
342.976
1211.13
1412.38
1084.38
305.685
24.8983
10.639
6.3963
5.06576
4.74653
4.78174
4.9048
5.03175
5.14273
5.23561
5.31189
5.37383
5.42366
5.46336
5.49471
5.51922
5.5382
5.55274
5.56377
5.57206
5.57823
5.58278
5.58609
5.58845
5.59008
5.59116
5.59184
5.59219
-2.26508
-9.81609
-10.4479
-9.86907
-9.33113
-8.77729
288.186
1026.46
1235.18
944.994
271.833
24.5571
11.7123
6.56051
4.82859
4.44781
4.45384
4.56981
4.7049
4.83051
4.94005
5.03327
5.11154
5.17665
5.23038
5.27436
5.31006
5.33882
5.36182
5.3801
5.39454
5.40588
5.41474
5.42161
5.42689
5.43089
5.43383
5.4359
5.43725
5.43794
-10.1299
-10.2686
-10.0777
-7.67838
-7.01346
297.733
965.847
1072.53
951.054
268.068
20.7134
10.6914
6.53985
4.69195
4.17632
4.13944
4.24327
4.37956
4.51397
4.63611
4.74349
4.83633
4.91574
4.98309
5.03978
5.08711
5.12635
5.15867
5.18513
5.20668
5.22414
5.23821
5.2495
5.2585
5.26559
5.2711
5.27526
5.27824
5.28019
5.28119
-0.117821
-9.56952
-9.94304
43.302
449.099
961.863
1026.29
1054.23
414.274
26.2475
9.64903
5.96663
4.40237
3.8894
3.83148
3.92392
4.05877
4.19805
4.329
4.44748
4.55257
4.64465
4.7246
4.79343
4.85225
4.90214
4.94418
4.97941
5.00878
5.03313
5.05322
5.0697
5.08314
5.09404
5.10277
5.10965
5.1149
5.11871
5.12122
5.12249
38.0081
-9.7349
-9.48579
223.659
968.375
994.946
1011.99
753.213
81.4851
9.27549
5.51098
3.99031
3.5534
3.50851
3.60341
3.74009
3.88366
4.02145
4.14874
4.26396
4.36691
4.45806
4.53809
4.60779
4.66805
4.71981
4.76402
4.80159
4.83335
4.86005
4.88236
4.90091
4.91623
4.9288
4.93898
4.94707
4.9533
4.95784
4.96084
4.96236
27.6944
-7.84177
-8.08411
175.245
868.478
1004.98
914.869
223.742
11.6289
5.27043
3.61651
3.1684
3.15701
3.27064
3.41697
3.56808
3.71332
3.84873
3.97282
4.08528
4.18632
4.27643
4.35618
4.42623
4.48737
4.54043
4.58626
4.62565
4.65932
4.68793
4.71209
4.73237
4.7493
4.7633
4.77474
4.78388
4.79096
4.79613
4.79955
4.80129
-4.44114
-6.36989
-6.45577
39.7226
249.63
573.676
272.809
22.4111
6.23142
3.21171
2.74896
2.77034
2.91457
3.08193
3.2465
3.40225
3.54695
3.67999
3.8014
3.91151
4.01078
4.09972
4.17885
4.24882
4.31036
4.36425
4.41122
4.45197
4.4871
4.5172
4.54284
4.56455
4.5828
4.59801
4.6105
4.62053
4.62832
4.63404
4.63782
4.63975
165.289
-6.5888
-5.27399
3.29007
14.3125
22.6632
6.7459
4.04851
2.84316
2.28777
2.34317
2.5316
2.7295
2.91501
3.08576
3.24222
3.38538
3.51605
3.63499
3.7429
3.84036
3.92791
4.00611
4.07563
4.13718
4.19148
4.23918
4.28084
4.31701
4.34822
4.375
4.39783
4.41715
4.43334
4.44669
4.45746
4.46584
4.47201
4.47609
4.47817
402.443
632.652
120.898
10.2196
11.9051
4.11868
2.59704
1.81906
1.76431
1.9234
2.14129
2.36862
2.57662
2.76466
2.93488
3.0894
3.22997
3.35789
3.47422
3.57976
3.67516
3.76103
3.83799
3.90673
3.96795
4.0223
4.07031
4.11248
4.14932
4.18129
4.20888
4.23255
4.2527
4.26966
4.2837
4.29504
4.3039
4.31042
4.31475
4.31696
467.218
1340.35
1131.49
138.475
17.5262
2.51622
1.41937
1.46274
1.59103
1.80684
2.03274
2.2494
2.44849
2.62998
2.79502
2.94518
3.08186
3.2063
3.31951
3.42227
3.51526
3.59911
3.67453
3.7422
3.80277
3.85679
3.90474
3.94707
3.98421
4.01662
4.04475
4.06901
4.08975
4.10728
4.12183
4.13362
4.14284
4.14963
4.15416
4.15647
693.412
1386.42
1378.87
1137.92
125.39
1.24692
1.12929
1.41846
1.56077
1.756
1.95822
2.15402
2.33818
2.50893
2.66601
2.80991
2.94147
3.06156
3.17099
3.27047
3.36063
3.44216
3.51574
3.58205
3.64165
3.69501
3.74256
3.78469
3.82183
3.8544
3.88281
3.90742
3.92855
3.94646
3.96136
3.97346
3.98294
3.98994
3.9946
3.99701
1259.58
1398.9
1411.92
1410.83
400.899
1.41594
1.25582
1.44845
1.54382
1.71648
1.89465
2.0704
2.23924
2.39827
2.54622
2.68282
2.80836
2.92339
3.02846
3.12418
3.21117
3.29009
3.36156
3.42623
3.48455
3.53694
3.58377
3.62542
3.66229
3.69477
3.72322
3.74798
3.7693
3.78741
3.80253
3.81481
3.82445
3.83159
3.83634
3.83886
1395.07
1421.86
1443.03
1449.4
397.007
1.51194
1.28616
1.42452
1.52108
1.67131
1.82999
1.99005
2.14596
2.29424
2.43322
2.56231
2.68148
2.79103
2.89139
2.98306
3.06664
3.14274
3.21182
3.2746
3.33137
3.3825
3.42835
3.46927
3.50564
3.53781
3.5661
3.5908
3.61214
3.6303
3.64549
3.65786
3.66757
3.67479
3.67955
3.68226
1415.11
1453.5
1473.79
871.709
214.125
2.14532
1.17565
1.29959
1.43956
1.59759
1.75258
1.90564
2.05323
2.1932
2.32444
2.44652
2.55947
2.66353
2.75907
2.84659
2.92662
2.99972
3.06635
3.12699
3.18196
3.23161
3.27625
3.31623
3.3519
3.38357
3.41152
3.43599
3.45717
3.47525
3.49038
3.50273
3.51243
3.51971
3.52422
3.52752
1457.71
1491.83
973.217
92.6332
26.6192
3.47112
0.903879
1.11839
1.31872
1.49748
1.66085
1.81443
1.95832
2.09278
2.2179
2.33391
2.44113
2.53995
2.63082
2.71423
2.79071
2.86073
2.92474
2.98309
3.0361
3.08409
3.12737
3.16625
3.20105
3.23205
3.25949
3.28357
3.30447
3.32231
3.3373
3.34956
3.35914
3.3665
3.37052
3.37465
628.428
640.028
82.0668
1.39034
-0.488774
0.573953
0.602976
0.914185
1.17579
1.38188
1.55951
1.71772
1.86102
1.99213
2.1126
2.2235
2.32562
2.41962
2.50606
2.58551
2.65847
2.7254
2.78668
2.84264
2.89358
2.93979
2.98158
3.01922
3.05302
3.0832
3.10999
3.13355
3.15402
3.17156
3.18629
3.19837
3.2078
3.2151
3.21904
3.22327
-13.7628
-2.51824
-2.04949
-1.77984
-1.20922
-0.326788
0.303482
0.721568
1.02986
1.26343
1.45518
1.61887
1.76274
1.89162
2.00839
2.11493
2.21251
2.30209
2.38438
2.46003
2.52956
2.5934
2.65192
2.70542
2.7542
2.79855
2.83873
2.87504
2.90771
2.93696
2.96296
2.98588
3.00584
3.02296
3.03737
3.0492
3.05847
3.0656
3.06963
3.07357
-12.2593
-7.60784
-4.39762
-2.60177
-1.41283
-0.486753
0.14638
0.589817
0.911206
1.15772
1.35631
1.52255
1.66596
1.79246
1.90575
2.00828
2.10168
2.18713
2.2655
2.3375
2.40367
2.46445
2.52019
2.5712
2.61777
2.66018
2.69869
2.73356
2.765
2.79321
2.81834
2.84051
2.85986
2.87649
2.89051
2.90204
2.91111
2.91805
2.92209
2.92572
-7.70237
-5.55953
-3.64478
-2.25381
-1.21936
-0.441668
0.115333
0.52325
0.831123
1.07288
1.26878
1.43257
1.57303
1.69604
1.80545
1.90391
1.99321
2.07467
2.14925
2.21769
2.28056
2.3383
2.39126
2.43976
2.48409
2.52451
2.56129
2.59464
2.62478
2.65185
2.67601
2.69736
2.71602
2.73209
2.74567
2.75685
2.76567
2.77239
2.77641
2.77975
-4.89587
-3.66787
-2.55253
-1.62832
-0.882141
-0.29859
0.152241
0.50394
0.78256
1.00775
1.19359
1.35037
1.48525
1.60331
1.70811
1.80216
1.88725
1.96471
2.03552
2.10044
2.16003
2.21474
2.26492
2.31089
2.35295
2.39135
2.42634
2.45812
2.48688
2.51275
2.53586
2.55632
2.57424
2.58969
2.60277
2.61357
2.6221
2.62857
2.63254
2.63559
-3.31554
-2.51976
-1.781
-1.13916
-0.599601
-0.155092
0.209068
0.507275
0.752671
0.956687
1.12852
1.27537
1.4027
1.51457
1.61399
1.7032
1.78385
1.85721
1.92422
1.98559
2.04189
2.09355
2.14094
2.18438
2.22415
2.2605
2.29367
2.32383
2.35115
2.37576
2.39777
2.41728
2.43439
2.44918
2.46172
2.47209
2.4803
2.4865
2.49039
2.49314
-2.35427
-1.80654
-1.28178
-0.807617
-0.393364
-0.0385415
0.262336
0.516379
0.731189
0.913862
1.07048
1.2061
1.32473
1.42955
1.523
1.60699
1.68297
1.75208
1.81518
1.87296
1.92594
1.97454
2.01913
2.06002
2.09749
2.13177
2.16308
2.19158
2.21742
2.24072
2.26158
2.2801
2.29637
2.31045
2.32241
2.33231
2.34017
2.34608
2.34985
2.35232
-1.72219
-1.31427
-0.921198
-0.557541
-0.230699
0.0573788
0.308231
0.525312
0.712942
0.8755
1.01702
1.14102
1.25045
1.34773
1.43482
1.5133
1.5844
1.64912
1.70823
1.76235
1.81196
1.85749
1.89926
1.9376
1.97276
2.00496
2.03438
2.06119
2.08552
2.10747
2.12715
2.14464
2.16002
2.17336
2.18471
2.19411
2.20158
2.20719
2.2108
2.21301
-1.28243
-0.964031
-0.655773
-0.366928
-0.102854
0.134482
0.345354
0.531437
0.695163
0.839232
0.966303
1.07882
1.17893
1.26847
1.349
1.42178
1.48786
1.54808
1.60312
1.65352
1.69975
1.74218
1.78114
1.81693
1.84977
1.87986
1.90739
1.93248
1.95527
1.97585
1.99431
2.01074
2.02521
2.03777
2.04847
2.05734
2.0644
2.06969
2.07313
2.07507
-0.961907
-0.705845
-0.457226
-0.222153
-0.00452727
0.193874
0.372802
0.533039
0.675988
0.80335
0.916903
1.01836
1.1093
1.19112
1.26502
1.33203
1.393
1.44866
1.49957
1.54623
1.58906
1.6284
1.66456
1.69779
1.7283
1.75629
1.7819
1.80527
1.82649
1.84567
1.8629
1.87824
1.89176
1.90352
1.91354
1.92186
1.92848
1.93344
1.93669
1.93837
-0.721643
-0.510678
-0.305854
-0.111142
0.0707147
0.238269
0.391097
0.529523
0.654361
0.7667
0.867752
0.958736
1.04081
1.11504
1.18237
1.24361
1.29947
1.35054
1.39731
1.44024
1.47967
1.51593
1.54929
1.57997
1.60816
1.63404
1.65772
1.67934
1.69899
1.71675
1.73272
1.74696
1.75952
1.77045
1.77977
1.78751
1.79368
1.79828
1.80133
1.80277
-0.536809
-0.360493
-0.189302
-0.0259907
0.127474
0.26996
0.401032
0.520797
0.629732
0.728551
0.818092
0.899233
0.972837
1.03971
1.10059
1.15613
1.20691
1.25341
1.29608
1.33529
1.37135
1.40455
1.43512
1.46326
1.48913
1.51288
1.53464
1.5545
1.57256
1.58891
1.6036
1.61672
1.6283
1.63838
1.64699
1.65414
1.65983
1.66408
1.66691
1.66811
-0.392539
-0.243692
-0.0992674
0.0388003
0.16909
0.290739
0.403362
0.506963
0.601831
0.688445
0.767393
0.839318
0.904865
0.964655
1.01927
1.06922
1.115
1.15701
1.19561
1.23114
1.26386
1.29402
1.32182
1.34742
1.37098
1.39261
1.41244
1.43054
1.44701
1.46193
1.47535
1.48733
1.49792
1.50715
1.51503
1.52157
1.52678
1.53067
1.53327
1.53423
-0.278921
-0.15254
-0.0300528
0.0871665
0.198091
0.302074
0.3988
0.488234
0.570556
0.646095
0.715276
0.778574
0.83648
0.889477
0.938025
0.982547
1.02343
1.06103
1.09564
1.12754
1.15696
1.18411
1.20915
1.23223
1.25348
1.273
1.2909
1.30725
1.32214
1.33562
1.34777
1.35862
1.36822
1.37657
1.38371
1.38965
1.39437
1.39788
1.40025
1.401
-0.189178
-0.0816615
0.0223889
0.121992
0.216404
0.305146
0.387972
0.464842
0.535873
0.601301
0.661442
0.716656
0.767324
0.813828
0.856536
0.895795
0.931922
0.965205
0.9959
1.02423
1.05039
1.07456
1.09686
1.11744
1.13639
1.15382
1.1698
1.18441
1.19772
1.20979
1.22067
1.23039
1.23899
1.24648
1.25288
1.25819
1.26242
1.26556
1.2677
1.26824
-0.118532
-0.0272041
0.0610161
0.145428
0.225495
0.300868
0.371368
0.436963
0.49774
0.553879
0.605622
0.653252
0.69707
0.737381
0.774483
0.80866
0.84017
0.86925
0.89611
0.920935
0.943886
0.965103
0.984707
1.0028
1.01949
1.03483
1.04892
1.06182
1.07357
1.08424
1.09386
1.10246
1.11006
1.11669
1.12235
1.12705
1.13078
1.13355
1.13546
1.13579
-0.0635107
0.0136389
0.0879903
0.159046
0.226428
0.289891
0.349314
0.404682
0.456072
0.503629
0.547548
0.588055
0.625392
0.659807
0.691542
0.720825
0.747867
0.772861
0.795978
0.817368
0.837165
0.855485
0.872428
0.888084
0.90253
0.915835
0.928062
0.939263
0.949484
0.958766
0.967139
0.974629
0.981252
0.987022
0.991946
0.99603
0.999275
1.00167
1.00335
1.0035
-0.021612
0.0428767
0.104842
0.163942
0.219922
0.272622
0.321972
0.36798
0.410719
0.450314
0.486925
0.520739
0.551951
0.580762
0.607368
0.631951
0.654682
0.675717
0.695194
0.713236
0.729952
0.745437
0.759775
0.77304
0.785295
0.796599
0.806999
0.816538
0.825253
0.833172
0.840321
0.846716
0.85237
0.857294
0.861493
0.864972
0.867734
0.869765
0.871217
0.871194
0.00892385
0.0618941
0.112598
0.160819
0.206402
0.249258
0.289361
0.326738
0.361464
0.393648
0.423425
0.450948
0.476377
0.499872
0.521588
0.541672
0.560262
0.57748
0.593438
0.608236
0.621961
0.634693
0.646498
0.657436
0.667559
0.676909
0.685526
0.693441
0.700681
0.707265
0.713211
0.718531
0.723234
0.727327
0.730814
0.733701
0.73599
0.737666
0.7389
0.738716
0.0293034
0.0715928
0.111886
0.150065
0.186054
0.219819
0.251366
0.28074
0.308014
0.333285
0.356667
0.378282
0.398259
0.416723
0.433798
0.449599
0.464232
0.477795
0.490378
0.502058
0.512906
0.522983
0.532344
0.541034
0.549091
0.556548
0.563432
0.569765
0.575565
0.580845
0.585616
0.589884
0.593657
0.596938
0.599731
0.602042
0.603873
0.605206
0.606231
0.605898
0.0402388
0.0724693
0.103006
0.131809
0.158861
0.184166
0.207755
0.229681
0.250012
0.268832
0.286233
0.302311
0.317167
0.330895
0.34359
0.35534
0.366226
0.376322
0.385696
0.394408
0.402513
0.410056
0.417077
0.423609
0.429679
0.435309
0.440517
0.445317
0.449719
0.45373
0.457357
0.460601
0.463469
0.465961
0.468082
0.469836
0.471227
0.472229
0.473061
0.472585
0.0419951
0.0646198
0.0859096
0.105879
0.124548
0.141943
0.158108
0.173091
0.186954
0.199762
0.211587
0.222499
0.232571
0.241872
0.250469
0.258425
0.265796
0.272637
0.278995
0.284913
0.290429
0.295574
0.300375
0.304853
0.309025
0.312906
0.316504
0.319826
0.322879
0.325664
0.328183
0.330438
0.33243
0.334162
0.335636
0.336855
0.337823
0.33851
0.339165
0.338577
0.0345193
0.0478864
0.0603579
0.0719721
0.0827617
0.0927611
0.102008
0.110543
0.11841
0.125656
0.132326
0.138468
0.144126
0.149343
0.15416
0.158614
0.162741
0.166573
0.170138
0.173462
0.176568
0.179473
0.182191
0.184735
0.187112
0.189329
0.19139
0.193299
0.195055
0.19666
0.198113
0.199414
0.200564
0.201564
0.202415
0.203119
0.203682
0.204069
0.204599
0.203849
0.0167997
0.021258
0.0253439
0.0290819
0.0324931
0.0355978
0.0384171
0.0409732
0.0432888
0.0453872
0.0472911
0.0490217
0.0505988
0.05204
0.0533612
0.0545769
0.0557003
0.0567437
0.0577179
0.0586321
0.0594935
0.0603075
0.0610778
0.0618069
0.062496
0.0631458
0.0637564
0.0643273
0.0648578
0.0653469
0.0657932
0.0661954
0.0665525
0.0668637
0.0671286
0.067347
0.067523
0.067596
0.0678361
0.0675976
)
;

boundaryField
{
    leftWall
    {
        type            fixedFluxPressure;
        gradient        nonuniform 0();
        value           nonuniform 0();
    }
    rightWall
    {
        type            fixedFluxPressure;
        gradient        uniform 0;
        value           nonuniform List<scalar> 
43
(
6.17393
6.03478
5.89113
5.74342
5.59219
5.43794
5.28119
5.12249
4.96236
4.80129
4.63975
4.47817
4.31696
4.15647
3.99701
3.83886
3.68226
3.52752
3.37465
3.22327
3.07357
2.92572
2.77975
2.63559
2.49314
2.35232
2.21301
2.07507
1.93837
1.80277
1.66811
1.53423
1.401
1.26824
1.13579
1.0035
0.871194
0.738716
0.605898
0.472585
0.338577
0.203849
0.0675976
)
;
    }
    lowerWall
    {
        type            fixedFluxPressure;
        gradient        nonuniform 0();
        value           nonuniform 0();
    }
    atmosphere
    {
        type            totalPressure;
        rho             rho;
        psi             none;
        gamma           1;
        p0              uniform 0;
        value           nonuniform List<scalar> 
45
(
-0.00219507
-8.99049e-05
0
0
0
0
0
0
0
0
0
0
0
0
0
0
0
0
0
0
0
0
0
0
0
0
0
0
0
0
0
0
0
0
0
0
0
0
0
0
0
0
0
0
0
)
;
    }
    defaultFaces
    {
        type            empty;
    }
    procBoundary3to1
    {
        type            processor;
        value           nonuniform List<scalar> 
45
(
-6.34896
-6.56262
-6.80815
-7.07714
-7.34463
-1.5512
1.49487
-6.90929
-10.8572
-9.76553
-7.74182
-7.81379
-8.82546
-8.51102
-7.86899
38.6766
1321.95
1690.27
1720.29
816.998
47.4676
8.19676
6.54762
6.14898
6.16473
6.24664
6.31513
6.35937
6.38532
6.39848
6.40255
6.40035
6.39422
6.38577
6.37608
6.36585
6.35566
6.34598
6.33713
6.32929
6.32255
6.31695
6.31259
6.30962
6.30811
)
;
    }
    procBoundary3to2
    {
        type            processor;
        value           nonuniform List<scalar> 
43
(
-6.43624
-6.77019
-7.15895
-7.58397
-8.01348
-8.45503
-8.91593
-9.36558
-9.75914
-10.0737
-10.3493
-10.704
-11.2337
-11.918
-12.6078
-13.3213
-14.0764
-14.8051
-15.1685
-14.5229
-12.652
-10.2189
-8.10291
-6.40477
-5.07235
-4.04507
-3.25015
-2.63018
-2.14104
-1.7503
-1.43414
-1.17542
-0.961525
-0.783136
-0.633265
-0.50661
-0.39913
-0.307674
-0.22976
-0.163513
-0.107519
-0.060458
-0.0215716
)
;
    }
}


// ************************************************************************* //
