/*--------------------------------*- C++ -*----------------------------------*\
| =========                 |                                                 |
| \\      /  F ield         | OpenFOAM: The Open Source CFD Toolbox           |
|  \\    /   O peration     | Version:  3.0.1                                 |
|   \\  /    A nd           | Web:      www.OpenFOAM.org                      |
|    \\/     M anipulation  |                                                 |
\*---------------------------------------------------------------------------*/
FoamFile
{
    version     2.0;
    format      ascii;
    class       volVectorField;
    location    "0.25";
    object      U;
}
// * * * * * * * * * * * * * * * * * * * * * * * * * * * * * * * * * * * * * //

dimensions      [0 1 -1 0 0 0 0];

internalField   nonuniform List<vector> 
1935
(
(2.06196 -1.01743 0)
(2.10171 -1.19338 0)
(2.13933 -1.40448 0)
(2.13302 -1.63082 0)
(2.05255 -1.82889 0)
(1.93366 -1.98203 0)
(1.81786 -2.10942 0)
(1.67831 -2.21268 0)
(1.50433 -2.27159 0)
(1.31677 -2.27418 0)
(1.16307 -2.23569 0)
(1.0758 -2.19525 0)
(1.03816 -2.19954 0)
(0.96468 -2.27462 0)
(0.798024 -2.35742 0)
(0.55067 -2.46904 0)
(0.235664 -2.65373 0)
(-0.195568 -2.90599 0)
(-0.798133 -3.15685 0)
(-1.54718 -3.2826 0)
(-2.35449 -3.12549 0)
(-2.80065 -2.61642 0)
(-2.73668 -1.92166 0)
(-2.51319 -1.41835 0)
(-2.27652 -1.06877 0)
(-2.04297 -0.819937 0)
(-1.828 -0.641987 0)
(-1.63437 -0.512082 0)
(-1.46112 -0.415517 0)
(-1.30598 -0.342412 0)
(-1.16642 -0.286028 0)
(-1.03988 -0.241787 0)
(-0.924177 -0.206546 0)
(-0.817407 -0.178122 0)
(-0.717969 -0.154931 0)
(-0.624544 -0.135836 0)
(-0.53589 -0.119998 0)
(-0.451035 -0.106776 0)
(-0.368986 -0.095686 0)
(-0.288834 -0.0863852 0)
(-0.209671 -0.078731 0)
(-0.130235 -0.0723148 0)
(-0.0458836 -0.0668122 0)
(2.21601 -1.02303 0)
(2.3278 -1.01099 0)
(2.39118 -0.92638 0)
(2.18036 -0.734492 0)
(2.27531 -1.17393 0)
(2.39894 -1.09611 0)
(2.48986 -0.876034 0)
(2.56935 -0.477744 0)
(2.3234 -1.36563 0)
(2.50413 -1.25742 0)
(2.65003 -1.04496 0)
(2.78714 -0.418051 0)
(2.30462 -1.59584 0)
(2.55713 -1.53641 0)
(2.70269 -1.27627 0)
(2.74373 -0.618772 0)
(2.1788 -1.78435 0)
(2.41904 -1.73818 0)
(2.28459 -1.2842 0)
(2.03181 -0.549066 0)
(2.01589 -1.87599 0)
(2.04892 -1.61677 0)
(1.53521 -0.617537 0)
(1.28751 0.111779 0)
(1.89528 -1.90439 0)
(1.8135 -1.368 0)
(1.75651 -0.73338 0)
(1.62662 -0.23726 0)
(1.72145 -1.90945 0)
(1.62472 -1.27745 0)
(1.85826 -0.76992 0)
(1.29183 0.334678 0)
(1.48393 -1.86462 0)
(1.41228 -1.19318 0)
(1.35635 -0.625843 0)
(0.816766 0.962023 0)
(1.28181 -1.76133 0)
(1.10337 -0.961179 0)
(0.677769 -0.18376 0)
(0.59153 1.13334 0)
(1.15384 -1.55636 0)
(0.81296 -0.479084 0)
(0.356337 0.0336034 0)
(0.517764 0.9998 0)
(1.08367 -1.26273 0)
(0.750769 -0.162232 0)
(0.513551 0.460393 0)
(0.556432 0.56903 0)
(1.0965 -1.25211 0)
(0.995811 -0.0396816 0)
(0.89102 0.639243 0)
(0.649699 0.670683 0)
(0.972079 -1.29791 0)
(1.0225 -0.0340715 0)
(1.00115 0.876684 0)
(0.667136 1.1031 0)
(0.752274 -1.27187 0)
(0.825411 0.0802169 0)
(0.851292 1.09669 0)
(0.673758 1.2614 0)
(0.528536 -1.31385 0)
(0.692063 0.143851 0)
(0.822295 1.0702 0)
(0.614085 1.43885 0)
(0.284647 -1.45927 0)
(0.679751 0.0628958 0)
(0.753057 0.691593 0)
(0.419598 1.84097 0)
(-0.0311911 -1.75683 0)
(0.579547 -0.31073 0)
(0.293662 0.925879 0)
(0.234414 2.07308 0)
(-0.527117 -2.1488 0)
(-0.0308508 -0.742903 0)
(-0.248241 1.03626 0)
(-0.0107426 2.13631 0)
(-1.36933 -2.4828 0)
(-1.17163 -1.06115 0)
(-1.01067 0.868017 0)
(-0.420068 1.99752 0)
(-2.54094 -2.53654 0)
(-2.50161 -1.02853 0)
(-2.09224 0.39623 0)
(-1.58633 1.50002 0)
(-3.32341 -2.41196 0)
(-3.55105 -1.61059 0)
(-3.3571 -0.398493 0)
(-2.91713 0.798983 0)
(-3.24152 -1.73932 0)
(-3.65615 -1.34758 0)
(-3.82407 -0.693402 0)
(-3.70464 0.161621 0)
(-2.84681 -1.18807 0)
(-3.1512 -0.839502 0)
(-3.37131 -0.383389 0)
(-3.43739 0.146707 0)
(-2.49829 -0.854828 0)
(-2.68433 -0.573959 0)
(-2.81308 -0.226484 0)
(-2.8593 0.164808 0)
(-2.19385 -0.627933 0)
(-2.31374 -0.397742 0)
(-2.39041 -0.131184 0)
(-2.40996 0.157309 0)
(-1.93299 -0.474753 0)
(-2.01291 -0.285276 0)
(-2.06195 -0.0743905 0)
(-2.07266 0.147823 0)
(-1.70935 -0.366984 0)
(-1.76458 -0.209026 0)
(-1.79733 -0.0382204 0)
(-1.80387 0.13903 0)
(-1.51599 -0.289144 0)
(-1.5555 -0.155301 0)
(-1.57842 -0.0133869 0)
(-1.58269 0.131919 0)
(-1.34699 -0.231577 0)
(-1.3759 -0.116535 0)
(-1.3929 0.00376913 0)
(-1.39623 0.126197 0)
(-1.19784 -0.1879 0)
(-1.21976 -0.0875668 0)
(-1.23235 0.0162183 0)
(-1.23477 0.121691 0)
(-1.06436 -0.153979 0)
(-1.08133 -0.0651206 0)
(-1.09101 0.0261593 0)
(-1.09292 0.118428 0)
(-0.943544 -0.127155 0)
(-0.956935 -0.0474567 0)
(-0.964586 0.0339975 0)
(-0.966227 0.116063 0)
(-0.832952 -0.105577 0)
(-0.843701 -0.0332149 0)
(-0.849914 0.0404274 0)
(-0.851429 0.114458 0)
(-0.730596 -0.087983 0)
(-0.739411 -0.0215312 0)
(-0.744603 0.0458919 0)
(-0.746067 0.113536 0)
(-0.634934 -0.0734149 0)
(-0.642228 -0.0116934 0)
(-0.646662 0.0507256 0)
(-0.648188 0.113266 0)
(-0.544476 -0.0612232 0)
(-0.550701 -0.0032799 0)
(-0.55467 0.0551567 0)
(-0.556271 0.113635 0)
(-0.45822 -0.0508961 0)
(-0.463563 0.00403901 0)
(-0.467183 0.0593797 0)
(-0.468983 0.114669 0)
(-0.375051 -0.0419842 0)
(-0.37974 0.0106937 0)
(-0.383166 0.0636336 0)
(-0.385248 0.116454 0)
(-0.293987 -0.0341838 0)
(-0.298224 0.016915 0)
(-0.301627 0.0681318 0)
(-0.304106 0.119135 0)
(-0.214034 -0.0273021 0)
(-0.218002 0.0229277 0)
(-0.221575 0.0730774 0)
(-0.224617 0.122852 0)
(-0.134095 -0.0206263 0)
(-0.13827 0.0296279 0)
(-0.142592 0.0793497 0)
(-0.146748 0.12839 0)
(-0.0486262 -0.013935 0)
(-0.0508868 0.0374959 0)
(-0.053912 0.0875985 0)
(-0.0571271 0.136528 0)
(1.7799 -0.466491 0)
(1.62954 -0.250832 0)
(1.63949 0.150721 0)
(1.85562 0.978487 0)
(2.07327 1.72709 0)
(1.86072 1.84102 0)
(1.44311 2.01739 0)
(1.05569 2.50797 0)
(0.978763 2.73286 0)
(1.21672 2.45463 0)
(1.3694 2.11341 0)
(1.39132 1.95272 0)
(1.40088 1.82661 0)
(1.42144 1.70251 0)
(1.45983 1.56072 0)
(1.58723 1.14579 0)
(1.61361 1.04548 0)
(1.42449 1.17485 0)
(1.23258 1.33514 0)
(1.08145 1.40678 0)
(0.978569 1.37875 0)
(0.897688 1.31194 0)
(0.823831 1.24713 0)
(0.753903 1.19389 0)
(0.687972 1.15043 0)
(0.626078 1.11427 0)
(0.568007 1.08383 0)
(0.51345 1.05807 0)
(0.462062 1.03619 0)
(0.41349 1.01756 0)
(0.367379 1.00171 0)
(0.323397 0.988245 0)
(0.281242 0.976864 0)
(0.240639 0.967334 0)
(0.201337 0.95947 0)
(0.163114 0.953127 0)
(0.125776 0.948192 0)
(0.0890904 0.944582 0)
(0.0529341 0.942505 0)
(0.0170207 0.916593 0)
(2.06503 -0.289375 0)
(1.59451 -0.168539 0)
(1.41813 0.1274 0)
(1.44959 0.809477 0)
(1.55788 1.71608 0)
(1.3824 2.10804 0)
(1.03241 2.39824 0)
(0.848928 2.65409 0)
(1.00757 2.54675 0)
(1.24681 2.24347 0)
(1.30406 2.0694 0)
(1.31922 1.93823 0)
(1.34012 1.80844 0)
(1.37777 1.66332 0)
(1.46583 1.45197 0)
(1.59064 1.11587 0)
(1.45137 1.1912 0)
(1.2455 1.3666 0)
(1.06985 1.49986 0)
(0.958591 1.51643 0)
(0.885886 1.45693 0)
(0.823613 1.38066 0)
(0.762706 1.31307 0)
(0.702949 1.25711 0)
(0.645275 1.21039 0)
(0.590119 1.1709 0)
(0.537565 1.13734 0)
(0.487563 1.10872 0)
(0.439998 1.08426 0)
(0.394677 1.06331 0)
(0.351353 1.04538 0)
(0.309783 1.03007 0)
(0.269751 1.01708 0)
(0.231049 1.00618 0)
(0.193481 0.997171 0)
(0.156855 0.989906 0)
(0.121007 0.984259 0)
(0.0857295 0.98013 0)
(0.0509293 0.977702 0)
(0.0163578 0.950717 0)
(2.77377 0.333691 0)
(2.12408 0.396058 0)
(1.60306 0.378575 0)
(1.34855 0.834566 0)
(1.21065 1.7894 0)
(1.0058 2.34038 0)
(0.813466 2.5686 0)
(0.884084 2.53331 0)
(1.10278 2.33891 0)
(1.20057 2.16268 0)
(1.23459 2.04162 0)
(1.25762 1.9187 0)
(1.28829 1.77634 0)
(1.34777 1.58422 0)
(1.49028 1.29353 0)
(1.45364 1.23151 0)
(1.23473 1.38481 0)
(1.03856 1.55436 0)
(0.911715 1.6233 0)
(0.843688 1.58948 0)
(0.796144 1.51302 0)
(0.749105 1.43534 0)
(0.699666 1.36832 0)
(0.649434 1.31166 0)
(0.599742 1.26333 0)
(0.551267 1.22186 0)
(0.50434 1.18621 0)
(0.459104 1.15552 0)
(0.415585 1.12907 0)
(0.373718 1.10626 0)
(0.333388 1.08663 0)
(0.294458 1.06981 0)
(0.25678 1.0555 0)
(0.220202 1.04346 0)
(0.184575 1.03349 0)
(0.149749 1.02543 0)
(0.115588 1.01915 0)
(0.0819133 1.01456 0)
(0.0486532 1.0118 0)
(0.015605 0.983744 0)
(2.81905 0.389997 0)
(2.60029 0.961385 0)
(1.92908 0.950751 0)
(1.33097 1.23208 0)
(0.990459 2.00379 0)
(0.797226 2.48381 0)
(0.800028 2.51326 0)
(0.957581 2.38104 0)
(1.07813 2.22542 0)
(1.13295 2.11648 0)
(1.17035 2.00798 0)
(1.2063 1.88414 0)
(1.24901 1.72071 0)
(1.33686 1.41981 0)
(1.34543 1.33982 0)
(1.19681 1.4082 0)
(0.987086 1.58237 0)
(0.846905 1.69318 0)
(0.777725 1.69521 0)
(0.742925 1.63197 0)
(0.71223 1.55237 0)
(0.676536 1.47832 0)
(0.636785 1.41387 0)
(0.595095 1.35801 0)
(0.552801 1.30942 0)
(0.510683 1.26712 0)
(0.46922 1.23029 0)
(0.428703 1.19824 0)
(0.389279 1.17037 0)
(0.350995 1.14619 0)
(0.313826 1.12526 0)
(0.277712 1.10726 0)
(0.242566 1.0919 0)
(0.208291 1.07893 0)
(0.17478 1.06816 0)
(0.141921 1.05944 0)
(0.109611 1.05263 0)
(0.077701 1.04763 0)
(0.0461456 1.04458 0)
(0.01478 1.01546 0)
(2.00255 0.283514 0)
(2.04285 1.11049 0)
(1.72657 1.49168 0)
(1.19961 1.77268 0)
(0.82766 2.28709 0)
(0.742478 2.50464 0)
(0.846072 2.41026 0)
(0.948417 2.26631 0)
(1.01442 2.16383 0)
(1.0656 2.06661 0)
(1.11496 1.96419 0)
(1.16277 1.83289 0)
(1.22239 1.59922 0)
(1.22256 1.47976 0)
(1.11023 1.46873 0)
(0.927042 1.59478 0)
(0.774858 1.72954 0)
(0.700581 1.76808 0)
(0.672683 1.7276 0)
(0.656152 1.65558 0)
(0.635051 1.5807 0)
(0.607495 1.51226 0)
(0.5756 1.45131 0)
(0.541207 1.39721 0)
(0.505482 1.34928 0)
(0.469202 1.30695 0)
(0.432908 1.26965 0)
(0.396966 1.23687 0)
(0.361603 1.20813 0)
(0.326935 1.18302 0)
(0.293004 1.16118 0)
(0.259808 1.1423 0)
(0.227314 1.12612 0)
(0.195469 1.11241 0)
(0.164208 1.101 0)
(0.133455 1.09173 0)
(0.103137 1.08447 0)
(0.0731347 1.07913 0)
(0.0434278 1.07584 0)
(0.0138886 1.04567 0)
(1.34161 0.597145 0)
(1.4237 1.17606 0)
(1.31543 1.8154 0)
(0.977077 2.19914 0)
(0.731712 2.47176 0)
(0.772429 2.46027 0)
(0.840717 2.32381 0)
(0.896621 2.20463 0)
(0.951501 2.10235 0)
(1.0068 2.01034 0)
(1.06371 1.90416 0)
(1.11541 1.74051 0)
(1.12703 1.65173 0)
(1.04276 1.585 0)
(0.877063 1.63724 0)
(0.718497 1.74949 0)
(0.629168 1.81283 0)
(0.598784 1.79792 0)
(0.589755 1.74002 0)
(0.580216 1.6704 0)
(0.564211 1.60236 0)
(0.542482 1.53945 0)
(0.5168 1.4821 0)
(0.48849 1.43018 0)
(0.458485 1.38348 0)
(0.427479 1.3417 0)
(0.395998 1.30448 0)
(0.364421 1.27148 0)
(0.333005 1.24232 0)
(0.30191 1.21667 0)
(0.271226 1.19424 0)
(0.240995 1.17476 0)
(0.211226 1.15798 0)
(0.181904 1.14373 0)
(0.152998 1.13182 0)
(0.124462 1.12213 0)
(0.0962526 1.11453 0)
(0.0682749 1.10893 0)
(0.0405344 1.10543 0)
(0.0129407 1.07424 0)
(1.40322 0.413969 0)
(1.15999 1.24807 0)
(1.01861 1.98226 0)
(0.813649 2.44556 0)
(0.740836 2.53317 0)
(0.764237 2.42096 0)
(0.801754 2.27699 0)
(0.847216 2.1495 0)
(0.896148 2.04619 0)
(0.951655 1.94786 0)
(1.01276 1.80987 0)
(1.02563 1.76958 0)
(0.970081 1.72571 0)
(0.83662 1.73478 0)
(0.6808 1.79804 0)
(0.575381 1.85167 0)
(0.532714 1.8516 0)
(0.522685 1.80773 0)
(0.518994 1.74619 0)
(0.511468 1.6818 0)
(0.498576 1.61974 0)
(0.481237 1.56145 0)
(0.460528 1.50741 0)
(0.437308 1.45779 0)
(0.412273 1.41261 0)
(0.385999 1.37175 0)
(0.358949 1.33502 0)
(0.331482 1.30218 0)
(0.303856 1.27296 0)
(0.276249 1.2471 0)
(0.24878 1.22436 0)
(0.221522 1.20452 0)
(0.194515 1.18738 0)
(0.167773 1.17276 0)
(0.141294 1.16051 0)
(0.115056 1.15052 0)
(0.0890419 1.14267 0)
(0.0631808 1.13689 0)
(0.0375006 1.13322 0)
(0.0119481 1.10105 0)
(1.035 0.92264 0)
(0.747003 1.36438 0)
(0.736305 2.04031 0)
(0.687953 2.53289 0)
(0.702843 2.53191 0)
(0.729275 2.38965 0)
(0.76225 2.23594 0)
(0.803336 2.10336 0)
(0.848561 1.99346 0)
(0.914989 1.855 0)
(0.928714 1.82622 0)
(0.877707 1.82519 0)
(0.772951 1.84719 0)
(0.638977 1.88333 0)
(0.530749 1.91067 0)
(0.47632 1.90519 0)
(0.459818 1.86699 0)
(0.456701 1.81153 0)
(0.453789 1.75126 0)
(0.447307 1.69144 0)
(0.43696 1.63385 0)
(0.423225 1.57925 0)
(0.406654 1.52812 0)
(0.387781 1.48074 0)
(0.367106 1.4372 0)
(0.345084 1.39749 0)
(0.322106 1.36152 0)
(0.298489 1.32913 0)
(0.274474 1.30013 0)
(0.250243 1.27433 0)
(0.225927 1.25153 0)
(0.201618 1.23155 0)
(0.177376 1.21422 0)
(0.153238 1.1994 0)
(0.129225 1.18696 0)
(0.105337 1.17678 0)
(0.0815808 1.16877 0)
(0.0579047 1.16286 0)
(0.0343575 1.15906 0)
(0.0109212 1.12593 0)
(0.709214 1.40096 0)
(0.415116 1.47388 0)
(0.510581 2.00546 0)
(0.591634 2.53352 0)
(0.651839 2.49432 0)
(0.688972 2.35068 0)
(0.722676 2.20045 0)
(0.75924 2.06252 0)
(0.814424 1.93196 0)
(0.847583 1.84786 0)
(0.779524 1.88114 0)
(0.681138 1.93545 0)
(0.568378 1.97673 0)
(0.473672 1.98886 0)
(0.419159 1.96977 0)
(0.398695 1.92694 0)
(0.394376 1.87209 0)
(0.393571 1.81375 0)
(0.391285 1.75574 0)
(0.38629 1.6993 0)
(0.378449 1.64503 0)
(0.367914 1.59343 0)
(0.354953 1.54486 0)
(0.339898 1.49957 0)
(0.323111 1.45769 0)
(0.304946 1.41925 0)
(0.285723 1.38422 0)
(0.26571 1.35249 0)
(0.245125 1.32393 0)
(0.22414 1.2984 0)
(0.20289 1.27574 0)
(0.181479 1.25581 0)
(0.159979 1.23847 0)
(0.138444 1.2236 0)
(0.116912 1.21108 0)
(0.0954044 1.20081 0)
(0.0739441 1.19273 0)
(0.0524992 1.18676 0)
(0.0311363 1.18286 0)
(0.00987042 1.1488 0)
(0.607109 1.50352 0)
(0.37797 1.53813 0)
(0.236545 1.88665 0)
(0.452005 2.4502 0)
(0.564418 2.42452 0)
(0.635954 2.30212 0)
(0.672162 2.16266 0)
(0.701576 2.01594 0)
(0.755777 1.8835 0)
(0.685211 1.91331 0)
(0.569418 1.99567 0)
(0.467602 2.05538 0)
(0.389491 2.06765 0)
(0.346523 2.0407 0)
(0.330808 1.99049 0)
(0.328579 1.93177 0)
(0.330203 1.87234 0)
(0.331334 1.81456 0)
(0.330622 1.75875 0)
(0.327695 1.70494 0)
(0.322443 1.65335 0)
(0.314899 1.60428 0)
(0.30521 1.55799 0)
(0.293604 1.51466 0)
(0.280351 1.47442 0)
(0.265725 1.43731 0)
(0.249984 1.40333 0)
(0.23335 1.37241 0)
(0.216016 1.34446 0)
(0.198142 1.31937 0)
(0.179862 1.29702 0)
(0.16128 1.2773 0)
(0.142479 1.2601 0)
(0.123526 1.2453 0)
(0.104471 1.23281 0)
(0.0853513 1.22256 0)
(0.066205 1.21447 0)
(0.0470165 1.20849 0)
(0.0278686 1.20453 0)
(0.0088066 1.16958 0)
(0.597561 1.53635 0)
(0.331636 1.79717 0)
(-0.205956 1.84141 0)
(0.201536 2.24232 0)
(0.413689 2.28888 0)
(0.550977 2.2235 0)
(0.584089 2.11225 0)
(0.554472 1.98571 0)
(0.555482 1.95317 0)
(0.424994 2.03505 0)
(0.335048 2.11161 0)
(0.278093 2.13067 0)
(0.251927 2.10395 0)
(0.248667 2.05121 0)
(0.254258 1.98929 0)
(0.261144 1.9277 0)
(0.266656 1.86905 0)
(0.270207 1.81313 0)
(0.271746 1.7595 0)
(0.271224 1.70802 0)
(0.268601 1.65878 0)
(0.263911 1.61197 0)
(0.257267 1.56775 0)
(0.248846 1.52627 0)
(0.238856 1.48764 0)
(0.227513 1.45189 0)
(0.215021 1.41904 0)
(0.201566 1.38904 0)
(0.187316 1.36182 0)
(0.172421 1.33731 0)
(0.157006 1.31542 0)
(0.141175 1.29604 0)
(0.125018 1.27909 0)
(0.108607 1.26448 0)
(0.0920072 1.25213 0)
(0.0752648 1.24197 0)
(0.0584313 1.23394 0)
(0.0415053 1.228 0)
(0.0245836 1.22401 0)
(0.00773948 1.1882 0)
(0.557753 1.79516 0)
(0.386395 2.24736 0)
(-0.194862 2.10039 0)
(-0.213978 1.87896 0)
(0.0163827 1.95893 0)
(0.252005 2.03133 0)
(0.17174 2.05381 0)
(0.237073 2.05668 0)
(0.244356 2.042 0)
(0.162558 2.12634 0)
(0.141632 2.16265 0)
(0.139126 2.14507 0)
(0.152052 2.09805 0)
(0.169501 2.03843 0)
(0.184646 1.97718 0)
(0.196236 1.91841 0)
(0.20476 1.86249 0)
(0.210853 1.80899 0)
(0.214829 1.75762 0)
(0.216781 1.70837 0)
(0.216747 1.66132 0)
(0.214791 1.61658 0)
(0.211023 1.57431 0)
(0.205588 1.5346 0)
(0.19865 1.49754 0)
(0.190378 1.46317 0)
(0.180937 1.4315 0)
(0.170483 1.4025 0)
(0.159166 1.37612 0)
(0.14712 1.3523 0)
(0.134463 1.33097 0)
(0.121298 1.31204 0)
(0.107717 1.29545 0)
(0.0937989 1.28113 0)
(0.0796159 1.269 0)
(0.065224 1.25901 0)
(0.0506852 1.25111 0)
(0.0360091 1.24525 0)
(0.0213076 1.24124 0)
(0.00667848 1.20461 0)
(0.530635 1.84992 0)
(0.435845 2.58231 0)
(0.237973 2.56249 0)
(-0.151311 2.00862 0)
(-0.17057 1.76159 0)
(-0.0714652 1.93927 0)
(-0.0253002 2.08983 0)
(0.0202353 2.04953 0)
(0.0130838 2.07153 0)
(0.0024742 2.13953 0)
(0.0241854 2.14909 0)
(0.0509316 2.12004 0)
(0.0791394 2.07162 0)
(0.102682 2.01624 0)
(0.120803 1.96035 0)
(0.134636 1.90587 0)
(0.14536 1.85312 0)
(0.153702 1.80217 0)
(0.159978 1.75309 0)
(0.164312 1.70599 0)
(0.166775 1.66099 0)
(0.167443 1.61822 0)
(0.166415 1.57779 0)
(0.163809 1.53978 0)
(0.159751 1.50428 0)
(0.154375 1.47129 0)
(0.147816 1.44085 0)
(0.140208 1.41291 0)
(0.131683 1.38745 0)
(0.122362 1.36441 0)
(0.112356 1.34373 0)
(0.101767 1.32535 0)
(0.0906866 1.30922 0)
(0.0791997 1.29526 0)
(0.0673835 1.28343 0)
(0.0553006 1.27367 0)
(0.0430234 1.26594 0)
(0.0305678 1.26021 0)
(0.0180629 1.2562 0)
(0.00563013 1.2188 0)
(0.497061 1.95265 0)
(0.427422 2.64451 0)
(0.381542 2.71816 0)
(0.230328 2.3833 0)
(-0.0582766 1.88248 0)
(-0.203867 1.87559 0)
(-0.0877336 2.04432 0)
(-0.0759738 2.02086 0)
(-0.0747144 2.06288 0)
(-0.0597762 2.11131 0)
(-0.0324981 2.11281 0)
(-0.00371548 2.08513 0)
(0.0226523 2.04208 0)
(0.0443301 1.99304 0)
(0.0619312 1.94227 0)
(0.0764365 1.89151 0)
(0.08859 1.84157 0)
(0.0987701 1.79297 0)
(0.107125 1.74602 0)
(0.113716 1.70093 0)
(0.118586 1.65786 0)
(0.121787 1.61695 0)
(0.123395 1.57828 0)
(0.123494 1.54193 0)
(0.122176 1.50796 0)
(0.119551 1.47637 0)
(0.11573 1.44718 0)
(0.11083 1.42036 0)
(0.104968 1.39588 0)
(0.0982537 1.3737 0)
(0.0907932 1.35376 0)
(0.0826859 1.33601 0)
(0.074026 1.32041 0)
(0.0648993 1.30689 0)
(0.0553889 1.29542 0)
(0.0455605 1.28595 0)
(0.0354974 1.27845 0)
(0.0252206 1.27287 0)
(0.0148645 1.26889 0)
(0.00459034 1.23075 0)
(0.466131 2.12467 0)
(0.401011 2.68909 0)
(0.382982 2.75666 0)
(0.353338 2.54242 0)
(0.238448 2.27727 0)
(-0.13304 1.90632 0)
(0.0127422 2.00278 0)
(-0.0575045 2.01204 0)
(-0.0703439 2.05997 0)
(-0.072185 2.09128 0)
(-0.0614905 2.08644 0)
(-0.044526 2.05857 0)
(-0.0266028 2.01845 0)
(-0.00954768 1.97278 0)
(0.006234 1.9248 0)
(0.0207245 1.87631 0)
(0.0339049 1.82838 0)
(0.0457009 1.78165 0)
(0.0560234 1.73652 0)
(0.0648196 1.69324 0)
(0.0720581 1.65196 0)
(0.077743 1.61281 0)
(0.0819161 1.57584 0)
(0.0846263 1.54112 0)
(0.0859406 1.50867 0)
(0.0859476 1.4785 0)
(0.0847433 1.4506 0)
(0.082429 1.42494 0)
(0.0791096 1.40151 0)
(0.07489 1.38025 0)
(0.0698702 1.36111 0)
(0.0641498 1.34407 0)
(0.0578238 1.32906 0)
(0.0509792 1.31605 0)
(0.0437039 1.30501 0)
(0.0360649 1.29588 0)
(0.028154 1.28864 0)
(0.0200088 1.28325 0)
(0.0117175 1.27933 0)
(0.00353836 1.24044 0)
(0.420927 2.3098 0)
(0.353265 2.73659 0)
(0.342609 2.76412 0)
(0.352783 2.56967 0)
(0.342994 2.42116 0)
(0.159924 2.08791 0)
(0.177554 2.04015 0)
(0.0075514 2.07027 0)
(-0.0468983 2.09671 0)
(-0.0806534 2.10054 0)
(-0.090137 2.08055 0)
(-0.0863701 2.04542 0)
(-0.0764409 2.00253 0)
(-0.0633654 1.95602 0)
(-0.0489184 1.90818 0)
(-0.0341387 1.8604 0)
(-0.0197278 1.81355 0)
(-0.00614967 1.76816 0)
(0.00627715 1.72454 0)
(0.0173809 1.68287 0)
(0.0270455 1.64327 0)
(0.0352277 1.6058 0)
(0.0419395 1.5705 0)
(0.0471988 1.53739 0)
(0.0510638 1.50647 0)
(0.053607 1.47774 0)
(0.0549146 1.45116 0)
(0.0550765 1.42673 0)
(0.054189 1.4044 0)
(0.0523567 1.38412 0)
(0.0496747 1.36586 0)
(0.0462443 1.34958 0)
(0.0421611 1.33523 0)
(0.0375139 1.32279 0)
(0.0323941 1.31222 0)
(0.0268721 1.30348 0)
(0.0210361 1.29655 0)
(0.0149779 1.29136 0)
(0.00861697 1.28762 0)
(0.00243685 1.24782 0)
(0.343032 2.47795 0)
(0.276555 2.76909 0)
(0.29019 2.74964 0)
(0.323831 2.55509 0)
(0.349697 2.42797 0)
(0.304212 2.14548 0)
(0.212769 2.18607 0)
(0.00855731 2.19942 0)
(-0.0652558 2.17171 0)
(-0.116966 2.1351 0)
(-0.136574 2.09104 0)
(-0.139534 2.04216 0)
(-0.132992 1.99165 0)
(-0.120931 1.94105 0)
(-0.105958 1.89131 0)
(-0.0897251 1.84301 0)
(-0.0733207 1.79653 0)
(-0.0574424 1.75207 0)
(-0.0425478 1.70974 0)
(-0.0288912 1.66958 0)
(-0.0166427 1.63162 0)
(-0.00586717 1.59583 0)
(0.00341429 1.56222 0)
(0.0112051 1.53075 0)
(0.0175714 1.50139 0)
(0.022575 1.47414 0)
(0.0263018 1.44895 0)
(0.0288394 1.42579 0)
(0.0302809 1.40461 0)
(0.0307314 1.38538 0)
(0.0302856 1.36806 0)
(0.0290467 1.3526 0)
(0.0271112 1.33898 0)
(0.0245708 1.32716 0)
(0.0215195 1.3171 0)
(0.018038 1.30879 0)
(0.0141829 1.30221 0)
(0.0101926 1.29724 0)
(0.00553532 1.2939 0)
(0.00120534 1.25282 0)
(0.214996 2.57855 0)
(0.181322 2.77025 0)
(0.235827 2.71193 0)
(0.280278 2.51685 0)
(0.314728 2.40011 0)
(0.280766 2.29143 0)
(0.051695 2.39321 0)
(-0.0832054 2.34453 0)
(-0.15247 2.25334 0)
(-0.195617 2.17527 0)
(-0.209831 2.10498 0)
(-0.209458 2.04023 0)
(-0.199697 1.98032 0)
(-0.184451 1.9244 0)
(-0.166282 1.87198 0)
(-0.14688 1.82271 0)
(-0.127361 1.77636 0)
(-0.108445 1.73272 0)
(-0.0905955 1.69167 0)
(-0.0740776 1.65305 0)
(-0.0590539 1.61677 0)
(-0.045589 1.58274 0)
(-0.0336969 1.55088 0)
(-0.0233621 1.52113 0)
(-0.0145243 1.49343 0)
(-0.00711509 1.46774 0)
(-0.00104498 1.444 0)
(0.00377774 1.42218 0)
(0.00745262 1.40224 0)
(0.0100843 1.38412 0)
(0.0117729 1.36779 0)
(0.0126254 1.35321 0)
(0.0127386 1.34036 0)
(0.01221 1.32921 0)
(0.0111331 1.31972 0)
(0.00961625 1.31186 0)
(0.00762867 1.30569 0)
(0.00576516 1.30094 0)
(0.00240489 1.2984 0)
(-0.000320917 1.25537 0)
(0.0483405 2.59213 0)
(0.0654854 2.73255 0)
(0.163657 2.6492 0)
(0.202181 2.44777 0)
(0.203585 2.3949 0)
(-0.000921204 2.50662 0)
(-0.219195 2.58556 0)
(-0.258057 2.44639 0)
(-0.298869 2.30716 0)
(-0.312399 2.19798 0)
(-0.308573 2.10708 0)
(-0.295536 2.02959 0)
(-0.27633 1.96201 0)
(-0.253801 1.90183 0)
(-0.229746 1.84743 0)
(-0.205409 1.79768 0)
(-0.181618 1.75183 0)
(-0.158912 1.70934 0)
(-0.137627 1.6698 0)
(-0.117951 1.63294 0)
(-0.0999824 1.59853 0)
(-0.0837448 1.56641 0)
(-0.0692219 1.53644 0)
(-0.0563687 1.50852 0)
(-0.0451129 1.48258 0)
(-0.0353712 1.45854 0)
(-0.0270449 1.43635 0)
(-0.0200325 1.41596 0)
(-0.0142263 1.39731 0)
(-0.00951781 1.38038 0)
(-0.00579988 1.36511 0)
(-0.00296197 1.35148 0)
(-0.000902596 1.33946 0)
(0.000480242 1.32902 0)
(0.00127468 1.32013 0)
(0.00164466 1.31277 0)
(0.00138339 1.30698 0)
(0.00165142 1.30259 0)
(-0.000604484 1.30187 0)
(-0.00191595 1.25481 0)
(-0.171651 2.50633 0)
(-0.0959642 2.65325 0)
(-0.0146223 2.55384 0)
(-0.204643 2.45889 0)
(-0.26388 2.58427 0)
(-0.487375 2.7367 0)
(-0.53877 2.67522 0)
(-0.497087 2.47078 0)
(-0.481876 2.31084 0)
(-0.454544 2.18632 0)
(-0.424268 2.08549 0)
(-0.392298 2.00203 0)
(-0.359387 1.93115 0)
(-0.326641 1.86959 0)
(-0.294711 1.81514 0)
(-0.264107 1.76625 0)
(-0.235171 1.72185 0)
(-0.208117 1.68118 0)
(-0.183057 1.64368 0)
(-0.160029 1.60896 0)
(-0.139025 1.57672 0)
(-0.119996 1.54674 0)
(-0.102873 1.51886 0)
(-0.0875688 1.49294 0)
(-0.073985 1.46889 0)
(-0.0620153 1.44662 0)
(-0.0515456 1.42608 0)
(-0.0424613 1.4072 0)
(-0.0346449 1.38994 0)
(-0.0279796 1.37426 0)
(-0.0223515 1.36012 0)
(-0.0176464 1.34749 0)
(-0.0137572 1.33634 0)
(-0.0105747 1.32665 0)
(-0.00801336 1.31841 0)
(-0.00588409 1.31158 0)
(-0.00443749 1.30616 0)
(-0.00237901 1.30234 0)
(-0.00329634 1.30404 0)
(-0.00302586 1.25155 0)
(-1.13084 2.18044 0)
(-0.839724 2.49022 0)
(-0.861719 2.58262 0)
(-0.934536 2.66851 0)
(-0.99056 2.79105 0)
(-1.00111 2.79134 0)
(-0.858649 2.60599 0)
(-0.752303 2.40434 0)
(-0.672265 2.2529 0)
(-0.603621 2.13205 0)
(-0.54431 2.03407 0)
(-0.491427 1.95302 0)
(-0.443284 1.88449 0)
(-0.399159 1.82539 0)
(-0.358521 1.77352 0)
(-0.321081 1.72733 0)
(-0.286632 1.68568 0)
(-0.255013 1.64777 0)
(-0.226073 1.613 0)
(-0.199671 1.58094 0)
(-0.175667 1.55126 0)
(-0.153923 1.52374 0)
(-0.134303 1.49818 0)
(-0.116672 1.47445 0)
(-0.100894 1.45244 0)
(-0.0868371 1.43208 0)
(-0.0743668 1.41329 0)
(-0.0633532 1.39602 0)
(-0.0536678 1.38022 0)
(-0.0451846 1.36587 0)
(-0.0377823 1.35291 0)
(-0.0313418 1.34134 0)
(-0.0257501 1.33112 0)
(-0.0208937 1.32223 0)
(-0.0166816 1.31465 0)
(-0.0129351 1.30838 0)
(-0.00982946 1.30337 0)
(-0.00629599 1.30016 0)
(-0.00561553 1.30445 0)
(-0.00365738 1.24629 0)
(-2.41686 1.73578 0)
(-2.02115 2.30795 0)
(-1.92304 2.5569 0)
(-1.79286 2.68577 0)
(-1.60239 2.70216 0)
(-1.36252 2.58148 0)
(-1.13028 2.40689 0)
(-0.968548 2.25793 0)
(-0.840773 2.13733 0)
(-0.739261 2.03698 0)
(-0.655176 1.95315 0)
(-0.583813 1.88233 0)
(-0.521769 1.82159 0)
(-0.467013 1.76878 0)
(-0.418117 1.72222 0)
(-0.37414 1.68067 0)
(-0.334406 1.64317 0)
(-0.298416 1.60904 0)
(-0.265781 1.57775 0)
(-0.236184 1.54892 0)
(-0.209363 1.52224 0)
(-0.185088 1.49749 0)
(-0.163155 1.47451 0)
(-0.143379 1.45318 0)
(-0.125588 1.43338 0)
(-0.109621 1.41505 0)
(-0.0953233 1.39812 0)
(-0.0825486 1.38256 0)
(-0.0711567 1.36831 0)
(-0.0610127 1.35534 0)
(-0.0519879 1.34363 0)
(-0.0439582 1.33316 0)
(-0.0368055 1.32391 0)
(-0.0304131 1.31585 0)
(-0.024682 1.30898 0)
(-0.0194542 1.30329 0)
(-0.0148179 1.29872 0)
(-0.00995725 1.29613 0)
(-0.00760493 1.30286 0)
(-0.00405475 1.23946 0)
(-3.34445 1.10089 0)
(-2.92234 1.84113 0)
(-2.59683 2.18416 0)
(-2.23626 2.31354 0)
(-1.87624 2.3137 0)
(-1.55731 2.23715 0)
(-1.30801 2.1462 0)
(-1.11861 2.06141 0)
(-0.967822 1.98243 0)
(-0.846606 1.91165 0)
(-0.746341 1.84894 0)
(-0.661902 1.79364 0)
(-0.589409 1.74471 0)
(-0.52628 1.70117 0)
(-0.470647 1.66213 0)
(-0.421191 1.62686 0)
(-0.376939 1.59475 0)
(-0.337161 1.56534 0)
(-0.301292 1.53823 0)
(-0.268886 1.51315 0)
(-0.239578 1.48987 0)
(-0.213065 1.46822 0)
(-0.189085 1.44807 0)
(-0.167409 1.42932 0)
(-0.147832 1.41189 0)
(-0.130168 1.39572 0)
(-0.114245 1.38076 0)
(-0.0999001 1.36698 0)
(-0.0869839 1.35435 0)
(-0.075353 1.34283 0)
(-0.0648723 1.33242 0)
(-0.0554131 1.3231 0)
(-0.0468528 1.31485 0)
(-0.0390728 1.30766 0)
(-0.0319668 1.30153 0)
(-0.0253926 1.29643 0)
(-0.0193726 1.29234 0)
(-0.013295 1.2904 0)
(-0.00934707 1.29921 0)
(-0.00435677 1.23128 0)
(-3.2929 0.737951 0)
(-2.97511 1.29603 0)
(-2.60455 1.64136 0)
(-2.23482 1.81138 0)
(-1.89907 1.88125 0)
(-1.61637 1.89429 0)
(-1.38771 1.87942 0)
(-1.20084 1.84895 0)
(-1.04714 1.81058 0)
(-0.919635 1.77029 0)
(-0.812441 1.73061 0)
(-0.721234 1.69294 0)
(-0.642636 1.65778 0)
(-0.574166 1.6252 0)
(-0.513943 1.59508 0)
(-0.460559 1.56722 0)
(-0.412937 1.54139 0)
(-0.370245 1.51738 0)
(-0.331828 1.495 0)
(-0.297165 1.47411 0)
(-0.26583 1.45457 0)
(-0.237468 1.43628 0)
(-0.21178 1.41917 0)
(-0.188505 1.40317 0)
(-0.167414 1.38823 0)
(-0.148301 1.37433 0)
(-0.13098 1.36142 0)
(-0.115279 1.3495 0)
(-0.101039 1.33854 0)
(-0.0881098 1.32853 0)
(-0.0763527 1.31945 0)
(-0.0656347 1.31131 0)
(-0.0558305 1.3041 0)
(-0.0468198 1.29781 0)
(-0.0384915 1.29243 0)
(-0.0307133 1.28795 0)
(-0.0234618 1.28435 0)
(-0.0162811 1.28308 0)
(-0.0108744 1.29364 0)
(-0.0046031 1.22193 0)
(-2.79341 0.579382 0)
(-2.60334 0.961474 0)
(-2.34209 1.24237 0)
(-2.07172 1.42746 0)
(-1.81834 1.54206 0)
(-1.59311 1.60658 0)
(-1.39734 1.63725 0)
(-1.22843 1.64533 0)
(-1.08375 1.63945 0)
(-0.959712 1.6255 0)
(-0.852968 1.60709 0)
(-0.760555 1.58657 0)
(-0.679988 1.5653 0)
(-0.609257 1.5441 0)
(-0.546747 1.52341 0)
(-0.491174 1.50346 0)
(-0.441511 1.48437 0)
(-0.396939 1.46617 0)
(-0.356795 1.44886 0)
(-0.320538 1.43243 0)
(-0.287724 1.41685 0)
(-0.257976 1.40211 0)
(-0.230976 1.38818 0)
(-0.206448 1.37505 0)
(-0.184149 1.36271 0)
(-0.163865 1.35114 0)
(-0.1454 1.34036 0)
(-0.128575 1.33034 0)
(-0.113226 1.3211 0)
(-0.099202 1.31262 0)
(-0.0863589 1.30492 0)
(-0.0745628 1.29799 0)
(-0.0636869 1.29183 0)
(-0.0536102 1.28645 0)
(-0.044219 1.28184 0)
(-0.0353874 1.27799 0)
(-0.0270617 1.2749 0)
(-0.0189 1.27429 0)
(-0.0121876 1.28629 0)
(-0.00479704 1.21156 0)
(-2.36211 0.462039 0)
(-2.24396 0.752352 0)
(-2.07716 0.985187 0)
(-1.89096 1.16087 0)
(-1.70397 1.28678 0)
(-1.52658 1.3727 0)
(-1.36367 1.42825 0)
(-1.21709 1.46154 0)
(-1.08687 1.4791 0)
(-0.971836 1.48582 0)
(-0.870412 1.48524 0)
(-0.7809 1.47985 0)
(-0.701696 1.47138 0)
(-0.63137 1.46101 0)
(-0.568683 1.44952 0)
(-0.512592 1.43745 0)
(-0.462219 1.42515 0)
(-0.416834 1.41286 0)
(-0.375828 1.40073 0)
(-0.33869 1.38886 0)
(-0.304989 1.37735 0)
(-0.274357 1.36623 0)
(-0.246476 1.35556 0)
(-0.221072 1.34536 0)
(-0.197899 1.33566 0)
(-0.176741 1.32648 0)
(-0.157401 1.31785 0)
(-0.139699 1.30977 0)
(-0.123472 1.30226 0)
(-0.108564 1.29535 0)
(-0.0948344 1.28903 0)
(-0.0821487 1.28332 0)
(-0.0703803 1.27823 0)
(-0.0594087 1.27377 0)
(-0.0491196 1.26994 0)
(-0.0393918 1.26673 0)
(-0.0301524 1.26414 0)
(-0.0211425 1.26417 0)
(-0.0132843 1.27732 0)
(-0.00493646 1.20032 0)
(-2.03925 0.380527 0)
(-1.96027 0.608884 0)
(-1.84753 0.804597 0)
(-1.71547 0.964011 0)
(-1.57565 1.08854 0)
(-1.43647 1.18259 0)
(-1.30327 1.25149 0)
(-1.17905 1.30046 0)
(-1.06513 1.33406 0)
(-0.961739 1.35609 0)
(-0.868447 1.36953 0)
(-0.784515 1.37668 0)
(-0.709065 1.37928 0)
(-0.641201 1.37861 0)
(-0.580074 1.3756 0)
(-0.524912 1.37095 0)
(-0.475032 1.36516 0)
(-0.429835 1.3586 0)
(-0.388802 1.35155 0)
(-0.351485 1.3442 0)
(-0.317493 1.33672 0)
(-0.286488 1.32922 0)
(-0.25817 1.3218 0)
(-0.232277 1.31453 0)
(-0.208575 1.30747 0)
(-0.186851 1.30068 0)
(-0.166916 1.2942 0)
(-0.148593 1.28806 0)
(-0.131721 1.28229 0)
(-0.11615 1.27693 0)
(-0.101739 1.272 0)
(-0.0883576 1.26752 0)
(-0.0758807 1.2635 0)
(-0.0641898 1.25996 0)
(-0.0531715 1.25691 0)
(-0.0427092 1.25433 0)
(-0.0327191 1.25226 0)
(-0.0230022 1.25288 0)
(-0.0141637 1.26691 0)
(-0.00502094 1.18837 0)
(-1.78092 0.324636 0)
(-1.72643 0.509996 0)
(-1.64678 0.675339 0)
(-1.55033 0.817107 0)
(-1.44448 0.934609 0)
(-1.33533 1.0294 0)
(-1.22738 1.10416 0)
(-1.12361 1.16197 0)
(-1.02578 1.20589 0)
(-0.934804 1.23865 0)
(-0.850952 1.26259 0)
(-0.774113 1.27964 0)
(-0.703945 1.29136 0)
(-0.639984 1.29898 0)
(-0.58172 1.30343 0)
(-0.528642 1.30548 0)
(-0.480258 1.30568 0)
(-0.436118 1.30449 0)
(-0.39581 1.30225 0)
(-0.358962 1.29923 0)
(-0.325243 1.29564 0)
(-0.294355 1.29165 0)
(-0.266032 1.2874 0)
(-0.240034 1.283 0)
(-0.216143 1.27854 0)
(-0.194164 1.2741 0)
(-0.173914 1.26973 0)
(-0.155227 1.2655 0)
(-0.137948 1.26146 0)
(-0.121935 1.25764 0)
(-0.107051 1.25407 0)
(-0.0931699 1.2508 0)
(-0.0801707 1.24784 0)
(-0.0679382 1.24521 0)
(-0.0563619 1.24294 0)
(-0.0453296 1.24099 0)
(-0.0347527 1.23943 0)
(-0.024475 1.24058 0)
(-0.0148265 1.25525 0)
(-0.00505146 1.17586 0)
(-1.56638 0.284393 0)
(-1.5275 0.438812 0)
(-1.46966 0.580358 0)
(-1.39783 0.706062 0)
(-1.31681 0.814629 0)
(-1.23093 0.906311 0)
(-1.14366 0.982315 0)
(-1.05761 1.04437 0)
(-0.974568 1.09438 0)
(-0.895665 1.13424 0)
(-0.82153 1.16568 0)
(-0.752427 1.19023 0)
(-0.688369 1.20918 0)
(-0.629208 1.2236 0)
(-0.5747 1.23439 0)
(-0.52455 1.24227 0)
(-0.478445 1.24781 0)
(-0.43607 1.25149 0)
(-0.39712 1.25368 0)
(-0.361308 1.25468 0)
(-0.328366 1.25476 0)
(-0.298047 1.2541 0)
(-0.270122 1.25288 0)
(-0.244381 1.25122 0)
(-0.220631 1.24926 0)
(-0.198694 1.24709 0)
(-0.178403 1.24478 0)
(-0.159605 1.24241 0)
(-0.142155 1.24004 0)
(-0.125919 1.23772 0)
(-0.110768 1.23549 0)
(-0.0965826 1.2334 0)
(-0.0832468 1.23147 0)
(-0.0706505 1.22974 0)
(-0.0586872 1.22822 0)
(-0.0472499 1.22689 0)
(-0.0362499 1.22583 0)
(-0.025561 1.22746 0)
(-0.015275 1.24254 0)
(-0.00502917 1.16297 0)
(-1.38411 0.254726 0)
(-1.3555 0.38611 0)
(-1.31246 0.508871 0)
(-1.25804 0.62069 0)
(-1.19535 0.720211 0)
(-1.12742 0.807109 0)
(-1.05685 0.881793 0)
(-0.985774 0.945151 0)
(-0.915783 0.998333 0)
(-0.848027 1.04258 0)
(-0.783266 1.07913 0)
(-0.721953 1.10913 0)
(-0.664316 1.1336 0)
(-0.610417 1.15345 0)
(-0.560203 1.16945 0)
(-0.51355 1.18226 0)
(-0.470287 1.19241 0)
(-0.430216 1.20038 0)
(-0.393132 1.20654 0)
(-0.358826 1.21121 0)
(-0.327094 1.21465 0)
(-0.297738 1.21708 0)
(-0.270573 1.21868 0)
(-0.245421 1.21962 0)
(-0.222117 1.22003 0)
(-0.200503 1.22001 0)
(-0.180432 1.21967 0)
(-0.161765 1.21908 0)
(-0.14437 1.21831 0)
(-0.128124 1.21743 0)
(-0.112908 1.2165 0)
(-0.0986095 1.21555 0)
(-0.0851197 1.21462 0)
(-0.0723345 1.21375 0)
(-0.0601533 1.21297 0)
(-0.0484748 1.21224 0)
(-0.0372133 1.21166 0)
(-0.0262642 1.2137 0)
(-0.0155125 1.22897 0)
(-0.00495444 1.14985 0)
(-1.22587 0.232396 0)
(-1.20446 0.346278 0)
(-1.17186 0.454136 0)
(-1.13003 0.554212 0)
(-1.08104 0.645295 0)
(-1.02699 0.726851 0)
(-0.969828 0.798877 0)
(-0.911213 0.861764 0)
(-0.852497 0.916157 0)
(-0.794723 0.962844 0)
(-0.738658 1.00267 0)
(-0.684828 1.03646 0)
(-0.633573 1.06502 0)
(-0.58508 1.08906 0)
(-0.539424 1.10922 0)
(-0.496602 1.12609 0)
(-0.45655 1.14014 0)
(-0.419168 1.1518 0)
(-0.384331 1.16143 0)
(-0.351901 1.16935 0)
(-0.32173 1.17582 0)
(-0.293673 1.18106 0)
(-0.26758 1.18526 0)
(-0.243311 1.1886 0)
(-0.220726 1.1912 0)
(-0.199693 1.19321 0)
(-0.180083 1.1947 0)
(-0.161774 1.19579 0)
(-0.144649 1.19655 0)
(-0.128597 1.19705 0)
(-0.113508 1.19734 0)
(-0.0992808 1.19748 0)
(-0.0858137 1.19751 0)
(-0.0730101 1.19746 0)
(-0.0607759 1.19738 0)
(-0.0490165 1.19723 0)
(-0.0376513 1.19711 0)
(-0.0265927 1.19949 0)
(-0.0155444 1.21476 0)
(-0.00482849 1.13665 0)
(-1.08627 0.215405 0)
(-1.07001 0.315683 0)
(-1.04498 0.411617 0)
(-1.01246 0.501868 0)
(-0.973848 0.585411 0)
(-0.930632 0.661669 0)
(-0.884234 0.730444 0)
(-0.835937 0.79184 0)
(-0.786841 0.846184 0)
(-0.737847 0.89395 0)
(-0.68966 0.935692 0)
(-0.642812 0.972 0)
(-0.59768 1.00346 0)
(-0.554519 1.03064 0)
(-0.51348 1.05405 0)
(-0.474638 1.07417 0)
(-0.438009 1.09143 0)
(-0.403564 1.1062 0)
(-0.371243 1.11881 0)
(-0.340964 1.12956 0)
(-0.312631 1.1387 0)
(-0.286141 1.14645 0)
(-0.261384 1.15299 0)
(-0.238249 1.15851 0)
(-0.216624 1.16313 0)
(-0.1964 1.16699 0)
(-0.17747 1.1702 0)
(-0.159727 1.17285 0)
(-0.143071 1.17503 0)
(-0.127402 1.17681 0)
(-0.112623 1.17825 0)
(-0.0986419 1.17941 0)
(-0.0853664 1.18035 0)
(-0.0727079 1.18109 0)
(-0.0605796 1.18166 0)
(-0.0488945 1.18207 0)
(-0.0375782 1.18239 0)
(-0.0265575 1.18504 0)
(-0.015378 1.20013 0)
(-0.00465378 1.12354 0)
(-0.961258 0.202349 0)
(-0.948798 0.291911 0)
(-0.929403 0.378239 0)
(-0.903924 0.460305 0)
(-0.873319 0.537263 0)
(-0.83864 0.608566 0)
(-0.800932 0.673934 0)
(-0.761177 0.733315 0)
(-0.720252 0.786839 0)
(-0.678906 0.834771 0)
(-0.637759 0.87746 0)
(-0.597304 0.91531 0)
(-0.557917 0.948745 0)
(-0.519877 0.978191 0)
(-0.483373 1.00406 0)
(-0.448529 1.02673 0)
(-0.41541 1.04658 0)
(-0.384039 1.06391 0)
(-0.354403 1.07903 0)
(-0.326468 1.0922 0)
(-0.300178 1.10365 0)
(-0.275466 1.11359 0)
(-0.252255 1.12221 0)
(-0.230463 1.12967 0)
(-0.210003 1.13611 0)
(-0.190789 1.14165 0)
(-0.172731 1.14642 0)
(-0.155742 1.1505 0)
(-0.139735 1.15399 0)
(-0.124624 1.15696 0)
(-0.110324 1.15947 0)
(-0.0967523 1.16158 0)
(-0.0838273 1.16336 0)
(-0.0714687 1.16483 0)
(-0.0595978 1.16602 0)
(-0.0481351 1.16694 0)
(-0.0370133 1.16767 0)
(-0.0261732 1.17053 0)
(-0.0150227 1.18528 0)
(-0.0044333 1.11067 0)
(-0.847772 0.192309 0)
(-0.838224 0.273337 0)
(-0.823142 0.351879 0)
(-0.803107 0.427141 0)
(-0.778784 0.498426 0)
(-0.750924 0.565245 0)
(-0.720297 0.627295 0)
(-0.687647 0.684447 0)
(-0.653664 0.736714 0)
(-0.618958 0.784222 0)
(-0.584055 0.827181 0)
(-0.549392 0.865856 0)
(-0.51532 0.900548 0)
(-0.482112 0.93157 0)
(-0.449974 0.959239 0)
(-0.419051 0.983865 0)
(-0.389438 1.00574 0)
(-0.361192 1.02514 0)
(-0.334336 1.04232 0)
(-0.308866 1.05752 0)
(-0.284761 1.07094 0)
(-0.261983 1.08278 0)
(-0.240482 1.0932 0)
(-0.220201 1.10236 0)
(-0.201077 1.11041 0)
(-0.183041 1.11746 0)
(-0.166024 1.12363 0)
(-0.149953 1.129 0)
(-0.134757 1.13367 0)
(-0.120361 1.13772 0)
(-0.106694 1.14121 0)
(-0.0936835 1.1442 0)
(-0.0812567 1.14674 0)
(-0.0693427 1.14889 0)
(-0.0578712 1.15066 0)
(-0.0467705 1.15205 0)
(-0.0359809 1.15316 0)
(-0.0254574 1.15616 0)
(-0.014489 1.17042 0)
(-0.00417017 1.09819 0)
(-0.743473 0.184672 0)
(-0.736223 0.25885 0)
(-0.724535 0.331057 0)
(-0.708812 0.400666 0)
(-0.68952 0.467106 0)
(-0.667196 0.52995 0)
(-0.642407 0.588904 0)
(-0.615715 0.643805 0)
(-0.587656 0.694598 0)
(-0.558721 0.741324 0)
(-0.529345 0.784095 0)
(-0.499902 0.823081 0)
(-0.470706 0.858486 0)
(-0.442011 0.890538 0)
(-0.414018 0.919478 0)
(-0.386881 0.945548 0)
(-0.360708 0.968985 0)
(-0.335577 0.990017 0)
(-0.311532 1.00886 0)
(-0.288594 1.02572 0)
(-0.266765 1.04078 0)
(-0.24603 1.05422 0)
(-0.226361 1.06618 0)
(-0.207723 1.07682 0)
(-0.190071 1.08627 0)
(-0.173354 1.09464 0)
(-0.157519 1.10204 0)
(-0.142509 1.10857 0)
(-0.128264 1.1143 0)
(-0.114725 1.11932 0)
(-0.10183 1.12369 0)
(-0.0895173 1.12747 0)
(-0.0777238 1.13071 0)
(-0.0663876 1.13346 0)
(-0.0554471 1.13575 0)
(-0.0448384 1.13758 0)
(-0.0345095 1.13903 0)
(-0.0244307 1.14213 0)
(-0.0137885 1.15576 0)
(-0.00386745 1.08624 0)
(-0.646504 0.179027 0)
(-0.641138 0.247684 0)
(-0.632206 0.314724 0)
(-0.61999 0.379644 0)
(-0.604816 0.441974 0)
(-0.587069 0.501346 0)
(-0.567164 0.557489 0)
(-0.545524 0.610228 0)
(-0.522562 0.659475 0)
(-0.498666 0.705219 0)
(-0.47419 0.747508 0)
(-0.449447 0.786443 0)
(-0.424709 0.822161 0)
(-0.400203 0.854822 0)
(-0.376116 0.884608 0)
(-0.352597 0.911703 0)
(-0.32976 0.936299 0)
(-0.307689 0.958583 0)
(-0.286443 0.978735 0)
(-0.26606 0.99693 0)
(-0.246556 1.01333 0)
(-0.227934 1.02809 0)
(-0.210185 1.04135 0)
(-0.193288 1.05324 0)
(-0.177215 1.06389 0)
(-0.161931 1.0734 0)
(-0.147396 1.08188 0)
(-0.133567 1.0894 0)
(-0.120397 1.09607 0)
(-0.107837 1.10194 0)
(-0.0958363 1.10709 0)
(-0.0843433 1.11157 0)
(-0.0733049 1.11544 0)
(-0.0626677 1.11873 0)
(-0.0523784 1.12149 0)
(-0.0423813 1.12371 0)
(-0.0326311 1.12547 0)
(-0.0231161 1.1286 0)
(-0.0129336 1.14148 0)
(-0.00352807 1.07496 0)
(-0.555388 0.175099 0)
(-0.551621 0.23931 0)
(-0.545001 0.302141 0)
(-0.53572 0.363185 0)
(-0.524 0.422052 0)
(-0.510116 0.478425 0)
(-0.494369 0.532062 0)
(-0.477073 0.582793 0)
(-0.458543 0.630514 0)
(-0.439082 0.675183 0)
(-0.418973 0.716811 0)
(-0.398474 0.755449 0)
(-0.377814 0.791187 0)
(-0.357189 0.824138 0)
(-0.336767 0.854432 0)
(-0.316686 0.882214 0)
(-0.297057 0.907634 0)
(-0.277966 0.930844 0)
(-0.259479 0.951995 0)
(-0.241641 0.971233 0)
(-0.22448 0.988701 0)
(-0.208011 1.00453 0)
(-0.192238 1.01885 0)
(-0.177152 1.03179 0)
(-0.16274 1.04344 0)
(-0.148977 1.05391 0)
(-0.135838 1.0633 0)
(-0.12329 1.07169 0)
(-0.111297 1.07915 0)
(-0.0998216 1.08577 0)
(-0.0888224 1.09159 0)
(-0.0782572 1.09669 0)
(-0.068082 1.1011 0)
(-0.0582522 1.10487 0)
(-0.0487225 1.10804 0)
(-0.0394451 1.11061 0)
(-0.0303812 1.11263 0)
(-0.0215388 1.11577 0)
(-0.0119378 1.12778 0)
(-0.00315489 1.06448 0)
(-0.468876 0.172729 0)
(-0.46654 0.233381 0)
(-0.461937 0.292803 0)
(-0.455193 0.350661 0)
(-0.446453 0.406629 0)
(-0.435906 0.460438 0)
(-0.423769 0.511874 0)
(-0.41027 0.560779 0)
(-0.395647 0.607047 0)
(-0.380132 0.650621 0)
(-0.363948 0.691486 0)
(-0.347302 0.729668 0)
(-0.330384 0.765218 0)
(-0.31336 0.798215 0)
(-0.296375 0.828756 0)
(-0.279553 0.85695 0)
(-0.262999 0.882915 0)
(-0.246794 0.906775 0)
(-0.231004 0.928655 0)
(-0.21568 0.948679 0)
(-0.200857 0.966968 0)
(-0.186556 0.983641 0)
(-0.172791 0.998808 0)
(-0.159565 1.01258 0)
(-0.146871 1.02505 0)
(-0.134698 1.03632 0)
(-0.12303 1.04646 0)
(-0.111843 1.05557 0)
(-0.101113 1.06371 0)
(-0.0908103 1.07096 0)
(-0.0809036 1.07736 0)
(-0.0713591 1.08298 0)
(-0.0621417 1.08785 0)
(-0.0532145 1.09204 0)
(-0.0445405 1.09556 0)
(-0.0360793 1.09843 0)
(-0.0277976 1.10069 0)
(-0.019726 1.10378 0)
(-0.010815 1.11483 0)
(-0.00275071 1.05493 0)
(-0.385926 0.171857 0)
(-0.384935 0.229693 0)
(-0.382169 0.28638 0)
(-0.377696 0.341639 0)
(-0.371605 0.395199 0)
(-0.36402 0.446834 0)
(-0.355087 0.496357 0)
(-0.344972 0.543627 0)
(-0.333847 0.588543 0)
(-0.321889 0.631044 0)
(-0.309269 0.671102 0)
(-0.296151 0.708722 0)
(-0.282687 0.743937 0)
(-0.269016 0.7768 0)
(-0.255261 0.807381 0)
(-0.241531 0.835765 0)
(-0.227918 0.862045 0)
(-0.214498 0.886322 0)
(-0.201336 0.908699 0)
(-0.188482 0.929281 0)
(-0.175974 0.948173 0)
(-0.163839 0.965478 0)
(-0.152097 0.981294 0)
(-0.140757 0.995716 0)
(-0.129821 1.00883 0)
(-0.119288 1.02073 0)
(-0.109147 1.03149 0)
(-0.099386 1.04119 0)
(-0.0899874 1.04988 0)
(-0.0809307 1.05764 0)
(-0.0721928 1.06452 0)
(-0.0637482 1.07058 0)
(-0.0555695 1.07585 0)
(-0.0476278 1.08037 0)
(-0.0398934 1.08419 0)
(-0.0323333 1.08731 0)
(-0.0249185 1.08977 0)
(-0.017705 1.09279 0)
(-0.00958034 1.10277 0)
(-0.00231939 1.04642 0)
(-0.305636 0.172536 0)
(-0.305984 0.228191 0)
(-0.304971 0.282717 0)
(-0.302619 0.33588 0)
(-0.298966 0.38746 0)
(-0.294086 0.437266 0)
(-0.288074 0.485142 0)
(-0.281041 0.530964 0)
(-0.273111 0.574642 0)
(-0.264411 0.616115 0)
(-0.255071 0.655353 0)
(-0.245219 0.692352 0)
(-0.234973 0.727128 0)
(-0.224447 0.75972 0)
(-0.213743 0.79018 0)
(-0.202953 0.818574 0)
(-0.192156 0.844977 0)
(-0.181424 0.869472 0)
(-0.170815 0.892146 0)
(-0.160378 0.913088 0)
(-0.150151 0.932388 0)
(-0.140165 0.950136 0)
(-0.130443 0.966419 0)
(-0.121001 0.981322 0)
(-0.111846 0.994926 0)
(-0.102982 1.00731 0)
(-0.0944082 1.01854 0)
(-0.0861179 1.02869 0)
(-0.0781016 1.03782 0)
(-0.0703462 1.04599 0)
(-0.0628363 1.05325 0)
(-0.0555537 1.05965 0)
(-0.0484786 1.06524 0)
(-0.0415892 1.07004 0)
(-0.034863 1.0741 0)
(-0.028274 1.07743 0)
(-0.0217964 1.08005 0)
(-0.015515 1.08297 0)
(-0.00825104 1.09179 0)
(-0.00186086 1.03907 0)
(-0.227117 0.174817 0)
(-0.228854 0.228827 0)
(-0.229567 0.281668 0)
(-0.229241 0.333155 0)
(-0.227877 0.383111 0)
(-0.225509 0.431383 0)
(-0.222193 0.477841 0)
(-0.218 0.522383 0)
(-0.213014 0.564929 0)
(-0.207324 0.605427 0)
(-0.201026 0.643846 0)
(-0.194215 0.68018 0)
(-0.186983 0.714438 0)
(-0.179419 0.746648 0)
(-0.171606 0.776852 0)
(-0.163621 0.805104 0)
(-0.155531 0.831465 0)
(-0.147399 0.856004 0)
(-0.139276 0.878797 0)
(-0.131209 0.89992 0)
(-0.123236 0.919452 0)
(-0.115388 0.937472 0)
(-0.10769 0.954056 0)
(-0.10016 0.969281 0)
(-0.0928125 0.98322 0)
(-0.0856556 0.995942 0)
(-0.0786934 1.00751 0)
(-0.0719258 1.018 0)
(-0.0653497 1.02745 0)
(-0.0589587 1.03593 0)
(-0.052744 1.04348 0)
(-0.0466943 1.05015 0)
(-0.0407964 1.05598 0)
(-0.0350353 1.061 0)
(-0.0293953 1.06524 0)
(-0.0238572 1.06873 0)
(-0.0183968 1.07149 0)
(-0.0131298 1.07429 0)
(-0.00683201 1.08184 0)
(-0.00139308 1.03287 0)
(-0.150729 0.179373 0)
(-0.154308 0.232159 0)
(-0.157115 0.283694 0)
(-0.159101 0.333845 0)
(-0.160238 0.382477 0)
(-0.160526 0.429471 0)
(-0.159987 0.474725 0)
(-0.15866 0.518154 0)
(-0.156595 0.559692 0)
(-0.153854 0.599296 0)
(-0.150503 0.636939 0)
(-0.146612 0.672613 0)
(-0.142253 0.706325 0)
(-0.137497 0.738099 0)
(-0.132411 0.767968 0)
(-0.12706 0.795978 0)
(-0.121505 0.822182 0)
(-0.115799 0.846639 0)
(-0.109994 0.869416 0)
(-0.104132 0.890578 0)
(-0.0982523 0.910196 0)
(-0.0923878 0.928341 0)
(-0.0865661 0.945081 0)
(-0.0808099 0.960486 0)
(-0.0751371 0.974621 0)
(-0.0695614 0.98755 0)
(-0.0640923 0.999335 0)
(-0.0587358 1.01003 0)
(-0.0534947 1.0197 0)
(-0.048369 1.02838 0)
(-0.043356 1.03613 0)
(-0.0384509 1.04298 0)
(-0.0336468 1.04897 0)
(-0.0289349 1.05414 0)
(-0.0243059 1.05851 0)
(-0.0197478 1.06211 0)
(-0.01524 1.06495 0)
(-0.0109487 1.06766 0)
(-0.00547136 1.07399 0)
(-0.000882037 1.02837 0)
(-0.0605209 0.187096 0)
(-0.0639663 0.239133 0)
(-0.0671549 0.289733 0)
(-0.0700133 0.338815 0)
(-0.072483 0.386292 0)
(-0.0745236 0.432086 0)
(-0.0761094 0.476125 0)
(-0.0772282 0.518353 0)
(-0.0778791 0.55873 0)
(-0.0780719 0.597229 0)
(-0.0778244 0.633841 0)
(-0.0771612 0.668567 0)
(-0.0761121 0.701423 0)
(-0.0747102 0.732435 0)
(-0.0729905 0.761639 0)
(-0.0709891 0.789079 0)
(-0.0687421 0.814803 0)
(-0.0662846 0.838869 0)
(-0.0636503 0.861334 0)
(-0.0608711 0.882259 0)
(-0.0579765 0.901708 0)
(-0.0549935 0.919743 0)
(-0.051946 0.936425 0)
(-0.0488554 0.951817 0)
(-0.0457399 0.965976 0)
(-0.042615 0.97896 0)
(-0.0394934 0.990824 0)
(-0.0363854 1.00162 0)
(-0.033299 1.01139 0)
(-0.0302402 1.02019 0)
(-0.0272128 1.02806 0)
(-0.0242188 1.03502 0)
(-0.0212587 1.04113 0)
(-0.0183312 1.0464 0)
(-0.0154342 1.05087 0)
(-0.0125648 1.05455 0)
(-0.00969128 1.05747 0)
(-0.00702553 1.05995 0)
(-0.00345015 1.0645 0)
(-0.000449789 1.02367 0)
)
;

boundaryField
{
    leftWall
    {
        type            fixedValue;
        value           nonuniform 0();
    }
    rightWall
    {
        type            fixedValue;
        value           uniform (0 0 0);
    }
    lowerWall
    {
        type            fixedValue;
        value           nonuniform 0();
    }
    atmosphere
    {
        type            pressureInletOutletVelocity;
        value           nonuniform List<vector> 
45
(
(0 -0.0668122 0)
(0 -0.013935 0)
(-0.0508868 0.0374959 0)
(-0.053912 0.0875985 0)
(-0.0571271 0.136528 0)
(-0.0605209 0.187096 0)
(-0.0639663 0.239133 0)
(-0.0671549 0.289733 0)
(-0.0700133 0.338815 0)
(-0.072483 0.386292 0)
(-0.0745236 0.432086 0)
(-0.0761094 0.476125 0)
(-0.0772282 0.518353 0)
(-0.0778791 0.55873 0)
(-0.0780719 0.597229 0)
(-0.0778244 0.633841 0)
(-0.0771612 0.668567 0)
(-0.0761121 0.701423 0)
(-0.0747102 0.732435 0)
(-0.0729905 0.761639 0)
(-0.0709891 0.789079 0)
(-0.0687421 0.814803 0)
(-0.0662846 0.838869 0)
(-0.0636503 0.861334 0)
(-0.0608711 0.882259 0)
(-0.0579765 0.901708 0)
(-0.0549935 0.919743 0)
(-0.051946 0.936425 0)
(-0.0488554 0.951817 0)
(-0.0457399 0.965976 0)
(-0.042615 0.97896 0)
(-0.0394934 0.990824 0)
(-0.0363854 1.00162 0)
(-0.033299 1.01139 0)
(-0.0302402 1.02019 0)
(-0.0272128 1.02806 0)
(-0.0242188 1.03502 0)
(-0.0212587 1.04113 0)
(-0.0183312 1.0464 0)
(-0.0154342 1.05087 0)
(-0.0125648 1.05455 0)
(-0.00969128 1.05747 0)
(-0.00702553 1.05995 0)
(-0.00345015 1.0645 0)
(-0.000449789 1.02367 0)
)
;
    }
    defaultFaces
    {
        type            empty;
    }
    procBoundary3to1
    {
        type            processor;
        value           nonuniform List<vector> 
45
(
(2.03745 -0.867026 0)
(2.18268 -0.877017 0)
(2.32406 -0.924151 0)
(2.48652 -1.00664 0)
(2.47023 -1.01607 0)
(2.18504 -0.844331 0)
(2.12701 -0.476705 0)
(2.33108 0.158387 0)
(2.67215 1.20897 0)
(2.67831 1.66438 0)
(2.28217 1.51406 0)
(1.8607 1.56548 0)
(1.48159 2.15528 0)
(1.19774 2.73486 0)
(1.19868 2.63006 0)
(1.41916 2.22559 0)
(1.46821 1.96835 0)
(1.46975 1.83538 0)
(1.4788 1.71832 0)
(1.49572 1.59992 0)
(1.55326 1.32375 0)
(1.67899 0.969651 0)
(1.54412 1.02256 0)
(1.3727 1.16027 0)
(1.20047 1.2668 0)
(1.06912 1.27634 0)
(0.968008 1.22761 0)
(0.880449 1.1702 0)
(0.800275 1.12213 0)
(0.726299 1.0837 0)
(0.658022 1.05224 0)
(0.594826 1.02601 0)
(0.536089 1.00394 0)
(0.481242 0.985289 0)
(0.429765 0.969484 0)
(0.381182 0.95608 0)
(0.335066 0.944732 0)
(0.291048 0.935167 0)
(0.248799 0.927171 0)
(0.208026 0.920578 0)
(0.168458 0.915258 0)
(0.129861 0.911115 0)
(0.0919749 0.908082 0)
(0.0546555 0.906392 0)
(0.0175894 0.881553 0)
)
;
    }
    procBoundary3to2
    {
        type            processor;
        value           nonuniform List<vector> 
43
(
(1.91163 -1.01055 0)
(1.9283 -1.17345 0)
(1.93698 -1.36283 0)
(1.91894 -1.56968 0)
(1.86548 -1.77015 0)
(1.78586 -1.95156 0)
(1.68857 -2.11646 0)
(1.57293 -2.26185 0)
(1.44378 -2.375 0)
(1.31219 -2.45041 0)
(1.18655 -2.50353 0)
(1.07635 -2.56713 0)
(0.974157 -2.665 0)
(0.839799 -2.79389 0)
(0.644464 -2.94225 0)
(0.385651 -3.10128 0)
(0.0631216 -3.26782 0)
(-0.35025 -3.4234 0)
(-0.877976 -3.50577 0)
(-1.46915 -3.42068 0)
(-1.99468 -3.08765 0)
(-2.27328 -2.53941 0)
(-2.29183 -1.98287 0)
(-2.19524 -1.55185 0)
(-2.04617 -1.22149 0)
(-1.87674 -0.971911 0)
(-1.70676 -0.783743 0)
(-1.54466 -0.640948 0)
(-1.3937 -0.531503 0)
(-1.25451 -0.446626 0)
(-1.12649 -0.379961 0)
(-1.00846 -0.326965 0)
(-0.899135 -0.284373 0)
(-0.79724 -0.249815 0)
(-0.701598 -0.221531 0)
(-0.611138 -0.198251 0)
(-0.524891 -0.179006 0)
(-0.441967 -0.163085 0)
(-0.361527 -0.149948 0)
(-0.282772 -0.139234 0)
(-0.204941 -0.130857 0)
(-0.126663 -0.124669 0)
(-0.0438336 -0.119706 0)
)
;
    }
}


// ************************************************************************* //
