/*--------------------------------*- C++ -*----------------------------------*\
| =========                 |                                                 |
| \\      /  F ield         | OpenFOAM: The Open Source CFD Toolbox           |
|  \\    /   O peration     | Version:  3.0.1                                 |
|   \\  /    A nd           | Web:      www.OpenFOAM.org                      |
|    \\/     M anipulation  |                                                 |
\*---------------------------------------------------------------------------*/
FoamFile
{
    version     2.0;
    format      ascii;
    class       volScalarField;
    location    "0.4";
    object      p_rgh;
}
// * * * * * * * * * * * * * * * * * * * * * * * * * * * * * * * * * * * * * //

dimensions      [1 -1 -2 0 0 0 0];

internalField   nonuniform List<scalar> 
1935
(
2.04714
2.01899
1.98667
1.94954
1.90706
1.85879
1.80437
1.74353
1.67604
1.60179
1.52077
1.43303
1.33866
1.2377
1.13017
1.016
0.895063
0.767201
0.63232
0.490637
0.343021
0.191211
0.0384419
-0.109595
-0.246274
-0.365804
-0.457679
-0.505472
-0.502585
-0.474449
-0.450775
-0.43393
-0.540428
-0.580859
-0.553981
-0.50153
-0.442905
-0.33635
-0.0533839
-0.0147085
-0.241945
-0.21679
-0.124684
2.07496
2.10455
2.13724
2.17367
2.04914
2.08139
2.11706
2.1567
2.01844
2.05251
2.09024
2.13205
1.98222
2.01735
2.05627
2.09939
1.93994
1.97537
2.01469
2.0583
1.89116
1.92613
1.96503
2.00832
1.83548
1.8692
1.90685
1.94895
1.7726
1.80424
1.83973
1.87966
1.70229
1.73096
1.76332
1.80001
1.6244
1.64921
1.67739
1.70963
1.53892
1.55895
1.58187
1.60837
1.44593
1.46027
1.47688
1.49637
1.34552
1.35332
1.3626
1.37384
1.23776
1.23814
1.23904
1.24075
1.12262
1.11469
1.1062
1.09709
0.999974
0.982803
0.963965
0.94309
0.869542
0.842093
0.811911
0.778534
0.730932
0.691894
0.649069
0.602115
0.583686
0.531269
0.473884
0.411343
0.427579
0.359368
0.284522
0.202684
0.263192
0.176269
0.0798453
-0.0276417
0.092211
-0.0167358
-0.140304
-0.282611
-0.0820826
-0.217316
-0.375955
-0.564082
-0.253241
-0.419857
-0.622876
-0.865209
-0.413702
-0.616883
-0.868941
-1.16033
-0.559387
-0.806262
-1.10275
-1.42676
-0.675616
-0.957116
-1.26699
-1.61257
-0.719529
-0.965531
-1.19658
4.02711
-0.664711
-0.819361
3.01905
26.7822
-0.555489
-0.0809085
20.0699
27.4318
-0.495778
2.62933
30.4585
26.1345
-0.469383
6.51285
31.9468
17.1851
-0.426111
15.152
33.2528
11.8017
0.770016
26.4949
34.9436
11.0958
3.47848
33.8885
37.2503
12.0385
11.5723
39.0929
39.1305
13.6348
17.4062
39.8266
39.9433
20.4525
6.66021
40.171
40.0295
28.3134
-0.0434555
9.30768
33.9087
30.5709
-0.366538
1.85057
4.30818
7.32081
-0.818808
1.75507
75.3278
95.6493
-0.326091
18.4665
359.315
171.314
-0.360239
-0.752657
12.352
140.901
2.21684
2.26856
2.32697
2.39192
2.46256
2.53733
2.61426
2.69158
2.76839
2.84489
2.92186
2.99953
3.07767
3.15575
3.23411
3.31237
3.39108
3.46992
3.54834
3.62584
3.7019
3.77609
3.84798
3.91692
3.982
4.04304
4.10259
4.16634
4.23906
4.317
4.39478
4.41428
4.38962
4.41401
4.66531
851.307
2281.54
2474.59
2518.86
1799.22
2.20334
2.25854
2.31997
2.38733
2.45983
2.53614
2.61475
2.69428
2.77384
2.85313
2.93221
3.01111
3.08965
3.16764
3.24525
3.32287
3.40059
3.47822
3.55532
3.6314
3.7059
3.77835
3.84836
3.91545
3.97882
4.03771
4.09302
4.1486
4.20918
4.27316
4.33581
4.35977
4.34602
4.3846
4.70913
716.962
2423.96
2506.88
2535.05
1790.51
2.18105
2.23869
2.30243
2.37198
2.44666
2.52537
2.60679
2.68961
2.77279
2.85561
2.93764
3.01859
3.09828
3.17671
3.25418
3.33107
3.40759
3.48362
3.55884
3.63279
3.70495
3.77486
3.84209
3.9062
3.96657
4.0223
4.07314
4.12103
4.16963
4.21875
4.2643
4.28965
4.29943
4.35737
4.88868
801.581
2455.25
2554.06
2562.93
1797.73
2.14985
2.20914
2.27465
2.34622
2.42332
2.50506
2.59021
2.67736
2.76516
2.85243
2.93821
3.02185
3.10312
3.1822
3.25955
3.33566
3.41081
3.48498
3.55793
3.62928
3.69858
3.76535
3.82914
3.88948
3.94584
3.99743
4.04358
4.08502
4.12452
4.16379
4.20165
4.23019
4.25681
4.31311
4.84219
909.125
2515.97
2615.5
2618.36
1818.42
2.10942
2.16962
2.23641
2.3098
2.38947
2.47465
2.56427
2.65672
2.75023
2.843
2.9334
3.02026
3.10327
3.18288
3.25987
3.33494
3.40849
3.48059
3.55106
3.61959
3.68576
3.74911
3.80913
3.86531
3.91716
3.96414
4.00571
4.04211
4.0756
4.10933
4.146
4.18221
4.22059
4.27063
4.68878
969.986
2610.15
2685.57
2682.81
1984.26
2.05927
2.11961
2.18707
2.26195
2.3442
2.43324
2.52789
2.62656
2.72689
2.82623
2.92203
3.01241
3.09694
3.17655
3.25262
3.32624
3.39798
3.46794
3.53598
3.60176
3.66488
3.72488
3.78119
3.83325
3.8806
3.92294
3.9601
3.9923
4.0213
4.05034
4.08448
4.12539
4.1688
4.2341
4.4518
854.093
2640.38
2736.49
2724.85
2717.47
1.9988
2.05835
2.12568
2.20145
2.28597
2.37894
2.47921
2.58497
2.69361
2.80112
2.9029
2.99616
3.08094
3.15935
3.23369
3.30548
3.37541
3.44354
3.5096
3.57319
3.63383
3.69101
3.74411
3.7925
3.83573
3.8737
3.90658
3.93474
3.9594
3.98316
4.01077
4.0509
4.09574
4.16637
4.40463
1000.71
2613.15
2319.47
2292.69
2788.24
1.92733
1.98495
2.05106
2.12684
2.21318
2.31005
2.41625
2.52972
2.64718
2.76405
2.87274
2.96802
3.05055
3.12523
3.19638
3.26613
3.33493
3.40236
3.46775
3.53046
3.58989
3.64542
3.69635
3.74198
3.78186
3.816
3.84487
3.86899
3.88914
3.90688
3.9253
3.95258
3.98182
4.0574
86.5131
1413.83
1842.52
317.764
581.791
1705.66
1.84423
1.89842
1.96178
2.03622
2.12351
2.22399
2.3364
2.45902
2.5878
2.71598
2.82896
2.9197
2.99409
3.06211
3.12965
3.19861
3.26847
3.33774
3.40503
3.46931
3.52976
3.58563
3.63613
3.68048
3.7182
3.74938
3.77475
3.79507
3.81072
3.82541
3.83272
3.83934
3.84958
3.93715
379.767
1519.87
994.635
243.365
264.35
330.323
1.74893
1.79789
1.85644
1.92736
2.01338
2.11442
2.2288
2.35744
2.49568
2.64095
2.7667
2.84694
2.90122
2.95229
3.01453
3.08639
3.16295
3.23989
3.31424
3.38439
3.44947
3.50876
3.5614
3.60655
3.64373
3.67319
3.69587
3.71282
3.72739
3.73401
3.72572
3.71176
3.68307
3.65707
332.918
1551.39
1438.3
237.739
313.683
1784.08
1.64113
1.68274
1.73387
1.79829
1.88024
1.97918
2.09136
2.22396
2.36663
3.19256
3.51723
3.00943
2.70881
2.74385
2.81602
2.90822
3.0042
3.09827
3.1874
3.2697
3.34459
3.41156
3.46979
3.51847
3.55718
3.58657
3.60772
3.62364
3.63375
3.63389
3.61171
3.57824
3.5459
3.48099
64.9004
1130.73
1773.61
428.76
791.762
2400.11
1.52093
1.55283
1.59312
1.64648
1.72101
1.81987
1.92857
2.61967
5.24057
10.5961
10.6899
8.99641
3.00568
2.37218
2.46589
2.61184
2.76369
2.89899
3.01621
3.11919
3.21055
3.29057
3.35877
3.41459
3.45787
3.48922
3.50998
3.52541
3.53191
3.52942
3.50052
3.49273
3.73824
4.30491
4.20485
120.835
1607.71
2121.76
2334.74
2458.83
1.38853
1.4084
1.43328
1.46834
1.53135
1.75459
2.8814
10.002
10.1889
10.2488
10.3308
10.3565
9.74183
2.99503
2.00918
2.17957
2.41454
2.62833
2.79435
2.92856
3.04368
3.14264
3.22585
3.29362
3.34622
3.3828
3.40395
3.4209
3.43056
3.43023
3.40676
3.65873
5.25723
5.35825
4.54203
4.63045
153.639
2474.12
2556.81
2571.22
1.2437
1.24869
1.25314
1.26088
1.45734
6.7761
6.80781
6.12263
4.46461
5.06468
8.75316
9.88281
10.0254
9.44002
2.53216
1.70031
1.97831
2.2887
2.52161
2.69745
2.84258
2.96512
3.06773
3.15224
3.21925
3.26328
3.28358
3.31223
3.33308
3.35314
3.35816
3.5765
5.42643
5.47858
4.87777
4.94643
184.734
2625.59
2669.96
2658.48
1.0865
1.073
1.05266
1.02533
3.69503
6.36097
6.2934
1.62053
1.19332
1.09133
1.08074
7.19221
9.77595
9.93196
5.38628
1.2887
1.54225
1.9101
2.20705
2.43044
2.60855
2.75568
2.8782
2.9797
3.06082
3.12245
3.1182
3.1633
3.21512
3.28461
3.34131
3.37434
4.45459
5.64308
5.68039
5.2842
360.261
2109.46
2391.62
2723.72
0.917988
0.885234
0.840356
0.7734
0.673082
3.95623
5.82932
2.29807
1.14315
1.01085
0.973428
1.04998
8.74164
9.93703
5.38256
1.0336
1.20213
1.53689
1.87023
2.13747
2.34615
2.5142
2.65093
2.75948
2.83808
2.86054
3.01765
3.57108
3.15989
3.18634
3.29919
3.37622
3.43725
4.72703
5.9398
5.74956
142.781
393.862
1327.19
2734.35
0.73887
0.689803
0.629367
0.551077
0.448597
0.324887
0.756276
3.15753
4.03143
4.03223
1.79816
1.11997
4.72327
9.94924
6.87056
1.02063
0.934242
1.17961
1.52098
1.8265
2.0638
2.24993
2.39594
2.50072
2.56111
2.50613
3.88263
7.25307
7.60302
4.81581
3.25677
3.36487
3.44175
3.89861
5.7973
5.9353
3.92226
16.8148
563.937
2730.21
0.547473
0.482435
0.407493
0.320415
0.219002
0.105351
0.0025084
-0.0702711
2.69099
5.72715
5.82562
2.29359
3.81267
9.69752
9.00889
2.28642
0.648906
0.80562
1.14684
1.4978
1.77355
1.98622
2.15008
2.26544
2.33243
2.29133
3.06875
7.39568
7.82424
8.36816
4.85024
3.39137
3.48768
4.09784
5.88088
4.49962
3.85966
3.91158
545.839
2711.98
0.33945
0.255481
0.160727
0.0544216
-0.0609734
-0.179326
-0.292089
-0.398786
-0.502013
2.03357
5.55114
2.6692
2.57759
8.52101
8.79709
5.06082
0.324397
0.373496
0.731491
1.15083
1.4885
1.7475
1.95198
2.10832
2.22118
2.27604
2.27921
3.65841
8.01205
8.46147
8.90467
4.08571
3.6019
4.91294
6.10162
4.22651
4.24166
4.26313
703.672
2725.02
0.108108
-0.00344889
-0.129883
-0.269949
-0.417702
-0.563888
-0.698323
-0.806021
-0.881844
-0.918804
2.90095
3.62506
0.163201
5.2162
8.25643
7.37138
0.469344
-0.146522
0.275039
0.79277
1.21835
1.54509
1.8091
2.02579
2.20325
2.34826
2.44539
2.54876
3.18895
8.13995
9.10097
8.54572
4.69322
5.22779
4.64328
4.43903
4.47337
4.4276
928.366
2804.34
-0.155356
-0.310405
-0.487083
-0.677942
-0.871025
-1.04821
-1.19993
-1.31255
-1.36398
-1.32607
0.594765
1.86007
-0.745506
2.45562
7.62009
6.80216
0.0697499
-0.696242
-0.178069
0.446972
0.971662
1.37777
1.70757
1.98738
2.22957
2.43908
2.60003
2.72947
2.86359
7.8008
9.35394
9.67305
6.58662
4.73849
4.46566
4.6398
4.68899
48.8826
1272.4
2914.36
-0.457771
-0.672426
-0.907659
-1.14379
-1.32917
-1.09908
-1.1431
-1.72445
-1.87642
-1.70938
-0.854853
-0.876531
-1.41336
-1.3329
5.70035
4.83899
-0.743854
-1.14845
-0.558329
0.151186
0.760579
1.24009
1.63244
1.97094
2.27308
2.53144
2.71818
2.84865
5.47512
9.30458
9.59717
9.87351
5.89828
4.41514
4.51849
4.72308
5.0929
226.553
1605.89
3073.43
-0.797254
-1.06798
-1.33362
-1.41055
-0.86686
-1.0406
-1.21087
-1.78542
-2.17097
-2.09545
-2.01904
-1.94294
-1.85013
-1.75016
-0.788096
-0.530194
-1.3393
-1.45666
-0.823426
-0.0696978
0.590158
1.12165
1.56414
1.95486
2.31453
2.62078
2.97757
5.99424
9.35967
9.57015
9.45738
5.79851
4.27718
4.38608
4.50625
4.50613
253.226
909.733
1731.73
3259.25
-1.15253
-1.44596
-1.48706
-0.844465
-0.9829
-1.56457
-2.17887
-2.27749
-2.32987
-2.22316
-1.53051
-1.87744
-2.22986
-2.07712
-1.96963
-1.98091
-1.89203
-1.63797
-0.966157
-0.2184
0.446582
1.00135
1.47418
1.95851
2.85735
3.92472
5.0582
6.32207
5.73544
5.37052
4.47715
4.1519
4.22398
4.46354
113.324
878.765
1184.81
1013.83
1223.75
3187.87
-1.47379
-1.7394
-0.861034
-0.962941
-1.86508
-2.22413
-2.37142
-2.53043
-2.19865
0.0396292
-1.53286
-2.69119
-2.52022
-2.29596
-2.13327
-2.08912
-1.99785
-1.62878
-1.00606
-0.322639
0.297405
1.00722
1.34596
2.44483
3.25593
3.70702
4.06427
4.15166
4.16933
4.39373
5.03954
4.74712
205.148
737.973
1161.43
1171.66
1196.16
820.332
417.157
3034.33
-1.72673
-1.16471
-0.815704
-1.77813
-2.17304
-2.35323
-2.58153
-1.78355
0.976057
0.113017
-2.50121
-2.78492
-2.37833
-2.34556
-2.12783
-1.99427
-1.8115
-1.45018
-0.942436
-0.396984
0.291732
0.970463
1.17454
1.91358
2.58173
3.21567
3.80675
4.36866
4.3002
75.8767
451.565
1036.13
1160.13
1169.22
1171.22
1170.44
642.726
95.4855
72.4682
2558.73
-1.9204
0.072466
-0.852407
-2.10631
-2.16814
-1.58906
-0.882125
1.1027
0.951752
0.938999
-1.53697
-1.41935
-0.80525
-1.37511
-1.95656
-1.71174
-1.02808
-1.13197
-0.856327
-0.398789
0.273844
0.518815
0.717753
1.40908
2.09142
2.76886
56.2827
91.1029
206.536
502.899
727.075
752.808
797.609
777.92
538.233
171.042
13.8563
4.32596
22.7662
727.868
1.4178
1.89623
-0.259264
-2.05191
-1.88153
1.68663
1.28849
-1.56885
1.20671
1.1982
0.193283
-0.370346
-0.268882
-0.223094
-1.55968
-0.54815
-0.162644
0.0333519
0.135328
0.175164
-0.0846146
-0.166402
-0.57195
-0.387841
96.4963
333.9
432.914
418.997
328.039
136.721
65.8788
21.1334
16.0104
8.81534
-2.41769
-3.40942
-3.55195
-3.1312
8.82525
9.50651
18.5462
1.65558
-0.410591
-1.90817
0.869223
1.88113
-0.922996
-2.26512
-0.0952902
-0.223509
-2.13189
-2.15995
-1.422
-1.56877
-1.56719
-0.360836
-0.0941017
0.112956
0.290097
-0.14165
-0.319853
-0.395645
-1.45748
229.739
435.563
434.597
435.072
311.069
43.3572
-4.09668
-4.69445
-4.74057
-4.67546
-4.53625
-4.38311
-4.23126
-4.1614
-3.76445
-2.84597
-1.22001
16.6146
-2.16825
-1.94967
-0.0760969
1.42703
-0.207056
-2.26247
-2.40242
-2.50126
-2.5633
-2.57132
-2.49417
-2.3244
-2.05411
-1.60672
-0.198331
0.0904054
0.289279
0.178571
-0.243721
-0.435234
18.1463
339.121
445.207
445.87
398.903
106.096
0.0955738
-4.74967
-4.87898
-4.89304
-4.84473
-4.74707
-4.58716
-4.39491
-4.16028
-4.03861
-3.70663
-3.9149
1008.47
-1.47163
-1.72672
-1.36713
1.41612
1.16575
-1.69097
-1.86559
-2.03356
-2.25662
-2.32751
-2.19714
-2.01036
-1.77932
-1.48271
-1.13703
-0.279641
0.597811
0.34482
0.099411
-0.106201
37.772
390.4
461.284
457.328
323.187
25.8496
-4.85761
-5.05888
-5.07157
-5.04118
-4.99477
-4.92593
-4.81807
-4.65741
-4.46667
-4.2305
-4.15082
-3.85029
1.06567
2354.8
-1.2595
-1.23364
-0.346115
1.92851
1.74496
-1.33573
-1.77102
-2.15709
-2.2843
-1.96172
-1.3987
-0.846666
-0.387713
-0.0033425
0.307945
0.559101
0.753024
0.6425
0.333902
46.141
418.218
469.454
467.842
309.167
13.2497
-4.9539
-5.2015
-5.19105
-5.1387
-5.09023
-5.04384
-4.98944
-4.91784
-4.81611
-4.68777
-4.51902
-4.41091
-4.26589
29.4932
2451.67
-1.09448
-1.03985
-0.923213
0.185896
0.867562
1.87149
17.0014
29.5299
2.2024
-2.55404
-1.27008
0.962622
1.71744
2.14577
2.37066
2.44401
2.36489
2.1821
41.7401
428.966
476.064
475.893
345.919
18.4138
-5.04697
-5.29154
-5.25334
-5.19117
-5.1377
-5.09606
-5.0638
-5.03759
-5.01246
-4.97947
-4.92552
-4.86953
-4.69333
-5.07827
89.6525
2518.41
-1.04387
-1.06486
-1.03555
-1.09502
-0.512983
3.20895
18.1486
43.5776
71.5078
127.956
125.091
3.30751
3.86235
4.20019
4.26861
4.34162
4.65405
53.8677
436.712
486.893
483.646
394.267
35.7283
-5.02538
-5.39366
-5.33843
-5.25858
-5.1888
-5.13197
-5.09306
-5.07376
-5.07464
-5.09556
-5.13188
-5.17379
-5.25151
-5.15591
-5.76124
280.486
2563.63
-0.94351
-1.03368
-1.02904
-1.003
-1.00683
3.56596
14.114
14.0408
17.3736
54.8396
323.72
290.424
5.49406
5.6057
5.56133
5.75624
155.597
476.041
502.892
494.684
399.696
43.0656
-5.08824
-5.50444
-5.47158
-5.39212
-5.30729
-5.2243
-5.15384
-5.10536
-5.088
-5.11056
-5.17932
-5.29074
-5.44238
-5.56996
-5.61617
-4.03535
506.216
1209.23
-0.703694
-0.825114
-0.86385
-0.785731
-0.630228
0.567386
0.247571
-0.748243
-0.652139
-0.485186
305.208
419.087
371.411
111.932
103.407
337.439
510.136
514.846
506.195
300.014
19.011
-5.35015
-5.61976
-5.63393
-5.61009
-5.55009
-5.45737
-5.34606
-5.23387
-5.14309
-5.09922
-5.12504
-5.23659
-5.43485
-5.71916
-5.96329
-3.63694
203.474
518.452
38.9902
-0.38557
-0.472377
-0.492319
-0.44293
-0.330682
-0.290139
-0.336621
-0.444045
-0.452468
-0.386016
44.4918
427.766
432.532
434.812
433.627
437.948
439.801
314.081
120.675
3.70109
-4.79884
-5.27429
-5.58744
-5.80447
-5.9128
-5.9113
-5.8107
-5.63485
-5.42339
-5.22949
-5.10576
-5.0949
-5.22432
-5.48398
-5.8806
-6.23901
49.4036
480.528
501.311
11.7198
-0.114436
-0.144681
-0.165436
-0.149633
-0.0919916
-0.0561031
-0.0952872
-0.189904
-0.216299
0.153304
0.188742
230.574
437.171
437.675
400.629
205.661
47.3543
4.33004
-2.44234
-3.14672
-4.24702
-5.107
-5.79597
-6.29854
-6.58136
-6.68183
-6.54788
-6.23965
-5.83568
-5.43569
-5.14448
-5.03972
-5.15237
-5.4465
-5.89488
2.95224
245.496
437.809
203.72
3.53604
0.467987
0.229517
0.147605
0.105843
0.0882018
0.0629278
0.00426092
-0.0697427
-0.024317
0.103345
0.201436
9.71534
155.133
170.006
58.1428
1.73517
-0.274824
-0.912135
-1.81892
-2.90032
-4.15395
-5.47919
-6.70954
-7.63481
-8.19497
-8.32099
-8.0106
-7.37821
-6.59371
-5.82847
-5.24751
-4.98002
-5.0789
-5.54241
-5.65273
50.8644
207.729
115.201
3.94139
2.10024
3.22234
0.262798
0.286554
0.260007
0.231913
0.162174
0.0819839
0.00423934
-0.0669562
-0.140507
-0.0229105
0.100619
-0.218578
0.143763
0.329232
0.222514
-0.10857
-0.660132
-1.51979
-2.77932
-4.52542
-6.66843
-8.64009
-9.85291
-10.3756
-10.2637
-9.59403
-8.50974
-7.2284
-6.04758
-5.14909
-4.66456
-4.64064
-4.76637
9.43999
45.1266
14.4902
5.85607
2.30266
2.14889
1.05658
3.82839
2.60405
0.427508
0.361577
0.264455
0.172627
0.0851631
0.0170575
-0.0402372
-0.0934403
-0.120997
-0.0623306
0.106013
0.232107
0.207073
-0.0312399
-0.453044
-1.33508
-2.80035
-5.05841
-7.84033
-10.0642
-11.2241
-11.4757
-10.9903
-9.92463
-8.49855
-6.95786
-5.56203
-4.48087
-3.71138
-2.50077
1.64119
7.3808
3.62134
2.66061
2.69744
1.86784
1.7388
1.68679
1.67015
0.712317
0.526926
0.44711
0.284094
0.168841
0.0934503
0.037193
-0.00215849
-0.0267142
-0.0253142
0.0190411
0.0962294
0.155033
0.179186
0.0924758
-0.187614
-0.801227
-2.02243
-4.15295
-6.7049
-8.5133
-9.2955
-9.26834
-8.5456
-7.23359
-5.78106
-4.46531
-3.2823
-2.19491
-1.40266
-0.3578
0.641641
0.534694
1.19715
1.47312
1.36219
1.11082
1.06861
0.209169
-0.485996
-0.28005
0.0271465
0.359888
0.359497
0.184279
0.112091
0.0752913
0.0491289
0.0445473
0.0693907
0.134798
0.25952
0.461696
0.730531
1.10513
1.48407
1.56076
0.95411
-0.642866
-2.24056
-3.30541
-3.88872
-3.86158
-3.6149
-3.18199
-2.67963
-2.18777
-1.74519
-1.42996
-1.07076
-0.695847
-0.295386
0.0762796
0.24833
0.32111
0.364007
0.373121
0.371372
)
;

boundaryField
{
    leftWall
    {
        type            fixedFluxPressure;
        gradient        nonuniform 0();
        value           nonuniform 0();
    }
    rightWall
    {
        type            fixedFluxPressure;
        gradient        uniform 0;
        value           nonuniform List<scalar> 
43
(
1799.22
1790.51
1797.73
1818.42
1984.26
2717.47
2788.24
1705.66
330.323
1784.08
2400.11
2458.83
2571.22
2658.48
2723.72
2734.35
2730.21
2711.98
2725.02
2804.34
2914.36
3073.43
3259.25
3187.87
3034.33
2558.73
727.868
9.50651
-1.22001
1008.47
2354.8
2451.67
2518.41
2563.63
1209.23
38.9902
11.7198
3.53604
2.10024
2.14889
1.7388
1.06861
0.371372
)
;
    }
    lowerWall
    {
        type            fixedFluxPressure;
        gradient        nonuniform 0();
        value           nonuniform 0();
    }
    atmosphere
    {
        type            totalPressure;
        rho             rho;
        psi             none;
        gamma           1;
        p0              uniform 0;
        value           nonuniform List<scalar> 
45
(
-0.00182849
-0.0697967
-0.0137276
0
0
0
-0.463922
-0.426792
-0.633477
-0.171301
0
0
0
0
0
0
0
0
0
0
0
0
0
0
0
0
0
0
0
0
0
0
0
0
0
0
0
0
0
0
0
0
0
0
0
)
;
    }
    defaultFaces
    {
        type            empty;
    }
    procBoundary3to1
    {
        type            processor;
        value           nonuniform List<scalar> 
45
(
2.07186
2.09668
2.12276
2.15139
2.18331
2.22149
2.26816
2.32239
2.38436
2.4535
2.52782
2.60466
2.68111
2.75655
2.83135
2.90735
2.98495
3.06381
3.14723
3.22348
3.30061
3.38019
3.45968
3.53867
3.61674
3.69347
3.76846
3.84115
3.91072
3.97639
4.03906
4.10316
4.17507
4.25723
4.34188
4.41854
4.43396
4.41524
4.46179
5.52325
904.72
2099.82
2462.73
2519.05
1939.41
)
;
    }
    procBoundary3to2
    {
        type            processor;
        value           nonuniform List<scalar> 
43
(
2.0208
1.99073
1.95707
1.9192
1.87664
1.82894
1.77577
1.71686
1.65204
1.58119
1.5043
1.42138
1.33252
1.23779
1.13723
1.03083
0.918578
0.800522
0.676838
0.548033
0.415133
0.279864
0.145112
0.0153634
-0.104279
-0.208576
-0.289471
-0.338023
-0.35509
-0.361421
-0.397923
-0.477582
-0.557217
-0.601312
-0.585036
-0.534444
-0.48345
-0.339699
0.0329641
0.269489
0.186255
-0.0144401
-0.0160753
)
;
    }
}


// ************************************************************************* //
