/*--------------------------------*- C++ -*----------------------------------*\
| =========                 |                                                 |
| \\      /  F ield         | OpenFOAM: The Open Source CFD Toolbox           |
|  \\    /   O peration     | Version:  3.0.1                                 |
|   \\  /    A nd           | Web:      www.OpenFOAM.org                      |
|    \\/     M anipulation  |                                                 |
\*---------------------------------------------------------------------------*/
FoamFile
{
    version     2.0;
    format      ascii;
    class       surfaceScalarField;
    location    "0.15";
    object      alphaPhi;
}
// * * * * * * * * * * * * * * * * * * * * * * * * * * * * * * * * * * * * * //

dimensions      [0 3 -1 0 0 0 0];

internalField   nonuniform List<scalar> 
3782
(
6.09567e-22
-2.08588e-24
1.21797e-22
-2.64328e-24
2.30837e-23
-8.53753e-25
4.14266e-24
-2.07998e-25
7.03012e-25
-4.35628e-26
1.12668e-25
-8.1836e-27
1.70309e-26
-1.40429e-27
2.42489e-27
-2.22078e-28
3.24753e-28
-3.25153e-29
4.08493e-29
-4.41831e-30
4.81856e-30
-5.57862e-31
5.32171e-31
-6.54769e-32
5.49362e-32
-7.14353e-33
5.29158e-33
-7.24152e-34
4.7474e-34
-6.81648e-35
3.95981e-35
-5.9531e-36
3.06504e-36
-4.81894e-37
2.19749e-37
-3.61169e-38
1.4566e-38
-2.50323e-39
8.91016e-40
-1.60244e-40
5.02108e-41
-9.46219e-42
2.60233e-42
-5.14721e-43
1.23857e-43
-2.57619e-44
5.40604e-45
-1.18493e-45
2.16138e-46
-5.00302e-47
7.90807e-48
-1.93721e-48
2.64616e-49
-6.87329e-50
8.09502e-51
-2.23317e-51
2.264e-52
-6.64144e-53
5.79135e-54
-1.80758e-54
1.35623e-55
-4.50249e-56
2.91199e-57
-1.02679e-57
5.74505e-59
-2.14521e-59
1.04449e-60
-4.10974e-61
1.75652e-62
-7.22782e-63
2.74541e-64
-1.16836e-64
4.01147e-66
-1.73766e-66
5.51814e-68
-2.37837e-68
7.20518e-70
-2.99062e-70
9.01473e-72
-3.4323e-72
1.09221e-73
-3.53012e-74
1.29672e-75
-3.09351e-76
-1.5688e-78
9.8011e-24
2.89721e-22
1.25493e-23
1.67403e-22
1.0421e-23
8.96611e-23
3.87246e-23
6.09623e-24
-2.60419e-25
5.10937e-23
7.70979e-25
2.53995e-23
8.45205e-25
1.19815e-23
4.71899e-24
5.2154e-25
-2.15147e-25
8.67868e-24
-2.51207e-26
3.75973e-24
3.74134e-26
1.56083e-24
5.57709e-25
3.51603e-26
-5.73134e-26
1.41382e-24
-1.29507e-26
5.414e-25
-1.57689e-27
1.99487e-25
6.46951e-26
9.73265e-28
-1.18148e-26
2.20076e-25
-2.87514e-27
7.56499e-26
-5.51328e-28
2.50007e-26
7.40603e-27
-6.00171e-29
-2.12661e-27
3.2626e-26
-5.10226e-28
1.02156e-26
-1.04918e-28
3.06648e-27
8.36072e-28
-1.56758e-29
-3.47389e-28
4.59279e-27
-8.02783e-29
1.32673e-27
-1.64679e-29
3.66415e-28
9.27706e-29
-2.62515e-30
-5.23009e-29
6.12287e-28
-1.15784e-29
1.64904e-28
-2.31844e-30
4.23927e-29
1.00568e-29
-3.72675e-31
-7.30553e-30
7.71187e-29
-1.54998e-30
1.95268e-29
-3.00923e-31
4.71857e-30
1.05742e-30
-4.78664e-32
-9.4948e-31
9.157e-30
-1.93477e-31
2.19417e-30
-3.63696e-32
5.02315e-31
1.07077e-31
-5.68557e-33
-1.14944e-31
1.02301e-30
-2.25517e-32
2.33183e-31
-4.10702e-33
5.08889e-32
1.03779e-32
-6.29595e-34
-1.29647e-32
1.07336e-31
-2.45492e-33
2.33722e-32
-4.33711e-34
4.88643e-33
9.57819e-34
-6.51852e-35
-1.3622e-33
1.05584e-32
-2.49492e-34
2.20427e-33
-4.28279e-35
4.43278e-34
8.38463e-35
-6.31576e-36
-1.33273e-34
9.72123e-34
-2.36598e-35
1.95215e-34
-3.95306e-36
3.78922e-35
6.93994e-36
-5.72715e-37
-1.21347e-35
8.36401e-35
-2.09241e-36
1.62063e-35
-3.40881e-37
3.04577e-36
5.41792e-37
-4.85953e-38
-1.02755e-36
6.71413e-36
-1.72459e-37
1.25916e-36
-2.74473e-38
2.29799e-37
3.98163e-38
-3.85692e-39
-8.08599e-38
5.02074e-37
-1.32388e-38
9.14251e-38
-2.06245e-39
1.62498e-38
2.75004e-39
-2.86217e-40
-5.90821e-39
3.49201e-38
-9.45884e-40
6.19501e-39
-1.44548e-40
1.07551e-39
1.78271e-40
-1.98502e-41
-4.00476e-40
2.25553e-39
-6.28555e-41
3.91238e-40
-9.44367e-42
6.65475e-41
1.0834e-41
-1.28602e-42
-2.51583e-41
1.35094e-40
-3.88195e-42
2.29998e-41
-5.74808e-43
3.84533e-42
6.1663e-43
-7.77926e-44
-1.46333e-42
7.49234e-42
-2.22658e-43
1.25713e-42
-3.25773e-44
2.07298e-43
3.28417e-44
-4.39181e-45
-7.87276e-44
3.84238e-43
-1.18519e-44
6.38172e-44
-1.71825e-45
1.0417e-44
1.6356e-45
-2.31302e-46
-3.91393e-45
1.81987e-44
-5.85044e-46
3.00584e-45
-8.42975e-47
4.87581e-46
7.61255e-47
-1.13601e-47
-1.79637e-46
7.95161e-46
-2.6764e-47
1.31246e-46
-3.84504e-48
2.12439e-47
3.30971e-48
-5.20127e-49
-7.60503e-48
3.20212e-47
-1.13398e-48
5.30879e-48
-1.62994e-49
8.61197e-49
1.3438e-49
-2.21949e-50
-2.96754e-49
1.18762e-48
-4.44762e-50
1.98824e-49
-6.41934e-51
3.24729e-50
5.09472e-51
-8.8256e-52
-1.06663e-50
4.05479e-50
-1.61412e-51
6.89267e-51
-2.34836e-52
1.13883e-51
1.80381e-52
-3.27007e-53
-3.52976e-52
1.27421e-51
-5.41891e-53
2.21181e-52
-7.97917e-54
3.71522e-53
5.96615e-54
-1.12906e-54
-1.07516e-53
3.68616e-53
-1.6827e-54
6.57182e-54
-2.51821e-55
1.12799e-54
1.84457e-55
-3.6334e-56
-3.01421e-55
9.82234e-55
-4.83339e-56
1.80928e-55
-7.38349e-57
3.18985e-56
5.3358e-57
-1.09017e-57
-7.77886e-57
2.41337e-56
-1.28461e-57
4.62061e-57
-2.01206e-58
8.41208e-58
1.44599e-58
-3.05125e-59
-1.84881e-58
5.47635e-58
-3.1607e-59
1.09641e-58
-5.09898e-60
2.07217e-59
3.6773e-60
-7.97171e-61
-4.0495e-60
1.1502e-59
-7.20449e-61
2.42258e-60
-1.20259e-61
4.77834e-61
8.79479e-62
-1.94565e-62
-8.18178e-62
2.2424e-61
-1.52273e-62
4.99842e-62
-2.64204e-63
1.03428e-62
1.98339e-63
-4.44031e-64
-1.52651e-63
4.07288e-63
-2.98735e-64
9.66404e-64
-5.41205e-65
2.10846e-64
4.23125e-65
-9.48404e-66
-2.63293e-65
6.92301e-65
-5.44525e-66
1.75836e-65
-1.03457e-66
4.06444e-66
8.57149e-67
-1.89734e-67
-4.20173e-67
1.10728e-66
-9.22775e-68
3.02611e-67
-1.84647e-68
7.44388e-68
1.65611e-68
-3.55638e-69
-6.20377e-69
1.67718e-68
-1.45345e-69
4.95519e-69
-3.0753e-70
1.30236e-69
3.06734e-70
-6.24152e-71
-8.45709e-71
2.42375e-70
-2.12279e-71
7.77275e-71
-4.76715e-72
2.19022e-71
5.47697e-72
-1.02275e-72
-1.05724e-72
3.37003e-72
-2.85469e-73
1.17685e-72
-6.82845e-74
3.56496e-73
9.48739e-74
-1.55329e-74
-1.19005e-74
4.55044e-74
-3.47098e-75
1.73427e-74
-8.87613e-76
5.6583e-75
1.60519e-75
-2.14763e-76
-1.14944e-76
6.02883e-76
-3.64472e-77
2.51033e-76
-1.0023e-77
8.82964e-77
2.67226e-77
-2.59326e-78
-6.46463e-79
-2.24174e-79
-6.66725e-80
-1.85462e-80
2.45337e-24
1.35248e-23
7.38613e-25
3.33218e-24
1.76202e-25
6.74562e-25
3.46453e-26
1.15588e-25
5.78301e-27
1.71614e-26
8.38857e-28
2.25074e-27
1.07794e-28
2.65083e-28
1.24682e-29
2.84314e-29
1.31488e-30
2.80879e-30
1.27638e-31
2.57764e-31
1.14755e-32
2.20925e-32
9.58587e-34
1.77297e-33
7.44654e-35
1.33286e-34
5.37684e-36
9.37839e-36
3.6048e-37
6.16803e-37
2.24141e-38
3.78667e-38
1.29135e-39
2.16765e-39
6.88897e-41
1.15611e-40
3.40139e-42
5.74197e-42
1.55377e-43
2.65455e-43
6.56405e-45
1.14187e-44
2.5631e-46
4.5678e-46
9.24284e-48
1.69802e-47
3.07441e-49
5.85952e-49
9.41655e-51
1.87422e-50
2.64966e-52
5.54572e-52
6.82856e-54
1.51405e-53
1.6054e-55
3.80117e-55
3.42556e-57
8.73857e-57
6.59076e-59
1.82969e-58
1.13383e-60
3.46558e-60
1.72519e-62
5.88692e-62
2.28867e-64
8.86942e-64
2.59646e-66
1.16813e-65
2.45166e-68
1.31885e-67
1.85098e-70
1.24214e-69
1.0475e-72
9.3743e-72
3.94081e-75
5.3134e-74
7.30115e-78
2.00176e-76
3.22817e-79
2.12397e-25
1.53814e-24
6.36857e-26
3.60192e-25
1.50844e-26
7.02664e-26
2.95014e-27
1.17336e-26
4.91784e-28
1.71415e-27
7.15818e-29
2.23097e-28
9.27188e-30
2.62619e-29
1.08476e-30
2.83016e-30
1.15907e-31
2.81768e-31
1.13958e-32
2.60748e-32
1.03546e-33
2.25025e-33
8.71262e-35
1.81323e-34
6.79208e-36
1.36409e-35
4.90437e-37
9.57377e-37
3.27858e-38
6.26354e-38
2.02831e-39
3.81738e-39
1.161e-40
2.16635e-40
6.14804e-42
1.14449e-41
3.0119e-43
5.62812e-43
1.36494e-44
2.57592e-44
5.72099e-46
1.09705e-45
2.21676e-47
4.34587e-47
7.93454e-49
1.60025e-48
2.62038e-50
5.4716e-50
7.97084e-52
1.73468e-51
2.22808e-53
5.08907e-53
5.70562e-55
1.37797e-54
1.33317e-56
3.43213e-56
2.82783e-58
7.82998e-58
5.40942e-60
1.62739e-59
9.25387e-62
3.06057e-61
1.40035e-63
5.16348e-63
1.84785e-65
7.72844e-65
2.08546e-67
1.01145e-66
1.95918e-69
1.13508e-68
1.47186e-71
1.06292e-70
8.28967e-74
7.97796e-73
3.10454e-76
4.4987e-75
5.72854e-79
1.68661e-77
2.6999e-80
1.6056e-26
1.69436e-25
4.99647e-27
3.77459e-26
1.20137e-27
7.10998e-27
2.37109e-28
1.15979e-27
3.98632e-29
1.67105e-28
5.86097e-30
2.1615e-29
7.68065e-31
2.54325e-30
9.09836e-32
2.7486e-31
9.83436e-33
2.74743e-32
9.75857e-34
2.55043e-33
8.92043e-35
2.20307e-34
7.52456e-36
1.77198e-35
5.86112e-37
1.32704e-36
4.21717e-38
9.25033e-38
2.80346e-39
6.0004e-39
1.72231e-40
3.62172e-40
9.78176e-42
2.03416e-41
5.13753e-43
1.0633e-42
2.49601e-44
5.17364e-44
1.1219e-45
2.34332e-45
4.66492e-47
9.8792e-47
1.79371e-48
3.87542e-48
6.37323e-50
1.41365e-49
2.09001e-51
4.79012e-51
6.31501e-53
1.50555e-52
1.75394e-54
4.38041e-54
4.46396e-56
1.1767e-55
1.03691e-57
2.9086e-57
2.18695e-59
6.58731e-59
4.16056e-61
1.35955e-60
7.07969e-63
2.5397e-62
1.06582e-64
4.25715e-64
1.39937e-66
6.3326e-66
1.57161e-68
8.23881e-68
1.46943e-70
9.19372e-70
1.09884e-72
8.56306e-72
6.16117e-75
6.39448e-74
2.2976e-77
3.58851e-76
4.22334e-80
1.33925e-78
2.12676e-81
9.33727e-28
1.81942e-26
3.39864e-28
3.85313e-27
8.69931e-29
7.01669e-28
1.77478e-29
1.11978e-28
3.05167e-30
1.59261e-29
4.56763e-31
2.04656e-30
6.07915e-32
2.40182e-31
7.29312e-33
2.59357e-32
7.95798e-34
2.59e-33
7.9443e-35
2.39826e-34
7.27912e-36
2.06224e-35
6.13438e-37
1.64762e-36
4.76069e-38
1.22343e-37
3.40587e-39
8.44365e-39
2.24807e-40
5.41817e-40
1.37016e-41
3.23358e-41
7.71675e-43
1.79555e-42
4.0187e-44
9.28046e-44
1.93613e-45
4.46616e-45
8.63185e-47
2.00154e-46
3.56116e-48
8.35293e-48
1.3591e-49
3.24504e-49
4.79477e-51
1.17281e-50
1.56177e-52
3.93918e-52
4.68867e-54
1.22775e-53
1.29428e-55
3.54373e-55
3.27488e-57
9.44719e-57
7.5646e-59
2.31825e-58
1.5869e-60
5.21395e-60
3.0034e-62
1.06897e-61
5.08517e-64
1.98426e-63
7.61861e-66
3.30596e-65
9.956e-68
4.88924e-67
1.11306e-69
6.32586e-69
1.03611e-71
7.02194e-71
7.71484e-74
6.5076e-73
4.30784e-76
4.8366e-75
1.60016e-78
2.70219e-77
2.93108e-81
1.0042e-79
1.58094e-82
1.48539e-29
1.93498e-27
1.70164e-29
3.85609e-28
5.37489e-30
6.7701e-29
1.19698e-30
1.05631e-29
2.15973e-31
1.48139e-30
3.3341e-32
1.88693e-31
4.53248e-33
2.20085e-32
5.51575e-34
2.36371e-33
6.07411e-35
2.34597e-34
6.0893e-36
2.15622e-35
5.58145e-37
1.83744e-36
4.6908e-38
1.4528e-37
3.62257e-39
1.06651e-38
2.57481e-40
7.27262e-40
1.68673e-41
4.60992e-41
1.01973e-42
2.71769e-42
5.69559e-44
1.49108e-43
2.94166e-45
7.61791e-45
1.40582e-46
3.62552e-46
6.2189e-48
1.60767e-47
2.54662e-49
6.6421e-49
9.65041e-51
2.55594e-50
3.38173e-52
9.15462e-52
1.09451e-53
3.04869e-53
3.26606e-55
9.42556e-55
8.96411e-57
2.69977e-56
2.25577e-58
7.14509e-58
5.18338e-60
1.74125e-59
1.08193e-61
3.89052e-61
2.03786e-63
7.92659e-63
3.4344e-65
1.46259e-64
5.12242e-67
2.42299e-66
6.66502e-69
3.56403e-68
7.42016e-71
4.58756e-70
6.87911e-73
5.06751e-72
5.10205e-75
4.67461e-74
2.83814e-77
3.45911e-76
1.05048e-79
1.92468e-78
1.91825e-82
7.12454e-81
1.11118e-83
-1.45225e-30
2.04289e-28
1.14161e-33
3.84565e-29
2.25135e-31
6.42214e-30
6.68287e-32
9.7289e-31
1.3512e-32
1.33987e-31
2.21365e-33
1.68499e-32
3.11634e-34
1.94457e-33
3.87304e-35
2.06768e-34
4.31484e-36
2.03055e-35
4.34934e-37
1.84502e-36
3.98988e-38
1.55301e-37
3.34466e-39
1.2121e-38
2.57091e-40
8.77987e-40
1.81588e-41
5.908e-41
1.18131e-42
3.69586e-42
7.08866e-44
2.1513e-43
3.92928e-45
1.16597e-44
2.01403e-46
5.88806e-46
9.55395e-48
2.77143e-47
4.19623e-49
1.21618e-48
1.70662e-50
4.9755e-50
6.42525e-52
1.89697e-51
2.23769e-53
6.73542e-53
7.20007e-55
2.2247e-54
2.13662e-56
6.82498e-56
5.83334e-58
1.94064e-57
1.46057e-59
5.10063e-59
3.3401e-61
1.23491e-60
6.93993e-63
2.74213e-62
1.30142e-64
5.55406e-64
2.184e-66
1.01911e-65
3.24417e-68
1.67936e-67
4.2045e-70
2.45781e-69
4.66302e-72
3.14859e-71
4.30706e-74
3.46231e-73
3.18305e-76
3.18027e-75
1.7646e-78
2.34391e-77
6.51037e-81
1.29929e-79
1.18557e-83
4.7922e-82
7.39804e-85
-3.19256e-31
2.13447e-29
-2.79266e-32
3.81107e-30
-8.32837e-34
6.08366e-31
2.16219e-33
8.81811e-32
6.65525e-34
1.17686e-32
1.26176e-34
1.45077e-33
1.90559e-35
1.6479e-34
2.4627e-36
1.72685e-35
2.80374e-37
1.67192e-36
2.85799e-38
1.49743e-37
2.63402e-39
1.24219e-38
2.20895e-40
9.55488e-40
1.6931e-41
6.82227e-41
1.19072e-42
4.52645e-42
7.70277e-44
2.79358e-43
4.59404e-45
1.60523e-44
2.53006e-46
8.59456e-46
1.28858e-47
4.29031e-47
6.0741e-49
1.99769e-48
2.65141e-50
8.67806e-50
1.07193e-51
3.51667e-51
4.01272e-53
1.32889e-52
1.38989e-54
4.67911e-54
4.44902e-56
1.53343e-55
1.31375e-57
4.66979e-57
3.56995e-59
1.31866e-58
8.89863e-61
3.44334e-60
2.0263e-62
8.28553e-62
4.19297e-64
1.82916e-63
7.83206e-66
3.6846e-65
1.30939e-67
6.72581e-67
1.93791e-69
1.1029e-68
2.50272e-71
1.60665e-70
2.76619e-73
2.04918e-72
2.54661e-75
2.24404e-74
1.87603e-77
2.05322e-76
1.03685e-79
1.50773e-78
3.81447e-82
8.32933e-81
6.92968e-85
3.06197e-83
4.67394e-86
-4.85395e-32
2.19419e-30
-5.24235e-33
3.73142e-31
-4.38331e-34
5.70705e-32
-2.04469e-35
7.94216e-33
1.30179e-35
1.01644e-33
5.22676e-36
1.20666e-34
9.63984e-37
1.33705e-35
1.36086e-37
1.37346e-36
1.62289e-38
1.30629e-37
1.69706e-39
1.15048e-38
1.58561e-40
9.39093e-40
1.33846e-41
7.11192e-41
1.02831e-42
5.00254e-42
7.22573e-44
3.27216e-43
4.66215e-45
1.9923e-44
2.76979e-46
1.13029e-45
1.51866e-47
5.97942e-47
7.69684e-49
2.95148e-48
3.60999e-50
1.35993e-49
1.56798e-51
5.84997e-51
6.30853e-53
2.34904e-52
2.35062e-54
8.80126e-54
8.10536e-56
3.07453e-55
2.58335e-57
1.00013e-56
7.59673e-59
3.02471e-58
2.05612e-60
8.48587e-60
5.10567e-62
2.20238e-61
1.15837e-63
5.26916e-63
2.38856e-65
1.15699e-64
4.44648e-67
2.31881e-66
7.40946e-69
4.21248e-68
1.09314e-70
6.87648e-70
1.40741e-72
9.97477e-72
1.55096e-74
1.26713e-73
1.42373e-76
1.38241e-75
1.04592e-78
1.2604e-77
5.76517e-81
9.22492e-80
2.11565e-83
5.08061e-82
3.83538e-86
1.86204e-84
2.80678e-87
-6.33116e-33
2.20233e-31
-7.25668e-34
3.58191e-32
-7.09783e-35
5.26239e-33
-5.66271e-36
7.0445e-34
-3.12363e-37
8.66745e-35
2.73823e-39
9.87271e-36
3.06749e-38
1.04689e-36
5.89469e-39
1.04324e-37
7.94018e-40
9.69174e-39
8.8265e-41
8.36894e-40
8.53002e-42
6.71094e-41
7.34026e-43
4.99968e-42
5.69911e-44
3.46349e-43
4.0266e-45
2.23334e-44
2.60334e-46
1.34177e-45
1.5468e-47
7.51778e-47
8.46938e-49
3.93115e-48
4.28263e-50
1.91959e-49
2.00293e-51
8.75628e-51
8.67224e-53
3.73159e-52
3.47743e-54
1.48546e-53
1.29124e-55
5.52089e-55
4.43743e-57
1.91416e-56
1.40957e-58
6.18345e-58
4.13189e-60
1.85792e-59
1.11489e-61
5.18097e-61
2.76017e-63
1.33707e-62
6.24407e-65
3.18204e-64
1.2839e-66
6.95259e-66
2.38345e-68
1.38695e-67
3.96101e-70
2.50861e-69
5.82847e-72
4.07826e-71
7.48499e-74
5.89297e-73
8.2279e-76
7.459e-75
7.53465e-78
8.11004e-77
5.52213e-80
7.37085e-79
3.03695e-82
5.37888e-81
1.11208e-84
2.95433e-83
2.01174e-87
1.07978e-85
1.60445e-88
-7.4848e-34
2.14144e-32
-8.71144e-35
3.34418e-33
-8.93132e-36
4.73265e-34
-7.98124e-37
6.10841e-35
-6.03372e-38
7.24198e-36
-3.5319e-39
7.93513e-37
-1.01762e-40
8.08121e-38
1.14486e-40
7.69877e-39
2.79829e-41
6.88407e-40
3.73867e-42
5.78889e-41
3.93799e-43
4.54543e-42
3.5517e-44
3.32586e-43
2.83489e-45
2.26742e-44
2.03681e-46
1.44113e-45
1.33041e-47
8.54468e-47
7.95131e-49
4.72976e-48
4.36764e-50
2.44575e-49
2.21161e-51
1.182e-50
1.03452e-52
5.34058e-52
4.47617e-54
2.25596e-53
1.79271e-55
8.90747e-55
6.64612e-57
3.28566e-56
2.27973e-58
1.13122e-57
7.22762e-60
3.6306e-59
2.1142e-61
1.08432e-60
5.69234e-63
3.00685e-62
1.40626e-64
7.71943e-64
3.17435e-66
1.82821e-65
6.51359e-68
3.97637e-67
1.20681e-69
7.89891e-69
2.00161e-71
1.42308e-70
2.93946e-73
2.305e-72
3.76748e-75
3.31918e-74
4.13339e-77
4.18771e-76
3.77785e-79
4.53956e-78
2.76355e-81
4.11425e-80
1.51705e-83
2.99459e-82
5.54599e-86
1.64082e-84
1.00013e-88
5.9824e-87
8.74001e-90
-8.17838e-35
2.00309e-33
-9.49702e-36
3.01481e-34
-9.85497e-37
4.122e-35
-9.12136e-38
5.14368e-36
-7.4726e-39
5.89273e-37
-5.31858e-40
6.23029e-38
-3.13275e-41
6.11233e-39
-1.2891e-42
5.59446e-40
1.42436e-44
4.79517e-41
9.55293e-44
3.86102e-42
1.39221e-44
2.94213e-43
1.43155e-45
2.10458e-44
1.22331e-46
1.40875e-45
9.14777e-48
8.81586e-47
6.12605e-49
5.15656e-48
3.72099e-50
2.81999e-49
2.0658e-51
1.44239e-50
1.05346e-52
6.90218e-52
4.9506e-54
3.0905e-53
2.1483e-55
1.29471e-54
8.61881e-57
5.07327e-56
3.19809e-58
1.8583e-57
1.0973e-59
6.35673e-59
3.47812e-61
2.02803e-60
1.01691e-62
6.02358e-62
2.73596e-64
1.66187e-63
6.75278e-66
4.2463e-65
1.52275e-67
1.00125e-66
3.1207e-69
2.16884e-68
5.77468e-71
4.29182e-70
9.56564e-73
7.70497e-72
1.4029e-74
1.24391e-73
1.79562e-76
1.78574e-75
1.96719e-78
2.2466e-77
1.79548e-80
2.42888e-79
1.31161e-82
2.19595e-81
7.19024e-85
1.59475e-83
2.62534e-87
8.71997e-86
4.70759e-90
3.17263e-88
4.53933e-91
-8.32446e-36
1.79207e-34
-9.56986e-37
2.6087e-35
-9.90839e-38
3.45647e-36
-9.24766e-39
4.18249e-37
-7.76871e-40
4.64476e-38
-5.84975e-41
4.755e-39
-3.9032e-42
4.51064e-40
-2.24421e-43
3.98357e-41
-1.03031e-44
3.28889e-42
-2.71277e-46
2.5479e-43
1.6882e-46
1.86128e-44
3.90301e-47
1.2837e-45
4.17812e-48
8.37701e-47
3.47068e-49
5.14253e-48
2.46561e-50
2.96163e-49
1.55345e-51
1.59865e-50
8.83462e-53
8.08544e-52
4.58066e-54
3.83094e-53
2.17777e-55
1.70038e-54
9.52915e-57
7.06741e-56
3.84586e-58
2.74959e-57
1.43328e-59
1.00061e-58
4.93313e-61
3.40257e-60
1.56719e-62
1.07966e-61
4.58863e-64
3.19081e-63
1.23594e-65
8.76255e-65
3.05251e-67
2.22952e-66
6.88564e-69
5.23655e-68
1.41132e-70
1.13021e-69
2.61095e-72
2.22905e-71
4.32321e-74
3.98928e-73
6.33727e-76
6.42177e-75
8.10649e-78
9.19445e-77
8.87519e-80
1.15389e-78
8.09392e-82
1.24468e-80
5.90795e-84
1.12295e-82
3.23649e-86
8.1396e-85
1.18087e-88
4.44309e-87
2.09294e-91
1.61388e-89
2.24759e-92
-7.91961e-37
1.52649e-35
-8.98333e-38
2.15637e-36
-9.22253e-39
2.77736e-37
-8.58433e-40
3.26905e-38
-7.24863e-41
3.53084e-39
-5.55524e-42
3.51258e-40
-3.8538e-43
3.23465e-41
-2.40437e-44
2.76856e-42
-1.32762e-45
2.21228e-43
-6.2534e-47
1.65625e-44
-2.24578e-48
1.16673e-45
-3.06021e-50
7.74932e-47
6.84572e-50
4.86373e-48
9.39483e-51
2.89695e-49
7.99678e-52
1.63306e-50
5.52399e-53
8.6726e-52
3.31782e-54
4.32915e-53
1.78156e-55
2.02894e-54
8.68024e-57
8.92246e-56
3.86503e-58
3.67932e-57
1.57998e-59
1.42148e-58
5.94503e-61
5.14085e-60
2.06119e-62
1.73847e-61
6.58501e-64
5.48872e-63
1.93681e-65
1.61478e-64
5.23404e-67
4.41629e-66
1.29608e-68
1.11944e-67
2.92962e-70
2.62021e-69
6.01382e-72
5.63739e-71
1.11385e-73
1.10859e-72
1.84582e-75
1.97871e-74
2.70711e-77
3.17736e-76
3.46387e-79
4.53885e-78
3.79246e-81
5.68432e-80
3.45854e-83
6.11975e-82
2.52409e-85
5.51161e-84
1.38264e-87
3.98877e-86
5.04392e-90
2.17437e-88
8.81264e-93
7.88905e-91
1.06226e-93
-7.05244e-38
1.23363e-36
-7.88509e-39
1.69652e-37
-8.00668e-40
2.13059e-38
-7.39794e-41
2.44708e-39
-6.22755e-42
2.57918e-40
-4.78745e-43
2.50241e-41
-3.36115e-44
2.24591e-42
-2.15494e-45
1.87099e-43
-1.2561e-46
1.45373e-44
-6.60333e-48
1.05666e-45
-3.06778e-49
7.21529e-47
-1.20155e-50
4.63904e-48
-3.42011e-52
2.81543e-49
-1.30596e-54
1.61824e-50
1.39895e-53
8.80509e-52
1.43425e-54
4.55949e-53
1.01184e-55
2.23481e-54
5.92477e-57
1.03274e-55
3.04292e-58
4.49083e-57
1.40418e-59
1.835e-58
5.88703e-61
7.03617e-60
2.25632e-62
2.52822e-61
7.93371e-64
8.50211e-63
2.5624e-65
2.67137e-64
7.6007e-67
7.82553e-66
2.06808e-68
2.13212e-67
5.14912e-70
5.38615e-69
1.16896e-71
1.25686e-70
2.40828e-73
2.69664e-72
4.47359e-75
5.28968e-74
7.43011e-77
9.42013e-76
1.09163e-78
1.50948e-77
1.39853e-80
2.15218e-79
1.53304e-82
2.69055e-81
1.39916e-84
2.89216e-83
1.02172e-86
2.60108e-85
5.59956e-89
1.88004e-87
2.04207e-91
1.02379e-89
3.52342e-94
3.71147e-92
4.80079e-95
-5.88181e-39
9.43273e-38
-6.48357e-40
1.26675e-38
-6.50818e-41
1.5559e-39
-5.95953e-42
1.74921e-40
-4.98487e-43
1.80501e-41
-3.82139e-44
1.71401e-42
-2.68696e-45
1.505e-43
-1.73751e-46
1.22528e-44
-1.03203e-47
9.29771e-46
-5.62663e-49
6.59109e-47
-2.80004e-50
4.3842e-48
-1.25862e-51
2.7424e-49
-5.0027e-53
1.6173e-50
-1.66524e-54
9.02029e-52
-3.89866e-56
4.76036e-53
1.07174e-57
2.38464e-54
1.71398e-57
1.13239e-55
1.44077e-58
5.11937e-57
8.65144e-60
2.19051e-58
4.3511e-61
8.83969e-60
1.92617e-62
3.35627e-61
7.66207e-64
1.19656e-62
2.76682e-65
3.99804e-64
9.11691e-67
1.24952e-65
2.74609e-68
3.64386e-67
7.56308e-70
9.88999e-69
1.90139e-71
2.49017e-70
4.35077e-73
5.79415e-72
9.01978e-75
1.24001e-73
1.68381e-76
2.42697e-75
2.80925e-78
4.31323e-77
4.14237e-80
6.89953e-79
5.32299e-82
9.8217e-81
5.84741e-84
1.22612e-82
5.34642e-86
1.31631e-84
3.91008e-88
1.18249e-86
2.14608e-90
8.53858e-89
7.84447e-93
4.64635e-91
1.33664e-95
1.68427e-93
2.07737e-96
-4.5949e-40
6.80946e-39
-4.99856e-41
8.95659e-40
-4.96285e-42
1.07913e-40
-4.50355e-43
1.19119e-41
-3.73985e-44
1.20728e-42
-2.85285e-45
1.12581e-43
-2.00068e-46
9.70605e-45
-1.29532e-47
7.75194e-46
-7.73905e-49
5.76831e-47
-4.27621e-50
4.00501e-48
-2.18186e-51
2.60695e-49
-1.02538e-52
1.59401e-50
-4.41834e-54
9.17844e-52
-1.72421e-55
4.99305e-53
-5.96387e-57
2.56759e-54
-1.73261e-58
1.25132e-55
-3.56116e-60
5.78061e-57
3.96932e-62
2.53568e-58
1.31157e-61
1.05448e-59
9.65533e-63
4.17286e-61
5.04153e-64
1.56086e-62
2.19892e-65
5.50051e-64
8.41975e-67
1.82165e-65
2.888e-68
5.65326e-67
8.95586e-70
1.63919e-68
2.52124e-71
4.42863e-70
6.44733e-73
1.11085e-71
1.49529e-74
2.57659e-73
3.13381e-76
5.49958e-75
5.90401e-78
1.07397e-76
9.91848e-80
1.90503e-78
1.47103e-81
3.04232e-80
1.89939e-83
4.32465e-82
2.09485e-85
5.3921e-84
1.92159e-87
5.78253e-86
1.40906e-89
5.18996e-88
7.75024e-92
3.74468e-90
2.8334e-94
2.0366e-92
4.79042e-97
7.38238e-95
8.6119e-98
-3.36195e-41
4.63294e-40
-3.61458e-42
5.9859e-41
-3.55387e-43
7.09528e-42
-3.19859e-44
7.71303e-43
-2.63805e-45
7.70162e-44
-2.00189e-46
7.07573e-45
-1.39845e-47
6.0099e-46
-9.04039e-49
4.72543e-47
-5.40548e-50
3.46099e-48
-3.00055e-51
2.36278e-49
-1.546e-52
1.51129e-50
-7.39364e-54
9.07184e-52
-3.28261e-55
5.12295e-53
-1.34691e-56
2.73105e-54
-5.08412e-58
1.37476e-55
-1.74591e-59
6.55137e-57
-5.34307e-61
2.9575e-58
-1.39177e-62
1.26574e-59
-2.69696e-64
5.13656e-61
-1.2751e-66
1.9788e-62
6.06104e-66
7.21529e-64
4.26231e-67
2.49577e-65
1.98408e-68
8.14651e-67
7.57468e-70
2.50073e-68
2.51196e-71
7.18953e-70
7.40324e-73
1.92939e-71
1.95682e-74
4.81396e-73
4.65229e-76
1.11185e-74
9.93936e-78
2.36487e-76
1.9009e-79
4.60546e-78
3.2323e-81
8.1504e-80
4.84128e-83
1.29917e-81
6.30094e-85
1.84393e-83
6.9942e-87
2.29607e-85
6.44938e-89
2.45972e-87
4.75032e-91
2.20572e-89
2.62383e-93
1.59038e-91
9.65065e-96
8.64623e-94
1.61532e-98
3.13631e-96
3.42461e-99
-2.30334e-42
2.96654e-41
-2.45178e-43
3.77582e-42
-2.39094e-44
4.41581e-43
-2.13718e-45
4.74117e-44
-1.75253e-46
4.67801e-45
-1.32388e-47
4.24742e-46
-9.21363e-49
3.56547e-47
-5.94356e-50
2.76906e-48
-3.5504e-51
2.00308e-49
-1.97324e-52
1.34937e-50
-1.02057e-53
8.51293e-52
-4.91705e-55
5.03619e-53
-2.21152e-56
2.80035e-54
-9.26277e-58
1.46915e-55
-3.61239e-59
7.27033e-57
-1.30731e-60
3.40324e-58
-4.36502e-62
1.508e-59
-1.33301e-63
6.32753e-61
-3.66152e-65
2.51655e-62
-8.73458e-67
9.48793e-64
-1.66194e-68
3.3862e-65
-1.72345e-70
1.14435e-66
1.32391e-70
3.65237e-68
1.16422e-71
1.10045e-69
5.0792e-73
3.1192e-71
1.72226e-74
8.2818e-73
4.95507e-76
2.04864e-74
1.24665e-77
4.70041e-76
2.77161e-79
9.944e-78
5.46087e-81
1.92813e-79
9.49744e-83
3.40101e-81
1.44757e-84
5.40647e-83
1.91025e-86
7.65633e-85
2.14424e-88
9.51688e-87
1.99489e-90
1.01813e-88
1.47991e-92
9.11988e-91
8.22144e-95
6.57002e-93
3.03033e-97
3.57003e-95
5.03484e-100
1.29558e-97
1.30829e-100
-1.47721e-43
1.78558e-42
-1.55981e-44
2.24526e-43
-1.51146e-45
2.59809e-44
-1.344e-46
2.76305e-45
-1.09743e-47
2.70166e-46
-8.26246e-49
2.43141e-47
-5.73414e-50
2.02319e-48
-3.69282e-51
1.55681e-49
-2.20351e-52
1.11578e-50
-1.22501e-53
7.44105e-52
-6.34626e-55
4.64588e-53
-3.06812e-56
2.71816e-54
-1.38874e-57
1.49356e-55
-5.87331e-59
7.74013e-57
-2.32488e-60
3.7799e-58
-8.60362e-62
1.74497e-59
-2.96955e-63
7.62047e-61
-9.54137e-65
3.14833e-62
-2.83961e-66
1.23226e-63
-7.76516e-68
4.56784e-65
-1.92834e-69
1.60213e-66
-4.25283e-71
5.31565e-68
-7.96e-73
1.66578e-69
-1.11153e-74
4.92356e-71
-4.75239e-77
1.3685e-72
1.50692e-76
3.56743e-74
7.5428e-78
8.70463e-76
2.38546e-79
1.97478e-77
6.01937e-81
4.14148e-79
1.28335e-82
7.97445e-81
2.35854e-84
1.3984e-82
3.73986e-86
2.21367e-84
5.07982e-88
3.12367e-86
5.82572e-90
3.87137e-88
5.51533e-92
4.13186e-90
4.14901e-94
3.69489e-92
2.33315e-96
2.65831e-94
8.72176e-99
1.44328e-96
1.43251e-101
5.24172e-99
4.83123e-102
-8.8654e-45
1.00929e-43
-9.30565e-46
1.25736e-44
-8.97774e-47
1.44363e-45
-7.95613e-48
1.52498e-46
-6.48024e-49
1.48178e-47
-4.86997e-50
1.3256e-48
-3.37484e-51
1.09647e-49
-2.17201e-52
8.38398e-51
-1.29553e-53
5.97073e-52
-7.20592e-55
3.95372e-53
-3.73766e-56
2.4505e-54
-1.81084e-57
1.42232e-55
-8.22807e-59
7.74765e-57
-3.49861e-60
3.97926e-58
-1.39595e-61
1.92416e-59
-5.22502e-63
8.79092e-61
-1.83206e-64
3.79723e-62
-6.01999e-66
1.55038e-63
-1.84926e-67
5.99433e-65
-5.29361e-69
2.19339e-66
-1.40719e-70
7.5893e-68
-3.45408e-72
2.48253e-69
-7.76179e-74
7.66824e-71
-1.57564e-75
2.23253e-72
-2.82987e-77
6.11037e-74
-4.31249e-79
1.56899e-75
-5.0079e-81
3.76703e-77
-2.57059e-83
8.41381e-79
3.53193e-83
1.73903e-80
1.5451e-84
3.31075e-82
3.74205e-86
5.75398e-84
6.89854e-88
9.03874e-86
1.03009e-89
1.2681e-87
1.25992e-91
1.56429e-89
1.24698e-93
1.66302e-91
9.69786e-96
1.48251e-93
5.60381e-98
1.06399e-95
2.14778e-100
5.76795e-98
3.49848e-103
2.09581e-100
1.74224e-103
-4.9772e-46
5.35307e-45
-5.20489e-47
6.62594e-46
-5.00997e-48
7.56946e-47
-4.43362e-49
7.96408e-48
-3.60893e-50
7.71103e-49
-2.71175e-51
6.87597e-50
-1.8795e-52
5.66883e-51
-1.21045e-53
4.31918e-52
-7.22536e-55
3.06469e-53
-4.02423e-56
2.02066e-54
-2.09083e-57
1.24671e-55
-1.01511e-58
7.19896e-57
-4.62703e-60
3.89867e-58
-1.97495e-61
1.99032e-59
-7.92126e-63
9.55779e-61
-2.9856e-64
4.33469e-62
-1.05622e-65
1.85774e-63
-3.51255e-67
7.51982e-65
-1.09623e-68
2.8814e-66
-3.20449e-70
1.04428e-67
-8.76284e-72
3.57653e-69
-2.23597e-73
1.15752e-70
-5.30194e-75
3.5366e-72
-1.16274e-76
1.01785e-73
-2.34648e-78
2.75308e-75
-4.32131e-80
6.98597e-77
-7.18281e-82
1.65673e-78
-1.06128e-83
3.65559e-80
-1.36291e-85
7.46655e-82
-1.45941e-87
1.40423e-83
-1.19069e-89
2.41186e-85
-5.24376e-92
3.74814e-87
2.77874e-92
5.20731e-89
9.70971e-94
6.37294e-91
1.37677e-95
6.73625e-93
1.29807e-97
5.97583e-95
8.47246e-100
4.27133e-97
3.49466e-102
2.30822e-99
5.40605e-105
8.37992e-102
6.24074e-105
-2.61316e-47
2.6623e-46
-2.72881e-48
3.28366e-47
-2.62627e-49
3.7429e-48
-2.32566e-50
3.93294e-49
-1.89564e-51
3.80459e-50
-1.42673e-52
3.3906e-51
-9.90743e-54
2.79335e-52
-6.39461e-55
2.12635e-53
-3.82526e-56
1.50706e-54
-2.13585e-57
9.91947e-56
-1.11257e-58
6.1081e-57
-5.41635e-60
3.51792e-58
-2.47722e-61
1.89907e-59
-1.06112e-62
9.6617e-61
-4.27449e-64
4.61987e-62
-1.61958e-65
2.08545e-63
-5.76472e-67
8.89203e-65
-1.93197e-68
3.57819e-66
-6.08724e-70
1.3626e-67
-1.80032e-71
4.90538e-69
-4.99657e-73
1.66771e-70
-1.29926e-74
5.35612e-72
-3.15505e-76
1.62354e-73
-7.13418e-78
4.63305e-75
-1.4983e-79
1.24217e-76
-2.90771e-81
3.12408e-78
-5.18508e-83
7.3412e-80
-8.4402e-85
1.60493e-81
-1.245e-86
3.248e-83
-1.64755e-88
6.052e-85
-1.93268e-90
1.03022e-86
-1.9786e-92
1.58751e-88
-1.73342e-94
2.18795e-90
-1.26566e-96
2.65713e-92
-7.41108e-99
2.78782e-94
-3.27448e-101
2.4571e-96
-9.74577e-104
1.74643e-98
-1.52354e-106
9.39379e-101
-6.92748e-110
3.40434e-103
2.28805e-106
-1.28271e-48
1.24096e-47
-1.34077e-49
1.52968e-48
-1.29309e-50
1.74462e-49
-1.14827e-51
1.83573e-50
-9.39124e-53
1.7789e-51
-7.09307e-54
1.5885e-52
-4.94399e-55
1.31101e-53
-3.20314e-56
9.99578e-55
-1.9232e-57
7.09348e-56
-1.07797e-58
4.67234e-57
-5.63615e-60
2.87828e-58
-2.75411e-61
1.65737e-59
-1.26475e-62
8.93974e-61
-5.43908e-64
4.5432e-62
-2.20062e-65
2.16826e-63
-8.37843e-67
9.76522e-65
-2.99747e-68
4.15232e-66
-1.0106e-69
1.66507e-67
-3.20621e-71
6.31672e-69
-9.55665e-73
2.2644e-70
-2.67713e-74
7.66076e-72
-7.0398e-76
2.44761e-73
-1.73211e-77
7.37904e-75
-3.97879e-79
2.09319e-76
-8.51741e-81
5.57682e-78
-1.69148e-82
1.39363e-79
-3.10125e-84
3.25329e-81
-5.22082e-86
7.06407e-83
-8.02114e-88
1.4198e-84
-1.11537e-89
2.62729e-86
-1.38928e-91
4.44277e-88
-1.52926e-93
6.80199e-90
-1.46226e-95
9.31653e-92
-1.18636e-97
1.12471e-93
-7.88998e-100
1.17338e-95
-4.07597e-102
1.02895e-97
-1.49217e-104
7.28071e-100
-3.23605e-107
3.90148e-102
-1.05143e-110
1.41272e-104
8.71823e-108
-5.88555e-50
5.41957e-49
-6.17307e-51
6.6967e-50
-5.97968e-52
7.66369e-51
-5.33634e-53
8.09658e-52
-4.38823e-54
7.8799e-53
-3.33241e-55
7.06832e-54
-2.33582e-56
5.85798e-55
-1.52161e-57
4.48454e-56
-9.18452e-59
3.19375e-57
-5.17532e-60
2.11008e-58
-2.71955e-61
1.30332e-59
-1.33545e-62
7.51969e-61
-6.16341e-64
4.06188e-62
-2.66318e-65
2.0664e-63
-1.0828e-66
9.86444e-65
-4.1434e-68
4.44197e-66
-1.48977e-69
1.88759e-67
-5.05038e-71
7.55869e-69
-1.61172e-72
2.86272e-70
-4.8337e-74
1.02403e-71
-1.36349e-75
3.45475e-73
-3.61384e-77
1.10038e-74
-8.96881e-79
3.30646e-76
-2.08035e-80
9.3431e-78
-4.5037e-82
2.47875e-79
-9.05901e-84
6.16757e-81
-1.68502e-85
1.43327e-82
-2.88326e-87
3.09724e-84
-4.51188e-89
6.19443e-86
-6.40552e-91
1.14053e-87
-8.16337e-93
1.91941e-89
-9.21331e-95
2.92464e-91
-9.04925e-97
3.98715e-93
-7.55246e-99
4.79174e-95
-5.17248e-101
4.97775e-97
-2.75419e-103
4.34785e-99
-1.04164e-105
3.06552e-101
-2.3487e-108
1.6378e-103
-6.8987e-112
5.93006e-106
3.40256e-109
-2.52398e-51
2.21719e-50
-2.66317e-52
2.7549e-51
-2.59711e-53
3.1725e-52
-2.33438e-54
3.37424e-53
-1.93413e-55
3.30663e-54
-1.47964e-56
2.98679e-55
-1.04496e-57
2.49158e-56
-6.85592e-59
1.91964e-57
-4.1672e-60
1.37497e-58
-2.36413e-61
9.13226e-60
-1.25029e-62
5.66762e-61
-6.17788e-64
3.2833e-62
-2.86856e-65
1.77977e-63
-1.24657e-66
9.08137e-65
-5.09722e-68
4.34491e-66
-1.96146e-69
1.96002e-67
-7.09039e-71
8.33947e-69
-2.41711e-72
3.34119e-70
-7.75759e-74
1.26566e-71
-2.3397e-75
4.52613e-73
-6.63934e-77
1.5255e-74
-1.77111e-78
4.85267e-76
-4.42482e-80
1.45594e-77
-1.03362e-81
4.10547e-79
-2.25513e-83
1.08649e-80
-4.57447e-85
2.69637e-82
-8.58537e-87
6.24839e-84
-1.48326e-88
1.34601e-85
-2.34512e-90
2.683e-87
-3.36678e-92
4.92287e-89
-4.34108e-94
8.25724e-91
-4.95892e-96
1.25389e-92
-4.9308e-98
1.70362e-94
-4.16596e-100
2.0406e-96
-2.8877e-102
2.11299e-98
-1.55583e-104
1.83998e-100
-5.95662e-107
1.29364e-102
-1.364e-109
6.89528e-105
-3.71376e-113
2.4979e-107
1.34405e-110
-1.01161e-52
8.49733e-52
-1.07663e-53
1.0651e-52
-1.05953e-54
1.23783e-53
-9.61365e-56
1.32895e-54
-8.04231e-57
1.31466e-55
-6.21026e-58
1.19867e-56
-4.42728e-59
1.00881e-57
-2.93052e-60
7.83993e-59
-1.79671e-61
5.65967e-60
-1.0278e-62
3.78689e-61
-5.47822e-64
2.36617e-62
-2.72742e-65
1.379e-63
-1.27556e-66
7.51617e-65
-5.5808e-68
3.85365e-66
-2.29713e-69
1.85127e-67
-8.89591e-71
8.38119e-69
-3.23505e-72
3.57663e-70
-1.10947e-73
1.43617e-71
-3.58185e-75
5.45047e-73
-1.0864e-76
1.95177e-74
-3.10061e-78
6.58266e-76
-8.32033e-80
2.09461e-77
-2.09082e-81
6.28461e-79
-4.91274e-83
1.77115e-80
-1.07853e-84
4.68257e-82
-2.20186e-86
1.16077e-83
-4.15938e-88
2.68614e-85
-7.23383e-90
5.77617e-87
-1.15151e-91
1.14902e-88
-1.66501e-93
2.1036e-90
-2.1622e-95
3.5209e-92
-2.48745e-97
5.33438e-94
-2.49046e-99
7.2306e-96
-2.11808e-101
8.64016e-98
-1.47734e-103
8.92528e-100
-8.0064e-106
7.75393e-102
-3.08392e-108
5.43943e-104
-7.12395e-111
2.89394e-106
-1.8162e-114
1.04935e-108
5.32548e-112
-3.78968e-54
3.05146e-53
-4.07922e-55
3.87131e-54
-4.06105e-56
4.55396e-55
-3.7282e-57
4.94846e-56
-3.15559e-58
4.95414e-57
-2.46451e-59
4.57034e-58
-1.77688e-60
3.88938e-59
-1.18865e-61
3.05554e-60
-7.3633e-63
2.22771e-61
-4.25366e-64
1.50467e-62
-2.28825e-65
9.48348e-64
-1.14946e-66
5.57057e-65
-5.42098e-68
3.05852e-66
-2.39057e-69
1.57838e-67
-9.91515e-71
7.62641e-69
-3.8675e-72
3.47083e-70
-1.41598e-73
1.4879e-71
-4.88843e-75
5.99743e-73
-1.58823e-76
2.28383e-74
-4.84607e-78
8.20119e-76
-1.39125e-79
2.77184e-77
-3.75531e-81
8.83528e-79
-9.48953e-83
2.65457e-80
-2.24184e-84
7.48702e-82
-4.949e-86
1.98e-83
-1.01594e-87
4.90884e-85
-1.9294e-89
1.13574e-86
-3.37312e-91
2.44078e-88
-5.39715e-93
4.85082e-90
-7.8449e-95
8.87043e-92
-1.02388e-96
1.48298e-93
-1.18355e-98
2.24376e-95
-1.19032e-100
3.03675e-97
-1.01651e-102
3.62286e-99
-7.11651e-105
3.73599e-101
-3.86978e-107
3.23998e-103
-1.49577e-109
2.2689e-105
-3.47597e-112
1.20538e-107
-8.34367e-116
4.37606e-110
2.10296e-113
-1.3272e-55
1.02726e-54
-1.44892e-56
1.32361e-55
-1.46288e-57
1.5807e-56
-1.36194e-58
1.74316e-57
-1.16881e-59
1.77061e-58
-9.25076e-61
1.65654e-59
-6.75798e-62
1.42863e-60
-4.57663e-63
1.13696e-61
-2.86925e-64
8.38819e-63
-1.67637e-65
5.73039e-64
-9.11458e-67
3.64976e-65
-4.62595e-68
2.16459e-66
-2.20256e-69
1.19928e-67
-9.80125e-71
6.23931e-69
-4.10053e-72
3.03705e-70
-1.61244e-73
1.39158e-71
-5.94858e-75
6.00135e-73
-2.06877e-76
2.43182e-74
-6.76803e-78
9.30474e-76
-2.07847e-79
3.35513e-77
-6.00451e-81
1.13787e-78
-1.63062e-82
3.63788e-80
-4.14394e-84
1.09582e-81
-9.84255e-86
3.09674e-83
-2.18443e-87
8.20145e-85
-4.50735e-89
2.03578e-86
-8.60159e-91
4.71411e-88
-1.51069e-92
1.01349e-89
-2.42772e-94
2.01428e-91
-3.544e-96
3.68244e-93
-4.64403e-98
6.15445e-95
-5.38797e-100
9.30627e-97
-5.43677e-102
1.25852e-98
-4.65645e-104
1.49993e-100
-3.26812e-106
1.54499e-102
-1.78095e-108
1.33815e-104
-6.89909e-111
9.35819e-107
-1.61058e-113
4.96604e-109
-3.65256e-117
1.80539e-111
8.23855e-115
-4.34664e-57
3.24428e-56
-4.82667e-58
4.26039e-57
-4.95476e-59
5.18109e-58
-4.68888e-60
5.81431e-59
-4.08857e-61
6.00693e-60
-3.2859e-62
5.71244e-61
-2.4367e-63
5.00345e-62
-1.67342e-64
4.042e-63
-1.06351e-65
3.02344e-64
-6.29355e-67
2.09295e-65
-3.4634e-68
1.3494e-66
-1.77836e-69
8.09392e-68
-8.55858e-71
4.5326e-69
-3.84754e-72
2.38083e-70
-1.62538e-73
1.16924e-71
-6.44923e-75
5.4016e-73
-2.39952e-76
2.34663e-74
-8.41278e-78
9.57205e-76
-2.77313e-79
3.68472e-77
-8.57659e-81
1.33574e-78
-2.49449e-82
4.55113e-80
-6.81772e-84
1.4611e-81
-1.74292e-85
4.41728e-83
-4.1628e-87
1.25206e-84
-9.28875e-89
3.3242e-86
-1.9264e-90
8.26941e-88
-3.69352e-92
1.91825e-89
-6.51508e-94
4.12931e-91
-1.05121e-95
8.21394e-93
-1.54053e-97
1.50244e-94
-2.02578e-99
2.512e-96
-2.35764e-101
3.79875e-98
-2.38547e-103
5.13612e-100
-2.04779e-105
6.1186e-102
-1.43994e-107
6.29808e-104
-7.85883e-110
5.4502e-106
-3.04903e-112
3.80767e-108
-7.14442e-115
2.01882e-110
-1.53436e-118
7.35004e-113
3.19173e-116
-1.33184e-58
9.62206e-58
-1.50873e-59
1.29243e-58
-1.57879e-60
1.60546e-59
-1.52224e-61
1.83845e-60
-1.3515e-62
1.93663e-61
-1.10512e-63
1.8762e-62
-8.33385e-65
1.67255e-63
-5.81373e-66
1.37421e-64
-3.75147e-67
1.0441e-65
-2.25184e-68
7.33696e-67
-1.25599e-69
4.79633e-68
-6.53314e-71
2.91425e-69
-3.18171e-72
1.65205e-70
-1.44664e-73
8.77364e-72
-6.17715e-75
4.35336e-73
-2.47541e-76
2.0304e-74
-9.29688e-78
8.89657e-76
-3.28856e-79
3.65767e-77
-1.09297e-80
1.4182e-78
-3.40636e-82
5.17418e-80
-9.97998e-84
1.77309e-81
-2.74632e-85
5.72211e-83
-7.06522e-87
1.73791e-84
-1.6974e-88
4.94553e-86
-3.80877e-90
1.31753e-87
-7.94011e-92
3.2875e-89
-1.52958e-93
7.64551e-91
-2.70974e-95
1.64917e-92
-4.38951e-97
3.28573e-94
-6.45659e-99
6.01741e-96
-8.51835e-101
1.00709e-97
-9.94219e-103
1.52396e-99
-1.00841e-104
2.06111e-101
-8.67381e-107
2.45541e-103
-6.10867e-109
2.52675e-105
-3.33785e-111
2.18545e-107
-1.29647e-113
1.52572e-109
-3.04739e-116
8.08396e-112
-6.20804e-120
2.94747e-114
1.22007e-117
-3.82022e-60
2.68363e-59
-4.42811e-61
3.70042e-60
-4.73601e-62
4.7099e-61
-4.66339e-63
5.51848e-62
-4.22452e-64
5.94174e-63
-3.52151e-65
5.87709e-64
-2.70532e-66
5.34327e-65
-1.92024e-67
4.47345e-66
-1.26005e-68
3.45854e-67
-7.68274e-70
2.47121e-68
-4.34901e-71
1.64055e-69
-2.29451e-72
1.01126e-70
-1.13207e-73
5.81144e-72
-5.21164e-75
3.12456e-73
-2.25159e-76
1.56846e-74
-9.12096e-78
7.39437e-76
-3.46087e-79
3.27159e-77
-1.23606e-80
1.35726e-78
-4.14482e-82
5.30631e-80
-1.3026e-83
1.95037e-81
-3.84656e-85
6.72874e-83
-1.06624e-86
2.18494e-84
-2.76151e-88
6.6724e-86
-6.67605e-90
1.90789e-87
-1.50685e-91
5.10445e-89
-3.15829e-93
1.27852e-90
-6.11391e-95
2.98309e-92
-1.08792e-96
6.45219e-94
-1.76942e-98
1.28841e-95
-2.61229e-100
2.36392e-97
-3.45762e-102
3.96245e-99
-4.04673e-104
6.00291e-101
-4.11397e-106
8.12497e-103
-3.54517e-108
9.68331e-105
-2.50022e-110
9.96551e-107
-1.3675e-112
8.61758e-109
-5.31626e-115
6.01331e-111
-1.25297e-117
3.18456e-113
-2.42419e-121
1.16274e-115
4.59459e-119
-1.02654e-61
7.05073e-61
-1.22125e-62
1.00171e-61
-1.33854e-63
1.31044e-62
-1.34915e-64
1.57528e-63
-1.24963e-65
1.73775e-64
-1.06396e-66
1.75865e-65
-8.34097e-68
1.63392e-66
-6.03373e-69
1.39638e-67
-4.03227e-70
1.1004e-68
-2.50072e-71
8.00756e-70
-1.43858e-72
5.40632e-71
-7.70751e-74
3.38566e-72
-3.85675e-75
1.97499e-73
-1.79961e-76
1.07636e-74
-7.87396e-78
5.47278e-76
-3.22712e-79
2.61092e-77
-1.23818e-80
1.16769e-78
-4.46834e-82
4.89341e-80
-1.51274e-83
1.93091e-81
-4.79699e-85
7.15654e-83
-1.42858e-86
2.48796e-84
-3.99072e-88
8.13586e-86
-1.041e-89
2.50009e-87
-2.53349e-91
7.18865e-89
-5.75387e-93
1.93295e-90
-1.21279e-94
4.86331e-92
-2.35976e-96
1.13914e-93
-4.21842e-98
2.4721e-95
-6.88963e-100
4.95042e-97
-1.02098e-101
9.10469e-99
-1.35578e-103
1.52923e-100
-1.59117e-105
2.32035e-102
-1.6213e-107
3.14423e-104
-1.39965e-109
3.75015e-106
-9.88414e-112
3.86097e-108
-5.41099e-114
3.33892e-110
-2.1051e-116
2.3293e-112
-4.97292e-119
1.23313e-114
-9.14583e-123
4.50819e-117
1.70279e-120
-2.58631e-63
1.74878e-62
-3.16765e-64
2.56921e-63
-3.56737e-65
3.46524e-64
-3.68912e-66
4.28508e-65
-3.50088e-67
4.85433e-66
-3.05023e-68
5.03685e-67
-2.44424e-69
4.7912e-68
-1.8048e-70
4.18684e-69
-1.23012e-71
3.36846e-70
-7.76994e-73
2.50008e-71
-4.54802e-74
1.71898e-72
-2.47728e-75
1.0951e-73
-1.25852e-76
6.49236e-75
-5.95817e-78
3.59067e-76
-2.64251e-79
1.85131e-77
-1.09666e-80
8.94675e-79
-4.25809e-82
4.04853e-80
-1.5538e-83
1.71547e-81
-5.31423e-85
6.83805e-83
-1.70145e-86
2.55769e-84
-5.11294e-88
8.96748e-86
-1.44006e-89
2.95545e-87
-3.7851e-91
9.14506e-89
-9.27736e-93
2.64604e-90
-2.12081e-94
7.1556e-92
-4.49669e-96
1.80955e-93
-8.79617e-98
4.25744e-95
-1.58007e-99
9.27498e-97
-2.59189e-101
1.86358e-98
-3.85584e-103
3.43738e-100
-5.13735e-105
5.7875e-102
-6.04632e-107
8.79869e-104
-6.17505e-109
1.19406e-105
-5.34048e-111
1.4257e-107
-3.77632e-113
1.46881e-109
-2.06909e-115
1.27058e-111
-8.05474e-118
8.86323e-114
-1.90653e-120
4.6911e-116
-3.3351e-124
1.71697e-118
6.20641e-122
-6.11494e-65
4.10541e-64
-7.73404e-66
6.25938e-65
-8.97311e-67
8.73026e-66
-9.54217e-68
1.11343e-66
-9.29621e-69
1.29819e-67
-8.30344e-70
1.38377e-68
-6.81216e-71
1.35007e-69
-5.14213e-72
1.20825e-70
-3.57936e-73
9.93925e-72
-2.30554e-74
7.53424e-73
-1.37477e-75
5.28227e-74
-7.621e-77
3.42748e-75
-3.93468e-78
2.0674e-76
-1.89177e-79
1.16154e-77
-8.51195e-81
6.07898e-79
-3.57979e-82
2.97863e-80
-1.40769e-83
1.36499e-81
-5.19748e-85
5.85314e-83
-1.79693e-86
2.35873e-84
-5.81223e-88
8.91025e-86
-1.76335e-89
3.15295e-87
-5.00966e-91
1.048e-88
-1.32736e-92
3.26741e-90
-3.27788e-94
9.51908e-92
-7.54484e-96
2.59051e-93
-1.60963e-97
6.58805e-95
-3.16634e-99
1.55767e-96
-5.71668e-101
3.40818e-98
-9.42042e-103
6.87407e-100
-1.40705e-104
1.27215e-101
-1.88115e-106
2.1479e-103
-2.22041e-108
3.27288e-105
-2.27306e-110
4.44956e-107
-1.96947e-112
5.31984e-109
-1.3945e-114
5.48567e-111
-7.64719e-117
4.74764e-113
-2.97867e-119
3.31219e-115
-7.06187e-122
1.75282e-117
-1.17539e-125
6.42144e-120
2.22398e-123
-1.35797e-66
9.15036e-66
-1.77899e-67
1.45286e-66
-2.13184e-68
2.10157e-67
-2.3364e-69
2.77113e-68
-2.34129e-70
3.33241e-69
-2.14763e-71
3.65581e-70
-1.80661e-72
3.66443e-71
-1.39611e-73
3.36355e-72
-9.93755e-75
2.83299e-73
-6.53516e-76
2.196e-74
-3.97418e-77
1.57172e-75
-2.24434e-78
1.03986e-76
-1.1787e-79
6.38779e-78
-5.76045e-81
3.64931e-79
-2.63154e-82
1.94039e-80
-1.12237e-83
9.64778e-82
-4.473e-85
4.48086e-83
-1.67207e-86
1.94594e-84
-5.84706e-88
7.93337e-86
-1.91171e-89
3.02866e-87
-5.85836e-91
1.08234e-88
-1.67953e-92
3.63043e-90
-4.48774e-94
1.14108e-91
-1.11702e-95
3.34906e-93
-2.58963e-97
9.1766e-95
-5.56052e-99
2.34802e-96
-1.10024e-100
5.58143e-98
-1.99701e-102
1.22703e-99
-3.30662e-104
2.48528e-101
-4.95935e-106
4.61648e-103
-6.65399e-108
7.81867e-105
-7.87751e-110
1.19442e-106
-8.08398e-112
1.62717e-108
-7.01765e-114
1.94847e-110
-4.97576e-116
2.01143e-112
-2.731e-118
1.74198e-114
-1.06432e-120
1.21559e-116
-2.52652e-123
6.4325e-119
-4.00105e-127
2.35822e-121
7.83415e-125
-2.83448e-68
1.94334e-67
-3.85749e-69
3.22379e-68
-4.78647e-70
4.84953e-69
-5.41777e-71
6.62669e-70
-5.59484e-72
8.23518e-71
-5.27908e-73
9.31409e-72
-4.56007e-74
9.6061e-73
-3.61252e-75
9.05534e-74
-2.63259e-76
7.81888e-75
-1.76949e-77
6.20447e-76
-1.09856e-78
4.53793e-77
-6.32579e-80
3.06423e-78
-3.38246e-81
1.91863e-79
-1.68161e-82
1.11549e-80
-7.80522e-84
6.0307e-82
-3.37836e-85
3.04483e-83
-1.36542e-86
1.43423e-84
-5.17057e-88
6.3122e-86
-1.82976e-89
2.60496e-87
-6.05029e-91
1.00559e-88
-1.87362e-92
3.63137e-90
-5.42262e-94
1.22979e-91
-1.46177e-95
3.89858e-93
-3.6686e-97
1.15327e-94
-8.56885e-99
3.18315e-96
-1.85232e-100
8.19774e-98
-3.68751e-102
1.95984e-99
-6.7303e-104
4.33054e-101
-1.11996e-105
8.81137e-103
-1.68697e-107
1.64334e-104
-2.27173e-109
2.7926e-106
-2.69778e-111
4.27801e-108
-2.77549e-113
5.84118e-110
-2.41414e-115
7.00691e-112
-1.71416e-117
7.24259e-114
-9.41692e-120
6.27746e-116
-3.67174e-122
4.38214e-118
-8.72402e-125
2.31886e-120
-1.3139e-128
8.50498e-123
2.71313e-126
-5.56194e-70
3.94907e-69
-7.88561e-71
6.8652e-70
-1.01558e-71
1.0767e-70
-1.18964e-72
1.52789e-71
-1.26827e-73
1.96568e-72
-1.23289e-74
2.29556e-73
-1.09505e-75
2.43927e-74
-8.9044e-77
2.36422e-75
-6.65069e-78
2.09503e-76
-4.5737e-79
1.70346e-77
-2.90162e-80
1.27432e-78
-1.70507e-81
8.78952e-80
-9.28992e-83
5.61363e-81
-4.70186e-84
3.32385e-82
-2.2188e-85
1.82832e-83
-9.75241e-87
9.37908e-85
-3.99964e-88
4.48323e-86
-1.53509e-89
2.00073e-87
-5.5002e-91
8.36206e-89
-1.8402e-92
3.26566e-90
-5.76103e-94
1.19222e-91
-1.68385e-95
4.07821e-93
-4.58098e-97
1.30446e-94
-1.15962e-98
3.89082e-96
-2.72964e-100
1.08217e-97
-5.94183e-102
2.80602e-99
-1.19037e-103
6.74884e-101
-2.18518e-105
1.49931e-102
-3.65514e-107
3.06547e-104
-5.53009e-109
5.74172e-106
-7.47531e-111
9.79212e-108
-8.90566e-113
1.50454e-109
-9.18619e-115
2.05931e-111
-8.00664e-117
2.47503e-113
-5.69362e-119
2.56191e-115
-3.13081e-121
2.22259e-117
-1.2213e-123
1.55225e-119
-2.90328e-126
8.21413e-122
-4.15378e-130
3.01319e-124
9.24048e-128
-1.02514e-71
7.71468e-71
-1.51823e-72
1.40924e-71
-2.03412e-73
2.30945e-72
-2.47065e-74
3.40968e-73
-2.72371e-75
4.54832e-74
-2.73177e-76
5.49177e-75
-2.49808e-77
6.0192e-76
-2.08747e-78
6.00434e-77
-1.59961e-79
5.46542e-78
-1.12659e-80
4.55704e-79
-7.30996e-82
3.4893e-80
-4.3869e-83
2.46003e-81
-2.4373e-84
1.60353e-82
-1.25668e-85
9.67508e-84
-6.03286e-87
5.41759e-85
-2.69431e-88
2.82507e-86
-1.12187e-89
1.37102e-87
-4.36619e-91
6.20673e-89
-1.58466e-92
2.62822e-90
-5.36684e-94
1.03879e-91
-1.6992e-95
3.83544e-93
-5.0174e-97
1.32561e-94
-1.37806e-98
4.27958e-96
-3.51962e-100
1.28746e-97
-8.35149e-102
3.60949e-99
-1.83107e-103
9.4256e-101
-3.69242e-105
2.2812e-102
-6.81883e-107
5.09645e-104
-1.14672e-108
1.04732e-105
-1.74289e-110
1.97049e-107
-2.36521e-112
3.37313e-109
-2.82711e-114
5.19902e-111
-2.9241e-116
7.13439e-113
-2.55409e-118
8.59218e-115
-1.81909e-120
8.90743e-117
-1.00128e-122
7.73561e-119
-3.90768e-125
5.40543e-121
-9.29015e-128
2.86054e-123
-1.25999e-131
1.04915e-125
3.09641e-129
-1.76947e-73
1.45646e-72
-2.74449e-74
2.80201e-73
-3.83355e-75
4.80723e-74
-4.83693e-76
7.39582e-75
-5.52292e-77
1.02423e-75
-5.723e-78
1.28001e-76
-5.39469e-79
1.44841e-77
-4.63772e-80
1.48818e-78
-3.64963e-81
1.39244e-79
-2.63479e-82
1.19127e-80
-1.74998e-83
9.34161e-82
-1.07333e-84
6.73535e-83
-6.08526e-86
4.48274e-84
-3.19838e-87
2.75737e-85
-1.56289e-88
1.57237e-86
-7.09634e-90
8.33768e-88
-3.00148e-91
4.10959e-89
-1.18507e-92
1.8879e-90
-4.35878e-94
8.10169e-92
-1.49495e-95
3.24171e-93
-4.78854e-97
1.21084e-94
-1.42896e-98
4.22942e-96
-3.96357e-100
1.37844e-97
-1.02169e-101
4.18356e-99
-2.44446e-103
1.18253e-100
-5.39948e-105
3.11043e-102
-1.09624e-106
7.57649e-104
-2.03702e-108
1.70252e-105
-3.44471e-110
3.51707e-107
-5.26042e-112
6.64802e-109
-7.16774e-114
1.14243e-110
-8.59704e-116
1.76655e-112
-8.91722e-118
2.43066e-114
-7.80637e-120
2.93359e-116
-5.56912e-122
3.04613e-118
-3.06868e-124
2.6483e-120
-1.19816e-126
1.85165e-122
-2.84752e-129
9.79936e-125
-3.64731e-133
3.5922e-127
1.02144e-130
-2.83915e-75
2.67259e-74
-4.6234e-76
5.42491e-75
-6.74739e-77
9.75824e-76
-8.86012e-78
1.5663e-76
-1.04951e-78
2.25417e-77
-1.12518e-79
2.91816e-78
-1.09468e-80
3.41132e-79
-9.6926e-82
3.61215e-80
-7.8409e-83
3.4759e-81
-5.8079e-84
3.05243e-82
-3.95197e-85
2.45236e-83
-2.47914e-86
1.80886e-84
-1.43538e-87
1.22957e-85
-7.69562e-89
7.71278e-87
-3.83012e-90
4.48008e-88
-1.76914e-91
2.41624e-89
-7.60517e-93
1.20986e-90
-3.04775e-94
5.64114e-92
-1.1366e-95
2.45378e-93
-3.94954e-97
9.94155e-95
-1.28041e-98
3.75721e-96
-3.86296e-100
1.32652e-97
-1.08252e-101
4.36529e-99
-2.81724e-103
1.33679e-100
-6.79844e-105
3.81014e-102
-1.51334e-106
1.00959e-103
-3.09424e-108
2.47535e-105
-5.78694e-110
5.5954e-107
-9.84276e-112
1.16211e-108
-1.51052e-113
2.20707e-110
-2.06695e-115
3.80772e-112
-2.48808e-117
5.90745e-114
-2.58847e-119
8.15061e-116
-2.27144e-121
9.85867e-118
-1.62336e-123
1.0254e-119
-8.95564e-126
8.92496e-122
-3.49866e-128
6.24406e-124
-8.30875e-131
3.30462e-126
-9.98355e-135
1.21031e-128
3.31944e-132
-4.16033e-77
4.7963e-76
-7.13277e-78
1.02851e-76
-1.09022e-78
1.94174e-77
-1.49302e-79
3.25434e-78
-1.8381e-80
4.8703e-79
-2.04217e-81
6.53444e-80
-2.05362e-82
7.89454e-81
-1.87532e-83
8.61767e-82
-1.56137e-84
8.53072e-83
-1.18798e-85
7.69123e-84
-8.29013e-87
6.33208e-85
-5.3241e-88
4.77876e-86
-3.15092e-89
3.31805e-87
-1.72465e-90
2.12281e-88
-8.74937e-92
1.25615e-89
-4.11439e-93
6.89125e-91
-1.79885e-94
3.50582e-92
-7.32169e-96
1.65921e-93
-2.77026e-97
7.316e-95
-9.75881e-99
3.00159e-96
-3.20374e-100
1.14788e-97
-9.77708e-102
4.09658e-99
-2.76943e-103
1.36126e-100
-7.28001e-105
4.20648e-102
-1.77265e-106
1.20902e-103
-3.97815e-108
3.2274e-105
-8.19471e-110
7.96543e-107
-1.54309e-111
1.81134e-108
-2.64062e-113
3.78243e-110
-4.07364e-115
7.21788e-112
-5.59948e-117
1.25021e-113
-6.76641e-119
1.94612e-115
-7.06221e-121
2.69255e-117
-6.21346e-123
3.26406e-119
-4.44958e-125
3.40069e-121
-2.45819e-127
2.96336e-123
-9.61088e-130
2.07453e-125
-2.28063e-132
1.09793e-127
-2.54511e-136
4.01599e-130
1.06353e-133
-5.35358e-79
8.47479e-78
-9.71198e-80
1.9211e-78
-1.56176e-80
3.80854e-79
-2.23983e-81
6.66749e-80
-2.87684e-82
1.03789e-80
-3.32378e-83
1.44347e-81
-3.46593e-84
1.80248e-82
-3.27396e-85
2.02851e-83
-2.81322e-86
2.06573e-84
-2.20443e-87
1.91207e-85
-1.58147e-88
1.61311e-86
-1.04216e-89
1.24556e-87
-6.31834e-91
8.83334e-89
-3.53781e-92
5.76391e-90
-1.83298e-93
3.47441e-91
-8.79171e-95
1.93874e-92
-3.91615e-96
1.00207e-93
-1.62158e-97
4.8136e-95
-6.23478e-99
2.15143e-96
-2.22989e-100
8.93839e-98
-7.4235e-102
3.45881e-99
-2.29473e-103
1.24769e-100
-6.57872e-105
4.18642e-102
-1.74887e-106
1.30541e-103
-4.30175e-108
3.78345e-105
-9.74323e-110
1.01744e-106
-2.02411e-111
2.52772e-108
-3.84118e-113
5.78251e-110
-6.61926e-115
1.21406e-111
-1.02732e-116
2.32779e-113
-1.41959e-118
4.04794e-115
-1.72329e-120
6.32224e-117
-1.80563e-122
8.77138e-119
-1.59378e-124
1.06568e-120
-1.14434e-126
1.11217e-122
-6.33551e-129
9.70268e-125
-2.4817e-131
6.79665e-127
-5.89002e-134
3.59699e-129
-5.96355e-138
1.31345e-131
3.36226e-135
-4.10418e-81
-7.92208e-82
-1.34734e-82
-2.03361e-83
-2.73768e-84
-3.30358e-85
-3.58689e-86
-3.51845e-87
-3.13159e-88
-2.536e-89
-1.87644e-90
-1.27269e-91
-7.92743e-93
-4.55308e-94
-2.41538e-95
-1.18452e-96
-5.38757e-98
-2.27428e-99
-8.90355e-101
-3.23894e-102
-1.09527e-103
-3.43481e-105
-9.98099e-107
-2.6868e-108
-6.68409e-110
-1.52962e-111
-3.20799e-113
-6.14096e-115
-1.0665e-116
-1.66646e-118
-2.31648e-120
-2.82663e-122
-2.97486e-124
-2.63569e-126
-1.89834e-128
-1.05369e-130
-4.1356e-133
-9.78895e-136
-9.25695e-140
)
;

boundaryField
{
    leftWall
    {
        type            calculated;
        value           nonuniform 0();
    }
    rightWall
    {
        type            calculated;
        value           uniform 0;
    }
    lowerWall
    {
        type            calculated;
        value           nonuniform 0();
    }
    atmosphere
    {
        type            calculated;
        value           nonuniform List<scalar> 
45
(
1.52074e-77
7.89714e-78
3.59515e-78
1.36409e-78
4.40651e-79
1.48372e-79
3.55682e-80
7.40659e-81
1.35464e-81
2.1935e-82
3.16218e-83
4.08084e-84
4.73412e-85
4.95867e-86
4.71114e-87
4.07207e-88
3.21626e-89
2.32922e-90
1.54984e-91
9.51452e-93
5.39907e-94
2.83474e-95
1.38184e-96
6.2592e-98
2.63295e-99
1.03077e-100
3.75772e-102
1.27297e-103
4.00495e-105
1.17032e-106
3.17013e-108
7.92708e-110
1.82414e-111
3.85031e-113
7.41688e-115
1.29477e-116
2.02884e-118
2.8224e-120
3.43653e-122
3.59232e-124
3.13744e-126
2.19901e-128
1.16367e-130
4.24086e-133
1.05002e-136
)
;
    }
    defaultFaces
    {
        type            empty;
        value           nonuniform 0();
    }
    procBoundary3to1
    {
        type            processor;
        value           nonuniform List<scalar> 
45
(
-2.90134e-21
-1.59423e-21
-1.07244e-21
-6.48715e-22
-3.06426e-22
-1.14562e-22
-2.97157e-23
-6.2543e-24
-1.10265e-24
-1.66886e-25
-2.21202e-26
-2.61205e-27
-2.78968e-28
-2.73034e-29
-2.4755e-30
-2.09574e-31
-1.66461e-32
-1.2428e-33
-8.7189e-35
-5.7388e-36
-3.53688e-37
-2.03728e-38
-1.0951e-39
-5.48707e-41
-2.56055e-42
-1.11204e-43
-4.49146e-45
-1.68558e-46
-5.871e-48
-1.89502e-49
-5.65691e-51
-1.55768e-52
-3.94324e-54
-9.13824e-56
-1.92829e-57
-3.67985e-59
-6.29638e-61
-9.55284e-63
-1.26662e-64
-1.4393e-66
-1.36396e-68
-1.0354e-70
-5.90118e-73
-2.23481e-75
-3.62907e-78
)
;
    }
    procBoundary3to2
    {
        type            processor;
        value           nonuniform List<scalar> 
43
(
2.94889e-23
1.09667e-23
3.09644e-24
7.48365e-25
1.61377e-25
3.16403e-26
5.69544e-27
9.46342e-28
1.45594e-28
2.07749e-29
2.75137e-30
3.38226e-31
3.85782e-32
4.07975e-33
3.99621e-34
3.6213e-35
3.03171e-36
2.34137e-37
1.66544e-38
1.08933e-39
6.54127e-41
3.60031e-42
1.81354e-43
8.34827e-45
3.50721e-46
1.34309e-47
4.68365e-49
1.48607e-50
4.28753e-52
1.12442e-53
2.6802e-55
5.8079e-57
1.14478e-58
2.05426e-60
3.35975e-62
5.01468e-64
6.83895e-66
8.52676e-68
9.70584e-70
1.00248e-71
9.22505e-74
7.17298e-76
3.20582e-78
)
;
    }
}


// ************************************************************************* //
