/*--------------------------------*- C++ -*----------------------------------*\
| =========                 |                                                 |
| \\      /  F ield         | OpenFOAM: The Open Source CFD Toolbox           |
|  \\    /   O peration     | Version:  3.0.1                                 |
|   \\  /    A nd           | Web:      www.OpenFOAM.org                      |
|    \\/     M anipulation  |                                                 |
\*---------------------------------------------------------------------------*/
FoamFile
{
    version     2.0;
    format      ascii;
    class       volScalarField;
    location    "0.15";
    object      p;
}
// * * * * * * * * * * * * * * * * * * * * * * * * * * * * * * * * * * * * * //

dimensions      [1 -1 -2 0 0 0 0];

internalField   nonuniform List<scalar> 
1935
(
-2.1791
-2.26848
-2.35527
-2.4398
-2.52235
-2.60321
-2.68263
-2.76087
-2.83817
-2.91478
-2.99089
-3.06669
-3.14236
-3.21804
-3.29386
-3.36996
-3.44643
-3.52334
-3.60075
-3.67872
-3.7573
-3.83653
-3.91644
-3.99703
-4.07835
-4.1604
-4.24321
-4.32679
-4.41114
-4.49628
-4.58223
-4.66899
-4.75656
-4.84497
-4.93421
-5.02433
-5.11532
-5.20719
-5.29997
-5.39366
-5.48829
-5.58388
-5.68046
-2.1932
-2.21122
-2.23336
-2.25934
-2.28176
-2.29856
-2.31904
-2.34294
-2.36789
-2.38365
-2.40271
-2.42482
-2.45189
-2.46678
-2.48462
-2.50518
-2.53405
-2.54822
-2.56502
-2.58424
-2.61462
-2.6282
-2.64411
-2.66217
-2.69385
-2.70695
-2.72212
-2.7392
-2.77197
-2.78468
-2.79922
-2.81545
-2.8492
-2.8616
-2.8756
-2.89108
-2.92575
-2.93789
-2.95141
-2.96623
-3.00182
-3.01372
-3.02683
-3.04106
-3.07759
-3.08927
-3.10199
-3.11569
-3.1532
-3.16467
-3.17703
-3.19024
-3.2288
-3.24006
-3.25208
-3.26483
-3.30452
-3.31556
-3.32725
-3.33955
-3.38048
-3.39128
-3.40263
-3.4145
-3.45677
-3.4673
-3.47831
-3.48976
-3.53346
-3.54372
-3.55437
-3.56541
-3.61063
-3.62059
-3.63088
-3.6415
-3.68833
-3.69797
-3.70789
-3.71809
-3.76661
-3.77591
-3.78545
-3.79523
-3.84551
-3.85446
-3.86361
-3.87296
-3.92507
-3.93365
-3.9424
-3.95132
-4.0053
-4.0135
-4.02185
-4.03034
-4.08624
-4.09405
-4.10198
-4.11004
-4.1679
-4.17531
-4.18283
-4.19046
-4.25031
-4.25731
-4.26441
-4.2716
-4.33348
-4.34007
-4.34675
-4.3535
-4.41741
-4.42359
-4.42985
-4.43617
-4.50214
-4.5079
-4.51373
-4.51962
-4.58766
-4.59301
-4.59841
-4.60386
-4.674
-4.67892
-4.6839
-4.68892
-4.76115
-4.76565
-4.77021
-4.7748
-4.84913
-4.85322
-4.85735
-4.86151
-4.93795
-4.94162
-4.94533
-4.94906
-5.02764
-5.03089
-5.03417
-5.03748
-5.1182
-5.12103
-5.12388
-5.12676
-5.20964
-5.21205
-5.21448
-5.21692
-5.30199
-5.30397
-5.30597
-5.30798
-5.39525
-5.3968
-5.39836
-5.39994
-5.48943
-5.49055
-5.49168
-5.49282
-5.58458
-5.58526
-5.58594
-5.58663
-5.6807
-5.68092
-5.68116
-5.68139
-2.29055
-2.32736
-2.3674
-2.41002
-2.45452
-2.50022
-2.54647
-2.59266
-2.63828
-2.68286
-2.72603
-2.76749
-2.80702
-2.84447
-2.87974
-2.91279
-2.94362
-2.97226
-2.99876
-3.02319
-3.04565
-3.06623
-3.08503
-3.10216
-3.11772
-3.13181
-3.14451
-3.15593
-3.16615
-3.17523
-3.18327
-3.19032
-3.19644
-3.20169
-3.20611
-3.20973
-3.21259
-3.21471
-3.21611
-3.2168
-2.37156
-2.40522
-2.4418
-2.48073
-2.52142
-2.56329
-2.60578
-2.64837
-2.69058
-2.73201
-2.77233
-2.81124
-2.84853
-2.88404
-2.91767
-2.94934
-2.97904
-3.00676
-3.03255
-3.05644
-3.07851
-3.09882
-3.11747
-3.13453
-3.15008
-3.16422
-3.17703
-3.18857
-3.19894
-3.20819
-3.21639
-3.22361
-3.22989
-3.23529
-3.23984
-3.24357
-3.24653
-3.24872
-3.25017
-3.25088
-2.45118
-2.48211
-2.51567
-2.55136
-2.5887
-2.62716
-2.66629
-2.70561
-2.74473
-2.78327
-2.82092
-2.85742
-2.89256
-2.92618
-2.95816
-2.98844
-3.01696
-3.04371
-3.0687
-3.09197
-3.11355
-3.1335
-3.15189
-3.16878
-3.18424
-3.19834
-3.21116
-3.22276
-3.23319
-3.24254
-3.25085
-3.25818
-3.26457
-3.27007
-3.27472
-3.27854
-3.28157
-3.28381
-3.2853
-3.28603
-2.52958
-2.55812
-2.58906
-2.62191
-2.65627
-2.69171
-2.72782
-2.7642
-2.80049
-2.83637
-2.87154
-2.90577
-2.93886
-2.97065
-3.00103
-3.0299
-3.05722
-3.08295
-3.10709
-3.12966
-3.15068
-3.17019
-3.18824
-3.20488
-3.22016
-3.23415
-3.24691
-3.25848
-3.26893
-3.27831
-3.28667
-3.29406
-3.30052
-3.30609
-3.3108
-3.31468
-3.31775
-3.32004
-3.32155
-3.3223
-2.60693
-2.63338
-2.66205
-2.69239
-2.72411
-2.75685
-2.79025
-2.82397
-2.85769
-2.89112
-2.92399
-2.95609
-2.98723
-3.01727
-3.04607
-3.07356
-3.09966
-3.12435
-3.14761
-3.16943
-3.18982
-3.20883
-3.22647
-3.24279
-3.25783
-3.27163
-3.28426
-3.29575
-3.30615
-3.31551
-3.32387
-3.33127
-3.33776
-3.34336
-3.3481
-3.35201
-3.35512
-3.35742
-3.35895
-3.35971
-2.68338
-2.70789
-2.7348
-2.76281
-2.79217
-2.8225
-2.85348
-2.88479
-2.91617
-2.94734
-2.97808
-3.00819
-3.03749
-3.06584
-3.09313
-3.11925
-3.14416
-3.16779
-3.19013
-3.21117
-3.2309
-3.24934
-3.26652
-3.28246
-3.2972
-3.31076
-3.3232
-3.33455
-3.34485
-3.35414
-3.36246
-3.36984
-3.37631
-3.38191
-3.38666
-3.39058
-3.39369
-3.39601
-3.39754
-3.3983
-2.75914
-2.78216
-2.80697
-2.83312
-2.86042
-2.8886
-2.91741
-2.94655
-2.97579
-3.00489
-3.03366
-3.0619
-3.08947
-3.11622
-3.14204
-3.16685
-3.19057
-3.21315
-3.23456
-3.25479
-3.27383
-3.29167
-3.30835
-3.32386
-3.33824
-3.35152
-3.36372
-3.37488
-3.38503
-3.39421
-3.40244
-3.40976
-3.41619
-3.42175
-3.42648
-3.43039
-3.43349
-3.43581
-3.43734
-3.4381
-2.83427
-2.85589
-2.87903
-2.90344
-2.92888
-2.95513
-2.98202
-3.00918
-3.03645
-3.06366
-3.0906
-3.11711
-3.14304
-3.16827
-3.19269
-3.21621
-3.23877
-3.26032
-3.28081
-3.30021
-3.31853
-3.33575
-3.35188
-3.36694
-3.38092
-3.39387
-3.4058
-3.41673
-3.42669
-3.43572
-3.44383
-3.45105
-3.4574
-3.46291
-3.4676
-3.47147
-3.47456
-3.47685
-3.47837
-3.47913
-2.90891
-2.92927
-2.95098
-2.97382
-2.99757
-3.022
-3.04733
-3.07261
-3.09808
-3.12354
-3.14879
-3.17368
-3.19808
-3.22187
-3.24495
-3.26725
-3.28868
-3.3092
-3.32877
-3.34736
-3.36494
-3.38152
-3.39709
-3.41164
-3.42521
-3.43779
-3.4494
-3.46007
-3.46982
-3.47866
-3.48662
-3.49372
-3.49997
-3.5054
-3.51002
-3.51384
-3.51689
-3.51916
-3.52066
-3.52141
-2.98319
-3.00244
-3.02287
-3.04431
-3.06659
-3.08952
-3.113
-3.13673
-3.16059
-3.18448
-3.20816
-3.23154
-3.2545
-3.27693
-3.29874
-3.31985
-3.34019
-3.35971
-3.37837
-3.39614
-3.41299
-3.42891
-3.4439
-3.45794
-3.47106
-3.48325
-3.49452
-3.5049
-3.5144
-3.52303
-3.53081
-3.53776
-3.54389
-3.54921
-3.55375
-3.55751
-3.56051
-3.56274
-3.56422
-3.56496
-3.05723
-3.07548
-3.09477
-3.11495
-3.13588
-3.1574
-3.17936
-3.20158
-3.22389
-3.24647
-3.26864
-3.2906
-3.3122
-3.33335
-3.35395
-3.37393
-3.39322
-3.41177
-3.42954
-3.4465
-3.46262
-3.47788
-3.49227
-3.50579
-3.51843
-3.53021
-3.54113
-3.55119
-3.56042
-3.56881
-3.57639
-3.58317
-3.58916
-3.59437
-3.59881
-3.60249
-3.60542
-3.60761
-3.60907
-3.60979
-3.13115
-3.1485
-3.16675
-3.18579
-3.20549
-3.22571
-3.24632
-3.26718
-3.28818
-3.30922
-3.33011
-3.35078
-3.37112
-3.39106
-3.41051
-3.42941
-3.44769
-3.46531
-3.48221
-3.49837
-3.51376
-3.52836
-3.54215
-3.55514
-3.5673
-3.57866
-3.58919
-3.59893
-3.60786
-3.616
-3.62336
-3.62995
-3.63578
-3.64086
-3.64519
-3.64878
-3.65164
-3.65378
-3.6552
-3.65591
-3.20505
-3.22158
-3.23889
-3.25689
-3.27546
-3.29449
-3.31387
-3.33348
-3.35321
-3.37295
-3.39259
-3.41203
-3.4312
-3.45
-3.46837
-3.48624
-3.50355
-3.52026
-3.53632
-3.5517
-3.56637
-3.58031
-3.59351
-3.60595
-3.61763
-3.62855
-3.6387
-3.64808
-3.65671
-3.66459
-3.67171
-3.6781
-3.68376
-3.68868
-3.69289
-3.69639
-3.69917
-3.70126
-3.70264
-3.70333
-3.27903
-3.2948
-3.31124
-3.32829
-3.34583
-3.36377
-3.38201
-3.40046
-3.41901
-3.43757
-3.45604
-3.47434
-3.49239
-3.51011
-3.52746
-3.54434
-3.56073
-3.57657
-3.59181
-3.60643
-3.6204
-3.6337
-3.6463
-3.6582
-3.66939
-3.67986
-3.68961
-3.69864
-3.70695
-3.71455
-3.72143
-3.72761
-3.73308
-3.73785
-3.74192
-3.74531
-3.74801
-3.75004
-3.75138
-3.75205
-3.35319
-3.36824
-3.38388
-3.40004
-3.41663
-3.43356
-3.45076
-3.46813
-3.48559
-3.50305
-3.52043
-3.53766
-3.55467
-3.57137
-3.58773
-3.60367
-3.6192
-3.63418
-3.64865
-3.66253
-3.67581
-3.68846
-3.70048
-3.71184
-3.72254
-3.73256
-3.74191
-3.75058
-3.75857
-3.76587
-3.7725
-3.77845
-3.78373
-3.78834
-3.79228
-3.79555
-3.79817
-3.80012
-3.80142
-3.80207
-3.4276
-3.44198
-3.45687
-3.4722
-3.4879
-3.5039
-3.52012
-3.53649
-3.55294
-3.56938
-3.58574
-3.60197
-3.61798
-3.63373
-3.64916
-3.66422
-3.67887
-3.69303
-3.7068
-3.71994
-3.73255
-3.74458
-3.75602
-3.76684
-3.77705
-3.78663
-3.79557
-3.80388
-3.81153
-3.81855
-3.82491
-3.83064
-3.83571
-3.84015
-3.84394
-3.8471
-3.84962
-3.85151
-3.85277
-3.85339
-3.50233
-3.51608
-3.53026
-3.54482
-3.55969
-3.57481
-3.59013
-3.60556
-3.62106
-3.63654
-3.65195
-3.66723
-3.68232
-3.69716
-3.71172
-3.72593
-3.73976
-3.75317
-3.76615
-3.77862
-3.79058
-3.802
-3.81288
-3.82318
-3.83291
-3.84204
-3.85058
-3.85851
-3.86584
-3.87255
-3.87865
-3.88414
-3.88901
-3.89327
-3.89692
-3.89996
-3.90238
-3.9042
-3.90541
-3.90601
-3.57747
-3.59061
-3.60411
-3.61793
-3.63202
-3.64633
-3.66079
-3.67535
-3.68995
-3.70453
-3.71905
-3.73344
-3.74765
-3.76164
-3.77536
-3.78876
-3.80182
-3.81449
-3.82674
-3.83855
-3.84988
-3.86071
-3.87103
-3.88082
-3.89007
-3.89877
-3.9069
-3.91447
-3.92146
-3.92787
-3.93371
-3.93896
-3.94362
-3.9477
-3.9512
-3.95411
-3.95644
-3.95818
-3.95934
-3.95992
-3.65306
-3.6656
-3.67846
-3.69159
-3.70494
-3.71847
-3.73212
-3.74586
-3.75962
-3.77336
-3.78703
-3.80058
-3.81396
-3.82714
-3.84006
-3.8527
-3.86501
-3.87697
-3.88854
-3.8997
-3.91041
-3.92067
-3.93045
-3.93974
-3.94852
-3.95679
-3.96452
-3.97172
-3.97838
-3.98449
-3.99006
-3.99507
-3.99952
-4.00342
-4.00677
-4.00955
-4.01178
-4.01345
-4.01456
-4.01511
-3.72915
-3.74113
-3.75336
-3.76582
-3.77846
-3.79126
-3.80415
-3.81711
-3.83008
-3.84302
-3.85589
-3.86864
-3.88124
-3.89364
-3.90581
-3.91771
-3.92932
-3.94059
-3.95151
-3.96204
-3.97217
-3.98186
-3.99112
-3.99991
-4.00823
-4.01607
-4.02341
-4.03025
-4.03658
-4.04239
-4.04769
-4.05246
-4.05671
-4.06042
-4.06361
-4.06627
-4.0684
-4.06999
-4.07105
-4.07158
-3.80581
-3.81722
-3.82884
-3.84066
-3.85263
-3.86472
-3.8769
-3.88911
-3.90133
-3.91351
-3.92562
-3.93762
-3.94947
-3.96114
-3.97259
-3.98379
-3.99472
-4.00533
-4.01562
-4.02555
-4.0351
-4.04426
-4.053
-4.06132
-4.06919
-4.07661
-4.08356
-4.09004
-4.09605
-4.10156
-4.10659
-4.11112
-4.11516
-4.11869
-4.12173
-4.12426
-4.12628
-4.1278
-4.12881
-4.12931
-3.88305
-3.89391
-3.90495
-3.91615
-3.92747
-3.93889
-3.95037
-3.96188
-3.97338
-3.98485
-3.99623
-4.00751
-4.01865
-4.02962
-4.04038
-4.05092
-4.06119
-4.07118
-4.08086
-4.09021
-4.09921
-4.10784
-4.11609
-4.12393
-4.13136
-4.13837
-4.14494
-4.15108
-4.15676
-4.16198
-4.16674
-4.17104
-4.17486
-4.17822
-4.1811
-4.1835
-4.18542
-4.18686
-4.18783
-4.18829
-3.96093
-3.97124
-3.98171
-3.9923
-4.003
-4.01377
-4.02459
-4.03543
-4.04625
-4.05702
-4.06772
-4.07832
-4.08878
-4.09908
-4.10918
-4.11907
-4.12872
-4.13811
-4.1472
-4.15599
-4.16446
-4.17258
-4.18034
-4.18773
-4.19474
-4.20134
-4.20754
-4.21333
-4.21869
-4.22363
-4.22813
-4.23219
-4.23581
-4.23898
-4.24171
-4.24398
-4.2458
-4.24716
-4.24808
-4.24853
-4.03946
-4.04924
-4.05915
-4.06916
-4.07925
-4.0894
-4.09958
-4.10977
-4.11993
-4.13005
-4.14009
-4.15003
-4.15984
-4.1695
-4.17897
-4.18825
-4.1973
-4.2061
-4.21464
-4.22289
-4.23083
-4.23846
-4.24575
-4.2527
-4.25929
-4.2655
-4.27134
-4.27679
-4.28184
-4.28649
-4.29074
-4.29457
-4.29798
-4.30098
-4.30355
-4.30569
-4.30741
-4.3087
-4.30956
-4.30999
-4.11869
-4.12794
-4.13729
-4.14673
-4.15623
-4.16578
-4.17535
-4.18491
-4.19445
-4.20393
-4.21334
-4.22265
-4.23184
-4.24088
-4.24975
-4.25843
-4.26691
-4.27515
-4.28314
-4.29087
-4.29832
-4.30547
-4.3123
-4.31882
-4.325
-4.33084
-4.33632
-4.34144
-4.34618
-4.35056
-4.35455
-4.35815
-4.36136
-4.36418
-4.3666
-4.36862
-4.37024
-4.37145
-4.37226
-4.37266
-4.19863
-4.20735
-4.21616
-4.22504
-4.23397
-4.24293
-4.25191
-4.26087
-4.2698
-4.27868
-4.28748
-4.29618
-4.30477
-4.31322
-4.32151
-4.32962
-4.33754
-4.34524
-4.35271
-4.35993
-4.36689
-4.37358
-4.37997
-4.38607
-4.39186
-4.39732
-4.40245
-4.40725
-4.4117
-4.4158
-4.41954
-4.42292
-4.42594
-4.42858
-4.43085
-4.43275
-4.43427
-4.43541
-4.43617
-4.43655
-4.2793
-4.2875
-4.29578
-4.30411
-4.31249
-4.32088
-4.32927
-4.33765
-4.346
-4.35428
-4.3625
-4.37062
-4.37863
-4.38651
-4.39423
-4.4018
-4.40917
-4.41635
-4.42332
-4.43005
-4.43654
-4.44278
-4.44875
-4.45444
-4.45984
-4.46494
-4.46974
-4.47422
-4.47838
-4.48221
-4.48571
-4.48887
-4.49169
-4.49416
-4.49628
-4.49806
-4.49948
-4.50055
-4.50126
-4.50162
-4.36072
-4.36842
-4.37617
-4.38396
-4.39179
-4.39962
-4.40746
-4.41527
-4.42304
-4.43076
-4.43841
-4.44597
-4.45342
-4.46074
-4.46793
-4.47496
-4.48181
-4.48849
-4.49496
-4.50122
-4.50726
-4.51306
-4.51861
-4.5239
-4.52893
-4.53368
-4.53815
-4.54232
-4.54619
-4.54976
-4.55302
-4.55597
-4.55859
-4.5609
-4.56288
-4.56453
-4.56586
-4.56686
-4.56752
-4.56786
-4.44292
-4.4501
-4.45733
-4.4646
-4.47189
-4.47918
-4.48647
-4.49373
-4.50095
-4.50812
-4.51521
-4.52222
-4.52913
-4.53592
-4.54258
-4.54909
-4.55544
-4.56163
-4.56763
-4.57343
-4.57902
-4.5844
-4.58955
-4.59445
-4.59912
-4.60352
-4.60766
-4.61154
-4.61513
-4.61844
-4.62147
-4.6242
-4.62664
-4.62878
-4.63062
-4.63216
-4.6334
-4.63432
-4.63494
-4.63525
-4.5259
-4.53258
-4.5393
-4.54605
-4.55281
-4.55957
-4.56632
-4.57304
-4.57972
-4.58635
-4.59291
-4.59938
-4.60576
-4.61203
-4.61818
-4.62419
-4.63006
-4.63577
-4.6413
-4.64666
-4.65182
-4.65679
-4.66154
-4.66607
-4.67038
-4.67445
-4.67828
-4.68185
-4.68517
-4.68823
-4.69103
-4.69356
-4.69581
-4.69779
-4.6995
-4.70092
-4.70206
-4.70292
-4.7035
-4.70378
-4.60968
-4.61586
-4.62207
-4.62831
-4.63455
-4.64079
-4.64701
-4.6532
-4.65936
-4.66546
-4.67149
-4.67745
-4.68332
-4.68908
-4.69473
-4.70026
-4.70565
-4.71089
-4.71598
-4.7209
-4.72565
-4.73021
-4.73458
-4.73875
-4.7427
-4.74644
-4.74996
-4.75325
-4.7563
-4.75912
-4.76169
-4.76401
-4.76609
-4.76791
-4.76948
-4.77079
-4.77185
-4.77264
-4.77317
-4.77343
-4.69427
-4.69996
-4.70567
-4.71139
-4.71712
-4.72285
-4.72855
-4.73423
-4.73987
-4.74545
-4.75097
-4.75642
-4.76179
-4.76706
-4.77223
-4.77728
-4.78221
-4.787
-4.79165
-4.79615
-4.80048
-4.80465
-4.80865
-4.81245
-4.81607
-4.81949
-4.8227
-4.82571
-4.8285
-4.83107
-4.83343
-4.83555
-4.83745
-4.83912
-4.84056
-4.84176
-4.84272
-4.84345
-4.84393
-4.84418
-4.77969
-4.78488
-4.79009
-4.79532
-4.80054
-4.80576
-4.81095
-4.81612
-4.82125
-4.82633
-4.83135
-4.83631
-4.84118
-4.84597
-4.85066
-4.85525
-4.85972
-4.86408
-4.8683
-4.87238
-4.87632
-4.8801
-4.88373
-4.88718
-4.89046
-4.89357
-4.89649
-4.89921
-4.90175
-4.90409
-4.90622
-4.90816
-4.90988
-4.9114
-4.91271
-4.9138
-4.91468
-4.91534
-4.91578
-4.916
-4.86594
-4.87064
-4.87536
-4.88009
-4.88481
-4.88952
-4.89422
-4.89888
-4.90351
-4.9081
-4.91263
-4.91709
-4.92149
-4.92581
-4.93003
-4.93417
-4.9382
-4.94211
-4.94592
-4.94959
-4.95314
-4.95654
-4.9598
-4.96291
-4.96587
-4.96866
-4.97129
-4.97375
-4.97603
-4.97814
-4.98006
-4.9818
-4.98336
-4.98473
-4.98591
-4.98689
-4.98768
-4.98828
-4.98867
-4.98887
-4.95304
-4.95725
-4.96148
-4.96571
-4.96994
-4.97415
-4.97835
-4.98252
-4.98666
-4.99076
-4.9948
-4.99879
-5.00271
-5.00656
-5.01033
-5.01402
-5.01761
-5.0211
-5.02449
-5.02777
-5.03092
-5.03396
-5.03686
-5.03964
-5.04227
-5.04476
-5.0471
-5.04929
-5.05132
-5.0532
-5.05492
-5.05647
-5.05786
-5.05908
-5.06013
-5.06101
-5.06172
-5.06225
-5.0626
-5.06278
-5.04099
-5.04472
-5.04846
-5.0522
-5.05593
-5.05966
-5.06336
-5.06704
-5.07069
-5.0743
-5.07787
-5.08138
-5.08484
-5.08823
-5.09155
-5.09479
-5.09796
-5.10103
-5.10401
-5.10689
-5.10967
-5.11234
-5.11489
-5.11733
-5.11964
-5.12183
-5.12389
-5.12582
-5.12761
-5.12927
-5.13078
-5.13215
-5.13337
-5.13444
-5.13537
-5.13614
-5.13676
-5.13723
-5.13754
-5.1377
-5.12982
-5.13306
-5.13631
-5.13956
-5.1428
-5.14603
-5.14925
-5.15245
-5.15561
-5.15874
-5.16183
-5.16488
-5.16787
-5.17081
-5.17368
-5.17649
-5.17922
-5.18188
-5.18446
-5.18695
-5.18935
-5.19166
-5.19387
-5.19598
-5.19798
-5.19987
-5.20165
-5.20332
-5.20487
-5.2063
-5.20761
-5.2088
-5.20986
-5.21079
-5.21159
-5.21225
-5.21279
-5.21319
-5.21346
-5.2136
-5.21952
-5.22228
-5.22504
-5.2278
-5.23055
-5.23329
-5.23602
-5.23873
-5.24142
-5.24407
-5.24669
-5.24927
-5.2518
-5.25428
-5.25672
-5.25909
-5.2614
-5.26365
-5.26583
-5.26794
-5.26997
-5.27191
-5.27378
-5.27556
-5.27726
-5.27886
-5.28036
-5.28177
-5.28309
-5.2843
-5.2854
-5.2864
-5.2873
-5.28808
-5.28876
-5.28932
-5.28978
-5.29012
-5.29034
-5.29046
-5.31012
-5.31238
-5.31465
-5.31692
-5.31919
-5.32144
-5.32368
-5.3259
-5.32811
-5.33028
-5.33243
-5.33454
-5.33662
-5.33865
-5.34065
-5.34259
-5.34448
-5.34632
-5.34811
-5.34983
-5.35149
-5.35308
-5.35461
-5.35607
-5.35745
-5.35876
-5.36
-5.36115
-5.36222
-5.36321
-5.36412
-5.36494
-5.36567
-5.36631
-5.36687
-5.36733
-5.3677
-5.36798
-5.36816
-5.36826
-5.40161
-5.40339
-5.40517
-5.40694
-5.40871
-5.41047
-5.41222
-5.41396
-5.41568
-5.41738
-5.41905
-5.4207
-5.42232
-5.42391
-5.42546
-5.42698
-5.42845
-5.42988
-5.43127
-5.43261
-5.4339
-5.43515
-5.43634
-5.43747
-5.43855
-5.43957
-5.44053
-5.44143
-5.44227
-5.44304
-5.44374
-5.44438
-5.44495
-5.44545
-5.44588
-5.44624
-5.44653
-5.44674
-5.44689
-5.44697
-5.49403
-5.4953
-5.49658
-5.49786
-5.49913
-5.5004
-5.50166
-5.5029
-5.50414
-5.50536
-5.50656
-5.50774
-5.5089
-5.51004
-5.51115
-5.51224
-5.51329
-5.51432
-5.51531
-5.51627
-5.5172
-5.51809
-5.51894
-5.51975
-5.52052
-5.52125
-5.52194
-5.52258
-5.52318
-5.52373
-5.52424
-5.52469
-5.5251
-5.52546
-5.52577
-5.52602
-5.52623
-5.52639
-5.52649
-5.52655
-5.58736
-5.58813
-5.58891
-5.58968
-5.59045
-5.59121
-5.59197
-5.59273
-5.59347
-5.59421
-5.59493
-5.59565
-5.59635
-5.59703
-5.5977
-5.59836
-5.59899
-5.59961
-5.60021
-5.60079
-5.60134
-5.60188
-5.60239
-5.60288
-5.60335
-5.60379
-5.6042
-5.60459
-5.60495
-5.60528
-5.60558
-5.60586
-5.6061
-5.60632
-5.6065
-5.60666
-5.60678
-5.60688
-5.60694
-5.60697
-5.68163
-5.68189
-5.68216
-5.68242
-5.68267
-5.68293
-5.68319
-5.68344
-5.68369
-5.68394
-5.68418
-5.68442
-5.68466
-5.68489
-5.68511
-5.68533
-5.68554
-5.68575
-5.68595
-5.68614
-5.68633
-5.68651
-5.68668
-5.68685
-5.687
-5.68715
-5.68729
-5.68742
-5.68754
-5.68765
-5.68775
-5.68784
-5.68792
-5.68799
-5.68806
-5.68811
-5.68815
-5.68818
-5.6882
-5.68821
)
;

boundaryField
{
    leftWall
    {
        type            calculated;
        value           nonuniform 0();
    }
    rightWall
    {
        type            calculated;
        value           nonuniform List<scalar> 
43
(
-3.2168
-3.25088
-3.28603
-3.3223
-3.35971
-3.3983
-3.4381
-3.47913
-3.52141
-3.56496
-3.60979
-3.65591
-3.70333
-3.75205
-3.80207
-3.85339
-3.90601
-3.95992
-4.01511
-4.07158
-4.12931
-4.18829
-4.24853
-4.30999
-4.37266
-4.43655
-4.50162
-4.56786
-4.63525
-4.70378
-4.77343
-4.84418
-4.916
-4.98887
-5.06278
-5.1377
-5.2136
-5.29046
-5.36826
-5.44697
-5.52655
-5.60697
-5.68821
)
;
    }
    lowerWall
    {
        type            calculated;
        value           nonuniform 0();
    }
    atmosphere
    {
        type            calculated;
        value           nonuniform List<scalar> 
45
(
-5.72904
-5.72904
-5.72904
-5.72904
-5.72904
-5.72904
-5.72904
-5.72904
-5.72904
-5.72904
-5.72904
-5.72904
-5.72904
-5.72904
-5.72904
-5.72904
-5.72904
-5.72904
-5.72904
-5.72904
-5.72904
-5.72904
-5.72904
-5.72904
-5.72904
-5.72904
-5.72904
-5.72904
-5.72904
-5.72904
-5.72904
-5.72904
-5.72904
-5.72904
-5.72904
-5.72904
-5.72904
-5.72904
-5.72904
-5.72904
-5.72904
-5.72904
-5.72904
-5.72904
-5.72904
)
;
    }
    defaultFaces
    {
        type            empty;
    }
    procBoundary3to1
    {
        type            processor;
        value           nonuniform List<scalar> 
45
(
-2.08687
-2.10192
-2.12135
-2.14541
-2.17377
-2.20798
-2.2484
-2.29242
-2.33925
-2.38808
-2.43811
-2.48857
-2.53878
-2.58812
-2.63611
-2.68232
-2.72645
-2.7683
-2.80771
-2.84462
-2.87901
-2.9109
-2.94036
-2.96746
-2.99232
-3.01505
-3.03578
-3.05462
-3.07171
-3.08716
-3.10109
-3.11361
-3.12482
-3.1348
-3.14366
-3.15146
-3.15829
-3.1642
-3.16926
-3.17351
-3.17699
-3.17973
-3.18176
-3.18309
-3.18375
)
;
    }
    procBoundary3to2
    {
        type            processor;
        value           nonuniform List<scalar> 
43
(
-2.16961
-2.25935
-2.34639
-2.43106
-2.51364
-2.59443
-2.67372
-2.75177
-2.82886
-2.90524
-2.98114
-3.05677
-3.1323
-3.2079
-3.28371
-3.35983
-3.43637
-3.51341
-3.591
-3.66919
-3.74803
-3.82756
-3.90779
-3.98873
-4.0704
-4.15283
-4.23604
-4.32002
-4.40478
-4.49035
-4.57671
-4.6639
-4.7519
-4.84074
-4.93042
-5.02097
-5.1124
-5.20471
-5.29793
-5.39207
-5.48714
-5.58319
-5.68023
)
;
    }
}


// ************************************************************************* //
