/*--------------------------------*- C++ -*----------------------------------*\
| =========                 |                                                 |
| \\      /  F ield         | OpenFOAM: The Open Source CFD Toolbox           |
|  \\    /   O peration     | Version:  3.0.1                                 |
|   \\  /    A nd           | Web:      www.OpenFOAM.org                      |
|    \\/     M anipulation  |                                                 |
\*---------------------------------------------------------------------------*/
FoamFile
{
    version     2.0;
    format      ascii;
    class       volScalarField;
    location    "0.15";
    object      p_rgh;
}
// * * * * * * * * * * * * * * * * * * * * * * * * * * * * * * * * * * * * * //

dimensions      [1 -1 -2 0 0 0 0];

internalField   nonuniform List<scalar> 
1935
(
0.165178
0.14113
0.120266
0.102285
0.086893
0.0738204
0.0628124
0.053624
0.0460125
0.039748
0.0346273
0.0304721
0.0271226
0.024433
0.0222705
0.0205201
0.0190907
0.017916
0.0169439
0.0161245
0.0154108
0.0147687
0.0141806
0.0136352
0.013118
0.0126126
0.012108
0.0116005
0.0110877
0.0105639
0.0100231
0.0094632
0.00888513
0.00828646
0.00765849
0.00699014
0.00627398
0.00550742
0.0046877
0.00380672
0.00285041
0.00180423
0.000647012
0.15108
0.133064
0.110925
0.0849451
0.127846
0.111049
0.0905695
0.066665
0.107648
0.0918917
0.0728322
0.0507219
0.0901896
0.0753028
0.0574632
0.036901
0.0751943
0.0610269
0.0442306
0.0250101
0.0624087
0.0488312
0.0329211
0.0148564
0.0515956
0.0384954
0.0233281
0.00624782
0.0425292
0.0298127
0.0152743
-0.000952545
0.0349908
0.0225882
0.00859016
-0.00688963
0.0287746
0.0166385
0.00311217
-0.0117084
0.023694
0.0117941
-0.00131216
-0.0155441
0.0195817
0.00790021
-0.0048234
-0.0185218
0.0162863
0.00481573
-0.00755058
-0.0207571
0.013671
0.00241278
-0.0096112
-0.0223561
0.0116124
0.000576694
-0.0111109
-0.0234145
0.010003
-0.00079294
-0.0121429
-0.0240179
0.00875391
-0.00178134
-0.0127878
-0.024241
0.00779427
-0.00245977
-0.0131146
-0.0241493
0.00706542
-0.00288885
-0.0131832
-0.0237999
0.00651556
-0.0031209
-0.0130451
-0.0232423
0.00610011
-0.00319985
-0.0127434
-0.0225183
0.00578518
-0.00316036
-0.0123133
-0.0216628
0.00554723
-0.00302916
-0.0117831
-0.0207043
0.0053677
-0.00282843
-0.0111768
-0.0196675
0.00522868
-0.00257798
-0.0105151
-0.0185736
0.00511373
-0.00229492
-0.00981586
-0.0174405
0.00501096
-0.0019924
-0.00909316
-0.0162829
0.00491304
-0.00168004
-0.00835803
-0.0151127
0.00481413
-0.0013656
-0.00761937
-0.0139393
0.00470789
-0.00105606
-0.00688469
-0.0127706
0.00458877
-0.000757178
-0.00616011
-0.0116129
0.0044536
-0.000473129
-0.00545053
-0.0104716
0.00430035
-0.000207536
-0.00476035
-0.00935128
0.0041249
3.48306e-05
-0.00409438
-0.00825641
0.00391989
0.000247641
-0.00345809
-0.00719166
0.00367711
0.000424384
-0.00285681
-0.00616155
0.00339053
0.00055987
-0.00229516
-0.00517017
0.0030565
0.000650024
-0.00177725
-0.00422135
0.00267075
0.000690116
-0.00130765
-0.00331912
0.00222562
0.000673288
-0.000892173
-0.00246805
0.00170971
0.000590318
-0.000538065
-0.00167352
0.00111188
0.000432845
-0.000251295
-0.000939427
0.000413526
0.000184523
-4.618e-05
-0.00027821
0.0537288
0.0169236
-0.0231199
-0.0657364
-0.110237
-0.155936
-0.202184
-0.248381
-0.293997
-0.338575
-0.381743
-0.423204
-0.462737
-0.500187
-0.535459
-0.568509
-0.599338
-0.627975
-0.654476
-0.678911
-0.70137
-0.721949
-0.74075
-0.757879
-0.773437
-0.787522
-0.80023
-0.811649
-0.821863
-0.830952
-0.838987
-0.846037
-0.85216
-0.857409
-0.861827
-0.865452
-0.868312
-0.870432
-0.871829
-0.872519
0.0380436
0.0043841
-0.032194
-0.0711236
-0.111816
-0.153685
-0.196173
-0.238758
-0.280971
-0.322405
-0.362717
-0.401628
-0.438921
-0.474434
-0.508058
-0.539732
-0.569429
-0.597155
-0.622941
-0.646835
-0.668902
-0.689216
-0.70786
-0.724917
-0.740475
-0.754615
-0.767419
-0.778966
-0.78933
-0.79858
-0.806783
-0.813999
-0.820282
-0.825677
-0.830228
-0.833966
-0.836919
-0.839111
-0.840558
-0.841273
0.024358
-0.00656566
-0.0401255
-0.0758227
-0.113155
-0.151624
-0.190748
-0.230073
-0.269187
-0.307726
-0.345376
-0.381876
-0.417018
-0.450639
-0.482625
-0.512898
-0.541418
-0.568169
-0.593162
-0.616426
-0.638007
-0.657959
-0.676346
-0.693236
-0.708699
-0.722803
-0.73562
-0.747215
-0.757655
-0.767001
-0.775311
-0.782639
-0.789032
-0.794534
-0.79918
-0.803003
-0.806027
-0.808274
-0.809758
-0.810492
0.0125022
-0.0160393
-0.0469723
-0.0798261
-0.114186
-0.149629
-0.185738
-0.222119
-0.25841
-0.294285
-0.329458
-0.363689
-0.396779
-0.428571
-0.458945
-0.487818
-0.515134
-0.540867
-0.56501
-0.587577
-0.608595
-0.628105
-0.646153
-0.662792
-0.678078
-0.692069
-0.704822
-0.716396
-0.726845
-0.736226
-0.744587
-0.751976
-0.758436
-0.764005
-0.768715
-0.772595
-0.775669
-0.777954
-0.779464
-0.780212
0.00231858
-0.024139
-0.0528086
-0.0831422
-0.11486
-0.147603
-0.181007
-0.214728
-0.248447
-0.281871
-0.314745
-0.346846
-0.377989
-0.408022
-0.436826
-0.464312
-0.490419
-0.515108
-0.538362
-0.56018
-0.580578
-0.599581
-0.617221
-0.63354
-0.64858
-0.662388
-0.675012
-0.686501
-0.696902
-0.706261
-0.714623
-0.722028
-0.728513
-0.734113
-0.738857
-0.742769
-0.745871
-0.748179
-0.749706
-0.750462
-0.006346
-0.0308631
-0.0577681
-0.0857806
-0.115135
-0.145467
-0.176444
-0.207762
-0.239135
-0.270307
-0.301049
-0.331157
-0.360458
-0.388809
-0.416094
-0.442221
-0.467125
-0.490761
-0.513101
-0.534136
-0.553868
-0.572313
-0.589491
-0.60543
-0.620165
-0.633732
-0.64617
-0.657519
-0.667819
-0.677109
-0.685425
-0.692804
-0.699278
-0.704877
-0.709625
-0.713546
-0.716658
-0.718975
-0.720508
-0.721269
-0.0136954
-0.0367119
-0.0615195
-0.0876784
-0.114974
-0.143158
-0.171967
-0.201107
-0.23034
-0.259444
-0.288212
-0.316458
-0.344023
-0.370773
-0.396595
-0.4214
-0.445119
-0.467703
-0.489117
-0.509346
-0.528381
-0.546229
-0.5629
-0.578414
-0.592795
-0.606072
-0.618275
-0.629436
-0.639589
-0.648765
-0.656996
-0.664312
-0.670741
-0.676309
-0.681037
-0.684945
-0.688049
-0.690362
-0.691893
-0.692653
-0.0197776
-0.0413916
-0.0645361
-0.0889436
-0.114385
-0.140637
-0.167526
-0.194682
-0.221958
-0.249161
-0.276101
-0.302611
-0.328543
-0.353773
-0.378193
-0.401718
-0.424279
-0.445821
-0.466309
-0.485719
-0.504036
-0.521258
-0.537389
-0.55244
-0.566428
-0.579373
-0.5913
-0.602233
-0.612199
-0.621223
-0.629334
-0.636554
-0.642909
-0.648418
-0.653103
-0.656978
-0.660059
-0.662357
-0.663879
-0.664634
-0.0247257
-0.0450873
-0.0667927
-0.0896305
-0.113385
-0.137816
-0.163139
-0.188421
-0.213896
-0.239357
-0.264607
-0.289496
-0.313894
-0.337685
-0.360768
-0.38306
-0.404493
-0.425014
-0.444582
-0.463169
-0.480755
-0.497332
-0.512898
-0.527458
-0.541021
-0.553602
-0.565218
-0.575888
-0.585633
-0.594474
-0.602432
-0.609528
-0.615782
-0.621211
-0.625831
-0.629657
-0.632701
-0.634972
-0.636477
-0.637224
-0.0286669
-0.0479145
-0.0683452
-0.0897859
-0.11206
-0.134996
-0.15848
-0.182203
-0.206063
-0.229958
-0.253639
-0.277014
-0.299971
-0.322401
-0.344211
-0.365321
-0.385664
-0.405187
-0.423848
-0.441615
-0.458466
-0.474387
-0.489371
-0.503418
-0.516532
-0.528721
-0.539999
-0.550377
-0.559873
-0.568503
-0.576283
-0.583231
-0.589361
-0.594689
-0.599227
-0.602988
-0.605982
-0.608217
-0.609699
-0.610435
-0.0317172
-0.0499669
-0.0692554
-0.0894376
-0.110362
-0.131879
-0.15384
-0.176059
-0.19837
-0.22095
-0.243123
-0.265079
-0.286684
-0.30783
-0.328431
-0.348409
-0.367701
-0.386255
-0.404027
-0.420983
-0.4371
-0.45236
-0.466752
-0.480271
-0.492918
-0.504696
-0.515612
-0.525677
-0.534901
-0.543296
-0.550876
-0.557654
-0.563641
-0.56885
-0.57329
-0.576973
-0.579907
-0.582097
-0.583551
-0.584274
-0.0339845
-0.0513319
-0.0695874
-0.088628
-0.108324
-0.128543
-0.149153
-0.170016
-0.19101
-0.212057
-0.232944
-0.253609
-0.273953
-0.293891
-0.313346
-0.332244
-0.350526
-0.36814
-0.385045
-0.401205
-0.416594
-0.431193
-0.444988
-0.457971
-0.470137
-0.481489
-0.492028
-0.50176
-0.510693
-0.518836
-0.526198
-0.532788
-0.538615
-0.54369
-0.54802
-0.551613
-0.554477
-0.556616
-0.558038
-0.558744
-0.035569
-0.0520926
-0.069406
-0.087405
-0.105978
-0.125011
-0.144389
-0.163997
-0.183725
-0.203469
-0.223108
-0.242551
-0.261717
-0.280517
-0.298886
-0.316754
-0.334068
-0.350775
-0.366837
-0.382218
-0.39689
-0.410832
-0.42403
-0.436471
-0.448151
-0.459065
-0.469214
-0.4786
-0.487229
-0.495104
-0.502232
-0.50862
-0.514274
-0.519202
-0.52341
-0.526904
-0.529691
-0.531774
-0.533158
-0.533846
-0.0365634
-0.0523267
-0.0687737
-0.0858159
-0.103357
-0.1213
-0.139545
-0.157991
-0.176541
-0.1951
-0.213573
-0.231873
-0.249921
-0.267641
-0.284994
-0.301873
-0.318264
-0.334097
-0.349344
-0.363964
-0.377932
-0.391227
-0.40383
-0.41573
-0.426918
-0.437389
-0.44714
-0.456171
-0.464483
-0.472079
-0.478961
-0.485136
-0.490606
-0.495377
-0.499454
-0.502842
-0.505544
-0.507565
-0.50891
-0.509579
-0.0370525
-0.0521066
-0.0677495
-0.0839061
-0.100494
-0.11743
-0.134625
-0.151995
-0.169453
-0.186915
-0.204299
-0.221529
-0.238531
-0.255239
-0.271596
-0.287532
-0.303068
-0.318047
-0.332515
-0.346394
-0.359672
-0.372328
-0.384344
-0.395706
-0.406403
-0.416428
-0.425776
-0.434445
-0.442432
-0.449739
-0.456368
-0.462319
-0.467596
-0.472203
-0.476142
-0.479416
-0.482031
-0.483986
-0.485289
-0.485936
-0.0371126
-0.0514979
-0.0663881
-0.0817191
-0.0974204
-0.113419
-0.129641
-0.146011
-0.162453
-0.178893
-0.195259
-0.211483
-0.227501
-0.243252
-0.258681
-0.273738
-0.288382
-0.302545
-0.316319
-0.32946
-0.342063
-0.354094
-0.365532
-0.376361
-0.38657
-0.396149
-0.405092
-0.413393
-0.421051
-0.428064
-0.434431
-0.440153
-0.445231
-0.449666
-0.453461
-0.456618
-0.45914
-0.461027
-0.462285
-0.462909
-0.0368116
-0.0505603
-0.0647399
-0.0792956
-0.0941672
-0.109292
-0.124605
-0.140041
-0.155533
-0.171017
-0.186429
-0.201708
-0.216797
-0.231642
-0.246194
-0.260406
-0.274237
-0.287649
-0.300624
-0.313094
-0.325057
-0.336481
-0.347353
-0.357659
-0.367384
-0.376519
-0.385057
-0.392991
-0.400316
-0.40703
-0.413131
-0.418619
-0.423492
-0.427752
-0.431399
-0.434435
-0.436861
-0.438677
-0.439888
-0.440489
-0.0362097
-0.0493474
-0.0628511
-0.0766741
-0.0907645
-0.105068
-0.119529
-0.134089
-0.148691
-0.163277
-0.177792
-0.192181
-0.206393
-0.220381
-0.234098
-0.247504
-0.26056
-0.27323
-0.285485
-0.297289
-0.308618
-0.319452
-0.329772
-0.339564
-0.348813
-0.357509
-0.365644
-0.373209
-0.380201
-0.386615
-0.392448
-0.397697
-0.402363
-0.406444
-0.40994
-0.412852
-0.41518
-0.416923
-0.418086
-0.418662
-0.0353601
-0.0479069
-0.0607633
-0.0738894
-0.08724
-0.100768
-0.114425
-0.128161
-0.141924
-0.155664
-0.169333
-0.182881
-0.196265
-0.209439
-0.222364
-0.235001
-0.247315
-0.259272
-0.270843
-0.282
-0.292717
-0.302976
-0.312756
-0.322043
-0.330823
-0.339088
-0.346823
-0.354023
-0.360682
-0.366796
-0.372359
-0.37737
-0.381826
-0.385726
-0.389069
-0.391854
-0.394082
-0.395751
-0.396865
-0.397416
-0.0343089
-0.0462808
-0.0585136
-0.0709726
-0.0836187
-0.0964111
-0.109307
-0.122262
-0.135232
-0.148174
-0.161042
-0.173795
-0.186393
-0.198795
-0.210966
-0.222869
-0.234473
-0.245746
-0.256662
-0.267194
-0.27732
-0.287019
-0.296274
-0.305068
-0.313389
-0.321226
-0.328567
-0.335405
-0.341735
-0.347549
-0.352843
-0.357614
-0.36186
-0.365578
-0.368767
-0.371424
-0.373551
-0.375144
-0.376208
-0.376734
-0.0330958
-0.0445054
-0.056134
-0.0679512
-0.079923
-0.0920134
-0.104185
-0.1164
-0.128618
-0.140802
-0.152912
-0.164911
-0.176761
-0.188429
-0.19988
-0.211082
-0.222006
-0.232624
-0.24291
-0.252841
-0.262394
-0.271551
-0.280294
-0.288608
-0.296479
-0.303897
-0.310851
-0.317332
-0.323335
-0.328852
-0.333879
-0.338411
-0.342447
-0.345983
-0.349016
-0.351545
-0.35357
-0.355087
-0.356101
-0.356599
-0.0317542
-0.0426116
-0.0536523
-0.0648493
-0.0761727
-0.0875911
-0.0990716
-0.110581
-0.122084
-0.133547
-0.144935
-0.156216
-0.167355
-0.178322
-0.189086
-0.199618
-0.209891
-0.21988
-0.229561
-0.238911
-0.247911
-0.256542
-0.264787
-0.272633
-0.280065
-0.287073
-0.293646
-0.299777
-0.305457
-0.310681
-0.315443
-0.319739
-0.323566
-0.326919
-0.329798
-0.332198
-0.33412
-0.33556
-0.336528
-0.336996
-0.0303123
-0.0406261
-0.0510927
-0.0616881
-0.0723859
-0.0831585
-0.0939769
-0.104811
-0.115632
-0.126407
-0.137107
-0.147702
-0.158162
-0.168459
-0.178566
-0.188456
-0.198105
-0.20749
-0.216587
-0.225378
-0.233842
-0.241964
-0.249726
-0.257116
-0.26412
-0.270728
-0.276928
-0.282714
-0.288078
-0.293013
-0.297514
-0.301575
-0.305195
-0.308368
-0.311092
-0.313364
-0.315184
-0.316549
-0.317461
-0.317909
-0.0287943
-0.038572
-0.0484765
-0.0584867
-0.0685789
-0.0787286
-0.0889103
-0.0990974
-0.109263
-0.11938
-0.129422
-0.139361
-0.149171
-0.158827
-0.168304
-0.177578
-0.186628
-0.19543
-0.203966
-0.212216
-0.220163
-0.227791
-0.235085
-0.242031
-0.248618
-0.254834
-0.260671
-0.26612
-0.271173
-0.275824
-0.280067
-0.283898
-0.287312
-0.290306
-0.292877
-0.295023
-0.296741
-0.29803
-0.298891
-0.299316
-0.0272211
-0.0364692
-0.0458224
-0.0552615
-0.0647656
-0.0743126
-0.0838798
-0.0934437
-0.10298
-0.112465
-0.121875
-0.131185
-0.140371
-0.149412
-0.158284
-0.166967
-0.175439
-0.183681
-0.191675
-0.199403
-0.206849
-0.213998
-0.220837
-0.227352
-0.233533
-0.239369
-0.24485
-0.249969
-0.254717
-0.25909
-0.26308
-0.266683
-0.269896
-0.272713
-0.275133
-0.277152
-0.27877
-0.279984
-0.280795
-0.281197
-0.0256107
-0.034335
-0.0431461
-0.0520267
-0.0609578
-0.0699198
-0.0788923
-0.0878542
-0.0967842
-0.105661
-0.114462
-0.123167
-0.131754
-0.140203
-0.148493
-0.156605
-0.164521
-0.172222
-0.179692
-0.186915
-0.193877
-0.200562
-0.206959
-0.213056
-0.218841
-0.224306
-0.22944
-0.234236
-0.238687
-0.242786
-0.246528
-0.249908
-0.252921
-0.255565
-0.257836
-0.259732
-0.26125
-0.262391
-0.263152
-0.263531
-0.0239777
-0.0321836
-0.040461
-0.048794
-0.0571657
-0.0655584
-0.0739536
-0.0823325
-0.090676
-0.0989648
-0.107179
-0.1153
-0.123309
-0.131187
-0.138915
-0.146477
-0.153855
-0.161034
-0.167998
-0.174732
-0.181224
-0.18746
-0.193428
-0.199118
-0.204519
-0.209621
-0.214417
-0.218898
-0.223057
-0.226889
-0.230387
-0.233548
-0.236366
-0.238839
-0.240963
-0.242737
-0.244159
-0.245227
-0.24594
-0.246296
-0.0223342
-0.0300266
-0.0377778
-0.0455733
-0.0533976
-0.0612348
-0.0690683
-0.076881
-0.0846558
-0.0923752
-0.100022
-0.107578
-0.115027
-0.122353
-0.129538
-0.136567
-0.143425
-0.150098
-0.156572
-0.162833
-0.16887
-0.174669
-0.180221
-0.185515
-0.190542
-0.195292
-0.199757
-0.20393
-0.207804
-0.211373
-0.214633
-0.217578
-0.220205
-0.22251
-0.224491
-0.226146
-0.227472
-0.228469
-0.229135
-0.229469
-0.0206899
-0.0278737
-0.0351056
-0.0423726
-0.0496603
-0.0569544
-0.0642397
-0.071501
-0.0787224
-0.0858885
-0.0929835
-0.099992
-0.106899
-0.113689
-0.120347
-0.126861
-0.133216
-0.139399
-0.145397
-0.151199
-0.156794
-0.16217
-0.167317
-0.172226
-0.176887
-0.181293
-0.185435
-0.189307
-0.192902
-0.196215
-0.19924
-0.201974
-0.204413
-0.206554
-0.208395
-0.209933
-0.211166
-0.212094
-0.212713
-0.213024
-0.0190527
-0.0257325
-0.0324517
-0.0391981
-0.0459588
-0.0527205
-0.0594696
-0.066192
-0.0728737
-0.0795006
-0.0860588
-0.0925345
-0.0989141
-0.105184
-0.111332
-0.117345
-0.123211
-0.128918
-0.134455
-0.139811
-0.144976
-0.14994
-0.154693
-0.159226
-0.163532
-0.167601
-0.171428
-0.175005
-0.178326
-0.181387
-0.184183
-0.186711
-0.188966
-0.190947
-0.19265
-0.194074
-0.195216
-0.196075
-0.196648
-0.196937
-0.0174292
-0.0236093
-0.0298215
-0.0360545
-0.0422964
-0.048535
-0.054758
-0.0609527
-0.0671065
-0.073207
-0.0792416
-0.0851982
-0.0910645
-0.0968289
-0.10248
-0.108006
-0.113396
-0.118641
-0.123729
-0.12865
-0.133397
-0.137958
-0.142327
-0.146493
-0.150451
-0.154192
-0.157709
-0.160998
-0.164051
-0.166866
-0.169438
-0.171763
-0.173838
-0.175662
-0.17723
-0.178542
-0.179594
-0.180386
-0.180914
-0.181182
-0.0158246
-0.021509
-0.0272192
-0.0329448
-0.0386749
-0.0443985
-0.0501043
-0.0557811
-0.0614178
-0.0670031
-0.0725261
-0.0779758
-0.0833415
-0.0886127
-0.093779
-0.0988304
-0.103757
-0.10855
-0.1132
-0.117698
-0.122035
-0.126204
-0.130196
-0.134004
-0.137621
-0.14104
-0.144255
-0.14726
-0.150052
-0.152626
-0.154977
-0.157105
-0.159004
-0.160673
-0.16211
-0.163311
-0.164275
-0.165
-0.165484
-0.16573
-0.0142433
-0.0194352
-0.0246477
-0.029871
-0.0350954
-0.0403109
-0.0455075
-0.0506752
-0.0558042
-0.0608845
-0.0659064
-0.0708601
-0.0757361
-0.0805249
-0.0852175
-0.0898049
-0.0942785
-0.09863
-0.102851
-0.106934
-0.110872
-0.114656
-0.118279
-0.121735
-0.125018
-0.128121
-0.131039
-0.133768
-0.136303
-0.13864
-0.140777
-0.14271
-0.144437
-0.145955
-0.147261
-0.148353
-0.14923
-0.149889
-0.150329
-0.150553
-0.0126893
-0.0173914
-0.0221095
-0.0268348
-0.0315587
-0.0362722
-0.0409666
-0.0456329
-0.0502625
-0.0548465
-0.0593763
-0.0638432
-0.0682386
-0.0725545
-0.0767825
-0.0809149
-0.0849442
-0.0888628
-0.0926637
-0.0963397
-0.0998842
-0.10329
-0.106552
-0.109663
-0.112618
-0.115411
-0.118038
-0.120495
-0.122778
-0.124884
-0.12681
-0.128552
-0.130109
-0.131477
-0.132655
-0.13364
-0.13443
-0.135024
-0.13542
-0.135623
-0.0111665
-0.0153805
-0.019607
-0.0238379
-0.0280657
-0.0322824
-0.0364803
-0.0406517
-0.0447886
-0.0488834
-0.0529284
-0.0569159
-0.0608385
-0.0646889
-0.0684601
-0.0721451
-0.0757374
-0.0792304
-0.0826179
-0.0858937
-0.0890517
-0.0920864
-0.094992
-0.0977634
-0.100396
-0.102885
-0.105226
-0.107416
-0.109452
-0.11133
-0.113048
-0.114603
-0.115991
-0.117212
-0.118263
-0.119141
-0.119845
-0.120375
-0.120728
-0.12091
-0.00967858
-0.0134058
-0.0171425
-0.0208818
-0.0246168
-0.0283407
-0.0320467
-0.0357278
-0.0393773
-0.0429883
-0.0465541
-0.0500681
-0.0535238
-0.056915
-0.0602354
-0.0634792
-0.0666406
-0.069714
-0.072694
-0.0755751
-0.0783524
-0.0810209
-0.0835758
-0.086013
-0.0883281
-0.0905175
-0.0925776
-0.0945051
-0.0962971
-0.0979506
-0.0994629
-0.100832
-0.102054
-0.103129
-0.104053
-0.104826
-0.105446
-0.105912
-0.106223
-0.106384
-0.00822916
-0.01147
-0.0147181
-0.0179674
-0.0212118
-0.0244454
-0.0276623
-0.0308564
-0.0340219
-0.0371528
-0.0402435
-0.0432883
-0.0462816
-0.0492182
-0.0520927
-0.0549001
-0.0576355
-0.0602942
-0.0628714
-0.0653628
-0.067764
-0.0700711
-0.0722801
-0.0743874
-0.0763895
-0.0782833
-0.0800656
-0.0817336
-0.0832844
-0.0847155
-0.0860245
-0.0872089
-0.0882669
-0.0891964
-0.089996
-0.0906643
-0.0912003
-0.0916033
-0.0918717
-0.0920124
-0.00682148
-0.00957555
-0.012335
-0.0150946
-0.0178491
-0.0205934
-0.0233225
-0.0260312
-0.0287146
-0.0313678
-0.0339859
-0.0365643
-0.0390983
-0.0415835
-0.0440155
-0.0463901
-0.0487032
-0.0509509
-0.0531293
-0.0552348
-0.057264
-0.0592136
-0.0610804
-0.0628614
-0.0645539
-0.066155
-0.0676621
-0.0690726
-0.0703842
-0.0715945
-0.0727014
-0.0737028
-0.0745971
-0.0753827
-0.0760583
-0.076623
-0.0770759
-0.0774164
-0.0776431
-0.0777635
-0.00545866
-0.00772429
-0.00999367
-0.0122624
-0.0145261
-0.0167805
-0.0190215
-0.0212449
-0.0234467
-0.0256229
-0.0277696
-0.029883
-0.0319595
-0.0339953
-0.035987
-0.0379311
-0.0398244
-0.0416638
-0.0434462
-0.0451688
-0.0468288
-0.0484237
-0.049951
-0.0514083
-0.0527933
-0.0541036
-0.0553371
-0.0564917
-0.0575651
-0.0585555
-0.0594612
-0.0602805
-0.0610119
-0.0616544
-0.0622069
-0.0626687
-0.0630391
-0.0633178
-0.0635029
-0.063603
-0.00414382
-0.00591775
-0.00769398
-0.00946899
-0.0112394
-0.0130018
-0.0147529
-0.0164897
-0.0182089
-0.0199075
-0.0215825
-0.023231
-0.0248502
-0.0264372
-0.0279895
-0.0295043
-0.0309791
-0.0324117
-0.0337997
-0.035141
-0.0364336
-0.0376755
-0.0388648
-0.0399997
-0.0410782
-0.0420987
-0.0430594
-0.0439584
-0.0447942
-0.0455653
-0.0462703
-0.0469079
-0.0474772
-0.0479771
-0.0484071
-0.0487664
-0.0490548
-0.0492718
-0.0494155
-0.0494953
-0.00288051
-0.00415763
-0.00543588
-0.0067127
-0.00798563
-0.00925229
-0.0105104
-0.0117576
-0.0129917
-0.0142107
-0.0154123
-0.0165946
-0.0177554
-0.0188929
-0.0200052
-0.0210904
-0.0221467
-0.0231726
-0.0241665
-0.0251269
-0.0260524
-0.0269416
-0.0277931
-0.0286056
-0.0293778
-0.0301084
-0.0307961
-0.0314396
-0.0320377
-0.0325895
-0.0330939
-0.0335501
-0.0339573
-0.034315
-0.0346226
-0.0348797
-0.0350861
-0.0352415
-0.0353437
-0.0354029
-0.0016706
-0.00244389
-0.00321751
-0.00398993
-0.00475967
-0.00552531
-0.00628545
-0.00703874
-0.00778388
-0.00851959
-0.00924461
-0.00995772
-0.0106577
-0.0113434
-0.0120138
-0.0126676
-0.013304
-0.013922
-0.0145206
-0.015099
-0.0156563
-0.0161917
-0.0167044
-0.0171936
-0.0176585
-0.0180983
-0.0185122
-0.0188995
-0.0192594
-0.0195914
-0.0198949
-0.0201693
-0.0204143
-0.0206294
-0.0208145
-0.0209692
-0.0210934
-0.0211871
-0.0212475
-0.0212859
-0.000524721
-0.000785348
-0.00104602
-0.00130619
-0.00156537
-0.00182306
-0.00207879
-0.0023321
-0.00258256
-0.00282974
-0.00307323
-0.0033126
-0.00354748
-0.00377747
-0.00400221
-0.00422135
-0.00443456
-0.00464153
-0.00484196
-0.00503557
-0.00522209
-0.00540124
-0.00557276
-0.00573639
-0.00589185
-0.00603889
-0.00617724
-0.00630667
-0.00642695
-0.00653787
-0.00663924
-0.00673091
-0.00681273
-0.00688459
-0.0069464
-0.00699808
-0.00703958
-0.00707111
-0.0070908
-0.00710439
)
;

boundaryField
{
    leftWall
    {
        type            fixedFluxPressure;
        gradient        nonuniform 0();
        value           nonuniform 0();
    }
    rightWall
    {
        type            fixedFluxPressure;
        gradient        uniform 0;
        value           nonuniform List<scalar> 
43
(
-0.872519
-0.841273
-0.810492
-0.780212
-0.750462
-0.721269
-0.692653
-0.664634
-0.637224
-0.610435
-0.584274
-0.558744
-0.533846
-0.509579
-0.485936
-0.462909
-0.440489
-0.418662
-0.397416
-0.376734
-0.356599
-0.336996
-0.317909
-0.299316
-0.281197
-0.263531
-0.246296
-0.229469
-0.213024
-0.196937
-0.181182
-0.16573
-0.150553
-0.135623
-0.12091
-0.106384
-0.0920124
-0.0777635
-0.063603
-0.0494953
-0.0354029
-0.0212859
-0.00710439
)
;
    }
    lowerWall
    {
        type            fixedFluxPressure;
        gradient        nonuniform 0();
        value           nonuniform 0();
    }
    atmosphere
    {
        type            totalPressure;
        rho             rho;
        psi             none;
        gamma           1;
        p0              uniform 0;
        value           uniform 0;
    }
    defaultFaces
    {
        type            empty;
    }
    procBoundary3to1
    {
        type            processor;
        value           nonuniform List<scalar> 
45
(
0.192687
0.177641
0.158206
0.134153
0.105785
0.0715792
0.0311542
-0.0128648
-0.0596939
-0.108523
-0.158549
-0.209011
-0.259219
-0.308566
-0.356546
-0.402758
-0.446895
-0.48874
-0.528155
-0.565064
-0.599451
-0.631343
-0.660798
-0.687905
-0.712765
-0.735496
-0.75622
-0.775064
-0.792153
-0.807605
-0.821536
-0.834053
-0.845257
-0.855243
-0.864098
-0.871902
-0.878729
-0.884643
-0.8897
-0.893948
-0.897427
-0.900168
-0.902197
-0.903533
-0.904192
)
;
    }
    procBoundary3to2
    {
        type            processor;
        value           nonuniform List<scalar> 
43
(
0.174672
0.15026
0.129146
0.111028
0.0956072
0.0825981
0.0717263
0.0627238
0.0553264
0.0492844
0.0443739
0.040397
0.0371791
0.0345671
0.0324286
0.0306518
0.0291474
0.027848
0.0267002
0.0256569
0.0246787
0.0237403
0.0228309
0.0219431
0.0210644
0.0201802
0.0192823
0.0183703
0.0174445
0.0165015
0.0155368
0.0145495
0.0135416
0.0125112
0.01145
0.0103468
0.00919415
0.00798919
0.00672885
0.00540442
0.00400067
0.00250106
0.00088159
)
;
    }
}


// ************************************************************************* //
