/*--------------------------------*- C++ -*----------------------------------*\
| =========                 |                                                 |
| \\      /  F ield         | OpenFOAM: The Open Source CFD Toolbox           |
|  \\    /   O peration     | Version:  3.0.1                                 |
|   \\  /    A nd           | Web:      www.OpenFOAM.org                      |
|    \\/     M anipulation  |                                                 |
\*---------------------------------------------------------------------------*/
FoamFile
{
    version     2.0;
    format      ascii;
    class       volScalarField;
    location    "0.3";
    object      p_rgh;
}
// * * * * * * * * * * * * * * * * * * * * * * * * * * * * * * * * * * * * * //

dimensions      [1 -1 -2 0 0 0 0];

internalField   nonuniform List<scalar> 
7700
(
1301.31
1302.52
1304.82
1305.49
1304.02
1300.57
1296
1291.04
1286.03
1281.08
1276.19
1271.33
1266.47
1261.57
1256.63
1251.68
1246.77
1241.97
1237.4
1233.15
1229.37
1226.18
1223.77
1222.29
1221.93
1222.91
1225.43
1229.76
1236.21
1245.2
1256.87
1271.36
1288.9
1309.63
1333.25
1358.69
1383.69
1404.6
1417.41
1420.87
1419.67
1409.47
1378.32
1362.44
1398.38
1439.49
1300.56
1301.75
1304.04
1304.71
1303.22
1299.78
1295.27
1290.38
1285.44
1280.53
1275.68
1270.84
1265.97
1261.05
1256.09
1251.11
1246.16
1241.34
1236.72
1232.44
1228.61
1225.38
1222.91
1221.38
1220.96
1221.86
1224.29
1228.46
1234.55
1242.65
1253.2
1266.48
1282.72
1302.06
1324.42
1349.22
1374.96
1398.45
1415.64
1424.31
1427.34
1410.09
1357.25
1313.93
1336.3
1410.37
1299.02
1300.23
1302.49
1303.14
1301.61
1298.21
1293.81
1289.06
1284.25
1279.45
1274.65
1269.83
1264.95
1260
1254.99
1249.95
1244.94
1240.04
1235.36
1230.99
1227.08
1223.76
1221.2
1219.55
1219.01
1219.76
1222.02
1225.97
1231.83
1239.83
1250.12
1262.9
1278.2
1295.89
1315.64
1336.85
1358.56
1379.66
1398.35
1412.07
1418.43
1401.58
1338.11
1280.84
1298.55
1395.85
1296.76
1297.98
1300.21
1300.82
1299.26
1295.93
1291.69
1287.13
1282.5
1277.83
1273.11
1268.31
1263.41
1258.41
1253.33
1248.2
1243.1
1238.1
1233.31
1228.83
1224.79
1221.33
1218.62
1216.81
1216.08
1216.63
1218.64
1222.32
1227.86
1235.43
1245.17
1257.2
1271.51
1287.91
1305.98
1324.99
1343.93
1361.81
1377.62
1390.34
1396.2
1390.92
1344.95
1301.6
1320.65
1417.88
1293.82
1295.04
1297.24
1297.8
1296.21
1292.97
1288.94
1284.63
1280.21
1275.69
1271.06
1266.28
1261.35
1256.27
1251.09
1245.85
1240.63
1235.49
1230.56
1225.92
1221.72
1218.08
1215.16
1213.13
1212.16
1212.44
1214.14
1217.47
1222.6
1229.67
1238.81
1250.07
1263.42
1278.64
1295.33
1312.83
1330.22
1346.42
1360.28
1371.17
1377.58
1378.83
1372.75
1357.49
1396.55
1471.54
1290.27
1291.48
1293.63
1294.14
1292.53
1289.43
1285.64
1281.6
1277.41
1273.05
1268.5
1263.72
1258.74
1253.57
1248.27
1242.9
1237.52
1232.22
1227.1
1222.27
1217.85
1213.99
1210.82
1208.51
1207.24
1207.17
1208.51
1211.41
1216.05
1222.57
1231.05
1241.53
1253.93
1268.05
1283.48
1299.67
1315.83
1331.06
1344.4
1355.34
1363.89
1371.86
1382.49
1406.19
1454.23
1519.85
1286.18
1287.35
1289.46
1289.9
1288.3
1285.36
1281.84
1278.08
1274.12
1269.91
1265.42
1260.63
1255.58
1250.3
1244.86
1239.32
1233.76
1228.26
1222.93
1217.86
1213.19
1209.04
1205.57
1202.92
1201.28
1200.82
1201.71
1204.12
1208.22
1214.12
1221.89
1231.56
1243.04
1256.11
1270.41
1285.43
1300.52
1314.97
1328.13
1339.73
1350.21
1361.93
1379.45
1412.27
1466.68
1532.34
1281.66
1282.73
1284.78
1285.17
1283.59
1280.83
1277.59
1274.11
1270.36
1266.28
1261.82
1257
1251.85
1246.44
1240.83
1235.11
1229.34
1223.61
1218.03
1212.69
1207.71
1203.23
1199.39
1196.35
1194.28
1193.34
1193.72
1195.57
1199.05
1204.28
1211.31
1220.16
1230.72
1242.81
1256.08
1270.08
1284.24
1297.99
1310.85
1322.69
1333.94
1346.48
1364.04
1394.17
1441.7
1498.3
1276.74
1277.71
1279.68
1280
1278.46
1275.91
1272.95
1269.72
1266.14
1262.15
1257.69
1252.81
1247.55
1241.98
1236.19
1230.25
1224.25
1218.26
1212.38
1206.72
1201.39
1196.52
1192.26
1188.76
1186.18
1184.7
1184.49
1185.71
1188.51
1193
1199.25
1207.25
1216.92
1228.07
1240.4
1253.46
1266.78
1279.83
1292.17
1303.63
1314.43
1325.55
1338.9
1358.06
1384.67
1408.35
1271.49
1272.35
1274.22
1274.46
1272.98
1270.63
1267.93
1264.91
1261.47
1257.52
1253.04
1248.06
1242.67
1236.93
1230.93
1224.75
1218.48
1212.19
1205.98
1199.95
1194.22
1188.9
1184.15
1180.11
1176.95
1174.85
1173.97
1174.48
1176.52
1180.21
1185.63
1192.76
1201.55
1211.79
1223.22
1235.43
1247.95
1260.25
1271.84
1282.36
1291.58
1299.39
1305.55
1307.75
1305.13
1239.22
28.4972
28.4961
28.4936
28.4902
28.4859
28.4808
28.4748
28.4681
28.4607
28.4526
28.4438
28.4345
28.4248
28.4146
28.4042
28.3934
28.3825
28.3713
28.3601
28.3487
28.3373
28.3259
28.3145
28.3033
28.2922
28.2814
28.2709
28.2607
28.251
28.2418
28.2332
28.2252
28.2179
28.2114
28.2056
28.2007
28.1967
28.1937
28.1917
28.1907
28.4976
28.4964
28.494
28.4906
28.4862
28.4811
28.4751
28.4684
28.4609
28.4528
28.444
28.4347
28.4249
28.4147
28.4042
28.3935
28.3825
28.3713
28.3601
28.3487
28.3372
28.3258
28.3144
28.3031
28.292
28.2812
28.2706
28.2604
28.2507
28.2415
28.2328
28.2248
28.2175
28.2109
28.2051
28.2002
28.1961
28.1931
28.1911
28.19
28.4984
28.4972
28.4947
28.4912
28.4868
28.4817
28.4757
28.4689
28.4614
28.4532
28.4443
28.4349
28.4251
28.4149
28.4044
28.3936
28.3826
28.3714
28.3601
28.3486
28.3372
28.3257
28.3143
28.3029
28.2917
28.2808
28.2702
28.2599
28.25
28.2407
28.2319
28.2238
28.2163
28.2096
28.2037
28.1987
28.1946
28.1916
28.1895
28.1885
28.4998
28.4986
28.4959
28.4922
28.4877
28.4825
28.4765
28.4697
28.4621
28.4538
28.4448
28.4353
28.4254
28.4151
28.4046
28.3937
28.3827
28.3714
28.3601
28.3486
28.3371
28.3256
28.3141
28.3027
28.2914
28.2803
28.2695
28.2591
28.2491
28.2395
28.2306
28.2223
28.2146
28.2077
28.2017
28.1965
28.1923
28.1891
28.187
28.1859
28.5017
28.5004
28.4974
28.4936
28.4889
28.4837
28.4777
28.4708
28.4631
28.4545
28.4454
28.4358
28.4258
28.4155
28.4048
28.3939
28.3828
28.3715
28.3601
28.3486
28.3371
28.3255
28.3139
28.3023
28.2909
28.2797
28.2687
28.258
28.2477
28.238
28.2287
28.2201
28.2122
28.2051
28.1988
28.1935
28.1891
28.1858
28.1836
28.1825
28.5041
28.5028
28.4993
28.4952
28.4904
28.4851
28.4792
28.4722
28.4643
28.4555
28.4462
28.4365
28.4263
28.4158
28.4051
28.3941
28.3829
28.3716
28.3602
28.3486
28.337
28.3253
28.3136
28.3019
28.2903
28.2789
28.2676
28.2566
28.2461
28.2359
28.2263
28.2174
28.2092
28.2017
28.1952
28.1896
28.185
28.1816
28.1793
28.1781
28.5071
28.5062
28.5015
28.497
28.492
28.4869
28.481
28.474
28.4657
28.4567
28.4471
28.4372
28.4269
28.4163
28.4054
28.3943
28.3831
28.3717
28.3602
28.3486
28.3369
28.3251
28.3133
28.3015
28.2896
28.2779
28.2663
28.255
28.244
28.2335
28.2234
28.2141
28.2054
28.1976
28.1907
28.1848
28.1801
28.1764
28.1739
28.1727
28.5108
28.5106
28.5039
28.4989
28.4938
28.4889
28.4831
28.4761
28.4674
28.458
28.4482
28.438
28.4275
28.4167
28.4057
28.3946
28.3833
28.3718
28.3603
28.3486
28.3368
28.3249
28.313
28.3009
28.2888
28.2768
28.2648
28.2531
28.2416
28.2306
28.22
28.2101
28.201
28.1927
28.1854
28.1792
28.1741
28.1702
28.1675
28.1661
28.5137
28.515
28.5062
28.5007
28.4955
28.4911
28.4857
28.4787
28.4694
28.4594
28.4493
28.4389
28.4281
28.4172
28.4061
28.3948
28.3834
28.3719
28.3603
28.3486
28.3367
28.3247
28.3126
28.3003
28.2879
28.2755
28.2631
28.2509
28.2389
28.2272
28.2161
28.2055
28.1958
28.187
28.1792
28.1725
28.167
28.1628
28.1599
28.1584
28.5136
28.5227
28.508
28.5023
28.4971
28.4934
28.4887
28.4819
28.4714
28.4608
28.4505
28.4398
28.4288
28.4177
28.4064
28.395
28.3835
28.3719
28.3603
28.3486
28.3367
28.3246
28.3122
28.2997
28.287
28.2742
28.2613
28.2484
28.2358
28.2234
28.2116
28.2003
28.1899
28.1804
28.1719
28.1647
28.1588
28.1542
28.1511
28.1495
1265.89
1266.68
1268.39
1268.55
1267.14
1264.99
1262.5
1259.65
1256.3
1252.35
1247.81
1242.71
1237.15
1231.21
1224.98
1218.54
1211.97
1205.34
1198.75
1192.3
1186.09
1180.26
1174.94
1170.28
1166.46
1163.64
1162
1161.69
1162.89
1165.7
1170.21
1176.44
1184.31
1193.67
1204.25
1215.65
1227.4
1238.93
1249.62
1258.8
1265.68
1268.75
1265.89
1245.19
1200.64
957.254
1259.97
1260.69
1262.21
1262.29
1260.93
1258.95
1256.64
1253.9
1250.58
1246.59
1241.94
1236.7
1230.95
1224.79
1218.3
1211.55
1204.64
1197.62
1190.6
1183.66
1176.91
1170.49
1164.51
1159.15
1154.56
1150.91
1148.38
1147.16
1147.39
1149.22
1152.74
1157.98
1164.92
1173.39
1183.15
1193.8
1204.85
1215.65
1225.43
1233.18
1237.57
1235.78
1224.61
1187.05
1121.14
933.818
1253.78
1254.43
1255.74
1255.7
1254.4
1252.55
1250.36
1247.68
1244.33
1240.25
1235.46
1230.04
1224.07
1217.66
1210.88
1203.8
1196.5
1189.04
1181.53
1174.04
1166.68
1159.57
1152.85
1146.67
1141.2
1136.6
1133.07
1130.78
1129.92
1130.63
1133.05
1137.24
1143.18
1150.78
1159.76
1169.75
1180.22
1190.44
1199.52
1206.14
1208.67
1203.75
1188.34
1149.95
1087.33
983.121
1247.35
1247.93
1249
1248.83
1247.54
1245.79
1243.66
1240.97
1237.54
1233.32
1228.35
1222.72
1216.51
1209.82
1202.71
1195.25
1187.52
1179.57
1171.5
1163.38
1155.33
1147.45
1139.88
1132.77
1126.28
1120.59
1115.9
1112.39
1110.27
1109.72
1110.89
1113.9
1118.77
1125.46
1133.72
1143.19
1153.3
1163.28
1172.09
1178.28
1180.06
1174.38
1158.5
1126.02
1071.21
997.061
1240.69
1241.21
1242
1241.66
1240.37
1238.65
1236.52
1233.76
1230.19
1225.79
1220.62
1214.74
1208.26
1201.25
1193.78
1185.9
1177.67
1169.18
1160.47
1151.65
1142.81
1134.06
1125.51
1117.31
1109.65
1102.69
1096.63
1091.67
1088.05
1086.02
1085.77
1087.49
1091.29
1097.09
1104.67
1113.72
1123.71
1133.85
1142.99
1149.63
1151.92
1147.27
1133.02
1105.8
1059.31
996.282
1233.82
1234.27
1234.74
1234.21
1232.87
1231.14
1228.95
1226.05
1222.29
1217.67
1212.25
1206.11
1199.32
1191.96
1184.06
1175.71
1166.94
1157.81
1148.39
1138.77
1129.03
1119.26
1109.56
1100.09
1091.02
1082.54
1074.83
1068.11
1062.69
1058.87
1056.9
1057.09
1059.77
1064.99
1072.31
1081.23
1091.54
1102.5
1112.76
1120.79
1124.64
1121.98
1110.6
1088.46
1051.7
1001.78
1226.75
1227.11
1227.23
1226.44
1225.04
1223.25
1220.93
1217.83
1213.84
1208.95
1203.25
1196.8
1189.68
1181.91
1173.55
1164.65
1155.25
1145.42
1135.18
1124.63
1113.85
1102.91
1091.87
1080.94
1070.35
1060.28
1050.86
1042.37
1035.2
1029.58
1025.69
1023.87
1024.53
1028.23
1035.01
1043.82
1054.81
1067.08
1079.4
1090.5
1097.75
1098.54
1091.45
1075.4
1048.54
1012.02
1219.47
1219.7
1219.43
1218.37
1216.85
1214.97
1212.47
1209.11
1204.82
1199.64
1193.62
1186.83
1179.32
1171.09
1162.19
1152.67
1142.58
1131.94
1120.77
1109.23
1097.42
1085.37
1073.04
1060.91
1049.29
1038.23
1027.6
1017.92
1009.54
1002.39
996.495
992.574
991.858
994.606
998.586
1006.91
1019.4
1032.9
1046.55
1060.31
1070.73
1075.5
1074.14
1065.46
1048.12
1023.05
1211.87
1211.91
1211.28
1209.99
1208.31
1206.29
1203.55
1199.87
1195.23
1189.7
1183.33
1176.17
1168.23
1159.51
1150
1139.84
1129.09
1117.73
1105.7
1093.4
1081.03
1068.42
1055.08
1042.01
1029.47
1017.13
1004.04
990.994
971.146
938.827
896.061
852.565
821.704
813.56
829.248
876.864
971.188
989.861
1011.18
1033.91
1047.97
1055.61
1059.35
1057.47
1048.71
1033.79
1203.88
1203.43
1202.46
1201.2
1199.4
1197.22
1194.16
1190.09
1185.06
1179.15
1172.45
1164.96
1156.67
1147.5
1137.42
1126.79
1115.67
1103.91
1090.99
1078.01
1065.08
1051.76
1035.89
1013.4
963.826
878.427
750.052
589.087
429.779
300.82
207.538
146.493
117.965
109.215
121.443
155.516
223.876
362.261
608.404
965.48
1022.16
1038.06
1049.9
1053.95
1052.21
1045.67
1196.11
1194.16
1193.06
1192.43
1190.54
1188.12
1184.58
1180
1174.57
1168.37
1161.41
1153.7
1145.18
1135.68
1124.83
1113.54
1101.78
1089.31
1073.82
1044.05
980.474
873.804
705.285
494.218
298.963
149.926
12.2713
-0.983946
-1.02037
-1.09239
-1.17162
-1.2137
-1.22048
-1.13431
-1.04694
-1.05005
-0.924447
-0.0604533
17.4651
123.409
345.89
692.58
1036.69
1049.97
1058.33
1059.86
1190.92
1186.16
1184.57
1184.71
1182.17
1179.17
1174.85
1169.56
1163.66
1156.97
1149.49
1141.19
1132.06
1121.31
1097.28
1049.05
966.053
844.483
665.394
452.172
261.862
107.743
-0.968333
-1.07086
-1.24736
-1.36837
-1.33739
-1.31194
-1.31517
-1.33782
-1.3718
-1.40452
-1.43144
-1.46132
-1.54333
-1.66796
-1.75082
-1.67281
-1.52951
-1.22646
0.110541
31.1107
194.727
486.991
891.024
1074.69
1191.94
1182.74
1168.73
1173.32
1170.91
1166.18
1155.9
1138.66
1111.78
1070.54
1011.59
930.695
824.751
687.653
504.051
334.468
189.436
69.8217
-1.112
-1.17717
-1.23182
-1.24387
-1.20514
-1.24573
-1.31802
-1.39856
-1.44
-1.45193
-1.46226
-1.49327
-1.53471
-1.57524
-1.61684
-1.66707
-1.74025
-1.83835
-1.9464
-2.03297
-2.07788
-2.0277
-1.6795
-1.19094
-0.189525
4.9439
80.626
271.005
1204.51
914.69
640.421
741.449
743.202
686.963
590.792
493.756
397.088
300.029
208.918
126.482
54.4302
-1.33525
-1.31163
-1.3838
-1.40977
-1.36979
-1.3045
-1.28624
-1.27495
-1.27583
-1.28098
-1.3074
-1.36927
-1.45446
-1.52939
-1.58338
-1.61655
-1.65958
-1.70765
-1.74819
-1.78853
-1.83542
-1.90062
-1.99076
-2.10612
-2.20733
-2.2363
-2.18057
-2.01019
-1.76475
-1.25952
-0.826916
-2.00575
-2.02898
1026.63
163.656
-1.25296
26.8836
20.8846
0.403325
-1.47613
-1.52848
-1.57141
-1.5929
-1.60317
-1.60274
-1.58223
-1.50593
-1.45973
-1.44225
-1.43326
-1.40932
-1.3725
-1.33968
-1.31992
-1.32018
-1.34092
-1.38655
-1.4631
-1.56057
-1.61542
-1.64089
-1.73884
-1.85422
-1.89787
-1.93205
-1.96534
-2.00265
-2.0508
-2.11715
-2.20808
-2.30383
-2.34885
-2.27804
-1.94308
-1.44984
0.643078
-0.869012
-2.89966
-3.19532
121.812
-1.62214
-1.62815
-1.63819
-1.63702
-1.61083
-1.58629
-1.57989
-1.5905
-1.60106
-1.60617
-1.60254
-1.58533
-1.54803
-1.51305
-1.4899
-1.47435
-1.45484
-1.43049
-1.40602
-1.38856
-1.39041
-1.41838
-1.47707
-1.56471
-1.58154
-1.51909
-1.72331
-1.97268
-2.04127
-2.08387
-2.11998
-2.15109
-2.17771
-2.20273
-2.23352
-2.29007
-2.39674
-2.50125
-1.93704
-0.100288
0.167514
-0.0813857
-1.95841
-3.26209
-3.45286
-1.71337
-1.72018
-1.66448
-1.64706
-1.64405
-1.63307
-1.61969
-1.61361
-1.61627
-1.62066
-1.62223
-1.61802
-1.60527
-1.58369
-1.56148
-1.5435
-1.52904
-1.5138
-1.49686
-1.47907
-1.46515
-1.4699
-1.43775
-1.42696
-1.21145
-1.14071
-1.60892
-2.00028
-2.10251
-2.17207
-2.22884
-2.28047
-2.32518
-2.35699
-2.37385
-2.38464
-2.42536
-2.56222
-2.59115
-0.379351
-0.322385
-0.690768
-2.45438
-3.22762
-3.38302
-3.52731
-1.71663
-1.69588
-1.67781
-1.66812
-1.66444
-1.65819
-1.65069
-1.64648
-1.64637
-1.64755
-1.64728
-1.64365
-1.63533
-1.62278
-1.60932
-1.59745
-1.58725
-1.57739
-1.56787
-1.55719
-1.5453
-1.43432
-1.1379
-0.814727
-0.854676
-0.980809
-1.40588
-1.84613
-2.12462
-2.21468
-2.24566
-2.30179
-2.41255
-2.51179
-2.55874
-2.57503
-2.61593
-2.75378
-2.92131
-0.958211
-0.54811
-2.09335
-3.21132
-3.3315
-3.44043
-3.56237
-1.73392
-1.72566
-1.70712
-1.69655
-1.69047
-1.68535
-1.68049
-1.67744
-1.67668
-1.67691
-1.67656
-1.67447
-1.67007
-1.66379
-1.6572
-1.6517
-1.64754
-1.64501
-1.64453
-1.64368
-1.4242
-1.27078
-1.07737
-0.834732
-0.940501
-1.05301
-1.15763
-1.25085
-1.44241
-1.49226
-1.35915
-1.18268
-1.48717
-2.19033
-2.73677
-2.77501
-2.8147
-2.90993
-3.07174
-2.88838
-2.45433
-2.63528
-3.22374
-3.38855
-3.48425
-3.59235
-1.75735
-1.74984
-1.73241
-1.72412
-1.71835
-1.71392
-1.71052
-1.70854
-1.70815
-1.70869
-1.70927
-1.70921
-1.70834
-1.70703
-1.7062
-1.70674
-1.70911
-1.71459
-1.72365
-1.7239
-1.35215
-1.3795
-1.81084
-1.0308
-1.01332
-1.12373
-1.25101
-1.51607
-1.4111
-1.19611
-1.12994
-1.20668
-1.31484
-1.41334
-1.89818
-2.94002
-2.99833
-3.03451
-3.11096
-3.21112
-3.25669
-3.24327
-3.26804
-3.39716
-3.50975
-3.61494
-1.78137
-1.77391
-1.7597
-1.75243
-1.74738
-1.74373
-1.74148
-1.74062
-1.74108
-1.74255
-1.74452
-1.74665
-1.74894
-1.75173
-1.75573
-1.76161
-1.77012
-1.78279
-1.8005
-1.81739
-1.72751
-1.75943
-1.9268
-1.91052
-1.26099
-1.55403
-2.25737
-2.43008
-2.51046
-2.60198
-2.43452
-1.64997
-1.45724
-1.59818
-1.69979
-1.7463
-2.9143
-3.14334
-3.13865
-3.16715
-3.20844
-3.26148
-3.33104
-3.4198
-3.52148
-3.62934
-1.80568
-1.79908
-1.78767
-1.78139
-1.77725
-1.77455
-1.77339
-1.77367
-1.77524
-1.77793
-1.78149
-1.78579
-1.7909
-1.79717
-1.80519
-1.81561
-1.82932
-1.84758
-1.87181
-1.90396
-1.95046
-2.00458
-2.06055
-2.14108
-2.23305
-2.31656
-2.39095
-2.46825
-2.55514
-2.65544
-2.77531
-2.92297
-2.19893
-1.68304
-1.82355
-1.85665
-1.84477
-2.94256
-3.15809
-3.1442
-3.16169
-3.22009
-3.30918
-3.4118
-3.52284
-3.63561
-1.82928
-1.82371
-1.8156
-1.81072
-1.80772
-1.80615
-1.80614
-1.8076
-1.81039
-1.81445
-1.81967
-1.82603
-1.83366
-1.84288
-1.85423
-1.86835
-1.8861
-1.90848
-1.93674
-1.972
-2.01691
-2.0696
-2.12885
-2.19748
-2.27447
-2.34928
-2.42225
-2.49865
-2.57502
-2.66749
-2.79234
-2.9373
-3.10287
-2.47706
-1.7952
-1.8793
-1.81132
-2.16574
-3.11844
-3.10272
-3.09417
-3.13212
-3.25063
-3.3907
-3.51645
-3.6357
-1.85259
-1.84834
-1.84361
-1.84043
-1.83871
-1.83839
-1.83959
-1.84226
-1.84635
-1.85181
-1.85866
-1.86693
-1.87679
-1.88853
-1.90262
-1.91966
-1.94043
-1.96575
-1.99646
-2.03333
-2.07743
-2.12834
-2.18465
-2.24688
-2.31451
-2.38338
-2.45295
-2.52301
-2.57964
-2.66883
-2.76952
-2.90959
-3.04698
-3.18648
-2.91391
-2.38138
-2.33778
-2.71271
-3.00898
-2.94809
-2.80888
-2.86399
-3.03264
-3.35431
-3.50838
-3.63356
-1.87642
-1.87368
-1.87194
-1.87055
-1.87019
-1.87118
-1.87362
-1.87753
-1.8829
-1.88977
-1.89817
-1.9082
-1.92002
-1.93391
-1.95026
-1.9696
-1.99259
-2.01991
-2.0521
-2.08963
-2.1329
-2.18179
-2.23525
-2.29296
-2.35444
-2.41757
-2.48277
-2.54928
-2.6045
-2.6734
-2.76536
-2.87033
-2.97059
-3.06757
-3.14749
-3.03311
-2.92426
-2.83043
-2.74445
-2.71675
-2.75355
-2.84054
-2.95877
-3.32322
-3.50552
-3.63398
-1.90146
-1.90026
-1.90093
-1.90119
-1.90219
-1.90447
-1.90814
-1.91327
-1.91991
-1.92812
-1.93798
-1.94961
-1.96316
-1.97888
-1.99712
-2.01829
-2.04294
-2.07159
-2.10465
-2.14231
-2.18469
-2.23166
-2.28247
-2.33657
-2.39347
-2.45186
-2.51204
-2.57435
-2.63883
-2.70382
-2.77441
-2.84372
-2.9113
-2.97165
-3.00387
-2.9486
-2.77646
-2.6848
-2.66103
-2.67534
-2.78462
-3.02433
-3.21864
-3.37152
-3.51105
-3.63988
-1.92815
-1.92835
-1.93076
-1.93244
-1.93471
-1.93822
-1.94308
-1.94939
-1.95723
-1.96671
-1.97791
-1.99097
-2.00605
-2.02336
-2.04318
-2.06584
-2.09176
-2.12133
-2.15483
-2.19236
-2.23386
-2.27913
-2.3276
-2.37867
-2.43187
-2.48641
-2.54223
-2.59871
-2.65608
-2.71381
-2.77082
-2.82553
-2.87521
-2.91571
-2.94261
-2.95333
-2.95128
-2.93916
-2.9211
-2.95425
-3.04298
-3.15625
-3.27388
-3.39803
-3.52585
-3.65332
-1.95662
-1.95796
-1.96153
-1.96436
-1.96776
-1.97239
-1.97836
-1.98578
-1.99475
-2.0054
-2.01783
-2.03218
-2.0486
-2.06727
-2.08842
-2.11231
-2.13924
-2.16947
-2.2032
-2.24044
-2.28109
-2.32486
-2.37129
-2.4198
-2.46992
-2.52111
-2.57282
-2.62463
-2.67621
-2.72682
-2.77527
-2.82006
-2.85926
-2.89055
-2.91243
-2.92553
-2.93418
-2.94676
-2.97316
-3.02212
-3.0966
-3.19316
-3.30498
-3.42597
-3.55113
-3.67669
-1.98678
-1.98896
-1.99321
-1.99694
-2.00132
-2.00694
-2.01391
-2.02235
-2.03236
-2.04409
-2.05763
-2.07314
-2.09073
-2.11058
-2.13286
-2.15776
-2.18549
-2.21623
-2.25006
-2.28698
-2.32682
-2.36931
-2.414
-2.4604
-2.50801
-2.55631
-2.60477
-2.65287
-2.70008
-2.74567
-2.78861
-2.82774
-2.86189
-2.89011
-2.91239
-2.9306
-2.94896
-2.97379
-3.01191
-3.06861
-3.14561
-3.24059
-3.34903
-3.46627
-3.58825
-3.71141
-2.01839
-2.02112
-2.02573
-2.03014
-2.03533
-2.04179
-2.04966
-2.05901
-2.06998
-2.08269
-2.09725
-2.11378
-2.13241
-2.15328
-2.17651
-2.20226
-2.23065
-2.26178
-2.29568
-2.3323
-2.37146
-2.41288
-2.45619
-2.50091
-2.54656
-2.59263
-2.63861
-2.68398
-2.72818
-2.7706
-2.81047
-2.84704
-2.87978
-2.90856
-2.93418
-2.95875
-2.98587
-3.02024
-3.06654
-3.12825
-3.20645
-3.29967
-3.40484
-3.51846
-3.63716
-3.75763
-2.05116
-2.05419
-2.05894
-2.06384
-2.06969
-2.07688
-2.08552
-2.0957
-2.10754
-2.12114
-2.13662
-2.15408
-2.17363
-2.19538
-2.21944
-2.24591
-2.27486
-2.30634
-2.34031
-2.37669
-2.41532
-2.45597
-2.49826
-2.54176
-2.586
-2.63051
-2.67481
-2.71843
-2.76088
-2.80167
-2.84031
-2.87639
-2.90983
-2.941
-2.97102
-3.0019
-3.03662
-3.07864
-3.13129
-3.19692
-3.27628
-3.36842
-3.4712
-3.58207
-3.69821
-3.81611
-2.08476
-2.0879
-2.09268
-2.09793
-2.10429
-2.1121
-2.12142
-2.13234
-2.14496
-2.15938
-2.1757
-2.194
-2.21438
-2.23693
-2.26173
-2.28884
-2.3183
-2.35012
-2.38422
-2.42049
-2.45882
-2.49901
-2.54068
-2.58341
-2.62679
-2.67039
-2.7138
-2.75659
-2.79837
-2.83881
-2.87763
-2.91472
-2.95026
-2.98487
-3.01974
-3.0567
-3.09811
-3.1466
-3.20457
-3.27367
-3.35444
-3.44623
-3.54757
-3.65666
-3.7713
-3.8876
-2.11889
-2.12202
-2.12675
-2.13225
-2.13905
-2.14737
-2.15729
-2.16888
-2.18221
-2.19738
-2.21447
-2.23356
-2.25471
-2.278
-2.30349
-2.33122
-2.3612
-2.39341
-2.42776
-2.46413
-2.50248
-2.54256
-2.584
-2.62642
-2.66947
-2.71277
-2.75598
-2.79875
-2.84078
-2.88187
-2.92191
-2.96099
-2.99946
-3.03805
-3.0779
-3.12059
-3.16803
-3.22224
-3.28497
-3.35744
-3.44004
-3.53231
-3.6331
-3.74094
-3.85493
-3.97182
-2.15327
-2.15632
-2.161
-2.1667
-2.17385
-2.18262
-2.19308
-2.20527
-2.21926
-2.23514
-2.25296
-2.2728
-2.2947
-2.31872
-2.3449
-2.37328
-2.40384
-2.43655
-2.47133
-2.50809
-2.54673
-2.587
-2.62858
-2.67112
-2.71431
-2.75787
-2.8015
-2.84493
-2.88796
-2.93047
-2.97251
-3.01427
-3.05621
-3.09907
-3.14389
-3.19204
-3.24506
-3.30452
-3.37178
-3.44773
-3.5327
-3.62637
-3.72782
-3.83569
-3.94876
-4.06665
-2.18767
-2.19061
-2.19525
-2.20112
-2.20857
-2.21775
-2.2287
-2.24145
-2.25606
-2.27261
-2.29114
-2.3117
-2.33436
-2.35913
-2.38605
-2.41514
-2.44638
-2.47973
-2.51512
-2.55245
-2.59158
-2.6323
-2.67433
-2.71738
-2.76118
-2.80548
-2.85006
-2.89473
-2.93936
-2.98393
-3.02855
-3.07351
-3.11929
-3.16662
-3.21644
-3.26992
-3.32831
-3.39287
-3.46466
-3.54442
-3.63241
-3.72845
-3.83191
-3.94173
-4.05672
-4.17642
-2.22188
-2.22472
-2.22932
-2.23535
-2.24307
-2.25262
-2.26401
-2.27729
-2.2925
-2.30969
-2.32891
-2.35021
-2.37361
-2.39916
-2.42687
-2.45674
-2.48875
-2.52286
-2.55899
-2.59705
-2.63688
-2.6783
-2.72107
-2.76497
-2.80976
-2.85524
-2.90124
-2.94763
-2.99436
-3.04147
-3.08915
-3.13772
-3.18768
-3.23971
-3.29467
-3.35355
-3.41741
-3.48727
-3.56401
-3.64823
-3.74019
-3.83981
-3.94669
-4.06007
-4.17904
-4.30273
-2.25573
-2.25848
-2.26307
-2.26924
-2.27721
-2.2871
-2.29892
-2.3127
-2.32847
-2.34629
-2.36619
-2.38821
-2.41239
-2.43874
-2.46728
-2.49799
-2.53085
-2.56583
-2.60284
-2.64178
-2.68252
-2.72489
-2.7687
-2.81375
-2.85987
-2.9069
-2.9547
-3.00323
-3.05249
-3.10258
-3.15372
-3.20627
-3.26073
-3.31775
-3.3781
-3.44265
-3.51231
-3.58795
-3.6703
-3.75989
-3.85699
-3.96159
-4.07342
-4.19198
-4.31663
-4.44655
-2.28905
-2.29172
-2.29632
-2.30264
-2.31085
-2.32107
-2.3333
-2.34756
-2.36389
-2.38233
-2.40291
-2.42567
-2.45064
-2.47783
-2.50724
-2.53886
-2.57267
-2.60861
-2.64662
-2.6866
-2.72844
-2.77198
-2.81708
-2.86358
-2.91133
-2.96022
-3.01019
-3.06121
-3.11337
-3.16681
-3.22179
-3.27869
-3.33801
-3.40037
-3.46647
-3.53709
-3.61303
-3.69505
-3.78381
-3.8798
-3.98331
-4.09441
-4.21295
-4.33861
-4.47102
-4.6096
-2.32167
-2.3243
-2.32892
-2.33539
-2.34385
-2.35439
-2.36702
-2.38176
-2.39865
-2.41772
-2.439
-2.46252
-2.48831
-2.51637
-2.54671
-2.57931
-2.61414
-2.65116
-2.69029
-2.73146
-2.77456
-2.81947
-2.86608
-2.91425
-2.96389
-3.01494
-3.06737
-3.12124
-3.17664
-3.23379
-3.29299
-3.35462
-3.41919
-3.48729
-3.55959
-3.63678
-3.71959
-3.8087
-3.90474
-4.00819
-4.11941
-4.23856
-4.36568
-4.50062
-4.64327
-4.79331
-2.35344
-2.35606
-2.36072
-2.36736
-2.37606
-2.38693
-2.39997
-2.41521
-2.43266
-2.45237
-2.47437
-2.49868
-2.52532
-2.55429
-2.58561
-2.61926
-2.65519
-2.69338
-2.73375
-2.77623
-2.82074
-2.86719
-2.91548
-2.96555
-3.01732
-3.07078
-3.12596
-3.18296
-3.24195
-3.30317
-3.36696
-3.43373
-3.50398
-3.57828
-3.65727
-3.74158
-3.83189
-3.92884
-4.03304
-4.14501
-4.26522
-4.39399
-4.53154
-4.67803
-4.83362
-4.99826
-2.38422
-2.38685
-2.39158
-2.3984
-2.40736
-2.41857
-2.43203
-2.44777
-2.46581
-2.48618
-2.50892
-2.53404
-2.56156
-2.5915
-2.62385
-2.6586
-2.69571
-2.73514
-2.77684
-2.82074
-2.86679
-2.91492
-2.96508
-3.01721
-3.07132
-3.12743
-3.18564
-3.24608
-3.30898
-3.37462
-3.44339
-3.5157
-3.59208
-3.67305
-3.75923
-3.85122
-3.94966
-4.05516
-4.16835
-4.28984
-4.42023
-4.56005
-4.70981
-4.86996
-5.04098
-5.22305
-2.41387
-2.41655
-2.42136
-2.42837
-2.4376
-2.44917
-2.46307
-2.47932
-2.49796
-2.51902
-2.54251
-2.56847
-2.59692
-2.62785
-2.66127
-2.69716
-2.7355
-2.77625
-2.81936
-2.86478
-2.91249
-2.96243
-3.01459
-3.06897
-3.12562
-3.18461
-3.24609
-3.31026
-3.37739
-3.44782
-3.52193
-3.60019
-3.6831
-3.7712
-3.86504
-3.96522
-4.07232
-4.187
-4.30993
-4.44182
-4.58345
-4.73562
-4.89911
-5.0747
-5.26305
-5.46432
-2.44225
-2.445
-2.4499
-2.45712
-2.46664
-2.47857
-2.49292
-2.50971
-2.52896
-2.55072
-2.575
-2.60182
-2.63121
-2.66316
-2.69769
-2.73476
-2.77437
-2.81648
-2.86107
-2.90809
-2.95754
-3.00941
-3.06372
-3.12052
-3.1799
-3.24199
-3.307
-3.37519
-3.44685
-3.52238
-3.60219
-3.68675
-3.77656
-3.87214
-3.97403
-4.08279
-4.19902
-4.32341
-4.4567
-4.59976
-4.75359
-4.91923
-5.09776
-5.29018
-5.49716
-5.71855
-2.4692
-2.47204
-2.47705
-2.48448
-2.4943
-2.50661
-2.52142
-2.53875
-2.55863
-2.5811
-2.60617
-2.63388
-2.66422
-2.69722
-2.73287
-2.77116
-2.81207
-2.85558
-2.90169
-2.95038
-3.00167
-3.05557
-3.11216
-3.17153
-3.23383
-3.29925
-3.36803
-3.44049
-3.51697
-3.59788
-3.68367
-3.7748
-3.87177
-3.97509
-4.08528
-4.20291
-4.3286
-4.4631
-4.60729
-4.76223
-4.92912
-5.10929
-5.30407
-5.51458
-5.74133
-5.9838
-2.49455
-2.4975
-2.50262
-2.51028
-2.5204
-2.53309
-2.54837
-2.56625
-2.58677
-2.60995
-2.63583
-2.66442
-2.69573
-2.72978
-2.76657
-2.80608
-2.84831
-2.89326
-2.94093
-2.99134
-3.04454
-3.10058
-3.15957
-3.22167
-3.28707
-3.35601
-3.42879
-3.50574
-3.58726
-3.67378
-3.76573
-3.8636
-3.96788
-4.07906
-4.19768
-4.32433
-4.4597
-4.60465
-4.76021
-4.92766
-5.10845
-5.30422
-5.5165
-5.74653
-5.99466
-6.26028
-2.5181
-2.52118
-2.52641
-2.53431
-2.54473
-2.55781
-2.57355
-2.59198
-2.61314
-2.63704
-2.66372
-2.69319
-2.72548
-2.76058
-2.79849
-2.83923
-2.8828
-2.9292
-2.97847
-3.03065
-3.08582
-3.14409
-3.20561
-3.27058
-3.33924
-3.41188
-3.48884
-3.57047
-3.65718
-3.74942
-3.84763
-3.95229
-4.06388
-4.18291
-4.30996
-4.44568
-4.59087
-4.74652
-4.91387
-5.09444
-5.28996
-5.50236
-5.73347
-5.98476
-6.25672
-6.54945
-2.53966
-2.54287
-2.54822
-2.55634
-2.56707
-2.58053
-2.59674
-2.61572
-2.63751
-2.66212
-2.68959
-2.71994
-2.75318
-2.78931
-2.82835
-2.87031
-2.91521
-2.96307
-3.01396
-3.06795
-3.12516
-3.18574
-3.2499
-3.31786
-3.38993
-3.46641
-3.54766
-3.63408
-3.72606
-3.82405
-3.92849
-4.03986
-4.15865
-4.28543
-4.42082
-4.56559
-4.72067
-4.88722
-5.06672
-5.2609
-5.47182
-5.70175
-5.95289
-6.22727
-6.52611
-6.85163
-2.559
-2.56235
-2.56781
-2.57617
-2.58719
-2.60104
-2.61771
-2.63722
-2.65963
-2.68494
-2.71318
-2.74438
-2.77855
-2.81569
-2.85584
-2.899
-2.94521
-2.99454
-3.04706
-3.10289
-3.16219
-3.22516
-3.29203
-3.36309
-3.43866
-3.51906
-3.60469
-3.69591
-3.79314
-3.8968
-4.00734
-4.12525
-4.25107
-4.38541
-4.529
-4.68274
-4.84773
-5.0253
-5.21715
-5.42523
-5.65192
-5.89989
-6.17182
-6.47079
-6.79942
-7.16386
-2.5759
-2.5794
-2.58497
-2.59355
-2.60487
-2.61908
-2.6362
-2.65624
-2.67923
-2.70522
-2.7342
-2.76622
-2.80128
-2.83941
-2.88062
-2.92495
-2.97246
-3.02324
-3.07739
-3.13508
-3.19651
-3.26191
-3.33156
-3.40577
-3.48488
-3.56924
-3.65922
-3.75519
-3.85755
-3.96672
-4.08316
-4.20739
-4.34
-4.48169
-4.63333
-4.79594
-4.97077
-5.15932
-5.36344
-5.58527
-5.82757
-6.09341
-6.3863
-6.71069
-7.0715
-7.48061
-2.59015
-2.59379
-2.59946
-2.60826
-2.61986
-2.63443
-2.65197
-2.6725
-2.69607
-2.72268
-2.75237
-2.78516
-2.82107
-2.86012
-2.90235
-2.94781
-2.99659
-3.04879
-3.10457
-3.16412
-3.22768
-3.29552
-3.36797
-3.44534
-3.52799
-3.61625
-3.7105
-3.81108
-3.9184
-4.03286
-4.15495
-4.28524
-4.42441
-4.57327
-4.73279
-4.9041
-5.08855
-5.28772
-5.50354
-5.73828
-5.9951
-6.27757
-6.59051
-6.94016
-7.33522
-7.79466
-2.60151
-2.60529
-2.61106
-2.62006
-2.63193
-2.64683
-2.66476
-2.68576
-2.70985
-2.73705
-2.76739
-2.80089
-2.83758
-2.8775
-2.92069
-2.96722
-3.0172
-3.07079
-3.12815
-3.18953
-3.25521
-3.32548
-3.40069
-3.48117
-3.56727
-3.65933
-3.75768
-3.86268
-3.97471
-4.09421
-4.22171
-4.35784
-4.50338
-4.65924
-4.82646
-5.00623
-5.19988
-5.40893
-5.63524
-5.8811
-6.14993
-6.4458
-6.77526
-7.14685
-7.57555
-8.08831
-2.60976
-2.61367
-2.61954
-2.62872
-2.64083
-2.65603
-2.67432
-2.69573
-2.72029
-2.74802
-2.77894
-2.81308
-2.85048
-2.89118
-2.93525
-2.98277
-3.0339
-3.08879
-3.14768
-3.21084
-3.27856
-3.3512
-3.42908
-3.51255
-3.60196
-3.69762
-3.79986
-3.90903
-4.02552
-4.14981
-4.2825
-4.4243
-4.57607
-4.7388
-4.91356
-5.10147
-5.30373
-5.52162
-5.75668
-6.01096
-6.28778
-6.59123
-6.92905
-7.31161
-7.76088
-8.31083
-2.61467
-2.6187
-2.62464
-2.63399
-2.64631
-2.66177
-2.68038
-2.70215
-2.72711
-2.75529
-2.78671
-2.82141
-2.85942
-2.90081
-2.94565
-2.99408
-3.04624
-3.10235
-3.16267
-3.2275
-3.29717
-3.37203
-3.45243
-3.53872
-3.63121
-3.73023
-3.83609
-3.94915
-4.06984
-4.1987
-4.3364
-4.48376
-4.6417
-4.81124
-4.99341
-5.18917
-5.39944
-5.6251
-5.86716
-6.12707
-6.40742
-6.71122
-7.04577
-7.4199
-7.85697
-8.38758
-2.61601
-2.62015
-2.62616
-2.63563
-2.64813
-2.66381
-2.68267
-2.70473
-2.73002
-2.75856
-2.79039
-2.82554
-2.86406
-2.90602
-2.95152
-3.00072
-3.05379
-3.11099
-3.17261
-3.23896
-3.3104
-3.3873
-3.47
-3.55885
-3.65415
-3.75622
-3.86539
-3.98204
-4.10668
-4.2399
-4.3825
-4.53535
-4.69945
-4.87581
-5.06535
-5.2688
-5.48675
-5.71956
-5.96761
-6.23149
-6.51248
-6.81149
-7.13348
-7.48107
-7.87093
-8.31282
-2.61356
-2.61779
-2.62384
-2.63341
-2.64605
-2.66189
-2.68093
-2.70321
-2.72874
-2.75755
-2.78968
-2.82516
-2.86405
-2.90645
-2.95247
-3.00229
-3.05612
-3.11424
-3.17696
-3.24463
-3.31762
-3.3963
-3.48101
-3.57209
-3.66986
-3.77462
-3.88675
-4.00669
-4.135
-4.27242
-4.41979
-4.57813
-4.74843
-4.93169
-5.12869
-5.33995
-5.5657
-5.80589
-6.06025
-6.32852
-6.61044
-6.90463
-7.21274
-7.52924
-7.86259
-8.19315
-2.60711
-2.61139
-2.61747
-2.6271
-2.63983
-2.65577
-2.67493
-2.69734
-2.72301
-2.75198
-2.78428
-2.81995
-2.85908
-2.90176
-2.94813
-2.99839
-3.05279
-3.11162
-3.17521
-3.24394
-3.31818
-3.39831
-3.48467
-3.57759
-3.6774
-3.78445
-3.89914
-4.02201
-4.15372
-4.2951
-4.44715
-4.61093
-4.78749
-4.97779
-5.18252
-5.40204
-5.63637
-5.88513
-6.14766
-6.42297
-6.70946
-7.00407
-7.30511
-7.60138
-7.89741
-8.14566
-2.59645
-2.60074
-2.60685
-2.6165
-2.62925
-2.64522
-2.66442
-2.68686
-2.71257
-2.74157
-2.77391
-2.80964
-2.84883
-2.89162
-2.93815
-2.98864
-3.04337
-3.10264
-3.16683
-3.23629
-3.31143
-3.3926
-3.48016
-3.57446
-3.67583
-3.78466
-3.90145
-4.02682
-4.16156
-4.30663
-4.46315
-4.63227
-4.8151
-5.01263
-5.22554
-5.45416
-5.69847
-5.95804
-6.23198
-6.51885
-6.81612
-7.11966
-7.42472
-7.71999
-7.99007
-8.21946
-2.5814
-2.58566
-2.59177
-2.60138
-2.61412
-2.63005
-2.64919
-2.67156
-2.69719
-2.72609
-2.75832
-2.79393
-2.83301
-2.8757
-2.92216
-2.97265
-3.02743
-3.08685
-3.15128
-3.22109
-3.29669
-3.37843
-3.46667
-3.56178
-3.66413
-3.77417
-3.89248
-4.01981
-4.15708
-4.3054
-4.46601
-4.64018
-4.82917
-5.03406
-5.25568
-5.49458
-5.75095
-6.02451
-6.31453
-6.61929
-6.93559
-7.2585
-7.58106
-7.89396
-8.16499
-8.40176
-2.56178
-2.56595
-2.57205
-2.58158
-2.59422
-2.61004
-2.62903
-2.65122
-2.67663
-2.70528
-2.73723
-2.77254
-2.81131
-2.85367
-2.89983
-2.95002
-3.00455
-3.06377
-3.12804
-3.19775
-3.2733
-3.35505
-3.44337
-3.53864
-3.64127
-3.75181
-3.87093
-3.99949
-4.13857
-4.28944
-4.45346
-4.63209
-4.82681
-5.03893
-5.26968
-5.52013
-5.79098
-6.08264
-6.3949
-6.72606
-7.07268
-7.429
-7.78609
-8.13425
-8.43384
-8.6763
-2.53744
-2.54145
-2.54753
-2.55692
-2.5694
-2.58501
-2.60374
-2.62563
-2.65068
-2.67893
-2.71043
-2.74524
-2.78346
-2.82526
-2.87083
-2.92042
-2.97434
-3.03294
-3.0966
-3.1657
-3.24063
-3.32176
-3.40945
-3.50412
-3.60624
-3.71641
-3.83542
-3.96427
-4.10415
-4.25648
-4.42281
-4.60481
-4.80428
-5.02291
-5.26259
-5.52527
-5.81272
-6.12671
-6.46812
-6.83643
-7.22923
-7.64088
-8.06076
-8.47095
-8.84122
-8.86782
-2.50823
-2.51203
-2.51805
-2.52724
-2.53949
-2.5548
-2.57317
-2.59463
-2.61918
-2.64686
-2.67771
-2.71181
-2.74926
-2.79022
-2.83489
-2.88353
-2.93645
-2.994
-3.05655
-3.12448
-3.19815
-3.27794
-3.36423
-3.45744
-3.5581
-3.66689
-3.78468
-3.91256
-4.05188
-4.20415
-4.37114
-4.55478
-4.75717
-4.98055
-5.22769
-5.50169
-5.80603
-6.14463
-6.52045
-6.9363
-7.39367
-7.89062
-8.41955
-8.96149
-9.45312
-9.58821
-2.47403
-2.47758
-2.48351
-2.49246
-2.5044
-2.51933
-2.53722
-2.55812
-2.58203
-2.60897
-2.63899
-2.67215
-2.70858
-2.74841
-2.79186
-2.83919
-2.89069
-2.94672
-3.00762
-3.07375
-3.14548
-3.22317
-3.3072
-3.39801
-3.49616
-3.60238
-3.71762
-3.84303
-3.98005
-4.13029
-4.29567
-4.47837
-4.68076
-4.90575
-5.15701
-5.43894
-5.75695
-6.11742
-6.52722
-6.99423
-7.52748
-8.1353
-8.82426
-9.59832
-10.3876
-10.8081
-2.43478
-2.43808
-2.44387
-2.45253
-2.46409
-2.47854
-2.49586
-2.51608
-2.53918
-2.56521
-2.5942
-2.62622
-2.66136
-2.69978
-2.74169
-2.78732
-2.83697
-2.89098
-2.94966
-3.01338
-3.08246
-3.15724
-3.23811
-3.3255
-3.41999
-3.52235
-3.63353
-3.75473
-3.88741
-4.03324
-4.19417
-4.37252
-4.57101
-4.79291
-5.04272
-5.32604
-5.64989
-6.02297
-6.45657
-6.96488
-7.56638
-8.28398
-9.14931
-10.2153
-11.4504
-12.3711
-2.39043
-2.39352
-2.39912
-2.40745
-2.41856
-2.43245
-2.44908
-2.46848
-2.49064
-2.51559
-2.54335
-2.574
-2.60761
-2.64433
-2.68435
-2.72791
-2.77528
-2.82676
-2.88268
-2.94333
-3.00904
-3.08012
-3.15691
-3.23985
-3.32951
-3.42662
-3.53214
-3.64725
-3.77335
-3.91211
-4.06525
-4.23534
-4.42511
-4.63814
-4.87914
-5.15429
-5.47157
-5.84143
-6.27779
-6.79964
-7.43352
-8.21615
-9.207
-10.5074
-12.1839
-13.9338
-2.34101
-2.3439
-2.34927
-2.3572
-2.3678
-2.38104
-2.39687
-2.41533
-2.4364
-2.46009
-2.48644
-2.51548
-2.54731
-2.58205
-2.61986
-2.66097
-2.70563
-2.75412
-2.80672
-2.8637
-2.92535
-2.99194
-3.06378
-3.14126
-3.22491
-3.31542
-3.41368
-3.52078
-3.63797
-3.7668
-3.90899
-4.06669
-4.24256
-4.44007
-4.66378
-4.91966
-5.21558
-5.56192
-5.97272
-6.46778
-7.07566
-7.83864
-8.82654
-10.1548
-11.9773
-14.3822
-2.28654
-2.28921
-2.29432
-2.30181
-2.31182
-2.32433
-2.33925
-2.35666
-2.37649
-2.39878
-2.42351
-2.45075
-2.48055
-2.51303
-2.54832
-2.58664
-2.62819
-2.67324
-2.72201
-2.77476
-2.8317
-2.89308
-2.95916
-3.03025
-3.10682
-3.18947
-3.27896
-3.37624
-3.4824
-3.59872
-3.72668
-3.86809
-4.02522
-4.20105
-4.39948
-4.6256
-4.88601
-5.18937
-5.54728
-5.976
-6.49893
-7.15135
-7.98631
-9.09317
-10.6372
-12.8064
-2.22722
-2.22963
-2.23445
-2.24146
-2.25079
-2.2625
-2.27643
-2.29267
-2.31115
-2.33187
-2.35484
-2.38007
-2.40763
-2.4376
-2.4701
-2.50531
-2.5434
-2.5846
-2.62911
-2.67712
-2.72882
-2.78437
-2.84398
-2.90788
-2.97643
-3.05012
-3.12955
-3.21547
-3.30875
-3.41036
-3.52144
-3.64335
-3.77781
-3.92706
-4.09402
-4.28242
-4.49696
-4.74361
-5.03016
-5.36709
-5.76889
-6.25588
-6.85359
-7.60595
-8.60928
-10.0122
-2.16338
-2.1655
-2.16998
-2.1765
-2.1851
-2.19594
-2.2088
-2.22377
-2.24078
-2.25982
-2.28087
-2.30395
-2.32909
-2.35634
-2.38582
-2.41766
-2.45201
-2.48905
-2.52894
-2.57183
-2.61784
-2.66708
-2.71967
-2.77576
-2.83558
-2.89947
-2.96785
-3.04125
-3.12028
-3.20558
-3.2979
-3.39811
-3.50732
-3.62695
-3.75882
-3.90519
-4.06876
-4.25279
-4.46131
-4.69935
-4.97339
-5.29107
-5.66009
-6.09129
-6.60181
-7.21467
-2.09522
-2.09708
-2.10113
-2.10719
-2.115
-2.12492
-2.13663
-2.15026
-2.16571
-2.18296
-2.20198
-2.22278
-2.24535
-2.26974
-2.29603
-2.32431
-2.35472
-2.38738
-2.42241
-2.45991
-2.49995
-2.54256
-2.58779
-2.63567
-2.68631
-2.73989
-2.79664
-2.85686
-2.92088
-2.98904
-3.06169
-3.13923
-3.22216
-3.31115
-3.40702
-3.51073
-3.62332
-3.74586
-3.8795
-4.0254
-4.18468
-4.35785
-4.5443
-4.74121
-4.94191
-5.13623
-2.02229
-2.02401
-2.02753
-2.03313
-2.04014
-2.04908
-2.05961
-2.07183
-2.08564
-2.10102
-2.11793
-2.13634
-2.15624
-2.17767
-2.20065
-2.22527
-2.2516
-2.27975
-2.30979
-2.34176
-2.37568
-2.41152
-2.44922
-2.48874
-2.53005
-2.57315
-2.61812
-2.66502
-2.71394
-2.76493
-2.81799
-2.8731
-2.93028
-2.98954
-3.05094
-3.11446
-3.17998
-3.24717
-3.31543
-3.38383
-3.45088
-3.51437
-3.57119
-3.6151
-3.63743
-3.62681
-1.94386
-1.94563
-1.94854
-1.95369
-1.9599
-1.96783
-1.97714
-1.98789
-2.00001
-2.01345
-2.02816
-2.04411
-2.06128
-2.07966
-2.09927
-2.12015
-2.14236
-2.16594
-2.19093
-2.21733
-2.24509
-2.27413
-2.3043
-2.33547
-2.3675
-2.40024
-2.4336
-2.46748
-2.50173
-2.53616
-2.57052
-2.60447
-2.63763
-2.66958
-2.69984
-2.72779
-2.75264
-2.77334
-2.78857
-2.79661
-2.7953
-2.78202
-2.75387
-2.70652
-2.63498
-2.533
-1.86091
-1.86304
-1.86534
-1.87001
-1.87543
-1.88231
-1.89037
-1.89962
-1.91
-1.92147
-1.93396
-1.94743
-1.96185
-1.97718
-1.99342
-2.01058
-2.02868
-2.04773
-2.06772
-2.0886
-2.11028
-2.13261
-2.15538
-2.17838
-2.20135
-2.22407
-2.24627
-2.26771
-2.28809
-2.30704
-2.32411
-2.33875
-2.35035
-2.35821
-2.36154
-2.35944
-2.35086
-2.33459
-2.3092
-2.27309
-2.22442
-2.16131
-2.08196
-1.98466
-1.86808
-1.73061
-1.77761
-1.78048
-1.78222
-1.78635
-1.79103
-1.79688
-1.80373
-1.81152
-1.82023
-1.82978
-1.84012
-1.8512
-1.86297
-1.87538
-1.88842
-1.90204
-1.91625
-1.93099
-1.94623
-1.96187
-1.97775
-1.99369
-2.00944
-2.02471
-2.03918
-2.05253
-2.0644
-2.07443
-2.08218
-2.08719
-2.08887
-2.08656
-2.07951
-2.06689
-2.04779
-2.02122
-1.98613
-1.9414
-1.88594
-1.81865
-1.73851
-1.6448
-1.53719
-1.41595
-1.28212
-1.13763
-1.69705
-1.7006
-1.70191
-1.70551
-1.70959
-1.71454
-1.72026
-1.72671
-1.73384
-1.74161
-1.74996
-1.75884
-1.76818
-1.77794
-1.78807
-1.7985
-1.80918
-1.82004
-1.83098
-1.84185
-1.85248
-1.86264
-1.87205
-1.88038
-1.88729
-1.89237
-1.89523
-1.89541
-1.89241
-1.88566
-1.87451
-1.85826
-1.8361
-1.80715
-1.77047
-1.7251
-1.67007
-1.60448
-1.52762
-1.43897
-1.33837
-1.22619
-1.10357
-0.972435
-0.835601
-0.697503
-1.6097
-1.61352
-1.615
-1.61823
-1.6218
-1.6259
-1.63051
-1.6356
-1.64117
-1.64716
-1.65355
-1.66028
-1.66729
-1.6745
-1.68186
-1.68926
-1.69661
-1.70378
-1.71075
-1.71715
-1.72288
-1.72769
-1.73131
-1.73341
-1.73362
-1.73155
-1.72674
-1.71871
-1.7069
-1.69071
-1.66948
-1.64249
-1.60895
-1.56804
-1.5189
-1.46068
-1.3926
-1.31403
-1.22458
-1.1242
-1.01331
-0.89298
-0.765161
-0.632843
-0.500067
-0.372672
-1.49134
-1.49876
-1.50069
-1.50352
-1.50635
-1.50937
-1.51261
-1.51608
-1.51979
-1.52371
-1.52781
-1.53204
-1.53634
-1.54062
-1.5448
-1.54875
-1.55235
-1.55545
-1.55788
-1.55944
-1.55991
-1.55908
-1.55669
-1.55243
-1.54598
-1.53694
-1.52488
-1.5093
-1.48967
-1.46541
-1.4359
-1.4005
-1.35855
-1.30938
-1.25238
-1.18698
-1.11274
-1.02941
-0.936985
-0.835859
-0.726945
-0.611817
-0.492859
-0.373442
-0.258087
-0.15276
330.279
29.1878
29.0104
28.7904
579.858
141.474
31.5556
28.4836
763.49
561.93
236.867
28.5938
855.698
722.907
650.24
342.091
903.178
809.113
741.645
704.736
937.877
873.444
821.257
788.202
967.591
922.311
884.224
857.18
992.516
960.787
932.801
911.153
1014.44
993.415
973.728
957.566
1035.4
1023.34
1011.18
1000.36
1056.67
1051.83
1046.26
1040.56
1078.97
1081.25
1080.11
1077.93
550.896
965.49
1116.14
1117.46
4.64134
90.0469
277.979
560.946
-3.28626
-3.32877
-3.04652
2.74896
-3.61306
-3.80042
-3.90272
-3.92713
-3.66933
-3.81565
-3.96559
-4.0989
-3.68968
-3.82205
-3.96073
-4.09515
-3.71017
-3.83173
-3.9588
-4.08972
-3.72876
-3.84593
-3.96693
-4.09098
-3.74169
-3.85623
-3.97363
-4.09216
-3.74881
-3.86163
-3.97604
-4.09055
-3.7515
-3.86403
-3.97659
-4.08836
-3.75223
-3.86539
-3.97725
-4.08747
-3.75433
-3.86824
-3.9801
-4.08971
-3.76075
-3.87516
-3.98735
-4.09703
-3.7741
-3.88874
-4.00129
-4.1114
-3.79666
-3.91112
-4.02392
-4.13453
-3.82992
-3.94378
-4.05659
-4.16771
-3.87443
-3.98757
-4.10037
-4.21207
-3.93119
-4.04376
-4.15669
-4.26907
-4.00042
-4.11289
-4.22661
-4.34033
-4.08409
-4.19643
-4.31145
-4.42742
-4.184
-4.2976
-4.41345
-4.53237
-4.29685
-4.41434
-4.53439
-4.65818
-4.42663
-4.5498
-4.67657
-4.808
-4.57714
-4.70817
-4.84409
-4.98602
-4.74978
-4.89144
-5.03943
-5.19527
-4.94615
-5.10169
-5.26544
-5.43985
-5.1673
-5.34087
-5.52602
-5.7272
-5.4115
-5.60712
-5.82016
-6.05879
-5.67376
-5.89278
-6.13529
-6.41312
-5.94898
-6.18987
-6.45576
-6.75717
-6.23561
-6.49737
-6.78017
-7.08438
-6.53643
-6.82221
-7.12371
-7.41357
-6.85647
-7.17511
-7.50703
-7.81848
-7.19889
-7.56291
-7.94203
-8.30416
-7.56089
-7.98134
-8.42039
-8.83234
-7.93473
-8.41801
-8.92191
-9.37129
-8.31122
-8.86083
-9.42663
-9.89595
-8.67188
-9.29243
-9.90324
-10.3545
-8.9486
-9.63602
-10.1303
-10.7621
-8.99889
-9.66447
-9.53008
-8.85651
-8.76842
-9.19151
-8.0087
-3.57385
-8.45482
-8.35889
-6.43889
-3.48169
-8.17194
-6.94154
-5.94853
-5.97681
-7.21346
-6.21523
-6.0704
-6.86604
-7.16893
-6.43723
-6.32288
-7.13911
-8.33181
-6.61283
-7.3203
-7.52834
-8.77584
-6.89787
-7.45188
-7.98681
-8.61235
-7.38317
-7.11789
-8.39855
-9.64333
-9.49511
-4.99717
-10.0064
-12.1986
-13.2018
53.8707
735.547
-14.9019
-15.995
285.988
1440.99
-17.1624
-18.6535
224.423
1121.94
-15.5676
-18.0352
49.9221
205.588
-11.8368
-13.4863
-4.63738
-4.06884
-7.87835
-8.40533
-7.1834
-5.90485
-5.27923
-5.2893
-5.05954
-4.32918
-3.56184
-3.42133
-3.18395
-2.82469
-2.39506
-2.21787
-1.99622
-1.73331
-1.57613
-1.40765
-1.22569
-1.03823
-0.990459
-0.845207
-0.701928
-0.56444
-0.568034
-0.451291
-0.345753
-0.251813
-0.262554
-0.175904
-0.109586
-0.0570738
-0.0691932
-0.0150727
0.0164777
0.0366464
28.5309
28.5469
28.509
28.5028
28.4984
28.4957
28.4925
28.486
28.4734
28.4623
28.4517
28.4407
28.4294
28.4181
28.4066
28.3951
28.3835
28.3719
28.3603
28.3485
28.3366
28.3244
28.3119
28.2991
28.286
28.2727
28.2592
28.2457
28.2323
28.2191
28.2064
28.1943
28.183
28.1727
28.1636
28.1557
28.1492
28.1442
28.1408
28.139
28.4877
28.5555
28.5075
28.4998
28.4982
28.4969
28.4968
28.491
28.4747
28.4635
28.453
28.4416
28.43
28.4184
28.4068
28.3951
28.3835
28.3718
28.3602
28.3484
28.3365
28.3242
28.3116
28.2985
28.285
28.2711
28.257
28.2427
28.2284
28.2143
28.2006
28.1875
28.1752
28.1639
28.1538
28.1452
28.138
28.1325
28.1288
28.1269
28.4777
28.5546
28.5124
28.4947
28.4941
28.4925
28.4982
28.4934
28.4736
28.4645
28.4544
28.4425
28.4305
28.4187
28.4067
28.3949
28.3832
28.3716
28.36
28.3484
28.3364
28.3241
28.3113
28.298
28.284
28.2695
28.2546
28.2393
28.224
28.2087
28.1939
28.1796
28.1662
28.1538
28.1427
28.1331
28.1252
28.1191
28.1149
28.1128
28.4817
28.5635
28.4995
28.4919
28.4844
28.4824
28.4969
28.4913
28.4752
28.4672
28.4561
28.4433
28.4309
28.4187
28.4065
28.3944
28.3827
28.3712
28.3598
28.3483
28.3364
28.3242
28.3112
28.2975
28.2831
28.2679
28.252
28.2357
28.2191
28.2026
28.1863
28.1706
28.1559
28.1422
28.1299
28.1192
28.1104
28.1036
28.0991
28.0967
524.105
92.3094
29.1276
28.5126
28.4877
28.4644
28.5034
28.5035
28.4845
28.4728
28.4582
28.4439
28.4312
28.4186
28.4059
28.3936
28.3818
28.3704
28.3593
28.3481
28.3365
28.3244
28.3113
28.2973
28.2822
28.2662
28.2493
28.2317
28.2138
28.1957
28.1778
28.1605
28.1441
28.1289
28.1152
28.1033
28.0935
28.0859
28.0809
28.0783
766.124
657.026
289.337
28.6336
28.4455
28.3884
28.5356
28.5488
28.4934
28.4761
28.4603
28.4434
28.4314
28.4181
28.4047
28.3922
28.3805
28.3693
28.3585
28.3477
28.3366
28.3247
28.3116
28.2972
28.2815
28.2645
28.2463
28.2273
28.2077
28.1879
28.1682
28.149
28.1307
28.1138
28.0985
28.0852
28.0742
28.0657
28.06
28.0571
834.609
814.211
780.837
580.164
98.7333
31.5238
28.619
28.6156
28.5013
28.486
28.4595
28.4402
28.4316
28.4171
28.4027
28.3899
28.3784
28.3677
28.3574
28.3472
28.3367
28.3252
28.3122
28.2975
28.281
28.2629
28.2432
28.2225
28.201
28.1792
28.1573
28.1359
28.1155
28.0965
28.0794
28.0645
28.0521
28.0426
28.0362
28.0329
892.733
876.709
860.65
850.36
773.161
422.461
40.7659
28.8169
28.4749
28.4881
28.4506
28.4354
28.434
28.4146
28.3989
28.3865
28.3755
28.3652
28.3557
28.3465
28.3369
28.326
28.3132
28.2981
28.2808
28.2613
28.24
28.2173
28.1936
28.1693
28.145
28.1211
28.0982
28.0769
28.0576
28.0408
28.0269
28.0162
28.0089
28.0052
944.095
932.435
922.349
912.982
909.861
894.448
745.599
208.254
33.3563
28.5983
28.4385
28.431
28.4417
28.4098
28.3925
28.3814
28.3713
28.3616
28.3531
28.3454
28.3373
28.3273
28.3147
28.2992
28.2809
28.26
28.2367
28.2116
28.1852
28.1582
28.131
28.1043
28.0785
28.0544
28.0326
28.0137
27.998
27.9859
27.9777
27.9734
991.058
983.101
976.397
970.301
966.585
959.746
953.657
909.37
580.906
80.7575
28.8406
28.4598
28.4493
28.3955
28.384
28.3752
28.3656
28.3561
28.3492
28.3439
28.3379
28.3293
28.3171
28.3011
28.2815
28.2588
28.2332
28.2054
28.1759
28.1456
28.1151
28.085
28.056
28.0288
28.0041
27.9826
27.9649
27.9512
27.9418
27.937
1035.15
1030.32
1026.05
1022.28
1019.2
1016.35
1012.5
1011.49
1005.28
888.253
333.817
38.4502
28.6913
28.3897
28.3771
28.3683
28.3588
28.3475
28.343
28.3417
28.339
28.3324
28.3208
28.3041
28.2829
28.2578
28.2295
28.1985
28.1655
28.1314
28.097
28.063
28.0301
27.9993
27.9714
27.947
27.9268
27.9112
27.9006
27.8952
1076.39
1074.9
1073.25
1071.8
1070.42
1068.89
1067.2
1066.79
1064.69
1061.34
1034.36
705.45
120.908
29.0098
28.4342
28.3697
28.3494
28.3344
28.3336
28.3388
28.3412
28.3372
28.3261
28.3084
28.2851
28.2572
28.2255
28.1907
28.1537
28.1152
28.0762
28.0376
28.0004
27.9655
27.9337
27.906
27.883
27.8652
27.8531
27.847
1118.69
1117.72
1117.31
1118.24
1119.23
1119.51
1119.23
1118.54
1118.2
1117.36
1116.87
1113.22
989.537
379.178
40.1433
28.6618
28.3769
28.314
28.3194
28.3367
28.3456
28.3446
28.3337
28.3144
28.2883
28.2569
28.2212
28.1819
28.1401
28.0966
28.0523
28.0084
27.9661
27.9263
27.8902
27.8587
27.8324
27.812
27.7983
27.7914
1032.66
1164.63
1164.96
1165.2
1164.77
1166.2
1168.57
1169.99
1170.58
1170.58
1170.9
1171.1
1169.39
1137.14
709.539
102.232
29.1276
28.3504
28.3144
28.3381
28.3551
28.3559
28.3442
28.3223
28.2925
28.2568
28.2163
28.1718
28.1244
28.075
28.0246
27.9746
27.9262
27.8809
27.8398
27.8038
27.7738
27.7505
27.7349
27.727
103.344
310.602
670.07
1181.98
1215.88
1216.28
1216.22
1217.17
1219.88
1222.03
1222.83
1223.74
1224.18
1223.9
1221.03
981.548
258.465
31.1486
28.562
28.3963
28.3765
28.3733
28.3586
28.3323
28.2973
28.2563
28.2103
28.1599
28.1061
28.0498
27.9923
27.9351
27.8798
27.828
27.7811
27.74
27.7057
27.6792
27.6613
27.6524
-3.92858
-3.58606
12.3242
147.175
389.465
936.783
1270.78
1269.69
1269.35
1269.78
1272.26
1275.03
1276.43
1277.77
1279.27
1278.61
1149.67
442.232
38.4807
28.9547
28.5076
28.4075
28.3785
28.3446
28.3024
28.2547
28.2024
28.1455
28.0843
28.0201
27.9544
27.8888
27.8255
27.7661
27.7124
27.6654
27.6263
27.5961
27.5758
27.5656
-4.26135
-4.34649
-4.36473
-4.3026
-3.8216
54.5181
207.143
628.374
1271.6
1324.31
1322.98
1323.34
1325.74
1328.82
1331.48
1334.06
1334.12
1261.06
592.579
50.2136
29.4237
28.6087
28.4243
28.3604
28.3066
28.2509
28.1917
28.1276
28.0582
27.9849
27.9095
27.8343
27.7615
27.6934
27.6319
27.5782
27.5335
27.4992
27.4762
27.4645
-4.24536
-4.39558
-4.52155
-4.625
-4.64648
-4.63208
-4.4011
8.12942
119.77
461.501
1212.03
1379.27
1376.61
1377.37
1380.68
1384.46
1387.65
1389
1341.91
679.439
58.4294
30.006
28.7076
28.4088
28.3105
28.2432
28.1768
28.1051
28.0266
27.9427
27.8561
27.7695
27.6858
27.6076
27.537
27.4757
27.4249
27.386
27.3598
27.3465
-4.23336
-4.38039
-4.50928
-4.63211
-4.72973
-4.83403
-4.85586
-4.85263
-4.73625
-2.68694
80.4208
408.096
1231.95
1432.93
1430.12
1432.08
1436.52
1440.3
1442.63
1398.92
699.113
57.2347
30.5924
28.7677
28.3486
28.2328
28.1569
28.0768
27.9878
27.8917
27.7919
27.692
27.5957
27.5058
27.425
27.355
27.2973
27.2533
27.2236
27.2085
-4.22482
-4.36527
-4.4972
-4.61867
-4.71971
-4.81525
-4.89882
-4.9778
-5.0192
-5.02069
-4.94275
-4.26039
78.0644
524.692
1384.31
1483.72
1483.82
1487.84
1492.06
1494.96
1431.4
637.403
50.4061
30.8954
28.6981
28.2585
28.1352
28.0423
27.9403
27.8295
27.714
27.5987
27.4877
27.3846
27.2922
27.2125
27.1473
27.0976
27.0641
27.0471
-4.218
-4.35034
-4.47873
-4.59809
-4.70229
-4.79676
-4.88153
-4.96031
-5.03543
-5.10014
-5.13321
-5.13215
-5.01446
-2.58343
150.249
911.534
1535.6
1534.31
1537.71
1542.93
1544.79
1411.15
503.388
42.2415
30.7451
28.5758
28.1521
28.0061
27.8826
27.7529
27.6186
27.4851
27.3574
27.2395
27.1342
27.0441
26.9706
26.9148
26.8773
26.8582
-4.21097
-4.33569
-4.45651
-4.5722
-4.67926
-4.77605
-4.86312
-4.94379
-5.01894
-5.08468
-5.14549
-5.19634
-5.21704
-5.19797
-5.00396
25.8392
460.54
1444.65
1583.22
1587.09
1591.52
1591.46
1307.69
320.643
38.8849
30.1971
28.4118
27.9998
27.8165
27.6579
27.5002
27.3457
27.1992
27.0649
26.9458
26.8444
26.7623
26.7002
26.6584
26.6372
-4.20497
-4.32462
-4.43975
-4.55041
-4.6556
-4.75426
-4.84569
-4.92928
-5.00455
-5.07135
-5.13114
-5.18218
-5.23065
-5.27995
-5.28719
-5.2609
-4.29557
250.052
1251.47
1629.95
1635.06
1636.91
1633.95
1072.58
151.377
35.5912
29.4715
28.1286
27.7532
27.5402
27.3516
27.1728
27.0058
26.854
26.7206
26.6077
26.5168
26.4483
26.4023
26.379
-4.20184
-4.31872
-4.43094
-4.53872
-4.64175
-4.7396
-4.83173
-4.91703
-4.99418
-5.06207
-5.12069
-5.17142
-5.21688
-5.25773
-5.30086
-5.32285
-5.33483
-4.75509
170.51
1175.62
1672.25
1678.14
1675.79
1620.53
705.268
54.9655
32.6721
28.6838
27.7399
27.3986
27.164
26.9569
26.7682
26.5988
26.4511
26.3271
26.2277
26.1531
26.1031
26.078
-4.20308
-4.31875
-4.42994
-4.53691
-4.63925
-4.73637
-4.82765
-4.91226
-4.98908
-5.05705
-5.11586
-5.16595
-5.20827
-5.24464
-5.27665
-5.30521
-5.31574
-5.3253
-4.67605
194.988
1282.85
1710.15
1714.89
1708.01
1353.77
301.834
40.1596
30.2409
27.8961
27.244
26.9282
26.6861
26.4755
26.2896
26.1288
25.9948
25.888
25.8081
25.7548
25.7281
-4.21031
-4.32582
-4.43698
-4.54417
-4.64674
-4.7438
-4.83448
-4.91793
-4.99325
-5.05982
-5.1174
-5.16597
-5.20552
-5.23603
-5.25799
-5.27218
-5.27622
-5.26656
-5.2615
-4.52583
358.746
1495.35
1748.8
1740.18
1721.62
841.381
76.0333
33.7696
28.4493
27.1119
26.6375
26.3471
26.1149
25.9153
25.7444
25.6028
25.4905
25.4067
25.351
25.3232
-4.22518
-4.34122
-4.45298
-4.56081
-4.66389
-4.76113
-4.85147
-4.934
-5.00792
-5.07271
-5.12802
-5.17356
-5.2087
-5.23254
-5.24507
-5.24735
-5.24045
-5.22432
-5.20543
-5.14776
-4.17665
776.674
1712.88
1774.27
1743.45
1380.71
294.963
40.2308
29.6261
27.0409
26.2842
25.9244
25.672
25.4642
25.2878
25.1425
25.0277
24.9422
24.8856
24.8574
-4.24905
-4.36607
-4.47889
-4.58773
-4.69149
-4.78893
-4.87896
-4.96068
-5.03336
-5.09641
-5.14921
-5.1909
-5.22001
-5.23546
-5.23774
-5.22878
-5.21201
-5.18912
-5.16428
-5.17252
-5.10207
120.165
1336.3
1782.35
1781.01
1714.44
690.398
51.0095
31.8109
27.1113
25.8641
25.4027
25.1328
24.9244
24.7497
24.606
24.4927
24.4085
24.3529
24.3253
-4.28317
-4.40142
-4.51566
-4.62591
-4.73071
-4.8286
-4.91843
-4.99938
-5.07082
-5.13206
-5.18225
-5.21975
-5.24208
-5.24771
-5.23805
-5.21657
-5.18766
-5.15681
-5.12465
-5.10829
-5.1367
-4.65694
716.273
1733.53
1814.06
1772.45
1138.54
143.75
34.9823
27.3202
25.3667
24.7698
24.4861
24.2863
24.1218
23.9865
23.8798
23.8005
23.7483
23.7224
-4.3287
-4.44862
-4.56471
-4.6768
-4.78315
-4.88202
-4.97211
-5.05258
-5.12287
-5.18244
-5.23009
-5.26331
-5.27757
-5.26977
-5.24405
-5.18681
-5.1331
-5.11494
-5.0816
-5.04524
-5.04907
-4.98719
215.663
1514.45
1815.04
1790.79
1461.92
304.909
39.3614
27.6776
24.7875
24.0183
23.7244
23.5437
23.399
23.2796
23.1852
23.115
23.0688
23.0459
-4.38713
-4.5092
-4.62784
-4.7425
-4.85131
-4.95228
-5.04367
-5.12431
-5.19345
-5.25059
-5.2952
-5.32576
-5.3348
-5.31164
-5.2653
-5.11303
-5.05003
-5.0416
-5.0329
-4.98073
-4.94579
-4.89831
0.728922
1165.65
1800.28
1829.27
1612.33
453.627
43.2514
27.888
24.0894
23.1432
22.8458
22.695
22.5798
22.484
22.4078
22.3511
22.3136
22.295
-4.46058
-4.58579
-4.70823
-4.82677
-4.93924
-5.04362
-5.13767
-5.21934
-5.28729
-5.33889
-5.37827
-5.40462
-5.40593
-5.3569
-5.29074
-5.21022
-5.12039
-4.87132
-4.84842
-4.90767
-4.84443
-4.76041
-4.05718
765.603
1789.31
1845.74
1697.6
574.041
46.3349
27.8757
23.2775
22.1528
21.8549
21.7436
21.6661
21.6012
21.5493
21.5104
21.4845
21.4717
-4.55104
-4.68102
-4.80928
-4.93401
-5.05224
-5.16164
-5.25985
-5.34373
-5.41078
-5.46024
-5.49564
-5.52279
-5.49514
-4.83078
-4.80946
-5.20738
-5.10029
-4.76726
-4.67054
-4.80656
-4.75936
-4.73176
-4.65756
505.981
1724.28
1847.36
1779.43
743.731
53.5266
27.8931
22.3535
21.0369
20.7532
20.6929
20.6615
20.6354
20.6142
20.5975
20.5863
20.5807
-4.66045
-4.79664
-4.93259
-5.06621
-5.19379
-5.31208
-5.41803
-5.50727
-5.57588
-5.6237
-5.65766
-5.68684
-5.70665
-5.04799
-3.15163
-2.52104
-3.68038
-4.7784
-4.78106
-4.76127
-4.6822
-4.67523
-4.78131
279.477
1628.1
1848.3
1791.49
1036.52
104.739
28.0959
21.2706
19.7573
19.5312
19.5449
19.5727
19.5946
19.6102
19.62
19.626
19.6291
-4.7926
-4.93716
-5.08338
-5.22914
-5.37062
-5.50339
-5.62222
-5.72122
-5.79437
-5.84035
-5.86655
-5.88337
-5.89247
-5.89361
-4.56546
-2.23608
-1.80035
-2.39543
-4.47495
-4.70002
-4.61714
-4.55726
-4.55426
173.234
1535.38
1835.17
1793.05
1201.67
137.228
27.6658
19.8738
18.2876
18.1965
18.3121
18.4139
18.4926
18.55
18.5895
18.6146
18.6267
-4.95183
-5.10849
-5.26964
-5.43313
-5.59481
-5.74886
-5.88693
-5.99888
-6.07581
-6.11481
-6.12181
-6.10755
-6.07686
-6.02729
-5.93325
-2.92215
-1.68482
-1.38463
-3.07587
-4.6143
-4.54049
-4.43399
-4.32568
190.235
1587.87
1817.05
1824.35
1204.91
131.027
26.1204
18.0853
16.6891
16.7947
17.0239
17.2086
17.3494
17.4518
17.5228
17.5676
17.5892
-5.14287
-5.31669
-5.49926
-5.68819
-5.87976
-6.06696
-6.23485
-6.36273
-6.43904
-6.4607
-6.43597
-6.37802
-6.29256
-6.1764
-6.03185
-4.26729
-1.64849
-1.42478
-0.998316
-4.11023
-4.46602
-4.34858
-4.23176
250.925
1667.58
1814.81
1847.53
1207.13
129.142
23.4722
15.9514
15.0599
15.384
15.7198
15.9881
16.19
16.3363
16.4379
16.5023
16.5336
-5.36976
-5.56756
-5.78013
-6.00526
-6.24286
-6.48611
-6.70617
-6.85482
-6.91866
-6.90051
-6.82482
-6.70795
-6.5589
-6.37474
-6.16819
-4.49159
-1.70273
-1.43126
-1.08616
-2.615
-4.40801
-4.29082
-4.19436
403.579
1784.01
1828.03
1862.46
1123.81
101.911
19.4707
13.7323
13.5379
14.0135
14.4446
14.7862
15.0404
15.2252
15.3542
15.4367
15.4773
-5.63867
-5.87043
-6.12682
-6.41068
-6.72771
-7.06663
-7.3669
-7.55126
-7.57582
-7.46115
-7.27858
-7.08923
-6.87597
-6.63054
-6.36616
-3.99918
-1.72361
-1.45131
-1.10951
-2.13936
-4.40653
-4.21486
-2.7601
852.083
1834.29
1848.97
1776.02
757.697
39.0355
15.1165
11.9257
12.2655
12.765
13.247
13.6342
13.9255
14.14
14.2913
14.3889
14.4372
-5.96314
-6.2494
-6.58457
-6.99402
-7.49291
-8.01759
-8.42993
-8.63758
-8.56648
-8.27493
-7.8478
-7.53756
-7.24437
-6.93866
-6.61765
-3.04207
-1.82388
-1.54275
-1.13492
-3.64991
-4.27779
-3.63257
169.547
1515.48
1819.31
1883.15
1286.24
231.35
23.5366
12.5147
11.1609
11.2347
11.6602
12.1491
12.5537
12.8655
13.099
13.2657
13.374
13.4279
-6.35072
-6.7286
-7.20686
-7.8454
-8.67495
-9.55633
-10.0806
-10.2459
-9.95821
-9.3888
-8.69667
-7.86216
-7.64497
-7.30153
-6.88944
-3.5773
-1.9199
-1.63532
-2.41395
-4.53063
-4.25748
30.9668
909.146
1747.28
1781.19
1544.83
504.523
38.5571
17.4179
11.6096
10.5267
10.2888
10.6681
11.1488
11.5534
11.8721
12.1144
12.2894
12.4039
12.4612
-6.76379
-7.25191
-7.88218
-8.77573
-9.76068
-8.85765
-7.75493
-9.7873
-11.8245
-10.8403
-9.70301
-8.35935
-7.03308
-7.58049
-7.20474
-5.97555
-2.3022
-2.31439
-3.85774
-3.95834
1.29134
502.102
1622.21
1709.23
1671.11
791.459
66.0212
22.3664
12.6286
10.3253
9.32973
9.31927
9.76567
10.2369
10.6331
10.9492
11.1924
11.3696
11.4864
11.5457
-7.12723
-7.6446
-8.23385
-9.21413
-3.18239
1.71574
-0.197137
-6.45951
-13.3002
-12.0401
-10.6005
-8.40241
-7.47764
-7.22224
-7.39893
-6.90561
-5.97072
-5.68123
-4.96617
-3.91545
343.156
1495.58
1601.16
1662.66
1018.63
133.166
26.8215
14.1258
9.68946
8.5582
8.17275
8.46319
8.95174
9.40837
9.79017
10.0972
10.3355
10.5102
10.6257
10.6874
-7.40682
-7.8351
-8.20095
-6.57596
4.62979
2.6704
-3.84178
-12.5191
-13.0417
-12.0963
-10.0599
-8.76924
-7.93287
-7.24643
-7.41807
-6.96898
-6.50276
-6.01695
-5.39322
280.268
1362.51
1534.29
1574.31
1133.02
221.302
30.4052
14.7814
8.88888
7.31706
6.98256
7.25873
7.73272
8.22633
8.65997
9.02179
9.31489
9.54394
9.71228
9.82281
9.88939
-7.70536
-7.99257
-8.13399
-3.12675
5.61977
3.75584
-6.88254
-11.6736
-11.7894
-10.8215
-9.85742
-9.01231
-8.24438
-7.81291
-7.65375
-7.09649
-6.66762
-6.20304
308.996
1300.18
1451.28
1506.83
1127.69
271.12
31.6658
15.1704
8.16492
6.17812
5.77829
6.05015
6.59069
7.11891
7.58431
7.98633
8.32382
8.59941
8.81601
8.97563
9.07919
9.14929
-8.09827
-8.3361
-8.41255
-6.27079
5.73646
4.67776
-6.33662
-10.896
-10.9946
-10.2463
-9.70309
-9.05572
-8.82917
-8.4636
-7.85106
-7.32244
10.515
454.602
1295.67
1367.86
1432.05
1023.03
248.55
28.0547
13.6968
7.44393
5.35764
4.87151
5.1131
5.58571
6.10349
6.58484
7.01119
7.37909
7.69039
7.94633
8.14857
8.29837
8.3943
8.46332
-8.61828
-8.87559
-8.97553
-8.94579
2.87071
5.24338
-7.67023
-10.3761
-10.5151
-9.75002
-9.45777
-9.54537
-9.11981
-8.58827
-8.14357
71.2805
706.277
1241.15
1291.17
1344.98
864.965
184.41
23.0548
11.3126
6.23713
4.53027
4.07433
4.2791
4.71817
5.20493
5.67783
6.11092
6.49549
6.83002
7.11488
7.35034
7.53728
7.67665
7.76496
7.82962
-9.20359
-9.455
-9.48655
-6.20809
-2.19759
-6.72239
-9.73358
-9.90986
-10.0312
-9.89197
-9.85009
-9.56804
-9.26454
-8.87305
178.664
899.904
1154.7
1215.87
1147.85
621.816
100.444
17.6561
8.93226
5.14817
3.79132
3.41054
3.60114
3.98395
4.42732
4.87501
5.29833
5.68462
6.02981
6.33225
6.59112
6.80607
6.97745
7.1061
7.18713
7.24591
-9.73868
-9.89491
-6.09605
12.3492
1.90886
-9.4179
-9.64575
-9.69375
-9.69528
-9.74426
-9.69101
-9.56757
-9.35074
285.497
881.458
996.447
1032.98
763.706
299.697
36.5741
12.5401
6.66898
4.08006
3.07604
2.85942
3.03969
3.37585
3.77197
4.18157
4.58069
4.95536
5.29874
5.60742
5.87937
6.11323
6.30824
6.46436
6.58234
6.65658
6.70901
-10.2968
-10.4195
11.3606
12.8444
7.30033
-5.81196
-9.66537
-9.59602
-9.59773
-9.64816
-9.69097
0.131295
364.528
810.445
893.271
736.934
320.932
65.8806
14.7165
8.08304
4.67247
3.11566
2.44991
2.37971
2.56571
2.86429
3.21713
3.58776
3.95575
4.30946
4.64116
4.94629
5.22173
5.46535
5.67571
5.85187
5.99345
6.1011
6.16901
6.21518
-10.7589
4.34207
13.5025
12.975
-4.61055
-7.46057
-9.72592
-9.74869
-9.72897
-9.74146
11.0676
428.637
760.629
798.869
560.308
132.865
15.0991
7.98006
4.66746
3.19342
2.27401
1.94025
1.96964
2.16051
2.43271
2.74653
3.07889
3.41415
3.74201
4.05571
4.3501
4.62144
4.86699
5.08483
5.27363
5.43237
5.56041
5.65824
5.72024
5.76054
-2.28314
16.45
11.1579
-5.85388
-9.38418
-9.66894
-10.0062
-10.2785
-9.9813
18.9033
467.222
721.685
753.316
623.232
114.003
10.54
4.62093
2.92192
2.0813
1.63862
1.54152
1.62308
1.81246
2.06233
2.3443
2.64189
2.9449
3.24541
3.53751
3.81647
4.07826
4.31977
4.53871
4.73345
4.90281
5.04571
5.16129
5.24991
5.30636
5.34133
15.6511
18.0077
-6.48009
-8.73416
-9.71293
-10.1435
61.0415
39.0747
146.638
557.612
718.878
731.626
722.075
191.547
10.5366
3.38911
1.89784
1.3706
1.20972
1.22046
1.3308
1.51191
1.73945
1.99349
2.26139
2.53533
2.80953
3.07928
3.34046
3.58931
3.82265
4.03798
4.23347
4.40775
4.55972
4.68831
4.79249
4.87253
4.92378
4.95403
17.5183
14.3467
-7.74599
-9.05595
-9.86688
-10.5641
85.3699
558.322
695.095
717.8
729.915
741.015
333.537
11.9521
3.58373
1.37435
0.892848
0.85963
0.93184
1.06144
1.23807
1.44805
1.67934
1.92282
2.1723
2.42322
2.67196
2.91519
3.14967
3.37247
3.58109
3.77363
3.94861
4.10485
4.24134
4.357
4.45076
4.52288
4.56927
4.59541
7.61631
-4.83606
-7.77869
-9.17732
-10.3417
-11.2535
60.9039
585.044
722.286
731.441
738.956
411.554
23.2464
2.88757
0.834796
0.453221
0.494346
0.621061
0.780857
0.96496
1.16873
1.38631
1.61267
1.84363
2.07579
2.30645
2.53315
2.75339
2.96473
3.16495
3.35218
3.52492
3.68197
3.82229
3.94495
4.04892
4.1332
4.19805
4.23992
4.26255
-6.75511
-7.26086
-7.89711
-9.16388
-10.8153
-12.1736
12.9573
172.752
605.337
656.141
331.068
26.0701
1.79874
0.0213307
-0.112428
0.032575
0.240063
0.455731
0.669567
0.883965
1.10057
1.31928
1.53892
1.75786
1.9745
2.18729
2.39458
2.59466
2.78581
2.9664
3.13501
3.29045
3.4317
3.55787
3.66811
3.76152
3.8372
3.89546
3.93315
3.9528
-7.41186
-7.75261
-8.12807
-8.84853
-10.2903
-12.1146
-2.04097
6.52002
64.344
74.9072
5.51923
-0.469493
-1.16795
-0.969678
-0.589935
-0.240276
0.0664841
0.336616
0.582009
0.812529
1.03438
1.25064
1.46233
1.66946
1.87159
2.068
2.25783
2.44
2.61335
2.77667
2.92887
3.06897
3.19614
3.30961
3.40868
3.49256
3.56047
3.61283
3.64667
3.66374
-7.68634
-8.09339
-8.12267
-8.27317
-9.21955
-10.7842
-8.15566
-7.78221
-10.2918
-6.95034
-4.18058
-2.97654
-2.04168
-1.33646
-0.799442
-0.371929
-0.0263014
0.265206
0.521731
0.755958
0.975783
1.18552
1.38724
1.58184
1.76964
1.9506
2.12437
2.29035
2.44771
2.59555
2.733
2.8593
2.97377
3.07577
3.16478
3.24008
3.301
3.34809
3.37843
3.39312
-7.89739
-8.22871
-8.04815
-6.75146
-9.22006
-9.29264
-8.78972
-7.79103
-7.25196
-5.66044
-4.0993
-2.85868
-1.96063
-1.28865
-0.774446
-0.368674
-0.0373494
0.244277
0.492576
0.71844
0.928704
1.1273
1.31641
1.49725
1.67055
1.83659
1.99532
2.14634
2.28902
2.42268
2.54664
2.66033
2.76323
2.85485
2.93477
3.00239
3.05701
3.09937
3.12659
3.13892
-8.20767
-8.55525
-8.89886
628.986
526.304
-8.08874
-7.28583
-5.98144
-4.79158
-3.62547
-2.74
-2.03641
-1.46468
-0.992319
-0.600016
-0.269466
0.0148209
0.265234
0.4911
0.699028
0.893328
1.07668
1.25079
1.41678
1.57536
1.72686
1.87122
2.00812
2.13706
2.2575
2.36897
2.47106
2.56339
2.64558
2.71729
2.778
2.82692
2.86498
2.88942
2.89934
-8.43595
-8.58648
223.652
1451.73
1471.86
310.302
-2.58283
-4.189
-3.04159
-2.25047
-1.72073
-1.31128
-0.965394
-0.658566
-0.381569
-0.13017
0.0994187
0.31088
0.50762
0.692262
0.866691
1.03225
1.18994
1.34048
1.48431
1.62154
1.75203
1.87544
1.99135
2.09938
2.19922
2.29061
2.37326
2.44686
2.5111
2.56554
2.60928
2.64333
2.66529
2.67284
81.3813
398.022
1332.81
1501.58
1504.52
1404.76
124.742
-2.30773
-1.48761
-1.15016
-0.929809
-0.74157
-0.553666
-0.363982
-0.174649
0.0110659
0.191165
0.364711
0.531443
0.691371
0.844676
0.991632
1.13254
1.2676
1.39686
1.52016
1.63723
1.7477
1.85125
1.94765
2.03668
2.11818
2.19196
2.25768
2.31506
2.36373
2.40272
2.43299
2.45266
2.45807
1265.29
1478.93
1522.85
1536.99
1542.38
1543.37
186.857
-0.354129
-0.242702
-0.298795
-0.315438
-0.290419
-0.219399
-0.117563
0.00434588
0.1374
0.275783
0.415626
0.554463
0.690741
0.823548
0.952377
1.07692
1.19691
1.312
1.42182
1.52597
1.62413
1.71605
1.80159
1.88062
1.95302
2.0186
2.07707
2.12809
2.17137
2.20594
2.23264
2.25014
2.25376
1483.55
1534.75
1559.82
1568.03
1515.45
753.291
115.259
0.607902
0.374559
0.160674
0.0531685
0.00603377
0.0165329
0.0662991
0.14364
0.238716
0.34469
0.456682
0.571341
0.686408
0.800396
0.912304
1.02138
1.12698
1.2285
1.32543
1.41733
1.50391
1.585
1.66048
1.73029
1.79429
1.8523
1.90401
1.94908
1.98728
2.01773
2.04106
2.05647
2.05871
1487.89
1542.76
1318.95
1203.15
461.908
41.1774
28.631
0.971635
0.441264
0.291843
0.206807
0.159117
0.155808
0.185049
0.239058
0.310416
0.393515
0.48406
0.578905
0.675792
0.773099
0.869611
0.964335
1.05642
1.14515
1.22994
1.31038
1.38621
1.45729
1.52354
1.58485
1.64109
1.69206
1.73746
1.77696
1.81036
1.83694
1.85714
1.87056
1.87174
462.463
449.034
166.467
114.165
11.9793
3.52955
0.261246
0.455075
0.359575
0.288599
0.247662
0.224749
0.228479
0.254032
0.297705
0.35514
0.422615
0.49704
0.575981
0.657557
0.740288
0.822957
0.904518
0.984075
1.06089
1.13442
1.20427
1.27022
1.33213
1.3899
1.4434
1.49247
1.53689
1.57639
1.61066
1.63956
1.66253
1.67983
1.69138
1.69173
-7.87949
-1.48008
0.364027
2.01154
0.97724
0.193157
-0.0189732
0.18753
0.236875
0.244089
0.243881
0.247665
0.263155
0.290834
0.329943
0.378637
0.434897
0.496824
0.562768
0.631322
0.70126
0.77149
0.841039
0.909075
0.974926
1.0381
1.09825
1.15516
1.20869
1.25869
1.30501
1.34745
1.38579
1.41979
1.4492
1.47391
1.49354
1.5082
1.51801
1.51769
-6.8767
-5.23371
-3.4675
-1.73801
-1.00939
-0.516738
-0.190646
0.0370604
0.143984
0.19863
0.228876
0.252541
0.277607
0.30766
0.343837
0.385991
0.433373
0.485027
0.539956
0.59718
0.655746
0.714746
0.773348
0.830838
0.886646
0.940347
0.99164
1.04031
1.08617
1.12905
1.16875
1.20507
1.2378
1.26672
1.29164
1.31252
1.32907
1.34134
1.3496
1.3487
-3.71343
-3.14719
-2.29824
-1.51577
-0.922235
-0.483979
-0.18506
0.00296671
0.113152
0.178737
0.221075
0.253118
0.282061
0.311936
0.344594
0.380712
0.420284
0.462963
0.508202
0.555347
0.603684
0.652498
0.701122
0.748985
0.795623
0.840682
0.883888
0.925014
0.963848
1.00018
1.0338
1.06448
1.09204
1.11631
1.13714
1.15453
1.16831
1.17843
1.18529
1.18389
-2.36983
-1.84967
-1.34353
-0.896358
-0.542317
-0.275452
-0.0852636
0.0426281
0.126884
0.182962
0.222487
0.253266
0.280408
0.307032
0.334857
0.364733
0.396949
0.431448
0.467939
0.505981
0.545052
0.584611
0.624156
0.66325
0.701531
0.738704
0.774513
0.80872
0.841091
0.871394
0.899403
0.92491
0.947744
0.967772
0.984899
0.999143
1.01043
1.01863
1.02426
1.02242
-1.43599
-1.10882
-0.795618
-0.519243
-0.295111
-0.123649
0.00110725
0.0890059
0.150061
0.192904
0.224378
0.249486
0.271656
0.293113
0.315208
0.338693
0.363894
0.390846
0.419373
0.449165
0.479846
0.511026
0.542344
0.573481
0.60416
0.634132
0.663157
0.690993
0.717398
0.74213
0.764967
0.785715
0.804227
0.820404
0.834185
0.845611
0.854666
0.861162
0.865711
0.863494
-0.828251
-0.616309
-0.423724
-0.25682
-0.119679
-0.0124697
0.0677566
0.125827
0.167201
0.196911
0.219175
0.237191
0.253238
0.268858
0.285033
0.302329
0.320998
0.341068
0.362406
0.384784
0.407936
0.431597
0.455517
0.479475
0.503258
0.526655
0.549447
0.5714
0.592275
0.611842
0.629892
0.646255
0.66081
0.673485
0.684245
0.693143
0.700206
0.705186
0.708788
0.706249
-0.425313
-0.291032
-0.173517
-0.0746118
0.00527358
0.0673225
0.113786
0.147574
0.171781
0.189277
0.202505
0.213377
0.223306
0.233272
0.243905
0.255558
0.268368
0.282318
0.297288
0.313109
0.329601
0.34659
0.363916
0.381426
0.39896
0.416346
0.433389
0.449878
0.465597
0.480342
0.493932
0.506227
0.517133
0.526601
0.534613
0.541226
0.546503
0.55014
0.552919
0.55005
-0.164179
-0.0851692
-0.0194847
0.033688
0.0752922
0.106666
0.129449
0.145459
0.156488
0.164157
0.169834
0.174599
0.179256
0.184354
0.190228
0.19704
0.204819
0.213504
0.222986
0.233143
0.243857
0.25502
0.266535
0.2783
0.2902
0.302099
0.313839
0.325249
0.336153
0.346387
0.355813
0.364326
0.371857
0.378378
0.38388
0.388417
0.392079
0.394518
0.396641
0.393611
-0.0125238
0.0245635
0.0533804
0.0754149
0.0917437
0.103327
0.111082
0.115917
0.118697
0.120204
0.1211
0.121909
0.123013
0.124665
0.126995
0.130043
0.133778
0.138135
0.14303
0.148385
0.154133
0.160216
0.166582
0.173172
0.179912
0.186712
0.193467
0.200059
0.206373
0.212301
0.217755
0.222667
0.227
0.230739
0.23388
0.236471
0.23865
0.24011
0.241818
0.237908
0.0508149
0.0596003
0.0637725
0.0647653
0.0636629
0.0612913
0.0582514
0.0549772
0.0517774
0.0488673
0.0463882
0.0444224
0.0430059
0.0421383
0.04179
0.0419106
0.0424391
0.043313
0.0444758
0.0458803
0.0474892
0.0492727
0.0512044
0.0532565
0.0553965
0.0575862
0.0597819
0.0619378
0.0640092
0.065956
0.0677458
0.0693554
0.070772
0.0719947
0.0730186
0.0738405
0.0744952
0.0744851
0.0755423
0.0757275
)
;

boundaryField
{
    leftWall
    {
        type            fixedFluxPressure;
        gradient        uniform 0;
        value           nonuniform List<scalar> 
86
(
1301.31
1300.56
1299.02
1296.76
1293.82
1290.27
1286.18
1281.66
1276.74
1271.49
1265.89
1259.97
1253.78
1247.35
1240.69
1233.82
1226.75
1219.47
1211.87
1203.88
1196.11
1190.92
1191.94
1204.51
1026.63
121.812
-1.71337
-1.71663
-1.73392
-1.75735
-1.78137
-1.80568
-1.82928
-1.85259
-1.87642
-1.90146
-1.92815
-1.95662
-1.98678
-2.01839
-2.05116
-2.08476
-2.11889
-2.15327
-2.18767
-2.22188
-2.25573
-2.28905
-2.32167
-2.35344
-2.38422
-2.41387
-2.44225
-2.4692
-2.49455
-2.5181
-2.53966
-2.559
-2.5759
-2.59015
-2.60151
-2.60976
-2.61467
-2.61601
-2.61356
-2.60711
-2.59645
-2.5814
-2.56178
-2.53744
-2.50823
-2.47403
-2.43478
-2.39043
-2.34101
-2.28654
-2.22722
-2.16338
-2.09522
-2.02229
-1.94386
-1.86091
-1.77761
-1.69705
-1.6097
-1.49134
)
;
    }
    rightWall
    {
        type            fixedFluxPressure;
        gradient        uniform 0;
        value           nonuniform List<scalar> 
86
(
28.1907
28.19
28.1885
28.1859
28.1825
28.1781
28.1727
28.1661
28.1584
28.1495
28.139
28.1269
28.1128
28.0967
28.0783
28.0571
28.0329
28.0052
27.9734
27.937
27.8952
27.847
27.7914
27.727
27.6524
27.5656
27.4645
27.3465
27.2085
27.0471
26.8582
26.6372
26.379
26.078
25.7281
25.3232
24.8574
24.3253
23.7224
23.0459
22.295
21.4717
20.5807
19.6291
18.6267
17.5892
16.5336
15.4773
14.4372
13.4279
12.4612
11.5457
10.6874
9.88939
9.14929
8.46332
7.82962
7.24591
6.70901
6.21518
5.76054
5.34133
4.95403
4.59541
4.26255
3.9528
3.66374
3.39312
3.13892
2.89934
2.67284
2.45807
2.25376
2.05871
1.87174
1.69173
1.51769
1.3487
1.18389
1.02242
0.863494
0.706249
0.55005
0.393611
0.237908
0.0757275
)
;
    }
    lowerWall
    {
        type            fixedFluxPressure;
        gradient        uniform 0;
        value           nonuniform List<scalar> 
110
(
1301.31
1302.52
1304.82
1305.49
1304.02
1300.57
1296
1291.04
1286.03
1281.08
1276.19
1271.33
1266.47
1261.57
1256.63
1251.68
1246.77
1241.97
1237.4
1233.15
1229.37
1226.18
1223.77
1222.29
1221.93
1222.91
1225.43
1229.76
1236.21
1245.2
1256.87
1271.36
1288.9
1309.63
1333.25
1358.69
1383.69
1404.6
1417.41
1420.87
1419.67
1409.47
1378.32
1362.44
1398.38
1439.49
1439.49
1410.37
1395.85
1417.88
1471.54
1519.85
1532.34
1498.3
1408.35
1239.22
330.279
29.1878
29.0104
28.7904
28.4972
28.4976
28.4984
28.4998
28.5017
28.5041
28.5071
28.5108
28.5137
28.5136
28.4972
28.4961
28.4936
28.4902
28.4859
28.4808
28.4748
28.4681
28.4607
28.4526
28.4438
28.4345
28.4248
28.4146
28.4042
28.3934
28.3825
28.3713
28.3601
28.3487
28.3373
28.3259
28.3145
28.3033
28.2922
28.2814
28.2709
28.2607
28.251
28.2418
28.2332
28.2252
28.2179
28.2114
28.2056
28.2007
28.1967
28.1937
28.1917
28.1907
)
;
    }
    atmosphere
    {
        type            totalPressure;
        rho             rho;
        psi             none;
        gamma           1;
        p0              uniform 0;
        value           nonuniform List<scalar> 
90
(
-1.40144
-1.42093
-1.42001
-1.42226
-1.42439
-1.42659
-1.42888
-1.43128
-1.43377
-1.43634
-1.43895
-1.44155
-1.44409
-1.44647
-1.4486
-1.45036
-1.45158
-1.45212
-1.45179
-1.4504
-1.44773
-1.44359
-1.43773
-1.42989
-1.41975
-1.40696
-1.39111
-1.37172
-1.34831
-1.32033
-1.28724
-1.24851
-1.20359
-1.152
-1.0933
-1.02716
-0.953374
-0.871947
-0.783149
-0.687642
-0.586625
-0.481963
-0.376288
-0.273098
-0.176758
-0.0931935
-0.0321203
-0.00199323
0
0
0
0
0
0
0
0
0
0
0
0
0
0
0
0
0
0
0
0
0
0
0
0
0
0
0
0
0
0
0
0
0
0
0
0
0
0
0
0
0
0
)
;
    }
    defaultFaces
    {
        type            empty;
    }
}


// ************************************************************************* //
