/*--------------------------------*- C++ -*----------------------------------*\
| =========                 |                                                 |
| \\      /  F ield         | OpenFOAM: The Open Source CFD Toolbox           |
|  \\    /   O peration     | Version:  3.0.1                                 |
|   \\  /    A nd           | Web:      www.OpenFOAM.org                      |
|    \\/     M anipulation  |                                                 |
\*---------------------------------------------------------------------------*/
FoamFile
{
    version     2.0;
    format      ascii;
    class       surfaceScalarField;
    location    "0.15";
    object      alphaPhi;
}
// * * * * * * * * * * * * * * * * * * * * * * * * * * * * * * * * * * * * * //

dimensions      [0 3 -1 0 0 0 0];

internalField   nonuniform List<scalar> 
3742
(
4.25501e-08
-1.20033e-07
2.44615e-08
-8.20108e-08
8.42605e-10
-1.22739e-08
5.71084e-10
3.27752e-10
5.05184e-10
6.07647e-11
-1.20844e-08
-4.03676e-07
-1.34655e-09
5.06615e-08
-1.3187e-12
2.86703e-10
-2.2355e-16
2.52665e-13
-3.07318e-16
2.05478e-16
-2.81625e-16
1.01371e-15
-1.16464e-16
8.34936e-16
-4.26303e-17
3.25662e-16
-1.45667e-17
1.1618e-16
-4.7825e-18
3.97593e-17
-1.53015e-18
1.33652e-17
-4.82184e-19
4.46562e-18
-1.51007e-19
1.49725e-18
-4.73655e-20
5.08443e-19
-1.49426e-20
1.76531e-19
-4.74522e-21
6.31466e-20
-1.50216e-21
2.34355e-20
-4.60845e-22
9.03455e-21
-1.28492e-22
3.59102e-21
1.44447e-21
3.37213e-18
4.68401e-17
1.89633e-18
5.29976e-16
-3.86874e-18
4.69878e-15
-1.20633e-16
2.52702e-14
-4.96627e-16
5.63053e-14
-1.04374e-15
7.55953e-14
-1.63529e-15
8.44651e-14
-1.94135e-15
7.98094e-14
-1.9915e-15
7.25027e-14
-2.91368e-15
1.024e-13
-7.16041e-15
2.43939e-13
-2.15286e-14
6.25837e-13
-6.00834e-14
1.3772e-12
-1.36324e-13
2.27726e-12
-1.91846e-13
2.13982e-12
-2.34402e-13
3.33539e-13
2.50458e-12
-5.51848e-12
5.63999e-11
-1.42007e-10
2.79223e-09
-3.16155e-09
8.17313e-09
-6.8553e-08
1.85546e-08
-1.26239e-07
9.73961e-09
-7.19385e-08
-1.34426e-10
-5.20049e-09
4.20127e-12
7.42467e-11
4.75943e-12
3.46517e-11
-4.83275e-08
-9.12248e-08
-2.37943e-10
3.10238e-08
-2.15779e-13
4.90054e-11
-1.83734e-16
3.69363e-14
-2.56454e-16
1.72065e-16
-2.35798e-16
5.97277e-16
-8.36062e-17
5.31335e-16
-2.68171e-17
1.86131e-16
-8.17246e-18
6.00265e-17
-2.4238e-18
1.86956e-17
-7.07783e-19
5.75074e-18
-2.05205e-19
1.76651e-18
-5.95138e-20
5.46341e-19
-1.73866e-20
1.71501e-19
-5.14257e-21
5.50978e-20
-1.54498e-21
1.82522e-20
-4.69353e-22
6.27994e-21
-1.41682e-22
2.24879e-21
-4.08903e-23
8.32832e-22
3.13365e-22
3.23062e-18
2.11947e-17
3.62974e-17
2.97612e-16
3.07289e-16
2.61317e-15
7.97561e-16
1.25441e-14
1.27576e-15
2.76053e-14
1.61791e-15
3.84736e-14
1.72356e-15
4.38919e-14
1.77348e-15
4.32699e-14
2.8696e-15
4.43283e-14
7.91163e-15
7.39782e-14
2.3573e-14
1.85641e-13
6.03708e-14
4.42618e-13
1.15987e-13
8.38963e-13
1.24641e-13
1.11035e-12
2.10466e-14
6.58542e-13
-6.6421e-13
-1.23211e-12
5.3896e-12
-1.42824e-11
1.14756e-10
-2.67837e-10
-7.33371e-10
-4.16866e-09
-2.05462e-08
-9.80132e-08
-2.73413e-08
-1.15391e-07
-2.51848e-08
-7.00996e-08
-2.12324e-09
-2.72829e-09
-1.60983e-09
2.61374e-10
-1.79052e-08
5.55678e-09
-4.85458e-08
-1.04686e-09
-4.13053e-11
2.50798e-08
-3.20499e-14
7.52506e-12
-1.35098e-16
4.67113e-15
-2.07163e-16
1.4168e-16
-1.78653e-16
3.5432e-16
-5.51623e-17
3.10758e-16
-1.56479e-17
9.83335e-17
-4.27475e-18
2.88037e-17
-1.14864e-18
8.19331e-18
-3.06645e-19
2.31276e-18
-8.1859e-20
6.54699e-19
-2.19829e-20
1.87164e-19
-5.97437e-21
5.4406e-20
-1.65194e-21
1.61975e-20
-4.66864e-22
4.97439e-21
-1.34701e-22
1.58751e-21
-3.92214e-23
5.28059e-22
-1.12126e-23
1.82167e-22
6.4099e-23
2.42716e-18
7.5749e-18
4.04374e-17
1.28955e-16
2.99914e-16
1.08895e-15
8.62636e-16
4.69078e-15
1.49894e-15
1.02074e-14
2.05663e-15
1.47487e-14
2.39348e-15
1.73812e-14
2.8633e-15
1.81376e-14
5.55046e-15
2.20188e-14
1.61346e-14
4.41212e-14
4.45112e-14
1.108e-13
9.76211e-14
2.39853e-13
1.49438e-13
3.87795e-13
1.01889e-13
3.98009e-13
-2.155e-13
5.69796e-15
-6.30289e-14
-1.38469e-12
-9.59744e-13
-1.39109e-11
-5.95422e-11
-2.19086e-10
-3.24797e-09
-2.4945e-09
-5.73075e-08
-5.56726e-08
-6.78058e-08
-1.0086e-07
-5.61142e-08
-7.77116e-08
-7.08738e-09
-2.02211e-08
-6.16288e-09
-5.41291e-11
-3.54499e-08
8.90681e-09
-2.13376e-08
1.41853e-08
-6.55903e-12
3.75637e-09
-3.99255e-15
9.71072e-13
-9.32226e-17
6.36088e-16
-1.56879e-16
1.14186e-16
-1.20631e-16
2.04507e-16
-3.29295e-17
1.65561e-16
-8.35098e-18
4.7625e-17
-2.05959e-18
1.27409e-17
-5.0387e-19
3.32457e-18
-1.23395e-19
8.64382e-19
-3.04e-20
2.26207e-19
-7.56958e-21
5.99418e-20
-1.91449e-21
1.61749e-20
-4.9438e-22
4.47226e-21
-1.31039e-22
1.27553e-21
-3.56898e-23
3.78036e-22
-9.91172e-24
1.16883e-22
-2.74729e-24
3.75663e-23
1.23619e-23
1.45306e-18
2.4624e-18
2.56851e-17
4.21065e-17
1.69595e-16
3.33528e-16
4.96442e-16
1.34114e-15
9.06326e-16
2.81484e-15
1.30147e-15
4.01805e-15
1.61755e-15
4.79792e-15
2.30601e-15
5.44901e-15
5.37933e-15
8.41227e-15
1.56437e-14
1.99955e-14
3.91108e-14
4.90452e-14
7.29922e-14
9.56112e-14
8.65206e-14
1.32716e-13
1.42648e-15
1.09216e-13
-4.01002e-13
-1.33693e-14
-1.35967e-12
-4.24379e-13
-1.14819e-11
-3.97138e-12
-1.84235e-10
-4.97901e-11
-2.1384e-09
-5.53718e-10
-4.59681e-08
-5.21291e-09
-8.59007e-08
-5.53864e-08
-1.00572e-07
-5.74962e-08
-8.90427e-08
-2.35061e-08
-1.28471e-07
6.68233e-10
-7.12331e-08
1.13508e-08
-3.50205e-09
3.17239e-09
-8.61758e-13
2.55089e-10
-6.23281e-16
9.95694e-14
-8.55399e-17
1.02396e-16
-1.073e-16
8.04781e-17
-7.20559e-17
1.10024e-16
-1.76175e-17
7.98089e-17
-4.03571e-18
2.09994e-17
-9.05512e-19
5.16008e-18
-2.02898e-19
1.24122e-18
-4.57869e-20
2.98527e-19
-1.04463e-20
7.2495e-20
-2.41793e-21
1.78665e-20
-5.70056e-22
4.48929e-21
-1.3755e-22
1.15602e-21
-3.41594e-23
3.06939e-22
-8.75436e-24
8.46412e-23
-2.30404e-24
2.43561e-23
-6.12025e-25
7.29825e-24
2.24686e-24
6.36018e-19
4.7089e-19
1.06465e-17
7.50928e-18
6.54824e-17
5.35223e-17
1.85996e-16
1.95349e-16
3.36873e-16
3.86877e-16
4.91762e-16
5.38449e-16
6.66702e-16
6.75095e-16
1.20998e-15
9.8317e-16
3.34761e-15
2.23591e-15
9.49781e-15
6.15864e-15
2.13475e-14
1.45514e-14
3.41474e-14
2.56977e-14
3.24217e-14
3.11376e-14
-4.57697e-15
2.14526e-14
-4.15578e-14
-2.45562e-15
-4.26367e-13
-5.19018e-14
-4.28076e-12
-2.48362e-13
-5.37487e-11
-3.61249e-13
-6.06383e-10
-4.00587e-13
-5.81571e-09
-1.5977e-12
-6.92831e-08
-1.8508e-11
-1.05084e-07
-8.30328e-11
-3.52674e-08
-3.76192e-10
-1.09994e-08
-1.2342e-10
-3.14086e-09
-3.34288e-11
-2.36325e-10
2.89918e-10
-1.03909e-13
1.87919e-11
-1.31556e-16
8.67704e-15
-6.46278e-17
3.09793e-17
-6.46586e-17
4.81218e-17
-3.79643e-17
5.34903e-17
-8.40013e-18
3.46299e-17
-1.75383e-18
8.38014e-18
-3.60724e-19
1.90182e-18
-7.4496e-20
4.2389e-19
-1.55706e-20
9.47498e-20
-3.30363e-21
2.14416e-20
-7.13241e-22
4.93375e-21
-1.57165e-22
1.15851e-21
-3.54967e-23
2.78766e-22
-8.26356e-24
6.91134e-23
-1.99043e-24
1.77779e-23
-4.94749e-25
4.77018e-24
-1.25127e-25
1.33428e-24
3.84607e-25
1.43545e-19
2.70262e-20
2.14459e-18
3.49335e-19
1.19617e-17
1.9644e-18
3.20831e-17
5.59468e-18
5.67317e-17
8.48317e-18
8.70282e-17
9.89406e-18
1.51373e-16
2.17317e-17
4.04662e-16
8.39053e-17
1.29643e-15
3.18562e-16
3.53897e-15
9.56723e-16
7.19457e-15
2.14495e-15
1.0029e-14
3.41284e-15
7.96233e-15
3.37902e-15
-1.06023e-15
2.43597e-16
-1.22411e-14
-7.04446e-15
-3.10684e-14
-1.01292e-13
-7.15915e-14
-2.73673e-13
-1.39301e-13
-3.6234e-13
-3.53021e-13
-2.17309e-13
-1.93202e-12
-5.53056e-14
-2.01441e-11
-2.62937e-13
-1.01905e-10
-1.27301e-12
-4.72049e-10
-5.7777e-12
-2.71795e-10
-2.13227e-12
-3.02583e-10
4.15631e-13
-1.82224e-11
7.81609e-12
-7.75556e-15
5.78701e-13
-4.84206e-17
6.72104e-16
-4.05634e-17
1.7312e-17
-3.38932e-17
2.43847e-17
-1.76245e-17
2.30828e-17
-3.55654e-18
1.34651e-17
-6.81963e-19
3.01052e-18
-1.29493e-19
6.34318e-19
-2.48024e-20
1.3169e-19
-4.8275e-21
2.74914e-20
-9.56964e-22
5.82388e-21
-1.93483e-22
1.25652e-21
-3.99829e-23
2.76834e-22
-8.47517e-24
6.24842e-23
-1.85263e-24
1.45164e-23
-4.19547e-25
3.49394e-24
-9.83536e-26
8.76354e-25
-2.35997e-26
2.29231e-25
6.19415e-26
8.02848e-21
-8.89362e-27
9.39571e-20
-4.58397e-25
4.08598e-19
-1.07302e-23
8.38946e-19
-1.58774e-22
1.24376e-18
-1.66555e-21
3.34343e-18
-1.3147e-20
1.54174e-17
-8.10282e-20
6.87789e-17
-4.01154e-19
2.4007e-16
-1.64307e-18
6.21126e-16
-5.80423e-18
1.1359e-15
-2.03925e-17
1.29131e-15
-7.37339e-17
1.07062e-16
-2.44369e-16
-5.11039e-15
-7.52533e-16
-1.7266e-14
-6.22119e-15
-1.67139e-13
-8.98547e-14
-2.96271e-13
-3.5439e-13
-2.63451e-13
-4.9183e-13
-8.89179e-14
-3.67648e-13
-3.9977e-14
-6.72707e-14
-2.8866e-13
-5.39097e-15
-1.55431e-12
-6.52402e-15
-7.84349e-12
-1.70535e-14
-8.89641e-12
-1.49721e-13
-8.29859e-12
-9.37374e-14
-5.60584e-13
2.46668e-13
-9.02827e-16
1.86729e-14
-2.61268e-17
5.22003e-17
-2.11864e-17
1.08279e-17
-1.53591e-17
1.04708e-17
-7.20064e-18
8.76156e-18
-1.33295e-18
4.67195e-18
-2.36304e-19
9.68628e-19
-4.17005e-20
1.90435e-19
-7.453e-21
3.70202e-20
-1.35835e-21
7.25479e-21
-2.52825e-22
1.44571e-21
-4.80824e-23
2.93809e-22
-9.35479e-24
6.10025e-23
-1.86726e-24
1.29699e-23
-3.84265e-25
2.83478e-24
-8.19381e-26
6.40748e-25
-1.81181e-26
1.5069e-25
-4.11826e-27
3.69462e-26
9.37438e-27
-1.21977e-26
-4.03771e-27
-5.91689e-25
-2.10867e-25
-1.33594e-23
-5.05124e-24
-1.89732e-22
-7.71586e-23
-1.90388e-21
-8.45221e-22
-1.43608e-20
-7.07407e-21
-8.4895e-20
-4.71519e-20
-4.08369e-19
-2.58616e-19
-1.67528e-18
-1.20322e-18
-6.36707e-18
-4.89551e-18
-2.4672e-17
-1.79085e-17
-9.95448e-17
-5.98696e-17
-3.77699e-16
-1.80859e-16
-4.5135e-16
-4.56865e-16
-9.77831e-15
-2.30822e-15
-1.85949e-13
-3.52371e-14
-4.36819e-13
-2.90875e-13
-4.50073e-13
-4.05105e-13
-2.95733e-13
-3.74806e-13
-1.30561e-14
-2.4964e-13
-1.88477e-15
-1.39091e-14
-7.26055e-15
-2.59877e-16
-2.39654e-14
-5.85356e-16
-1.72506e-13
-1.4867e-15
-2.64178e-13
-1.07157e-15
-1.82909e-14
3.07606e-15
-5.53195e-17
5.61771e-16
-1.40768e-17
7.15146e-18
-9.25199e-18
4.79005e-18
-6.00995e-18
3.81348e-18
-2.58537e-18
2.9095e-18
-4.40885e-19
1.43995e-18
-7.26939e-20
2.77675e-19
-1.19973e-20
5.11879e-20
-2.01295e-21
9.36788e-21
-3.45457e-22
1.73256e-21
-6.06831e-23
3.26445e-22
-1.0907e-23
6.27986e-23
-2.00654e-24
1.23455e-23
-3.78618e-25
2.48373e-24
-7.35945e-26
5.12955e-25
-1.48122e-26
1.09327e-25
-3.09322e-27
2.41938e-26
-6.65955e-28
5.57605e-27
1.33133e-27
-6.32056e-27
-1.28016e-27
-3.12943e-25
-6.80954e-26
-7.29028e-24
-1.66876e-24
-1.08108e-22
-2.61907e-23
-1.15017e-21
-2.96159e-22
-9.38099e-21
-2.57152e-21
-6.14158e-20
-1.78622e-20
-3.35391e-19
-1.02332e-19
-1.58343e-18
-4.96117e-19
-6.67006e-18
-2.08267e-18
-2.55564e-17
-7.71349e-18
-8.82966e-17
-2.54415e-17
-2.55219e-16
-7.42766e-17
-3.02505e-16
-1.88074e-16
-2.23257e-15
-5.89173e-16
-5.77392e-14
-3.24602e-15
-3.63073e-13
-6.04409e-14
-4.4596e-13
-2.48041e-13
-4.28624e-13
-3.01439e-13
-1.20819e-13
-2.24675e-13
-1.63075e-15
-2.95179e-14
-9.71541e-16
-1.69317e-16
-1.72766e-15
-1.0301e-16
-4.50059e-15
-6.35409e-17
-3.33567e-15
-1.17814e-17
-4.64043e-16
2.16598e-16
-1.71161e-17
6.27048e-17
-6.24436e-18
3.56773e-18
-3.41679e-18
1.73702e-18
-2.03179e-18
1.18158e-18
-8.14086e-19
8.40217e-19
-1.28276e-19
3.91868e-19
-1.97797e-20
7.05017e-20
-3.07164e-21
1.22489e-20
-4.86726e-22
2.12242e-21
-7.9104e-23
3.72571e-22
-1.3184e-23
6.67376e-23
-2.25067e-24
1.2216e-23
-3.93343e-25
2.28526e-24
-7.04662e-26
4.3717e-25
-1.29874e-26
8.5715e-26
-2.47507e-27
1.73032e-26
-4.89198e-28
3.61772e-27
-9.98541e-29
7.86421e-28
1.77143e-28
-2.2507e-27
-3.16125e-28
-1.13815e-25
-1.73999e-26
-2.72318e-24
-4.41917e-25
-4.1683e-23
-7.1986e-24
-4.6002e-22
-8.45396e-23
-3.9091e-21
-7.62033e-22
-2.67213e-20
-5.48132e-21
-1.51972e-19
-3.23268e-20
-7.39726e-19
-1.59613e-19
-3.15179e-18
-6.71552e-19
-1.19004e-17
-2.44673e-18
-3.96746e-17
-7.83694e-18
-1.14706e-16
-2.23642e-17
-2.85659e-16
-5.73595e-17
-7.49043e-16
-1.32295e-16
-3.65376e-15
-5.08936e-16
-8.40975e-14
-2.4753e-15
-3.30574e-13
-3.30463e-14
-3.90675e-13
-8.09406e-14
-1.43557e-13
-6.5934e-14
-7.5e-16
-9.82675e-15
-4.31242e-16
-3.41375e-16
-4.12609e-16
-6.95667e-17
-3.53071e-16
-2.70153e-17
-2.54799e-16
-7.96799e-18
-1.06267e-16
5.27035e-18
-9.31096e-18
9.78739e-18
-2.70572e-18
1.49098e-18
-1.09772e-18
6.10679e-19
-5.91983e-19
3.18279e-19
-2.23782e-19
2.09397e-19
-3.26842e-20
9.34067e-20
-4.73989e-21
1.57418e-20
-6.96935e-22
2.59301e-21
-1.04945e-22
4.28107e-22
-1.62475e-23
7.17726e-23
-2.58352e-24
1.22946e-23
-4.21084e-25
2.15334e-24
-7.02563e-26
3.85375e-25
-1.20053e-26
7.04619e-26
-2.10708e-27
1.31815e-26
-3.81657e-28
2.53248e-27
-7.16042e-29
5.02477e-28
-1.3882e-29
1.03419e-28
2.20445e-29
-6.23549e-28
-5.83876e-29
-3.26439e-26
-3.35697e-27
-8.1041e-25
-8.91095e-26
-1.28823e-23
-1.51831e-24
-1.47567e-22
-1.86508e-23
-1.29818e-21
-1.75627e-22
-9.13154e-21
-1.31531e-21
-5.28625e-20
-8.02329e-21
-2.57703e-19
-4.05085e-20
-1.07918e-18
-1.7116e-19
-3.95272e-18
-6.09766e-19
-1.28637e-17
-1.84015e-18
-3.76068e-17
-4.71388e-18
-9.90379e-17
-1.02431e-17
-2.34616e-16
-1.87965e-17
-7.42861e-16
-2.88308e-17
-3.92644e-15
-3.67172e-17
-2.90989e-14
-4.72779e-17
-4.54665e-14
-5.78355e-17
-1.97293e-14
-7.48695e-17
-1.3136e-15
-4.61632e-17
-2.73782e-16
-5.00621e-17
-1.77017e-16
-4.02168e-17
-1.31231e-16
-2.33159e-17
-7.73409e-17
-8.62529e-18
-3.35689e-17
-7.25263e-19
-6.57835e-18
1.82585e-18
-1.50061e-18
7.8034e-19
-3.32282e-19
2.71357e-19
-1.47769e-19
8.03324e-20
-5.32914e-20
4.46298e-20
-7.24752e-21
1.93033e-20
-9.95036e-22
3.06513e-21
-1.39483e-22
4.82206e-22
-2.00927e-23
7.64148e-23
-2.9818e-24
1.23203e-23
-4.55003e-25
2.03126e-24
-7.11938e-26
3.42464e-25
-1.13991e-26
5.89683e-26
-1.86718e-27
1.03612e-26
-3.13538e-28
1.85917e-27
-5.4206e-29
3.41689e-28
-9.68745e-30
6.46478e-29
-1.78837e-30
1.26518e-29
2.56099e-30
-1.28747e-28
-8.28762e-30
-7.03735e-27
-5.10636e-28
-1.8269e-25
-1.45244e-26
-3.03697e-24
-2.65383e-25
-3.63339e-23
-3.49859e-24
-3.32693e-22
-3.53846e-23
-2.41942e-21
-2.84896e-22
-1.43139e-20
-1.87063e-21
-7.00268e-20
-1.01848e-20
-2.86489e-19
-4.65371e-20
-9.87569e-19
-1.80073e-19
-2.88134e-18
-5.94287e-19
-7.12537e-18
-1.68279e-18
-1.48994e-17
-4.10984e-18
-2.61312e-17
-8.69953e-18
-3.77729e-17
-1.60342e-17
-4.40223e-17
-2.58407e-17
-5.02302e-17
-3.65356e-17
-5.92097e-17
-4.5399e-17
-8.62973e-17
-4.95428e-17
-1.35959e-16
-4.72544e-17
-1.49732e-16
-3.89218e-17
-1.32159e-16
-2.70074e-17
-9.40584e-17
-1.52718e-17
-5.22979e-17
-6.35677e-18
-2.17021e-17
-1.39512e-18
-5.79784e-18
4.53082e-19
-1.04314e-18
4.77031e-19
-1.10252e-19
1.47571e-19
-3.13554e-20
2.19822e-20
-1.088e-20
8.04746e-21
-1.38753e-21
3.41464e-21
-1.81839e-22
5.15366e-22
-2.44942e-23
7.81613e-23
-3.40039e-24
1.19917e-23
-4.86988e-25
1.87402e-24
-7.17573e-26
2.99502e-25
-1.08414e-26
4.89251e-26
-1.67496e-27
8.1547e-27
-2.64369e-28
1.38494e-27
-4.26845e-29
2.39689e-28
-7.07621e-30
4.23671e-29
-1.20951e-30
7.68299e-30
-2.13286e-31
1.43636e-30
2.77194e-31
-2.07463e-29
-8.75e-31
-1.21359e-27
-5.65044e-29
-3.37706e-26
-1.6845e-27
-6.02258e-25
-3.22587e-26
-7.73616e-24
-4.45879e-25
-7.61231e-23
-4.73119e-24
-5.95593e-22
-4.00085e-23
-3.79754e-21
-2.76346e-22
-2.00756e-20
-1.58608e-21
-8.91241e-20
-7.65924e-21
-3.35603e-19
-3.14139e-20
-1.08085e-18
-1.10237e-19
-2.99917e-18
-3.32952e-19
-7.2194e-18
-8.69797e-19
-1.51753e-17
-1.97331e-18
-2.80366e-17
-3.90039e-18
-4.58093e-17
-6.73162e-18
-6.65609e-17
-1.0153e-17
-8.63696e-17
-1.33674e-17
-1.00279e-16
-1.53073e-17
-1.03917e-16
-1.51545e-17
-9.51977e-17
-1.2855e-17
-7.67867e-17
-9.27674e-18
-5.2989e-17
-5.42332e-18
-3.00937e-17
-2.42941e-18
-1.32306e-17
-7.15453e-19
-3.95333e-18
-4.27685e-20
-6.51061e-19
1.95202e-19
-4.14804e-20
6.90521e-20
-5.60321e-21
6.69797e-21
-1.87916e-21
1.2115e-21
-2.27165e-22
5.08874e-22
-2.87171e-23
7.39767e-23
-3.75198e-24
1.0947e-23
-5.06158e-25
1.6429e-24
-7.04781e-26
2.51111e-25
-1.00956e-26
3.92121e-26
-1.48192e-27
6.25076e-27
-2.22199e-28
1.01512e-27
-3.39794e-29
1.67659e-28
-5.30282e-30
2.81507e-29
-8.4715e-31
4.81268e-30
-1.39108e-31
8.41038e-31
-2.35189e-32
1.50958e-31
2.78953e-32
-2.41167e-30
-2.50012e-32
-1.47638e-28
-1.6909e-30
-4.30314e-27
-5.28709e-29
-8.04159e-26
-1.06449e-27
-1.08321e-24
-1.55093e-26
-1.11892e-23
-1.73979e-25
-9.20406e-23
-1.56056e-24
-6.18214e-22
-1.14763e-23
-3.45111e-21
-7.04143e-23
-1.62234e-20
-3.65069e-22
-6.48797e-20
-1.61464e-21
-2.22559e-19
-6.13658e-21
-6.59414e-19
-2.01548e-20
-1.6976e-18
-5.74562e-20
-3.81682e-18
-1.42637e-19
-7.52694e-18
-3.09061e-19
-1.30615e-17
-5.85145e-19
-1.99832e-17
-9.67835e-19
-2.69638e-17
-1.39581e-18
-3.20538e-17
-1.748e-18
-3.35587e-17
-1.88755e-18
-3.10446e-17
-1.73868e-18
-2.46819e-17
-1.34448e-18
-1.66963e-17
-8.51802e-19
-9.4538e-18
-4.24503e-19
-4.35891e-18
-1.52552e-19
-1.5502e-18
-2.86831e-20
-2.85336e-19
2.98015e-20
-1.38891e-20
2.10891e-20
-8.32911e-22
1.7656e-21
-2.70105e-22
1.49638e-22
-3.14482e-23
6.26575e-23
-3.88676e-24
8.94592e-24
-4.98054e-25
1.31187e-24
-6.59159e-26
1.95004e-25
-8.99757e-27
2.94567e-26
-1.26216e-27
4.53468e-27
-1.81198e-28
7.10958e-28
-2.65291e-29
1.13293e-28
-3.95333e-30
1.83156e-29
-5.99611e-31
3.00189e-30
-9.27933e-32
4.99302e-31
-1.47091e-32
8.45626e-32
-2.39429e-33
1.46499e-32
2.60445e-33
-7.52624e-32
-1.16319e-34
-4.82473e-30
-8.16701e-33
-1.4772e-28
-2.65686e-31
-2.908e-27
-5.58406e-30
-4.1388e-26
-8.52351e-29
-4.53213e-25
-1.0058e-27
-3.96658e-24
-9.53453e-27
-2.84594e-23
-7.44897e-26
-1.70414e-22
-4.88379e-25
-8.62957e-22
-2.72308e-24
-3.73295e-21
-1.30432e-23
-1.39036e-20
-5.40907e-23
-4.48713e-20
-1.9541e-22
-1.26122e-19
-6.17969e-22
-3.09996e-19
-1.71716e-21
-6.68302e-19
-4.20399e-21
-1.26611e-18
-9.0833e-21
-2.10921e-18
-1.7328e-20
-3.08685e-18
-2.91561e-20
-3.95778e-18
-4.31439e-20
-4.42414e-18
-5.58447e-20
-4.28175e-18
-6.26685e-20
-3.55589e-18
-6.01132e-20
-2.50783e-18
-4.81866e-20
-1.4846e-18
-3.10864e-20
-7.25923e-19
-1.5049e-20
-2.86234e-19
-4.60995e-21
-7.55848e-20
-2.77265e-22
-3.24127e-21
3.33276e-21
-1.01004e-22
3.09594e-22
-3.16723e-23
1.4766e-23
-3.63316e-24
6.22553e-24
-4.46593e-25
8.97421e-25
-5.68801e-26
1.33041e-25
-7.46653e-27
1.98849e-26
-1.00843e-27
3.00483e-27
-1.39648e-28
4.60662e-28
-1.97479e-29
7.16525e-29
-2.8416e-30
1.129e-29
-4.15142e-31
1.79902e-30
-6.15474e-32
2.89683e-31
-9.27751e-33
4.71663e-32
-1.42696e-33
7.78742e-33
-2.24654e-34
1.30946e-33
2.25105e-34
-3.765e-34
-3.13348e-37
-2.50722e-32
-2.33922e-35
-8.00641e-31
-8.10352e-34
-1.65016e-29
-1.81879e-32
-2.46903e-28
-2.97367e-31
-2.85542e-27
-3.77132e-30
-2.65298e-26
-3.85652e-29
-2.03227e-25
-3.26335e-28
-1.30746e-24
-2.32743e-27
-7.16216e-24
-1.41811e-26
-3.37614e-23
-7.4578e-26
-1.38098e-22
-3.41205e-25
-4.93481e-22
-1.36644e-24
-1.54899e-21
-4.81289e-24
-4.28976e-21
-1.49626e-23
-1.0517e-20
-4.11599e-23
-2.28789e-20
-1.00325e-22
-4.42149e-20
-2.16721e-22
-7.58895e-20
-4.14424e-22
-1.15455e-19
-6.99506e-22
-1.55041e-19
-1.03691e-21
-1.82485e-19
-1.33901e-21
-1.86213e-19
-1.48763e-21
-1.62086e-19
-1.39446e-21
-1.17519e-19
-1.06843e-21
-6.85792e-20
-6.32525e-22
-3.07116e-20
-2.56952e-22
-1.01154e-20
-4.91423e-23
-4.57452e-22
1.6475e-22
-9.66149e-24
3.03039e-23
-2.95777e-24
1.11363e-24
-3.44913e-25
4.84884e-25
-4.30928e-26
7.3334e-26
-5.5436e-27
1.12747e-26
-7.30999e-28
1.72585e-27
-9.87142e-29
2.64622e-28
-1.36152e-29
4.08683e-29
-1.91126e-30
6.36766e-30
-2.72176e-31
1.00039e-30
-3.92325e-32
1.58299e-31
-5.71967e-33
2.5214e-32
-8.44604e-34
4.04464e-33
-1.26735e-34
6.5502e-34
-1.93934e-35
1.07531e-34
1.79713e-35
-1.10945e-36
-2.30063e-40
-7.85717e-35
-1.77464e-38
-2.67749e-33
-6.36392e-37
-5.90737e-32
-1.48333e-35
-9.49342e-31
-2.5279e-34
-1.18353e-29
-3.3562e-33
-1.19008e-28
-3.61071e-32
-9.90799e-28
-3.23254e-31
-6.95861e-27
-2.45454e-30
-4.18032e-26
-1.6034e-29
-2.171e-25
-9.1096e-29
-9.82835e-25
-4.54003e-28
-3.90419e-24
-1.99831e-27
-1.36797e-23
-7.80949e-27
-4.2449e-23
-2.7209e-26
-1.17003e-22
-8.47602e-26
-2.86999e-22
-2.36488e-25
-6.26958e-22
-5.91204e-25
-1.21901e-21
-1.32277e-24
-2.10486e-21
-2.64085e-24
-3.21406e-21
-4.67892e-24
-4.31049e-21
-7.29264e-24
-5.02419e-21
-9.86413e-24
-5.00769e-21
-1.13385e-23
-4.15888e-21
-1.07159e-23
-2.75155e-21
-7.88356e-24
-1.33166e-21
-4.08454e-24
-4.124e-22
-1.18599e-24
-3.41068e-23
-6.08122e-26
-6.89767e-25
1.31852e-24
-2.13563e-25
5.95617e-26
-2.64193e-26
2.85308e-26
-3.44855e-27
4.77555e-27
-4.56891e-28
7.86854e-28
-6.14256e-29
1.26161e-28
-8.39287e-30
1.99596e-29
-1.16437e-30
3.14658e-30
-1.63635e-31
4.96442e-31
-2.32345e-32
7.8483e-32
-3.32678e-33
1.24318e-32
-4.79946e-34
1.973e-33
-6.98432e-35
3.13918e-34
-1.02824e-35
5.01851e-35
-1.53739e-36
8.09236e-36
1.32232e-36
-8.60258e-40
-1.23231e-43
-6.30138e-38
-1.03169e-41
-2.22875e-36
-4.01011e-40
-5.1228e-35
-1.01377e-38
-8.61306e-34
-1.87491e-37
-1.12889e-32
-2.70296e-36
-1.20001e-31
-3.15911e-35
-1.06272e-30
-3.07347e-34
-7.99374e-30
-2.53622e-33
-5.18177e-29
-1.79993e-32
-2.92743e-28
-1.11018e-31
-1.45424e-27
-5.99923e-31
-6.39747e-27
-2.85792e-30
-2.50645e-26
-1.20586e-29
-8.78384e-26
-4.5218e-29
-2.76224e-25
-1.5103e-28
-7.80952e-25
-4.49785e-28
-1.98617e-24
-1.19411e-27
-4.53921e-24
-2.82136e-27
-9.29395e-24
-5.91217e-27
-1.69531e-23
-1.09251e-26
-2.73019e-23
-1.7647e-26
-3.82781e-23
-2.45912e-26
-4.57296e-23
-2.89862e-26
-4.50128e-23
-2.80423e-26
-3.45412e-23
-2.12216e-26
-1.87096e-23
-1.15674e-26
-5.86368e-24
-3.85569e-27
-9.64303e-25
-5.0409e-28
-3.36544e-26
1.21189e-26
-1.14719e-26
1.99049e-27
-1.59666e-27
1.20625e-27
-2.25544e-28
2.4112e-28
-3.15145e-29
4.44433e-29
-4.39588e-30
7.67483e-30
-6.16046e-31
1.2781e-30
-8.69223e-32
2.08828e-31
-1.23434e-32
3.37712e-32
-1.76164e-33
5.42715e-33
-2.52365e-34
8.68106e-34
-3.62667e-35
1.38342e-34
-5.23345e-36
2.1987e-35
-7.60412e-37
3.49298e-36
-1.11704e-37
5.56752e-37
8.94773e-38
-5.07902e-43
-2.95513e-48
-4.0314e-41
-2.44211e-46
-1.5458e-39
-9.3501e-45
-3.8541e-38
-2.32629e-43
-7.0323e-37
-4.23131e-42
-1.00066e-35
-5.99644e-41
-1.15504e-34
-6.88732e-40
-1.11066e-33
-6.58403e-39
-9.06712e-33
-5.3389e-38
-6.3734e-32
-3.72419e-37
-3.89882e-31
-2.25882e-36
-2.09289e-30
-1.20118e-35
-9.92201e-30
-5.63689e-35
-4.17468e-29
-2.34635e-34
-1.56453e-28
-8.69753e-34
-5.23509e-28
-2.87975e-33
-1.56585e-27
-8.53504e-33
-4.18593e-27
-2.26741e-32
-9.98406e-27
-5.40209e-32
-2.11701e-26
-1.15387e-31
-3.9663e-26
-2.20664e-31
-6.50411e-26
-3.76834e-31
-9.20346e-26
-5.72087e-31
-1.09998e-25
-7.66396e-31
-1.0745e-25
-8.94997e-31
-8.134e-26
-8.93197e-31
-4.34422e-26
-7.38834e-31
-1.36613e-26
-4.86421e-31
-3.29013e-27
-2.45945e-31
-9.67825e-28
-6.33277e-32
-4.34378e-28
3.21276e-29
-7.39994e-29
3.3986e-29
-1.18443e-29
9.10394e-30
-1.79745e-30
1.98867e-30
-2.65589e-31
3.83106e-31
-3.87795e-32
6.87889e-32
-5.63461e-33
1.18575e-32
-8.16862e-34
1.99293e-33
-1.18212e-34
3.29255e-34
-1.7074e-35
5.36922e-35
-2.46124e-36
8.66339e-36
-3.54487e-37
1.38574e-36
-5.11465e-38
2.2029e-37
-7.4246e-39
3.4936e-38
5.5564e-39
-1.21377e-47
-5.19874e-55
-9.49011e-46
-4.99235e-53
-3.57998e-44
-2.22209e-51
-8.77486e-43
-6.44989e-50
-1.57308e-41
-1.37437e-48
-2.19838e-40
-2.29236e-47
-2.49163e-39
-3.115e-46
-2.35238e-38
-3.54358e-45
-1.88576e-37
-3.44166e-44
-1.30201e-36
-2.8965e-43
-7.82768e-36
-2.13699e-42
-4.13296e-35
-1.39516e-41
-1.92951e-34
-8.12299e-41
-8.0084e-34
-4.24578e-40
-2.9678e-33
-2.00386e-39
-9.85362e-33
-8.584e-39
-2.93877e-32
-3.35309e-38
-7.88807e-32
-1.19929e-37
-1.90782e-31
-3.94132e-37
-4.15996e-31
-1.19319e-36
-8.175e-31
-3.33171e-36
-1.44585e-30
-8.57612e-36
-2.29448e-30
-2.02966e-35
-3.24925e-30
-4.39481e-35
-4.07052e-30
-8.65028e-35
-4.46467e-30
-1.53834e-34
-4.29533e-30
-2.46892e-34
-3.93648e-30
-3.61259e-34
-4.85898e-30
-4.88414e-34
-1.1729e-29
-5.44689e-34
-1.06515e-29
9.84186e-32
-2.53118e-30
5.60091e-31
-4.88533e-31
2.44222e-31
-8.35676e-32
6.85927e-32
-1.3412e-32
1.54275e-32
-2.07809e-33
3.07612e-33
-3.15369e-34
5.71251e-34
-4.72122e-35
1.01384e-34
-6.99454e-36
1.74388e-35
-1.02705e-36
2.92969e-36
-1.49611e-37
4.82942e-37
-2.16534e-38
7.83651e-38
-3.12225e-39
1.2557e-38
-4.50579e-40
1.99494e-39
3.16009e-40
-2.49198e-54
-3.2725e-60
-2.26501e-52
-3.62016e-58
-9.96575e-51
-1.85708e-56
-2.86046e-49
-6.22968e-55
-6.03254e-48
-1.53897e-53
-9.96846e-47
-2.98576e-52
-1.34358e-45
-4.73567e-51
-1.51815e-44
-6.31073e-50
-1.46698e-43
-7.20644e-49
-1.23074e-42
-7.15758e-48
-9.07277e-42
-6.2554e-47
-5.93468e-41
-4.85548e-46
-3.47322e-40
-3.37308e-45
-1.83177e-39
-2.11087e-44
-8.76202e-39
-1.19672e-43
-3.82353e-38
-6.17801e-43
-1.53024e-37
-2.91809e-42
-5.64343e-37
-1.26693e-41
-1.92545e-36
-5.07903e-41
-6.09509e-36
-1.88846e-40
-1.79282e-35
-6.53866e-40
-4.89978e-35
-2.11481e-39
-1.24263e-34
-6.39736e-39
-2.9208e-34
-1.80705e-38
-6.37764e-34
-4.74065e-38
-1.31094e-33
-1.14463e-37
-2.6346e-33
-2.51783e-37
-5.59594e-33
-5.03834e-37
-1.41062e-32
-9.47045e-37
-4.80887e-32
-1.7763e-36
-1.44659e-31
-2.13507e-36
-6.04336e-32
4.03045e-33
-1.53781e-32
4.29948e-33
-3.11219e-33
1.75758e-33
-5.59513e-34
4.90669e-34
-9.40084e-35
1.1274e-34
-1.51454e-35
2.31297e-35
-2.37163e-36
4.4153e-36
-3.6352e-37
8.02109e-37
-5.47543e-38
1.40445e-37
-8.12394e-39
2.38846e-38
-1.19002e-39
3.96534e-39
-1.72625e-40
6.45385e-40
-2.49205e-41
1.03445e-40
1.6429e-41
-1.8064e-59
-3.26978e-65
-1.89176e-57
-4.08491e-63
-9.61721e-56
-2.3758e-61
-3.199e-54
-9.08683e-60
-7.84391e-53
-2.57415e-58
-1.51211e-51
-5.75989e-57
-2.38596e-50
-1.05971e-55
-3.16746e-49
-1.64746e-54
-3.60897e-48
-2.20723e-53
-3.58298e-47
-2.58646e-52
-3.13658e-46
-2.68141e-51
-2.44465e-45
-2.48179e-50
-1.71019e-44
-2.06584e-49
-1.0814e-43
-1.55588e-48
-6.22e-43
-1.06559e-47
-3.27355e-42
-6.66483e-47
-1.58548e-41
-3.82098e-46
-7.10698e-41
-2.01456e-45
-2.96529e-40
-9.79841e-45
-1.15797e-39
-4.41019e-44
-4.25294e-39
-1.8432e-43
-1.47424e-38
-7.18201e-43
-4.82981e-38
-2.62178e-42
-1.49376e-37
-9.01888e-42
-4.34981e-37
-2.94241e-41
-1.19307e-36
-9.15946e-41
-3.13683e-36
-2.73198e-40
-8.49057e-36
-7.81565e-40
-2.79426e-35
-2.13605e-39
-1.2909e-34
-5.45874e-39
-7.6618e-34
-1.13688e-38
-9.21592e-34
3.08164e-36
-3.55141e-34
4.30417e-35
-9.08117e-35
3.17096e-35
-1.90139e-35
1.19894e-35
-3.55575e-36
3.33048e-36
-6.19764e-37
7.78454e-37
-1.03003e-37
1.63344e-37
-1.65271e-38
3.18575e-38
-2.57868e-39
5.8896e-39
-3.93003e-40
1.04444e-39
-5.8706e-41
1.79043e-40
-8.62684e-42
2.98399e-41
-1.2539e-42
4.86128e-42
7.79407e-43
-2.02835e-64
-8.94457e-70
-2.40747e-62
-1.18928e-67
-1.39508e-60
-7.36878e-66
-5.31948e-59
-3.0128e-64
-1.5037e-57
-9.16509e-63
-3.3608e-56
-2.21471e-61
-6.18291e-55
-4.42991e-60
-9.62336e-54
-7.54481e-59
-1.29256e-52
-1.11685e-57
-1.52075e-51
-1.45938e-56
-1.58563e-50
-1.70364e-55
-1.47886e-49
-1.79361e-54
-1.24319e-48
-1.71589e-53
-9.47947e-48
-1.50065e-52
-6.59217e-47
-1.20555e-51
-4.20086e-46
-8.9303e-51
-2.46377e-45
-6.11791e-50
-1.33545e-44
-3.88473e-49
-6.71867e-44
-2.2899e-48
-3.15226e-43
-1.25428e-47
-1.38697e-42
-6.3869e-47
-5.76218e-42
-3.02374e-46
-2.27939e-41
-1.33086e-45
-8.67106e-41
-5.44711e-45
-3.20759e-40
-2.07619e-44
-1.16793e-39
-7.40019e-44
-4.24712e-39
-2.48975e-43
-1.57641e-38
-8.05029e-43
-6.19891e-38
-2.57625e-42
-2.74014e-37
-8.45026e-42
-1.47525e-36
-2.80353e-41
-7.61601e-36
-6.16957e-41
-5.67551e-36
1.74908e-37
-2.01639e-36
3.69988e-37
-5.17325e-37
2.1672e-37
-1.11185e-37
7.76577e-38
-2.14404e-38
2.14946e-38
-3.84562e-39
5.08831e-39
-6.54463e-40
1.08579e-39
-1.06921e-40
2.15067e-40
-1.68917e-41
4.02429e-41
-2.59385e-42
7.19417e-42
-3.88941e-43
1.23843e-42
-5.73005e-44
2.06658e-43
3.36877e-44
-5.84726e-69
-4.33041e-74
-7.39288e-67
-6.42556e-72
-4.57857e-65
-4.41513e-70
-1.87427e-63
-1.99289e-68
-5.71961e-62
-6.66115e-67
-1.38917e-60
-1.75997e-65
-2.79829e-59
-3.8301e-64
-4.80896e-58
-7.06301e-63
-7.1969e-57
-1.12693e-61
-9.52575e-56
-1.58094e-60
-1.12856e-54
-1.97532e-59
-1.20819e-53
-2.22179e-58
-1.17766e-52
-2.27028e-57
-1.05154e-51
-2.12443e-56
-8.64378e-51
-1.83355e-55
-6.56722e-50
-1.46902e-54
-4.62652e-49
-1.09891e-53
-3.02994e-48
-7.71449e-53
-1.84845e-47
-5.10438e-52
-1.05218e-46
-3.19407e-51
-5.59663e-46
-1.89467e-50
-2.78634e-45
-1.06671e-49
-1.30159e-44
-5.70103e-49
-5.72983e-44
-2.89017e-48
-2.39683e-43
-1.38809e-47
-9.67618e-43
-6.30997e-47
-3.87676e-42
-2.7172e-46
-1.61582e-41
-1.11419e-45
-7.52193e-41
-4.4065e-45
-4.24075e-40
-1.71369e-44
-3.003e-39
-6.56153e-44
-2.53467e-38
-2.17008e-43
-5.71573e-38
-7.32782e-45
-3.2719e-38
2.3858e-39
-1.1024e-38
2.74177e-39
-2.8355e-39
1.39056e-39
-6.21406e-40
4.79204e-40
-1.22642e-40
1.32112e-40
-2.24686e-41
3.15382e-41
-3.88951e-42
6.80544e-42
-6.43317e-43
1.36142e-42
-1.02422e-43
2.56563e-43
-1.57911e-44
4.60407e-44
-2.37451e-45
7.93407e-45
1.32474e-45
-3.1106e-73
-1.08206e-78
-4.36334e-71
-1.84578e-76
-2.9832e-69
-1.45706e-74
-1.34164e-67
-7.56943e-73
-4.4754e-66
-2.91758e-71
-1.18219e-64
-8.90659e-70
-2.57711e-63
-2.24353e-68
-4.77074e-62
-4.79614e-67
-7.65956e-61
-8.88115e-66
-1.08416e-59
-1.44676e-64
-1.37085e-58
-2.09867e-63
-1.56566e-57
-2.73742e-62
-1.63063e-56
-3.23633e-61
-1.56176e-55
-3.49114e-60
-1.38596e-54
-3.45566e-59
-1.14738e-53
-3.1539e-58
-8.91479e-53
-2.66544e-57
-6.53502e-52
-2.09392e-56
-4.53963e-51
-1.53457e-55
-2.99867e-50
-1.05291e-54
-1.88821e-49
-6.78893e-54
-1.13529e-48
-4.13068e-53
-6.52514e-48
-2.38323e-52
-3.58957e-47
-1.31142e-51
-1.89467e-46
-6.92858e-51
-9.65098e-46
-3.5403e-50
-4.8051e-45
-1.76227e-49
-2.39878e-44
-8.60202e-49
-1.25361e-43
-4.14278e-48
-7.24217e-43
-1.9834e-47
-4.80561e-42
-9.51679e-47
-3.64882e-41
-4.46761e-46
-3.06104e-40
-1.48527e-45
-3.6544e-40
5.74775e-42
-1.78718e-40
2.22093e-41
-5.8e-41
1.84141e-41
-1.49303e-41
8.45469e-42
-3.31726e-42
2.82478e-42
-6.65417e-43
7.74676e-43
-1.23684e-43
1.85636e-43
-2.16502e-44
4.02916e-44
-3.60671e-45
8.09973e-45
-5.76375e-46
1.53033e-45
-8.91037e-47
2.74694e-46
4.73412e-47
-8.74533e-78
-2.7351e-83
-1.41069e-75
-4.99263e-81
-1.11031e-73
-4.2209e-79
-5.7585e-72
-2.35622e-77
-2.21913e-70
-9.80181e-76
-6.78313e-69
-3.24628e-74
-1.71348e-67
-8.92463e-73
-3.67929e-66
-2.09619e-71
-6.85489e-65
-4.29588e-70
-1.12555e-63
-7.80587e-69
-1.64884e-62
-1.27349e-67
-2.17639e-61
-1.88432e-66
-2.60966e-60
-2.54946e-65
-2.86226e-59
-3.17544e-64
-2.88857e-58
-3.66129e-63
-2.69633e-57
-3.92589e-62
-2.33906e-56
-3.92976e-61
-1.89426e-55
-3.68352e-60
-1.43851e-54
-3.24118e-59
-1.02925e-53
-2.68238e-58
-6.97532e-53
-2.0908e-57
-4.50544e-52
-1.53629e-56
-2.79421e-51
-1.06468e-55
-1.67863e-50
-6.96098e-55
-9.86787e-50
-4.2956e-54
-5.74052e-49
-2.50585e-53
-3.34636e-48
-1.38824e-52
-1.98547e-47
-7.38793e-52
-1.22819e-46
-3.86814e-51
-8.25556e-46
-2.07122e-50
-6.40439e-45
-1.17615e-49
-6.01399e-44
-6.95814e-49
-6.72135e-43
-3.63305e-48
-2.55344e-42
-3.38598e-48
-2.11737e-42
9.74768e-44
-9.31691e-43
1.70663e-43
-2.93664e-43
1.15007e-43
-7.54878e-44
4.90223e-44
-1.69072e-44
1.59499e-44
-3.42506e-45
4.34043e-45
-6.42091e-46
1.03928e-45
-1.13037e-46
2.25795e-46
-1.88836e-47
4.53993e-47
-3.02402e-48
8.5662e-48
1.5361e-48
-2.30166e-82
-1.09776e-87
-3.98097e-80
-2.26572e-85
-3.36852e-78
-2.15177e-83
-1.88585e-76
-1.34276e-81
-7.88422e-75
-6.21382e-80
-2.62971e-73
-2.27759e-78
-7.2961e-72
-6.89268e-77
-1.73308e-70
-1.77225e-75
-3.59943e-69
-3.95371e-74
-6.64208e-68
-7.77706e-73
-1.10279e-66
-1.36622e-71
-1.6641e-65
-2.16612e-70
-2.30113e-64
-3.12723e-69
-2.93581e-63
-4.14283e-68
-3.47532e-62
-5.0707e-67
-3.83529e-61
-5.77018e-66
-3.96153e-60
-6.14042e-65
-3.8427e-59
-6.14471e-64
-3.51015e-58
-5.81312e-63
-3.02644e-57
-5.22548e-62
-2.46773e-56
-4.4846e-61
-1.90617e-55
-3.6904e-60
-1.39724e-54
-2.92268e-59
-9.74148e-54
-2.23424e-58
-6.4855e-53
-1.65226e-57
-4.15592e-52
-1.18399e-56
-2.60515e-51
-8.23431e-56
-1.64808e-50
-5.57045e-55
-1.10699e-49
-3.68004e-54
-8.37069e-49
-2.39054e-53
-7.35106e-48
-1.54279e-52
-7.37131e-47
-9.98171e-52
-8.10444e-46
-6.31058e-51
-9.44394e-45
-2.95371e-50
-1.72885e-44
1.49728e-46
-1.14332e-44
1.01319e-45
-4.65679e-45
1.16403e-45
-1.43186e-45
6.78193e-46
-3.66364e-46
2.72467e-46
-8.2265e-47
8.64544e-47
-1.67354e-47
2.3274e-47
-3.14689e-48
5.54466e-48
-5.54552e-49
1.20026e-48
-9.27221e-50
2.40383e-49
4.52295e-50
-1.01067e-86
-1.58846e-92
-1.96602e-84
-3.76591e-90
-1.86072e-82
-4.10928e-88
-1.15908e-80
-2.95302e-86
-5.36302e-79
-1.57804e-84
-1.96881e-77
-6.69887e-83
-5.97807e-76
-2.35512e-81
-1.54512e-74
-7.05702e-80
-3.47202e-73
-1.84054e-78
-6.89417e-72
-4.24568e-77
-1.22551e-70
-8.77232e-76
-1.97134e-69
-1.64013e-74
-2.89609e-68
-2.79823e-73
-3.91717e-67
-4.38708e-72
-4.9137e-66
-6.35796e-71
-5.75513e-65
-8.56017e-70
-6.33415e-64
-1.07527e-68
-6.59129e-63
-1.26472e-67
-6.52323e-62
-1.39713e-66
-6.17462e-61
-1.45335e-65
-5.61947e-60
-1.4267e-64
-4.94078e-59
-1.32416e-63
-4.21458e-58
-1.16398e-62
-3.5013e-57
-9.7084e-62
-2.84341e-56
-7.7022e-61
-2.26714e-55
-5.83504e-60
-1.7857e-54
-4.25029e-59
-1.40296e-53
-3.01352e-58
-1.11716e-52
-2.1235e-57
-9.25442e-52
-1.5334e-56
-8.30259e-51
-1.1724e-55
-8.49655e-50
-9.59579e-55
-1.03337e-48
-8.04011e-54
-1.48507e-47
-5.86091e-53
-8.87327e-47
-1.11809e-52
-1.03214e-46
3.27037e-48
-5.84119e-47
8.33033e-48
-2.23942e-47
7.30983e-48
-6.72568e-48
3.81562e-48
-1.70657e-48
1.45705e-48
-3.82285e-49
4.5073e-49
-7.7679e-50
1.19664e-49
-1.45797e-50
2.82436e-50
-2.56638e-51
6.06634e-51
1.20821e-51
-1.61666e-91
-4.47833e-97
-3.61717e-89
-1.14092e-94
-3.9443e-87
-1.33284e-92
-2.83769e-85
-1.02332e-90
-1.52065e-83
-5.83385e-89
-6.48428e-82
-2.63933e-87
-2.29387e-80
-9.88447e-86
-6.92855e-79
-3.15548e-84
-1.82483e-77
-8.77519e-83
-4.25892e-76
-2.16192e-81
-8.92054e-75
-4.78302e-80
-1.6942e-73
-9.61014e-79
-2.94243e-72
-1.77039e-77
-4.70659e-71
-3.01511e-76
-6.9756e-70
-4.78155e-75
-9.62875e-69
-7.10592e-74
-1.24336e-67
-9.9512e-73
-1.50775e-66
-1.31959e-71
-1.72277e-65
-1.66383e-70
-1.8603e-64
-2.00172e-69
-1.90366e-63
-2.30447e-68
-1.85109e-62
-2.54459e-67
-1.71555e-61
-2.70003e-66
-1.52125e-60
-2.7576e-65
-1.29805e-59
-2.7151e-64
-1.0757e-58
-2.58176e-63
-8.79292e-58
-2.37669e-62
-7.2725e-57
-2.12562e-61
-6.31998e-56
-1.85662e-60
-6.03218e-55
-1.59567e-59
-6.53134e-54
-1.36291e-58
-8.03614e-53
-1.16972e-57
-1.09581e-51
-1.01342e-56
-1.60474e-50
-8.55756e-56
-2.46374e-49
-5.37189e-55
-6.49849e-49
3.7341e-51
-5.6564e-49
3.89257e-50
-2.851e-49
5.95497e-50
-1.03832e-49
4.31769e-50
-3.04414e-50
2.06218e-50
-7.63245e-51
7.51834e-51
-1.69731e-51
2.26505e-51
-3.42816e-52
5.90996e-52
-6.40813e-53
1.37646e-52
2.92863e-53
-4.68772e-96
-6.52429e-102
-1.12382e-93
-1.94292e-99
-1.30965e-91
-2.65196e-97
-1.00524e-89
-2.38136e-95
-5.7406e-88
-1.58946e-93
-2.60706e-86
-8.4267e-92
-9.82268e-85
-3.70053e-90
-3.16218e-83
-1.38564e-88
-8.89031e-82
-4.51902e-87
-2.22029e-80
-1.30469e-85
-4.99382e-79
-3.37774e-84
-1.02319e-77
-7.92357e-83
-1.92841e-76
-1.69874e-81
-3.3715e-75
-3.35257e-80
-5.50832e-74
-6.12811e-79
-8.46424e-73
-1.0429e-77
-1.23021e-71
-1.65991e-76
-1.69951e-70
-2.48051e-75
-2.24108e-69
-3.49209e-74
-2.83109e-68
-4.64531e-73
-3.43702e-67
-5.85446e-72
-4.0212e-66
-7.00772e-71
-4.54612e-65
-7.98644e-70
-4.98044e-64
-8.68935e-69
-5.30521e-63
-9.05593e-68
-5.51928e-62
-9.08247e-67
-5.64319e-61
-8.82676e-66
-5.72219e-60
-8.40065e-65
-5.83056e-59
-7.95394e-64
-6.08372e-58
-7.65503e-63
-6.67452e-57
-7.67079e-62
-7.97403e-56
-8.13454e-61
-1.07952e-54
-9.05616e-60
-1.70473e-53
-1.00428e-58
-3.12476e-52
-9.48632e-58
-2.63475e-51
-2.31093e-57
-4.09529e-51
1.03288e-52
-2.90909e-51
3.51653e-52
-1.33685e-51
3.87923e-52
-4.64724e-52
2.43064e-52
-1.32833e-52
1.07581e-52
-3.27801e-53
3.75366e-53
-7.20356e-54
1.09916e-53
-1.44301e-54
2.80884e-54
6.44604e-55
-7.59546e-101
-8.86117e-107
-2.12831e-98
-2.86496e-104
-2.90099e-96
-4.24276e-102
-2.60678e-94
-4.13498e-100
-1.74413e-92
-2.99796e-98
-9.28534e-91
-1.72864e-96
-4.10196e-89
-8.27096e-95
-1.54793e-87
-3.38227e-93
-5.0971e-86
-1.20828e-91
-1.48864e-84
-3.83534e-90
-3.90621e-83
-1.09655e-88
-9.30626e-82
-2.85564e-87
-2.03056e-80
-6.83774e-86
-4.08744e-79
-1.5175e-84
-7.63805e-78
-3.14292e-83
-1.33211e-76
-6.11075e-82
-2.17849e-75
-1.12105e-80
-3.35443e-74
-1.94909e-79
-4.88123e-73
-3.22367e-78
-6.73538e-72
-5.08838e-77
-8.84145e-71
-7.68643e-76
-1.10776e-69
-1.11386e-74
-1.32959e-68
-1.5518e-73
-1.53565e-67
-2.08266e-72
-1.71706e-66
-2.69816e-71
-1.8749e-65
-3.38198e-70
-2.02523e-64
-4.11267e-69
-2.20557e-63
-4.86929e-68
-2.48581e-62
-5.63972e-67
-2.99099e-61
-6.43074e-66
-3.95073e-60
-7.27926e-65
-5.80554e-59
-8.26307e-64
-9.43313e-58
-9.50062e-63
-1.6633e-56
-1.10686e-61
-3.11799e-55
-1.24653e-60
-6.1154e-54
-9.96063e-60
-2.12311e-53
1.12105e-55
-2.33454e-53
1.41666e-54
-1.42207e-53
2.70767e-54
-6.04208e-54
2.364e-54
-2.01001e-54
1.31538e-54
-5.58867e-55
5.43912e-55
-1.35208e-55
1.81717e-55
-2.9304e-56
5.15945e-56
1.29001e-56
-1.05841e-105
-9.70829e-112
-3.21692e-103
-3.69246e-109
-4.75811e-101
-6.43377e-107
-4.64306e-99
-7.38139e-105
-3.37767e-97
-6.3015e-103
-1.95849e-95
-4.27784e-101
-9.44482e-94
-2.40845e-99
-3.90215e-92
-1.15774e-97
-1.41189e-90
-4.85426e-96
-4.55081e-89
-1.80467e-94
-1.32471e-87
-6.02667e-93
-3.52197e-86
-1.82706e-91
-8.63366e-85
-5.07256e-90
-1.96716e-83
-1.2993e-88
-4.19487e-82
-3.08985e-87
-8.42191e-81
-6.8591e-86
-1.60013e-79
-1.42807e-84
-2.88995e-78
-2.80013e-83
-4.98099e-77
-5.18951e-82
-8.22114e-76
-9.11993e-81
-1.30347e-74
-1.52414e-79
-1.99111e-73
-2.42869e-78
-2.93889e-72
-3.69946e-77
-4.20441e-71
-5.40082e-76
-5.85054e-70
-7.57952e-75
-7.95307e-69
-1.0265e-73
-1.06207e-67
-1.34887e-72
-1.40381e-66
-1.73353e-71
-1.85546e-65
-2.20427e-70
-2.48708e-64
-2.81668e-69
-3.44648e-63
-3.68252e-68
-5.06626e-62
-5.00003e-67
-8.15498e-61
-7.07291e-66
-1.4828e-59
-1.02335e-64
-3.09121e-58
-1.43253e-63
-7.27993e-57
-1.64446e-62
-7.43176e-56
-2.21963e-62
-1.43959e-55
3.5409e-57
-1.23673e-55
1.42841e-56
-6.65642e-56
1.87801e-56
-2.63823e-56
1.36934e-56
-8.40338e-57
6.88688e-57
-2.26659e-57
2.67269e-57
-5.36836e-58
8.54457e-58
2.35199e-58
-1.27842e-110
-7.88779e-117
-4.56721e-108
-3.32246e-114
-7.94851e-106
-6.41196e-112
-9.12905e-104
-8.1483e-110
-7.81553e-102
-7.70541e-108
-5.33012e-100
-5.79508e-106
-3.02013e-98
-3.61571e-104
-1.46374e-96
-1.9273e-102
-6.19938e-95
-8.96933e-101
-2.33249e-93
-3.70628e-99
-7.89847e-92
-1.37835e-97
-2.43297e-90
-4.66528e-96
-6.87757e-89
-1.4508e-94
-1.79757e-87
-4.17922e-93
-4.37187e-86
-1.12318e-91
-9.94934e-85
-2.83409e-90
-2.12903e-83
-6.75198e-89
-4.30232e-82
-1.52642e-87
-8.24216e-81
-3.28904e-86
-1.50222e-79
-6.78124e-85
-2.61352e-78
-1.34239e-83
-4.35452e-77
-2.55898e-82
-6.97225e-76
-4.70974e-81
-1.07707e-74
-8.38822e-80
-1.61335e-73
-1.44881e-78
-2.35937e-72
-2.43192e-77
-3.4017e-71
-3.97643e-76
-4.90331e-70
-6.35118e-75
-7.20091e-69
-9.94466e-74
-1.10222e-67
-1.53394e-72
-1.79807e-66
-2.34663e-71
-3.1745e-65
-3.59371e-70
-6.09132e-64
-5.57461e-69
-1.26351e-62
-8.84752e-68
-2.80531e-61
-1.42529e-66
-6.5985e-60
-2.15763e-65
-1.62934e-58
-1.96596e-64
-6.62874e-58
4.62178e-60
-8.69021e-58
5.4991e-59
-6.18217e-58
1.20548e-58
-2.99747e-58
1.21014e-58
-1.11382e-58
7.62199e-59
-3.39447e-59
3.50349e-59
-8.87781e-60
1.27901e-59
3.91778e-60
-1.06648e-115
-3.24239e-122
-4.21302e-113
-1.63147e-119
-8.11554e-111
-3.76917e-117
-1.03194e-108
-5.7452e-115
-9.78302e-107
-6.52653e-113
-7.39063e-105
-5.90406e-111
-4.64141e-103
-4.43554e-109
-2.49557e-101
-2.84914e-107
-1.17415e-99
-1.59868e-105
-4.91671e-98
-7.96619e-104
-1.85761e-96
-3.57166e-102
-6.40448e-95
-1.45635e-100
-2.0344e-93
-5.44886e-99
-6.00375e-92
-1.8848e-97
-1.65808e-90
-6.06683e-96
-4.31309e-89
-1.82742e-94
-1.06281e-87
-5.17659e-93
-2.49362e-86
-1.38508e-91
-5.59608e-85
-3.51419e-90
-1.20607e-83
-8.48435e-89
-2.50539e-82
-1.95543e-87
-5.03287e-81
-4.315e-86
-9.8069e-80
-9.14216e-85
-1.85924e-78
-1.86487e-83
-3.44043e-77
-3.67303e-82
-6.23637e-76
-7.00741e-81
-1.11227e-74
-1.29981e-79
-1.96305e-73
-2.3551e-78
-3.45509e-72
-4.19298e-77
-6.13056e-71
-7.38998e-76
-1.11368e-69
-1.30071e-74
-2.1164e-68
-2.30722e-73
-4.32373e-67
-4.15337e-72
-9.75705e-66
-7.59093e-71
-2.46784e-64
-1.38854e-69
-6.94318e-63
-2.41585e-68
-2.11878e-61
-3.26871e-67
-2.20325e-60
1.78476e-63
-4.87102e-60
1.47816e-61
-4.81665e-60
6.18395e-61
-2.94324e-60
9.06278e-61
-1.30124e-60
7.3854e-61
-4.54456e-61
4.1055e-61
-1.32666e-61
1.73665e-61
5.98471e-62
-4.78486e-121
-1.32348e-127
-2.25809e-118
-7.67488e-125
-5.21295e-116
-2.04459e-122
-7.95928e-114
-3.59364e-120
-9.07276e-112
-4.7047e-118
-8.25006e-110
-4.90141e-116
-6.24129e-108
-4.23767e-114
-4.04436e-106
-3.1304e-112
-2.29355e-104
-2.01863e-110
-1.15725e-102
-1.15522e-108
-5.26413e-101
-5.94468e-107
-2.1821e-99
-2.78035e-105
-8.31717e-98
-1.1925e-103
-2.93727e-96
-4.72606e-102
-9.67477e-95
-1.74205e-100
-2.98928e-93
-6.00648e-99
-8.70829e-92
-1.94703e-97
-2.40281e-90
-5.96055e-96
-6.30556e-89
-1.73042e-94
-1.57979e-87
-4.78219e-93
-3.79228e-86
-1.26265e-91
-8.7526e-85
-3.19628e-90
-1.94907e-83
-7.78464e-89
-4.2032e-82
-1.83083e-87
-8.81454e-81
-4.17421e-86
-1.80647e-79
-9.26615e-85
-3.64034e-78
-2.01268e-83
-7.26997e-77
-4.30234e-82
-1.45325e-75
-9.11303e-81
-2.94392e-74
-1.92835e-79
-6.13064e-73
-4.11516e-78
-1.33241e-71
-8.9469e-77
-3.06518e-70
-1.99884e-75
-7.55316e-69
-4.59928e-74
-2.01394e-67
-1.07651e-72
-5.87327e-66
-2.45397e-71
-1.8988e-64
-4.76353e-70
-5.10887e-63
-2.99285e-69
-2.14965e-62
2.63052e-64
-3.13427e-62
2.50947e-63
-2.49508e-62
5.75227e-63
-1.34051e-62
6.28674e-63
-5.44484e-63
4.32041e-63
-1.79373e-63
2.14949e-63
8.42518e-64
-2.0155e-126
-1.18054e-133
-1.09441e-123
-8.18247e-131
-2.91126e-121
-2.60552e-128
-5.12209e-119
-5.47864e-126
-6.72376e-117
-8.58766e-124
-7.03559e-115
-1.07252e-121
-6.11998e-113
-1.11353e-119
-4.55641e-111
-9.89935e-118
-2.96656e-109
-7.70217e-116
-1.71724e-107
-5.33404e-114
-8.95535e-106
-3.33262e-112
-4.253e-104
-1.89926e-110
-1.85604e-102
-9.96431e-109
-7.50058e-101
-4.85016e-107
-2.8256e-99
-2.20503e-105
-9.98118e-98
-9.41759e-104
-3.32342e-96
-3.79777e-102
-1.04808e-94
-1.45249e-100
-3.1444e-93
-5.28943e-99
-9.01242e-92
-1.84052e-97
-2.47798e-90
-6.13882e-96
-6.56313e-89
-1.96832e-94
-1.68178e-87
-6.0832e-93
-4.18906e-86
-1.81679e-91
-1.01961e-84
-5.25646e-90
-2.43979e-83
-1.4771e-88
-5.78055e-82
-4.04246e-87
-1.36778e-80
-1.08077e-85
-3.26609e-79
-2.83296e-84
-7.97077e-78
-7.31236e-83
-2.0175e-76
-1.86862e-81
-5.37916e-75
-4.75907e-80
-1.53149e-73
-1.21769e-78
-4.69444e-72
-3.15639e-77
-1.55048e-70
-8.32386e-76
-5.48646e-69
-2.20218e-74
-2.06136e-67
-5.4119e-73
-8.14737e-66
-8.16287e-72
-7.37642e-65
2.91848e-67
-1.69711e-64
8.00757e-66
-1.82545e-64
3.10447e-65
-1.21875e-64
4.72892e-65
-5.8451e-65
4.10955e-65
-2.19718e-65
2.44092e-65
1.09987e-65
-1.86332e-132
-5.06826e-140
-1.21017e-129
-4.62081e-137
-3.85419e-127
-1.89165e-134
-8.12738e-125
-5.06975e-132
-1.27991e-122
-1.00776e-129
-1.60897e-120
-1.59062e-127
-1.68465e-118
-2.08159e-125
-1.5133e-116
-2.32731e-123
-1.19209e-114
-2.27256e-121
-8.37561e-113
-1.9712e-119
-5.32001e-111
-1.53938e-117
-3.08889e-109
-1.09426e-115
-1.65462e-107
-7.14539e-114
-8.24143e-106
-4.31941e-112
-3.84279e-104
-2.43337e-110
-1.68726e-102
-1.28499e-108
-7.0121e-101
-6.39309e-107
-2.77102e-99
-3.01032e-105
-1.04555e-97
-1.347e-103
-3.7809e-96
-5.7487e-102
-1.31492e-94
-2.34788e-100
-4.4126e-93
-9.20522e-99
-1.43342e-91
-3.47473e-97
-4.52221e-90
-1.26641e-95
-1.39031e-88
-4.46926e-94
-4.18121e-87
-1.53184e-92
-1.23539e-85
-5.11613e-91
-3.60487e-84
-1.67137e-89
-1.0456e-82
-5.36475e-88
-3.03959e-81
-1.70091e-86
-8.95153e-80
-5.35971e-85
-2.70847e-78
-1.68973e-83
-8.57291e-77
-5.36345e-82
-2.89961e-75
-1.72121e-80
-1.06954e-73
-5.57688e-79
-4.3536e-72
-1.79766e-77
-1.94994e-70
-5.4621e-76
-9.45718e-69
-1.23415e-74
-1.95378e-67
1.87893e-70
-7.62944e-67
2.01446e-68
-1.15278e-66
1.43554e-67
-9.78753e-67
3.17129e-67
-5.62762e-67
3.56429e-67
-2.44022e-67
2.56412e-67
1.34166e-67
-8.48384e-139
-3.44641e-147
-7.2569e-136
-4.78283e-144
-2.97248e-133
-2.65906e-141
-7.98737e-131
-9.36416e-139
-1.59397e-128
-2.41312e-136
-2.52952e-126
-4.90437e-134
-3.33352e-124
-8.23316e-132
-3.75942e-122
-1.17816e-129
-3.7093e-120
-1.47042e-127
-3.25688e-118
-1.62876e-125
-2.57942e-116
-1.6234e-123
-1.86314e-114
-1.47233e-121
-1.23872e-112
-1.22637e-119
-7.64028e-111
-9.45547e-118
-4.40135e-109
-6.79394e-116
-2.38219e-107
-4.57601e-114
-1.21775e-105
-2.9042e-112
-5.90704e-104
-1.74478e-110
-2.73068e-102
-9.96385e-109
-1.20772e-100
-5.42899e-107
-5.1293e-99
-2.83218e-105
-2.09936e-97
-1.4192e-103
-8.30941e-96
-6.85228e-102
-3.19205e-94
-3.19767e-100
-1.19469e-92
-1.44682e-98
-4.37508e-91
-6.36874e-97
-1.57558e-89
-2.73788e-95
-5.61332e-88
-1.15463e-93
-1.99291e-86
-4.80223e-92
-7.11315e-85
-1.98221e-90
-2.57897e-83
-8.17827e-89
-9.61038e-82
-3.39801e-87
-3.72791e-80
-1.43117e-85
-1.52531e-78
-6.1314e-84
-6.67195e-77
-2.66302e-82
-3.16171e-75
-1.15239e-80
-1.64187e-73
-4.72207e-79
-9.39237e-72
-1.53649e-77
-4.00143e-70
2.81275e-74
-2.84351e-69
4.07968e-71
-6.28165e-69
5.76604e-70
-6.9411e-69
1.91996e-69
-4.85661e-69
2.85085e-69
-2.45486e-69
2.51707e-69
1.54327e-69
-5.82656e-146
-4.30351e-156
-7.65599e-143
-1.51177e-152
-4.2705e-140
-1.36763e-149
-1.50952e-137
-7.13685e-147
-3.90678e-135
-2.63716e-144
-7.98339e-133
-7.57024e-142
-1.34939e-130
-1.78147e-139
-1.94722e-128
-3.55944e-137
-2.45478e-126
-6.18966e-135
-2.75135e-124
-9.54201e-133
-2.77989e-122
-1.32288e-130
-2.56063e-120
-1.6684e-128
-2.17051e-118
-1.93244e-126
-1.70657e-116
-2.07208e-124
-1.25316e-114
-2.07106e-122
-8.64598e-113
-1.94115e-120
-5.63453e-111
-1.71518e-118
-3.48507e-109
-1.43547e-116
-2.0548e-107
-1.14281e-114
-1.15953e-105
-8.68851e-113
-6.28655e-104
-6.3313e-111
-3.28676e-102
-4.43723e-109
-1.66327e-100
-3.00087e-107
-8.17859e-99
-1.96489e-105
-3.92415e-97
-1.24989e-103
-1.84604e-95
-7.75234e-102
-8.56271e-94
-4.70748e-100
-3.94267e-92
-2.81164e-98
-1.81685e-90
-1.6607e-96
-8.4602e-89
-9.76079e-95
-4.02454e-87
-5.74857e-93
-1.9786e-85
-3.41694e-91
-1.01665e-83
-2.06302e-89
-5.51212e-82
-1.26994e-87
-3.17544e-80
-7.95213e-86
-1.95109e-78
-4.99114e-84
-1.28007e-76
-3.00532e-82
-8.96805e-75
-1.5067e-80
-6.44202e-73
-1.73437e-79
-8.76326e-72
6.9871e-74
-2.94281e-71
2.05434e-72
-4.32788e-71
1.06697e-71
-3.73771e-71
2.13267e-71
-2.22427e-71
2.33729e-71
1.69184e-71
-7.03027e-155
-4.74635e-172
-2.43168e-151
-3.64268e-164
-2.22248e-148
-8.43166e-161
-1.16717e-145
-8.40015e-158
-4.33714e-143
-5.47597e-155
-1.25276e-140
-2.69073e-152
-2.96973e-138
-1.06992e-149
-5.98576e-136
-3.591e-147
-1.05172e-133
-1.04608e-144
-1.64103e-131
-2.69805e-142
-2.30691e-129
-6.25473e-140
-2.9558e-127
-1.31888e-137
-3.48503e-125
-2.55422e-135
-3.81193e-123
-4.58048e-133
-3.89514e-121
-7.65945e-131
-3.74107e-119
-1.20161e-128
-3.39569e-117
-1.7781e-126
-2.92719e-115
-2.49389e-124
-2.40723e-113
-3.32994e-122
-1.89651e-111
-4.25002e-120
-1.43715e-109
-5.20444e-118
-1.05162e-107
-6.13652e-116
-7.45989e-106
-6.99039e-114
-5.15122e-104
-7.71844e-112
-3.47793e-102
-8.28724e-110
-2.30745e-100
-8.68098e-108
-1.51305e-98
-8.9025e-106
-9.87264e-97
-8.97223e-104
-6.46186e-95
-8.92594e-102
-4.2823e-93
-8.81195e-100
-2.90364e-91
-8.68854e-98
-2.03703e-89
-8.62116e-96
-1.49487e-87
-8.67826e-94
-1.15863e-85
-8.92129e-92
-9.55175e-84
-9.37704e-90
-8.40519e-82
-9.96193e-88
-7.89154e-80
-1.02796e-85
-7.87461e-78
-9.09212e-84
-8.29833e-76
-2.95357e-82
-2.20348e-74
1.08936e-76
-1.16647e-73
6.67809e-75
-2.33234e-73
5.55746e-74
-2.52015e-73
1.5177e-73
-1.78253e-73
2.08235e-73
1.78921e-73
1.06053e-174
-9.99219e-211
-5.72978e-163
-1.83094e-188
-1.36916e-159
-7.75937e-182
-1.37934e-156
-3.02107e-178
-9.06147e-154
-6.45713e-175
-4.48579e-151
-9.93162e-172
-1.7985e-148
-1.21619e-168
-6.09442e-146
-1.24866e-165
-1.79527e-143
-1.10921e-162
-4.69051e-141
-8.71003e-160
-1.10354e-138
-6.14199e-157
-2.36616e-136
-3.93741e-154
-4.66931e-134
-2.31762e-151
-8.55071e-132
-1.26303e-148
-1.46346e-129
-6.41812e-146
-2.35554e-127
-3.05998e-143
-3.58546e-125
-1.37634e-140
-5.1871e-123
-5.86891e-138
-7.1653e-121
-2.3831e-135
-9.49171e-119
-9.25198e-133
-1.21068e-116
-3.44709e-130
-1.49278e-114
-1.23676e-127
-1.78617e-112
-4.2868e-125
-2.0821e-110
-1.43985e-122
-2.37403e-108
-4.70034e-120
-2.6593e-106
-1.49585e-117
-2.94087e-104
-4.65606e-115
-3.22933e-102
-1.42293e-112
-3.54596e-100
-4.29006e-110
-3.92761e-98
-1.28405e-107
-4.43568e-96
-3.84741e-105
-5.17268e-94
-1.16634e-102
-6.31363e-92
-3.62033e-100
-8.16728e-90
-1.16236e-97
-1.12977e-87
-3.86923e-95
-1.67717e-85
-1.31676e-92
-2.66699e-83
-4.38126e-90
-4.51577e-81
-1.25742e-87
-8.07408e-79
-1.51007e-85
-4.24886e-77
1.62869e-79
-3.67889e-76
2.04641e-77
-1.02328e-75
2.78313e-76
-1.40505e-75
1.04841e-75
-1.19531e-75
1.80955e-75
1.85074e-75
5.82031e-213
7.78797e-192
-1.2517e-180
-4.95052e-177
-1.06687e-173
-1.65304e-170
-2.04066e-167
-2.11496e-164
-1.89965e-161
-1.51102e-158
-1.08142e-155
-7.0506e-153
-4.22997e-150
-2.35499e-147
-1.22554e-144
-5.99926e-142
-2.77807e-139
-1.2231e-136
-5.14355e-134
-2.07491e-131
-8.06114e-129
-3.02757e-126
-1.10324e-123
-3.91471e-121
-1.35773e-118
-4.62175e-116
-1.55165e-113
-5.16909e-111
-1.72234e-108
-5.80093e-106
-2.0021e-103
-7.19782e-101
-2.74143e-98
-1.12106e-95
-4.9514e-93
-2.35581e-90
-1.19684e-87
-6.41633e-85
-3.58124e-82
-4.28769e-80
-6.35867e-79
-2.50984e-78
-4.43055e-78
-4.57267e-78
)
;

boundaryField
{
    leftWall
    {
        type            calculated;
        value           uniform 0;
    }
    rightWall
    {
        type            calculated;
        value           nonuniform 0();
    }
    lowerWall
    {
        type            calculated;
        value           nonuniform 0();
    }
    atmosphere
    {
        type            calculated;
        value           nonuniform List<scalar> 
45
(
0
0
0
0
0
0
0
0
0
0
0
0
0
0
0
0
0
0
0
0
0
0
0
0
0
0
0
0
0
0
0
0
0
0
0
0
0
0
0
2.09026e-82
5.93271e-80
1.35394e-78
7.09984e-78
1.54777e-77
1.88833e-77
)
;
    }
    defaultFaces
    {
        type            empty;
        value           nonuniform 0();
    }
    procBoundary2to0
    {
        type            processor;
        value           nonuniform List<scalar> 
46
(
4.43991e-09
1.61851e-08
6.97476e-09
-8.55674e-11
-3.08694e-11
5.09984e-07
-3.64327e-08
-1.63172e-09
-1.57619e-12
-2.39595e-16
-1.71585e-15
-1.21883e-15
-5.3165e-16
-2.10484e-16
-7.9329e-17
-2.91942e-17
-1.06255e-17
-3.86709e-18
-1.42202e-18
-5.33986e-19
-2.06319e-19
-8.25789e-20
-3.42529e-20
-1.46019e-20
-6.27631e-21
-7.68878e-17
-7.2905e-16
-6.33119e-15
-3.81557e-14
-8.64275e-14
-1.13962e-13
-1.26607e-13
-1.16713e-13
-9.92837e-14
-1.26984e-13
-2.74858e-13
-7.32739e-13
-1.80553e-12
-3.53956e-12
-3.98046e-12
-3.20968e-12
2.19893e-12
3.17267e-11
5.51068e-10
-9.37937e-09
1.01688e-08
)
;
    }
    procBoundary2to3
    {
        type            processor;
        value           nonuniform List<scalar> 
43
(
-2.94889e-23
-1.09667e-23
-3.09644e-24
-7.48365e-25
-1.61377e-25
-3.16403e-26
-5.69544e-27
-9.46342e-28
-1.45594e-28
-2.07749e-29
-2.75137e-30
-3.38226e-31
-3.85782e-32
-4.07975e-33
-3.99621e-34
-3.6213e-35
-3.03171e-36
-2.34137e-37
-1.66544e-38
-1.08933e-39
-6.54127e-41
-3.60031e-42
-1.81354e-43
-8.34827e-45
-3.50721e-46
-1.34309e-47
-4.68365e-49
-1.48607e-50
-4.28753e-52
-1.12442e-53
-2.6802e-55
-5.8079e-57
-1.14478e-58
-2.05426e-60
-3.35975e-62
-5.01468e-64
-6.83895e-66
-8.52676e-68
-9.70584e-70
-1.00248e-71
-9.22505e-74
-7.17298e-76
-3.20582e-78
)
;
    }
}


// ************************************************************************* //
