/*--------------------------------*- C++ -*----------------------------------*\
| =========                 |                                                 |
| \\      /  F ield         | OpenFOAM: The Open Source CFD Toolbox           |
|  \\    /   O peration     | Version:  3.0.1                                 |
|   \\  /    A nd           | Web:      www.OpenFOAM.org                      |
|    \\/     M anipulation  |                                                 |
\*---------------------------------------------------------------------------*/
FoamFile
{
    version     2.0;
    format      ascii;
    class       volScalarField;
    location    "0.15";
    object      p;
}
// * * * * * * * * * * * * * * * * * * * * * * * * * * * * * * * * * * * * * //

dimensions      [1 -1 -2 0 0 0 0];

internalField   nonuniform List<scalar> 
1915
(
-4.18012
-4.41294
-4.38268
-4.18086
-3.92447
-3.85113
-3.78887
-3.34053
-3.0217
-2.83961
-2.6929
-2.58609
-2.50028
-2.43099
-2.37338
-2.32514
-2.28456
-2.25064
-2.22275
-2.20051
-2.18371
-2.17225
-2.1661
-2.16524
-2.16961
-2.37286
-2.37389
-2.37922
-2.3852
-2.39509
-2.40745
-2.42314
-2.44235
-2.46551
-2.4933
-2.5266
-2.56704
-2.61765
-2.68351
-2.77208
-2.89575
-3.07643
-3.34996
-3.71099
-4.1268
-4.61379
-4.93559
-4.84369
-4.54592
-4.10121
-4.28778
-4.11508
-3.52779
-3.17931
-2.96235
-2.7972
-2.67991
-2.5877
-2.51494
-2.45577
-2.4072
-2.3671
-2.33414
-2.30747
-2.28654
-2.271
-2.26063
-2.2553
-2.25491
-2.25935
-2.43228
-2.43381
-2.43816
-2.44378
-2.45211
-2.46283
-2.47623
-2.49261
-2.5124
-2.53631
-2.56545
-2.60162
-2.64777
-2.7087
-2.7922
-2.91231
-3.09965
-3.39793
-3.79019
-4.26442
-4.80815
-5.06
-4.94604
-4.65362
-4.26747
-4.32826
-4.13476
-3.59006
-3.26193
-3.03634
-2.87118
-2.75282
-2.66039
-2.58819
-2.53012
-2.48301
-2.44458
-2.4134
-2.38849
-2.36921
-2.35515
-2.34602
-2.34162
-2.34179
-2.34639
-2.49038
-2.49199
-2.49548
-2.50049
-2.50744
-2.51647
-2.52771
-2.54145
-2.55807
-2.57824
-2.60305
-2.63419
-2.67437
-2.72794
-2.80186
-2.91036
-3.08868
-3.37853
-3.76912
-4.2564
-4.76679
-4.97855
-4.84632
-4.6229
-4.42249
-4.346
-4.00054
-3.54867
-3.26754
-3.06323
-2.91464
-2.80455
-2.71832
-2.65083
-2.59659
-2.55276
-2.51724
-2.48865
-2.46605
-2.4488
-2.43646
-2.42872
-2.42536
-2.42619
-2.43106
-2.54744
-2.54885
-2.5517
-2.55593
-2.56165
-2.56904
-2.57823
-2.58947
-2.60308
-2.61962
-2.64002
-2.6657
-2.6989
-2.74306
-2.80347
-2.89274
-3.04213
-3.28835
-3.63713
-4.08624
-4.59162
-4.85823
-4.76785
-4.52123
-4.36339
-4.21704
-3.8229
-3.44944
-3.22422
-3.05734
-2.93393
-2.83902
-2.76394
-2.7044
-2.65623
-2.61723
-2.58566
-2.56038
-2.54057
-2.52566
-2.51525
-2.50905
-2.50683
-2.50841
-2.51364
-2.6037
-2.60486
-2.60718
-2.61062
-2.61521
-2.62108
-2.62837
-2.63728
-2.64807
-2.6612
-2.67738
-2.69768
-2.72377
-2.75796
-2.80359
-2.86932
-2.97573
-3.15076
-3.41178
-3.74695
-4.09635
-4.3034
-4.31771
-4.23873
-4.08501
-3.85839
-3.55835
-3.31403
-3.15804
-3.03416
-2.93876
-2.86259
-2.80119
-2.75148
-2.7108
-2.67764
-2.65074
-2.62926
-2.61258
-2.60025
-2.59192
-2.58736
-2.58636
-2.58877
-2.59443
-2.65959
-2.66053
-2.66239
-2.66508
-2.66864
-2.67315
-2.67873
-2.68554
-2.69381
-2.70389
-2.71628
-2.73177
-2.75151
-2.77688
-2.8097
-2.85441
-2.92094
-3.02452
-3.17951
-3.37733
-3.5683
-3.70312
-3.74727
-3.728
-3.63976
-3.48298
-3.31519
-3.18789
-3.09159
-3.00763
-2.93909
-2.8819
-2.83447
-2.79507
-2.76235
-2.73543
-2.71352
-2.69609
-2.6827
-2.67305
-2.66688
-2.66401
-2.66428
-2.66756
-2.67372
-2.71565
-2.7164
-2.71783
-2.71983
-2.72247
-2.7258
-2.7299
-2.73491
-2.74102
-2.74848
-2.75767
-2.76914
-2.78367
-2.80214
-2.82551
-2.85572
-2.89674
-2.95488
-3.03663
-3.1393
-3.24136
-3.3138
-3.34058
-3.32686
-3.28668
-3.22321
-3.15669
-3.09824
-3.0422
-2.98922
-2.94297
-2.90244
-2.86764
-2.83795
-2.8129
-2.79208
-2.7751
-2.76168
-2.75158
-2.74459
-2.74057
-2.73939
-2.74093
-2.74509
-2.75177
-2.77236
-2.77293
-2.77396
-2.77536
-2.7772
-2.77952
-2.78238
-2.7859
-2.79021
-2.79552
-2.80209
-2.81031
-2.82072
-2.83393
-2.85051
-2.87123
-2.89753
-2.93158
-2.97491
-3.02557
-3.07646
-3.11795
-3.14286
-3.14725
-3.13094
-3.1066
-3.07941
-3.04975
-3.01724
-2.98507
-2.9552
-2.92783
-2.90353
-2.88227
-2.86408
-2.84884
-2.83646
-2.82682
-2.81983
-2.81539
-2.81343
-2.81387
-2.81663
-2.82165
-2.82886
-2.83003
-2.83043
-2.8311
-2.83199
-2.83317
-2.83466
-2.83651
-2.83882
-2.84169
-2.84526
-2.84974
-2.85541
-2.86261
-2.87179
-2.88334
-2.89763
-2.9152
-2.9369
-2.96317
-2.99269
-3.02199
-3.04686
-3.06459
-3.07408
-3.07405
-3.06495
-3.05111
-3.03411
-3.0152
-2.99607
-2.97747
-2.95986
-2.94377
-2.92944
-2.91705
-2.90668
-2.89838
-2.89215
-2.888
-2.8859
-2.88584
-2.88778
-2.89169
-2.89752
-2.90524
-2.88889
-2.88912
-2.88949
-2.88997
-2.89062
-2.89145
-2.89251
-2.89387
-2.89561
-2.89784
-2.9007
-2.9044
-2.90917
-2.9153
-2.92308
-2.93273
-2.94447
-2.95849
-2.97484
-2.99289
-3.01118
-3.02772
-3.04081
-3.04965
-3.05385
-3.05308
-3.04823
-3.04034
-3.03064
-3.02013
-3.00937
-2.99886
-2.98903
-2.98018
-2.97253
-2.96624
-2.96143
-2.95817
-2.95652
-2.9565
-2.95814
-2.96144
-2.96638
-2.97296
-2.98114
-2.94914
-2.94923
-2.94936
-2.94954
-2.94978
-2.95011
-2.95057
-2.95121
-2.9521
-2.95332
-2.95499
-2.95724
-2.96024
-2.96419
-2.96928
-2.97568
-2.98353
-2.99289
-3.00368
-3.01556
-3.02782
-3.03949
-3.04962
-3.05753
-3.0628
-3.06526
-3.06533
-3.06325
-3.05963
-3.05498
-3.04978
-3.04444
-3.03933
-3.03473
-3.03086
-3.0279
-3.02599
-3.02523
-3.02572
-3.0275
-3.03062
-3.0351
-3.04095
-3.04818
-3.05677
-3.01104
-3.01102
-3.01098
-3.01093
-3.01088
-3.01085
-3.01088
-3.01101
-3.01129
-3.0118
-3.01262
-3.01386
-3.01565
-3.01812
-3.02143
-3.02568
-3.03099
-3.0374
-3.04485
-3.05313
-3.06189
-3.07064
-3.07884
-3.08601
-3.0918
-3.09603
-3.09851
-3.09969
-3.09977
-3.09898
-3.09763
-3.09602
-3.09442
-3.09305
-3.09214
-3.09183
-3.09227
-3.09357
-3.09584
-3.09912
-3.10349
-3.10898
-3.11561
-3.12338
-3.1323
-3.07484
-3.07474
-3.0746
-3.0744
-3.07415
-3.07389
-3.07363
-3.07342
-3.0733
-3.07333
-3.0736
-3.07418
-3.07518
-3.0767
-3.07886
-3.08176
-3.08547
-3.09004
-3.09545
-3.10161
-3.1083
-3.11526
-3.12217
-3.12867
-3.1345
-3.1395
-3.14348
-3.14661
-3.14895
-3.15067
-3.15194
-3.15295
-3.1539
-3.15496
-3.1563
-3.15806
-3.16036
-3.16332
-3.16703
-3.17155
-3.17694
-3.18326
-3.19051
-3.19872
-3.2079
-3.14078
-3.14064
-3.14044
-3.14015
-3.13979
-3.13939
-3.13897
-3.13855
-3.13819
-3.13795
-3.13788
-3.13807
-3.13859
-3.13954
-3.14102
-3.14309
-3.14585
-3.14931
-3.1535
-3.15836
-3.16379
-3.1696
-3.17559
-3.18153
-3.18724
-3.19256
-3.19739
-3.2016
-3.20535
-3.20869
-3.21172
-3.21456
-3.21733
-3.22017
-3.2232
-3.22653
-3.23028
-3.23454
-3.23938
-3.24488
-3.25109
-3.25806
-3.2658
-3.27435
-3.28371
-3.20902
-3.20887
-3.20865
-3.20832
-3.20792
-3.20746
-3.20695
-3.20644
-3.20598
-3.2056
-3.20537
-3.20535
-3.20562
-3.20627
-3.20735
-3.20895
-3.21114
-3.21395
-3.21739
-3.22145
-3.22605
-3.23111
-3.23647
-3.24197
-3.24747
-3.25284
-3.25802
-3.26291
-3.26756
-3.27194
-3.27614
-3.28022
-3.28427
-3.28838
-3.29265
-3.29716
-3.30199
-3.30723
-3.31295
-3.3192
-3.32604
-3.33349
-3.3416
-3.35037
-3.35983
-3.27967
-3.27951
-3.27929
-3.27897
-3.27857
-3.27809
-3.27758
-3.27706
-3.27657
-3.27616
-3.27589
-3.2758
-3.27598
-3.27648
-3.27737
-3.27872
-3.28059
-3.283
-3.28599
-3.28954
-3.29361
-3.29814
-3.30303
-3.30818
-3.31346
-3.3188
-3.32412
-3.32938
-3.33449
-3.33951
-3.34445
-3.34936
-3.35428
-3.35929
-3.36443
-3.36978
-3.37541
-3.38138
-3.38774
-3.39454
-3.40182
-3.40963
-3.41798
-3.42689
-3.43637
-3.3527
-3.35256
-3.35236
-3.35206
-3.35168
-3.35124
-3.35077
-3.35029
-3.34985
-3.34948
-3.34924
-3.34917
-3.34934
-3.34981
-3.35063
-3.35186
-3.35355
-3.35574
-3.35844
-3.36165
-3.36536
-3.36951
-3.37405
-3.3789
-3.38397
-3.3892
-3.39452
-3.39989
-3.40527
-3.41067
-3.41607
-3.4215
-3.427
-3.43259
-3.43833
-3.44427
-3.45045
-3.45692
-3.46373
-3.47091
-3.47849
-3.48652
-3.495
-3.50396
-3.51341
-3.42805
-3.42793
-3.42776
-3.4275
-3.42717
-3.42679
-3.42639
-3.42599
-3.42563
-3.42534
-3.42518
-3.42518
-3.42541
-3.4259
-3.42672
-3.42791
-3.42952
-3.43157
-3.43408
-3.43706
-3.44051
-3.44438
-3.44864
-3.45323
-3.45809
-3.46317
-3.46841
-3.4738
-3.47929
-3.48485
-3.4905
-3.49624
-3.50207
-3.50804
-3.51416
-3.52047
-3.52701
-3.5338
-3.54089
-3.5483
-3.55606
-3.5642
-3.57273
-3.58166
-3.591
-3.50563
-3.50554
-3.5054
-3.50518
-3.50491
-3.50461
-3.50429
-3.50399
-3.50373
-3.50354
-3.50348
-3.50358
-3.50389
-3.50444
-3.5053
-3.50649
-3.50805
-3.51002
-3.51241
-3.51522
-3.51847
-3.52211
-3.52614
-3.5305
-3.53516
-3.54007
-3.5452
-3.55051
-3.55598
-3.5616
-3.56735
-3.57322
-3.57924
-3.5854
-3.59173
-3.59825
-3.60499
-3.61196
-3.61919
-3.62671
-3.63454
-3.64269
-3.65118
-3.66001
-3.66919
-3.58531
-3.58525
-3.58514
-3.58497
-3.58477
-3.58455
-3.58432
-3.58412
-3.58396
-3.58389
-3.58393
-3.58413
-3.58453
-3.58515
-3.58605
-3.58726
-3.58881
-3.59072
-3.59302
-3.59571
-3.59879
-3.60225
-3.60607
-3.61022
-3.61468
-3.61941
-3.62439
-3.62958
-3.63497
-3.64054
-3.64628
-3.65218
-3.65824
-3.66447
-3.67088
-3.67748
-3.68429
-3.69132
-3.6986
-3.70613
-3.71393
-3.72201
-3.73039
-3.73906
-3.74803
-3.66698
-3.66693
-3.66685
-3.66674
-3.6666
-3.66645
-3.66632
-3.66621
-3.66615
-3.66618
-3.66633
-3.66663
-3.66711
-3.6678
-3.66875
-3.66998
-3.67152
-3.67339
-3.67562
-3.6782
-3.68114
-3.68443
-3.68807
-3.69203
-3.69629
-3.70083
-3.70563
-3.71066
-3.71592
-3.72138
-3.72703
-3.73286
-3.73888
-3.74508
-3.75147
-3.75805
-3.76484
-3.77184
-3.77906
-3.78652
-3.79421
-3.80216
-3.81037
-3.81883
-3.82756
-3.75049
-3.75045
-3.75041
-3.75034
-3.75026
-3.75019
-3.75013
-3.7501
-3.75014
-3.75027
-3.75051
-3.75089
-3.75144
-3.7522
-3.75319
-3.75443
-3.75596
-3.7578
-3.75995
-3.76243
-3.76524
-3.76838
-3.77185
-3.77562
-3.77969
-3.78404
-3.78864
-3.7935
-3.79858
-3.80388
-3.80939
-3.8151
-3.821
-3.8271
-3.83339
-3.83988
-3.84656
-3.85345
-3.86055
-3.86786
-3.87539
-3.88315
-3.89113
-3.89934
-3.90779
-3.83572
-3.8357
-3.83568
-3.83566
-3.83563
-3.83561
-3.83562
-3.83567
-3.83579
-3.83599
-3.83631
-3.83676
-3.83738
-3.83818
-3.8392
-3.84045
-3.84197
-3.84376
-3.84584
-3.84822
-3.85091
-3.8539
-3.8572
-3.86079
-3.86466
-3.86881
-3.87322
-3.87787
-3.88276
-3.88787
-3.8932
-3.89873
-3.90446
-3.9104
-3.91654
-3.92287
-3.92939
-3.9361
-3.94302
-3.95013
-3.95744
-3.96496
-3.97268
-3.9806
-3.98873
-3.92255
-3.92255
-3.92256
-3.92256
-3.92258
-3.92261
-3.92267
-3.92279
-3.92297
-3.92324
-3.92362
-3.92412
-3.92478
-3.92561
-3.92665
-3.92789
-3.92938
-3.93112
-3.93313
-3.93541
-3.93798
-3.94082
-3.94395
-3.94736
-3.95104
-3.95498
-3.95918
-3.96362
-3.9683
-3.9732
-3.97832
-3.98363
-3.98911
-3.99489
-4.00083
-4.00696
-4.01326
-4.01976
-4.02644
-4.03331
-4.04036
-4.0476
-4.05502
-4.06263
-4.0704
-4.0109
-4.01091
-4.01093
-4.01096
-4.01101
-4.01108
-4.01119
-4.01135
-4.01158
-4.0119
-4.01232
-4.01286
-4.01355
-4.01439
-4.01542
-4.01665
-4.0181
-4.01978
-4.02171
-4.02389
-4.02632
-4.02902
-4.03199
-4.03521
-4.0387
-4.04243
-4.04641
-4.05063
-4.05508
-4.05976
-4.06465
-4.06976
-4.07511
-4.08055
-4.08622
-4.09209
-4.09814
-4.10437
-4.11079
-4.11737
-4.12413
-4.13107
-4.13816
-4.14542
-4.15283
-4.10067
-4.10068
-4.10072
-4.10076
-4.10083
-4.10093
-4.10108
-4.10127
-4.10154
-4.10188
-4.10233
-4.10289
-4.10358
-4.10443
-4.10544
-4.10664
-4.10804
-4.10965
-4.11149
-4.11355
-4.11586
-4.11841
-4.1212
-4.12424
-4.12753
-4.13105
-4.13481
-4.1388
-4.14301
-4.14744
-4.15208
-4.15693
-4.16198
-4.1672
-4.17261
-4.1782
-4.18397
-4.18992
-4.19603
-4.20231
-4.20875
-4.21535
-4.2221
-4.229
-4.23604
-4.19177
-4.19179
-4.19183
-4.19189
-4.19198
-4.1921
-4.19226
-4.19248
-4.19276
-4.19312
-4.19357
-4.19414
-4.19483
-4.19565
-4.19664
-4.19779
-4.19913
-4.20066
-4.20239
-4.20434
-4.20651
-4.2089
-4.21152
-4.21438
-4.21746
-4.22076
-4.22429
-4.22804
-4.23201
-4.23618
-4.24055
-4.24513
-4.24989
-4.25484
-4.25996
-4.26526
-4.27073
-4.27636
-4.28216
-4.28811
-4.29421
-4.30046
-4.30685
-4.31337
-4.32002
-4.28415
-4.28417
-4.28421
-4.28428
-4.28437
-4.2845
-4.28467
-4.2849
-4.28519
-4.28555
-4.286
-4.28655
-4.28721
-4.28801
-4.28895
-4.29004
-4.2913
-4.29274
-4.29437
-4.29619
-4.29821
-4.30045
-4.30289
-4.30555
-4.30842
-4.3115
-4.3148
-4.3183
-4.32201
-4.32591
-4.33001
-4.3343
-4.33878
-4.34342
-4.34825
-4.35324
-4.35839
-4.3637
-4.36916
-4.37476
-4.38051
-4.38639
-4.39241
-4.39854
-4.40478
-4.37774
-4.37776
-4.3778
-4.37787
-4.37797
-4.37809
-4.37827
-4.37849
-4.37877
-4.37912
-4.37955
-4.38007
-4.3807
-4.38145
-4.38233
-4.38335
-4.38453
-4.38586
-4.38737
-4.38905
-4.39093
-4.39299
-4.39525
-4.39771
-4.40037
-4.40323
-4.40628
-4.40953
-4.41298
-4.41661
-4.42043
-4.42442
-4.4286
-4.43294
-4.43745
-4.44211
-4.44693
-4.4519
-4.45702
-4.46227
-4.46765
-4.47315
-4.47877
-4.48451
-4.49035
-4.47248
-4.47251
-4.47255
-4.47261
-4.47271
-4.47283
-4.47299
-4.4732
-4.47346
-4.47379
-4.47419
-4.47467
-4.47525
-4.47594
-4.47675
-4.47769
-4.47876
-4.47998
-4.48136
-4.4829
-4.48462
-4.48651
-4.48858
-4.49083
-4.49327
-4.4959
-4.49871
-4.50171
-4.50488
-4.50824
-4.51176
-4.51546
-4.51933
-4.52336
-4.52754
-4.53187
-4.53635
-4.54097
-4.54573
-4.55061
-4.55561
-4.56073
-4.56596
-4.57129
-4.57671
-4.56836
-4.56838
-4.56842
-4.56847
-4.56855
-4.56866
-4.56881
-4.56899
-4.56923
-4.56952
-4.56988
-4.57031
-4.57084
-4.57145
-4.57218
-4.57302
-4.57398
-4.57508
-4.57632
-4.57771
-4.57926
-4.58097
-4.58285
-4.58489
-4.58711
-4.5895
-4.59206
-4.5948
-4.5977
-4.60077
-4.60401
-4.6074
-4.61096
-4.61466
-4.61851
-4.62251
-4.62664
-4.6309
-4.63529
-4.6398
-4.64442
-4.64915
-4.65398
-4.65889
-4.6639
-4.66532
-4.66533
-4.66536
-4.66541
-4.66548
-4.66557
-4.66569
-4.66584
-4.66604
-4.66629
-4.6666
-4.66697
-4.66743
-4.66796
-4.66859
-4.66933
-4.67017
-4.67114
-4.67224
-4.67347
-4.67485
-4.67637
-4.67805
-4.67988
-4.68187
-4.68402
-4.68633
-4.6888
-4.69142
-4.69421
-4.69714
-4.70023
-4.70347
-4.70684
-4.71036
-4.71401
-4.71779
-4.72169
-4.72571
-4.72983
-4.73407
-4.7384
-4.74282
-4.74732
-4.7519
-4.76334
-4.76335
-4.76337
-4.76341
-4.76345
-4.76352
-4.76361
-4.76373
-4.76388
-4.76408
-4.76433
-4.76463
-4.76501
-4.76545
-4.76598
-4.7666
-4.76732
-4.76815
-4.7691
-4.77016
-4.77136
-4.77269
-4.77416
-4.77578
-4.77754
-4.77944
-4.7815
-4.7837
-4.78604
-4.78853
-4.79117
-4.79395
-4.79686
-4.79991
-4.80308
-4.80638
-4.8098
-4.81333
-4.81698
-4.82072
-4.82456
-4.82849
-4.8325
-4.83658
-4.84074
-4.86241
-4.86241
-4.86242
-4.86244
-4.86247
-4.8625
-4.86256
-4.86263
-4.86274
-4.86288
-4.86306
-4.86328
-4.86357
-4.86392
-4.86433
-4.86483
-4.86542
-4.86611
-4.86689
-4.86779
-4.86881
-4.86994
-4.8712
-4.87259
-4.87412
-4.87577
-4.87756
-4.87949
-4.88156
-4.88375
-4.88608
-4.88854
-4.89113
-4.89384
-4.89668
-4.89962
-4.90268
-4.90584
-4.90911
-4.91246
-4.91591
-4.91943
-4.92303
-4.92669
-4.93042
-4.96252
-4.96252
-4.96252
-4.96252
-4.96251
-4.96252
-4.96253
-4.96256
-4.9626
-4.96268
-4.96278
-4.96292
-4.96311
-4.96335
-4.96366
-4.96403
-4.96448
-4.96501
-4.96563
-4.96636
-4.96718
-4.96811
-4.96916
-4.97032
-4.97161
-4.97301
-4.97454
-4.97619
-4.97797
-4.97987
-4.98189
-4.98404
-4.9863
-4.98867
-4.99116
-4.99375
-4.99644
-4.99923
-5.00211
-5.00507
-5.00812
-5.01124
-5.01442
-5.01767
-5.02097
-5.06368
-5.06367
-5.06365
-5.06363
-5.0636
-5.06356
-5.06353
-5.0635
-5.06349
-5.06349
-5.06351
-5.06356
-5.06364
-5.06377
-5.06395
-5.06419
-5.06449
-5.06487
-5.06532
-5.06586
-5.0665
-5.06722
-5.06805
-5.06899
-5.07002
-5.07117
-5.07244
-5.07381
-5.0753
-5.0769
-5.07861
-5.08043
-5.08236
-5.0844
-5.08653
-5.08876
-5.09109
-5.0935
-5.096
-5.09857
-5.10121
-5.10392
-5.10669
-5.10952
-5.1124
-5.16584
-5.16583
-5.1658
-5.16575
-5.16569
-5.16561
-5.16553
-5.16545
-5.16536
-5.16529
-5.16522
-5.16518
-5.16515
-5.16517
-5.16522
-5.16532
-5.16548
-5.16569
-5.16597
-5.16633
-5.16676
-5.16728
-5.16789
-5.16858
-5.16938
-5.17027
-5.17126
-5.17236
-5.17355
-5.17485
-5.17625
-5.17775
-5.17934
-5.18103
-5.18282
-5.18469
-5.18664
-5.18868
-5.19079
-5.19297
-5.19521
-5.19751
-5.19986
-5.20227
-5.20471
-5.26903
-5.269
-5.26895
-5.26888
-5.26879
-5.26868
-5.26855
-5.2684
-5.26825
-5.26809
-5.26793
-5.26779
-5.26766
-5.26755
-5.26747
-5.26743
-5.26743
-5.26748
-5.26758
-5.26775
-5.26798
-5.26829
-5.26867
-5.26913
-5.26968
-5.27031
-5.27103
-5.27184
-5.27274
-5.27374
-5.27482
-5.27599
-5.27725
-5.2786
-5.28003
-5.28154
-5.28312
-5.28478
-5.2865
-5.28828
-5.29012
-5.29201
-5.29394
-5.29592
-5.29793
-5.37328
-5.37327
-5.3732
-5.37312
-5.37299
-5.37283
-5.37265
-5.37244
-5.37221
-5.37196
-5.37171
-5.37146
-5.37121
-5.37098
-5.37076
-5.37057
-5.37041
-5.37028
-5.37021
-5.37018
-5.3702
-5.37029
-5.37044
-5.37066
-5.37095
-5.37132
-5.37176
-5.37229
-5.37289
-5.37358
-5.37434
-5.37519
-5.37611
-5.37711
-5.37818
-5.37933
-5.38054
-5.38182
-5.38315
-5.38453
-5.38596
-5.38744
-5.38895
-5.39049
-5.39207
-5.47862
-5.47863
-5.47856
-5.47845
-5.4783
-5.4781
-5.47786
-5.47759
-5.47728
-5.47695
-5.47659
-5.47623
-5.47586
-5.47549
-5.47513
-5.47478
-5.47445
-5.47415
-5.47388
-5.47364
-5.47346
-5.47332
-5.47323
-5.4732
-5.47323
-5.47333
-5.47349
-5.47372
-5.47403
-5.4744
-5.47484
-5.47536
-5.47594
-5.47659
-5.4773
-5.47808
-5.47892
-5.47981
-5.48075
-5.48174
-5.48276
-5.48382
-5.4849
-5.48601
-5.48714
-5.58499
-5.58501
-5.58495
-5.58485
-5.58467
-5.58444
-5.58414
-5.5838
-5.58342
-5.58299
-5.58254
-5.58206
-5.58157
-5.58107
-5.58056
-5.58005
-5.57955
-5.57906
-5.57859
-5.57815
-5.57775
-5.57738
-5.57705
-5.57677
-5.57654
-5.57636
-5.57624
-5.57617
-5.57617
-5.57623
-5.57634
-5.57652
-5.57676
-5.57706
-5.57741
-5.57782
-5.57828
-5.57879
-5.57934
-5.57992
-5.58054
-5.58118
-5.58183
-5.5825
-5.58319
-5.69248
-5.6928
-5.69276
-5.69267
-5.69246
-5.69217
-5.69181
-5.69139
-5.69092
-5.69039
-5.68983
-5.68922
-5.68859
-5.68794
-5.68727
-5.68658
-5.6859
-5.68522
-5.68454
-5.68388
-5.68324
-5.68263
-5.68205
-5.6815
-5.68099
-5.68052
-5.6801
-5.67973
-5.67941
-5.67913
-5.67891
-5.67874
-5.67863
-5.67856
-5.67855
-5.67858
-5.67866
-5.67878
-5.67894
-5.67913
-5.67934
-5.67955
-5.67977
-5.68
-5.68023
)
;

boundaryField
{
    leftWall
    {
        type            calculated;
        value           nonuniform List<scalar> 
42
(
-2.37286
-2.43228
-2.49038
-2.54744
-2.6037
-2.65959
-2.71565
-2.77236
-2.83003
-2.88889
-2.94914
-3.01104
-3.07484
-3.14078
-3.20902
-3.27967
-3.3527
-3.42805
-3.50563
-3.58531
-3.66698
-3.75049
-3.83572
-3.92255
-4.0109
-4.10067
-4.19177
-4.28415
-4.37774
-4.47248
-4.56836
-4.66532
-4.76334
-4.86241
-4.96252
-5.06368
-5.16584
-5.26903
-5.37328
-5.47862
-5.58499
-5.69248
)
;
    }
    rightWall
    {
        type            calculated;
        value           nonuniform 0();
    }
    lowerWall
    {
        type            calculated;
        value           nonuniform 0();
    }
    atmosphere
    {
        type            calculated;
        value           nonuniform List<scalar> 
45
(
-5.7463
-5.74752
-5.74739
-5.74723
-5.74697
-5.74664
-5.74623
-5.74576
-5.74523
-5.74464
-5.74401
-5.74333
-5.74262
-5.74188
-5.74112
-5.74034
-5.73955
-5.73876
-5.73797
-5.73719
-5.73642
-5.73567
-5.73495
-5.73426
-5.7336
-5.73298
-5.7324
-5.73186
-5.73137
-5.73092
-5.73053
-5.73018
-5.72987
-5.72962
-5.72942
-5.72926
-5.72914
-5.72907
-5.72904
-5.72904
-5.72904
-5.72904
-5.72904
-5.72904
-5.72904
)
;
    }
    defaultFaces
    {
        type            empty;
    }
    procBoundary2to0
    {
        type            processor;
        value           nonuniform List<scalar> 
46
(
-3.74823
-3.84228
-3.82907
-3.70241
-3.57898
-3.35532
-3.27586
-3.07071
-2.81781
-2.68158
-2.56532
-2.47566
-2.40064
-2.33778
-2.28382
-2.23732
-2.19725
-2.16301
-2.13431
-2.11102
-2.09313
-2.0807
-2.0738
-2.07252
-2.07689
-2.31178
-2.31211
-2.31777
-2.32453
-2.33563
-2.34963
-2.36774
-2.39006
-2.41693
-2.44892
-2.48633
-2.53016
-2.58338
-2.6518
-2.74209
-2.86278
-3.02662
-3.25406
-3.5509
-3.86576
-3.86576
)
;
    }
    procBoundary2to3
    {
        type            processor;
        value           nonuniform List<scalar> 
43
(
-2.1791
-2.26848
-2.35527
-2.4398
-2.52235
-2.60321
-2.68263
-2.76087
-2.83817
-2.91478
-2.99089
-3.06669
-3.14236
-3.21804
-3.29386
-3.36996
-3.44643
-3.52334
-3.60075
-3.67872
-3.7573
-3.83653
-3.91644
-3.99703
-4.07835
-4.1604
-4.24321
-4.32679
-4.41114
-4.49628
-4.58223
-4.66899
-4.75656
-4.84497
-4.93421
-5.02433
-5.11532
-5.20719
-5.29997
-5.39366
-5.48829
-5.58388
-5.68046
)
;
    }
}


// ************************************************************************* //
