/*--------------------------------*- C++ -*----------------------------------*\
| =========                 |                                                 |
| \\      /  F ield         | OpenFOAM: The Open Source CFD Toolbox           |
|  \\    /   O peration     | Version:  3.0.1                                 |
|   \\  /    A nd           | Web:      www.OpenFOAM.org                      |
|    \\/     M anipulation  |                                                 |
\*---------------------------------------------------------------------------*/
FoamFile
{
    version     2.0;
    format      ascii;
    class       volScalarField;
    location    "0.15";
    object      p_rgh;
}
// * * * * * * * * * * * * * * * * * * * * * * * * * * * * * * * * * * * * * //

dimensions      [1 -1 -2 0 0 0 0];

internalField   nonuniform List<scalar> 
1915
(
-0.850019
0.117441
-1.14913
-1.8332
-1.578
16.9193
3.38879
-0.996248
-0.677413
-0.495325
-0.348614
-0.241807
-0.155996
-0.0867105
-0.0290977
0.0191468
0.0597261
0.0936425
0.121533
0.143774
0.160575
0.172036
0.178186
0.179046
0.174672
0.0367454
0.0357231
0.0303853
0.0244041
0.0145157
0.00215884
-0.0135365
-0.0327468
-0.0559017
-0.0837
-0.116999
-0.157452
-0.208084
-0.273981
-0.362551
-0.486198
-0.666811
-0.939507
-1.29877
-1.09606
0.647473
0.298936
-1.36573
-2.13325
-1.68892
8.16319
1.61008
-1.11818
-0.769704
-0.552739
-0.387587
-0.270301
-0.178091
-0.105336
-0.0461614
0.00240478
0.0425114
0.0754667
0.102136
0.123067
0.138608
0.148975
0.154305
0.154697
0.15026
0.043263
0.0417284
0.037381
0.0317619
0.0234247
0.0127042
-0.000691767
-0.0170723
-0.0368612
-0.0607702
-0.0899179
-0.126092
-0.17226
-0.233205
-0.316701
-0.436777
-0.624066
-0.920952
-1.27923
0.0160487
0.597075
0.344884
-2.05223
-2.1718
-1.47149
2.9389
-0.692999
-1.11452
-0.786391
-0.560797
-0.395637
-0.277282
-0.184845
-0.11265
-0.0545831
-0.00747307
0.0309572
0.0621434
0.0870548
0.106328
0.120386
0.129515
0.133918
0.133746
0.129146
0.0516999
0.0500917
0.0466019
0.0415933
0.034642
0.0256118
0.0143717
0.00063246
-0.0159887
-0.0361584
-0.0609718
-0.0921189
-0.132307
-0.185882
-0.259789
-0.368274
-0.546587
-0.836201
-1.20398
0.0639941
0.783379
0.533833
-1.337
-2.06281
-0.540782
2.17001
-1.4586
-1.00658
-0.725458
-0.52115
-0.372554
-0.262469
-0.176238
-0.108741
-0.0545046
-0.0106783
0.0248459
0.0534366
0.076037
0.0932869
0.105626
0.113362
0.116725
0.115895
0.111028
0.0618034
0.060396
0.0575475
0.0533139
0.0475973
0.0402075
0.0310125
0.0197762
0.00616922
-0.0103744
-0.0307747
-0.0564582
-0.089665
-0.133827
-0.194229
-0.283492
-0.43287
-0.678889
-1.02519
-1.18298
0.790942
0.709034
0.741448
0.797778
-0.00902312
-0.947232
-1.21366
-0.840197
-0.614971
-0.448098
-0.324688
-0.229776
-0.154692
-0.0951525
-0.0469884
-0.00798748
0.023581
0.0488639
0.0686747
0.0835827
0.0939919
0.100194
0.102414
0.100833
0.0956072
0.0733292
0.0721715
0.0698471
0.0664065
0.0618169
0.055947
0.048657
0.0397531
0.0289577
0.0158261
-0.000348275
-0.0206522
-0.0467473
-0.0809282
-0.126561
-0.192287
-0.2987
-0.473729
-0.734757
-1.06998
-1.29285
0.497771
0.190234
-1.48062
-1.28108
-1.18052
-0.881355
-0.637002
-0.481007
-0.357124
-0.261733
-0.185556
-0.124162
-0.0744529
-0.0337691
-0.000605684
0.0262912
0.0477673
0.0644482
0.0767853
0.0851107
0.0896732
0.0906689
0.0882633
0.0825981
0.0858599
0.0849166
0.0830605
0.0803678
0.0768071
0.0722998
0.0667207
0.0599071
0.0516312
0.0415566
0.0291653
0.0136724
-0.00606445
-0.0314342
-0.0642567
-0.108962
-0.175495
-0.279071
-0.434061
-0.631886
-0.822853
-0.957673
-1.0018
-0.978905
-0.89415
-0.737462
-0.569746
-0.442439
-0.346144
-0.262179
-0.193646
-0.13645
-0.0890231
-0.0496284
-0.016909
0.0100144
0.0319228
0.0493579
0.0627444
0.072399
0.0785656
0.0814349
0.0811633
0.0778867
0.0717263
0.0988499
0.0980954
0.0966698
0.0946617
0.0920214
0.0887001
0.0845981
0.0795838
0.0734748
0.0660145
0.0568266
0.0453546
0.0308235
0.0123572
-0.0110185
-0.0412229
-0.0822387
-0.140374
-0.222124
-0.324802
-0.426861
-0.499307
-0.526078
-0.512251
-0.472182
-0.408709
-0.342195
-0.283748
-0.227707
-0.174728
-0.128477
-0.0879409
-0.0531454
-0.0234566
0.00159674
0.0224162
0.0393921
0.052811
0.0629174
0.0699024
0.0739217
0.0751051
0.073566
0.0694073
0.0627238
0.111832
0.11126
0.110232
0.108825
0.106982
0.104666
0.101804
0.098287
0.0939734
0.0886698
0.0821015
0.0738768
0.0634637
0.0502586
0.0336815
0.0129621
-0.0133314
-0.0473729
-0.0907092
-0.141379
-0.192269
-0.233763
-0.258671
-0.26306
-0.246752
-0.222408
-0.195226
-0.165562
-0.133054
-0.100883
-0.0710119
-0.0436452
-0.0193411
0.00191248
0.0201115
0.0353434
0.0477268
0.0573629
0.0643556
0.0687937
0.0707574
0.0703211
0.0675571
0.0625363
0.0553264
0.124496
0.1241
0.12343
0.122533
0.121355
0.119867
0.118011
0.115704
0.112837
0.109264
0.104783
0.0991202
0.0919146
0.0827389
0.0711884
0.0568986
0.0393357
0.0176436
-0.00863135
-0.0381515
-0.0674618
-0.092332
-0.110069
-0.119553
-0.119529
-0.110427
-0.096586
-0.0795826
-0.0606794
-0.041545
-0.0229434
-0.00533134
0.0107514
0.0250836
0.0374749
0.0478423
0.0561468
0.0623726
0.0665269
0.0686244
0.0686876
0.0667459
0.0628367
0.0570019
0.0492844
0.13663
0.136396
0.136029
0.135544
0.134898
0.134067
0.133004
0.131646
0.129908
0.12768
0.124814
0.121118
0.11635
0.110219
0.102439
0.092782
0.081052
0.0670344
0.0506931
0.0326348
0.014339
-0.0022002
-0.015298
-0.0241293
-0.028332
-0.0275673
-0.0227181
-0.0148236
-0.00512394
0.00538499
0.0161487
0.026661
0.0364828
0.0453362
0.0529851
0.059273
0.0640862
0.0673457
0.0690003
0.0690166
0.0673776
0.0640799
0.0591334
0.052557
0.0443739
0.148026
0.147933
0.147803
0.147631
0.147391
0.147059
0.146597
0.145954
0.145066
0.143845
0.142178
0.139929
0.136927
0.132979
0.127887
0.121482
0.113636
0.10428
0.0934887
0.0816068
0.0693452
0.0576771
0.0475432
0.0396413
0.0343665
0.0319024
0.0318405
0.0339145
0.037539
0.0421824
0.0473911
0.0527266
0.0578322
0.0624356
0.0663058
0.0692662
0.0711776
0.0719323
0.0714498
0.0696699
0.066551
0.0620682
0.0562122
0.0489852
0.040397
0.158444
0.158463
0.1585
0.158554
0.158606
0.158631
0.1586
0.158471
0.15819
0.157683
0.156863
0.155621
0.153834
0.15136
0.148057
0.143799
0.138489
0.132083
0.124636
0.116353
0.107596
0.0988463
0.090638
0.0834695
0.0776845
0.0734479
0.0709702
0.0697887
0.0697132
0.0704987
0.0718502
0.0734622
0.0750655
0.0764281
0.0773475
0.0776559
0.077214
0.075908
0.0736467
0.0703584
0.0659891
0.0605017
0.0538752
0.0461008
0.0371791
0.167629
0.167726
0.167869
0.168074
0.168316
0.16858
0.168836
0.169049
0.16917
0.169135
0.168872
0.168292
0.167294
0.165769
0.163606
0.160707
0.156996
0.152428
0.147016
0.140863
0.134169
0.127208
0.120304
0.1138
0.107967
0.102972
0.0989876
0.0958583
0.0935195
0.0918029
0.0905337
0.0895199
0.0885719
0.0875109
0.0861729
0.0844136
0.0821072
0.0791466
0.0754423
0.0709211
0.0655256
0.0592139
0.0519589
0.0437451
0.0345671
0.175356
0.175494
0.175697
0.175988
0.17634
0.176742
0.177167
0.177583
0.17794
0.178185
0.178254
0.178068
0.177545
0.176592
0.175118
0.17304
0.170289
0.166822
0.162632
0.15777
0.152348
0.146538
0.140548
0.134601
0.128897
0.123578
0.118748
0.114536
0.110787
0.107441
0.10441
0.101573
0.0988007
0.0959634
0.0929353
0.0895996
0.0858506
0.0815945
0.0767505
0.0712505
0.0650395
0.0580758
0.0503306
0.0417848
0.0324286
0.181459
0.181611
0.181836
0.18216
0.182561
0.183026
0.18353
0.184038
0.184507
0.184886
0.185117
0.185133
0.184858
0.184218
0.183132
0.181529
0.179344
0.176537
0.173094
0.169037
0.164429
0.159376
0.154016
0.14851
0.143013
0.13764
0.132459
0.127569
0.122926
0.118542
0.114345
0.110263
0.106212
0.1021
0.0978358
0.0933279
0.0884918
0.0832498
0.0775331
0.0712822
0.0644479
0.0569916
0.0488857
0.0401102
0.0306518
0.185856
0.186007
0.186228
0.18655
0.186955
0.187428
0.187942
0.188462
0.188949
0.189358
0.189634
0.189717
0.189542
0.189042
0.188148
0.186798
0.184936
0.182522
0.179537
0.175987
0.171913
0.167383
0.162491
0.157346
0.152058
0.146722
0.141401
0.136147
0.131036
0.126017
0.12107
0.116161
0.111237
0.106237
0.101093
0.09574
0.0901113
0.0841455
0.0777867
0.0709851
0.0636988
0.0558939
0.0475455
0.0386348
0.0291474
0.18856
0.1887
0.188899
0.189197
0.189576
0.190016
0.19049
0.190967
0.19141
0.191778
0.192022
0.192087
0.191914
0.191447
0.190626
0.189394
0.187704
0.18552
0.182822
0.179608
0.175901
0.171745
0.167206
0.16236
0.157288
0.152063
0.146743
0.141367
0.135984
0.130588
0.125188
0.119756
0.114262
0.108667
0.102925
0.0969883
0.0908083
0.0843377
0.0775324
0.0703528
0.0627641
0.054738
0.0462531
0.0372939
0.027848
0.189648
0.189764
0.189936
0.190194
0.190525
0.190904
0.191308
0.191708
0.19207
0.192355
0.192519
0.192514
0.192289
0.191793
0.190973
0.189783
0.18818
0.186131
0.183617
0.180633
0.17719
0.173318
0.16906
0.164471
0.15961
0.154531
0.149283
0.143898
0.138404
0.132842
0.127196
0.121462
0.115623
0.109658
0.103536
0.097225
0.0906894
0.0838943
0.0768064
0.0693949
0.0616325
0.0534962
0.0449692
0.0360398
0.0267002
0.189219
0.189308
0.18945
0.189663
0.189932
0.190236
0.190554
0.190858
0.191119
0.191301
0.191364
0.191264
0.190959
0.190402
0.189549
0.188359
0.186795
0.184828
0.18244
0.179622
0.17638
0.172732
0.168708
0.164346
0.159689
0.154777
0.14965
0.144338
0.138863
0.133248
0.127501
0.121624
0.11561
0.109447
0.103115
0.0965947
0.0898604
0.0828876
0.0756519
0.0681306
0.0603033
0.0521525
0.0436657
0.0348352
0.0256569
0.187397
0.187465
0.187573
0.187738
0.187939
0.188164
0.18839
0.188595
0.188751
0.188824
0.188779
0.188579
0.188184
0.187556
0.186656
0.185448
0.183901
0.181988
0.179691
0.177002
0.173921
0.170461
0.166641
0.162486
0.158028
0.153298
0.148324
0.143134
0.137744
0.132171
0.126435
0.120535
0.114472
0.10824
0.10183
0.095229
0.0884204
0.0813877
0.0741142
0.0665842
0.0587833
0.0506992
0.0423232
0.0336506
0.0246787
0.18432
0.18437
0.184445
0.18456
0.184697
0.184844
0.184982
0.185092
0.185148
0.185116
0.184968
0.184671
0.184192
0.183495
0.182547
0.181317
0.179778
0.177905
0.175683
0.173103
0.170163
0.166868
0.163232
0.159272
0.155009
0.150468
0.145669
0.140635
0.135381
0.129921
0.124269
0.118434
0.112416
0.106215
0.099826
0.0932437
0.0864587
0.0794606
0.0722388
0.0647833
0.0570851
0.0491359
0.0409305
0.0324661
0.0237403
0.180127
0.180163
0.180206
0.180273
0.180352
0.180429
0.180488
0.180512
0.180475
0.18035
0.18011
0.179729
0.179175
0.178418
0.177429
0.176182
0.174651
0.172817
0.170665
0.168184
0.165373
0.162232
0.158769
0.154996
0.150927
0.14658
0.141972
0.137119
0.132036
0.126735
0.121225
0.11552
0.109615
0.103517
0.0972251
0.0907395
0.0840555
0.0771677
0.0700705
0.0627582
0.055226
0.047469
0.0394848
0.0312727
0.0228309
0.174953
0.174972
0.174988
0.175015
0.175042
0.175059
0.175051
0.175
0.174883
0.174677
0.174361
0.173909
0.173295
0.172491
0.171474
0.170219
0.168705
0.166913
0.164831
0.162449
0.159761
0.156768
0.153473
0.149883
0.146009
0.141861
0.137455
0.1328
0.127912
0.1228
0.117473
0.111941
0.106213
0.10027
0.0941321
0.0878035
0.0812824
0.0745663
0.0676529
0.0605401
0.0532261
0.0457088
0.0379883
0.0300663
0.0219431
0.168913
0.168916
0.168911
0.168906
0.168892
0.168859
0.168794
0.16868
0.168498
0.168228
0.167852
0.167347
0.166688
0.165854
0.164822
0.163573
0.162085
0.160344
0.158337
0.156055
0.153492
0.150645
0.147515
0.144107
0.140428
0.136484
0.132287
0.127844
0.123168
0.118267
0.113152
0.107837
0.102354
0.0965742
0.0906332
0.0845113
0.0782033
0.0717084
0.0650268
0.0581589
0.0511052
0.0438662
0.0364438
0.0288421
0.0210644
0.162114
0.162105
0.162085
0.162055
0.162009
0.161937
0.161828
0.161664
0.161432
0.161116
0.160697
0.160155
0.15947
0.158622
0.157592
0.156361
0.154911
0.15323
0.151305
0.149128
0.146691
0.143991
0.141028
0.137803
0.13432
0.130584
0.126602
0.122382
0.11793
0.113255
0.108363
0.103252
0.0979058
0.0924621
0.0867934
0.0809274
0.0748747
0.0686405
0.0622281
0.0556407
0.0488805
0.04195
0.0348527
0.0275944
0.0201802
0.154652
0.154636
0.154604
0.154557
0.154488
0.154387
0.154244
0.154047
0.153782
0.153436
0.152991
0.15243
0.151736
0.150891
0.149877
0.148677
0.147278
0.145666
0.143832
0.141765
0.13946
0.136911
0.134116
0.131076
0.127793
0.124269
0.12051
0.116521
0.112308
0.107877
0.103236
0.0983879
0.0933414
0.0881222
0.0827128
0.0771197
0.0713478
0.0654022
0.0592873
0.0530074
0.0465664
0.0399679
0.0332167
0.0263193
0.0192823
0.146616
0.146595
0.146556
0.146497
0.146412
0.146293
0.146129
0.145912
0.14563
0.145269
0.144814
0.144251
0.143563
0.142735
0.141751
0.140598
0.139261
0.137731
0.135996
0.134048
0.131879
0.129486
0.126864
0.124012
0.120932
0.117626
0.114095
0.110346
0.106382
0.10221
0.0978339
0.0932611
0.088498
0.0835524
0.0784297
0.0731303
0.0676602
0.0620245
0.0562284
0.0502769
0.0441749
0.0379271
0.0315389
0.0250174
0.0183703
0.13808
0.138057
0.138014
0.137949
0.137855
0.137727
0.137554
0.13733
0.137044
0.136682
0.136232
0.135681
0.135014
0.134218
0.13328
0.132186
0.130925
0.129487
0.127861
0.12604
0.124015
0.121782
0.119338
0.11668
0.113809
0.110725
0.107429
0.103926
0.10022
0.0963139
0.0922138
0.087925
0.0834533
0.0788041
0.073983
0.0689933
0.0638411
0.0585319
0.0530711
0.0474642
0.0417169
0.0358345
0.0298231
0.0236902
0.0174445
0.129112
0.129087
0.129044
0.128977
0.128882
0.128752
0.128581
0.128361
0.128081
0.127731
0.127299
0.126774
0.126143
0.125394
0.124515
0.123494
0.122321
0.120986
0.119479
0.117793
0.115919
0.113854
0.111594
0.109135
0.106477
0.10362
0.100564
0.0973132
0.0938696
0.0902373
0.0864204
0.0824232
0.0782509
0.0739087
0.0694015
0.0647351
0.0599139
0.0549441
0.0498316
0.044582
0.0392016
0.0336962
0.0280724
0.0223378
0.0165015
0.119767
0.119743
0.119701
0.119637
0.119546
0.119423
0.119261
0.119054
0.118793
0.118466
0.118066
0.11758
0.116997
0.116308
0.1155
0.114565
0.113491
0.11227
0.110891
0.109348
0.107634
0.105743
0.103672
0.101417
0.0989773
0.0963511
0.0935397
0.0905449
0.0873692
0.0840156
0.0804874
0.0767883
0.0729228
0.0688959
0.0647127
0.0603785
0.0558982
0.0512778
0.0465234
0.0416409
0.0366366
0.031517
0.0262886
0.0209589
0.0155368
0.110094
0.110071
0.110033
0.109976
0.109895
0.109785
0.109641
0.109456
0.109222
0.10893
0.108571
0.108136
0.107613
0.106995
0.106271
0.105432
0.104468
0.103369
0.102127
0.100735
0.0991872
0.0974772
0.095601
0.0935551
0.0913373
0.0889467
0.0863838
0.0836498
0.0807465
0.0776762
0.0744416
0.071046
0.0674932
0.063788
0.0599355
0.0559407
0.0518091
0.0475458
0.043157
0.0386489
0.0340279
0.0293006
0.0244735
0.0195538
0.0145495
0.100131
0.100113
0.100082
0.100035
0.0999678
0.0998774
0.0997584
0.0996034
0.0994053
0.0991564
0.0988486
0.0984731
0.0980213
0.0974846
0.0968542
0.0961207
0.0952746
0.0943071
0.0932102
0.0919769
0.0906011
0.0890774
0.0874012
0.0855689
0.0835782
0.0814279
0.0791179
0.0766489
0.074022
0.0712391
0.0683024
0.0652147
0.0619796
0.0586015
0.0550851
0.0514356
0.0476581
0.0437574
0.0397399
0.0356117
0.0313793
0.0270496
0.0226288
0.0181236
0.0135416
0.089914
0.0899027
0.0898798
0.0898458
0.0897977
0.0897322
0.0896433
0.0895245
0.0893696
0.0891718
0.0889236
0.0886174
0.0882453
0.0877995
0.0872712
0.0866514
0.085931
0.0851018
0.0841564
0.083088
0.0818905
0.0805586
0.0790876
0.0774738
0.0757149
0.0738094
0.0717565
0.0695564
0.0672097
0.0647178
0.0620825
0.0593066
0.0563933
0.0533464
0.0501704
0.0468703
0.0434508
0.0399175
0.0362759
0.0325321
0.0286929
0.0247647
0.0207541
0.0166671
0.0125112
0.0794664
0.0794612
0.0794484
0.079431
0.0794064
0.07937
0.0793162
0.0792398
0.0791353
0.0789964
0.0788162
0.0785878
0.0783039
0.0779568
0.0775378
0.0770385
0.0764505
0.0757661
0.0749783
0.0740806
0.0730668
0.0719315
0.0706704
0.0692797
0.0677569
0.0661
0.0643079
0.0623801
0.0603167
0.0581189
0.0557885
0.0533277
0.0507395
0.0480275
0.0451954
0.0422481
0.0391905
0.0360279
0.0327657
0.0294099
0.025967
0.0224434
0.0188452
0.0151784
0.01145
0.0687957
0.0687954
0.0687955
0.0687987
0.068801
0.0687979
0.068785
0.0687578
0.0687111
0.0686389
0.0685347
0.0683923
0.0682043
0.067963
0.0676604
0.0672883
0.0668392
0.066306
0.0656819
0.0649602
0.0641351
0.0632012
0.0621543
0.0609907
0.0597077
0.0583028
0.0567745
0.0551217
0.0533446
0.0514439
0.0494212
0.0472786
0.0450186
0.0426443
0.0401594
0.0375681
0.0348753
0.0320862
0.0292063
0.026241
0.0231967
0.0200794
0.0168948
0.0136486
0.0103468
0.0579135
0.0579191
0.0579349
0.0579608
0.0579924
0.0580263
0.058059
0.0580865
0.0581035
0.0581042
0.0580829
0.058033
0.0579473
0.0578182
0.057638
0.0573995
0.0570958
0.05672
0.0562652
0.0557249
0.0550932
0.0543652
0.0535368
0.0526043
0.0515646
0.050415
0.0491534
0.0477788
0.0462908
0.0446901
0.042978
0.0411563
0.0392272
0.0371934
0.0350581
0.0328254
0.0304999
0.0280866
0.0255911
0.0230186
0.0203746
0.0176649
0.0148948
0.0120695
0.00919415
0.0468565
0.0468712
0.046905
0.0469531
0.0470148
0.0470874
0.0471683
0.0472531
0.0473369
0.0474145
0.0474798
0.0475263
0.0475465
0.0475332
0.0474796
0.0473792
0.0472253
0.047011
0.0467295
0.0463743
0.0459399
0.0454215
0.044815
0.0441169
0.0433235
0.042432
0.04144
0.0403462
0.0391501
0.0378521
0.0364533
0.0349551
0.0333594
0.0316683
0.029885
0.028013
0.0260568
0.0240214
0.0219119
0.0197338
0.0174918
0.0151915
0.0128379
0.0104356
0.00798919
0.0356333
0.0356553
0.0357078
0.0357768
0.0358696
0.0359829
0.0361141
0.0362592
0.0364135
0.0365716
0.0367272
0.0368734
0.0370031
0.0371097
0.0371871
0.0372291
0.0372291
0.0371802
0.0370755
0.0369088
0.036675
0.0363693
0.0359877
0.0355264
0.0349817
0.0343504
0.03363
0.0328191
0.0319171
0.030924
0.0298407
0.028668
0.0274075
0.0260611
0.0246315
0.023122
0.021537
0.019881
0.0181587
0.0163773
0.0145396
0.0126511
0.0107169
0.00874158
0.00672885
0.0241873
0.024199
0.0242662
0.0243549
0.0244809
0.0246374
0.0248226
0.0250325
0.0252624
0.0255066
0.0257583
0.0260107
0.026257
0.0264914
0.0267079
0.0269004
0.0270623
0.0271863
0.0272659
0.0272951
0.0272687
0.0271823
0.0270315
0.0268123
0.0265208
0.0261538
0.0257089
0.0251845
0.0245798
0.0238946
0.0231293
0.0222845
0.0213613
0.0203615
0.0192874
0.0181424
0.0169304
0.015656
0.0143243
0.0129399
0.011508
0.010034
0.00852279
0.00697846
0.00540442
0.0125247
0.0125118
0.0125873
0.0126901
0.0128461
0.0130438
0.0132828
0.0135587
0.0138663
0.0141992
0.0145504
0.0149134
0.0152819
0.0156502
0.0160125
0.0163622
0.0166926
0.0169965
0.0172676
0.0174999
0.0176884
0.0178283
0.0179151
0.0179445
0.0179126
0.0178161
0.0176525
0.0174201
0.0171179
0.0167453
0.0163022
0.015789
0.0152066
0.0145564
0.0138406
0.0130622
0.012225
0.0113334
0.0103924
0.00940738
0.00838347
0.00732667
0.00624159
0.00513201
0.00400067
0.000701036
0.000677243
0.000742416
0.000840357
0.00101648
0.00125183
0.00154386
0.00188625
0.00227231
0.00269501
0.00314751
0.00362341
0.0041168
0.0046218
0.00513224
0.00564149
0.0061427
0.00662914
0.00709453
0.00753314
0.00793969
0.00830921
0.00863698
0.00891857
0.00915003
0.00932803
0.00944993
0.00951374
0.00951806
0.00946198
0.009345
0.00916714
0.00892895
0.00863161
0.00827702
0.00786777
0.00740713
0.00689921
0.00634904
0.00576345
0.0051484
0.00451135
0.00385602
0.00318533
0.00250106
-0.011372
-0.0116954
-0.0116549
-0.0115602
-0.0113517
-0.0110642
-0.0107054
-0.0102842
-0.00980774
-0.00928305
-0.00871659
-0.00811458
-0.00748313
-0.00682842
-0.00615684
-0.00547497
-0.00478941
-0.00410661
-0.00343273
-0.00277362
-0.00213479
-0.00152147
-0.000938569
-0.000390609
0.000118363
0.000584842
0.00100589
0.00137915
0.00170276
0.00197539
0.00219617
0.00236475
0.00248131
0.00254657
0.00256181
0.00252894
0.0024505
0.00232999
0.00217195
0.00197933
0.00177047
0.00155664
0.00133676
0.00111162
0.00088159
)
;

boundaryField
{
    leftWall
    {
        type            fixedFluxPressure;
        gradient        uniform 0;
        value           nonuniform List<scalar> 
42
(
0.0367454
0.043263
0.0516999
0.0618034
0.0733292
0.0858599
0.0988499
0.111832
0.124496
0.13663
0.148026
0.158444
0.167629
0.175356
0.181459
0.185856
0.18856
0.189648
0.189219
0.187397
0.18432
0.180127
0.174953
0.168913
0.162114
0.154652
0.146616
0.13808
0.129112
0.119767
0.110094
0.100131
0.089914
0.0794664
0.0687957
0.0579135
0.0468565
0.0356333
0.0241873
0.0125247
0.000701036
-0.011372
)
;
    }
    rightWall
    {
        type            fixedFluxPressure;
        gradient        nonuniform 0();
        value           nonuniform 0();
    }
    lowerWall
    {
        type            fixedFluxPressure;
        gradient        nonuniform 0();
        value           nonuniform 0();
    }
    atmosphere
    {
        type            totalPressure;
        rho             rho;
        psi             none;
        gamma           1;
        p0              uniform 0;
        value           nonuniform List<scalar> 
45
(
-0.0172568
-0.0184752
-0.0183452
-0.0181867
-0.0179326
-0.0175994
-0.0171935
-0.0167215
-0.0161895
-0.0156035
-0.0149696
-0.0142939
-0.0135827
-0.0128422
-0.012079
-0.0112996
-0.0105104
-0.00971776
-0.0089279
-0.00814683
-0.00738028
-0.00663364
-0.00591194
-0.00521978
-0.0045613
-0.00394015
-0.00335945
-0.00282184
-0.00232939
-0.00188366
-0.00148569
-0.00113604
-0.000834791
-0.000581585
-0.00037569
-0.00021604
-0.000101316
-3.00868e-05
-9.46823e-07
0
0
0
0
0
0
)
;
    }
    defaultFaces
    {
        type            empty;
    }
    procBoundary2to0
    {
        type            processor;
        value           nonuniform List<scalar> 
46
(
-1.45908
-1.45368
-1.43161
-1.40541
-1.2977
18.5316
3.05556
-0.79113
-0.538253
-0.402026
-0.285763
-0.196099
-0.121077
-0.0582199
-0.00426397
0.0422367
0.0823121
0.116545
0.145244
0.168535
0.186425
0.198858
0.205756
0.207038
0.202665
0.0324982
0.0321695
0.0265176
0.0197526
0.00865399
-0.00534887
-0.0234609
-0.0457766
-0.0726473
-0.104646
-0.14205
-0.185897
-0.239142
-0.307605
-0.397918
-0.518603
-0.682391
-0.90978
-1.20657
-1.51989
-1.51989
)
;
    }
    procBoundary2to3
    {
        type            processor;
        value           nonuniform List<scalar> 
43
(
0.165178
0.14113
0.120266
0.102285
0.086893
0.0738204
0.0628124
0.053624
0.0460125
0.039748
0.0346273
0.0304721
0.0271226
0.024433
0.0222705
0.0205201
0.0190907
0.017916
0.0169439
0.0161245
0.0154108
0.0147687
0.0141806
0.0136352
0.013118
0.0126126
0.012108
0.0116005
0.0110877
0.0105639
0.0100231
0.0094632
0.00888513
0.00828646
0.00765849
0.00699014
0.00627398
0.00550742
0.0046877
0.00380672
0.00285041
0.00180423
0.000647012
)
;
    }
}


// ************************************************************************* //
