/*--------------------------------*- C++ -*----------------------------------*\
| =========                 |                                                 |
| \\      /  F ield         | OpenFOAM: The Open Source CFD Toolbox           |
|  \\    /   O peration     | Version:  3.0.1                                 |
|   \\  /    A nd           | Web:      www.OpenFOAM.org                      |
|    \\/     M anipulation  |                                                 |
\*---------------------------------------------------------------------------*/
FoamFile
{
    version     2.0;
    format      ascii;
    class       surfaceScalarField;
    location    "0.15";
    object      phi;
}
// * * * * * * * * * * * * * * * * * * * * * * * * * * * * * * * * * * * * * //

dimensions      [0 3 -1 0 0 0 0];

internalField   nonuniform List<scalar> 
3742
(
4.7043e-05
-0.000110778
4.20154e-05
-7.48783e-05
3.44852e-05
-2.86637e-05
2.2133e-05
2.1119e-05
1.34966e-05
3.58387e-05
-2.49195e-06
-3.38109e-05
-1.38561e-05
3.01871e-05
-2.21752e-05
0.000123455
-2.6175e-05
0.000112318
-2.78206e-05
9.78233e-05
-2.84582e-05
8.90889e-05
-2.81744e-05
8.24539e-05
-2.73094e-05
7.73594e-05
-2.59893e-05
7.33457e-05
-2.43538e-05
7.01137e-05
-2.24809e-05
6.74452e-05
-2.04339e-05
6.51794e-05
-1.8259e-05
6.31991e-05
-1.59937e-05
6.14138e-05
-1.3669e-05
5.97544e-05
-1.13125e-05
5.81671e-05
-8.94935e-06
5.66099e-05
-6.60391e-06
5.50502e-05
-4.30061e-06
5.34631e-05
5.18306e-05
-3.32322e-07
-7.30295e-05
-3.20178e-08
-7.66976e-05
2.79202e-08
-7.74241e-05
2.13277e-07
-7.7945e-05
4.05072e-07
-7.91266e-05
6.62956e-07
-8.05874e-05
9.53684e-07
-8.25186e-05
1.25104e-06
-8.49485e-05
1.53622e-06
-8.79488e-05
1.79187e-06
-9.15923e-05
2.08106e-06
-9.59814e-05
2.42238e-06
-0.000101256
2.86631e-06
-0.000107553
3.52208e-06
-0.000115128
4.83595e-06
-0.0001247
7.64877e-06
-0.00013749
1.22884e-05
-0.000152747
1.76846e-05
-0.000164481
2.0398e-05
-0.000162255
1.79486e-05
-0.00013842
1.18084e-05
-0.000104638
4.92105e-06
-6.7991e-05
-1.53045e-06
-2.22122e-05
-1.63744e-06
2.1226e-05
2.27868e-06
3.19225e-05
-1.61034e-05
-1.54288e-05
-3.91643e-05
5.32479e-05
-4.24172e-05
0.000126708
-4.03957e-05
0.000110297
-3.82685e-05
9.56961e-05
-3.63364e-05
8.71567e-05
-3.42857e-05
8.04031e-05
-3.21471e-05
7.52208e-05
-2.99187e-05
7.11172e-05
-2.76224e-05
6.78174e-05
-2.5269e-05
6.50918e-05
-2.28745e-05
6.27849e-05
-2.04526e-05
6.07773e-05
-1.80176e-05
5.89787e-05
-1.55835e-05
5.73202e-05
-1.31649e-05
5.57484e-05
-1.07768e-05
5.42218e-05
-8.43506e-06
5.27084e-05
-6.15665e-06
5.11847e-05
4.96332e-05
-4.5468e-07
-7.25748e-05
-6.1143e-07
-7.65408e-05
-9.70665e-07
-7.70649e-05
-1.1639e-06
-7.77518e-05
-1.4242e-06
-7.88663e-05
-1.67468e-06
-8.03369e-05
-1.96857e-06
-8.22247e-05
-2.33727e-06
-8.45798e-05
-2.81877e-06
-8.74673e-05
-3.4485e-06
-9.09626e-05
-4.25719e-06
-9.51727e-05
-5.29383e-06
-0.00010022
-6.61469e-06
-0.000106233
-8.2306e-06
-0.000113512
-9.91691e-06
-0.000123013
-1.1291e-05
-0.000136116
-1.22662e-05
-0.000151772
-1.328e-05
-0.000163467
-1.60315e-05
-0.000159504
-2.07045e-05
-0.000133747
-2.74147e-05
-9.79277e-05
-3.64665e-05
-5.89392e-05
-4.09253e-05
-1.77534e-05
-3.21873e-05
1.2488e-05
-1.67447e-05
1.64799e-05
-4.16196e-05
9.44608e-06
-6.81634e-05
7.97918e-05
-6.35039e-05
0.000122049
-5.49495e-05
0.000101742
-4.91453e-05
8.98919e-05
-4.46131e-05
8.26246e-05
-4.07143e-05
7.65043e-05
-3.7242e-05
7.17485e-05
-3.40535e-05
6.79287e-05
-3.10537e-05
6.48175e-05
-2.81859e-05
6.2224e-05
-2.54158e-05
6.00149e-05
-2.27231e-05
5.80846e-05
-2.00972e-05
5.63528e-05
-1.7534e-05
5.4757e-05
-1.50344e-05
5.32488e-05
-1.26028e-05
5.17902e-05
-1.02463e-05
5.0352e-05
-7.9745e-06
4.89128e-05
4.74572e-05
-6.23318e-07
-7.19515e-05
-1.21374e-06
-7.59504e-05
-1.89458e-06
-7.63841e-05
-2.52391e-06
-7.71225e-05
-3.2157e-06
-7.81746e-05
-3.97258e-06
-7.958e-05
-4.84066e-06
-8.13566e-05
-5.86507e-06
-8.35554e-05
-7.10632e-06
-8.6226e-05
-8.6362e-06
-8.94327e-05
-1.05466e-05
-9.32623e-05
-1.29599e-05
-9.78063e-05
-1.60429e-05
-0.00010315
-2.00072e-05
-0.000109548
-2.50621e-05
-0.000117959
-3.13789e-05
-0.000129799
-3.87063e-05
-0.000144445
-4.63749e-05
-0.000155798
-5.27198e-05
-0.000153159
-5.61733e-05
-0.000130294
-5.93976e-05
-9.47033e-05
-6.43893e-05
-5.39475e-05
-6.23154e-05
-1.98273e-05
-4.96479e-05
-1.79601e-07
-4.67412e-05
1.35732e-05
-7.89836e-05
4.16885e-05
-9.4629e-05
9.54372e-05
-8.04416e-05
0.000107861
-6.74805e-05
8.87812e-05
-5.90025e-05
8.14138e-05
-5.22989e-05
7.59209e-05
-4.67979e-05
7.10033e-05
-4.2144e-05
6.70945e-05
-3.80773e-05
6.38621e-05
-3.44215e-05
6.11617e-05
-3.10655e-05
5.8868e-05
-2.79335e-05
5.68829e-05
-2.49754e-05
5.51265e-05
-2.21587e-05
5.3536e-05
-1.94627e-05
5.2061e-05
-1.68755e-05
5.06616e-05
-1.43915e-05
4.93062e-05
-1.201e-05
4.79705e-05
-9.73341e-06
4.66361e-05
4.52903e-05
-8.65368e-07
-7.10862e-05
-1.83188e-06
-7.49839e-05
-2.83785e-06
-7.53781e-05
-3.87646e-06
-7.60839e-05
-4.99324e-06
-7.70578e-05
-6.22938e-06
-7.83439e-05
-7.63116e-06
-7.99548e-05
-9.26114e-06
-8.19254e-05
-1.11973e-05
-8.42899e-05
-1.35381e-05
-8.70919e-05
-1.64141e-05
-9.03863e-05
-2.00008e-05
-9.42196e-05
-2.45507e-05
-9.85998e-05
-3.04572e-05
-0.000103641
-3.83568e-05
-0.000110059
-4.89238e-05
-0.000119232
-6.21333e-05
-0.000131235
-7.63306e-05
-0.000141601
-8.72651e-05
-0.000142225
-9.0838e-05
-0.000126721
-8.95766e-05
-9.59648e-05
-8.45229e-05
-5.90012e-05
-7.82467e-05
-2.61034e-05
-8.06056e-05
2.17923e-06
-9.80221e-05
3.09897e-05
-0.000119522
6.31889e-05
-0.000112781
8.86958e-05
-9.12168e-05
8.62972e-05
-7.67522e-05
7.43166e-05
-6.67412e-05
7.14028e-05
-5.85942e-05
6.77739e-05
-5.19761e-05
6.43852e-05
-4.64475e-05
6.1566e-05
-4.1695e-05
5.91097e-05
-3.7509e-05
5.69757e-05
-3.37462e-05
5.51052e-05
-3.03051e-05
5.34417e-05
-2.71155e-05
5.1937e-05
-2.41289e-05
5.05494e-05
-2.1312e-05
4.92441e-05
-1.86428e-05
4.79924e-05
-1.61076e-05
4.6771e-05
-1.36985e-05
4.55614e-05
-1.14121e-05
4.43497e-05
4.31259e-05
-1.14796e-06
-6.99382e-05
-2.44129e-06
-7.36906e-05
-3.77169e-06
-7.40478e-05
-5.1734e-06
-7.46822e-05
-6.67857e-06
-7.55526e-05
-8.33865e-06
-7.66838e-05
-1.02072e-05
-7.80862e-05
-1.23549e-05
-7.97778e-05
-1.48688e-05
-8.17759e-05
-1.78607e-05
-8.41e-05
-2.14781e-05
-8.67688e-05
-2.5916e-05
-8.97818e-05
-3.14439e-05
-9.30719e-05
-3.85115e-05
-9.65735e-05
-4.79267e-05
-0.000100644
-6.07857e-05
-0.000106373
-7.77362e-05
-0.000114284
-9.75092e-05
-0.000121828
-0.000116113
-0.000123621
-0.000128394
-0.00011444
-0.000133042
-9.13169e-05
-0.000133182
-5.88608e-05
-0.00013622
-2.30657e-05
-0.000141993
7.95172e-06
-0.00014475
3.37469e-05
-0.000139061
5.75001e-05
-0.000118175
6.78099e-05
-9.6023e-05
6.41451e-05
-8.23821e-05
6.06757e-05
-7.18256e-05
6.08463e-05
-6.30656e-05
5.90139e-05
-5.58975e-05
5.72172e-05
-4.98686e-05
5.55371e-05
-4.46851e-05
5.39262e-05
-4.01434e-05
5.2434e-05
-3.60928e-05
5.10547e-05
-3.24244e-05
4.97733e-05
-2.90595e-05
4.8572e-05
-2.59411e-05
4.74311e-05
-2.30288e-05
4.63318e-05
-2.0294e-05
4.52575e-05
-1.7717e-05
4.4194e-05
-1.52851e-05
4.31295e-05
-1.29901e-05
4.20547e-05
4.0963e-05
-1.42611e-06
-6.85121e-05
-3.00433e-06
-7.21124e-05
-4.63242e-06
-7.24197e-05
-6.34938e-06
-7.29653e-05
-8.19131e-06
-7.37107e-05
-1.02101e-05
-7.46651e-05
-1.2464e-05
-7.58324e-05
-1.50246e-05
-7.72172e-05
-1.79794e-05
-7.88211e-05
-2.14394e-05
-8.06401e-05
-2.5546e-05
-8.26623e-05
-3.0476e-05
-8.48518e-05
-3.64499e-05
-8.70979e-05
-4.38065e-05
-8.92169e-05
-5.32153e-05
-9.1235e-05
-6.58412e-05
-9.37472e-05
-8.28439e-05
-9.72817e-05
-0.000104036
-0.000100636
-0.000127203
-0.000100454
-0.000148691
-9.29519e-05
-0.000163882
-7.61251e-05
-0.000171213
-5.15302e-05
-0.000170536
-2.37425e-05
-0.000165146
2.56129e-06
-0.000155081
2.36821e-05
-0.00013645
3.8869e-05
-0.000113967
4.53276e-05
-9.64204e-05
4.6598e-05
-8.45508e-05
4.88061e-05
-7.42838e-05
5.05793e-05
-6.56553e-05
5.03854e-05
-5.84454e-05
5.00073e-05
-5.22772e-05
4.9369e-05
-4.6925e-05
4.8574e-05
-4.22151e-05
4.77241e-05
-3.80114e-05
4.6851e-05
-3.42123e-05
4.59742e-05
-3.07412e-05
4.51009e-05
-2.75405e-05
4.42304e-05
-2.45677e-05
4.3359e-05
-2.17914e-05
4.24813e-05
-1.91892e-05
4.15918e-05
-1.6745e-05
4.06852e-05
-1.44477e-05
3.97575e-05
3.8805e-05
-1.67532e-06
-6.68368e-05
-3.50207e-06
-7.02857e-05
-5.3892e-06
-7.05326e-05
-7.37394e-06
-7.09806e-05
-9.49716e-06
-7.15875e-05
-1.18084e-05
-7.23538e-05
-1.43647e-05
-7.32761e-05
-1.72338e-05
-7.43481e-05
-2.0497e-05
-7.5558e-05
-2.42523e-05
-7.68848e-05
-2.86189e-05
-7.82956e-05
-3.37361e-05
-7.97347e-05
-3.97476e-05
-8.10864e-05
-4.68182e-05
-8.21464e-05
-5.52987e-05
-8.27545e-05
-6.59762e-05
-8.30698e-05
-7.98574e-05
-8.34006e-05
-9.71891e-05
-8.33038e-05
-0.000116665
-8.09788e-05
-0.000135571
-7.40458e-05
-0.000150442
-6.1254e-05
-0.000158443
-4.35295e-05
-0.000158471
-2.37139e-05
-0.000150938
-4.97222e-06
-0.00013815
1.08943e-05
-0.000121703
2.2422e-05
-0.000105872
2.94965e-05
-9.37881e-05
3.45144e-05
-8.37752e-05
3.87932e-05
-7.45073e-05
4.13114e-05
-6.65551e-05
4.24333e-05
-5.96873e-05
4.31395e-05
-5.36787e-05
4.33604e-05
-4.83868e-05
4.32821e-05
-4.36809e-05
4.30182e-05
-3.94539e-05
4.26239e-05
-3.56214e-05
4.21417e-05
-3.21166e-05
4.15961e-05
-2.88875e-05
4.10013e-05
-2.5894e-05
4.03655e-05
-2.31056e-05
3.96928e-05
-2.04991e-05
3.89853e-05
-1.80576e-05
3.82437e-05
-1.57685e-05
3.74684e-05
3.66591e-05
-1.88824e-06
-6.49486e-05
-3.92762e-06
-6.82463e-05
-6.03225e-06
-6.8428e-05
-8.23814e-06
-6.87747e-05
-1.05868e-05
-6.92388e-05
-1.31244e-05
-6.98162e-05
-1.59035e-05
-7.0497e-05
-1.89847e-05
-7.12668e-05
-2.24377e-05
-7.2105e-05
-2.63426e-05
-7.298e-05
-3.07912e-05
-7.3847e-05
-3.58835e-05
-7.46424e-05
-4.17046e-05
-7.52654e-05
-4.83013e-05
-7.55497e-05
-5.57582e-05
-7.52976e-05
-6.44014e-05
-7.44265e-05
-7.48018e-05
-7.30002e-05
-8.72518e-05
-7.08538e-05
-0.000101085
-6.71456e-05
-0.000114506
-6.06254e-05
-0.000125139
-5.06208e-05
-0.000130974
-3.76946e-05
-0.000131249
-2.34386e-05
-0.000126533
-9.68789e-06
-0.000117771
2.13235e-06
-0.000107634
1.22845e-05
-9.8024e-05
1.98868e-05
-8.94006e-05
2.5891e-05
-8.10337e-05
3.04263e-05
-7.31245e-05
3.34021e-05
-6.61063e-05
3.5415e-05
-5.98147e-05
3.68478e-05
-5.41755e-05
3.77212e-05
-4.91164e-05
3.82229e-05
-4.45536e-05
3.84555e-05
-4.04141e-05
3.84843e-05
-3.66354e-05
3.8363e-05
-3.3165e-05
3.81257e-05
-2.99602e-05
3.77965e-05
-2.69865e-05
3.73918e-05
-2.42166e-05
3.6923e-05
-2.16293e-05
3.6398e-05
-1.92081e-05
3.58225e-05
-1.69402e-05
3.52005e-05
3.45347e-05
-2.06316e-06
-6.28854e-05
-4.27671e-06
-6.60328e-05
-6.55625e-06
-6.61484e-05
-8.93642e-06
-6.63945e-05
-1.1456e-05
-6.67192e-05
-1.41567e-05
-6.71156e-05
-1.70847e-05
-6.75689e-05
-2.02916e-05
-6.806e-05
-2.38341e-05
-6.85624e-05
-2.77741e-05
-6.904e-05
-3.21775e-05
-6.94436e-05
-3.71113e-05
-6.97087e-05
-4.26273e-05
-6.97493e-05
-4.87323e-05
-6.94447e-05
-5.53946e-05
-6.86353e-05
-6.26515e-05
-6.71696e-05
-7.06916e-05
-6.49601e-05
-7.96491e-05
-6.18963e-05
-8.91709e-05
-5.76239e-05
-9.82287e-05
-5.15675e-05
-0.000105457
-4.3393e-05
-0.000109715
-3.34364e-05
-0.000110542
-2.26116e-05
-0.000108259
-1.19704e-05
-0.000103807
-2.32013e-06
-9.76994e-05
6.17716e-06
-9.11137e-05
1.33011e-05
-8.42893e-05
1.90666e-05
-7.73704e-05
2.35074e-05
-7.07844e-05
2.68161e-05
-6.47077e-05
2.93383e-05
-5.90838e-05
3.12239e-05
-5.39265e-05
3.25638e-05
-4.92082e-05
3.35046e-05
-4.48864e-05
3.41337e-05
-4.09188e-05
3.45167e-05
-3.72646e-05
3.47088e-05
-3.38867e-05
3.47478e-05
-3.07531e-05
3.46629e-05
-2.78368e-05
3.44755e-05
-2.51155e-05
3.42016e-05
-2.25707e-05
3.38532e-05
-2.0188e-05
3.34397e-05
-1.79554e-05
3.29679e-05
3.24425e-05
-2.19942e-06
-6.0686e-05
-4.54733e-06
-6.36849e-05
-6.95894e-06
-6.37369e-05
-9.46697e-06
-6.38865e-05
-1.21054e-05
-6.40808e-05
-1.49107e-05
-6.43103e-05
-1.7922e-05
-6.45577e-05
-2.11814e-05
-6.48007e-05
-2.4733e-05
-6.50109e-05
-2.8622e-05
-6.5151e-05
-3.28928e-05
-6.51728e-05
-3.75861e-05
-6.50154e-05
-4.27321e-05
-6.46034e-05
-4.83324e-05
-6.38444e-05
-5.43427e-05
-6.2625e-05
-6.06967e-05
-6.08156e-05
-6.73646e-05
-5.82923e-05
-7.43214e-05
-5.49396e-05
-8.13469e-05
-5.05984e-05
-8.78581e-05
-4.50563e-05
-9.30559e-05
-3.81951e-05
-9.62889e-05
-3.02035e-05
-9.72889e-05
-2.16116e-05
-9.61915e-05
-1.30678e-05
-9.3439e-05
-5.07264e-06
-8.93441e-05
2.08223e-06
-8.43952e-05
8.3522e-06
-7.89493e-05
1.36207e-05
-7.33581e-05
1.79162e-05
-6.79075e-05
2.13656e-05
-6.26887e-05
2.41195e-05
-5.77376e-05
2.62728e-05
-5.30998e-05
2.7926e-05
-4.87762e-05
2.91811e-05
-4.47543e-05
3.01118e-05
-4.10157e-05
3.07781e-05
-3.75377e-05
3.12309e-05
-3.42977e-05
3.15078e-05
-3.12742e-05
3.16394e-05
-2.84478e-05
3.16491e-05
-2.58015e-05
3.15553e-05
-2.33211e-05
3.13727e-05
-2.09941e-05
3.11128e-05
-1.88105e-05
3.07842e-05
3.03936e-05
-2.2985e-06
-5.83875e-05
-4.7423e-06
-6.12411e-05
-7.24502e-06
-6.12341e-05
-9.83708e-06
-6.12945e-05
-1.25467e-05
-6.13711e-05
-1.54051e-05
-6.1452e-05
-1.84441e-05
-6.15187e-05
-2.16966e-05
-6.15481e-05
-2.51953e-05
-6.15122e-05
-2.89711e-05
-6.13752e-05
-3.30513e-05
-6.10926e-05
-3.74566e-05
-6.06102e-05
-4.21972e-05
-5.98627e-05
-4.72668e-05
-5.87748e-05
-5.26294e-05
-5.72625e-05
-5.82089e-05
-5.5236e-05
-6.38987e-05
-5.26025e-05
-6.95694e-05
-4.92689e-05
-7.50245e-05
-4.51433e-05
-7.99315e-05
-4.01493e-05
-8.38448e-05
-3.42818e-05
-8.636e-05
-2.76883e-05
-8.72811e-05
-2.06906e-05
-8.66613e-05
-1.36876e-05
-8.47187e-05
-7.01531e-06
-8.17201e-05
-9.16309e-07
-7.79519e-05
4.58403e-06
-7.37054e-05
9.37421e-06
-6.92376e-05
1.34484e-05
-6.47285e-05
1.68565e-05
-6.02784e-05
1.96694e-05
-5.59653e-05
2.19597e-05
-5.18424e-05
2.38032e-05
-4.79307e-05
2.52694e-05
-4.42375e-05
2.64186e-05
-4.07614e-05
2.7302e-05
-3.74941e-05
2.79635e-05
-3.44245e-05
2.84382e-05
-3.15405e-05
2.87553e-05
-2.88297e-05
2.89383e-05
-2.62808e-05
2.90064e-05
-2.38832e-05
2.89751e-05
-2.16276e-05
2.88572e-05
-1.95057e-05
2.86623e-05
2.83984e-05
-2.3644e-06
-5.60231e-05
-4.86846e-06
-5.87371e-05
-7.42519e-06
-5.86774e-05
-1.00614e-05
-5.86583e-05
-1.28004e-05
-5.86321e-05
-1.5668e-05
-5.85844e-05
-1.86891e-05
-5.84976e-05
-2.18883e-05
-5.83489e-05
-2.52884e-05
-5.81121e-05
-2.89087e-05
-5.77549e-05
-3.27634e-05
-5.72379e-05
-3.68586e-05
-5.6515e-05
-4.11886e-05
-5.55327e-05
-4.57326e-05
-5.42307e-05
-5.04499e-05
-5.25452e-05
-5.52729e-05
-5.0413e-05
-6.01016e-05
-4.77738e-05
-6.4801e-05
-4.45696e-05
-6.91941e-05
-4.07502e-05
-7.30485e-05
-3.62949e-05
-7.60904e-05
-3.124e-05
-7.80739e-05
-2.57047e-05
-7.88718e-05
-1.98926e-05
-7.85097e-05
-1.40497e-05
-7.71239e-05
-8.40113e-06
-7.49267e-05
-3.11347e-06
-7.20535e-05
1.7109e-06
-6.87446e-05
6.06526e-06
-6.51532e-05
9.85698e-06
-6.14172e-05
1.31206e-05
-5.76429e-05
1.5895e-05
-5.39108e-05
1.82277e-05
-5.02752e-05
2.01676e-05
-4.67691e-05
2.17633e-05
-4.34122e-05
2.30617e-05
-4.0214e-05
2.41038e-05
-3.71767e-05
2.49261e-05
-3.42984e-05
2.55598e-05
-3.15742e-05
2.60311e-05
-2.89983e-05
2.63623e-05
-2.65638e-05
2.65719e-05
-2.42642e-05
2.66755e-05
-2.2093e-05
2.66859e-05
-2.00442e-05
2.66135e-05
2.64669e-05
-2.40149e-06
-5.36216e-05
-4.93375e-06
-5.62048e-05
-7.5116e-06
-5.60996e-05
-1.0157e-05
-5.60129e-05
-1.28898e-05
-5.58993e-05
-1.57303e-05
-5.5744e-05
-1.86974e-05
-5.55305e-05
-2.18083e-05
-5.5238e-05
-2.50776e-05
-5.48428e-05
-2.85159e-05
-5.43166e-05
-3.21278e-05
-5.36261e-05
-3.59097e-05
-5.27331e-05
-3.98469e-05
-5.15954e-05
-4.39105e-05
-5.01671e-05
-4.8055e-05
-4.84007e-05
-5.22177e-05
-4.62503e-05
-5.63151e-05
-4.36765e-05
-6.02348e-05
-4.06499e-05
-6.38305e-05
-3.71545e-05
-6.69299e-05
-3.31955e-05
-6.93571e-05
-2.88128e-05
-7.09681e-05
-2.40938e-05
-7.16883e-05
-1.91724e-05
-7.15286e-05
-1.42094e-05
-7.05698e-05
-9.35989e-06
-6.8934e-05
-4.74924e-06
-6.67459e-05
-4.7726e-07
-6.41182e-05
3.43754e-06
-6.11993e-05
6.93812e-06
-5.80975e-05
1.00187e-05
-5.49024e-05
1.26999e-05
-5.16842e-05
1.50096e-05
-4.84957e-05
1.6979e-05
-4.53746e-05
1.86422e-05
-4.23467e-05
2.00337e-05
-3.94283e-05
2.11853e-05
-3.66287e-05
2.21265e-05
-3.39525e-05
2.28835e-05
-3.14007e-05
2.34793e-05
-2.89722e-05
2.39338e-05
-2.66645e-05
2.42642e-05
-2.44742e-05
2.44853e-05
-2.23978e-05
2.46095e-05
-2.04314e-05
2.46471e-05
2.46074e-05
-2.41329e-06
-5.12083e-05
-4.94615e-06
-5.3672e-05
-7.51614e-06
-5.35296e-05
-1.01414e-05
-5.33876e-05
-1.28385e-05
-5.32022e-05
-1.56228e-05
-5.29597e-05
-1.85081e-05
-5.26452e-05
-2.15054e-05
-5.22407e-05
-2.46229e-05
-5.17252e-05
-2.78647e-05
-5.10748e-05
-3.12288e-05
-5.0262e-05
-3.47057e-05
-4.92562e-05
-3.82765e-05
-4.80246e-05
-4.19105e-05
-4.6533e-05
-4.55635e-05
-4.47477e-05
-4.91759e-05
-4.26378e-05
-5.26736e-05
-4.01788e-05
-5.59667e-05
-3.73567e-05
-5.89497e-05
-3.41715e-05
-6.15044e-05
-3.06408e-05
-6.35122e-05
-2.6805e-05
-6.48762e-05
-2.27298e-05
-6.55441e-05
-1.85045e-05
-6.55183e-05
-1.42351e-05
-6.48475e-05
-1.00307e-05
-6.36097e-05
-5.98714e-06
-6.19086e-05
-2.17837e-06
-5.98041e-05
1.33301e-06
-5.74251e-05
4.55914e-06
-5.48451e-05
7.43866e-06
-5.21388e-05
9.99356e-06
-4.93677e-05
1.22385e-05
-4.65806e-05
1.41919e-05
-4.38154e-05
1.58769e-05
-4.10997e-05
1.7318e-05
-3.84536e-05
1.85392e-05
-3.58906e-05
1.95635e-05
-3.34196e-05
2.04125e-05
-3.10458e-05
2.11055e-05
-2.87719e-05
2.16598e-05
-2.65986e-05
2.20909e-05
-2.45256e-05
2.24123e-05
-2.25516e-05
2.26354e-05
-2.0675e-05
2.27705e-05
2.28266e-05
-2.40249e-06
-4.88058e-05
-4.91232e-06
-5.11622e-05
-7.44996e-06
-5.09919e-05
-1.00311e-05
-5.08065e-05
-1.2669e-05
-5.05643e-05
-1.53747e-05
-5.02539e-05
-1.81576e-05
-4.98624e-05
-2.10241e-05
-4.93742e-05
-2.39776e-05
-4.87717e-05
-2.70175e-05
-4.8035e-05
-3.01375e-05
-4.71419e-05
-3.33251e-05
-4.60687e-05
-3.65593e-05
-4.47904e-05
-3.98101e-05
-4.32822e-05
-4.30372e-05
-4.15207e-05
-4.61888e-05
-3.94862e-05
-4.92026e-05
-3.71651e-05
-5.20067e-05
-3.45527e-05
-5.45225e-05
-3.16556e-05
-5.6668e-05
-2.84954e-05
-5.83637e-05
-2.51093e-05
-5.95437e-05
-2.15497e-05
-6.01684e-05
-1.78798e-05
-6.02336e-05
-1.417e-05
-5.97704e-05
-1.04939e-05
-5.88347e-05
-6.92285e-06
-5.7492e-05
-3.5211e-06
-5.5816e-05
-3.43046e-07
-5.38566e-05
2.59968e-06
-5.17003e-05
5.28233e-06
-4.94044e-05
7.69765e-06
-4.70193e-05
9.85324e-06
-4.4588e-05
1.17606e-05
-4.21458e-05
1.34347e-05
-3.97203e-05
1.48925e-05
-3.73327e-05
1.61516e-05
-3.49989e-05
1.72297e-05
-3.27303e-05
1.81439e-05
-3.05349e-05
1.89101e-05
-2.8418e-05
1.9543e-05
-2.63832e-05
2.0056e-05
-2.44321e-05
2.04612e-05
-2.25656e-05
2.0769e-05
-2.0784e-05
2.09888e-05
2.11297e-05
-2.37113e-06
-4.64347e-05
-4.83749e-06
-4.86958e-05
-7.32298e-06
-4.85064e-05
-9.84086e-06
-4.82886e-05
-1.24013e-05
-4.80039e-05
-1.50118e-05
-4.76434e-05
-1.76781e-05
-4.7196e-05
-2.04034e-05
-4.6649e-05
-2.31875e-05
-4.59876e-05
-2.60267e-05
-4.51958e-05
-2.89123e-05
-4.42562e-05
-3.18302e-05
-4.31507e-05
-3.47596e-05
-4.1861e-05
-3.76725e-05
-4.03694e-05
-4.0533e-05
-3.86602e-05
-4.32977e-05
-3.67215e-05
-4.59161e-05
-3.45467e-05
-4.83319e-05
-3.21369e-05
-5.04852e-05
-2.95023e-05
-5.23166e-05
-2.6664e-05
-5.3772e-05
-2.36539e-05
-5.48081e-05
-2.05137e-05
-5.53972e-05
-1.72907e-05
-5.55321e-05
-1.40352e-05
-5.5228e-05
-1.0798e-05
-5.45195e-05
-7.63134e-06
-5.34558e-05
-4.58481e-06
-5.20993e-05
-1.69961e-06
-5.0484e-05
9.84407e-07
-4.86813e-05
3.4796e-06
-4.67316e-05
5.7479e-06
-4.46784e-05
7.80008e-06
-4.25598e-05
9.64201e-06
-4.04075e-05
1.12825e-05
-3.82477e-05
1.27327e-05
-3.61014e-05
1.40053e-05
-3.39853e-05
1.51136e-05
-3.1912e-05
1.60707e-05
-2.98915e-05
1.68895e-05
-2.79307e-05
1.75822e-05
-2.6035e-05
1.81603e-05
-2.42078e-05
1.8634e-05
-2.24517e-05
1.90129e-05
-2.07684e-05
1.93055e-05
1.95203e-05
-2.32107e-06
-4.41137e-05
-4.72662e-06
-4.62902e-05
-7.14405e-06
-4.6089e-05
-9.58374e-06
-4.5849e-05
-1.20529e-05
-4.55348e-05
-1.45565e-05
-4.51399e-05
-1.70973e-05
-4.46552e-05
-1.96761e-05
-4.40702e-05
-2.22904e-05
-4.33733e-05
-2.49346e-05
-4.25516e-05
-2.75988e-05
-4.1592e-05
-3.02686e-05
-4.04809e-05
-3.29243e-05
-3.92052e-05
-3.55409e-05
-3.77528e-05
-3.80875e-05
-3.61137e-05
-4.05277e-05
-3.42813e-05
-4.28205e-05
-3.22539e-05
-4.49219e-05
-3.00355e-05
-4.67871e-05
-2.76371e-05
-4.83735e-05
-2.50776e-05
-4.96431e-05
-2.23843e-05
-5.05658e-05
-1.9591e-05
-5.11213e-05
-1.67352e-05
-5.13022e-05
-1.38543e-05
-5.1116e-05
-1.09842e-05
-5.05862e-05
-8.16118e-06
-4.97485e-05
-5.42249e-06
-4.86434e-05
-2.80464e-06
-4.73189e-05
-3.40119e-07
-4.58002e-05
1.9609e-06
-4.41397e-05
4.08748e-06
-4.23712e-05
6.03153e-06
-4.05259e-05
7.79674e-06
-3.86318e-05
9.3884e-06
-3.67128e-05
1.08137e-05
-3.4789e-05
1.20815e-05
-3.28767e-05
1.32013e-05
-3.09893e-05
1.41832e-05
-2.91372e-05
1.50374e-05
-2.73288e-05
1.57738e-05
-2.55705e-05
1.64019e-05
-2.3867e-05
1.69306e-05
-2.22222e-05
1.73681e-05
-2.06389e-05
1.77222e-05
1.80005e-05
-2.25435e-06
-4.18593e-05
-4.58502e-06
-4.39596e-05
-6.92125e-06
-4.37528e-05
-9.27111e-06
-4.34991e-05
-1.1639e-05
-4.31669e-05
-1.40277e-05
-4.27512e-05
-1.64381e-05
-4.22448e-05
-1.8869e-05
-4.16393e-05
-2.13167e-05
-4.09256e-05
-2.37744e-05
-4.0094e-05
-2.62318e-05
-3.91346e-05
-2.86751e-05
-3.80376e-05
-3.10863e-05
-3.6794e-05
-3.34434e-05
-3.53957e-05
-3.57201e-05
-3.3837e-05
-3.78865e-05
-3.21149e-05
-3.991e-05
-3.02305e-05
-4.17561e-05
-2.81894e-05
-4.33904e-05
-2.60028e-05
-4.47811e-05
-2.3687e-05
-4.59011e-05
-2.12643e-05
-4.673e-05
-1.87621e-05
-4.72545e-05
-1.62106e-05
-4.74688e-05
-1.364e-05
-4.7375e-05
-1.10779e-05
-4.69863e-05
-8.54988e-06
-4.63265e-05
-6.08224e-06
-4.54278e-05
-3.70335e-06
-4.43286e-05
-1.4393e-06
-4.30516e-05
6.8396e-07
-4.1638e-05
2.67392e-06
-4.01141e-05
4.50761e-06
-3.85072e-05
6.18989e-06
-3.68419e-05
7.72314e-06
-3.51398e-05
9.11155e-06
-3.34192e-05
1.03609e-05
-3.16959e-05
1.1478e-05
-2.9983e-05
1.24703e-05
-2.82913e-05
1.33457e-05
-2.66296e-05
1.41121e-05
-2.50051e-05
1.47774e-05
-2.34234e-05
1.5349e-05
-2.18891e-05
1.58338e-05
-2.04059e-05
1.6239e-05
1.65713e-05
-2.17354e-06
-3.96858e-05
-4.41796e-06
-4.17152e-05
-6.66219e-06
-4.15085e-05
-8.91305e-06
-4.12483e-05
-1.11724e-05
-4.09075e-05
-1.34414e-05
-4.04823e-05
-1.57194e-05
-3.99668e-05
-1.8004e-05
-3.93547e-05
-2.02905e-05
-3.86391e-05
-2.25717e-05
-3.78128e-05
-2.48375e-05
-3.68687e-05
-2.70751e-05
-3.58e-05
-2.92684e-05
-3.46007e-05
-3.13983e-05
-3.32658e-05
-3.34428e-05
-3.17925e-05
-3.53773e-05
-3.01804e-05
-3.71757e-05
-2.84321e-05
-3.88111e-05
-2.65541e-05
-4.02571e-05
-2.45567e-05
-4.14898e-05
-2.24543e-05
-4.24891e-05
-2.0265e-05
-4.32402e-05
-1.80109e-05
-4.37346e-05
-1.57162e-05
-4.39687e-05
-1.34059e-05
-4.39437e-05
-1.11029e-05
-4.36667e-05
-8.82688e-06
-4.31527e-05
-6.59627e-06
-4.24247e-05
-4.43125e-06
-4.151e-05
-2.35397e-06
-4.04408e-05
-3.85213e-07
-3.92317e-05
1.4648e-06
-3.79173e-05
3.19324e-06
-3.65182e-05
4.79074e-06
-3.50551e-05
6.26007e-06
-3.35472e-05
7.6036e-06
-3.20112e-05
8.82485e-06
-3.04617e-05
9.92849e-06
-2.89114e-05
1.09199e-05
-2.73708e-05
1.18051e-05
-2.5849e-05
1.25903e-05
-2.43533e-05
1.32817e-05
-2.28899e-05
1.38857e-05
-2.14641e-05
1.4408e-05
-2.00799e-05
1.48548e-05
1.52323e-05
-2.08184e-06
-3.76039e-05
-4.23066e-06
-3.95663e-05
-6.37456e-06
-3.93647e-05
-8.51934e-06
-3.91035e-05
-1.06652e-05
-3.87617e-05
-1.28119e-05
-3.83356e-05
-1.49577e-05
-3.7821e-05
-1.70993e-05
-3.72131e-05
-1.92314e-05
-3.65069e-05
-2.13469e-05
-3.56973e-05
-2.34361e-05
-3.47795e-05
-2.54874e-05
-3.37488e-05
-2.74865e-05
-3.26016e-05
-2.94172e-05
-3.13352e-05
-3.12609e-05
-2.99488e-05
-3.29977e-05
-2.84436e-05
-3.46066e-05
-2.68233e-05
-3.60664e-05
-2.50943e-05
-3.73568e-05
-2.32663e-05
-3.84597e-05
-2.13514e-05
-3.93597e-05
-1.9365e-05
-4.00461e-05
-1.73246e-05
-4.05125e-05
-1.52498e-05
-4.07576e-05
-1.31608e-05
-4.07831e-05
-1.10774e-05
-4.05935e-05
-9.01641e-06
-4.01977e-05
-6.99209e-06
-3.96106e-05
-5.01836e-06
-3.88532e-05
-3.11133e-06
-3.79507e-05
-1.28776e-06
-3.69208e-05
4.34937e-07
-3.57867e-05
2.05916e-06
-3.45684e-05
3.57238e-06
-3.32837e-05
4.97538e-06
-3.19492e-05
6.26915e-06
-3.05801e-05
7.45569e-06
-2.91896e-05
8.53804e-06
-2.77896e-05
9.51998e-06
-2.63904e-05
1.04059e-05
-2.50006e-05
1.12006e-05
-2.36279e-05
1.1909e-05
-2.22785e-05
1.25363e-05
-2.0958e-05
1.30875e-05
-1.96708e-05
1.35676e-05
1.39822e-05
-1.98272e-06
-3.56212e-05
-4.02857e-06
-3.75205e-05
-6.06628e-06
-3.7327e-05
-8.10014e-06
-3.70696e-05
-1.01296e-05
-3.67323e-05
-1.21532e-05
-3.6312e-05
-1.41684e-05
-3.58058e-05
-1.61714e-05
-3.52101e-05
-1.81567e-05
-3.45217e-05
-2.01171e-05
-3.37369e-05
-2.20438e-05
-3.28528e-05
-2.39262e-05
-3.18664e-05
-2.5752e-05
-3.07758e-05
-2.75073e-05
-2.958e-05
-2.91765e-05
-2.82796e-05
-3.07434e-05
-2.68767e-05
-3.21911e-05
-2.53756e-05
-3.35029e-05
-2.37825e-05
-3.46631e-05
-2.21061e-05
-3.56576e-05
-2.03569e-05
-3.64748e-05
-1.85478e-05
-3.71064e-05
-1.66931e-05
-3.75476e-05
-1.48085e-05
-3.77979e-05
-1.29105e-05
-3.78596e-05
-1.10157e-05
-3.7737e-05
-9.13903e-06
-3.7436e-05
-7.29305e-06
-3.69661e-05
-5.48834e-06
-3.63413e-05
-3.73604e-06
-3.55799e-05
-2.04916e-06
-3.47043e-05
-4.40691e-07
-3.37238e-05
1.07864e-06
-3.26636e-05
2.51228e-06
-3.15364e-05
3.84814e-06
-3.03566e-05
5.08937e-06
-2.91378e-05
6.2369e-06
-2.78921e-05
7.2924e-06
-2.66305e-05
8.2584e-06
-2.53626e-05
9.13802e-06
-2.40968e-05
9.93483e-06
-2.28405e-05
1.06528e-05
-2.16e-05
1.12959e-05
-2.03809e-05
1.18683e-05
-1.91878e-05
1.23745e-05
1.28192e-05
-1.87925e-06
-3.37419e-05
-3.81709e-06
-3.55826e-05
-5.74496e-06
-3.53992e-05
-7.66531e-06
-3.51493e-05
-9.57722e-06
-3.48203e-05
-1.14784e-05
-3.44108e-05
-1.33659e-05
-3.39183e-05
-1.52353e-05
-3.33407e-05
-1.70812e-05
-3.26758e-05
-1.88967e-05
-3.19215e-05
-2.06737e-05
-3.10758e-05
-2.24028e-05
-3.01373e-05
-2.40732e-05
-2.91054e-05
-2.5673e-05
-2.79802e-05
-2.71894e-05
-2.67632e-05
-2.8609e-05
-2.54571e-05
-2.99182e-05
-2.40664e-05
-3.11038e-05
-2.2597e-05
-3.21534e-05
-2.10565e-05
-3.3056e-05
-1.94543e-05
-3.38029e-05
-1.7801e-05
-3.43875e-05
-1.61085e-05
-3.48061e-05
-1.43899e-05
-3.50583e-05
-1.26584e-05
-3.51462e-05
-1.09277e-05
-3.50744e-05
-9.21084e-06
-3.48481e-05
-7.51931e-06
-3.44738e-05
-5.86265e-06
-3.39607e-05
-4.24914e-06
-3.33221e-05
-2.68775e-06
-3.25742e-05
-1.18855e-06
-3.1732e-05
2.36525e-07
-3.08084e-05
1.58871e-06
-2.98194e-05
2.85914e-06
-2.87772e-05
4.0472e-06
-2.76935e-05
5.15327e-06
-2.65793e-05
6.17823e-06
-2.54445e-05
7.12364e-06
-2.42981e-05
7.99163e-06
-2.3148e-05
8.78479e-06
-2.20013e-05
9.50608e-06
-2.08642e-05
1.01587e-05
-1.9742e-05
1.07462e-05
-1.86396e-05
1.1272e-05
1.17404e-05
-1.77325e-06
-3.19687e-05
-3.60053e-06
-3.37554e-05
-5.41673e-06
-3.3583e-05
-7.22299e-06
-3.3343e-05
-9.0179e-06
-3.30254e-05
-1.07987e-05
-3.263e-05
-1.25619e-05
-3.21551e-05
-1.43031e-05
-3.15995e-05
-1.60169e-05
-3.0962e-05
-1.76969e-05
-3.02415e-05
-1.93358e-05
-2.9437e-05
-2.0925e-05
-2.85481e-05
-2.24553e-05
-2.75751e-05
-2.39166e-05
-2.65189e-05
-2.52981e-05
-2.53817e-05
-2.65887e-05
-2.41664e-05
-2.77776e-05
-2.28775e-05
-2.88541e-05
-2.15205e-05
-2.98084e-05
-2.01022e-05
-3.06321e-05
-1.86306e-05
-3.13182e-05
-1.71149e-05
-3.18616e-05
-1.55651e-05
-3.22596e-05
-1.39919e-05
-3.25115e-05
-1.24065e-05
-3.26192e-05
-1.082e-05
-3.25866e-05
-9.24338e-06
-3.24189e-05
-7.68697e-06
-3.21218e-05
-6.15974e-06
-3.17017e-05
-4.66914e-06
-3.11675e-05
-3.22194e-06
-3.05305e-05
-1.82546e-06
-2.98066e-05
-4.87345e-07
-2.90026e-05
7.84777e-07
-2.8136e-05
1.99262e-06
-2.72164e-05
3.12763e-06
-2.62541e-05
4.19104e-06
-2.52591e-05
5.18317e-06
-2.42402e-05
6.10479e-06
-2.32058e-05
6.95723e-06
-2.21633e-05
7.74227e-06
-2.11193e-05
8.46206e-06
-2.00797e-05
9.11912e-06
-1.90497e-05
9.7162e-06
-1.80341e-05
1.02563e-05
1.07429e-05
-1.66544e-06
-3.03032e-05
-3.38153e-06
-3.20393e-05
-5.08576e-06
-3.18787e-05
-6.77883e-06
-3.16499e-05
-8.45852e-06
-3.13458e-05
-1.01218e-05
-3.09667e-05
-1.1765e-05
-3.05119e-05
-1.33836e-05
-2.99809e-05
-1.49726e-05
-2.93731e-05
-1.65258e-05
-2.86882e-05
-1.80368e-05
-2.7926e-05
-1.9498e-05
-2.70869e-05
-2.09013e-05
-2.61718e-05
-2.2238e-05
-2.51822e-05
-2.34993e-05
-2.41204e-05
-2.46759e-05
-2.29897e-05
-2.57591e-05
-2.17944e-05
-2.67402e-05
-2.05394e-05
-2.76115e-05
-1.92309e-05
-2.83662e-05
-1.78759e-05
-2.89989e-05
-1.64822e-05
-2.95057e-05
-1.50583e-05
-2.98843e-05
-1.36134e-05
-3.01342e-05
-1.21566e-05
-3.02567e-05
-1.06974e-05
-3.02551e-05
-9.24494e-06
-3.01339e-05
-7.80812e-06
-2.98985e-05
-6.39509e-06
-2.95545e-05
-5.01303e-06
-2.91084e-05
-3.66797e-06
-2.85685e-05
-2.36534e-06
-2.79454e-05
-1.11034e-06
-2.72477e-05
8.70757e-08
-2.64889e-05
1.23381e-06
-2.56782e-05
2.31701e-06
-2.48249e-05
3.33772e-06
-2.39376e-05
4.29587e-06
-2.30245e-05
5.19166e-06
-2.2093e-05
6.02578e-06
-2.11501e-05
6.79935e-06
-2.02019e-05
7.51387e-06
-1.9254e-05
8.17119e-06
-1.83114e-05
8.77351e-06
-1.73784e-05
9.3233e-06
9.82344e-06
-1.55629e-06
-2.8747e-05
-3.16162e-06
-3.0434e-05
-4.75477e-06
-3.02855e-05
-6.3364e-06
-3.00683e-05
-7.90351e-06
-2.97787e-05
-9.45287e-06
-2.94173e-05
-1.09806e-05
-2.89841e-05
-1.24824e-05
-2.84791e-05
-1.39534e-05
-2.79021e-05
-1.53881e-05
-2.72535e-05
-1.67805e-05
-2.65337e-05
-1.81239e-05
-2.57435e-05
-1.94114e-05
-2.48843e-05
-2.06355e-05
-2.3958e-05
-2.17888e-05
-2.29671e-05
-2.28638e-05
-2.19148e-05
-2.3853e-05
-2.08051e-05
-2.47497e-05
-1.96427e-05
-2.55475e-05
-1.8433e-05
-2.62412e-05
-1.71822e-05
-2.68263e-05
-1.58971e-05
-2.72998e-05
-1.45849e-05
-2.76598e-05
-1.32533e-05
-2.79061e-05
-1.19103e-05
-2.80395e-05
-1.05638e-05
-2.80627e-05
-9.22173e-06
-2.79792e-05
-7.89153e-06
-2.77939e-05
-6.5804e-06
-2.75119e-05
-5.29494e-06
-2.71389e-05
-4.04092e-06
-2.66809e-05
-2.82323e-06
-2.6145e-05
-1.64624e-06
-2.55437e-05
-5.14236e-07
-2.48793e-05
5.69463e-07
-2.41652e-05
1.60291e-06
-2.34095e-05
2.58195e-06
-2.26195e-05
3.50594e-06
-2.18027e-05
4.37481e-06
-2.09657e-05
5.18878e-06
-2.01148e-05
5.94847e-06
-1.92558e-05
6.65481e-06
-1.83937e-05
7.30913e-06
-1.75333e-05
7.9131e-06
-1.66787e-05
8.46873e-06
8.9784e-06
-1.44675e-06
-2.73002e-05
-2.94231e-06
-2.89384e-05
-4.42611e-06
-2.88017e-05
-5.89857e-06
-2.85958e-05
-7.35614e-06
-2.83211e-05
-8.79539e-06
-2.7978e-05
-1.02124e-05
-2.7567e-05
-1.16031e-05
-2.70884e-05
-1.29628e-05
-2.65424e-05
-1.42863e-05
-2.59299e-05
-1.55684e-05
-2.52516e-05
-1.68031e-05
-2.45087e-05
-1.79845e-05
-2.37029e-05
-1.91061e-05
-2.28363e-05
-2.01616e-05
-2.19115e-05
-2.11449e-05
-2.09315e-05
-2.20499e-05
-1.99001e-05
-2.28709e-05
-1.88216e-05
-2.3603e-05
-1.77009e-05
-2.42417e-05
-1.65435e-05
-2.47837e-05
-1.53551e-05
-2.52264e-05
-1.41421e-05
-2.55685e-05
-1.29113e-05
-2.58095e-05
-1.16692e-05
-2.59504e-05
-1.04229e-05
-2.59931e-05
-9.17902e-06
-2.59405e-05
-7.94405e-06
-2.57967e-05
-6.72423e-06
-2.55662e-05
-5.52541e-06
-2.52541e-05
-4.35296e-06
-2.48658e-05
-3.21156e-06
-2.44069e-05
-2.10504e-06
-2.38847e-05
-1.03648e-06
-2.33063e-05
-8.90279e-09
-2.26782e-05
9.74775e-07
-2.20101e-05
1.91387e-06
-2.13082e-05
2.80404e-06
-2.0579e-05
3.64556e-06
-1.98285e-05
4.4383e-06
-1.90624e-05
5.18243e-06
-1.82861e-05
5.87845e-06
-1.75041e-05
6.52723e-06
-1.6721e-05
7.12999e-06
-1.59405e-05
7.68828e-06
8.20414e-06
-1.33845e-06
-2.59617e-05
-2.72575e-06
-2.7551e-05
-4.10245e-06
-2.7425e-05
-5.46829e-06
-2.72299e-05
-6.81949e-06
-2.69698e-05
-8.15247e-06
-2.6645e-05
-9.4634e-06
-2.62561e-05
-1.07482e-05
-2.58035e-05
-1.20025e-05
-2.52881e-05
-1.32217e-05
-2.47107e-05
-1.44008e-05
-2.40725e-05
-1.55346e-05
-2.33748e-05
-1.6618e-05
-2.26195e-05
-1.76456e-05
-2.18087e-05
-1.86119e-05
-2.09451e-05
-1.95118e-05
-2.00315e-05
-2.03404e-05
-1.90716e-05
-2.10929e-05
-1.80691e-05
-2.17653e-05
-1.70286e-05
-2.2354e-05
-1.59547e-05
-2.28563e-05
-1.48528e-05
-2.32701e-05
-1.37283e-05
-2.35943e-05
-1.2587e-05
-2.38287e-05
-1.14348e-05
-2.3974e-05
-1.02776e-05
-2.40318e-05
-9.12126e-06
-2.40045e-05
-7.9714e-06
-2.38952e-05
-6.83351e-06
-2.37079e-05
-5.71271e-06
-2.34471e-05
-4.6138e-06
-2.31176e-05
-3.54109e-06
-2.27244e-05
-2.49826e-06
-2.22727e-05
-1.48819e-06
-2.17688e-05
-5.12831e-07
-2.12187e-05
4.24721e-07
-2.06287e-05
1.32384e-06
-2.0006e-05
2.18144e-06
-1.93564e-05
2.99589e-06
-1.8685e-05
3.76694e-06
-1.7997e-05
4.49447e-06
-1.72972e-05
5.17867e-06
-1.65899e-05
5.81999e-06
-1.58791e-05
6.41927e-06
-1.51685e-05
6.9777e-06
7.49694e-06
-1.23297e-06
-2.47287e-05
-2.51435e-06
-2.62696e-05
-3.78655e-06
-2.61527e-05
-5.04856e-06
-2.59679e-05
-6.29658e-06
-2.57218e-05
-7.52699e-06
-2.54146e-05
-8.73601e-06
-2.5047e-05
-9.91971e-06
-2.46198e-05
-1.1074e-05
-2.41338e-05
-1.21946e-05
-2.35901e-05
-1.3277e-05
-2.299e-05
-1.43167e-05
-2.2335e-05
-1.53092e-05
-2.1627e-05
-1.62497e-05
-2.08681e-05
-1.71339e-05
-2.00609e-05
-1.79572e-05
-1.92082e-05
-1.87156e-05
-1.83132e-05
-1.94053e-05
-1.73795e-05
-2.00228e-05
-1.64111e-05
-2.05653e-05
-1.54122e-05
-2.10305e-05
-1.43876e-05
-2.14168e-05
-1.33421e-05
-2.17232e-05
-1.22806e-05
-2.19497e-05
-1.12084e-05
-2.20967e-05
-1.01306e-05
-2.21657e-05
-9.05232e-06
-2.21586e-05
-7.97852e-06
-2.20781e-05
-6.91401e-06
-2.19275e-05
-5.86333e-06
-2.17106e-05
-4.83077e-06
-2.14314e-05
-3.82028e-06
-2.10945e-05
-2.83525e-06
-2.07044e-05
-1.87832e-06
-2.02657e-05
-9.51495e-07
-1.97845e-05
-5.64236e-08
-1.9265e-05
8.04294e-07
-1.87141e-05
1.63062e-06
-1.81367e-05
2.41855e-06
-1.75376e-05
3.16789e-06
-1.69214e-05
3.8783e-06
-1.62924e-05
4.54968e-06
-1.56546e-05
5.18218e-06
-1.50115e-05
5.77628e-06
-1.43666e-05
6.33283e-06
6.8532e-06
-1.13144e-06
-2.35973e-05
-2.31002e-06
-2.5091e-05
-3.48066e-06
-2.49821e-05
-4.64183e-06
-2.48067e-05
-5.78986e-06
-2.45737e-05
-6.92119e-06
-2.42832e-05
-8.03215e-06
-2.3936e-05
-9.11898e-06
-2.35329e-05
-1.01778e-05
-2.30749e-05
-1.12048e-05
-2.25631e-05
-1.21959e-05
-2.19988e-05
-1.31471e-05
-2.13837e-05
-1.40544e-05
-2.07197e-05
-1.49139e-05
-2.00087e-05
-1.57216e-05
-1.92532e-05
-1.64739e-05
-1.84559e-05
-1.71673e-05
-1.76198e-05
-1.77987e-05
-1.67482e-05
-1.83651e-05
-1.58446e-05
-1.88644e-05
-1.4913e-05
-1.92945e-05
-1.39575e-05
-1.96541e-05
-1.29824e-05
-1.99426e-05
-1.19921e-05
-2.01599e-05
-1.09912e-05
-2.03063e-05
-9.98416e-06
-2.03832e-05
-8.97552e-06
-2.03921e-05
-7.96966e-06
-2.03353e-05
-6.97083e-06
-2.02156e-05
-5.98307e-06
-2.00361e-05
-5.01024e-06
-1.98005e-05
-4.05588e-06
-1.95127e-05
-3.12315e-06
-1.91764e-05
-2.21461e-06
-1.87957e-05
-1.33218e-06
-1.83751e-05
-4.76972e-07
-1.79196e-05
3.48779e-07
-1.74331e-05
1.14415e-06
-1.69212e-05
1.90673e-06
-1.63881e-05
2.63485e-06
-1.58379e-05
3.32807e-06
-1.52743e-05
3.98611e-06
-1.4701e-05
4.60889e-06
-1.41213e-05
5.19659e-06
-1.35382e-05
5.74974e-06
6.26945e-06
-1.03437e-06
-2.25629e-05
-2.11376e-06
-2.40115e-05
-3.186e-06
-2.39098e-05
-4.24947e-06
-2.37431e-05
-5.30071e-06
-2.35224e-05
-6.33627e-06
-2.32476e-05
-7.35267e-06
-2.29196e-05
-8.34637e-06
-2.25392e-05
-9.31384e-06
-2.21074e-05
-1.02515e-05
-2.16254e-05
-1.11558e-05
-2.10945e-05
-1.20232e-05
-2.05163e-05
-1.28502e-05
-1.98927e-05
-1.36334e-05
-1.92255e-05
-1.43694e-05
-1.85172e-05
-1.50551e-05
-1.77702e-05
-1.56876e-05
-1.69873e-05
-1.62642e-05
-1.61715e-05
-1.67826e-05
-1.53262e-05
-1.72409e-05
-1.44548e-05
-1.76374e-05
-1.3561e-05
-1.7971e-05
-1.26487e-05
-1.82413e-05
-1.17218e-05
-1.84482e-05
-1.07844e-05
-1.8592e-05
-9.84034e-06
-1.86738e-05
-8.89374e-06
-1.8695e-05
-7.94847e-06
-1.86576e-05
-7.0083e-06
-1.85638e-05
-6.07687e-06
-1.84165e-05
-5.15761e-06
-1.82186e-05
-4.25377e-06
-1.79734e-05
-3.3683e-06
-1.76844e-05
-2.50367e-06
-1.73549e-05
-1.66164e-06
-1.69884e-05
-8.43436e-07
-1.65897e-05
-4.9923e-08
-1.61621e-05
7.1655e-07
-1.57098e-05
1.45446e-06
-1.52371e-05
2.16215e-06
-1.47475e-05
2.83849e-06
-1.42445e-05
3.48306e-06
-1.37312e-05
4.09561e-06
-1.32107e-05
4.67609e-06
-1.26857e-05
5.22475e-06
5.74246e-06
-9.41874e-07
-2.16209e-05
-1.92564e-06
-2.30277e-05
-2.90273e-06
-2.29326e-05
-3.87164e-06
-2.27742e-05
-4.82919e-06
-2.25648e-05
-5.77211e-06
-2.23046e-05
-6.69717e-06
-2.19945e-05
-7.60114e-06
-2.16352e-05
-8.48078e-06
-2.12277e-05
-9.33289e-06
-2.07732e-05
-1.01543e-05
-2.0273e-05
-1.09419e-05
-1.97287e-05
-1.16926e-05
-1.91419e-05
-1.24035e-05
-1.85147e-05
-1.30716e-05
-1.78491e-05
-1.36944e-05
-1.71474e-05
-1.42693e-05
-1.64124e-05
-1.47941e-05
-1.56468e-05
-1.52667e-05
-1.48535e-05
-1.56857e-05
-1.40359e-05
-1.60496e-05
-1.31971e-05
-1.63577e-05
-1.23407e-05
-1.66094e-05
-1.14701e-05
-1.68047e-05
-1.0589e-05
-1.69441e-05
-9.70099e-06
-1.70283e-05
-8.80953e-06
-1.70586e-05
-7.91815e-06
-1.70367e-05
-7.03025e-06
-1.69645e-05
-6.14908e-06
-1.68444e-05
-5.27775e-06
-1.6679e-05
-4.41918e-06
-1.64712e-05
-3.5761e-06
-1.62239e-05
-2.75093e-06
-1.594e-05
-1.94553e-06
-1.56224e-05
-1.16105e-06
-1.52743e-05
-3.9804e-07
-1.48998e-05
3.4204e-07
-1.45019e-05
1.05655e-06
-1.40846e-05
1.74478e-06
-1.36509e-05
2.40478e-06
-1.32039e-05
3.03606e-06
-1.27465e-05
3.63822e-06
-1.22814e-05
4.21102e-06
-1.18111e-05
4.75447e-06
5.2692e-06
-8.53669e-07
-2.07673e-05
-1.745e-06
-2.21364e-05
-2.63005e-06
-2.20475e-05
-3.50738e-06
-2.18968e-05
-4.37416e-06
-2.1698e-05
-5.22738e-06
-2.14514e-05
-6.06411e-06
-2.11577e-05
-6.88145e-06
-2.08178e-05
-7.67648e-06
-2.04326e-05
-8.44636e-06
-2.00033e-05
-9.18829e-06
-1.9531e-05
-9.89953e-06
-1.90174e-05
-1.05774e-05
-1.84641e-05
-1.12193e-05
-1.78728e-05
-1.18228e-05
-1.72456e-05
-1.23855e-05
-1.65847e-05
-1.29054e-05
-1.58925e-05
-1.33806e-05
-1.51716e-05
-1.38093e-05
-1.44248e-05
-1.41903e-05
-1.36549e-05
-1.45224e-05
-1.28649e-05
-1.4805e-05
-1.20581e-05
-1.50377e-05
-1.12374e-05
-1.52205e-05
-1.04063e-05
-1.53537e-05
-9.56778e-06
-1.54381e-05
-8.72515e-06
-1.54747e-05
-7.88154e-06
-1.5465e-05
-7.04e-06
-1.54106e-05
-6.20349e-06
-1.53135e-05
-5.37481e-06
-1.51761e-05
-4.55664e-06
-1.50007e-05
-3.75147e-06
-1.479e-05
-2.96163e-06
-1.45465e-05
-2.18902e-06
-1.42727e-05
-1.4349e-06
-1.39707e-05
-7.00035e-07
-1.36444e-05
1.56568e-08
-1.32964e-05
7.08573e-07
-1.29298e-05
1.3781e-06
-1.25477e-05
2.02266e-06
-1.21528e-05
2.64113e-06
-1.17476e-05
3.23304e-06
-1.13346e-05
3.79799e-06
-1.09159e-05
4.33583e-06
4.84693e-06
-7.69122e-07
-1.99981e-05
-1.57075e-06
-2.13347e-05
-2.36646e-06
-2.12518e-05
-3.1549e-06
-2.11083e-05
-3.93359e-06
-2.09193e-05
-4.69984e-06
-2.06851e-05
-5.45104e-06
-2.04065e-05
-6.18461e-06
-2.00842e-05
-6.89798e-06
-1.97192e-05
-7.58863e-06
-1.93126e-05
-8.25408e-06
-1.88656e-05
-8.89194e-06
-1.83796e-05
-9.49985e-06
-1.78562e-05
-1.00756e-05
-1.72971e-05
-1.0617e-05
-1.67042e-05
-1.11221e-05
-1.60796e-05
-1.15892e-05
-1.54255e-05
-1.20165e-05
-1.47443e-05
-1.24027e-05
-1.40386e-05
-1.27467e-05
-1.33109e-05
-1.30476e-05
-1.25641e-05
-1.33047e-05
-1.18009e-05
-1.35179e-05
-1.10243e-05
-1.36871e-05
-1.02371e-05
-1.38126e-05
-9.44224e-06
-1.38951e-05
-8.64264e-06
-1.39355e-05
-7.84114e-06
-1.3935e-05
-7.04051e-06
-1.38951e-05
-6.24343e-06
-1.38174e-05
-5.45249e-06
-1.37039e-05
-4.67012e-06
-1.35568e-05
-3.89863e-06
-1.33783e-05
-3.14015e-06
-1.31707e-05
-2.39665e-06
-1.2936e-05
-1.66962e-06
-1.26762e-05
-9.5984e-07
-1.23931e-05
-2.67417e-07
-1.20912e-05
4.06583e-07
-1.17714e-05
1.05829e-06
-1.14371e-05
1.68842e-06
-1.10908e-05
2.29479e-06
-1.07346e-05
2.87682e-06
-1.03706e-05
3.43402e-06
-1.00008e-05
3.96607e-06
4.47315e-06
-6.87256e-07
-1.93108e-05
-1.4014e-06
-2.06205e-05
-2.11e-06
-2.05431e-05
-2.8119e-06
-2.04064e-05
-3.50493e-06
-2.02262e-05
-4.18674e-06
-2.00033e-05
-4.85502e-06
-1.97382e-05
-5.50749e-06
-1.94317e-05
-6.14188e-06
-1.90848e-05
-6.75597e-06
-1.86985e-05
-7.34759e-06
-1.8274e-05
-7.91463e-06
-1.78126e-05
-8.45506e-06
-1.73158e-05
-8.96695e-06
-1.67852e-05
-9.44846e-06
-1.62227e-05
-9.8979e-06
-1.56301e-05
-1.03137e-05
-1.50096e-05
-1.06946e-05
-1.43634e-05
-1.10394e-05
-1.36938e-05
-1.1347e-05
-1.30032e-05
-1.16169e-05
-1.22942e-05
-1.18485e-05
-1.15693e-05
-1.20416e-05
-1.08312e-05
-1.21962e-05
-1.00825e-05
-1.23127e-05
-9.3258e-06
-1.23915e-05
-8.56383e-06
-1.24335e-05
-7.79916e-06
-1.24396e-05
-7.03434e-06
-1.24112e-05
-6.27182e-06
-1.23497e-05
-5.51398e-06
-1.22568e-05
-4.76307e-06
-1.21342e-05
-4.02122e-06
-1.19839e-05
-3.29043e-06
-1.1808e-05
-2.57258e-06
-1.16083e-05
-1.86927e-06
-1.13866e-05
-1.18157e-06
-1.11441e-05
-5.09911e-07
-1.08835e-05
1.45919e-07
-1.06075e-05
7.82291e-07
-1.0318e-05
1.39897e-06
-1.00173e-05
1.99403e-06
-9.70718e-06
2.56675e-06
-9.38964e-06
3.1165e-06
-9.06637e-06
3.64282e-06
4.14571e-06
-6.06891e-07
-1.87039e-05
-1.23516e-06
-1.99922e-05
-1.85834e-06
-1.992e-05
-2.47573e-06
-1.9789e-05
-3.0853e-06
-1.96166e-05
-3.68502e-06
-1.94035e-05
-4.27279e-06
-1.91504e-05
-4.84657e-06
-1.88579e-05
-5.40439e-06
-1.8527e-05
-5.94428e-06
-1.81586e-05
-6.46435e-06
-1.7754e-05
-6.96276e-06
-1.73142e-05
-7.43778e-06
-1.68408e-05
-7.88773e-06
-1.63353e-05
-8.31107e-06
-1.57994e-05
-8.70636e-06
-1.52349e-05
-9.07232e-06
-1.46437e-05
-9.40781e-06
-1.4028e-05
-9.71186e-06
-1.33898e-05
-9.98368e-06
-1.27314e-05
-1.02227e-05
-1.20552e-05
-1.04285e-05
-1.13635e-05
-1.06009e-05
-1.06588e-05
-1.074e-05
-9.94335e-06
-1.08461e-05
-9.21975e-06
-1.09195e-05
-8.49037e-06
-1.09611e-05
-7.75761e-06
-1.09716e-05
-7.0238e-06
-1.09522e-05
-6.29124e-06
-1.0904e-05
-5.56211e-06
-1.08286e-05
-4.83852e-06
-1.07273e-05
-4.12245e-06
-1.06019e-05
-3.41578e-06
-1.04542e-05
-2.72028e-06
-1.02859e-05
-2.03756e-06
-1.00985e-05
-1.36893e-06
-9.89328e-06
-7.15136e-07
-9.67145e-06
-7.59107e-08
-9.43658e-06
5.47435e-07
-9.18878e-06
1.15117e-06
-8.93092e-06
1.73618e-06
-8.66459e-06
2.30043e-06
-8.39133e-06
2.84325e-06
-8.11259e-06
3.36409e-06
3.86282e-06
-5.26825e-07
-1.81771e-05
-1.07007e-06
-1.9449e-05
-1.60894e-06
-1.93811e-05
-2.14351e-06
-1.92544e-05
-2.67162e-06
-1.90885e-05
-3.19133e-06
-1.88838e-05
-3.70072e-06
-1.8641e-05
-4.19794e-06
-1.83607e-05
-4.68123e-06
-1.80437e-05
-5.14887e-06
-1.7691e-05
-5.59925e-06
-1.73036e-05
-6.03079e-06
-1.68827e-05
-6.44204e-06
-1.64296e-05
-6.83157e-06
-1.59458e-05
-7.19811e-06
-1.54328e-05
-7.54047e-06
-1.48925e-05
-7.85756e-06
-1.43266e-05
-8.14846e-06
-1.37371e-05
-8.41236e-06
-1.31259e-05
-8.64862e-06
-1.24952e-05
-8.85678e-06
-1.18471e-05
-9.03652e-06
-1.11838e-05
-9.18773e-06
-1.05076e-05
-9.31044e-06
-9.82064e-06
-9.40491e-06
-9.12528e-06
-9.47152e-06
-8.42374e-06
-9.51088e-06
-7.71823e-06
-9.52374e-06
-7.01092e-06
-9.51099e-06
-6.30395e-06
-9.47371e-06
-5.59935e-06
-9.41307e-06
-4.89911e-06
-9.3304e-06
-4.20508e-06
-9.22709e-06
-3.51904e-06
-9.10466e-06
-2.84267e-06
-8.96465e-06
-2.17753e-06
-8.8085e-06
-1.52505e-06
-8.63741e-06
-8.86207e-07
-8.45206e-06
-2.61246e-07
-8.25463e-06
3.50017e-07
-8.0468e-06
9.4336e-07
-7.82998e-06
1.51937e-06
-7.60559e-06
2.07604e-06
-7.37494e-06
2.61259e-06
-7.13921e-06
3.12838e-06
3.62312e-06
-4.44275e-07
-1.77328e-05
-9.0326e-07
-1.899e-05
-1.35929e-06
-1.89251e-05
-1.81303e-06
-1.88007e-05
-2.26179e-06
-1.86397e-05
-2.70355e-06
-1.8442e-05
-3.13647e-06
-1.82081e-05
-3.55887e-06
-1.79383e-05
-3.96923e-06
-1.76334e-05
-4.3661e-06
-1.72942e-05
-4.74813e-06
-1.69216e-05
-5.11403e-06
-1.65168e-05
-5.4626e-06
-1.6081e-05
-5.7927e-06
-1.56157e-05
-6.10329e-06
-1.51222e-05
-6.3934e-06
-1.46024e-05
-6.66218e-06
-1.40578e-05
-6.90887e-06
-1.34904e-05
-7.13283e-06
-1.29019e-05
-7.33356e-06
-1.22945e-05
-7.51069e-06
-1.167e-05
-7.66398e-06
-1.10305e-05
-7.79334e-06
-1.03782e-05
-7.89884e-06
-9.71514e-06
-7.98065e-06
-9.04345e-06
-8.03915e-06
-8.36522e-06
-8.07481e-06
-7.68254e-06
-8.08827e-06
-6.99742e-06
-8.0803e-06
-6.31187e-06
-8.05179e-06
-5.62782e-06
-8.00374e-06
-4.9471e-06
-7.93725e-06
-4.27151e-06
-7.85354e-06
-3.60271e-06
-7.75386e-06
-2.9423e-06
-7.63956e-06
-2.2918e-06
-7.51198e-06
-1.65261e-06
-7.37225e-06
-1.02591e-06
-7.22109e-06
-4.12397e-07
-7.06002e-06
1.88948e-07
-6.89e-06
7.73342e-07
-6.71249e-06
1.34186e-06
-6.52863e-06
1.89218e-06
-6.33938e-06
2.42334e-06
-6.14563e-06
2.93463e-06
3.42568e-06
-3.49147e-07
-1.73837e-05
-7.27998e-07
-1.86112e-05
-1.10581e-06
-1.85473e-05
-1.48241e-06
-1.84241e-05
-1.85471e-06
-1.82674e-05
-2.22082e-06
-1.8076e-05
-2.57915e-06
-1.78498e-05
-2.92834e-06
-1.75892e-05
-3.26716e-06
-1.72946e-05
-3.59447e-06
-1.69669e-05
-3.90921e-06
-1.66068e-05
-4.21039e-06
-1.62156e-05
-4.49707e-06
-1.57943e-05
-4.76837e-06
-1.53443e-05
-5.02348e-06
-1.48671e-05
-5.26165e-06
-1.43642e-05
-5.48222e-06
-1.38373e-05
-5.68462e-06
-1.3288e-05
-5.86837e-06
-1.27182e-05
-6.0331e-06
-1.21297e-05
-6.17854e-06
-1.15245e-05
-6.30453e-06
-1.09045e-05
-6.41103e-06
-1.02717e-05
-6.49811e-06
-9.62805e-06
-6.56596e-06
-8.97559e-06
-6.61486e-06
-8.31629e-06
-6.64524e-06
-7.65212e-06
-6.65762e-06
-6.98501e-06
-6.65263e-06
-6.31682e-06
-6.63101e-06
-5.6494e-06
-6.59358e-06
-4.98449e-06
-6.54127e-06
-4.32378e-06
-6.47508e-06
-3.66886e-06
-6.39609e-06
-3.02126e-06
-6.30545e-06
-2.38242e-06
-6.20434e-06
-1.7537e-06
-6.09385e-06
-1.13639e-06
-5.97482e-06
-5.31432e-07
-5.84792e-06
6.20394e-08
-5.71478e-06
6.40192e-07
-5.5757e-06
1.20276e-06
-5.43165e-06
1.74812e-06
-5.28322e-06
2.27491e-06
-5.13095e-06
2.78236e-06
3.27009e-06
-2.25755e-07
-1.7158e-05
-5.34435e-07
-1.83025e-05
-8.42136e-07
-1.82396e-05
-1.14606e-06
-1.81202e-05
-1.44463e-06
-1.79689e-05
-1.73687e-06
-1.77837e-05
-2.02189e-06
-1.75648e-05
-2.29886e-06
-1.73122e-05
-2.567e-06
-1.70265e-05
-2.82557e-06
-1.67083e-05
-3.07387e-06
-1.63585e-05
-3.3112e-06
-1.59782e-05
-3.53687e-06
-1.55686e-05
-3.75025e-06
-1.51309e-05
-3.95071e-06
-1.46666e-05
-4.1377e-06
-1.41772e-05
-4.3107e-06
-1.36642e-05
-4.46928e-06
-1.31294e-05
-4.61309e-06
-1.25744e-05
-4.74185e-06
-1.20009e-05
-4.85537e-06
-1.1411e-05
-4.95356e-06
-1.08063e-05
-5.03641e-06
-1.01888e-05
-5.10402e-06
-9.56043e-06
-5.15656e-06
-8.92304e-06
-5.19431e-06
-8.27852e-06
-5.21764e-06
-7.62877e-06
-5.22701e-06
-6.97562e-06
-5.22294e-06
-6.32086e-06
-5.20607e-06
-5.66625e-06
-5.17708e-06
-5.01346e-06
-5.13674e-06
-4.36409e-06
-5.0859e-06
-3.71969e-06
-5.02547e-06
-3.08168e-06
-4.95643e-06
-2.45146e-06
-4.87984e-06
-1.8303e-06
-4.79676e-06
-1.21948e-06
-4.70812e-06
-6.20086e-07
-4.61407e-06
-3.20399e-08
-4.51729e-06
5.43394e-07
-4.41634e-06
1.10179e-06
-4.31214e-06
1.64391e-06
-4.20471e-06
2.16748e-06
-4.09412e-06
2.67179e-06
3.15651e-06
-8.29566e-08
-1.7075e-05
-3.2316e-07
-1.80623e-05
-5.64541e-07
-1.79982e-05
-7.9676e-07
-1.7888e-05
-1.02145e-06
-1.77442e-05
-1.23879e-06
-1.75664e-05
-1.44897e-06
-1.73546e-05
-1.65204e-06
-1.71091e-05
-1.84793e-06
-1.68305e-05
-2.03646e-06
-1.65197e-05
-2.21733e-06
-1.61776e-05
-2.39016e-06
-1.58053e-05
-2.55457e-06
-1.54041e-05
-2.71009e-06
-1.49753e-05
-2.85632e-06
-1.45203e-05
-2.99282e-06
-1.40407e-05
-3.1192e-06
-1.35378e-05
-3.23513e-06
-1.30134e-05
-3.34031e-06
-1.24692e-05
-3.43449e-06
-1.19067e-05
-3.51751e-06
-1.13279e-05
-3.58925e-06
-1.07346e-05
-3.64969e-06
-1.01284e-05
-3.69886e-06
-9.51126e-06
-3.73689e-06
-8.885e-06
-3.76398e-06
-8.25143e-06
-3.78041e-06
-7.61233e-06
-3.78654e-06
-6.96948e-06
-3.78281e-06
-6.32459e-06
-3.76972e-06
-5.67933e-06
-3.74785e-06
-5.03532e-06
-3.71788e-06
-4.39407e-06
-3.68053e-06
-3.75704e-06
-3.63662e-06
-3.12561e-06
-3.58703e-06
-2.50106e-06
-3.53278e-06
-1.88458e-06
-3.47502e-06
-1.27727e-06
-3.41488e-06
-6.80252e-07
-3.35299e-06
-9.39619e-08
-3.29214e-06
4.8252e-07
-3.23026e-06
1.03989e-06
-3.16715e-06
1.5808e-06
-3.10195e-06
2.10228e-06
-3.03405e-06
2.60392e-06
3.08571e-06
4.09027e-08
-1.71159e-05
-1.20405e-07
-1.79009e-05
-2.90847e-07
-1.78277e-05
-4.47162e-07
-1.77317e-05
-5.92538e-07
-1.75988e-05
-7.2922e-07
-1.74297e-05
-8.59058e-07
-1.72247e-05
-9.83225e-07
-1.69849e-05
-1.10237e-06
-1.67113e-05
-1.21678e-06
-1.64052e-05
-1.32652e-06
-1.60678e-05
-1.4315e-06
-1.57003e-05
-1.53156e-06
-1.5304e-05
-1.62649e-06
-1.48804e-05
-1.71604e-06
-1.44308e-05
-1.79997e-06
-1.39567e-05
-1.87803e-06
-1.34597e-05
-1.95001e-06
-1.29414e-05
-2.0157e-06
-1.24035e-05
-2.0749e-06
-1.18475e-05
-2.12747e-06
-1.12754e-05
-2.17329e-06
-1.06887e-05
-2.21227e-06
-1.00894e-05
-2.24438e-06
-9.47915e-06
-2.26962e-06
-8.85976e-06
-2.28806e-06
-8.23299e-06
-2.2998e-06
-7.6006e-06
-2.305e-06
-6.96428e-06
-2.30389e-06
-6.32571e-06
-2.29676e-06
-5.68648e-06
-2.28395e-06
-5.04813e-06
-2.26592e-06
-4.41211e-06
-2.24318e-06
-3.77979e-06
-2.2164e-06
-3.1524e-06
-2.18638e-06
-2.53109e-06
-2.15413e-06
-1.91685e-06
-2.1209e-06
-1.31052e-06
-2.08823e-06
-7.12952e-07
-2.05683e-06
-1.25379e-07
-2.03147e-06
4.5714e-07
-2.01189e-06
1.02031e-06
-1.99416e-06
1.56307e-06
-1.97488e-06
2.083e-06
-1.95276e-06
2.58182e-06
3.06025e-06
1.01668e-07
8.59087e-09
-7.30847e-08
-1.34913e-07
-1.87504e-07
-2.34613e-07
-2.78266e-07
-3.19485e-07
-3.58784e-07
-3.96409e-07
-4.32458e-07
-4.66955e-07
-4.99874e-07
-5.3117e-07
-5.60783e-07
-5.88647e-07
-6.14697e-07
-6.38869e-07
-6.61103e-07
-6.81343e-07
-6.99542e-07
-7.15659e-07
-7.2966e-07
-7.41522e-07
-7.51228e-07
-7.58772e-07
-7.64158e-07
-7.67406e-07
-7.68549e-07
-7.6764e-07
-7.64758e-07
-7.60016e-07
-7.53582e-07
-7.45711e-07
-7.36809e-07
-7.27554e-07
-7.19105e-07
-7.13422e-07
-7.11616e-07
-7.12156e-07
-7.18563e-07
-7.25089e-07
-7.30357e-07
-7.34117e-07
)
;

boundaryField
{
    leftWall
    {
        type            calculated;
        value           uniform 0;
    }
    rightWall
    {
        type            calculated;
        value           nonuniform 0();
    }
    lowerWall
    {
        type            calculated;
        value           nonuniform 0();
    }
    atmosphere
    {
        type            calculated;
        value           nonuniform List<scalar> 
45
(
-1.72175e-05
-1.78078e-05
-1.7746e-05
-1.76698e-05
-1.75463e-05
-1.73826e-05
-1.71811e-05
-1.69437e-05
-1.6672e-05
-1.63676e-05
-1.60317e-05
-1.56658e-05
-1.52711e-05
-1.48491e-05
-1.44011e-05
-1.39288e-05
-1.34336e-05
-1.29172e-05
-1.23812e-05
-1.18273e-05
-1.12572e-05
-1.06726e-05
-1.00754e-05
-9.46729e-06
-8.85006e-06
-8.22546e-06
-7.59522e-06
-6.96104e-06
-6.32457e-06
-5.68739e-06
-5.05102e-06
-4.41686e-06
-3.78623e-06
-3.16029e-06
-2.54001e-06
-1.92612e-06
-1.31898e-06
-7.1865e-07
-1.27195e-07
4.57672e-07
1.02671e-06
1.5696e-06
2.08828e-06
2.5856e-06
3.06235e-06
)
;
    }
    defaultFaces
    {
        type            empty;
        value           nonuniform 0();
    }
    procBoundary2to0
    {
        type            processor;
        value           nonuniform List<scalar> 
46
(
0.000114572
7.9906e-05
3.61939e-05
-8.7668e-06
-2.72022e-05
4.97994e-05
-1.88228e-05
-0.000115136
-0.000108318
-9.61778e-05
-8.84513e-05
-8.27376e-05
-7.82244e-05
-7.46657e-05
-7.17493e-05
-6.93181e-05
-6.72266e-05
-6.5374e-05
-6.36792e-05
-6.2079e-05
-6.05235e-05
-5.89728e-05
-5.73952e-05
-5.57662e-05
-5.4068e-05
7.33618e-05
7.63972e-05
7.73642e-05
7.77597e-05
7.89348e-05
8.03295e-05
8.22279e-05
8.46512e-05
8.76636e-05
9.13366e-05
9.56922e-05
0.000100915
0.000107109
0.000114472
0.000123386
0.000134677
0.000148108
0.000159085
0.000159542
-5.08371e-05
0.00014087
)
;
    }
    procBoundary2to3
    {
        type            processor;
        value           nonuniform List<scalar> 
43
(
-2.06336e-06
-3.95917e-06
-5.79844e-06
-7.56635e-06
-9.2477e-06
-1.08273e-05
-1.229e-05
-1.36226e-05
-1.48158e-05
-1.58631e-05
-1.67615e-05
-1.75108e-05
-1.81128e-05
-1.85719e-05
-1.88941e-05
-1.9087e-05
-1.9159e-05
-1.91191e-05
-1.89766e-05
-1.87409e-05
-1.84207e-05
-1.80247e-05
-1.75609e-05
-1.70367e-05
-1.64589e-05
-1.58336e-05
-1.51661e-05
-1.44612e-05
-1.37229e-05
-1.29544e-05
-1.21587e-05
-1.13379e-05
-1.04935e-05
-9.62696e-06
-8.73889e-06
-7.82972e-06
-6.89957e-06
-5.94824e-06
-4.97535e-06
-3.98045e-06
-2.96312e-06
-1.92719e-06
-7.36174e-07
)
;
    }
}


// ************************************************************************* //
