/*--------------------------------*- C++ -*----------------------------------*\
| =========                 |                                                 |
| \\      /  F ield         | OpenFOAM: The Open Source CFD Toolbox           |
|  \\    /   O peration     | Version:  3.0.1                                 |
|   \\  /    A nd           | Web:      www.OpenFOAM.org                      |
|    \\/     M anipulation  |                                                 |
\*---------------------------------------------------------------------------*/
FoamFile
{
    version     2.0;
    format      ascii;
    class       volVectorField;
    location    "0.15";
    object      U;
}
// * * * * * * * * * * * * * * * * * * * * * * * * * * * * * * * * * * * * * //

dimensions      [0 1 -1 0 0 0 0];

internalField   nonuniform List<vector> 
1915
(
(0.4954 -1.23871 0)
(0.451396 -0.866 0)
(0.412734 -0.375928 0)
(0.343573 0.156475 0)
(0.197341 0.36146 0)
(0.0189074 -0.460794 0)
(-0.0845805 0.207973 0)
(-0.149071 1.2896 0)
(-0.299474 1.19947 0)
(-0.2724 1.05265 0)
(-0.300604 0.962313 0)
(-0.294709 0.894276 0)
(-0.289661 0.841655 0)
(-0.276862 0.800196 0)
(-0.261338 0.766584 0)
(-0.242804 0.738744 0)
(-0.222326 0.714986 0)
(-0.200334 0.694115 0)
(-0.17726 0.675189 0)
(-0.153441 0.657484 0)
(-0.129171 0.640436 0)
(-0.104715 0.623596 0)
(-0.0803227 0.606615 0)
(-0.056255 0.589222 0)
(-0.0327457 0.571227 0)
(-0.00395186 -0.789922 0)
(-0.00169128 -0.827164 0)
(0.000693883 -0.835957 0)
(0.000332368 -0.840958 0)
(0.00342679 -0.853772 0)
(0.00535925 -0.869369 0)
(0.0082702 -0.890199 0)
(0.0114885 -0.9166 0)
(0.0145393 -0.949294 0)
(0.0173078 -0.989036 0)
(0.0201107 -1.03681 0)
(0.0234571 -1.09427 0)
(0.0277178 -1.16274 0)
(0.0332926 -1.24468 0)
(0.0424584 -1.34609 0)
(0.0621467 -1.47884 0)
(0.102635 -1.63779 0)
(0.150392 -1.76513 0)
(0.201904 -1.75936 0)
(0.213397 -1.52446 0)
(0.12614 -1.18259 0)
(0.0771421 -0.802839 0)
(0.0293063 -0.311691 0)
(-0.0534835 0.248778 0)
(0.0845351 0.435216 0)
(-0.102841 -0.277263 0)
(-0.261976 0.41924 0)
(-0.436903 1.36673 0)
(-0.45849 1.21715 0)
(-0.394011 1.05365 0)
(-0.390043 0.957322 0)
(-0.362575 0.883031 0)
(-0.342148 0.826373 0)
(-0.31871 0.781674 0)
(-0.295411 0.745816 0)
(-0.271307 0.716264 0)
(-0.246849 0.691262 0)
(-0.222063 0.669497 0)
(-0.197103 0.649972 0)
(-0.1721 0.631925 0)
(-0.147196 0.614768 0)
(-0.122536 0.598045 0)
(-0.0982741 0.581401 0)
(-0.0745846 0.564571 0)
(-0.0516303 0.54736 0)
(-0.00305241 -0.785973 0)
(-0.00544154 -0.827948 0)
(-0.00785227 -0.834296 0)
(-0.0109385 -0.841135 0)
(-0.0130939 -0.853485 0)
(-0.0155578 -0.869474 0)
(-0.0182605 -0.89028 0)
(-0.0214277 -0.916317 0)
(-0.0256363 -0.948358 0)
(-0.0311046 -0.987234 0)
(-0.0381491 -1.03424 0)
(-0.0472196 -1.09071 0)
(-0.0586544 -1.15823 0)
(-0.0731647 -1.23997 0)
(-0.090002 -1.34552 0)
(-0.104294 -1.48937 0)
(-0.114977 -1.66058 0)
(-0.13486 -1.78977 0)
(-0.13956 -1.74992 0)
(-0.189946 -1.46458 0)
(-0.268719 -1.08147 0)
(-0.30868 -0.664832 0)
(-0.412368 -0.170191 0)
(-0.413215 0.230295 0)
(-0.107731 0.272244 0)
(-0.33118 -0.0454918 0)
(-0.562396 0.737153 0)
(-0.709956 1.37173 0)
(-0.609271 1.16141 0)
(-0.519841 1.01132 0)
(-0.481015 0.923043 0)
(-0.432297 0.851531 0)
(-0.396371 0.796506 0)
(-0.361962 0.752749 0)
(-0.330578 0.717467 0)
(-0.300674 0.688264 0)
(-0.272014 0.663529 0)
(-0.244241 0.642007 0)
(-0.217214 0.622751 0)
(-0.190852 0.605034 0)
(-0.165136 0.588294 0)
(-0.140091 0.572096 0)
(-0.115772 0.556103 0)
(-0.0922696 0.54007 0)
(-0.0696856 0.523812 0)
(-0.00295259 -0.780276 0)
(-0.00925411 -0.823645 0)
(-0.0156047 -0.828633 0)
(-0.0220654 -0.836557 0)
(-0.0287287 -0.84828 0)
(-0.0358175 -0.863938 0)
(-0.04387 -0.883843 0)
(-0.0532146 -0.908613 0)
(-0.0643788 -0.938835 0)
(-0.0779988 -0.975341 0)
(-0.0948868 -1.01916 0)
(-0.116047 -1.07152 0)
(-0.142828 -1.13368 0)
(-0.177198 -1.20891 0)
(-0.220661 -1.3083 0)
(-0.27391 -1.44704 0)
(-0.345227 -1.61494 0)
(-0.433845 -1.73931 0)
(-0.5019 -1.69359 0)
(-0.570874 -1.4188 0)
(-0.60248 -1.02194 0)
(-0.612139 -0.577733 0)
(-0.646396 -0.157212 0)
(-0.56429 0.0717102 0)
(-0.370853 0.0604764 0)
(-0.66415 0.237509 0)
(-0.928044 1.00011 0)
(-0.906643 1.27065 0)
(-0.73367 1.03995 0)
(-0.630189 0.932164 0)
(-0.561437 0.861651 0)
(-0.496111 0.800443 0)
(-0.446954 0.752446 0)
(-0.402802 0.713513 0)
(-0.364174 0.681514 0)
(-0.328949 0.654668 0)
(-0.29637 0.631684 0)
(-0.265769 0.611526 0)
(-0.236747 0.593399 0)
(-0.209036 0.576676 0)
(-0.182476 0.56087 0)
(-0.15698 0.545599 0)
(-0.132512 0.530564 0)
(-0.109083 0.515552 0)
(-0.0867471 0.500407 0)
(-0.00364091 -0.772317 0)
(-0.013453 -0.815056 0)
(-0.023198 -0.819518 0)
(-0.0332166 -0.827405 0)
(-0.0439238 -0.838409 0)
(-0.0554696 -0.853024 0)
(-0.0684605 -0.871425 0)
(-0.0833568 -0.894064 0)
(-0.10084 -0.921411 0)
(-0.121769 -0.954058 0)
(-0.147264 -0.99277 0)
(-0.178736 -1.03832 0)
(-0.218254 -1.09121 0)
(-0.268746 -1.15364 0)
(-0.334022 -1.23506 0)
(-0.421239 -1.35105 0)
(-0.542849 -1.49827 0)
(-0.693079 -1.61747 0)
(-0.828494 -1.60703 0)
(-0.917422 -1.39768 0)
(-0.932849 -1.03467 0)
(-0.872214 -0.628962 0)
(-0.785905 -0.322969 0)
(-0.726888 -0.0754574 0)
(-0.867119 0.237765 0)
(-1.1423 0.643317 0)
(-1.19523 1.05171 0)
(-1.01635 1.06318 0)
(-0.82244 0.883302 0)
(-0.711395 0.829425 0)
(-0.623158 0.779691 0)
(-0.547885 0.733865 0)
(-0.48928 0.696784 0)
(-0.437936 0.665495 0)
(-0.393781 0.63893 0)
(-0.354323 0.616088 0)
(-0.318556 0.596112 0)
(-0.285605 0.578291 0)
(-0.254895 0.562049 0)
(-0.226024 0.546912 0)
(-0.198722 0.532503 0)
(-0.172816 0.518521 0)
(-0.148198 0.504727 0)
(-0.12481 0.490944 0)
(-0.102653 0.47705 0)
(-0.00486362 -0.761409 0)
(-0.0177209 -0.802714 0)
(-0.0305222 -0.806821 0)
(-0.0438925 -0.814095 0)
(-0.0581343 -0.824113 0)
(-0.0736046 -0.83722 0)
(-0.0908486 -0.853561 0)
(-0.110446 -0.873409 0)
(-0.133157 -0.897043 0)
(-0.159946 -0.924803 0)
(-0.192044 -0.957077 0)
(-0.2311 -0.994075 0)
(-0.279345 -1.0354 0)
(-0.339827 -1.08121 0)
(-0.417353 -1.13733 0)
(-0.522152 -1.21769 0)
(-0.669337 -1.32615 0)
(-0.860526 -1.42585 0)
(-1.0659 -1.44598 0)
(-1.2365 -1.32038 0)
(-1.32629 -1.01253 0)
(-1.30067 -0.602426 0)
(-1.308 -0.198646 0)
(-1.38186 0.117648 0)
(-1.42499 0.413767 0)
(-1.43174 0.726496 0)
(-1.27827 0.876986 0)
(-1.04277 0.807632 0)
(-0.869677 0.726506 0)
(-0.758489 0.715731 0)
(-0.662715 0.686132 0)
(-0.584106 0.65792 0)
(-0.520467 0.633423 0)
(-0.465137 0.611219 0)
(-0.417606 0.591394 0)
(-0.375389 0.573635 0)
(-0.337466 0.557553 0)
(-0.302872 0.542793 0)
(-0.270961 0.529021 0)
(-0.241261 0.515943 0)
(-0.213436 0.503309 0)
(-0.187254 0.490916 0)
(-0.162558 0.478598 0)
(-0.139243 0.466224 0)
(-0.117261 0.453703 0)
(-0.00623515 -0.74746 0)
(-0.0216405 -0.78713 0)
(-0.0371466 -0.790761 0)
(-0.0534187 -0.797152 0)
(-0.0706889 -0.805915 0)
(-0.0894241 -0.817209 0)
(-0.110138 -0.831114 0)
(-0.13346 -0.847744 0)
(-0.16015 -0.867201 0)
(-0.191157 -0.88955 0)
(-0.227688 -0.9148 0)
(-0.271298 -0.94271 0)
(-0.323948 -0.972196 0)
(-0.387947 -1.00163 0)
(-0.466974 -1.03278 0)
(-0.570066 -1.07483 0)
(-0.712349 -1.13423 0)
(-0.903435 -1.19203 0)
(-1.1325 -1.20199 0)
(-1.36518 -1.11885 0)
(-1.55398 -0.92123 0)
(-1.66072 -0.61535 0)
(-1.67985 -0.250522 0)
(-1.65235 0.0947238 0)
(-1.58248 0.368212 0)
(-1.43349 0.547253 0)
(-1.21572 0.603594 0)
(-1.01427 0.583839 0)
(-0.87896 0.587716 0)
(-0.773839 0.600822 0)
(-0.680666 0.590125 0)
(-0.604089 0.578863 0)
(-0.539622 0.566572 0)
(-0.48342 0.553629 0)
(-0.43468 0.540953 0)
(-0.391291 0.52873 0)
(-0.352354 0.517002 0)
(-0.316939 0.505725 0)
(-0.284419 0.494797 0)
(-0.25431 0.484098 0)
(-0.226257 0.473511 0)
(-0.200001 0.462928 0)
(-0.175358 0.452259 0)
(-0.152197 0.441428 0)
(-0.130437 0.43038 0)
(-0.00745627 -0.730663 0)
(-0.0250376 -0.768692 0)
(-0.0428515 -0.771703 0)
(-0.0615309 -0.777079 0)
(-0.0813022 -0.784396 0)
(-0.102649 -0.793694 0)
(-0.126061 -0.804972 0)
(-0.152142 -0.818214 0)
(-0.181604 -0.833354 0)
(-0.215302 -0.850238 0)
(-0.254275 -0.868601 0)
(-0.299797 -0.88791 0)
(-0.35334 -0.906865 0)
(-0.416211 -0.923153 0)
(-0.489986 -0.935608 0)
(-0.579717 -0.947856 0)
(-0.696013 -0.964899 0)
(-0.848641 -0.979399 0)
(-1.03455 -0.963843 0)
(-1.23125 -0.883973 0)
(-1.40304 -0.724593 0)
(-1.51649 -0.503196 0)
(-1.55251 -0.257579 0)
(-1.51236 -0.026573 0)
(-1.4106 0.169342 0)
(-1.25826 0.305029 0)
(-1.09341 0.377913 0)
(-0.960053 0.424854 0)
(-0.857585 0.468597 0)
(-0.763898 0.492993 0)
(-0.680203 0.499033 0)
(-0.609315 0.50173 0)
(-0.547426 0.49996 0)
(-0.492879 0.495509 0)
(-0.444823 0.48964 0)
(-0.401725 0.482863 0)
(-0.362867 0.475546 0)
(-0.327453 0.467881 0)
(-0.294936 0.459954 0)
(-0.264872 0.451796 0)
(-0.236925 0.443407 0)
(-0.210838 0.434767 0)
(-0.186419 0.425855 0)
(-0.163529 0.416651 0)
(-0.142074 0.407137 0)
(-0.00843285 -0.711356 0)
(-0.027864 -0.74775 0)
(-0.0475726 -0.75007 0)
(-0.0681875 -0.754362 0)
(-0.0899309 -0.760141 0)
(-0.113256 -0.76738 0)
(-0.138622 -0.776002 0)
(-0.166575 -0.785889 0)
(-0.197736 -0.796854 0)
(-0.232813 -0.808599 0)
(-0.27263 -0.820683 0)
(-0.318134 -0.832439 0)
(-0.370326 -0.84269 0)
(-0.429861 -0.849378 0)
(-0.496867 -0.850282 0)
(-0.572712 -0.845316 0)
(-0.662455 -0.836521 0)
(-0.772515 -0.821964 0)
(-0.902655 -0.789533 0)
(-1.03999 -0.721039 0)
(-1.16137 -0.60534 0)
(-1.24329 -0.448135 0)
(-1.27209 -0.270788 0)
(-1.24674 -0.100621 0)
(-1.17681 0.0440805 0)
(-1.08087 0.159815 0)
(-0.984027 0.247835 0)
(-0.898015 0.316981 0)
(-0.816752 0.368185 0)
(-0.737572 0.398921 0)
(-0.666018 0.417376 0)
(-0.60263 0.429939 0)
(-0.545561 0.43644 0)
(-0.494401 0.439118 0)
(-0.448479 0.439202 0)
(-0.406854 0.437385 0)
(-0.369007 0.43422 0)
(-0.334327 0.430047 0)
(-0.302384 0.425087 0)
(-0.272805 0.419485 0)
(-0.2453 0.413329 0)
(-0.219636 0.406677 0)
(-0.195634 0.399568 0)
(-0.173156 0.392027 0)
(-0.152108 0.384068 0)
(-0.00919423 -0.689936 0)
(-0.0300926 -0.724705 0)
(-0.0512861 -0.726308 0)
(-0.0733775 -0.729502 0)
(-0.0965724 -0.733742 0)
(-0.121284 -0.738965 0)
(-0.147918 -0.745034 0)
(-0.176948 -0.751762 0)
(-0.208885 -0.758887 0)
(-0.24429 -0.76603 0)
(-0.283774 -0.772669 0)
(-0.327986 -0.778097 0)
(-0.377563 -0.781325 0)
(-0.432884 -0.78085 0)
(-0.493678 -0.774673 0)
(-0.559513 -0.761217 0)
(-0.631547 -0.740102 0)
(-0.712563 -0.710291 0)
(-0.802611 -0.666483 0)
(-0.894534 -0.599775 0)
(-0.975315 -0.504814 0)
(-1.03163 -0.385934 0)
(-1.05547 -0.255169 0)
(-1.0469 -0.125855 0)
(-1.01188 -0.00895322 0)
(-0.959057 0.0895135 0)
(-0.898082 0.1712 0)
(-0.834189 0.236636 0)
(-0.767867 0.285787 0)
(-0.703032 0.320768 0)
(-0.64292 0.346547 0)
(-0.587386 0.365276 0)
(-0.536167 0.3778 0)
(-0.489332 0.386008 0)
(-0.446493 0.390954 0)
(-0.407178 0.393379 0)
(-0.371051 0.393899 0)
(-0.3377 0.392922 0)
(-0.306815 0.390749 0)
(-0.278112 0.387595 0)
(-0.251358 0.383614 0)
(-0.226362 0.378919 0)
(-0.202965 0.373596 0)
(-0.181045 0.367704 0)
(-0.160512 0.361286 0)
(-0.00977588 -0.666832 0)
(-0.0317186 -0.699993 0)
(-0.0539954 -0.700887 0)
(-0.0771179 -0.70301 0)
(-0.101268 -0.705781 0)
(-0.126822 -0.709114 0)
(-0.154116 -0.712833 0)
(-0.183547 -0.716707 0)
(-0.215517 -0.720435 0)
(-0.250447 -0.723609 0)
(-0.288768 -0.725696 0)
(-0.330889 -0.726009 0)
(-0.377174 -0.723685 0)
(-0.427842 -0.717622 0)
(-0.482718 -0.706393 0)
(-0.541109 -0.688374 0)
(-0.602435 -0.66217 0)
(-0.666842 -0.626538 0)
(-0.733855 -0.579322 0)
(-0.799657 -0.517218 0)
(-0.856785 -0.438062 0)
(-0.897471 -0.343961 0)
(-0.917258 -0.241837 0)
(-0.916032 -0.140047 0)
(-0.89665 -0.0447356 0)
(-0.863031 0.040118 0)
(-0.819595 0.112233 0)
(-0.769839 0.171738 0)
(-0.717104 0.219195 0)
(-0.664801 0.256512 0)
(-0.614474 0.285794 0)
(-0.566482 0.308166 0)
(-0.521294 0.324806 0)
(-0.479127 0.337038 0)
(-0.439877 0.345742 0)
(-0.403379 0.351618 0)
(-0.369454 0.355255 0)
(-0.337867 0.357075 0)
(-0.308417 0.35741 0)
(-0.280907 0.356512 0)
(-0.255169 0.354573 0)
(-0.231054 0.351741 0)
(-0.208435 0.348133 0)
(-0.18721 0.343835 0)
(-0.1673 0.338909 0)
(-0.0101809 -0.642472 0)
(-0.0327864 -0.674043 0)
(-0.0557596 -0.674272 0)
(-0.0794968 -0.675384 0)
(-0.104156 -0.676811 0)
(-0.130073 -0.678435 0)
(-0.157514 -0.680063 0)
(-0.186797 -0.681444 0)
(-0.218225 -0.682268 0)
(-0.252098 -0.682134 0)
(-0.288696 -0.680539 0)
(-0.328253 -0.676854 0)
(-0.370922 -0.67032 0)
(-0.416748 -0.660043 0)
(-0.465577 -0.645002 0)
(-0.516888 -0.62404 0)
(-0.56978 -0.595961 0)
(-0.623193 -0.559639 0)
(-0.675805 -0.513899 0)
(-0.725246 -0.457458 0)
(-0.767572 -0.389774 0)
(-0.798275 -0.312499 0)
(-0.814325 -0.229874 0)
(-0.815277 -0.14724 0)
(-0.802648 -0.0689141 0)
(-0.778767 0.00255034 0)
(-0.746406 0.0657553 0)
(-0.708354 0.12019 0)
(-0.667218 0.165802 0)
(-0.625067 0.203376 0)
(-0.58307 0.233893 0)
(-0.542039 0.258288 0)
(-0.502613 0.277541 0)
(-0.465104 0.292541 0)
(-0.429623 0.304018 0)
(-0.396188 0.312583 0)
(-0.364751 0.318753 0)
(-0.335211 0.32293 0)
(-0.307461 0.325445 0)
(-0.281383 0.326558 0)
(-0.256867 0.326475 0)
(-0.233808 0.325366 0)
(-0.212112 0.323362 0)
(-0.191701 0.320566 0)
(-0.172512 0.317058 0)
(-0.0104075 -0.617248 0)
(-0.0333727 -0.647266 0)
(-0.0566847 -0.646893 0)
(-0.0806611 -0.647087 0)
(-0.105446 -0.647321 0)
(-0.131319 -0.647449 0)
(-0.158487 -0.647274 0)
(-0.187193 -0.646544 0)
(-0.217656 -0.644962 0)
(-0.250073 -0.642159 0)
(-0.284606 -0.637681 0)
(-0.321361 -0.630986 0)
(-0.360347 -0.621433 0)
(-0.401451 -0.608293 0)
(-0.444404 -0.590785 0)
(-0.488727 -0.568128 0)
(-0.533655 -0.539536 0)
(-0.578111 -0.504189 0)
(-0.620678 -0.461339 0)
(-0.659478 -0.410591 0)
(-0.692053 -0.352277 0)
(-0.715753 -0.287839 0)
(-0.728672 -0.219907 0)
(-0.730394 -0.15168 0)
(-0.721877 -0.0859598 0)
(-0.704764 -0.024689 0)
(-0.680775 0.0309098 0)
(-0.651789 0.0802377 0)
(-0.619527 0.122984 0)
(-0.585371 0.159322 0)
(-0.55044 0.189787 0)
(-0.515594 0.215047 0)
(-0.481444 0.235754 0)
(-0.448375 0.252528 0)
(-0.416621 0.26595 0)
(-0.386308 0.276519 0)
(-0.357484 0.284673 0)
(-0.330146 0.290772 0)
(-0.304259 0.295123 0)
(-0.279771 0.297974 0)
(-0.256624 0.299535 0)
(-0.234754 0.299976 0)
(-0.214096 0.299437 0)
(-0.194597 0.298029 0)
(-0.176212 0.295842 0)
(-0.0104778 -0.591481 0)
(-0.0335489 -0.620027 0)
(-0.0568825 -0.61912 0)
(-0.0807778 -0.618519 0)
(-0.105366 -0.617727 0)
(-0.130861 -0.616584 0)
(-0.157423 -0.6149 0)
(-0.18523 -0.612439 0)
(-0.214429 -0.608929 0)
(-0.245139 -0.604044 0)
(-0.277432 -0.597391 0)
(-0.311323 -0.588518 0)
(-0.346737 -0.576914 0)
(-0.38348 -0.562015 0)
(-0.421217 -0.543229 0)
(-0.459454 -0.519978 0)
(-0.497534 -0.491747 0)
(-0.534589 -0.458117 0)
(-0.569433 -0.418792 0)
(-0.600558 -0.373732 0)
(-0.626283 -0.323356 0)
(-0.645053 -0.268718 0)
(-0.655791 -0.21152 0)
(-0.658197 -0.153855 0)
(-0.652783 -0.0977097 0)
(-0.640592 -0.0445876 0)
(-0.622715 0.00452037 0)
(-0.600299 0.0489339 0)
(-0.57462 0.0883832 0)
(-0.546806 0.122796 0)
(-0.517774 0.152453 0)
(-0.488262 0.177731 0)
(-0.458815 0.199042 0)
(-0.429844 0.216825 0)
(-0.401635 0.231516 0)
(-0.374372 0.243506 0)
(-0.348168 0.253153 0)
(-0.323081 0.260767 0)
(-0.299136 0.266617 0)
(-0.276328 0.270933 0)
(-0.254642 0.273911 0)
(-0.234047 0.275716 0)
(-0.214509 0.276487 0)
(-0.195997 0.276336 0)
(-0.178485 0.275362 0)
(-0.0104298 -0.56545 0)
(-0.033374 -0.592647 0)
(-0.0564576 -0.591289 0)
(-0.0800115 -0.590028 0)
(-0.104137 -0.588381 0)
(-0.128988 -0.58619 0)
(-0.154693 -0.583283 0)
(-0.18137 -0.57945 0)
(-0.209112 -0.574449 0)
(-0.237974 -0.568 0)
(-0.26797 -0.559777 0)
(-0.299053 -0.549411 0)
(-0.3311 -0.536502 0)
(-0.363892 -0.520628 0)
(-0.397095 -0.50136 0)
(-0.430238 -0.478295 0)
(-0.462712 -0.451101 0)
(-0.493777 -0.419573 0)
(-0.522549 -0.383662 0)
(-0.547992 -0.343519 0)
(-0.568977 -0.299574 0)
(-0.584466 -0.252617 0)
(-0.593738 -0.203789 0)
(-0.596562 -0.154451 0)
(-0.593222 -0.105984 0)
(-0.58436 -0.0595493 0)
(-0.570751 -0.0159947 0)
(-0.553205 0.0240415 0)
(-0.532665 0.0602286 0)
(-0.509961 0.0924781 0)
(-0.485807 0.12087 0)
(-0.460823 0.145601 0)
(-0.435498 0.166925 0)
(-0.410226 0.185145 0)
(-0.385299 0.20057 0)
(-0.360929 0.2135 0)
(-0.337264 0.224219 0)
(-0.314403 0.232983 0)
(-0.292407 0.240022 0)
(-0.271311 0.245538 0)
(-0.251129 0.249709 0)
(-0.23186 0.252689 0)
(-0.213494 0.254608 0)
(-0.196021 0.255579 0)
(-0.17943 0.2557 0)
(-0.010289 -0.539432 0)
(-0.0328938 -0.565407 0)
(-0.055508 -0.5637 0)
(-0.0785106 -0.561909 0)
(-0.101962 -0.559571 0)
(-0.12597 -0.556546 0)
(-0.150634 -0.552683 0)
(-0.176028 -0.547802 0)
(-0.2022 -0.541696 0)
(-0.229163 -0.534129 0)
(-0.256887 -0.524835 0)
(-0.285292 -0.513525 0)
(-0.314231 -0.499891 0)
(-0.343479 -0.48362 0)
(-0.372723 -0.464415 0)
(-0.401549 -0.442016 0)
(-0.429441 -0.416232 0)
(-0.455792 -0.386971 0)
(-0.479918 -0.354278 0)
(-0.501086 -0.318379 0)
(-0.518545 -0.279703 0)
(-0.531612 -0.238872 0)
(-0.539781 -0.19667 0)
(-0.542841 -0.153991 0)
(-0.54092 -0.111775 0)
(-0.534459 -0.0708999 0)
(-0.524073 -0.0321088 0)
(-0.510315 0.0040344 0)
(-0.493763 0.0371752 0)
(-0.475108 0.0672149 0)
(-0.454961 0.0941113 0)
(-0.433798 0.117957 0)
(-0.412049 0.138901 0)
(-0.390062 0.15714 0)
(-0.368118 0.172892 0)
(-0.346434 0.186378 0)
(-0.325173 0.197818 0)
(-0.304456 0.207417 0)
(-0.284368 0.215366 0)
(-0.264968 0.221839 0)
(-0.246294 0.226991 0)
(-0.228369 0.230962 0)
(-0.2112 0.233871 0)
(-0.194794 0.235824 0)
(-0.179157 0.236921 0)
(-0.0100645 -0.513659 0)
(-0.0321422 -0.538538 0)
(-0.0541216 -0.536583 0)
(-0.076402 -0.534387 0)
(-0.0990197 -0.531513 0)
(-0.122041 -0.527852 0)
(-0.145544 -0.523277 0)
(-0.169564 -0.517636 0)
(-0.194119 -0.510755 0)
(-0.219191 -0.502441 0)
(-0.244727 -0.492483 0)
(-0.270626 -0.480657 0)
(-0.296738 -0.466736 0)
(-0.322846 -0.450495 0)
(-0.348666 -0.43173 0)
(-0.373845 -0.410278 0)
(-0.397961 -0.386037 0)
(-0.420536 -0.358999 0)
(-0.441045 -0.329267 0)
(-0.458944 -0.297079 0)
(-0.473712 -0.262803 0)
(-0.484903 -0.226928 0)
(-0.492188 -0.190024 0)
(-0.495401 -0.152715 0)
(-0.494574 -0.115654 0)
(-0.489947 -0.0795039 0)
(-0.481932 -0.0448548 0)
(-0.471003 -0.0121578 0)
(-0.457614 0.0182253 0)
(-0.442274 0.0460884 0)
(-0.425445 0.0714 0)
(-0.407513 0.0941694 0)
(-0.388845 0.114478 0)
(-0.369749 0.132446 0)
(-0.350483 0.148222 0)
(-0.331255 0.161965 0)
(-0.312231 0.17384 0)
(-0.29354 0.184009 0)
(-0.275282 0.192628 0)
(-0.25753 0.19984 0)
(-0.240339 0.20578 0)
(-0.223747 0.21057 0)
(-0.207777 0.214317 0)
(-0.192449 0.217119 0)
(-0.17778 0.219071 0)
(-0.00976689 -0.488324 0)
(-0.0311524 -0.512237 0)
(-0.0523715 -0.510116 0)
(-0.0737975 -0.507626 0)
(-0.0954646 -0.504364 0)
(-0.117405 -0.500251 0)
(-0.139673 -0.49518 0)
(-0.162278 -0.489026 0)
(-0.185215 -0.481648 0)
(-0.20845 -0.472891 0)
(-0.231913 -0.462591 0)
(-0.255501 -0.45058 0)
(-0.279065 -0.436692 0)
(-0.302408 -0.420773 0)
(-0.325282 -0.402688 0)
(-0.347391 -0.382343 0)
(-0.36839 -0.359702 0)
(-0.387898 -0.334795 0)
(-0.405519 -0.307738 0)
(-0.420859 -0.278749 0)
(-0.433554 -0.248146 0)
(-0.443296 -0.216338 0)
(-0.449857 -0.183768 0)
(-0.453108 -0.150885 0)
(-0.453042 -0.118131 0)
(-0.449801 -0.0859645 0)
(-0.443662 -0.054856 0)
(-0.434996 -0.0252305 0)
(-0.424164 0.00258449 0)
(-0.411499 0.0283764 0)
(-0.397378 0.0520922 0)
(-0.382162 0.0736919 0)
(-0.366138 0.0932076 0)
(-0.349569 0.110708 0)
(-0.332686 0.126287 0)
(-0.31568 0.140059 0)
(-0.298712 0.152144 0)
(-0.281912 0.162667 0)
(-0.265383 0.171751 0)
(-0.249208 0.179514 0)
(-0.233451 0.186069 0)
(-0.218161 0.191521 0)
(-0.203374 0.195964 0)
(-0.189116 0.199488 0)
(-0.175415 0.202181 0)
(-0.00941341 -0.46361 0)
(-0.0299637 -0.486667 0)
(-0.050318 -0.484451 0)
(-0.0707968 -0.481767 0)
(-0.0914303 -0.478252 0)
(-0.112231 -0.473848 0)
(-0.133226 -0.468468 0)
(-0.154411 -0.462009 0)
(-0.175764 -0.45436 0)
(-0.197241 -0.445401 0)
(-0.218768 -0.435008 0)
(-0.240242 -0.423059 0)
(-0.261523 -0.409436 0)
(-0.282438 -0.394035 0)
(-0.302774 -0.376775 0)
(-0.322284 -0.357609 0)
(-0.340692 -0.336536 0)
(-0.357703 -0.313613 0)
(-0.373009 -0.288961 0)
(-0.386316 -0.262771 0)
(-0.397358 -0.235306 0)
(-0.405925 -0.20689 0)
(-0.411871 -0.177884 0)
(-0.415107 -0.148645 0)
(-0.415614 -0.119501 0)
(-0.413454 -0.0907698 0)
(-0.408795 -0.0627871 0)
(-0.4019 -0.0359 0)
(-0.393077 -0.0104017 0)
(-0.382598 0.0134949 0)
(-0.370759 0.0356532 0)
(-0.357843 0.0560539 0)
(-0.344088 0.0746885 0)
(-0.329722 0.0915919 0)
(-0.314947 0.106821 0)
(-0.299937 0.120453 0)
(-0.284841 0.132572 0)
(-0.269784 0.143274 0)
(-0.254871 0.152654 0)
(-0.240186 0.160807 0)
(-0.225799 0.167827 0)
(-0.211766 0.173802 0)
(-0.198129 0.178814 0)
(-0.184921 0.182942 0)
(-0.172178 0.186267 0)
(-0.00901543 -0.439698 0)
(-0.0286189 -0.461969 0)
(-0.0480189 -0.459722 0)
(-0.0674884 -0.45693 0)
(-0.0870334 -0.453278 0)
(-0.106661 -0.448719 0)
(-0.126374 -0.443181 0)
(-0.146158 -0.436585 0)
(-0.165983 -0.428844 0)
(-0.185799 -0.41987 0)
(-0.205531 -0.409572 0)
(-0.225083 -0.397863 0)
(-0.244327 -0.384664 0)
(-0.263112 -0.369908 0)
(-0.281259 -0.353551 0)
(-0.298564 -0.335578 0)
(-0.314807 -0.316013 0)
(-0.329753 -0.294922 0)
(-0.34317 -0.27242 0)
(-0.354835 -0.248675 0)
(-0.364553 -0.223902 0)
(-0.37217 -0.198363 0)
(-0.377583 -0.172348 0)
(-0.380744 -0.146149 0)
(-0.38164 -0.120033 0)
(-0.380304 -0.0942323 0)
(-0.376826 -0.0689762 0)
(-0.371379 -0.0445241 0)
(-0.364199 -0.0211393 0)
(-0.355535 0.000965443 0)
(-0.345593 0.0216412 0)
(-0.334604 0.0408497 0)
(-0.322793 0.0585651 0)
(-0.310342 0.0747949 0)
(-0.297425 0.08957 0)
(-0.284197 0.102938 0)
(-0.270795 0.11496 0)
(-0.257335 0.125703 0)
(-0.243918 0.135242 0)
(-0.230628 0.143651 0)
(-0.217536 0.151007 0)
(-0.204702 0.157383 0)
(-0.192173 0.162849 0)
(-0.179985 0.167475 0)
(-0.168176 0.171332 0)
(-0.00857312 -0.416735 0)
(-0.0271608 -0.438258 0)
(-0.0455406 -0.436041 0)
(-0.063956 -0.433212 0)
(-0.082381 -0.429516 0)
(-0.100819 -0.424906 0)
(-0.119259 -0.41933 0)
(-0.137681 -0.412727 0)
(-0.156047 -0.405033 0)
(-0.174305 -0.396185 0)
(-0.192385 -0.386119 0)
(-0.210195 -0.374777 0)
(-0.227623 -0.362106 0)
(-0.244539 -0.348069 0)
(-0.260792 -0.332647 0)
(-0.276216 -0.315847 0)
(-0.290632 -0.297705 0)
(-0.30386 -0.278293 0)
(-0.315717 -0.257716 0)
(-0.326037 -0.23612 0)
(-0.334671 -0.21368 0)
(-0.341506 -0.190608 0)
(-0.346467 -0.167137 0)
(-0.349523 -0.143508 0)
(-0.350677 -0.119949 0)
(-0.349956 -0.0966517 0)
(-0.347414 -0.0737827 0)
(-0.343147 -0.0515178 0)
(-0.33732 -0.0300627 0)
(-0.33014 -0.00961484 0)
(-0.321789 0.00968288 0)
(-0.312449 0.0277353 0)
(-0.302305 0.0445278 0)
(-0.291517 0.060044 0)
(-0.280234 0.0742983 0)
(-0.268593 0.0873179 0)
(-0.256715 0.099143 0)
(-0.244708 0.109822 0)
(-0.232668 0.11941 0)
(-0.220674 0.127965 0)
(-0.208797 0.135549 0)
(-0.197098 0.142221 0)
(-0.185625 0.148041 0)
(-0.174416 0.153068 0)
(-0.163512 0.157367 0)
(-0.00808942 -0.394813 0)
(-0.0256311 -0.415623 0)
(-0.0429542 -0.413484 0)
(-0.0602831 -0.410675 0)
(-0.0775756 -0.407001 0)
(-0.094825 -0.402422 0)
(-0.112018 -0.396899 0)
(-0.129125 -0.390388 0)
(-0.146107 -0.382846 0)
(-0.162912 -0.374227 0)
(-0.179473 -0.364491 0)
(-0.195706 -0.353599 0)
(-0.211514 -0.341521 0)
(-0.226784 -0.328239 0)
(-0.241391 -0.313754 0)
(-0.255198 -0.298084 0)
(-0.268064 -0.281274 0)
(-0.279844 -0.263394 0)
(-0.290398 -0.244541 0)
(-0.299598 -0.224839 0)
(-0.307332 -0.204435 0)
(-0.313513 -0.183501 0)
(-0.318086 -0.162223 0)
(-0.321027 -0.140797 0)
(-0.322347 -0.119416 0)
(-0.322076 -0.0982537 0)
(-0.320255 -0.0774494 0)
(-0.316946 -0.0571265 0)
(-0.312248 -0.0374261 0)
(-0.30631 -0.0185102 0)
(-0.299298 -0.000521478 0)
(-0.291357 0.0164311 0)
(-0.282643 0.0323101 0)
(-0.273302 0.0470979 0)
(-0.263455 0.0607921 0)
(-0.253221 0.073406 0)
(-0.24271 0.0849638 0)
(-0.23202 0.0954985 0)
(-0.221239 0.10505 0)
(-0.210442 0.113663 0)
(-0.199697 0.121384 0)
(-0.189064 0.128264 0)
(-0.178591 0.13435 0)
(-0.168316 0.139695 0)
(-0.158282 0.144353 0)
(-0.00758269 -0.373979 0)
(-0.0240684 -0.39413 0)
(-0.0403219 -0.392093 0)
(-0.0565484 -0.38935 0)
(-0.0727114 -0.385747 0)
(-0.0887904 -0.381259 0)
(-0.104771 -0.375857 0)
(-0.120618 -0.369514 0)
(-0.136294 -0.362199 0)
(-0.151745 -0.353885 0)
(-0.16691 -0.344543 0)
(-0.181713 -0.334154 0)
(-0.19607 -0.322703 0)
(-0.209884 -0.310186 0)
(-0.223051 -0.296617 0)
(-0.235459 -0.282022 0)
(-0.246994 -0.26645 0)
(-0.257541 -0.249966 0)
(-0.266992 -0.232657 0)
(-0.275247 -0.214631 0)
(-0.282221 -0.196013 0)
(-0.287848 -0.176942 0)
(-0.292083 -0.157571 0)
(-0.29491 -0.138059 0)
(-0.296336 -0.118565 0)
(-0.296393 -0.0992416 0)
(-0.295122 -0.080219 0)
(-0.292573 -0.0616018 0)
(-0.288804 -0.0434874 0)
(-0.283912 -0.0259898 0)
(-0.278034 -0.00923319 0)
(-0.271297 0.00668074 0)
(-0.263819 0.0216759 0)
(-0.255728 0.0357404 0)
(-0.247139 0.0488576 0)
(-0.238152 0.061031 0)
(-0.228864 0.072273 0)
(-0.219363 0.0826049 0)
(-0.209729 0.0920543 0)
(-0.200032 0.100654 0)
(-0.190336 0.10844 0)
(-0.180698 0.115453 0)
(-0.171167 0.121732 0)
(-0.161777 0.12732 0)
(-0.152572 0.132266 0)
(-0.00707868 -0.354267 0)
(-0.0225006 -0.373818 0)
(-0.0376851 -0.371896 0)
(-0.0528153 -0.369249 0)
(-0.067865 -0.365754 0)
(-0.082805 -0.361401 0)
(-0.0976161 -0.356172 0)
(-0.112264 -0.350049 0)
(-0.126708 -0.343015 0)
(-0.140899 -0.335052 0)
(-0.154779 -0.326145 0)
(-0.168282 -0.316286 0)
(-0.181334 -0.305472 0)
(-0.193853 -0.293712 0)
(-0.205751 -0.281024 0)
(-0.216937 -0.267442 0)
(-0.227319 -0.253012 0)
(-0.236805 -0.237798 0)
(-0.24531 -0.221876 0)
(-0.252756 -0.205339 0)
(-0.259078 -0.188294 0)
(-0.264224 -0.170858 0)
(-0.268162 -0.153155 0)
(-0.270875 -0.135317 0)
(-0.272371 -0.117475 0)
(-0.272675 -0.0997577 0)
(-0.271826 -0.082284 0)
(-0.26987 -0.0651541 0)
(-0.266857 -0.0484497 0)
(-0.262846 -0.0322511 0)
(-0.257926 -0.0166496 0)
(-0.252212 -0.00173238 0)
(-0.245801 0.0124237 0)
(-0.2388 0.0257826 0)
(-0.231316 0.0383216 0)
(-0.223434 0.0500363 0)
(-0.215239 0.0609316 0)
(-0.206809 0.0710194 0)
(-0.198216 0.0803178 0)
(-0.189526 0.0888497 0)
(-0.180798 0.0966424 0)
(-0.172086 0.103727 0)
(-0.163435 0.110135 0)
(-0.15488 0.115904 0)
(-0.146461 0.121074 0)
(-0.00659177 -0.335709 0)
(-0.0209412 -0.354705 0)
(-0.0350662 -0.352905 0)
(-0.0491256 -0.350372 0)
(-0.0630896 -0.347011 0)
(-0.0769311 -0.342826 0)
(-0.090623 -0.337804 0)
(-0.104132 -0.331937 0)
(-0.117419 -0.325215 0)
(-0.130437 -0.317631 0)
(-0.143134 -0.309178 0)
(-0.155451 -0.299858 0)
(-0.167324 -0.289677 0)
(-0.178683 -0.278649 0)
(-0.189455 -0.2668 0)
(-0.199564 -0.254163 0)
(-0.208937 -0.240785 0)
(-0.217499 -0.226724 0)
(-0.225183 -0.212048 0)
(-0.231928 -0.196839 0)
(-0.237682 -0.181186 0)
(-0.242406 -0.16519 0)
(-0.246074 -0.148954 0)
(-0.248675 -0.13259 0)
(-0.250212 -0.116204 0)
(-0.250704 -0.0999063 0)
(-0.250184 -0.0837983 0)
(-0.248696 -0.0679739 0)
(-0.246285 -0.0525121 0)
(-0.242999 -0.0374792 0)
(-0.238896 -0.0229397 0)
(-0.23406 -0.00896212 0)
(-0.228569 0.00439374 0)
(-0.222519 0.0170626 0)
(-0.216004 0.0290302 0)
(-0.2091 0.0402805 0)
(-0.201878 0.0508116 0)
(-0.194411 0.060628 0)
(-0.186763 0.06974 0)
(-0.178992 0.0781627 0)
(-0.171153 0.0859156 0)
(-0.163298 0.0930219 0)
(-0.155468 0.099508 0)
(-0.147696 0.105404 0)
(-0.140018 0.110742 0)
(-0.00611897 -0.31833 0)
(-0.0193959 -0.336791 0)
(-0.0324812 -0.335119 0)
(-0.0455051 -0.332708 0)
(-0.0584195 -0.3295 0)
(-0.0712072 -0.325502 0)
(-0.0838327 -0.320708 0)
(-0.0962655 -0.315117 0)
(-0.108467 -0.308724 0)
(-0.120394 -0.30153 0)
(-0.132 -0.293536 0)
(-0.143232 -0.28475 0)
(-0.154035 -0.275185 0)
(-0.16435 -0.264858 0)
(-0.174115 -0.253798 0)
(-0.183268 -0.24204 0)
(-0.191749 -0.229627 0)
(-0.199498 -0.216612 0)
(-0.20646 -0.203058 0)
(-0.212588 -0.189034 0)
(-0.217841 -0.174619 0)
(-0.222188 -0.159898 0)
(-0.225609 -0.144959 0)
(-0.228096 -0.129895 0)
(-0.229649 -0.114798 0)
(-0.230285 -0.0997596 0)
(-0.230029 -0.0848666 0)
(-0.228915 -0.0702019 0)
(-0.226987 -0.0558407 0)
(-0.224289 -0.0418469 0)
(-0.220865 -0.0282738 0)
(-0.216772 -0.0151708 0)
(-0.21209 -0.0025853 0)
(-0.206879 0.00942908 0)
(-0.20121 0.0208433 0)
(-0.195167 0.0316354 0)
(-0.188814 0.0417959 0)
(-0.182211 0.0513247 0)
(-0.175417 0.0602261 0)
(-0.168484 0.0685091 0)
(-0.16146 0.0761865 0)
(-0.154395 0.0832753 0)
(-0.147327 0.0897961 0)
(-0.140286 0.0957729 0)
(-0.133305 0.101234 0)
(-0.00565096 -0.302136 0)
(-0.0178737 -0.320066 0)
(-0.0299492 -0.318524 0)
(-0.041974 -0.316237 0)
(-0.0538794 -0.313191 0)
(-0.0656585 -0.309389 0)
(-0.0772708 -0.304834 0)
(-0.0886875 -0.299526 0)
(-0.0998714 -0.293468 0)
(-0.110783 -0.286665 0)
(-0.121381 -0.279125 0)
(-0.131618 -0.270859 0)
(-0.141447 -0.261884 0)
(-0.150817 -0.252222 0)
(-0.159676 -0.2419 0)
(-0.167973 -0.230954 0)
(-0.175658 -0.219424 0)
(-0.182683 -0.207359 0)
(-0.189005 -0.194815 0)
(-0.194583 -0.181852 0)
(-0.199388 -0.16854 0)
(-0.203394 -0.154951 0)
(-0.206585 -0.141162 0)
(-0.208954 -0.127252 0)
(-0.210503 -0.113299 0)
(-0.211244 -0.0993807 0)
(-0.211197 -0.0855729 0)
(-0.210389 -0.0719467 0)
(-0.208858 -0.058569 0)
(-0.206643 -0.0455008 0)
(-0.203785 -0.032794 0)
(-0.200328 -0.0204917 0)
(-0.196328 -0.00863181 0)
(-0.19184 0.00276011 0)
(-0.186922 0.0136416 0)
(-0.181643 0.0239871 0)
(-0.176064 0.0337783 0)
(-0.170237 0.0430118 0)
(-0.164214 0.0516874 0)
(-0.158042 0.059809 0)
(-0.151765 0.0673841 0)
(-0.145426 0.0744243 0)
(-0.139063 0.0809452 0)
(-0.132703 0.0869657 0)
(-0.126375 0.0925094 0)
(-0.00518557 -0.287118 0)
(-0.0163915 -0.304517 0)
(-0.0274935 -0.303099 0)
(-0.0385535 -0.300934 0)
(-0.0494914 -0.298048 0)
(-0.0603063 -0.294445 0)
(-0.0709567 -0.290129 0)
(-0.0814141 -0.285105 0)
(-0.0916438 -0.279379 0)
(-0.10161 -0.272961 0)
(-0.111274 -0.265861 0)
(-0.120595 -0.258095 0)
(-0.129531 -0.249682 0)
(-0.138041 -0.240643 0)
(-0.146078 -0.231008 0)
(-0.153602 -0.22081 0)
(-0.160571 -0.210086 0)
(-0.166946 -0.198882 0)
(-0.17269 -0.187247 0)
(-0.177775 -0.175236 0)
(-0.182172 -0.162909 0)
(-0.185864 -0.150329 0)
(-0.188837 -0.137562 0)
(-0.191086 -0.124676 0)
(-0.192613 -0.111739 0)
(-0.193427 -0.0988193 0)
(-0.193543 -0.085981 0)
(-0.192986 -0.0732867 0)
(-0.191784 -0.0607953 0)
(-0.18997 -0.0485614 0)
(-0.187583 -0.0366338 0)
(-0.184662 -0.0250532 0)
(-0.181249 -0.0138514 0)
(-0.17739 -0.00305284 0)
(-0.173134 0.00731734 0)
(-0.168532 0.0172304 0)
(-0.163639 0.0266615 0)
(-0.158508 0.0355993 0)
(-0.15318 0.0440411 0)
(-0.147698 0.051987 0)
(-0.142102 0.0594404 0)
(-0.136431 0.0664083 0)
(-0.130719 0.0729018 0)
(-0.124991 0.0789353 0)
(-0.119273 0.0845289 0)
(-0.00473103 -0.273254 0)
(-0.0149688 -0.290128 0)
(-0.0251346 -0.288818 0)
(-0.0352644 -0.286769 0)
(-0.0452759 -0.284038 0)
(-0.0551698 -0.280627 0)
(-0.0649063 -0.276546 0)
(-0.074457 -0.271799 0)
(-0.0837895 -0.266397 0)
(-0.0928708 -0.260351 0)
(-0.101666 -0.253675 0)
(-0.110139 -0.246384 0)
(-0.118254 -0.238498 0)
(-0.125974 -0.230042 0)
(-0.133261 -0.221041 0)
(-0.140081 -0.211528 0)
(-0.146399 -0.201539 0)
(-0.152182 -0.191114 0)
(-0.157403 -0.180298 0)
(-0.162036 -0.16914 0)
(-0.16606 -0.157693 0)
(-0.169459 -0.146012 0)
(-0.172224 -0.134155 0)
(-0.174349 -0.122181 0)
(-0.175838 -0.11015 0)
(-0.176696 -0.0981198 0)
(-0.176938 -0.0861475 0)
(-0.176583 -0.0742879 0)
(-0.175654 -0.0625929 0)
(-0.17418 -0.0511113 0)
(-0.172193 -0.0398877 0)
(-0.169726 -0.0289604 0)
(-0.166815 -0.0183595 0)
(-0.163499 -0.00810803 0)
(-0.159821 0.00177645 0)
(-0.155818 0.0112739 0)
(-0.15154 0.0203577 0)
(-0.147031 0.0290045 0)
(-0.14233 0.0372102 0)
(-0.137475 0.0449723 0)
(-0.1325 0.0522908 0)
(-0.127441 0.0591691 0)
(-0.122328 0.0656139 0)
(-0.117186 0.0716363 0)
(-0.112038 0.0772524 0)
(-0.00429808 -0.260509 0)
(-0.0136194 -0.276868 0)
(-0.0228858 -0.275651 0)
(-0.032122 -0.273707 0)
(-0.0412482 -0.271122 0)
(-0.0502633 -0.267896 0)
(-0.0591307 -0.26404 0)
(-0.0678225 -0.259561 0)
(-0.0763087 -0.25447 0)
(-0.0845589 -0.248779 0)
(-0.0925418 -0.242503 0)
(-0.100225 -0.235658 0)
(-0.107578 -0.228266 0)
(-0.114568 -0.220347 0)
(-0.121165 -0.21193 0)
(-0.127338 -0.203043 0)
(-0.133058 -0.193721 0)
(-0.1383 -0.183999 0)
(-0.143039 -0.17392 0)
(-0.147255 -0.163526 0)
(-0.150931 -0.152866 0)
(-0.154055 -0.141987 0)
(-0.156618 -0.130942 0)
(-0.158617 -0.119781 0)
(-0.160053 -0.108556 0)
(-0.160933 -0.0973193 0)
(-0.161268 -0.0861208 0)
(-0.161074 -0.0750087 0)
(-0.16037 -0.0640295 0)
(-0.159181 -0.0532265 0)
(-0.157534 -0.04264 0)
(-0.155458 -0.032305 0)
(-0.152982 -0.0222503 0)
(-0.150139 -0.0124977 0)
(-0.146965 -0.00306366 0)
(-0.143494 0.00603799 0)
(-0.139763 0.0147856 0)
(-0.13581 0.0231514 0)
(-0.131674 0.031124 0)
(-0.127386 0.0386993 0)
(-0.122978 0.0458751 0)
(-0.118478 0.0526516 0)
(-0.113918 0.0590324 0)
(-0.109319 0.0650246 0)
(-0.104701 0.0706417 0)
(-0.0038919 -0.248838 0)
(-0.0123469 -0.264698 0)
(-0.020752 -0.263561 0)
(-0.0291336 -0.261714 0)
(-0.0374151 -0.259264 0)
(-0.0455921 -0.256214 0)
(-0.0536324 -0.252572 0)
(-0.061509 -0.248347 0)
(-0.0691943 -0.24355 0)
(-0.0766605 -0.238193 0)
(-0.0838798 -0.232291 0)
(-0.090824 -0.225862 0)
(-0.0974655 -0.218924 0)
(-0.103777 -0.211501 0)
(-0.109732 -0.203616 0)
(-0.115305 -0.195298 0)
(-0.120472 -0.186579 0)
(-0.125212 -0.177491 0)
(-0.129504 -0.168074 0)
(-0.133332 -0.158365 0)
(-0.136682 -0.148408 0)
(-0.139543 -0.138245 0)
(-0.141909 -0.127922 0)
(-0.143777 -0.117485 0)
(-0.145149 -0.106979 0)
(-0.146031 -0.0964503 0)
(-0.146431 -0.0859425 0)
(-0.146364 -0.075499 0)
(-0.145845 -0.065161 0)
(-0.144895 -0.0549677 0)
(-0.143537 -0.0449556 0)
(-0.141796 -0.0351578 0)
(-0.139698 -0.0256011 0)
(-0.137268 -0.0163052 0)
(-0.134536 -0.00728538 0)
(-0.131533 0.00144499 0)
(-0.128291 0.00987122 0)
(-0.124839 0.0179708 0)
(-0.121211 0.0257176 0)
(-0.117438 0.0331078 0)
(-0.113546 0.0401375 0)
(-0.10956 0.046805 0)
(-0.105508 0.0531108 0)
(-0.101412 0.0590592 0)
(-0.0972875 0.0646605 0)
(-0.00351085 -0.238187 0)
(-0.011147 -0.253574 0)
(-0.0187316 -0.25251 0)
(-0.0262972 -0.250753 0)
(-0.0337736 -0.248431 0)
(-0.0411517 -0.245545 0)
(-0.0484038 -0.242104 0)
(-0.0555052 -0.238117 0)
(-0.0624306 -0.233594 0)
(-0.0691549 -0.228547 0)
(-0.0756535 -0.222992 0)
(-0.0819018 -0.216945 0)
(-0.0878756 -0.210424 0)
(-0.0935515 -0.203451 0)
(-0.0989069 -0.19605 0)
(-0.10392 -0.188247 0)
(-0.108571 -0.180071 0)
(-0.112842 -0.171554 0)
(-0.116715 -0.16273 0)
(-0.120177 -0.153634 0)
(-0.123217 -0.144304 0)
(-0.125825 -0.134779 0)
(-0.127998 -0.1251 0)
(-0.129732 -0.115307 0)
(-0.13103 -0.105441 0)
(-0.131896 -0.0955419 0)
(-0.132338 -0.0856498 0)
(-0.132367 -0.0758031 0)
(-0.131998 -0.0660386 0)
(-0.131247 -0.0563916 0)
(-0.130134 -0.0468952 0)
(-0.128681 -0.0375799 0)
(-0.12691 -0.0284724 0)
(-0.124844 -0.0195921 0)
(-0.122504 -0.0109521 0)
(-0.119916 -0.00256435 0)
(-0.117107 0.00555917 0)
(-0.114105 0.0134017 0)
(-0.110937 0.0209331 0)
(-0.107631 0.0281431 0)
(-0.10421 0.0350274 0)
(-0.100695 0.0415826 0)
(-0.0971127 0.0478068 0)
(-0.0934821 0.0537016 0)
(-0.0898178 0.0592749 0)
(-0.0031508 -0.228504 0)
(-0.0100116 -0.243459 0)
(-0.0168174 -0.242463 0)
(-0.0236037 -0.240793 0)
(-0.0303117 -0.238591 0)
(-0.0369276 -0.235859 0)
(-0.0434283 -0.232604 0)
(-0.0497914 -0.228837 0)
(-0.0559943 -0.224566 0)
(-0.0620147 -0.219804 0)
(-0.0678311 -0.214565 0)
(-0.073422 -0.208866 0)
(-0.0787663 -0.202724 0)
(-0.083844 -0.196159 0)
(-0.0886355 -0.189195 0)
(-0.0931225 -0.181855 0)
(-0.0972879 -0.174168 0)
(-0.101116 -0.166161 0)
(-0.104594 -0.157867 0)
(-0.107709 -0.149317 0)
(-0.110452 -0.140545 0)
(-0.112816 -0.131588 0)
(-0.114798 -0.12248 0)
(-0.116395 -0.113259 0)
(-0.117609 -0.10396 0)
(-0.118444 -0.0946207 0)
(-0.118907 -0.0852756 0)
(-0.119008 -0.0759597 0)
(-0.118758 -0.0667062 0)
(-0.118172 -0.057547 0)
(-0.117266 -0.048512 0)
(-0.116059 -0.0396295 0)
(-0.114571 -0.0309253 0)
(-0.112821 -0.0224195 0)
(-0.110827 -0.0141254 0)
(-0.108609 -0.00605144 0)
(-0.10619 0.00179199 0)
(-0.103592 0.00938913 0)
(-0.100841 0.0167184 0)
(-0.0979598 0.0237565 0)
(-0.0949696 0.0304992 0)
(-0.0918891 0.0369421 0)
(-0.0887399 0.0430816 0)
(-0.0855416 0.048917 0)
(-0.0823067 0.0544537 0)
(-0.00280876 -0.219744 0)
(-0.00893199 -0.234318 0)
(-0.0149972 -0.23339 0)
(-0.0210379 -0.231803 0)
(-0.0270108 -0.229712 0)
(-0.0328986 -0.227122 0)
(-0.0386821 -0.224039 0)
(-0.0443412 -0.220472 0)
(-0.0498563 -0.216431 0)
(-0.0552079 -0.211927 0)
(-0.0603769 -0.206975 0)
(-0.0653447 -0.20159 0)
(-0.0700932 -0.195789 0)
(-0.0746049 -0.189592 0)
(-0.0788633 -0.183019 0)
(-0.0828525 -0.176095 0)
(-0.0865582 -0.168843 0)
(-0.0899672 -0.161292 0)
(-0.0930681 -0.153468 0)
(-0.0958513 -0.145403 0)
(-0.0983089 -0.137127 0)
(-0.100435 -0.128671 0)
(-0.102227 -0.120069 0)
(-0.103683 -0.111353 0)
(-0.104805 -0.102556 0)
(-0.105597 -0.0937106 0)
(-0.106063 -0.0848492 0)
(-0.106213 -0.076003 0)
(-0.106056 -0.0672023 0)
(-0.105605 -0.058476 0)
(-0.104874 -0.0498515 0)
(-0.103878 -0.0413545 0)
(-0.102633 -0.0330093 0)
(-0.101159 -0.0248369 0)
(-0.099472 -0.0168531 0)
(-0.0975841 -0.00906598 0)
(-0.0955131 -0.00148197 0)
(-0.0932814 0.00588798 0)
(-0.0909092 0.0130274 0)
(-0.0884156 0.0199047 0)
(-0.0858212 0.0265126 0)
(-0.0831411 0.0328462 0)
(-0.0803939 0.0389008 0)
(-0.0775982 0.0446739 0)
(-0.0747652 0.0501685 0)
(-0.00248323 -0.211875 0)
(-0.00789887 -0.226132 0)
(-0.0132548 -0.225267 0)
(-0.018581 -0.223757 0)
(-0.0238489 -0.221769 0)
(-0.0290403 -0.219307 0)
(-0.0341385 -0.216378 0)
(-0.0391259 -0.212991 0)
(-0.0439854 -0.209156 0)
(-0.0487001 -0.204884 0)
(-0.0532533 -0.200189 0)
(-0.0576288 -0.195086 0)
(-0.061811 -0.18959 0)
(-0.065785 -0.183721 0)
(-0.0695365 -0.177497 0)
(-0.0730522 -0.170942 0)
(-0.07632 -0.164077 0)
(-0.0793287 -0.156928 0)
(-0.082069 -0.149521 0)
(-0.0845327 -0.141884 0)
(-0.0867135 -0.134043 0)
(-0.0886068 -0.12603 0)
(-0.0902099 -0.117872 0)
(-0.0915221 -0.1096 0)
(-0.0925445 -0.101243 0)
(-0.0932805 -0.0928325 0)
(-0.093735 -0.0843961 0)
(-0.0939149 -0.075963 0)
(-0.093829 -0.0675607 0)
(-0.0934874 -0.0592158 0)
(-0.0929019 -0.0509535 0)
(-0.0920855 -0.0427976 0)
(-0.0910526 -0.0347705 0)
(-0.0898187 -0.026893 0)
(-0.0883991 -0.019182 0)
(-0.0868062 -0.0116481 0)
(-0.0850515 -0.00429721 0)
(-0.0831496 0.00286421 0)
(-0.0811211 0.0098229 0)
(-0.0789854 0.0165511 0)
(-0.0767563 0.0230326 0)
(-0.0744477 0.0292622 0)
(-0.0720751 0.0352343 0)
(-0.069656 0.0409446 0)
(-0.0672007 0.0463942 0)
(-0.0021731 -0.204904 0)
(-0.00690216 -0.218903 0)
(-0.011571 -0.218097 0)
(-0.0162113 -0.216656 0)
(-0.020802 -0.214756 0)
(-0.0253262 -0.212406 0)
(-0.0297689 -0.209613 0)
(-0.0341146 -0.206385 0)
(-0.0383483 -0.202732 0)
(-0.0424552 -0.198666 0)
(-0.0464209 -0.194198 0)
(-0.0502314 -0.189342 0)
(-0.0538734 -0.184115 0)
(-0.0573341 -0.178534 0)
(-0.0606016 -0.172617 0)
(-0.0636646 -0.166385 0)
(-0.0665129 -0.159859 0)
(-0.0691374 -0.153062 0)
(-0.0715302 -0.146019 0)
(-0.0736848 -0.138755 0)
(-0.0755958 -0.131295 0)
(-0.0772596 -0.123666 0)
(-0.0786743 -0.115895 0)
(-0.0798392 -0.10801 0)
(-0.0807555 -0.100037 0)
(-0.0814259 -0.0920044 0)
(-0.0818549 -0.0839382 0)
(-0.0820483 -0.075865 0)
(-0.0820134 -0.0678101 0)
(-0.0817588 -0.059798 0)
(-0.0812945 -0.0518523 0)
(-0.0806315 -0.0439949 0)
(-0.0797817 -0.0362469 0)
(-0.078758 -0.0286278 0)
(-0.0775742 -0.0211554 0)
(-0.0762426 -0.0138432 0)
(-0.0747726 -0.00669822 0)
(-0.0731739 0.000275254 0)
(-0.0714633 0.0070676 0)
(-0.0696568 0.0136624 0)
(-0.0677648 0.0200288 0)
(-0.0658023 0.0261622 0)
(-0.0637809 0.0320563 0)
(-0.061716 0.0377057 0)
(-0.0596174 0.0431097 0)
(-0.00187512 -0.198827 0)
(-0.00593017 -0.212624 0)
(-0.00992716 -0.211871 0)
(-0.013906 -0.210484 0)
(-0.0178455 -0.20866 0)
(-0.0217295 -0.206407 0)
(-0.0255442 -0.203732 0)
(-0.0292753 -0.200644 0)
(-0.0329097 -0.197151 0)
(-0.0364345 -0.193263 0)
(-0.0398373 -0.188993 0)
(-0.0431064 -0.184355 0)
(-0.0462304 -0.179361 0)
(-0.0491988 -0.17403 0)
(-0.0520016 -0.168379 0)
(-0.0546294 -0.162426 0)
(-0.057074 -0.156193 0)
(-0.0593279 -0.1497 0)
(-0.0613845 -0.142969 0)
(-0.0632385 -0.136026 0)
(-0.0648858 -0.128892 0)
(-0.0663234 -0.121593 0)
(-0.0675497 -0.114154 0)
(-0.0685646 -0.1066 0)
(-0.0693689 -0.0989556 0)
(-0.0699651 -0.091247 0)
(-0.070357 -0.0834984 0)
(-0.0705494 -0.075734 0)
(-0.0705486 -0.0679775 0)
(-0.0703618 -0.0602516 0)
(-0.0699975 -0.0525783 0)
(-0.0694649 -0.0449783 0)
(-0.068774 -0.0374712 0)
(-0.0679358 -0.0300754 0)
(-0.0669618 -0.0228084 0)
(-0.0658634 -0.0156857 0)
(-0.0646495 -0.00871712 0)
(-0.063328 -0.00190729 0)
(-0.061908 0.004739 0)
(-0.0604049 0.0112121 0)
(-0.0588311 0.0174767 0)
(-0.0571947 0.0235235 0)
(-0.0555054 0.0293461 0)
(-0.0537766 0.0349383 0)
(-0.0520172 0.0402979 0)
(-0.00157088 -0.193549 0)
(-0.00495453 -0.207189 0)
(-0.00830606 -0.206477 0)
(-0.0116461 -0.205126 0)
(-0.0149622 -0.203365 0)
(-0.0182327 -0.201197 0)
(-0.021445 -0.198628 0)
(-0.0245861 -0.195664 0)
(-0.0276443 -0.192314 0)
(-0.0306086 -0.188586 0)
(-0.033469 -0.184493 0)
(-0.0362157 -0.180045 0)
(-0.0388396 -0.175258 0)
(-0.0413321 -0.170146 0)
(-0.0436851 -0.164727 0)
(-0.0458913 -0.159017 0)
(-0.0479439 -0.153037 0)
(-0.0498371 -0.146806 0)
(-0.0515657 -0.140345 0)
(-0.0531254 -0.133676 0)
(-0.054513 -0.126821 0)
(-0.0557263 -0.119804 0)
(-0.0567641 -0.112647 0)
(-0.0576262 -0.105374 0)
(-0.0583136 -0.0980092 0)
(-0.0588283 -0.0905751 0)
(-0.0591734 -0.083095 0)
(-0.0593531 -0.0755917 0)
(-0.0593724 -0.0680872 0)
(-0.0592375 -0.0606029 0)
(-0.0589553 -0.0531594 0)
(-0.0585337 -0.0457764 0)
(-0.057981 -0.0384725 0)
(-0.0573065 -0.0312652 0)
(-0.0565197 -0.0241713 0)
(-0.0556306 -0.0172063 0)
(-0.0546482 -0.0103827 0)
(-0.0535804 -0.00370796 0)
(-0.052434 0.00281532 0)
(-0.0512163 0.00917962 0)
(-0.0499406 0.015357 0)
(-0.048613 0.0213288 0)
(-0.0472407 0.0270883 0)
(-0.0458337 0.0326287 0)
(-0.0443997 0.0379465 0)
(-0.00120017 -0.1891 0)
(-0.0038962 -0.202567 0)
(-0.00667922 -0.201872 0)
(-0.00941219 -0.200536 0)
(-0.0121415 -0.198823 0)
(-0.0148273 -0.196726 0)
(-0.0174633 -0.194247 0)
(-0.0200374 -0.191391 0)
(-0.0225404 -0.188165 0)
(-0.0249639 -0.184575 0)
(-0.0272998 -0.180633 0)
(-0.0295407 -0.17635 0)
(-0.0316796 -0.171739 0)
(-0.0337098 -0.166814 0)
(-0.0356252 -0.161592 0)
(-0.03742 -0.15609 0)
(-0.0390893 -0.150325 0)
(-0.0406284 -0.144316 0)
(-0.0420334 -0.138084 0)
(-0.0433014 -0.131648 0)
(-0.0444299 -0.125031 0)
(-0.0454174 -0.118253 0)
(-0.0462632 -0.111335 0)
(-0.0469673 -0.104301 0)
(-0.0475307 -0.0971727 0)
(-0.0479551 -0.089971 0)
(-0.0482432 -0.0827179 0)
(-0.0483983 -0.0754348 0)
(-0.0484247 -0.0681424 0)
(-0.0483273 -0.0608609 0)
(-0.0481118 -0.0536097 0)
(-0.0477847 -0.0464076 0)
(-0.0473528 -0.0392722 0)
(-0.046824 -0.0322205 0)
(-0.0462062 -0.0252685 0)
(-0.0455079 -0.0184316 0)
(-0.0447376 -0.011724 0)
(-0.0439028 -0.00515639 0)
(-0.0430091 0.00126833 0)
(-0.0420615 0.00754685 0)
(-0.0410717 0.0136553 0)
(-0.0400414 0.0195666 0)
(-0.0389756 0.0252734 0)
(-0.0378808 0.0307686 0)
(-0.0367627 0.0360484 0)
(-0.000677283 -0.185993 0)
(-0.00265093 -0.199004 0)
(-0.00499695 -0.198313 0)
(-0.00716082 -0.196983 0)
(-0.00934235 -0.195308 0)
(-0.011469 -0.193269 0)
(-0.0135495 -0.190863 0)
(-0.0155746 -0.188093 0)
(-0.017539 -0.184963 0)
(-0.0194372 -0.181481 0)
(-0.021264 -0.177655 0)
(-0.0230144 -0.173497 0)
(-0.0246833 -0.169019 0)
(-0.0262659 -0.164236 0)
(-0.0277578 -0.159164 0)
(-0.0291545 -0.153818 0)
(-0.0304523 -0.148216 0)
(-0.0316477 -0.142376 0)
(-0.0327379 -0.136317 0)
(-0.0337205 -0.130059 0)
(-0.0345939 -0.123622 0)
(-0.0353571 -0.117026 0)
(-0.0360096 -0.110293 0)
(-0.0365519 -0.103443 0)
(-0.0369849 -0.0964966 0)
(-0.0373102 -0.0894754 0)
(-0.0375302 -0.0823996 0)
(-0.0376479 -0.0752894 0)
(-0.0376667 -0.0681644 0)
(-0.037591 -0.0610436 0)
(-0.0374254 -0.0539454 0)
(-0.0371751 -0.0468874 0)
(-0.0368462 -0.0398862 0)
(-0.0364447 -0.0329579 0)
(-0.0359777 -0.0261175 0)
(-0.0354525 -0.0193796 0)
(-0.034877 -0.0127584 0)
(-0.0342578 -0.00626677 0)
(-0.0336006 8.84255e-05 0)
(-0.0329126 0.00630445 0)
(-0.0322002 0.0123657 0)
(-0.0314609 0.0182334 0)
(-0.0306971 0.0238995 0)
(-0.0299104 0.0293571 0)
(-0.0291033 0.0346027 0)
(-2.11585e-05 -0.184639 0)
(-0.00125978 -0.196344 0)
(-0.00325023 -0.195655 0)
(-0.00485236 -0.194383 0)
(-0.00650317 -0.192775 0)
(-0.00807509 -0.19081 0)
(-0.00959995 -0.188482 0)
(-0.011074 -0.185793 0)
(-0.0124977 -0.182748 0)
(-0.0138697 -0.179354 0)
(-0.0151884 -0.175621 0)
(-0.0164513 -0.171561 0)
(-0.0176556 -0.167187 0)
(-0.0187981 -0.162512 0)
(-0.0198758 -0.157552 0)
(-0.0208856 -0.152323 0)
(-0.0218246 -0.146841 0)
(-0.0226902 -0.141125 0)
(-0.02348 -0.135193 0)
(-0.0241923 -0.129063 0)
(-0.0248253 -0.122755 0)
(-0.0253782 -0.116289 0)
(-0.0258505 -0.109684 0)
(-0.0262421 -0.102961 0)
(-0.0265537 -0.0961397 0)
(-0.0267864 -0.0892405 0)
(-0.026942 -0.0822832 0)
(-0.0270226 -0.0752873 0)
(-0.0270312 -0.0682719 0)
(-0.0269712 -0.0612555 0)
(-0.0268463 -0.054256 0)
(-0.0266612 -0.0472904 0)
(-0.0264207 -0.0403748 0)
(-0.0261304 -0.0335246 0)
(-0.0257963 -0.0267543 0)
(-0.0254255 -0.0200777 0)
(-0.0250256 -0.0135083 0)
(-0.0246043 -0.0070594 0)
(-0.0241695 -0.000741177 0)
(-0.0237326 0.00544368 0)
(-0.0232946 0.0114868 0)
(-0.022849 0.0173325 0)
(-0.0223904 0.0229708 0)
(-0.0219142 0.0283973 0)
(-0.021419 0.0336108 0)
(0.000547588 -0.18464 0)
(-2.93113e-05 -0.193814 0)
(-0.0015911 -0.193112 0)
(-0.00260042 -0.192026 0)
(-0.00369085 -0.190553 0)
(-0.00467926 -0.188697 0)
(-0.00561909 -0.186462 0)
(-0.00651568 -0.183855 0)
(-0.00737523 -0.180887 0)
(-0.0082007 -0.17757 0)
(-0.00899317 -0.173915 0)
(-0.00975247 -0.169936 0)
(-0.0104777 -0.165646 0)
(-0.0111674 -0.161059 0)
(-0.0118201 -0.156191 0)
(-0.0124339 -0.151058 0)
(-0.0130072 -0.145677 0)
(-0.0135383 -0.140064 0)
(-0.0140256 -0.134237 0)
(-0.0144678 -0.128215 0)
(-0.0148637 -0.122017 0)
(-0.0152122 -0.11566 0)
(-0.0155127 -0.109165 0)
(-0.0157648 -0.102551 0)
(-0.0159683 -0.0958365 0)
(-0.0161234 -0.0890412 0)
(-0.0162307 -0.0821838 0)
(-0.0162912 -0.075283 0)
(-0.0163063 -0.068357 0)
(-0.0162776 -0.0614235 0)
(-0.0162075 -0.0544994 0)
(-0.0160988 -0.0476011 0)
(-0.0159549 -0.0407438 0)
(-0.01578 -0.0339421 0)
(-0.0155792 -0.0272093 0)
(-0.0153588 -0.0205583 0)
(-0.0151276 -0.0140013 0)
(-0.0148946 -0.00755192 0)
(-0.014667 -0.00122313 0)
(-0.0144686 0.00498996 0)
(-0.0143104 0.0110677 0)
(-0.0141798 0.0169164 0)
(-0.0140488 0.0225365 0)
(-0.0139016 0.0279343 0)
(-0.0137328 0.0331147 0)
(0.00065203 -0.185759 0)
(0.000526892 -0.192205 0)
(-0.00035684 -0.191528 0)
(-0.000719566 -0.190699 0)
(-0.00113608 -0.189362 0)
(-0.00148032 -0.187595 0)
(-0.00179715 -0.185419 0)
(-0.00209381 -0.182856 0)
(-0.00237552 -0.179924 0)
(-0.00264478 -0.176638 0)
(-0.00290275 -0.173013 0)
(-0.00314981 -0.169063 0)
(-0.00338594 -0.164804 0)
(-0.0036109 -0.160249 0)
(-0.00382431 -0.155415 0)
(-0.00402572 -0.150317 0)
(-0.00421468 -0.144973 0)
(-0.00439074 -0.1394 0)
(-0.00455345 -0.133615 0)
(-0.00470243 -0.127637 0)
(-0.00483731 -0.121484 0)
(-0.00495778 -0.115176 0)
(-0.00506358 -0.108731 0)
(-0.00515451 -0.102168 0)
(-0.00523043 -0.0955074 0)
(-0.00529126 -0.088767 0)
(-0.00533699 -0.0819657 0)
(-0.00536771 -0.075122 0)
(-0.00538359 -0.0682536 0)
(-0.00538494 -0.0613776 0)
(-0.00537221 -0.0545103 0)
(-0.00534605 -0.0476671 0)
(-0.00530745 -0.0408619 0)
(-0.00525785 -0.0341073 0)
(-0.00519949 -0.027414 0)
(-0.00513604 -0.0207897 0)
(-0.00507433 -0.0142386 0)
(-0.00502359 -0.00776131 0)
(-0.00498483 -0.00138059 0)
(-0.00504862 0.00492972 0)
(-0.00502502 0.0110702 0)
(-0.00506313 0.0169281 0)
(-0.0051048 0.0225249 0)
(-0.0051363 0.0278911 0)
(-0.00515662 0.0330354 0)
)
;

boundaryField
{
    leftWall
    {
        type            fixedValue;
        value           uniform (0 0 0);
    }
    rightWall
    {
        type            fixedValue;
        value           nonuniform 0();
    }
    lowerWall
    {
        type            fixedValue;
        value           nonuniform 0();
    }
    atmosphere
    {
        type            pressureInletOutletVelocity;
        value           nonuniform List<vector> 
45
(
(0 -0.185759 0)
(0 -0.192205 0)
(0 -0.191528 0)
(0 -0.190699 0)
(0 -0.189362 0)
(0 -0.187595 0)
(0 -0.185419 0)
(0 -0.182856 0)
(0 -0.179924 0)
(0 -0.176638 0)
(0 -0.173013 0)
(0 -0.169063 0)
(0 -0.164804 0)
(0 -0.160249 0)
(0 -0.155415 0)
(0 -0.150317 0)
(0 -0.144973 0)
(0 -0.1394 0)
(0 -0.133615 0)
(0 -0.127637 0)
(0 -0.121484 0)
(0 -0.115176 0)
(0 -0.108731 0)
(0 -0.102168 0)
(0 -0.0955074 0)
(0 -0.088767 0)
(0 -0.0819657 0)
(0 -0.075122 0)
(0 -0.0682536 0)
(0 -0.0613776 0)
(0 -0.0545103 0)
(0 -0.0476671 0)
(0 -0.0408619 0)
(0 -0.0341073 0)
(0 -0.027414 0)
(0 -0.0207897 0)
(0 -0.0142386 0)
(0 -0.00776131 0)
(0 -0.00138059 0)
(-0.00504862 0.00492972 0)
(-0.00502502 0.0110702 0)
(-0.00506313 0.0169281 0)
(-0.0051048 0.0225249 0)
(-0.0051363 0.0278911 0)
(-0.00515662 0.0330354 0)
)
;
    }
    defaultFaces
    {
        type            empty;
    }
    procBoundary2to0
    {
        type            processor;
        value           nonuniform List<vector> 
46
(
(0.757794 -1.24999 0)
(0.727849 -0.889031 0)
(0.651536 -0.449545 0)
(0.538456 0.00806675 0)
(0.247797 0.170827 0)
(0.0500612 -0.612524 0)
(-0.00887055 0.16552 0)
(0.0623236 1.18066 0)
(-0.161137 1.12408 0)
(-0.173918 1.01445 0)
(-0.224919 0.941903 0)
(-0.236544 0.88832 0)
(-0.24384 0.844436 0)
(-0.23998 0.809723 0)
(-0.230828 0.780804 0)
(-0.21697 0.756458 0)
(-0.199787 0.735278 0)
(-0.180076 0.716315 0)
(-0.158474 0.698776 0)
(-0.135491 0.682034 0)
(-0.111546 0.665585 0)
(-0.087009 0.649017 0)
(-0.0622118 0.632 0)
(-0.037499 0.614274 0)
(-0.0131694 0.595653 0)
(-0.0045436 -0.793258 0)
(0.000477148 -0.821087 0)
(0.0102032 -0.833864 0)
(0.01176 -0.836767 0)
(0.0204608 -0.849569 0)
(0.0266647 -0.863965 0)
(0.0353522 -0.884065 0)
(0.0449507 -0.909823 0)
(0.055495 -0.942084 0)
(0.0666245 -0.981562 0)
(0.0789521 -1.02794 0)
(0.0938004 -1.0834 0)
(0.112074 -1.14891 0)
(0.135004 -1.2262 0)
(0.165076 -1.31777 0)
(0.208761 -1.42998 0)
(0.278381 -1.56286 0)
(0.373275 -1.67605 0)
(0.467108 -1.69588 0)
(0.54495 -1.53708 0)
(0.54495 -1.53708 0)
)
;
    }
    procBoundary2to3
    {
        type            processor;
        value           nonuniform List<vector> 
43
(
(-0.0100381 0.552501 0)
(-0.0296014 0.529632 0)
(-0.048136 0.507172 0)
(-0.0655442 0.484969 0)
(-0.0817244 0.462918 0)
(-0.0965811 0.440953 0)
(-0.110023 0.419066 0)
(-0.121977 0.397293 0)
(-0.1324 0.3757 0)
(-0.141279 0.354375 0)
(-0.148627 0.333415 0)
(-0.154481 0.312915 0)
(-0.158894 0.292969 0)
(-0.161939 0.273663 0)
(-0.163703 0.255072 0)
(-0.164281 0.237257 0)
(-0.163774 0.220264 0)
(-0.162286 0.204126 0)
(-0.15992 0.188864 0)
(-0.156775 0.174488 0)
(-0.152946 0.160996 0)
(-0.148522 0.148377 0)
(-0.143587 0.136614 0)
(-0.138215 0.125683 0)
(-0.132473 0.115558 0)
(-0.126421 0.106208 0)
(-0.120115 0.0976018 0)
(-0.113598 0.0897044 0)
(-0.106912 0.082482 0)
(-0.100089 0.0759015 0)
(-0.0931562 0.0699313 0)
(-0.0861367 0.0645416 0)
(-0.0790481 0.059705 0)
(-0.0719042 0.0553962 0)
(-0.0647153 0.0515929 0)
(-0.0574886 0.0482762 0)
(-0.0502288 0.0454309 0)
(-0.0429389 0.0430463 0)
(-0.0356202 0.0411158 0)
(-0.0282741 0.0396385 0)
(-0.0209021 0.0386142 0)
(-0.0135396 0.0380829 0)
(-0.00516523 0.0379647 0)
)
;
    }
}


// ************************************************************************* //
