/*--------------------------------*- C++ -*----------------------------------*\
| =========                 |                                                 |
| \\      /  F ield         | OpenFOAM: The Open Source CFD Toolbox           |
|  \\    /   O peration     | Version:  3.0.1                                 |
|   \\  /    A nd           | Web:      www.OpenFOAM.org                      |
|    \\/     M anipulation  |                                                 |
\*---------------------------------------------------------------------------*/
FoamFile
{
    version     2.0;
    format      ascii;
    class       volScalarField;
    location    "0.3";
    object      p;
}
// * * * * * * * * * * * * * * * * * * * * * * * * * * * * * * * * * * * * * //

dimensions      [1 -1 -2 0 0 0 0];

internalField   nonuniform List<scalar> 
1935
(
1277.77
1278.98
1281.27
1281.95
1280.48
1277.03
1272.46
1267.5
1262.49
1257.53
1252.65
1247.79
1242.93
1238.03
1233.09
1228.14
1223.22
1218.43
1213.85
1209.61
1205.82
1202.64
1200.23
1198.75
1198.39
1199.36
1201.89
1206.21
1212.67
1221.65
1233.33
1247.81
1265.36
1286.08
1309.7
1335.15
1360.14
1381.06
1393.87
1397.85
1400.63
1389.99
1354.85
1338.97
1229.93
1231.12
1233.41
1234.08
1232.58
1229.15
1224.64
1219.75
1214.8
1209.9
1205.05
1200.21
1195.34
1190.42
1185.46
1180.48
1175.53
1170.7
1166.09
1161.81
1157.98
1154.75
1152.28
1150.75
1150.33
1151.23
1153.66
1157.83
1163.92
1172.02
1182.57
1195.85
1212.09
1231.43
1253.79
1278.59
1304.33
1327.82
1345.01
1353.68
1358.87
1351.63
1295.35
1243.95
1181.3
1182.51
1184.77
1185.42
1183.89
1180.5
1176.1
1171.34
1166.53
1161.73
1156.93
1152.11
1147.23
1142.28
1137.27
1132.23
1127.22
1122.33
1117.64
1113.27
1109.36
1106.05
1103.48
1101.83
1101.29
1102.05
1104.3
1108.26
1114.12
1122.11
1132.4
1145.19
1160.49
1178.17
1197.92
1219.13
1240.84
1261.94
1280.63
1294.35
1300.71
1292.66
1240
1182.7
1131.96
1133.18
1135.4
1136.02
1134.46
1131.12
1126.88
1122.33
1117.69
1113.02
1108.31
1103.51
1098.61
1093.61
1088.52
1083.4
1078.29
1073.3
1068.5
1064.02
1059.98
1056.53
1053.81
1052
1051.28
1051.82
1053.84
1057.52
1063.05
1070.63
1080.37
1092.4
1106.7
1123.1
1141.17
1160.18
1179.13
1197.01
1212.82
1225.53
1231.39
1226.12
1194.54
1164.25
1081.93
1083.15
1085.34
1085.91
1084.32
1081.08
1077.05
1072.73
1068.31
1063.8
1059.17
1054.39
1049.46
1044.38
1039.2
1033.96
1028.74
1023.6
1018.66
1014.03
1009.82
1006.19
1003.27
1001.24
1000.27
1000.54
1002.25
1005.58
1010.7
1017.78
1026.92
1038.18
1051.53
1066.75
1083.44
1100.94
1118.33
1134.53
1148.38
1159.28
1165.69
1166.94
1160.89
1161.73
1031.29
1032.5
1034.65
1035.16
1033.56
1030.45
1026.66
1022.62
1018.43
1014.07
1009.52
1004.74
999.761
994.596
989.294
983.918
978.538
973.24
968.122
963.293
958.876
955.009
951.84
949.532
948.258
948.196
949.529
952.434
957.076
963.592
972.074
982.552
994.954
1009.07
1024.5
1040.69
1056.85
1072.08
1085.42
1096.36
1104.92
1112.88
1123.51
1147.26
980.119
981.28
983.39
983.839
982.237
979.293
975.773
972.013
968.054
963.847
959.352
954.566
949.512
944.234
938.791
933.251
927.691
922.196
916.863
911.799
907.126
902.978
899.503
896.86
895.218
894.754
895.643
898.058
902.152
908.05
915.827
925.498
936.974
950.044
964.346
979.366
994.453
1008.91
1022.07
1033.66
1044.15
1055.86
1073.38
1106.21
928.506
929.575
931.631
932.015
930.437
927.682
924.443
920.958
917.209
913.125
908.667
903.844
898.697
893.287
887.681
881.953
876.184
870.46
864.874
859.534
854.557
850.077
846.238
843.197
841.123
840.187
840.563
842.418
845.899
851.123
858.162
867.004
877.571
889.658
902.93
916.924
931.085
944.835
957.7
969.536
980.792
993.327
1010.88
1041.01
876.501
877.47
879.444
879.76
878.224
875.672
872.708
869.476
865.905
861.908
857.456
852.57
847.309
841.744
835.953
830.015
824.008
818.021
812.144
806.482
801.152
796.283
792.019
788.516
785.939
784.458
784.246
785.467
788.266
792.757
799.008
807.011
816.684
827.836
840.156
853.226
866.542
879.588
891.931
903.391
914.187
925.31
938.657
957.825
824.163
825.028
826.89
827.135
825.655
823.308
820.599
817.582
814.146
810.196
805.714
800.738
795.339
789.6
783.602
777.427
771.154
764.867
758.658
752.627
746.89
741.574
736.82
732.783
729.627
727.523
726.642
727.149
729.191
732.884
738.299
745.437
754.22
764.468
775.896
788.108
800.622
812.922
824.518
835.033
844.257
852.064
858.224
860.419
771.059
771.845
773.554
773.719
772.303
770.15
767.663
764.815
761.464
757.518
752.97
747.874
742.313
736.376
730.147
723.705
717.131
710.504
703.914
697.461
691.255
685.422
680.103
675.449
671.627
668.806
667.16
666.857
668.051
670.864
675.376
681.603
689.478
698.838
709.414
720.818
732.566
744.093
754.786
763.961
770.842
773.915
771.053
750.35
716.984
717.7
719.223
719.297
717.941
715.959
713.649
710.915
707.594
703.604
698.953
693.707
687.958
681.797
675.307
668.566
661.649
654.635
647.61
640.67
633.926
627.498
621.526
616.161
611.569
607.921
605.396
604.167
604.398
606.226
609.748
614.996
621.927
630.406
640.164
650.815
661.858
672.658
682.444
690.191
694.586
692.791
681.621
644.065
662.193
662.843
664.151
664.114
662.806
660.959
658.771
656.09
652.743
648.662
643.871
638.446
632.482
626.069
619.287
612.209
604.907
597.455
589.937
582.446
575.088
567.982
561.263
555.083
549.608
545.013
541.479
539.191
538.327
539.044
541.463
545.647
551.59
559.187
568.174
578.165
588.627
598.853
607.927
614.555
617.081
612.16
596.749
558.357
606.706
607.291
608.355
608.185
606.9
605.144
603.018
600.326
596.897
592.679
587.712
582.078
575.872
569.177
562.067
554.611
546.876
538.931
530.856
522.742
514.689
506.812
499.24
492.126
485.637
479.953
475.259
471.75
469.626
469.075
470.25
473.258
478.134
484.816
493.079
502.552
512.662
522.64
531.451
537.642
539.417
533.737
517.862
485.374
550.537
551.057
551.847
551.513
550.221
548.504
546.376
543.61
540.044
535.646
530.467
524.595
518.116
511.106
503.629
495.748
487.526
479.027
470.324
461.505
452.664
443.908
435.357
427.163
419.498
412.542
406.479
401.521
397.906
395.872
395.625
397.345
401.145
406.941
414.525
423.575
433.563
443.7
452.837
459.48
461.775
457.126
442.874
415.653
493.702
494.151
494.628
494.092
492.758
491.028
488.834
485.932
482.177
477.555
472.132
465.99
459.205
451.84
443.948
435.59
426.82
417.695
408.279
398.657
388.917
379.147
369.445
359.972
350.907
342.429
334.711
327.991
322.572
318.753
316.789
316.971
319.652
324.872
332.193
341.115
351.429
362.385
372.64
380.677
384.526
381.862
370.482
348.343
436.205
436.564
436.682
435.897
434.489
432.701
430.382
427.285
423.289
418.404
412.702
406.257
399.129
391.362
383
374.099
364.708
354.87
344.631
334.082
323.308
312.367
301.324
290.391
279.805
269.739
260.312
251.828
244.653
239.031
235.144
233.324
233.986
237.687
244.465
253.277
264.262
276.532
288.852
299.953
307.207
307.99
300.905
284.853
378.02
378.25
377.987
376.929
375.407
373.521
371.02
367.667
363.379
358.19
352.172
345.388
337.873
329.649
320.741
311.223
301.133
290.494
279.327
267.783
255.976
243.925
231.603
219.468
207.848
196.79
186.165
176.494
168.117
160.964
155.072
151.127
150.422
153.165
157.141
165.464
177.958
191.459
205.102
218.86
229.284
234.058
232.69
224.017
319.048
319.093
318.467
317.178
315.498
313.471
310.729
307.055
302.418
296.879
290.511
283.356
275.417
266.692
257.181
247.027
236.281
224.921
212.889
200.598
188.237
175.634
162.308
149.275
136.807
124.573
111.62
98.9835
88.0202
78.288
69.515
62.2258
58.2558
57.7785
58.9941
65.2913
78.8982
97.044
118.358
141.092
155.157
162.791
166.528
164.65
259.212
258.761
257.799
256.533
254.735
252.558
249.501
245.425
240.395
234.492
227.79
220.306
212.011
202.851
192.769
182.152
171.052
159.309
146.437
133.524
120.743
107.65
92.1337
76.2906
61.826
48.5319
33.2584
20.1543
11.6935
6.77634
3.85573
2.12995
1.35378
1.08915
1.91668
3.38094
5.63247
10.8895
26.0058
55.6764
77.4973
93.2654
105.213
109.287
199.115
197.16
196.105
195.461
193.564
191.144
187.607
183.027
177.612
171.417
164.478
156.791
148.3
138.845
128.064
116.921
105.402
93.3058
78.6133
64.0565
51.0086
39.232
23.6691
12.6428
5.71597
1.31238
-1.82901
-1.98228
-2.02027
-2.09049
-2.16901
-2.21085
-2.21755
-2.13122
-2.03776
-2.1694
-2.25793
-1.89679
-1.11269
0.985229
6.99377
21.0945
39.921
52.9823
61.2754
141.111
136.365
135.102
135.179
132.596
129.593
125.3
120.07
114.255
107.713
100.436
92.443
83.7053
74.0765
61.9044
50.6142
40.1198
30.6708
17.726
9.5109
4.18938
0.3513
-2.01596
-2.12305
-2.29993
-2.42027
-2.38717
-2.36336
-2.366
-2.38799
-2.42176
-2.45442
-2.48132
-2.51118
-2.59247
-2.71672
-2.79358
-2.7933
-2.83468
-2.95915
-2.63962
-1.63002
1.34316
8.28913
18.3839
88.842
80.0307
72.5108
73.1066
70.2664
67.1123
61.9308
56.1633
50.2983
44.1716
37.8207
31.3715
24.8789
18.3091
10.1458
5.49964
1.95719
-0.778394
-2.21487
-2.28036
-2.33493
-2.34228
-2.30826
-2.34989
-2.42342
-2.5045
-2.54572
-2.55692
-2.5664
-2.59724
-2.63806
-2.67843
-2.72001
-2.77025
-2.84339
-2.94138
-3.05037
-3.14238
-3.19719
-3.20161
-3.12548
-3.13125
-3.3131
-3.32058
-2.63245
48.0218
31.8318
14.2484
16.8958
17.0137
15.7155
11.7524
8.71614
6.40847
4.15162
2.04346
0.137233
-1.54017
-2.4919
-2.46855
-2.54072
-2.56669
-2.52654
-2.46142
-2.44316
-2.43193
-2.43284
-2.43798
-2.46474
-2.52729
-2.61361
-2.68953
-2.74315
-2.78461
-2.82624
-2.86681
-2.90527
-2.94553
-2.99239
-3.05761
-3.14773
-3.26314
-3.36428
-3.39865
-3.35911
-3.29002
-3.29106
-3.40944
-3.69845
-4.1863
23.0474
1.97049
-2.49409
-2.23235
-2.38784
-2.71465
-2.68735
-2.7397
-2.78263
-2.80412
-2.81439
-2.81396
-2.79345
-2.71715
-2.67095
-2.65347
-2.64448
-2.62054
-2.58373
-2.5509
-2.53114
-2.53145
-2.55241
-2.59887
-2.67677
-2.77664
-2.87587
-2.96054
-3.02484
-3.07254
-3.1102
-3.1436
-3.17669
-3.21395
-3.26209
-3.32843
-3.41935
-3.51522
-3.56101
-3.49518
-3.42302
-3.50966
-3.75013
-4.09072
-4.34663
-0.213411
-2.88817
-2.89417
-2.90421
-2.90305
-2.87685
-2.85232
-2.84592
-2.85652
-2.86709
-2.8722
-2.86857
-2.85136
-2.81406
-2.77908
-2.75592
-2.74037
-2.72087
-2.69651
-2.67205
-2.65458
-2.65677
-2.68663
-2.74778
-2.84582
-2.96674
-3.08164
-3.18205
-3.25896
-3.31188
-3.35175
-3.38657
-3.41729
-3.44382
-3.46882
-3.49961
-3.55617
-3.66284
-3.76747
-3.74502
-3.76429
-3.93175
-4.23868
-4.4425
-4.59092
-3.03462
-3.0415
-2.98582
-2.9684
-2.96539
-2.95441
-2.94103
-2.93495
-2.93761
-2.942
-2.94357
-2.93936
-2.92661
-2.90503
-2.88282
-2.86484
-2.85038
-2.83514
-2.8182
-2.80041
-2.78647
-2.79395
-2.83283
-2.90271
-3.02277
-3.15989
-3.27103
-3.36949
-3.45092
-3.50711
-3.55499
-3.60352
-3.6482
-3.67925
-3.69527
-3.70605
-3.74677
-3.88364
-4.06465
-4.15639
-4.23982
-4.36853
-4.51855
-4.62341
-4.72555
-3.0938
-3.07305
-3.05497
-3.04529
-3.04161
-3.03535
-3.02786
-3.02365
-3.02354
-3.02471
-3.02445
-3.02081
-3.01249
-2.99995
-2.98649
-2.97462
-2.96442
-2.95456
-2.94504
-2.93435
-2.92624
-2.94679
-3.00372
-3.08092
-3.19857
-3.32591
-3.43195
-3.52752
-3.60184
-3.65658
-3.71496
-3.78544
-3.85682
-3.90815
-3.93659
-3.95226
-3.99317
-4.13101
-4.34621
-4.5462
-4.57507
-4.59512
-4.64921
-4.72967
-4.82687
-3.16744
-3.15918
-3.14063
-3.13006
-3.12398
-3.11886
-3.114
-3.11095
-3.11019
-3.11042
-3.11007
-3.10798
-3.10358
-3.09731
-3.09072
-3.08521
-3.08105
-3.07852
-3.07805
-3.07718
-3.07951
-3.11865
-3.19521
-3.27201
-3.37785
-3.49287
-3.59498
-3.68441
-3.75546
-3.81555
-3.88977
-3.98169
-4.06804
-4.13464
-4.17848
-4.20942
-4.24836
-4.34358
-4.50762
-4.69089
-4.73099
-4.72024
-4.75715
-4.8308
-4.92079
-3.24774
-3.24023
-3.22279
-3.2145
-3.20873
-3.2043
-3.2009
-3.19892
-3.19853
-3.19907
-3.19965
-3.19959
-3.19873
-3.19741
-3.19658
-3.19712
-3.19949
-3.20498
-3.21403
-3.22645
-3.24832
-3.30218
-3.37593
-3.45568
-3.54729
-3.65776
-3.76283
-3.85278
-3.92637
-3.99794
-4.08906
-4.20647
-4.32661
-4.41994
-4.46723
-4.48858
-4.49243
-4.52581
-4.60866
-4.71534
-4.76392
-4.78883
-4.83748
-4.91201
-5.00149
-3.32915
-3.32169
-3.30748
-3.30021
-3.29516
-3.29151
-3.28926
-3.28839
-3.28886
-3.29033
-3.2923
-3.29443
-3.29672
-3.29951
-3.3035
-3.30939
-3.3179
-3.33057
-3.34828
-3.37321
-3.41581
-3.47166
-3.53177
-3.61344
-3.70679
-3.81215
-3.90033
-3.9783
-4.0596
-4.15272
-4.26837
-4.40622
-4.57256
-4.72593
-4.81439
-4.80096
-4.73674
-4.69829
-4.70039
-4.73256
-4.76847
-4.81722
-4.88752
-4.9736
-5.07051
-3.41139
-3.40479
-3.39338
-3.3871
-3.38296
-3.38026
-3.3791
-3.37937
-3.38095
-3.38363
-3.3872
-3.3915
-3.39661
-3.40288
-3.4109
-3.42132
-3.43503
-3.45329
-3.47752
-3.50967
-3.55617
-3.61029
-3.67071
-3.74757
-3.83876
-3.92228
-3.99668
-4.07424
-4.16131
-4.26255
-4.3841
-4.53211
-4.71294
-4.91177
-5.04832
-5.06581
-4.97704
-4.85526
-4.78808
-4.7626
-4.77565
-4.83163
-4.91947
-5.02143
-5.12914
-3.49346
-3.48789
-3.47978
-3.4749
-3.4719
-3.47033
-3.47032
-3.47177
-3.47457
-3.47863
-3.48385
-3.4902
-3.49783
-3.50706
-3.51841
-3.53252
-3.55028
-3.57267
-3.60094
-3.63619
-3.68108
-3.73378
-3.79303
-3.86166
-3.93864
-4.01346
-4.08644
-4.16339
-4.24943
-4.34792
-4.46407
-4.60425
-4.76838
-4.95579
-5.12835
-5.19472
-5.11817
-4.96968
-4.85605
-4.79328
-4.7882
-4.84727
-4.94802
-5.06353
-5.18125
-3.57577
-3.57153
-3.56679
-3.56361
-3.56189
-3.56158
-3.56277
-3.56545
-3.56953
-3.575
-3.58185
-3.59012
-3.59998
-3.61172
-3.6258
-3.64285
-3.66361
-3.68896
-3.71967
-3.75654
-3.80062
-3.85153
-3.90783
-3.97007
-4.0377
-4.10669
-4.17615
-4.24894
-4.32891
-4.4181
-4.51879
-4.63634
-4.77113
-4.91093
-5.05005
-5.13347
-5.10129
-4.9846
-4.87339
-4.80549
-4.80559
-4.87503
-4.98541
-5.10969
-5.23379
-3.65916
-3.65643
-3.65469
-3.65329
-3.65294
-3.65392
-3.65636
-3.66027
-3.66565
-3.67251
-3.68092
-3.69095
-3.70277
-3.71665
-3.733
-3.75235
-3.77534
-3.80266
-3.83487
-3.87239
-3.91564
-3.96454
-4.018
-4.0757
-4.13719
-4.20074
-4.2656
-4.33306
-4.40534
-4.48312
-4.56656
-4.65682
-4.75419
-4.85126
-4.93155
-4.97754
-4.96368
-4.91212
-4.84403
-4.80983
-4.83703
-4.92095
-5.03717
-5.16402
-5.29137
-3.74432
-3.74312
-3.74378
-3.74404
-3.74504
-3.74732
-3.751
-3.75613
-3.76277
-3.77098
-3.78083
-3.79246
-3.80602
-3.82174
-3.83997
-3.86115
-3.8858
-3.91445
-3.94751
-3.98517
-4.02755
-4.07452
-4.12533
-4.17942
-4.23633
-4.29517
-4.35531
-4.41721
-4.48168
-4.5486
-4.61727
-4.68665
-4.75442
-4.81514
-4.85957
-4.87851
-4.86849
-4.84162
-4.82153
-4.8328
-4.88962
-4.98497
-5.1017
-5.22641
-5.35506
-3.83167
-3.83188
-3.83429
-3.83597
-3.83824
-3.84174
-3.84661
-3.85292
-3.86076
-3.87023
-3.88144
-3.8945
-3.90958
-3.92689
-3.9467
-3.96937
-3.99529
-4.02486
-4.05836
-4.09589
-4.13739
-4.18266
-4.23113
-4.2822
-4.33539
-4.39012
-4.44576
-4.50224
-4.55961
-4.61734
-4.67434
-4.72906
-4.77873
-4.81924
-4.84614
-4.85686
-4.8548
-4.85073
-4.85874
-4.8954
-4.96559
-5.06231
-5.17758
-5.30187
-5.42962
-3.92138
-3.92272
-3.92629
-3.92912
-3.93252
-3.93715
-3.94312
-3.95054
-3.95951
-3.97016
-3.98259
-3.99694
-4.01336
-4.03203
-4.05318
-4.07707
-4.104
-4.13423
-4.16796
-4.2052
-4.24585
-4.28962
-4.33604
-4.38456
-4.43468
-4.48587
-4.53758
-4.58939
-4.64097
-4.69158
-4.74003
-4.78482
-4.82402
-4.85531
-4.87719
-4.89029
-4.89894
-4.91152
-4.93792
-4.98688
-5.06136
-5.15792
-5.26974
-5.39073
-5.51589
-4.01334
-4.01552
-4.01977
-4.0235
-4.02788
-4.0335
-4.04047
-4.04891
-4.05892
-4.07065
-4.0842
-4.0997
-4.11729
-4.13714
-4.15942
-4.18432
-4.21205
-4.24279
-4.27662
-4.31354
-4.35339
-4.39587
-4.44056
-4.48696
-4.53457
-4.58287
-4.63133
-4.67943
-4.72664
-4.77223
-4.81517
-4.8543
-4.88845
-4.91667
-4.93896
-4.95716
-4.97552
-5.00035
-5.03847
-5.09517
-5.17217
-5.26715
-5.37559
-5.49283
-5.61481
-4.10733
-4.11005
-4.11467
-4.11907
-4.12426
-4.13073
-4.1386
-4.14795
-4.15892
-4.17163
-4.18619
-4.20272
-4.22135
-4.24221
-4.26545
-4.2912
-4.31959
-4.35072
-4.38462
-4.42123
-4.46039
-4.50182
-4.54512
-4.58985
-4.63549
-4.68157
-4.72755
-4.77291
-4.81712
-4.85954
-4.8994
-4.93598
-4.96871
-4.9975
-5.02311
-5.04768
-5.07481
-5.10917
-5.15548
-5.21719
-5.29538
-5.38861
-5.49378
-5.60739
-5.7261
-4.20305
-4.20608
-4.21084
-4.21573
-4.22158
-4.22877
-4.23741
-4.24759
-4.25943
-4.27303
-4.28851
-4.30597
-4.32552
-4.34727
-4.37134
-4.3978
-4.42675
-4.45823
-4.4922
-4.52858
-4.56721
-4.60786
-4.65015
-4.69365
-4.73789
-4.7824
-4.8267
-4.87032
-4.91277
-4.95356
-4.9922
-5.02828
-5.06172
-5.09289
-5.12291
-5.1538
-5.18851
-5.23053
-5.28318
-5.34881
-5.42817
-5.52031
-5.62309
-5.73396
-5.8501
-4.30019
-4.30333
-4.30811
-4.31336
-4.31972
-4.32753
-4.33685
-4.34777
-4.36039
-4.37481
-4.39113
-4.40943
-4.42981
-4.45236
-4.47716
-4.50427
-4.53373
-4.56555
-4.59965
-4.63592
-4.67425
-4.71444
-4.75611
-4.79884
-4.84222
-4.88582
-4.92923
-4.97201
-5.0138
-5.05424
-5.09306
-5.13015
-5.16569
-5.2003
-5.23517
-5.27213
-5.31354
-5.36203
-5.42
-5.4891
-5.56987
-5.66166
-5.763
-5.87209
-5.98673
-4.39845
-4.40158
-4.40631
-4.41181
-4.41861
-4.42693
-4.43685
-4.44844
-4.46177
-4.47694
-4.49403
-4.51312
-4.53427
-4.55756
-4.58305
-4.61078
-4.64076
-4.67297
-4.70732
-4.74369
-4.78204
-4.82212
-4.86356
-4.90598
-4.94903
-4.99233
-5.03554
-5.07831
-5.12034
-5.16143
-5.20147
-5.24055
-5.27902
-5.31761
-5.35745
-5.40015
-5.44759
-5.5018
-5.56453
-5.637
-5.7196
-5.81187
-5.91266
-6.0205
-6.13449
-4.49755
-4.5006
-4.50528
-4.51098
-4.51813
-4.52691
-4.53736
-4.54955
-4.56354
-4.57942
-4.59725
-4.61708
-4.63898
-4.663
-4.68919
-4.71756
-4.74812
-4.78084
-4.81562
-4.85238
)
;

boundaryField
{
    leftWall
    {
        type            calculated;
        value           nonuniform List<scalar> 
44
(
1277.77
1229.93
1181.3
1131.96
1081.93
1031.29
980.119
928.506
876.501
824.163
771.059
716.984
662.193
606.706
550.537
493.702
436.205
378.02
319.048
259.212
199.115
141.111
88.842
48.0218
23.0474
-0.213411
-3.03462
-3.0938
-3.16744
-3.24774
-3.32915
-3.41139
-3.49346
-3.57577
-3.65916
-3.74432
-3.83167
-3.92138
-4.01334
-4.10733
-4.20305
-4.30019
-4.39845
-4.49755
)
;
    }
    rightWall
    {
        type            calculated;
        value           nonuniform 0();
    }
    lowerWall
    {
        type            calculated;
        value           nonuniform List<scalar> 
44
(
1301.31
1302.52
1304.82
1305.49
1304.02
1300.57
1296
1291.04
1286.03
1281.08
1276.19
1271.33
1266.47
1261.57
1256.63
1251.68
1246.77
1241.97
1237.4
1233.15
1229.37
1226.18
1223.77
1222.29
1221.93
1222.91
1225.43
1229.76
1236.21
1245.2
1256.87
1271.36
1288.9
1309.63
1333.25
1358.69
1383.69
1404.6
1417.41
1420.87
1419.67
1409.47
1378.32
1362.44
)
;
    }
    atmosphere
    {
        type            calculated;
        value           nonuniform 0();
    }
    defaultFaces
    {
        type            empty;
    }
    procBoundary0to1
    {
        type            processor;
        value           nonuniform List<scalar> 
44
(
1374.91
1266.91
1195.85
1181.14
1195.2
1195.3
1160.62
1088.55
984.432
857.801
705.804
578.153
495.739
430.566
369.165
311.584
257.998
206.673
155.889
107.54
107.54
62.8574
25.0401
0.75636
-4.49282
-4.55501
-4.75001
-4.85613
-4.94242
-5.0272
-5.10576
-5.17728
-5.24141
-5.30007
-5.35739
-5.4175
-5.48288
-5.55692
-5.64145
-5.73797
-5.84657
-5.968
-6.10303
-6.25138
)
;
    }
    procBoundary0to2
    {
        type            processor;
        value           nonuniform List<scalar> 
46
(
-4.89101
-4.93128
-4.97286
-5.0154
-5.0586
-5.10216
-5.14578
-5.18921
-5.23224
-5.27476
-5.31679
-5.35856
-5.40049
-5.44335
-5.48818
-5.53632
-5.58935
-5.64881
-5.71606
-5.79201
-5.87699
-5.97065
-6.0721
-6.17997
-6.29305
-4.59728
-4.60022
-4.60485
-4.61073
-4.61818
-4.62736
-4.6383
-4.65105
-4.66567
-4.68222
-4.70075
-4.72131
-4.74396
-4.76874
-4.79566
-4.82475
-4.85599
-4.88934
-4.92473
-4.89101
-4.96206
)
;
    }
}


// ************************************************************************* //
