/*--------------------------------*- C++ -*----------------------------------*\
| =========                 |                                                 |
| \\      /  F ield         | OpenFOAM: The Open Source CFD Toolbox           |
|  \\    /   O peration     | Version:  3.0.1                                 |
|   \\  /    A nd           | Web:      www.OpenFOAM.org                      |
|    \\/     M anipulation  |                                                 |
\*---------------------------------------------------------------------------*/
FoamFile
{
    version     2.0;
    format      ascii;
    class       volScalarField;
    location    "0.3";
    object      p_rgh;
}
// * * * * * * * * * * * * * * * * * * * * * * * * * * * * * * * * * * * * * //

dimensions      [1 -1 -2 0 0 0 0];

internalField   nonuniform List<scalar> 
1935
(
1301.31
1302.52
1304.82
1305.49
1304.02
1300.57
1296
1291.04
1286.03
1281.08
1276.19
1271.33
1266.47
1261.57
1256.63
1251.68
1246.77
1241.97
1237.4
1233.15
1229.37
1226.18
1223.77
1222.29
1221.93
1222.91
1225.43
1229.76
1236.21
1245.2
1256.87
1271.36
1288.9
1309.63
1333.25
1358.69
1383.69
1404.6
1417.41
1420.87
1419.67
1409.47
1378.32
1362.44
1300.56
1301.75
1304.04
1304.71
1303.22
1299.78
1295.27
1290.38
1285.44
1280.53
1275.68
1270.84
1265.97
1261.05
1256.09
1251.11
1246.16
1241.34
1236.72
1232.44
1228.61
1225.38
1222.91
1221.38
1220.96
1221.86
1224.29
1228.46
1234.55
1242.65
1253.2
1266.48
1282.72
1302.06
1324.42
1349.22
1374.96
1398.45
1415.64
1424.31
1427.34
1410.09
1357.25
1313.93
1299.02
1300.23
1302.49
1303.14
1301.61
1298.21
1293.81
1289.06
1284.25
1279.45
1274.65
1269.83
1264.95
1260
1254.99
1249.95
1244.94
1240.04
1235.36
1230.99
1227.08
1223.76
1221.2
1219.55
1219.01
1219.76
1222.02
1225.97
1231.83
1239.83
1250.12
1262.9
1278.2
1295.89
1315.64
1336.85
1358.56
1379.66
1398.35
1412.07
1418.43
1401.58
1338.11
1280.84
1296.76
1297.98
1300.21
1300.82
1299.26
1295.93
1291.69
1287.13
1282.5
1277.83
1273.11
1268.31
1263.41
1258.41
1253.33
1248.2
1243.1
1238.1
1233.31
1228.83
1224.79
1221.33
1218.62
1216.81
1216.08
1216.63
1218.64
1222.32
1227.86
1235.43
1245.17
1257.2
1271.51
1287.91
1305.98
1324.99
1343.93
1361.81
1377.62
1390.34
1396.2
1390.92
1344.95
1301.6
1293.82
1295.04
1297.24
1297.8
1296.21
1292.97
1288.94
1284.63
1280.21
1275.69
1271.06
1266.28
1261.35
1256.27
1251.09
1245.85
1240.63
1235.49
1230.56
1225.92
1221.72
1218.08
1215.16
1213.13
1212.16
1212.44
1214.14
1217.47
1222.6
1229.67
1238.81
1250.07
1263.42
1278.64
1295.33
1312.83
1330.22
1346.42
1360.28
1371.17
1377.58
1378.83
1372.75
1357.49
1290.27
1291.48
1293.63
1294.14
1292.53
1289.43
1285.64
1281.6
1277.41
1273.05
1268.5
1263.72
1258.74
1253.57
1248.27
1242.9
1237.52
1232.22
1227.1
1222.27
1217.85
1213.99
1210.82
1208.51
1207.24
1207.17
1208.51
1211.41
1216.05
1222.57
1231.05
1241.53
1253.93
1268.05
1283.48
1299.67
1315.83
1331.06
1344.4
1355.34
1363.89
1371.86
1382.49
1406.19
1286.18
1287.35
1289.46
1289.9
1288.3
1285.36
1281.84
1278.08
1274.12
1269.91
1265.42
1260.63
1255.58
1250.3
1244.86
1239.32
1233.76
1228.26
1222.93
1217.86
1213.19
1209.04
1205.57
1202.92
1201.28
1200.82
1201.71
1204.12
1208.22
1214.12
1221.89
1231.56
1243.04
1256.11
1270.41
1285.43
1300.52
1314.97
1328.13
1339.73
1350.21
1361.93
1379.45
1412.27
1281.66
1282.73
1284.78
1285.17
1283.59
1280.83
1277.59
1274.11
1270.36
1266.28
1261.82
1257
1251.85
1246.44
1240.83
1235.11
1229.34
1223.61
1218.03
1212.69
1207.71
1203.23
1199.39
1196.35
1194.28
1193.34
1193.72
1195.57
1199.05
1204.28
1211.31
1220.16
1230.72
1242.81
1256.08
1270.08
1284.24
1297.99
1310.85
1322.69
1333.94
1346.48
1364.04
1394.17
1276.74
1277.71
1279.68
1280
1278.46
1275.91
1272.95
1269.72
1266.14
1262.15
1257.69
1252.81
1247.55
1241.98
1236.19
1230.25
1224.25
1218.26
1212.38
1206.72
1201.39
1196.52
1192.26
1188.76
1186.18
1184.7
1184.49
1185.71
1188.51
1193
1199.25
1207.25
1216.92
1228.07
1240.4
1253.46
1266.78
1279.83
1292.17
1303.63
1314.43
1325.55
1338.9
1358.06
1271.49
1272.35
1274.22
1274.46
1272.98
1270.63
1267.93
1264.91
1261.47
1257.52
1253.04
1248.06
1242.67
1236.93
1230.93
1224.75
1218.48
1212.19
1205.98
1199.95
1194.22
1188.9
1184.15
1180.11
1176.95
1174.85
1173.97
1174.48
1176.52
1180.21
1185.63
1192.76
1201.55
1211.79
1223.22
1235.43
1247.95
1260.25
1271.84
1282.36
1291.58
1299.39
1305.55
1307.75
1265.89
1266.68
1268.39
1268.55
1267.14
1264.99
1262.5
1259.65
1256.3
1252.35
1247.81
1242.71
1237.15
1231.21
1224.98
1218.54
1211.97
1205.34
1198.75
1192.3
1186.09
1180.26
1174.94
1170.28
1166.46
1163.64
1162
1161.69
1162.89
1165.7
1170.21
1176.44
1184.31
1193.67
1204.25
1215.65
1227.4
1238.93
1249.62
1258.8
1265.68
1268.75
1265.89
1245.19
1259.97
1260.69
1262.21
1262.29
1260.93
1258.95
1256.64
1253.9
1250.58
1246.59
1241.94
1236.7
1230.95
1224.79
1218.3
1211.55
1204.64
1197.62
1190.6
1183.66
1176.91
1170.49
1164.51
1159.15
1154.56
1150.91
1148.38
1147.16
1147.39
1149.22
1152.74
1157.98
1164.92
1173.39
1183.15
1193.8
1204.85
1215.65
1225.43
1233.18
1237.57
1235.78
1224.61
1187.05
1253.78
1254.43
1255.74
1255.7
1254.4
1252.55
1250.36
1247.68
1244.33
1240.25
1235.46
1230.04
1224.07
1217.66
1210.88
1203.8
1196.5
1189.04
1181.53
1174.04
1166.68
1159.57
1152.85
1146.67
1141.2
1136.6
1133.07
1130.78
1129.92
1130.63
1133.05
1137.24
1143.18
1150.78
1159.76
1169.75
1180.22
1190.44
1199.52
1206.14
1208.67
1203.75
1188.34
1149.95
1247.35
1247.93
1249
1248.83
1247.54
1245.79
1243.66
1240.97
1237.54
1233.32
1228.35
1222.72
1216.51
1209.82
1202.71
1195.25
1187.52
1179.57
1171.5
1163.38
1155.33
1147.45
1139.88
1132.77
1126.28
1120.59
1115.9
1112.39
1110.27
1109.72
1110.89
1113.9
1118.77
1125.46
1133.72
1143.19
1153.3
1163.28
1172.09
1178.28
1180.06
1174.38
1158.5
1126.02
1240.69
1241.21
1242
1241.66
1240.37
1238.65
1236.52
1233.76
1230.19
1225.79
1220.62
1214.74
1208.26
1201.25
1193.78
1185.9
1177.67
1169.18
1160.47
1151.65
1142.81
1134.06
1125.51
1117.31
1109.65
1102.69
1096.63
1091.67
1088.05
1086.02
1085.77
1087.49
1091.29
1097.09
1104.67
1113.72
1123.71
1133.85
1142.99
1149.63
1151.92
1147.27
1133.02
1105.8
1233.82
1234.27
1234.74
1234.21
1232.87
1231.14
1228.95
1226.05
1222.29
1217.67
1212.25
1206.11
1199.32
1191.96
1184.06
1175.71
1166.94
1157.81
1148.39
1138.77
1129.03
1119.26
1109.56
1100.09
1091.02
1082.54
1074.83
1068.11
1062.69
1058.87
1056.9
1057.09
1059.77
1064.99
1072.31
1081.23
1091.54
1102.5
1112.76
1120.79
1124.64
1121.98
1110.6
1088.46
1226.75
1227.11
1227.23
1226.44
1225.04
1223.25
1220.93
1217.83
1213.84
1208.95
1203.25
1196.8
1189.68
1181.91
1173.55
1164.65
1155.25
1145.42
1135.18
1124.63
1113.85
1102.91
1091.87
1080.94
1070.35
1060.28
1050.86
1042.37
1035.2
1029.58
1025.69
1023.87
1024.53
1028.23
1035.01
1043.82
1054.81
1067.08
1079.4
1090.5
1097.75
1098.54
1091.45
1075.4
1219.47
1219.7
1219.43
1218.37
1216.85
1214.97
1212.47
1209.11
1204.82
1199.64
1193.62
1186.83
1179.32
1171.09
1162.19
1152.67
1142.58
1131.94
1120.77
1109.23
1097.42
1085.37
1073.04
1060.91
1049.29
1038.23
1027.6
1017.92
1009.54
1002.39
996.495
992.574
991.858
994.606
998.586
1006.91
1019.4
1032.9
1046.55
1060.31
1070.73
1075.5
1074.14
1065.46
1211.87
1211.91
1211.28
1209.99
1208.31
1206.29
1203.55
1199.87
1195.23
1189.7
1183.33
1176.17
1168.23
1159.51
1150
1139.84
1129.09
1117.73
1105.7
1093.4
1081.03
1068.42
1055.08
1042.01
1029.47
1017.13
1004.04
990.994
971.146
938.827
896.061
852.565
821.704
813.56
829.248
876.864
971.188
989.861
1011.18
1033.91
1047.97
1055.61
1059.35
1057.47
1203.88
1203.43
1202.46
1201.2
1199.4
1197.22
1194.16
1190.09
1185.06
1179.15
1172.45
1164.96
1156.67
1147.5
1137.42
1126.79
1115.67
1103.91
1090.99
1078.01
1065.08
1051.76
1035.89
1013.4
963.826
878.427
750.052
589.087
429.779
300.82
207.538
146.493
117.965
109.215
121.443
155.516
223.876
362.261
608.404
965.48
1022.16
1038.06
1049.9
1053.95
1196.11
1194.16
1193.06
1192.43
1190.54
1188.12
1184.58
1180
1174.57
1168.37
1161.41
1153.7
1145.18
1135.68
1124.83
1113.54
1101.78
1089.31
1073.82
1044.05
980.474
873.804
705.285
494.218
298.963
149.926
12.2713
-0.983946
-1.02037
-1.09239
-1.17162
-1.2137
-1.22048
-1.13431
-1.04694
-1.05005
-0.924447
-0.0604533
17.4651
123.409
345.89
692.58
1036.69
1049.97
1058.33
1190.92
1186.16
1184.57
1184.71
1182.17
1179.17
1174.85
1169.56
1163.66
1156.97
1149.49
1141.19
1132.06
1121.31
1097.28
1049.05
966.053
844.483
665.394
452.172
261.862
107.743
-0.968333
-1.07086
-1.24736
-1.36837
-1.33739
-1.31194
-1.31517
-1.33782
-1.3718
-1.40452
-1.43144
-1.46132
-1.54333
-1.66796
-1.75082
-1.67281
-1.52951
-1.22646
0.110541
31.1107
194.727
486.991
891.024
1191.94
1182.74
1168.73
1173.32
1170.91
1166.18
1155.9
1138.66
1111.78
1070.54
1011.59
930.695
824.751
687.653
504.051
334.468
189.436
69.8217
-1.112
-1.17717
-1.23182
-1.24387
-1.20514
-1.24573
-1.31802
-1.39856
-1.44
-1.45193
-1.46226
-1.49327
-1.53471
-1.57524
-1.61684
-1.66707
-1.74025
-1.83835
-1.9464
-2.03297
-2.07788
-2.0277
-1.6795
-1.19094
-0.189525
4.9439
80.626
1204.51
914.69
640.421
741.449
743.202
686.963
590.792
493.756
397.088
300.029
208.918
126.482
54.4302
-1.33525
-1.31163
-1.3838
-1.40977
-1.36979
-1.3045
-1.28624
-1.27495
-1.27583
-1.28098
-1.3074
-1.36927
-1.45446
-1.52939
-1.58338
-1.61655
-1.65958
-1.70765
-1.74819
-1.78853
-1.83542
-1.90062
-1.99076
-2.10612
-2.20733
-2.2363
-2.18057
-2.01019
-1.76475
-1.25952
-0.826916
-2.00575
1026.63
163.656
-1.25296
26.8836
20.8846
0.403325
-1.47613
-1.52848
-1.57141
-1.5929
-1.60317
-1.60274
-1.58223
-1.50593
-1.45973
-1.44225
-1.43326
-1.40932
-1.3725
-1.33968
-1.31992
-1.32018
-1.34092
-1.38655
-1.4631
-1.56057
-1.61542
-1.64089
-1.73884
-1.85422
-1.89787
-1.93205
-1.96534
-2.00265
-2.0508
-2.11715
-2.20808
-2.30383
-2.34885
-2.27804
-1.94308
-1.44984
0.643078
-0.869012
-2.89966
121.812
-1.62214
-1.62815
-1.63819
-1.63702
-1.61083
-1.58629
-1.57989
-1.5905
-1.60106
-1.60617
-1.60254
-1.58533
-1.54803
-1.51305
-1.4899
-1.47435
-1.45484
-1.43049
-1.40602
-1.38856
-1.39041
-1.41838
-1.47707
-1.56471
-1.58154
-1.51909
-1.72331
-1.97268
-2.04127
-2.08387
-2.11998
-2.15109
-2.17771
-2.20273
-2.23352
-2.29007
-2.39674
-2.50125
-1.93704
-0.100288
0.167514
-0.0813857
-1.95841
-3.26209
-1.71337
-1.72018
-1.66448
-1.64706
-1.64405
-1.63307
-1.61969
-1.61361
-1.61627
-1.62066
-1.62223
-1.61802
-1.60527
-1.58369
-1.56148
-1.5435
-1.52904
-1.5138
-1.49686
-1.47907
-1.46515
-1.4699
-1.43775
-1.42696
-1.21145
-1.14071
-1.60892
-2.00028
-2.10251
-2.17207
-2.22884
-2.28047
-2.32518
-2.35699
-2.37385
-2.38464
-2.42536
-2.56222
-2.59115
-0.379351
-0.322385
-0.690768
-2.45438
-3.22762
-3.38302
-1.71663
-1.69588
-1.67781
-1.66812
-1.66444
-1.65819
-1.65069
-1.64648
-1.64637
-1.64755
-1.64728
-1.64365
-1.63533
-1.62278
-1.60932
-1.59745
-1.58725
-1.57739
-1.56787
-1.55719
-1.5453
-1.43432
-1.1379
-0.814727
-0.854676
-0.980809
-1.40588
-1.84613
-2.12462
-2.21468
-2.24566
-2.30179
-2.41255
-2.51179
-2.55874
-2.57503
-2.61593
-2.75378
-2.92131
-0.958211
-0.54811
-2.09335
-3.21132
-3.3315
-3.44043
-1.73392
-1.72566
-1.70712
-1.69655
-1.69047
-1.68535
-1.68049
-1.67744
-1.67668
-1.67691
-1.67656
-1.67447
-1.67007
-1.66379
-1.6572
-1.6517
-1.64754
-1.64501
-1.64453
-1.64368
-1.4242
-1.27078
-1.07737
-0.834732
-0.940501
-1.05301
-1.15763
-1.25085
-1.44241
-1.49226
-1.35915
-1.18268
-1.48717
-2.19033
-2.73677
-2.77501
-2.8147
-2.90993
-3.07174
-2.88838
-2.45433
-2.63528
-3.22374
-3.38855
-3.48425
-1.75735
-1.74984
-1.73241
-1.72412
-1.71835
-1.71392
-1.71052
-1.70854
-1.70815
-1.70869
-1.70927
-1.70921
-1.70834
-1.70703
-1.7062
-1.70674
-1.70911
-1.71459
-1.72365
-1.7239
-1.35215
-1.3795
-1.81084
-1.0308
-1.01332
-1.12373
-1.25101
-1.51607
-1.4111
-1.19611
-1.12994
-1.20668
-1.31484
-1.41334
-1.89818
-2.94002
-2.99833
-3.03451
-3.11096
-3.21112
-3.25669
-3.24327
-3.26804
-3.39716
-3.50975
-1.78137
-1.77391
-1.7597
-1.75243
-1.74738
-1.74373
-1.74148
-1.74062
-1.74108
-1.74255
-1.74452
-1.74665
-1.74894
-1.75173
-1.75573
-1.76161
-1.77012
-1.78279
-1.8005
-1.81739
-1.72751
-1.75943
-1.9268
-1.91052
-1.26099
-1.55403
-2.25737
-2.43008
-2.51046
-2.60198
-2.43452
-1.64997
-1.45724
-1.59818
-1.69979
-1.7463
-2.9143
-3.14334
-3.13865
-3.16715
-3.20844
-3.26148
-3.33104
-3.4198
-3.52148
-1.80568
-1.79908
-1.78767
-1.78139
-1.77725
-1.77455
-1.77339
-1.77367
-1.77524
-1.77793
-1.78149
-1.78579
-1.7909
-1.79717
-1.80519
-1.81561
-1.82932
-1.84758
-1.87181
-1.90396
-1.95046
-2.00458
-2.06055
-2.14108
-2.23305
-2.31656
-2.39095
-2.46825
-2.55514
-2.65544
-2.77531
-2.92297
-2.19893
-1.68304
-1.82355
-1.85665
-1.84477
-2.94256
-3.15809
-3.1442
-3.16169
-3.22009
-3.30918
-3.4118
-3.52284
-1.82928
-1.82371
-1.8156
-1.81072
-1.80772
-1.80615
-1.80614
-1.8076
-1.81039
-1.81445
-1.81967
-1.82603
-1.83366
-1.84288
-1.85423
-1.86835
-1.8861
-1.90848
-1.93674
-1.972
-2.01691
-2.0696
-2.12885
-2.19748
-2.27447
-2.34928
-2.42225
-2.49865
-2.57502
-2.66749
-2.79234
-2.9373
-3.10287
-2.47706
-1.7952
-1.8793
-1.81132
-2.16574
-3.11844
-3.10272
-3.09417
-3.13212
-3.25063
-3.3907
-3.51645
-1.85259
-1.84834
-1.84361
-1.84043
-1.83871
-1.83839
-1.83959
-1.84226
-1.84635
-1.85181
-1.85866
-1.86693
-1.87679
-1.88853
-1.90262
-1.91966
-1.94043
-1.96575
-1.99646
-2.03333
-2.07743
-2.12834
-2.18465
-2.24688
-2.31451
-2.38338
-2.45295
-2.52301
-2.57964
-2.66883
-2.76952
-2.90959
-3.04698
-3.18648
-2.91391
-2.38138
-2.33778
-2.71271
-3.00898
-2.94809
-2.80888
-2.86399
-3.03264
-3.35431
-3.50838
-1.87642
-1.87368
-1.87194
-1.87055
-1.87019
-1.87118
-1.87362
-1.87753
-1.8829
-1.88977
-1.89817
-1.9082
-1.92002
-1.93391
-1.95026
-1.9696
-1.99259
-2.01991
-2.0521
-2.08963
-2.1329
-2.18179
-2.23525
-2.29296
-2.35444
-2.41757
-2.48277
-2.54928
-2.6045
-2.6734
-2.76536
-2.87033
-2.97059
-3.06757
-3.14749
-3.03311
-2.92426
-2.83043
-2.74445
-2.71675
-2.75355
-2.84054
-2.95877
-3.32322
-3.50552
-1.90146
-1.90026
-1.90093
-1.90119
-1.90219
-1.90447
-1.90814
-1.91327
-1.91991
-1.92812
-1.93798
-1.94961
-1.96316
-1.97888
-1.99712
-2.01829
-2.04294
-2.07159
-2.10465
-2.14231
-2.18469
-2.23166
-2.28247
-2.33657
-2.39347
-2.45186
-2.51204
-2.57435
-2.63883
-2.70382
-2.77441
-2.84372
-2.9113
-2.97165
-3.00387
-2.9486
-2.77646
-2.6848
-2.66103
-2.67534
-2.78462
-3.02433
-3.21864
-3.37152
-3.51105
-1.92815
-1.92835
-1.93076
-1.93244
-1.93471
-1.93822
-1.94308
-1.94939
-1.95723
-1.96671
-1.97791
-1.99097
-2.00605
-2.02336
-2.04318
-2.06584
-2.09176
-2.12133
-2.15483
-2.19236
-2.23386
-2.27913
-2.3276
-2.37867
-2.43187
-2.48641
-2.54223
-2.59871
-2.65608
-2.71381
-2.77082
-2.82553
-2.87521
-2.91571
-2.94261
-2.95333
-2.95128
-2.93916
-2.9211
-2.95425
-3.04298
-3.15625
-3.27388
-3.39803
-3.52585
-1.95662
-1.95796
-1.96153
-1.96436
-1.96776
-1.97239
-1.97836
-1.98578
-1.99475
-2.0054
-2.01783
-2.03218
-2.0486
-2.06727
-2.08842
-2.11231
-2.13924
-2.16947
-2.2032
-2.24044
-2.28109
-2.32486
-2.37129
-2.4198
-2.46992
-2.52111
-2.57282
-2.62463
-2.67621
-2.72682
-2.77527
-2.82006
-2.85926
-2.89055
-2.91243
-2.92553
-2.93418
-2.94676
-2.97316
-3.02212
-3.0966
-3.19316
-3.30498
-3.42597
-3.55113
-1.98678
-1.98896
-1.99321
-1.99694
-2.00132
-2.00694
-2.01391
-2.02235
-2.03236
-2.04409
-2.05763
-2.07314
-2.09073
-2.11058
-2.13286
-2.15776
-2.18549
-2.21623
-2.25006
-2.28698
-2.32682
-2.36931
-2.414
-2.4604
-2.50801
-2.55631
-2.60477
-2.65287
-2.70008
-2.74567
-2.78861
-2.82774
-2.86189
-2.89011
-2.91239
-2.9306
-2.94896
-2.97379
-3.01191
-3.06861
-3.14561
-3.24059
-3.34903
-3.46627
-3.58825
-2.01839
-2.02112
-2.02573
-2.03014
-2.03533
-2.04179
-2.04966
-2.05901
-2.06998
-2.08269
-2.09725
-2.11378
-2.13241
-2.15328
-2.17651
-2.20226
-2.23065
-2.26178
-2.29568
-2.3323
-2.37146
-2.41288
-2.45619
-2.50091
-2.54656
-2.59263
-2.63861
-2.68398
-2.72818
-2.7706
-2.81047
-2.84704
-2.87978
-2.90856
-2.93418
-2.95875
-2.98587
-3.02024
-3.06654
-3.12825
-3.20645
-3.29967
-3.40484
-3.51846
-3.63716
-2.05116
-2.05419
-2.05894
-2.06384
-2.06969
-2.07688
-2.08552
-2.0957
-2.10754
-2.12114
-2.13662
-2.15408
-2.17363
-2.19538
-2.21944
-2.24591
-2.27486
-2.30634
-2.34031
-2.37669
-2.41532
-2.45597
-2.49826
-2.54176
-2.586
-2.63051
-2.67481
-2.71843
-2.76088
-2.80167
-2.84031
-2.87639
-2.90983
-2.941
-2.97102
-3.0019
-3.03662
-3.07864
-3.13129
-3.19692
-3.27628
-3.36842
-3.4712
-3.58207
-3.69821
-2.08476
-2.0879
-2.09268
-2.09793
-2.10429
-2.1121
-2.12142
-2.13234
-2.14496
-2.15938
-2.1757
-2.194
-2.21438
-2.23693
-2.26173
-2.28884
-2.3183
-2.35012
-2.38422
-2.42049
-2.45882
-2.49901
-2.54068
-2.58341
-2.62679
-2.67039
-2.7138
-2.75659
-2.79837
-2.83881
-2.87763
-2.91472
-2.95026
-2.98487
-3.01974
-3.0567
-3.09811
-3.1466
-3.20457
-3.27367
-3.35444
-3.44623
-3.54757
-3.65666
-3.7713
-2.11889
-2.12202
-2.12675
-2.13225
-2.13905
-2.14737
-2.15729
-2.16888
-2.18221
-2.19738
-2.21447
-2.23356
-2.25471
-2.278
-2.30349
-2.33122
-2.3612
-2.39341
-2.42776
-2.46413
-2.50248
-2.54256
-2.584
-2.62642
-2.66947
-2.71277
-2.75598
-2.79875
-2.84078
-2.88187
-2.92191
-2.96099
-2.99946
-3.03805
-3.0779
-3.12059
-3.16803
-3.22224
-3.28497
-3.35744
-3.44004
-3.53231
-3.6331
-3.74094
-3.85493
-2.15327
-2.15632
-2.161
-2.1667
-2.17385
-2.18262
-2.19308
-2.20527
-2.21926
-2.23514
-2.25296
-2.2728
-2.2947
-2.31872
-2.3449
-2.37328
-2.40384
-2.43655
-2.47133
-2.50809
)
;

boundaryField
{
    leftWall
    {
        type            fixedFluxPressure;
        gradient        uniform 0;
        value           nonuniform List<scalar> 
44
(
1301.31
1300.56
1299.02
1296.76
1293.82
1290.27
1286.18
1281.66
1276.74
1271.49
1265.89
1259.97
1253.78
1247.35
1240.69
1233.82
1226.75
1219.47
1211.87
1203.88
1196.11
1190.92
1191.94
1204.51
1026.63
121.812
-1.71337
-1.71663
-1.73392
-1.75735
-1.78137
-1.80568
-1.82928
-1.85259
-1.87642
-1.90146
-1.92815
-1.95662
-1.98678
-2.01839
-2.05116
-2.08476
-2.11889
-2.15327
)
;
    }
    rightWall
    {
        type            fixedFluxPressure;
        gradient        nonuniform 0();
        value           nonuniform 0();
    }
    lowerWall
    {
        type            fixedFluxPressure;
        gradient        uniform 0;
        value           nonuniform List<scalar> 
44
(
1301.31
1302.52
1304.82
1305.49
1304.02
1300.57
1296
1291.04
1286.03
1281.08
1276.19
1271.33
1266.47
1261.57
1256.63
1251.68
1246.77
1241.97
1237.4
1233.15
1229.37
1226.18
1223.77
1222.29
1221.93
1222.91
1225.43
1229.76
1236.21
1245.2
1256.87
1271.36
1288.9
1309.63
1333.25
1358.69
1383.69
1404.6
1417.41
1420.87
1419.67
1409.47
1378.32
1362.44
)
;
    }
    atmosphere
    {
        type            totalPressure;
        rho             rho;
        psi             none;
        gamma           1;
        p0              nonuniform 0();
        value           nonuniform 0();
    }
    defaultFaces
    {
        type            empty;
    }
    procBoundary0to1
    {
        type            processor;
        value           nonuniform List<scalar> 
44
(
1398.38
1336.3
1298.55
1320.65
1396.55
1454.23
1466.68
1441.7
1384.67
1305.13
1200.64
1121.14
1087.33
1071.21
1059.31
1051.7
1048.54
1048.12
1048.71
1052.21
1052.21
1059.86
1074.69
271.005
-2.02898
-3.19532
-3.45286
-3.52731
-3.56237
-3.59235
-3.61494
-3.62934
-3.63561
-3.6357
-3.63356
-3.63398
-3.63988
-3.65332
-3.67669
-3.71141
-3.75763
-3.81611
-3.8876
-3.97182
)
;
    }
    procBoundary0to2
    {
        type            processor;
        value           nonuniform List<scalar> 
46
(
-2.54673
-2.587
-2.62858
-2.67112
-2.71431
-2.75787
-2.8015
-2.84493
-2.88796
-2.93047
-2.97251
-3.01427
-3.05621
-3.09907
-3.14389
-3.19204
-3.24506
-3.30452
-3.37178
-3.44773
-3.5327
-3.62637
-3.72782
-3.83569
-3.94876
-2.18767
-2.19061
-2.19525
-2.20112
-2.20857
-2.21775
-2.2287
-2.24145
-2.25606
-2.27261
-2.29114
-2.3117
-2.33436
-2.35913
-2.38605
-2.41514
-2.44638
-2.47973
-2.51512
-2.54673
-2.55245
)
;
    }
}


// ************************************************************************* //
