/*--------------------------------*- C++ -*----------------------------------*\
| =========                 |                                                 |
| \\      /  F ield         | OpenFOAM: The Open Source CFD Toolbox           |
|  \\    /   O peration     | Version:  3.0.1                                 |
|   \\  /    A nd           | Web:      www.OpenFOAM.org                      |
|    \\/     M anipulation  |                                                 |
\*---------------------------------------------------------------------------*/
FoamFile
{
    version     2.0;
    format      ascii;
    class       surfaceScalarField;
    location    "0.3";
    object      phi;
}
// * * * * * * * * * * * * * * * * * * * * * * * * * * * * * * * * * * * * * //

dimensions      [0 3 -1 0 0 0 0];

internalField   nonuniform List<scalar> 
3781
(
-6.87433e-07
6.87433e-07
6.03394e-07
-1.29083e-06
3.11585e-06
-2.51245e-06
6.05186e-06
-2.93601e-06
8.86291e-06
-2.81105e-06
1.13074e-05
-2.44445e-06
1.33603e-05
-2.05299e-06
1.5106e-05
-1.7457e-06
1.66593e-05
-1.55329e-06
1.81217e-05
-1.46239e-06
1.95634e-05
-1.44167e-06
2.10221e-05
-1.45867e-06
2.25101e-05
-1.48807e-06
2.40238e-05
-1.51369e-06
2.5551e-05
-1.52719e-06
2.70766e-05
-1.52555e-06
2.85853e-05
-1.50877e-06
3.00634e-05
-1.47811e-06
3.14984e-05
-1.43497e-06
3.28787e-05
-1.38034e-06
3.41933e-05
-1.3146e-06
3.54309e-05
-1.23752e-06
3.65792e-05
-1.14833e-06
3.7625e-05
-1.04579e-06
3.85532e-05
-9.28225e-07
3.93465e-05
-7.93309e-07
3.99843e-05
-6.37818e-07
4.04365e-05
-4.52123e-07
4.06581e-05
-2.21636e-07
4.05707e-05
8.73644e-08
4.00129e-05
5.57869e-07
3.88608e-05
1.1521e-06
3.69554e-05
1.90535e-06
3.4095e-05
2.86042e-06
3.00495e-05
4.04552e-06
2.46173e-05
5.43214e-06
1.77818e-05
6.83552e-06
9.9514e-06
7.83042e-06
2.08341e-06
7.86799e-06
-3.62053e-06
5.70394e-06
-7.73024e-06
4.10971e-06
-1.43254e-05
6.59516e-06
-2.30787e-05
8.7533e-06
2.0653e-06
-6.75751e-07
1.36318e-06
6.57855e-07
-2.62443e-06
3.19424e-06
-5.04884e-06
6.12852e-06
-5.87029e-06
8.92565e-06
-5.60819e-06
1.13554e-05
-4.87419e-06
1.34013e-05
-4.09892e-06
1.51519e-05
-3.49627e-06
1.67217e-05
-3.12308e-06
1.82088e-05
-2.94949e-06
1.96792e-05
-2.9121e-06
2.11673e-05
-2.94678e-06
2.26834e-05
-3.00416e-06
2.42228e-05
-3.05308e-06
2.57733e-05
-3.0777e-06
2.73203e-05
-3.0725e-06
2.88492e-05
-3.03771e-06
3.03469e-05
-2.97585e-06
3.18016e-05
-2.88965e-06
3.32023e-05
-2.78097e-06
3.45381e-05
-2.65046e-06
3.57982e-05
-2.49759e-06
3.69706e-05
-2.32078e-06
3.80425e-05
-2.11761e-06
3.8999e-05
-1.8848e-06
3.98239e-05
-1.61813e-06
4.04979e-05
-1.31186e-06
4.10047e-05
-9.58904e-07
4.13359e-05
-5.52868e-07
4.15052e-05
-8.19369e-08
4.15894e-05
4.73689e-07
4.15846e-05
1.15691e-06
4.14502e-05
2.03977e-06
4.10907e-05
3.21991e-06
4.02958e-05
4.84035e-06
3.86711e-05
7.05685e-06
3.56598e-05
9.84691e-06
3.05842e-05
1.29059e-05
2.29984e-05
1.54538e-05
1.27306e-05
1.59718e-05
1.92602e-06
1.49143e-05
-8.33145e-06
1.68526e-05
-1.59088e-05
1.63307e-05
4.3471e-06
-6.25053e-07
1.98824e-06
7.35518e-07
-3.985e-06
3.28365e-06
-7.59697e-06
6.18745e-06
-8.77408e-06
8.92434e-06
-8.34509e-06
1.1289e-05
-7.23885e-06
1.32853e-05
-6.09518e-06
1.50113e-05
-5.22229e-06
1.65813e-05
-4.69304e-06
1.80866e-05
-4.45483e-06
1.95849e-05
-4.41036e-06
2.11032e-05
-4.46511e-06
2.26472e-05
-4.54816e-06
2.42099e-05
-4.61582e-06
2.57789e-05
-4.64663e-06
2.73401e-05
-4.6337e-06
2.88803e-05
-4.57798e-06
3.03878e-05
-4.48333e-06
3.18518e-05
-4.35361e-06
3.32621e-05
-4.19131e-06
3.46087e-05
-3.99709e-06
3.58811e-05
-3.76992e-06
3.70676e-05
-3.50734e-06
3.81557e-05
-3.20569e-06
3.91312e-05
-2.86029e-06
3.99785e-05
-2.46541e-06
4.06806e-05
-2.01401e-06
4.12197e-05
-1.49795e-06
4.1573e-05
-9.06226e-07
4.17151e-05
-2.23978e-07
4.16269e-05
5.61871e-07
4.12998e-05
1.484e-06
4.07586e-05
2.58091e-06
4.00672e-05
3.9114e-06
3.93403e-05
5.56723e-06
3.87046e-05
7.69249e-06
3.80843e-05
1.04673e-05
3.69736e-05
1.40166e-05
3.42929e-05
1.81345e-05
2.84648e-05
2.17998e-05
1.95711e-05
2.38079e-05
1.13392e-05
2.50846e-05
4.66729e-06
2.30026e-05
9.72544e-06
-5.5873e-07
2.54697e-06
8.46831e-07
-5.39056e-06
3.40531e-06
-1.01554e-05
6.26334e-06
-1.16321e-05
8.91562e-06
-1.09974e-05
1.11921e-05
-9.51534e-06
1.31248e-05
-8.02791e-06
1.48237e-05
-6.92117e-06
1.64003e-05
-6.26966e-06
1.79357e-05
-5.99023e-06
1.94755e-05
-5.95018e-06
2.10373e-05
-6.02683e-06
2.26205e-05
-6.1314e-06
2.42158e-05
-6.21112e-06
2.58105e-05
-6.24136e-06
2.73921e-05
-6.21527e-06
2.89492e-05
-6.13505e-06
3.04717e-05
-6.00588e-06
3.19506e-05
-5.83245e-06
3.33767e-05
-5.61745e-06
3.47409e-05
-5.36123e-06
3.60329e-05
-5.06199e-06
3.72418e-05
-4.71625e-06
3.83553e-05
-4.31915e-06
3.93597e-05
-3.86468e-06
4.024e-05
-3.34575e-06
4.09801e-05
-2.75405e-06
4.15619e-05
-2.07978e-06
4.19664e-05
-1.31068e-06
4.21744e-05
-4.31995e-07
4.21623e-05
5.73952e-07
4.19102e-05
1.7361e-06
4.14039e-05
3.0872e-06
4.06483e-05
4.66701e-06
3.96953e-05
6.52025e-06
3.86864e-05
8.70139e-06
3.7858e-05
1.12957e-05
3.74172e-05
1.44574e-05
3.71757e-05
1.83761e-05
3.60166e-05
2.29589e-05
3.27341e-05
2.70905e-05
2.82274e-05
2.95912e-05
2.34386e-05
2.77915e-05
1.68148e-05
-4.71319e-07
3.01829e-06
9.86716e-07
-6.8486e-06
3.54816e-06
-1.27169e-05
6.34181e-06
-1.44258e-05
8.88773e-06
-1.35433e-05
1.10596e-05
-1.16872e-05
1.29221e-05
-9.89042e-06
1.45964e-05
-8.5954e-06
1.6188e-05
-7.8613e-06
1.77641e-05
-7.56633e-06
1.93557e-05
-7.54176e-06
2.09693e-05
-7.64038e-06
2.25981e-05
-7.76026e-06
2.42306e-05
-7.84365e-06
2.58548e-05
-7.8655e-06
2.74599e-05
-7.82043e-06
2.90372e-05
-7.71227e-06
3.05786e-05
-7.54731e-06
3.20767e-05
-7.33059e-06
3.35238e-05
-7.06453e-06
3.49113e-05
-6.74873e-06
3.62297e-05
-6.3804e-06
3.74684e-05
-5.95488e-06
3.86153e-05
-5.46608e-06
3.96574e-05
-4.90676e-06
4.05803e-05
-4.26863e-06
4.13685e-05
-3.54225e-06
4.20054e-05
-2.71677e-06
4.24743e-05
-1.77948e-06
4.27576e-05
-7.15302e-07
4.28376e-05
4.93943e-07
4.27011e-05
1.87257e-06
4.2339e-05
3.4493e-06
4.1749e-05
5.25698e-06
4.09403e-05
7.329e-06
3.99495e-05
9.6922e-06
3.8887e-05
1.23581e-05
3.80008e-05
1.53436e-05
3.76547e-05
1.87222e-05
3.79039e-05
2.27097e-05
3.79509e-05
2.70435e-05
3.68625e-05
3.06796e-05
3.37139e-05
3.094e-05
2.41649e-05
-3.61259e-07
3.37954e-06
1.15171e-06
-8.36157e-06
3.70468e-06
-1.52699e-05
6.41517e-06
-1.71363e-05
8.83816e-06
-1.59663e-05
1.08975e-05
-1.37466e-05
1.26913e-05
-1.16842e-05
1.43488e-05
-1.02529e-05
1.59656e-05
-9.4781e-06
1.75916e-05
-9.19232e-06
1.92416e-05
-9.19186e-06
2.09112e-05
-9.30992e-06
2.25879e-05
-9.43699e-06
2.4259e-05
-9.51472e-06
2.59138e-05
-9.5203e-06
2.75443e-05
-9.45094e-06
2.91443e-05
-9.31225e-06
3.07081e-05
-9.11115e-06
3.223e-05
-8.85246e-06
3.37032e-05
-8.53777e-06
3.512e-05
-8.16555e-06
3.64714e-05
-7.73175e-06
3.7747e-05
-7.23045e-06
3.89352e-05
-6.65433e-06
4.00235e-05
-5.995e-06
4.09979e-05
-5.24311e-06
4.1844e-05
-4.38829e-06
4.25462e-05
-3.419e-06
4.3089e-05
-2.32228e-06
4.3457e-05
-1.08327e-06
4.36357e-05
3.15188e-07
4.36149e-05
1.89337e-06
4.33891e-05
3.67507e-06
4.29607e-05
5.68541e-06
4.23402e-05
7.94952e-06
4.15452e-05
1.04872e-05
4.06036e-05
1.32998e-05
3.95889e-05
1.63583e-05
3.87153e-05
1.95958e-05
3.8382e-05
2.30431e-05
3.86629e-05
2.67626e-05
3.88193e-05
3.05232e-05
3.70255e-05
3.27338e-05
3.05811e-05
-2.28642e-07
3.60819e-06
1.33741e-06
-9.92761e-06
3.86875e-06
-1.78012e-05
6.47892e-06
-1.97464e-05
8.76831e-06
-1.82557e-05
1.0715e-05
-1.56932e-05
1.24482e-05
-1.34175e-05
1.41003e-05
-1.1905e-05
1.57523e-05
-1.11301e-05
1.74346e-05
-1.08746e-05
1.91458e-05
-1.0903e-05
2.0871e-05
-1.10352e-05
2.25941e-05
-1.11601e-05
2.43022e-05
-1.12228e-05
2.59871e-05
-1.12052e-05
2.76438e-05
-1.11076e-05
2.92687e-05
-1.09372e-05
3.08584e-05
-1.07008e-05
3.24084e-05
-1.04025e-05
3.3913e-05
-1.00424e-05
3.5365e-05
-9.61755e-06
3.67557e-05
-9.12247e-06
3.80752e-05
-8.54993e-06
3.93123e-05
-7.89141e-06
4.04547e-05
-7.13744e-06
4.14893e-05
-6.27769e-06
4.24021e-05
-5.30104e-06
4.31785e-05
-4.19544e-06
4.38041e-05
-2.94787e-06
4.42649e-05
-1.54412e-06
4.45485e-05
3.16793e-08
4.46459e-05
1.79596e-06
4.45526e-05
3.76828e-06
4.42711e-05
5.96698e-06
4.38112e-05
8.40936e-06
4.31904e-05
1.11081e-05
4.24255e-05
1.40647e-05
4.15249e-05
1.72588e-05
4.05013e-05
2.06194e-05
3.94996e-05
2.40447e-05
3.87723e-05
2.74899e-05
3.82441e-05
3.10514e-05
3.65812e-05
3.43967e-05
3.61716e-05
-7.54957e-08
3.68368e-06
1.53951e-06
-1.15426e-05
4.03627e-06
-2.0298e-05
6.532e-06
-2.22422e-05
8.6832e-06
-2.04069e-05
1.05238e-05
-1.75339e-05
1.22094e-05
-1.51031e-05
1.38689e-05
-1.35645e-05
1.55645e-05
-1.28257e-05
1.73059e-05
-1.2616e-05
1.90764e-05
-1.26735e-05
2.08534e-05
-1.28122e-05
2.26184e-05
-1.29251e-05
2.43603e-05
-1.29647e-05
2.60739e-05
-1.29188e-05
2.77572e-05
-1.27909e-05
2.94092e-05
-1.25892e-05
3.10282e-05
-1.23198e-05
3.26108e-05
-1.19851e-05
3.41519e-05
-1.15835e-05
3.56448e-05
-1.11104e-05
3.70811e-05
-1.05588e-05
3.84512e-05
-9.92e-06
3.97442e-05
-9.18448e-06
4.09485e-05
-8.34168e-06
4.20512e-05
-7.38041e-06
4.30389e-05
-6.28879e-06
4.38979e-05
-5.05439e-06
4.46142e-05
-3.66419e-06
4.51748e-05
-2.10469e-06
4.55683e-05
-3.61837e-07
4.5786e-05
1.57825e-06
4.58239e-05
3.73036e-06
4.56828e-05
6.10808e-06
4.53694e-05
8.72276e-06
4.48957e-05
1.15819e-05
4.42741e-05
1.46862e-05
4.35063e-05
1.80267e-05
4.25535e-05
2.15721e-05
4.13504e-05
2.52478e-05
3.98917e-05
2.89486e-05
3.82245e-05
3.27186e-05
3.57933e-05
3.6828e-05
4.14348e-05
7.69757e-08
3.60671e-06
1.75342e-06
-1.32191e-05
4.2049e-06
-2.27495e-05
6.57585e-06
-2.46131e-05
8.59001e-06
-2.2421e-05
1.03365e-05
-1.92803e-05
1.19899e-05
-1.67565e-05
1.36689e-05
-1.52434e-05
1.54134e-05
-1.45703e-05
1.72128e-05
-1.44154e-05
1.90374e-05
-1.44981e-05
2.08593e-05
-1.4634e-05
2.26602e-05
-1.4726e-05
2.44319e-05
-1.47364e-05
2.61725e-05
-1.46594e-05
2.78831e-05
-1.45015e-05
2.95645e-05
-1.42706e-05
3.12163e-05
-1.39716e-05
3.28359e-05
-1.36047e-05
3.44185e-05
-1.31662e-05
3.59577e-05
-1.26496e-05
3.74454e-05
-1.20465e-05
3.88724e-05
-1.1347e-05
4.02283e-05
-1.05404e-05
4.15017e-05
-9.61506e-06
4.26803e-05
-8.55897e-06
4.3751e-05
-7.3595e-06
4.47004e-05
-6.00376e-06
4.55149e-05
-4.47872e-06
4.61817e-05
-2.77154e-06
4.66897e-05
-8.698e-07
4.70299e-05
1.23805e-06
4.71982e-05
3.5621e-06
4.71937e-05
6.11256e-06
4.70205e-05
8.89597e-06
4.66856e-05
1.19168e-05
4.61951e-05
1.51767e-05
4.55469e-05
1.86748e-05
4.47094e-05
2.24096e-05
4.35805e-05
2.63767e-05
4.19804e-05
3.05488e-05
3.97363e-05
3.49626e-05
3.66302e-05
3.99341e-05
4.66223e-05
2.36036e-07
3.37067e-06
1.97689e-06
-1.49599e-05
4.37314e-06
-2.51457e-05
6.61327e-06
-2.68532e-05
8.4966e-06
-2.43043e-05
1.01642e-05
-2.09479e-05
1.18013e-05
-1.83937e-05
1.35098e-05
-1.69518e-05
1.53052e-05
-1.63657e-05
1.71579e-05
-1.62681e-05
1.90285e-05
-1.63687e-05
2.08869e-05
-1.64925e-05
2.27173e-05
-1.65564e-05
2.45149e-05
-1.65341e-05
2.62814e-05
-1.64259e-05
2.80202e-05
-1.62402e-05
2.97336e-05
-1.5984e-05
3.14217e-05
-1.56598e-05
3.30824e-05
-1.52653e-05
3.4711e-05
-1.47948e-05
3.63015e-05
-1.42401e-05
3.78462e-05
-1.35912e-05
3.93361e-05
-1.2837e-05
4.07614e-05
-1.19656e-05
4.21109e-05
-1.09646e-05
4.33728e-05
-9.82082e-06
4.45341e-05
-8.52088e-06
4.55816e-05
-7.05125e-06
4.65017e-05
-5.39875e-06
4.72812e-05
-3.55107e-06
4.79086e-05
-1.49718e-06
4.83738e-05
7.72854e-07
4.86726e-05
3.26322e-06
4.88026e-05
5.98262e-06
4.87663e-05
8.93231e-06
4.85686e-05
1.21145e-05
4.82133e-05
1.55319e-05
4.76966e-05
1.91916e-05
4.69962e-05
2.311e-05
4.60411e-05
2.73318e-05
4.46658e-05
3.1924e-05
4.25698e-05
3.70586e-05
3.95488e-05
4.29551e-05
5.14893e-05
4.07005e-07
2.96366e-06
2.24805e-06
-1.6801e-05
4.6228e-06
-2.75205e-05
6.76726e-06
-2.89977e-05
8.56055e-06
-2.60976e-05
1.01944e-05
-2.25817e-05
1.18595e-05
-2.00587e-05
1.36357e-05
-1.87281e-05
1.55137e-05
-1.82436e-05
1.74465e-05
-1.82009e-05
1.9388e-05
-1.83102e-05
2.13084e-05
-1.84129e-05
2.31956e-05
-1.84435e-05
2.50489e-05
-1.83874e-05
2.68732e-05
-1.82502e-05
2.86735e-05
-1.80405e-05
3.04529e-05
-1.77635e-05
3.22119e-05
-1.74188e-05
3.39482e-05
-1.70016e-05
3.56575e-05
-1.65041e-05
3.73338e-05
-1.59163e-05
3.89696e-05
-1.5227e-05
4.05564e-05
-1.44238e-05
4.20845e-05
-1.34937e-05
4.35431e-05
-1.24232e-05
4.49202e-05
-1.1198e-05
4.62031e-05
-9.80375e-06
4.73779e-05
-8.22605e-06
4.84304e-05
-6.45125e-06
4.93466e-05
-4.46729e-06
5.01141e-05
-2.26461e-06
5.07197e-05
1.6726e-07
5.11599e-05
2.82298e-06
5.14298e-05
5.7127e-06
5.15316e-05
8.83055e-06
5.14706e-05
1.21754e-05
5.12536e-05
1.5749e-05
5.08821e-05
1.9563e-05
5.03471e-05
2.36451e-05
4.96144e-05
2.80645e-05
4.86089e-05
3.29295e-05
4.71276e-05
3.854e-05
4.50273e-05
4.50554e-05
5.41534e-05
5.82129e-07
2.38154e-06
2.51406e-06
-1.87329e-05
4.83884e-06
-2.98452e-05
6.86612e-06
-3.1025e-05
8.56353e-06
-2.7795e-05
1.0166e-05
-2.41843e-05
1.18582e-05
-2.17509e-05
1.36924e-05
-2.05623e-05
1.56339e-05
-2.01852e-05
1.76226e-05
-2.01896e-05
1.96096e-05
-2.02972e-05
2.15687e-05
-2.0372e-05
2.34927e-05
-2.03675e-05
2.53851e-05
-2.02799e-05
2.7253e-05
-2.01181e-05
2.91025e-05
-1.989e-05
3.09368e-05
-1.95978e-05
3.27562e-05
-1.92382e-05
3.45585e-05
-1.88039e-05
3.63394e-05
-1.82851e-05
3.80933e-05
-1.76703e-05
3.98134e-05
-1.6947e-05
4.14915e-05
-1.61019e-05
4.31185e-05
-1.51206e-05
4.46838e-05
-1.39885e-05
4.61759e-05
-1.269e-05
4.75816e-05
-1.12095e-05
4.88869e-05
-9.53128e-06
5.00763e-05
-7.64073e-06
5.11345e-05
-5.52547e-06
5.20463e-05
-3.17634e-06
5.28011e-05
-5.87574e-07
5.33855e-05
2.23853e-06
5.37988e-05
5.29939e-06
5.4042e-05
8.58739e-06
5.41229e-05
1.20946e-05
5.40536e-05
1.58182e-05
5.38479e-05
1.97688e-05
5.35173e-05
2.39756e-05
5.307e-05
2.85119e-05
5.25174e-05
3.3482e-05
5.18946e-05
3.91629e-05
5.12625e-05
4.56874e-05
5.38592e-05
7.63191e-07
1.61835e-06
2.78868e-06
-2.07584e-05
5.05741e-06
-3.2114e-05
6.96891e-06
-3.29365e-05
8.58379e-06
-2.94099e-05
1.01718e-05
-2.57723e-05
1.19018e-05
-2.34809e-05
1.37949e-05
-2.24553e-05
1.57931e-05
-2.21834e-05
1.78275e-05
-2.22239e-05
1.98504e-05
-2.23202e-05
2.18414e-05
-2.2363e-05
2.37988e-05
-2.23249e-05
2.57295e-05
-2.22106e-05
2.76421e-05
-2.20307e-05
2.95429e-05
-2.17907e-05
3.14347e-05
-2.14896e-05
3.33177e-05
-2.11212e-05
3.51897e-05
-2.06759e-05
3.7047e-05
-2.01423e-05
3.88845e-05
-1.95078e-05
4.06963e-05
-1.87588e-05
4.2475e-05
-1.78806e-05
4.4212e-05
-1.68577e-05
4.58975e-05
-1.56739e-05
4.75196e-05
-1.43122e-05
4.90651e-05
-1.27549e-05
5.05181e-05
-1.09843e-05
5.18612e-05
-8.98383e-06
5.30757e-05
-6.73998e-06
5.41435e-05
-4.24409e-06
5.50493e-05
-1.49346e-06
5.57797e-05
1.50821e-06
5.6334e-05
4.7451e-06
5.67136e-05
8.2078e-06
5.69315e-05
1.18767e-05
5.70077e-05
1.5742e-05
5.69697e-05
1.98068e-05
5.68511e-05
2.40942e-05
5.67007e-05
2.86623e-05
5.65852e-05
3.35975e-05
5.66903e-05
3.90578e-05
5.71757e-05
4.52019e-05
5.22891e-05
9.50208e-07
6.68138e-07
3.0698e-06
-2.2878e-05
5.27788e-06
-3.4322e-05
7.07758e-06
-3.47362e-05
8.62473e-06
-3.09571e-05
1.02139e-05
-2.73615e-05
1.19891e-05
-2.5256e-05
1.39383e-05
-2.44045e-05
1.5984e-05
-2.42292e-05
1.80532e-05
-2.42931e-05
2.01034e-05
-2.43703e-05
2.2121e-05
-2.43807e-05
2.41098e-05
-2.43136e-05
2.60792e-05
-2.41801e-05
2.80385e-05
-2.39899e-05
2.99935e-05
-2.37457e-05
3.19469e-05
-2.34431e-05
3.3899e-05
-2.30733e-05
3.58482e-05
-2.26251e-05
3.77918e-05
-2.20859e-05
3.97259e-05
-2.1442e-05
4.16459e-05
-2.06788e-05
4.35454e-05
-1.978e-05
4.5416e-05
-1.87284e-05
4.72477e-05
-1.75055e-05
4.90278e-05
-1.60924e-05
5.07413e-05
-1.44684e-05
5.23689e-05
-1.2612e-05
5.38883e-05
-1.05032e-05
5.52753e-05
-8.12697e-06
5.65063e-05
-5.47508e-06
5.75618e-05
-2.54891e-06
5.84258e-05
6.44222e-07
5.91028e-05
4.06808e-06
5.95958e-05
7.71481e-06
5.99246e-05
1.15479e-05
6.01178e-05
1.55488e-05
6.022e-05
1.97046e-05
6.0286e-05
2.40282e-05
6.03911e-05
2.85572e-05
6.06273e-05
3.33613e-05
6.118e-05
3.85051e-05
6.22586e-05
4.41233e-05
5.03135e-05
1.14155e-06
-4.73416e-07
3.35617e-06
-2.50926e-05
5.50075e-06
-3.64666e-05
7.19462e-06
-3.64301e-05
8.68902e-06
-3.24515e-05
1.02926e-05
-2.89651e-05
1.21167e-05
-2.70802e-05
1.41165e-05
-2.64043e-05
1.61997e-05
-2.63124e-05
1.82944e-05
-2.63877e-05
2.03658e-05
-2.64418e-05
2.24083e-05
-2.64232e-05
2.44301e-05
-2.63354e-05
2.64425e-05
-2.61925e-05
2.84547e-05
-2.60021e-05
3.04723e-05
-2.57634e-05
3.24982e-05
-2.54689e-05
3.45333e-05
-2.51083e-05
3.6577e-05
-2.46689e-05
3.86277e-05
-2.41366e-05
4.06824e-05
-2.34967e-05
4.27367e-05
-2.27331e-05
4.47833e-05
-2.18267e-05
4.68116e-05
-2.07567e-05
4.88088e-05
-1.95027e-05
5.07599e-05
-1.80435e-05
5.26473e-05
-1.63559e-05
5.44491e-05
-1.44137e-05
5.61404e-05
-1.21946e-05
5.76963e-05
-9.68279e-06
5.90913e-05
-6.8701e-06
6.03012e-05
-3.75881e-06
6.13176e-05
-3.7222e-07
6.21248e-05
3.26093e-06
6.27302e-05
7.1094e-06
6.31537e-05
1.11244e-05
6.34324e-05
1.52701e-05
6.36284e-05
1.95086e-05
6.38139e-05
2.38427e-05
6.40823e-05
2.82888e-05
6.45458e-05
3.28978e-05
6.53449e-05
3.7706e-05
6.67087e-05
4.27595e-05
4.81215e-05
1.33831e-06
-1.81173e-06
3.6454e-06
-2.73997e-05
5.72588e-06
-3.85471e-05
7.32324e-06
-3.80274e-05
8.78027e-06
-3.39085e-05
1.04094e-05
-3.05942e-05
1.22841e-05
-2.89548e-05
1.43286e-05
-2.84488e-05
1.64418e-05
-2.84257e-05
1.85572e-05
-2.85031e-05
2.06499e-05
-2.85345e-05
2.27217e-05
-2.8495e-05
2.47844e-05
-2.83981e-05
2.68502e-05
-2.82582e-05
2.89276e-05
-2.80795e-05
3.10214e-05
-2.78573e-05
3.31342e-05
-2.75817e-05
3.52664e-05
-2.72405e-05
3.74165e-05
-2.6819e-05
3.95805e-05
-2.63006e-05
4.17522e-05
-2.56685e-05
4.39225e-05
-2.49034e-05
4.60777e-05
-2.39818e-05
4.81996e-05
-2.28786e-05
5.02709e-05
-2.1574e-05
5.22775e-05
-2.005e-05
5.42084e-05
-1.82867e-05
5.60514e-05
-1.62567e-05
5.78004e-05
-1.39435e-05
5.94529e-05
-1.13353e-05
6.1003e-05
-8.42017e-06
6.2432e-05
-5.18788e-06
6.37108e-05
-1.65097e-06
6.4798e-05
2.17369e-06
6.56812e-05
6.22625e-06
6.63287e-05
1.04768e-05
6.67769e-05
1.4822e-05
6.7106e-05
1.91794e-05
6.74048e-05
2.35439e-05
6.77894e-05
2.79042e-05
6.83876e-05
3.22997e-05
6.93114e-05
3.67822e-05
7.07574e-05
4.13135e-05
4.59039e-05
1.53537e-06
-3.3471e-06
3.92268e-06
-2.9787e-05
5.94096e-06
-4.05654e-05
7.46089e-06
-3.95474e-05
8.90098e-06
-3.53486e-05
1.05681e-05
-3.22614e-05
1.24957e-05
-3.08824e-05
1.45818e-05
-3.05349e-05
1.67216e-05
-3.05655e-05
1.88576e-05
-3.0639e-05
2.0975e-05
-3.06519e-05
2.30815e-05
-3.06015e-05
2.51905e-05
-3.05071e-05
2.73123e-05
-3.038e-05
2.9452e-05
-3.02192e-05
3.16107e-05
-3.0016e-05
3.3786e-05
-2.9757e-05
3.59729e-05
-2.94274e-05
3.81621e-05
-2.90082e-05
4.03397e-05
-2.84782e-05
4.24899e-05
-2.78187e-05
4.45945e-05
-2.7008e-05
4.66321e-05
-2.60194e-05
4.85808e-05
-2.48274e-05
5.04341e-05
-2.34273e-05
5.22016e-05
-2.18175e-05
5.39052e-05
-1.99903e-05
5.55665e-05
-1.7918e-05
5.72275e-05
-1.56046e-05
5.89265e-05
-1.30343e-05
6.06772e-05
-1.01709e-05
6.24675e-05
-6.97809e-06
6.42825e-05
-3.46599e-06
6.59173e-05
5.38825e-07
6.74227e-05
4.72089e-06
6.86111e-05
9.28841e-06
6.95343e-05
1.38988e-05
7.02263e-05
1.84874e-05
7.07594e-05
2.30108e-05
7.13103e-05
2.73533e-05
7.20325e-05
3.15775e-05
7.30231e-05
3.57916e-05
7.44408e-05
3.98957e-05
4.38346e-05
1.72051e-06
-5.06761e-06
4.14573e-06
-3.22122e-05
6.10179e-06
-4.25214e-05
7.58136e-06
-4.10269e-05
9.03627e-06
-3.68035e-05
1.07571e-05
-3.39822e-05
1.27395e-05
-3.28648e-05
1.48607e-05
-3.2656e-05
1.70171e-05
-3.27219e-05
1.91617e-05
-3.27836e-05
2.12883e-05
-3.27785e-05
2.34072e-05
-3.27204e-05
2.55277e-05
-3.26277e-05
2.76529e-05
-3.25052e-05
2.97787e-05
-3.2345e-05
3.18969e-05
-3.21341e-05
3.39942e-05
-3.18543e-05
3.60552e-05
-3.14884e-05
3.80603e-05
-3.10133e-05
3.99863e-05
-3.04042e-05
4.18188e-05
-2.96511e-05
4.35516e-05
-2.87408e-05
4.51837e-05
-2.76515e-05
4.67282e-05
-2.63718e-05
4.8242e-05
-2.49411e-05
4.9804e-05
-2.33795e-05
5.149e-05
-2.16764e-05
5.33417e-05
-1.97698e-05
5.54227e-05
-1.76855e-05
5.77331e-05
-1.53447e-05
6.01771e-05
-1.26149e-05
6.25746e-05
-9.37565e-06
6.48043e-05
-5.69566e-06
6.69924e-05
-1.64927e-06
6.87913e-05
2.92196e-06
7.02092e-05
7.87055e-06
7.14878e-05
1.26202e-05
7.26045e-05
1.73707e-05
7.35425e-05
2.20728e-05
7.44778e-05
2.6418e-05
7.5457e-05
3.05983e-05
7.65373e-05
3.47113e-05
7.7895e-05
3.8538e-05
4.19933e-05
1.88354e-06
-6.95115e-06
4.26672e-06
-3.45954e-05
6.1346e-06
-4.43893e-05
7.6132e-06
-4.25055e-05
9.11829e-06
-3.83086e-05
1.09014e-05
-3.57653e-05
1.29224e-05
-3.48858e-05
1.50445e-05
-3.47781e-05
1.71707e-05
-3.48481e-05
1.92654e-05
-3.48784e-05
2.13285e-05
-3.48416e-05
2.33676e-05
-3.47594e-05
2.53827e-05
-3.46428e-05
2.73657e-05
-3.44881e-05
2.93017e-05
-3.4281e-05
3.11765e-05
-3.4009e-05
3.29755e-05
-3.36532e-05
3.46907e-05
-3.32036e-05
3.63176e-05
-3.26402e-05
3.7861e-05
-3.19476e-05
3.93636e-05
-3.11537e-05
4.09023e-05
-3.02796e-05
4.25687e-05
-2.93179e-05
4.44732e-05
-2.82763e-05
4.67887e-05
-2.72566e-05
4.97031e-05
-2.62939e-05
5.33188e-05
-2.5292e-05
5.74505e-05
-2.39015e-05
6.20665e-05
-2.23015e-05
6.6964e-05
-2.02422e-05
7.17044e-05
-1.73554e-05
7.57048e-05
-1.3376e-05
7.85173e-05
-8.50818e-06
7.99519e-05
-3.08388e-06
8.01363e-05
2.7376e-06
7.92064e-05
8.80036e-06
7.79597e-05
1.3867e-05
7.67789e-05
1.85515e-05
7.62058e-05
2.26458e-05
7.67941e-05
2.58297e-05
7.78521e-05
2.95403e-05
7.91077e-05
3.34557e-05
8.06031e-05
3.70426e-05
4.01863e-05
2.08386e-06
-9.035e-06
4.35832e-06
-3.68699e-05
6.01965e-06
-4.60506e-05
7.4617e-06
-4.39476e-05
9.01617e-06
-3.98631e-05
1.08365e-05
-3.75856e-05
1.28358e-05
-3.68852e-05
1.48743e-05
-3.68165e-05
1.6872e-05
-3.68459e-05
1.88086e-05
-3.6815e-05
2.06906e-05
-3.67237e-05
2.25244e-05
-3.65932e-05
2.43065e-05
-3.64248e-05
2.6033e-05
-3.62147e-05
2.7697e-05
-3.5945e-05
2.93117e-05
-3.56237e-05
3.09054e-05
-3.52469e-05
3.25375e-05
-3.48357e-05
3.42868e-05
-3.43895e-05
3.62521e-05
-3.39129e-05
3.86018e-05
-3.35034e-05
4.15811e-05
-3.32589e-05
4.54427e-05
-3.31795e-05
5.02941e-05
-3.31277e-05
5.65355e-05
-3.3498e-05
6.45531e-05
-3.43115e-05
7.39687e-05
-3.47077e-05
8.37756e-05
-3.37084e-05
9.40525e-05
-3.25784e-05
0.000104322
-3.05115e-05
0.000113644
-2.66772e-05
0.00012072
-2.04527e-05
0.000124772
-1.25593e-05
0.000124733
-3.04521e-06
0.000120544
6.92663e-06
0.000113495
1.58497e-05
0.000105393
2.19687e-05
9.74675e-05
2.64769e-05
9.06206e-05
2.94927e-05
8.62708e-05
3.01795e-05
8.37025e-05
3.21086e-05
8.27927e-05
3.43655e-05
8.33304e-05
3.65049e-05
3.88716e-05
2.57456e-06
-1.16096e-05
4.8145e-06
-3.91098e-05
5.99474e-06
-4.72309e-05
7.15935e-06
-4.51122e-05
8.66333e-06
-4.1367e-05
1.04546e-05
-3.93768e-05
1.23545e-05
-3.87852e-05
1.42309e-05
-3.86929e-05
1.60406e-05
-3.86555e-05
1.77903e-05
-3.85647e-05
1.95053e-05
-3.84387e-05
2.12075e-05
-3.82954e-05
2.29205e-05
-3.81379e-05
2.4695e-05
-3.79891e-05
2.65714e-05
-3.78214e-05
2.86459e-05
-3.76982e-05
3.10384e-05
-3.76394e-05
3.39482e-05
-3.77455e-05
3.75847e-05
-3.80259e-05
4.20787e-05
-3.8407e-05
4.78586e-05
-3.92832e-05
5.54813e-05
-4.08817e-05
6.47025e-05
-4.24007e-05
7.56076e-05
-4.40328e-05
8.98388e-05
-4.77292e-05
0.000109097
-5.35697e-05
0.000128724
-5.43351e-05
0.000145876
-5.08596e-05
0.000158692
-4.53949e-05
0.000167232
-3.90513e-05
0.00017237
-3.18151e-05
0.000174462
-2.25447e-05
0.000173801
-1.18983e-05
0.000167324
3.43146e-06
0.000156442
1.78085e-05
0.000145593
2.66989e-05
0.000134165
3.33967e-05
0.000120716
3.99257e-05
0.000107
4.32091e-05
9.72612e-05
3.99181e-05
9.1384e-05
3.79859e-05
8.81297e-05
3.76198e-05
8.71256e-05
3.7509e-05
8.74073e-05
3.85899e-05
3.9612e-05
3.78558e-06
-1.53951e-05
6.45186e-06
-4.17761e-05
6.75085e-06
-4.75299e-05
7.09093e-06
-4.54523e-05
8.34075e-06
-4.26169e-05
1.01046e-05
-4.11407e-05
1.19741e-05
-4.06546e-05
1.38153e-05
-4.05341e-05
1.5646e-05
-4.04862e-05
1.75229e-05
-4.04416e-05
1.95145e-05
-4.04302e-05
2.16883e-05
-4.04692e-05
2.41406e-05
-4.05902e-05
2.70212e-05
-4.08697e-05
3.0379e-05
-4.11793e-05
3.44413e-05
-4.17605e-05
3.9476e-05
-4.26741e-05
4.58465e-05
-4.41159e-05
5.33755e-05
-4.5555e-05
6.23272e-05
-4.73586e-05
7.41165e-05
-5.10726e-05
9.00438e-05
-5.6809e-05
0.00010553
-5.78868e-05
0.000119595
-5.80977e-05
0.000130845
-5.8979e-05
0.000138152
-6.08766e-05
0.000144054
-6.02372e-05
0.000148581
-5.53869e-05
0.000150763
-4.75768e-05
0.000151286
-3.95746e-05
0.00015051
-3.10396e-05
0.000149496
-2.15302e-05
0.000149038
-1.14399e-05
0.000152828
-3.58991e-07
0.000159157
1.1479e-05
0.000161558
2.42981e-05
0.000157852
3.7103e-05
0.000148906
4.88713e-05
0.000135679
5.64365e-05
0.000120311
5.52861e-05
0.000106562
5.17346e-05
9.64452e-05
4.77368e-05
9.14843e-05
4.24698e-05
8.99335e-05
4.01407e-05
3.88742e-05
5.95786e-06
-2.1353e-05
1.02183e-05
-4.60365e-05
9.14486e-06
-4.64564e-05
8.00698e-06
-4.43144e-05
8.94121e-06
-4.35511e-05
1.10028e-05
-4.32023e-05
1.32689e-05
-4.29207e-05
1.55944e-05
-4.28595e-05
1.80849e-05
-4.29768e-05
2.08613e-05
-4.3218e-05
2.40716e-05
-4.36406e-05
2.78652e-05
-4.42628e-05
3.2446e-05
-4.5171e-05
3.78065e-05
-4.62301e-05
4.3799e-05
-4.71719e-05
5.1178e-05
-4.91395e-05
6.03982e-05
-5.18943e-05
7.17611e-05
-5.54789e-05
8.14157e-05
-5.52095e-05
8.92058e-05
-5.51488e-05
9.5002e-05
-5.68688e-05
9.92891e-05
-6.10961e-05
0.000106202
-6.48e-05
0.000114871
-6.67666e-05
0.000123569
-6.7677e-05
0.000130607
-6.79139e-05
0.000135815
-6.5446e-05
0.000139612
-5.91838e-05
0.000142108
-5.00724e-05
0.000142729
-4.01956e-05
0.000141827
-3.01375e-05
0.000140201
-1.99048e-05
0.000138595
-9.83348e-06
0.000138554
-3.17676e-07
0.000141952
8.08103e-06
0.000148549
1.77004e-05
0.000154698
3.0954e-05
0.000155912
4.76576e-05
0.000150075
6.22734e-05
0.000138628
6.67335e-05
0.000126288
6.40743e-05
0.000114694
5.93312e-05
0.000104162
5.30009e-05
9.60865e-05
4.82166e-05
4.24389e-05
8.89842e-06
-3.02514e-05
1.58011e-05
-5.29393e-05
1.34288e-05
-4.40841e-05
1.10689e-05
-4.19544e-05
1.21958e-05
-4.4678e-05
1.52012e-05
-4.62078e-05
1.85276e-05
-4.6247e-05
2.21137e-05
-4.64457e-05
2.6124e-05
-4.69871e-05
3.0693e-05
-4.7787e-05
3.61188e-05
-4.90664e-05
4.27141e-05
-5.08582e-05
5.10134e-05
-5.34702e-05
5.8132e-05
-5.33487e-05
6.36619e-05
-5.27018e-05
6.74914e-05
-5.2969e-05
6.96183e-05
-5.40212e-05
6.98405e-05
-5.57011e-05
7.15926e-05
-5.69617e-05
7.50554e-05
-5.86116e-05
8.02308e-05
-6.20441e-05
8.67887e-05
-6.7654e-05
9.53681e-05
-7.33795e-05
0.000105793
-7.71913e-05
0.000116682
-7.85658e-05
0.000126315
-7.75472e-05
0.000134072
-7.32031e-05
0.000139839
-6.49507e-05
0.000143634
-5.38674e-05
0.000145253
-4.18151e-05
0.000144907
-2.97912e-05
0.00014298
-1.79782e-05
0.000139985
-6.83818e-06
0.000136944
2.72362e-06
0.000134929
1.00957e-05
0.000134535
1.80947e-05
0.000134254
3.12347e-05
0.000130938
5.09739e-05
0.000124317
6.88943e-05
0.000117383
7.36669e-05
0.000114186
6.72718e-05
0.0001141
5.94168e-05
0.000116052
5.10494e-05
0.000116381
4.78878e-05
4.72836e-05
1.13613e-05
-4.16127e-05
2.01395e-05
-6.17175e-05
1.88104e-05
-4.2755e-05
1.81909e-05
-4.1335e-05
2.06444e-05
-4.71314e-05
2.47753e-05
-5.03388e-05
2.92159e-05
-5.06876e-05
3.3373e-05
-5.06028e-05
3.73427e-05
-5.09567e-05
4.09592e-05
-5.14036e-05
4.41662e-05
-5.22733e-05
4.66925e-05
-5.33845e-05
4.75894e-05
-5.4367e-05
4.86937e-05
-5.44531e-05
5.02798e-05
-5.42878e-05
5.18505e-05
-5.45397e-05
5.3361e-05
-5.55317e-05
5.49644e-05
-5.73046e-05
5.77834e-05
-5.97806e-05
6.27122e-05
-6.35404e-05
7.02604e-05
-6.95923e-05
8.00576e-05
-7.74513e-05
9.13095e-05
-8.46314e-05
0.000102905
-8.87863e-05
0.000113881
-8.95424e-05
0.00012345
-8.71163e-05
0.000131285
-8.10376e-05
0.000137392
-7.10578e-05
0.000142078
-5.85534e-05
0.000145422
-4.51591e-05
0.000147215
-3.15844e-05
0.000147076
-1.78391e-05
0.000144719
-4.48078e-06
0.000140358
7.08371e-06
0.000134081
1.6373e-05
0.000125723
2.6453e-05
0.000114225
4.27327e-05
9.98047e-05
6.53941e-05
8.84993e-05
8.01998e-05
8.91349e-05
7.30312e-05
9.95912e-05
5.68156e-05
0.00011446
4.45479e-05
0.000128993
3.65162e-05
0.000139177
3.77045e-05
4.51011e-05
9.31993e-06
-5.09327e-05
6.35571e-06
-5.87532e-05
1.34961e-05
-4.98954e-05
1.77641e-05
-4.56031e-05
1.97334e-05
-4.91007e-05
2.14642e-05
-5.20697e-05
2.37352e-05
-5.29586e-05
2.63202e-05
-5.31878e-05
2.88253e-05
-5.34618e-05
3.1229e-05
-5.38072e-05
3.33157e-05
-5.43599e-05
3.50025e-05
-5.50712e-05
3.63361e-05
-5.57005e-05
3.79688e-05
-5.60858e-05
4.01765e-05
-5.64955e-05
4.28587e-05
-5.7222e-05
4.58894e-05
-5.85624e-05
4.93292e-05
-6.07443e-05
5.35202e-05
-6.39716e-05
5.91914e-05
-6.92116e-05
6.72284e-05
-7.76293e-05
7.71216e-05
-8.73445e-05
8.73356e-05
-9.48455e-05
9.67449e-05
-9.81957e-05
0.000105152
-9.79493e-05
0.0001122
-9.41641e-05
0.000117797
-8.66345e-05
0.000122804
-7.6065e-05
0.000128272
-6.40223e-05
0.000134353
-5.12401e-05
0.000140175
-3.74063e-05
0.000144431
-2.20952e-05
0.000145803
-5.8528e-06
0.000143099
9.78798e-06
0.000135905
2.35669e-05
0.000124013
3.83451e-05
0.000107578
5.91676e-05
9.05385e-05
8.24337e-05
8.50024e-05
8.57359e-05
9.50012e-05
6.30324e-05
0.00010933
4.24866e-05
0.000122739
3.11387e-05
0.000132671
2.65843e-05
0.000141741
2.86345e-05
3.59749e-05
-3.15522e-06
-4.77774e-05
-3.89796e-06
-5.80105e-05
3.0145e-06
-5.68078e-05
1.06885e-05
-5.32771e-05
1.48745e-05
-5.32867e-05
1.70584e-05
-5.42537e-05
1.90071e-05
-5.49074e-05
2.11967e-05
-5.53774e-05
2.35647e-05
-5.58297e-05
2.60457e-05
-5.62883e-05
2.85149e-05
-5.6829e-05
3.09165e-05
-5.74729e-05
3.33445e-05
-5.81285e-05
3.60151e-05
-5.87565e-05
3.89594e-05
-5.94398e-05
4.20462e-05
-6.03088e-05
4.51932e-05
-6.17095e-05
4.844e-05
-6.39911e-05
5.19105e-05
-6.7442e-05
5.64419e-05
-7.37429e-05
6.31628e-05
-8.43502e-05
7.08703e-05
-9.5052e-05
7.75476e-05
-0.000101523
8.28528e-05
-0.000103501
8.70733e-05
-0.00010217
9.0243e-05
-9.73338e-05
9.31147e-05
-8.95063e-05
9.74745e-05
-8.04247e-05
0.00010431
-7.0858e-05
0.0001134
-6.033e-05
0.000123696
-4.77026e-05
0.000133489
-3.18875e-05
0.000140474
-1.2838e-05
0.000142793
7.46936e-06
0.000139333
2.70266e-05
0.000130244
4.7434e-05
0.000117582
7.18297e-05
0.000106938
9.30773e-05
0.000105555
8.71194e-05
0.000110793
5.77944e-05
0.000117327
3.5952e-05
0.000123078
2.53882e-05
0.000127854
2.1808e-05
0.000133313
2.31751e-05
2.80536e-05
-5.98736e-06
-4.17901e-05
-3.00285e-06
-6.09951e-05
2.97235e-06
-6.27831e-05
8.7304e-06
-5.90352e-05
1.26842e-05
-5.72405e-05
1.54608e-05
-5.70303e-05
1.79312e-05
-5.73778e-05
2.04554e-05
-5.79017e-05
2.30933e-05
-5.84677e-05
2.58167e-05
-5.90116e-05
2.85619e-05
-5.95742e-05
3.12771e-05
-6.0188e-05
3.39824e-05
-6.08338e-05
3.67153e-05
-6.14894e-05
3.94122e-05
-6.21367e-05
4.19694e-05
-6.2866e-05
4.44313e-05
-6.41713e-05
4.68861e-05
-6.6446e-05
4.92715e-05
-6.98274e-05
5.24173e-05
-7.68887e-05
5.72933e-05
-8.92263e-05
6.16239e-05
-9.93826e-05
6.34725e-05
-0.000103371
6.3657e-05
-0.000103685
6.29943e-05
-0.000101507
6.32869e-05
-9.76264e-05
6.61316e-05
-9.2351e-05
7.18398e-05
-8.61329e-05
8.00758e-05
-7.9094e-05
9.08121e-05
-7.10663e-05
0.00010366
-6.05505e-05
0.000117455
-4.56826e-05
0.000130075
-2.54582e-05
0.000139023
-1.478e-06
0.000142263
2.37858e-05
0.000140045
4.9652e-05
0.000135638
7.62372e-05
0.000132915
9.58005e-05
0.000130277
8.97572e-05
0.000126308
6.17633e-05
0.000123272
3.89881e-05
0.000122432
2.62282e-05
0.000123608
2.06322e-05
0.00012662
2.01625e-05
2.31111e-05
-3.71266e-06
-3.80774e-05
2.65663e-07
-6.49734e-05
4.45051e-06
-6.69679e-05
8.63397e-06
-6.32187e-05
1.20538e-05
-6.06604e-05
1.49954e-05
-5.99719e-05
1.78058e-05
-6.01882e-05
2.05917e-05
-6.06877e-05
2.33563e-05
-6.12323e-05
2.60977e-05
-6.1753e-05
2.87985e-05
-6.2275e-05
3.14424e-05
-6.2832e-05
3.40284e-05
-6.34198e-05
3.65375e-05
-6.39985e-05
3.89057e-05
-6.4505e-05
4.10922e-05
-6.50525e-05
4.321e-05
-6.62891e-05
4.53194e-05
-6.85554e-05
4.71306e-05
-7.16387e-05
4.90723e-05
-7.88305e-05
5.11593e-05
-9.13133e-05
5.13423e-05
-9.95656e-05
4.85067e-05
-0.000100536
4.54331e-05
-0.000100612
4.39972e-05
-0.000100071
4.53822e-05
-9.90114e-05
4.94632e-05
-9.6432e-05
5.56572e-05
-9.2327e-05
6.38119e-05
-8.72487e-05
7.41492e-05
-8.14037e-05
8.68607e-05
-7.3262e-05
0.0001013
-6.01214e-05
0.000116089
-4.02474e-05
0.000129849
-1.52378e-05
0.000140641
1.29936e-05
0.000146685
4.36081e-05
0.00015046
7.24622e-05
0.000153888
9.23723e-05
0.000152536
9.11094e-05
0.00014428
7.00184e-05
0.000135548
4.77209e-05
0.000129962
3.18136e-05
0.000127773
2.28212e-05
0.000128465
1.94702e-05
2.0339e-05
-1.75414e-06
-3.63233e-05
1.40118e-06
-6.81288e-05
5.14499e-06
-7.07118e-05
8.58404e-06
-6.66577e-05
1.16865e-05
-6.37629e-05
1.46422e-05
-6.29276e-05
1.75548e-05
-6.31008e-05
2.04068e-05
-6.35397e-05
2.31736e-05
-6.39991e-05
2.58661e-05
-6.44456e-05
2.84979e-05
-6.4907e-05
3.10754e-05
-6.54095e-05
3.35944e-05
-6.59388e-05
3.60223e-05
-6.64265e-05
3.83196e-05
-6.68023e-05
4.04787e-05
-6.72116e-05
4.25751e-05
-6.83854e-05
4.46355e-05
-7.06159e-05
4.63759e-05
-7.33791e-05
4.71325e-05
-7.95872e-05
4.59982e-05
-9.01789e-05
4.32806e-05
-9.6848e-05
3.93096e-05
-9.65648e-05
3.60732e-05
-9.73754e-05
3.55797e-05
-9.95778e-05
3.75961e-05
-0.000101028
4.14022e-05
-0.000100238
4.66281e-05
-9.75529e-05
5.3358e-05
-9.39786e-05
6.17812e-05
-8.98269e-05
7.25645e-05
-8.40453e-05
8.58927e-05
-7.34497e-05
0.000100763
-5.5118e-05
0.000115517
-2.99918e-05
0.000129569
-1.05855e-06
0.000142649
3.05283e-05
0.000154156
6.09556e-05
0.000163055
8.34728e-05
0.000165921
8.82441e-05
0.000160475
7.54642e-05
0.000151586
5.66096e-05
0.000143537
3.98628e-05
0.000138311
2.8047e-05
0.000136227
2.15543e-05
1.97112e-05
-4.2833e-07
-3.5895e-05
2.4768e-06
-7.10339e-05
5.72193e-06
-7.39569e-05
8.63727e-06
-6.95731e-05
1.15442e-05
-6.66698e-05
1.44846e-05
-6.5868e-05
1.73922e-05
-6.60085e-05
2.02154e-05
-6.6363e-05
2.29454e-05
-6.67291e-05
2.56036e-05
-6.71038e-05
2.82107e-05
-6.75141e-05
3.07733e-05
-6.79721e-05
3.32821e-05
-6.84476e-05
3.57118e-05
-6.88562e-05
3.80537e-05
-6.91441e-05
4.03098e-05
-6.94678e-05
4.24634e-05
-7.0539e-05
4.45236e-05
-7.2676e-05
4.64382e-05
-7.52937e-05
4.66791e-05
-7.9828e-05
4.41669e-05
-8.76668e-05
4.08317e-05
-9.35127e-05
3.84273e-05
-9.41604e-05
3.60892e-05
-9.50373e-05
3.5395e-05
-9.88835e-05
3.64866e-05
-0.000102119
3.86683e-05
-0.00010242
4.14233e-05
-0.000100308
4.50403e-05
-9.75956e-05
5.01377e-05
-9.49243e-05
5.78219e-05
-9.17295e-05
6.8989e-05
-8.46168e-05
8.29865e-05
-6.91156e-05
9.8324e-05
-4.53292e-05
0.000113391
-1.61251e-05
0.000128506
1.54132e-05
0.000144036
4.54253e-05
0.000157826
6.96828e-05
0.000165568
8.05021e-05
0.000165453
7.55796e-05
0.00016031
6.17517e-05
0.000153737
4.64363e-05
0.000148101
3.36835e-05
0.000144545
2.51098e-05
2.08572e-05
8.85578e-07
-3.67806e-05
3.64689e-06
-7.37952e-05
6.36369e-06
-7.66737e-05
8.90305e-06
-7.21124e-05
1.16417e-05
-6.94084e-05
1.45119e-05
-6.87382e-05
1.73582e-05
-6.88548e-05
2.01212e-05
-6.91261e-05
2.2806e-05
-6.9414e-05
2.54343e-05
-6.97321e-05
2.80205e-05
-7.01003e-05
3.05668e-05
-7.05184e-05
3.30675e-05
-7.09484e-05
3.55217e-05
-7.13104e-05
3.79447e-05
-7.15672e-05
4.03377e-05
-7.18608e-05
4.25873e-05
-7.27886e-05
4.46416e-05
-7.47303e-05
4.66102e-05
-7.72624e-05
4.73291e-05
-8.0547e-05
4.56335e-05
-8.59712e-05
4.30671e-05
-9.09463e-05
4.20127e-05
-9.31061e-05
4.13964e-05
-9.4421e-05
4.05076e-05
-9.79947e-05
3.97981e-05
-0.00010141
3.95099e-05
-0.000102132
3.97072e-05
-0.000100505
4.05947e-05
-9.84831e-05
4.22645e-05
-9.65942e-05
4.54537e-05
-9.49187e-05
5.21299e-05
-9.1293e-05
6.30723e-05
-8.0058e-05
7.69895e-05
-5.92464e-05
9.23381e-05
-3.14737e-05
0.000108085
-3.33705e-07
0.000124196
2.93145e-05
0.000140164
5.37149e-05
0.000151834
6.88318e-05
0.00015723
7.01836e-05
0.000157552
6.14298e-05
0.000155121
4.88668e-05
0.000151874
3.69305e-05
0.000149183
2.78011e-05
2.21982e-05
2.01503e-06
-3.87956e-05
4.68443e-06
-7.64647e-05
6.96705e-06
-7.89564e-05
9.25445e-06
-7.43998e-05
1.18534e-05
-7.20073e-05
1.46172e-05
-7.1502e-05
1.73722e-05
-7.16098e-05
2.00638e-05
-7.18177e-05
2.26992e-05
-7.20494e-05
2.52931e-05
-7.2326e-05
2.78527e-05
-7.26599e-05
3.03791e-05
-7.30448e-05
3.28764e-05
-7.34457e-05
3.53659e-05
-7.38e-05
3.78765e-05
-7.40777e-05
4.04072e-05
-7.43915e-05
4.27935e-05
-7.51749e-05
4.48944e-05
-7.68312e-05
4.68021e-05
-7.91701e-05
4.81474e-05
-8.18923e-05
4.78359e-05
-8.56597e-05
4.65796e-05
-8.96899e-05
4.60972e-05
-9.26237e-05
4.6278e-05
-9.46017e-05
4.53833e-05
-9.71001e-05
4.33907e-05
-9.94174e-05
4.12474e-05
-9.99883e-05
3.9532e-05
-9.87898e-05
3.8292e-05
-9.72432e-05
3.729e-05
-9.55922e-05
3.65166e-05
-9.41453e-05
3.74247e-05
-9.22012e-05
4.27131e-05
-8.53464e-05
5.30682e-05
-6.96015e-05
6.70981e-05
-4.55036e-05
8.26534e-05
-1.5889e-05
9.81963e-05
1.37717e-05
0.000113868
3.80433e-05
0.000128024
5.46751e-05
0.000138416
5.97923e-05
0.00014463
5.52151e-05
0.000147669
4.58285e-05
0.000148669
3.593e-05
0.000148743
2.77278e-05
2.20345e-05
2.88413e-06
-4.16798e-05
5.50061e-06
-7.90812e-05
7.46635e-06
-8.09221e-05
9.58951e-06
-7.6523e-05
1.20839e-05
-7.45017e-05
1.47431e-05
-7.41612e-05
1.74042e-05
-7.42709e-05
2.00248e-05
-7.44383e-05
2.26102e-05
-7.46348e-05
2.51679e-05
-7.48837e-05
2.76998e-05
-7.51918e-05
3.0207e-05
-7.55519e-05
3.27007e-05
-7.59394e-05
3.52126e-05
-7.63119e-05
3.77796e-05
-7.66447e-05
4.04033e-05
-7.70152e-05
4.29307e-05
-7.77023e-05
4.516e-05
-7.90606e-05
4.70908e-05
-8.11009e-05
4.86986e-05
-8.35e-05
4.93738e-05
-8.6335e-05
4.91757e-05
-8.94918e-05
4.88771e-05
-9.2325e-05
4.87193e-05
-9.4444e-05
4.76901e-05
-9.60709e-05
4.54731e-05
-9.72004e-05
4.28487e-05
-9.7364e-05
4.04379e-05
-9.6379e-05
3.81612e-05
-9.49665e-05
3.57123e-05
-9.31433e-05
3.24926e-05
-9.09255e-05
2.87766e-05
-8.84853e-05
2.7052e-05
-8.36218e-05
3.02991e-05
-7.28487e-05
3.91941e-05
-5.43986e-05
5.25875e-05
-2.92825e-05
6.82664e-05
-1.90726e-06
8.45235e-05
2.17862e-05
0.000100766
3.84321e-05
0.000115158
4.54006e-05
0.000126413
4.39607e-05
0.000134586
3.76552e-05
0.000140239
3.0277e-05
0.00014403
2.3937e-05
1.92394e-05
3.4823e-06
-4.51621e-05
6.05419e-06
-8.16531e-05
7.83e-06
-8.26979e-05
9.87183e-06
-7.85648e-05
1.22938e-05
-7.69237e-05
1.48627e-05
-7.67301e-05
1.74406e-05
-7.68488e-05
1.99975e-05
-7.69951e-05
2.2536e-05
-7.71733e-05
2.5058e-05
-7.74056e-05
2.75617e-05
-7.76956e-05
3.00477e-05
-7.80379e-05
3.25281e-05
-7.84198e-05
3.50339e-05
-7.88177e-05
3.76047e-05
-7.92155e-05
4.02479e-05
-7.96584e-05
4.28569e-05
-8.03113e-05
4.52231e-05
-8.14268e-05
4.72315e-05
-8.31093e-05
4.88941e-05
-8.51626e-05
5.00107e-05
-8.74517e-05
5.04378e-05
-8.99188e-05
5.03111e-05
-9.21983e-05
4.97815e-05
-9.39143e-05
4.86547e-05
-9.49441e-05
4.68431e-05
-9.53888e-05
4.46668e-05
-9.51878e-05
4.24759e-05
-9.41881e-05
4.01639e-05
-9.26546e-05
3.75529e-05
-9.05323e-05
3.41517e-05
-8.75243e-05
2.92655e-05
-8.35991e-05
2.38054e-05
-7.81617e-05
2.0482e-05
-6.95253e-05
2.1733e-05
-5.56496e-05
2.91205e-05
-3.66699e-05
4.23149e-05
-1.51017e-05
5.95151e-05
4.58602e-06
7.81396e-05
1.98075e-05
9.57641e-05
2.77761e-05
0.000110697
2.90275e-05
0.000122463
2.58894e-05
0.000131546
2.11942e-05
0.000138494
1.69892e-05
1.39055e-05
3.83941e-06
-4.90015e-05
6.35898e-06
-8.41726e-05
8.05622e-06
-8.43952e-05
1.00821e-05
-8.05908e-05
1.246e-05
-7.93015e-05
1.49577e-05
-7.92277e-05
1.74678e-05
-7.9359e-05
1.99714e-05
-7.94986e-05
2.24682e-05
-7.96701e-05
2.49563e-05
-7.98937e-05
2.7432e-05
-8.01713e-05
2.98943e-05
-8.05002e-05
3.23511e-05
-8.08767e-05
3.48258e-05
-8.12924e-05
3.73516e-05
-8.17414e-05
3.99409e-05
-8.22477e-05
4.25301e-05
-8.29004e-05
4.49501e-05
-8.38469e-05
4.70291e-05
-8.51883e-05
4.8714e-05
-8.68475e-05
4.99577e-05
-8.86953e-05
5.06406e-05
-9.06017e-05
5.07189e-05
-9.22766e-05
5.02648e-05
-9.34602e-05
4.93998e-05
-9.40791e-05
4.81918e-05
-9.41809e-05
4.67081e-05
-9.3704e-05
4.50714e-05
-9.25514e-05
4.3204e-05
-9.07872e-05
4.10264e-05
-8.83547e-05
3.84618e-05
-8.49597e-05
3.51645e-05
-8.03018e-05
3.10754e-05
-7.40726e-05
2.73165e-05
-6.57664e-05
2.62275e-05
-5.45606e-05
2.99056e-05
-4.03481e-05
3.92933e-05
-2.44894e-05
5.33629e-05
-9.48366e-06
7.05117e-05
2.65877e-06
8.81253e-05
1.01625e-05
0.000104074
1.30784e-05
0.000117257
1.27068e-05
0.000127661
1.07904e-05
0.000135892
8.75841e-06
7.26682e-06
4.0037e-06
-5.30052e-05
6.4639e-06
-8.66328e-05
8.16519e-06
-8.60964e-05
1.02175e-05
-8.26431e-05
1.25727e-05
-8.16567e-05
1.50191e-05
-8.16741e-05
1.74785e-05
-8.18184e-05
1.99399e-05
-8.19599e-05
2.24015e-05
-8.21318e-05
2.48594e-05
-8.23516e-05
2.73087e-05
-8.26206e-05
2.97465e-05
-8.29381e-05
3.21753e-05
-8.33054e-05
3.4607e-05
-8.37242e-05
3.70623e-05
-8.41966e-05
3.95517e-05
-8.4737e-05
4.20384e-05
-8.53872e-05
4.44088e-05
-8.62172e-05
4.6507e-05
-8.72866e-05
4.82356e-05
-8.85761e-05
4.95386e-05
-8.99983e-05
5.03456e-05
-9.14086e-05
5.06557e-05
-9.25868e-05
5.05535e-05
-9.33581e-05
5.01526e-05
-9.36782e-05
4.95034e-05
-9.35316e-05
4.86292e-05
-9.28299e-05
4.75855e-05
-9.15077e-05
4.63424e-05
-8.95441e-05
4.48465e-05
-8.68589e-05
4.31562e-05
-8.32693e-05
4.14096e-05
-7.85553e-05
3.97988e-05
-7.24619e-05
3.87527e-05
-6.47203e-05
3.93806e-05
-5.51886e-05
4.3085e-05
-4.40524e-05
5.0689e-05
-3.20935e-05
6.18632e-05
-2.06579e-05
7.56686e-05
-1.11466e-05
9.04104e-05
-4.57942e-06
0.000104479
-9.90429e-07
0.000116838
3.47895e-07
0.000127182
4.46373e-07
0.000135806
1.34829e-07
-5.06804e-08
4.02755e-06
-5.70327e-05
6.42845e-06
-8.90337e-05
8.18554e-06
-8.78535e-05
1.02862e-05
-8.47438e-05
1.26335e-05
-8.40039e-05
1.5046e-05
-8.40867e-05
1.74698e-05
-8.42422e-05
1.98996e-05
-8.43897e-05
2.2333e-05
-8.45652e-05
2.47653e-05
-8.47839e-05
2.71913e-05
-8.50466e-05
2.96067e-05
-8.53536e-05
3.20093e-05
-8.5708e-05
3.44009e-05
-8.61157e-05
3.67879e-05
-8.65836e-05
3.91725e-05
-8.71216e-05
4.15319e-05
-8.77466e-05
4.37984e-05
-8.84837e-05
4.58643e-05
-8.93525e-05
4.76297e-05
-9.03414e-05
4.90193e-05
-9.13879e-05
4.99893e-05
-9.23786e-05
5.05731e-05
-9.31705e-05
5.08556e-05
-9.36406e-05
5.0901e-05
-9.37236e-05
5.07379e-05
-9.33686e-05
5.04103e-05
-9.25023e-05
4.99641e-05
-9.10614e-05
4.94157e-05
-8.89957e-05
4.87889e-05
-8.62321e-05
4.81711e-05
-8.26515e-05
4.77359e-05
-7.812e-05
4.77633e-05
-7.24893e-05
4.868e-05
-6.5637e-05
5.10668e-05
-5.75754e-05
5.55824e-05
-4.85681e-05
6.26812e-05
-3.91923e-05
7.22859e-05
-3.02626e-05
8.37466e-05
-2.26073e-05
9.5976e-05
-1.68088e-05
0.000107935
-1.29497e-05
0.000118939
-1.06559e-05
0.000128737
-9.35191e-06
0.000137368
-8.49626e-06
-7.68883e-06
3.95502e-06
-6.09878e-05
6.30605e-06
-9.13847e-05
8.14491e-06
-8.96924e-05
1.03008e-05
-8.68997e-05
1.26491e-05
-8.63522e-05
1.50412e-05
-8.64788e-05
1.74418e-05
-8.66427e-05
1.98493e-05
-8.67972e-05
2.22614e-05
-8.69773e-05
2.46733e-05
-8.71958e-05
2.70802e-05
-8.74536e-05
2.94774e-05
-8.77508e-05
3.18597e-05
-8.80904e-05
3.42225e-05
-8.84784e-05
3.65613e-05
-8.89224e-05
3.88696e-05
-8.94298e-05
4.11292e-05
-9.00062e-05
4.33003e-05
-9.06548e-05
4.53186e-05
-9.13708e-05
4.71094e-05
-9.21322e-05
4.86092e-05
-9.28878e-05
4.97898e-05
-9.35592e-05
5.06737e-05
-9.40545e-05
5.13167e-05
-9.42835e-05
5.17655e-05
-9.41725e-05
5.20574e-05
-9.36604e-05
5.22441e-05
-9.26891e-05
5.23808e-05
-9.11981e-05
5.25179e-05
-8.91327e-05
5.27178e-05
-8.64321e-05
5.30813e-05
-8.3015e-05
5.37603e-05
-7.8799e-05
5.49894e-05
-7.37184e-05
5.71001e-05
-6.77478e-05
6.04878e-05
-6.0963e-05
6.55159e-05
-5.35961e-05
7.23747e-05
-4.60511e-05
8.09597e-05
-3.88476e-05
9.08462e-05
-3.24937e-05
0.000101378
-2.73402e-05
0.000111892
-2.34636e-05
0.00012191
-2.06741e-05
0.000131194
-1.86358e-05
0.000139692
-1.69947e-05
-1.54585e-05
3.82247e-06
-6.48102e-05
6.13869e-06
-9.37009e-05
8.06644e-06
-9.16201e-05
1.02747e-05
-8.9108e-05
1.26286e-05
-8.87061e-05
1.50099e-05
-8.88601e-05
1.73965e-05
-8.90294e-05
1.97893e-05
-8.919e-05
2.21864e-05
-8.93744e-05
2.45834e-05
-8.95929e-05
2.69761e-05
-8.98462e-05
2.93598e-05
-9.01344e-05
3.17288e-05
-9.04593e-05
3.40754e-05
-9.0825e-05
3.63902e-05
-9.12372e-05
3.8661e-05
-9.17007e-05
4.08708e-05
-9.22159e-05
4.29929e-05
-9.27769e-05
4.49896e-05
-9.33675e-05
4.6816e-05
-9.39586e-05
4.8434e-05
-9.45058e-05
4.98265e-05
-9.49516e-05
5.10015e-05
-9.52295e-05
5.19883e-05
-9.52704e-05
5.28266e-05
-9.50108e-05
5.35605e-05
-9.43943e-05
5.42401e-05
-9.33686e-05
5.49238e-05
-9.18818e-05
5.56754e-05
-8.98842e-05
5.6572e-05
-8.73287e-05
5.77195e-05
-8.41625e-05
5.92588e-05
-8.03382e-05
6.13752e-05
-7.58347e-05
6.43023e-05
-7.06749e-05
6.82912e-05
-6.49519e-05
7.35492e-05
-5.88541e-05
8.01621e-05
-5.26641e-05
8.80342e-05
-4.67196e-05
9.68813e-05
-4.13409e-05
0.000106289
-3.67484e-05
0.000115829
-3.30034e-05
0.000125162
-3.00064e-05
0.000134081
-2.75548e-05
0.0001425
-2.54135e-05
-2.33686e-05
3.66213e-06
-6.84723e-05
5.95674e-06
-9.59955e-05
7.9676e-06
-9.3631e-05
1.02204e-05
-9.13607e-05
1.25815e-05
-9.10672e-05
1.4958e-05
-9.12367e-05
1.73372e-05
-9.14086e-05
1.97212e-05
-9.1574e-05
2.21086e-05
-9.17618e-05
2.44959e-05
-9.19801e-05
2.68792e-05
-9.22295e-05
2.92544e-05
-9.25096e-05
3.16161e-05
-9.2821e-05
3.39568e-05
-9.31656e-05
3.6266e-05
-9.35464e-05
3.85305e-05
-9.39652e-05
4.07342e-05
-9.44196e-05
4.28571e-05
-9.48998e-05
4.48756e-05
-9.5386e-05
4.67655e-05
-9.58485e-05
4.85078e-05
-9.62481e-05
5.00945e-05
-9.65383e-05
5.15312e-05
-9.66662e-05
5.2838e-05
-9.65772e-05
5.40472e-05
-9.622e-05
5.52005e-05
-9.55476e-05
5.63461e-05
-9.45142e-05
5.75405e-05
-9.30761e-05
5.88493e-05
-9.11931e-05
6.03496e-05
-8.88289e-05
6.21391e-05
-8.5952e-05
6.43425e-05
-8.25416e-05
6.7109e-05
-7.86012e-05
7.06048e-05
-7.41706e-05
7.49909e-05
-6.93381e-05
8.03869e-05
-6.425e-05
8.68276e-05
-5.91049e-05
9.42346e-05
-5.41266e-05
0.000102415
-4.95212e-05
0.000111097
-4.54305e-05
0.000119993
-4.18993e-05
0.000128859
-3.88726e-05
0.000137527
-3.62228e-05
0.000145902
-3.37883e-05
-3.141e-05
3.49642e-06
-7.19687e-05
5.77949e-06
-9.82786e-05
7.86084e-06
-9.57123e-05
1.01485e-05
-9.36484e-05
1.25162e-05
-9.3435e-05
1.48915e-05
-9.3612e-05
1.72675e-05
-9.37845e-05
1.96469e-05
-9.39535e-05
2.20289e-05
-9.41438e-05
2.44108e-05
-9.4362e-05
2.67893e-05
-9.4608e-05
2.91608e-05
-9.48811e-05
3.15208e-05
-9.5181e-05
3.38628e-05
-9.55076e-05
3.61777e-05
-9.58613e-05
3.84541e-05
-9.62416e-05
4.06782e-05
-9.66437e-05
4.28351e-05
-9.70566e-05
4.49095e-05
-9.74605e-05
4.68886e-05
-9.78275e-05
4.87636e-05
-9.81232e-05
5.0533e-05
-9.83077e-05
5.22054e-05
-9.83385e-05
5.38001e-05
-9.81718e-05
5.53458e-05
-9.77658e-05
5.68796e-05
-9.70813e-05
5.84464e-05
-9.60809e-05
6.00997e-05
-9.47294e-05
6.19022e-05
-9.29955e-05
6.39273e-05
-9.08539e-05
6.62627e-05
-8.82874e-05
6.90121e-05
-8.52909e-05
7.22907e-05
-8.18798e-05
7.62167e-05
-7.80965e-05
8.08954e-05
-7.40168e-05
8.63971e-05
-6.97518e-05
9.27335e-05
-6.54413e-05
9.98431e-05
-6.12362e-05
0.000107593
-5.72713e-05
0.000115802
-5.3639e-05
0.000124272
-5.03699e-05
0.00013283
-4.743e-05
0.000141342
-4.4735e-05
0.000149723
-4.21693e-05
-3.96052e-05
3.33939e-06
-7.53081e-05
5.61738e-06
-0.000100557
7.75441e-06
-9.78493e-05
1.00673e-05
-9.59613e-05
1.24401e-05
-9.58078e-05
1.48156e-05
-9.59874e-05
1.71905e-05
-9.61594e-05
1.9568e-05
-9.6331e-05
2.19479e-05
-9.65237e-05
2.43279e-05
-9.6742e-05
2.67056e-05
-9.69856e-05
2.90779e-05
-9.72534e-05
3.14412e-05
-9.75442e-05
3.37903e-05
-9.78567e-05
3.61183e-05
-9.81893e-05
3.84161e-05
-9.85394e-05
4.06736e-05
-9.89012e-05
4.28801e-05
-9.92632e-05
4.50265e-05
-9.96069e-05
4.71064e-05
-9.99075e-05
4.91175e-05
5.1063e-05
5.29537e-05
5.48087e-05
5.66555e-05
5.85283e-05
6.04689e-05
6.25272e-05
6.47618e-05
6.72396e-05
7.00367e-05
7.32372e-05
7.69287e-05
8.11957e-05
8.6109e-05
9.17114e-05
9.80052e-05
0.000104944
0.000112438
0.000120361
0.000128579
0.000136964
0.000145416
0.000153858
3.19862e-06
5.47457e-06
7.65301e-06
9.98272e-06
1.23583e-05
1.47339e-05
1.71086e-05
1.94858e-05
2.18655e-05
2.42462e-05
2.66262e-05
2.90032e-05
3.13742e-05
3.37357e-05
3.60824e-05
3.84079e-05
4.07053e-05
4.2968e-05
4.51916e-05
)
;

boundaryField
{
    leftWall
    {
        type            calculated;
        value           uniform 0;
    }
    rightWall
    {
        type            calculated;
        value           nonuniform 0();
    }
    lowerWall
    {
        type            calculated;
        value           uniform 0;
    }
    atmosphere
    {
        type            calculated;
        value           nonuniform 0();
    }
    defaultFaces
    {
        type            empty;
        value           nonuniform 0();
    }
    procBoundary0to1
    {
        type            processor;
        value           nonuniform List<scalar> 
44
(
-2.5144e-05
-1.81906e-05
-7.11061e-07
1.63492e-05
2.63639e-05
3.06093e-05
3.09907e-05
3.05301e-05
3.14427e-05
3.46818e-05
4.23632e-05
5.15567e-05
5.87459e-05
6.42342e-05
6.89006e-05
7.29751e-05
7.65101e-05
7.97363e-05
8.24101e-05
8.46451e-05
-4.0931e-05
8.87264e-05
9.06712e-05
9.25218e-05
0.000111536
0.000141359
0.000150867
0.000141235
0.000131563
0.000131238
0.000136855
0.000143399
0.000147842
0.000148906
0.000146825
0.000143827
0.00014253
0.000143123
0.000145007
0.000147462
0.00015041
0.000153943
0.000157918
0.000162251
)
;
    }
    procBoundary0to2
    {
        type            processor;
        value           nonuniform List<scalar> 
46
(
-0.000100134
-0.000100253
-0.000100229
-0.000100027
-9.96125e-05
-9.8954e-05
-9.80215e-05
-9.67878e-05
-9.52302e-05
-9.33319e-05
-9.10846e-05
-8.84914e-05
-8.55713e-05
-8.23636e-05
-7.893e-05
-7.53542e-05
-7.17352e-05
-6.81755e-05
-6.47646e-05
-6.15622e-05
-5.85874e-05
-5.58157e-05
-5.31863e-05
-5.06116e-05
-4.79975e-05
-7.85067e-05
-0.000102833
-0.000100028
-9.8291e-05
-9.81833e-05
-9.8363e-05
-9.85342e-05
-9.87082e-05
-9.89033e-05
-9.91228e-05
-9.93656e-05
-9.96304e-05
-9.99154e-05
-0.000100218
-0.000100536
-0.000100865
-0.000101198
-0.000101526
-0.00010183
4.73745e-05
-0.00010209
)
;
    }
}


// ************************************************************************* //
