/*--------------------------------*- C++ -*----------------------------------*\
| =========                 |                                                 |
| \\      /  F ield         | OpenFOAM: The Open Source CFD Toolbox           |
|  \\    /   O peration     | Version:  3.0.1                                 |
|   \\  /    A nd           | Web:      www.OpenFOAM.org                      |
|    \\/     M anipulation  |                                                 |
\*---------------------------------------------------------------------------*/
FoamFile
{
    version     2.0;
    format      ascii;
    class       surfaceScalarField;
    location    "0.05";
    object      alphaPhi;
}
// * * * * * * * * * * * * * * * * * * * * * * * * * * * * * * * * * * * * * //

dimensions      [0 3 -1 0 0 0 0];

internalField   nonuniform List<scalar> 
3781
(
1.27081e-06
-1.27081e-06
2.6068e-06
-1.33599e-06
3.92698e-06
-1.32019e-06
5.25962e-06
-1.33264e-06
6.61333e-06
-1.35371e-06
7.99376e-06
-1.38043e-06
9.40705e-06
-1.41329e-06
1.086e-05
-1.45298e-06
1.23604e-05
-1.50033e-06
1.39168e-05
-1.55643e-06
1.55394e-05
-1.62263e-06
1.724e-05
-1.70054e-06
1.90322e-05
-1.79219e-06
2.09323e-05
-1.90012e-06
2.29599e-05
-2.02767e-06
2.51392e-05
-2.17928e-06
2.75001e-05
-2.36083e-06
3.00803e-05
-2.58019e-06
3.29275e-05
-2.84721e-06
3.61082e-05
-3.18078e-06
3.96798e-05
-3.5716e-06
4.38162e-05
-4.1363e-06
4.85623e-05
-4.74614e-06
5.40025e-05
-5.4402e-06
5.97145e-05
-5.98039e-06
6.47592e-05
-6.47571e-06
6.14405e-05
-7.34388e-06
2.44923e-05
-5.21035e-06
6.42868e-07
-5.09404e-07
1.40901e-07
2.49274e-07
3.39499e-08
1.45972e-07
-3.82908e-10
5.13688e-08
-2.03844e-09
1.21225e-08
-7.82317e-10
2.35877e-09
-2.05814e-10
4.13094e-10
-4.30631e-11
6.29071e-11
-7.51135e-12
8.53154e-12
-1.10408e-12
1.0598e-12
-1.30475e-13
1.2185e-13
-1.13862e-14
1.29524e-14
7.42874e-16
1.32705e-15
1.0326e-15
2.51905e-16
1.44147e-16
4.6503e-17
1.39692e-17
1.27109e-06
-2.54189e-06
2.60662e-06
-2.67153e-06
3.92663e-06
-2.6402e-06
5.25883e-06
-2.66484e-06
6.61176e-06
-2.70665e-06
7.99104e-06
-2.75971e-06
9.40279e-06
-2.82504e-06
1.08538e-05
-2.90399e-06
1.23517e-05
-2.99821e-06
1.3905e-05
-3.10979e-06
1.55237e-05
-3.24132e-06
1.72191e-05
-3.39595e-06
1.90046e-05
-3.57764e-06
2.08959e-05
-3.79143e-06
2.29121e-05
-4.04391e-06
2.50766e-05
-4.34372e-06
2.7418e-05
-4.70226e-06
2.99723e-05
-5.13445e-06
3.27857e-05
-5.66062e-06
3.59158e-05
-6.31095e-06
3.94358e-05
-7.09157e-06
4.34809e-05
-8.18146e-06
4.80424e-05
-9.30758e-06
5.33341e-05
-1.07324e-05
5.94466e-05
-1.28344e-05
5.88405e-05
-1.43147e-05
3.29265e-05
-1.03326e-05
4.50241e-06
-3.59419e-06
3.61279e-07
-8.20664e-07
9.06468e-08
2.09306e-08
4.42697e-08
8.8626e-08
1.71009e-08
7.91299e-08
2.64277e-09
3.20483e-08
-7.53412e-11
7.43526e-09
-1.34557e-10
1.35948e-09
-4.12691e-11
2.05617e-10
-8.70302e-12
2.80146e-11
-1.45219e-12
3.55669e-12
-1.91416e-13
4.23055e-13
-1.68404e-14
4.71328e-14
4.7734e-16
4.97111e-15
3.60496e-16
6.42297e-16
2.23915e-16
1.3525e-16
4.49159e-17
1.26616e-06
-3.80806e-06
2.59522e-06
-4.00059e-06
3.90908e-06
-3.95407e-06
5.23488e-06
-3.99064e-06
6.58089e-06
-4.05266e-06
7.9526e-06
-4.13143e-06
9.35602e-06
-4.22845e-06
1.07977e-05
-4.34571e-06
1.22851e-05
-4.48561e-06
1.38265e-05
-4.65116e-06
1.54313e-05
-4.84609e-06
1.71103e-05
-5.07499e-06
1.88763e-05
-5.34359e-06
2.07441e-05
-5.65924e-06
2.27316e-05
-6.03142e-06
2.48604e-05
-6.4725e-06
2.71568e-05
-6.99871e-06
2.96536e-05
-7.63127e-06
3.23927e-05
-8.39964e-06
3.54249e-05
-9.34315e-06
3.88254e-05
-1.04921e-05
4.27103e-05
-1.20664e-05
4.71053e-05
-1.37025e-05
5.25632e-05
-1.61903e-05
5.95137e-05
-2.01141e-05
3.78995e-05
-2.03667e-05
3.79775e-06
-6.25854e-06
9.05049e-07
-1.28081e-06
4.71296e-07
-3.25838e-07
3.30473e-07
-1.29719e-09
1.65986e-07
5.9521e-09
2.23742e-08
3.56538e-08
-7.72737e-09
1.87951e-08
-1.84608e-09
3.08067e-09
-2.99433e-10
4.54226e-10
-5.04033e-11
6.62316e-11
-8.28032e-12
9.79357e-12
-1.22117e-12
1.35071e-12
-1.49567e-13
1.76095e-13
-1.16009e-14
2.24662e-14
1.0311e-15
3.28817e-15
2.98706e-16
6.96787e-16
1.59294e-16
1.46992e-16
5.04882e-17
1.25864e-06
-5.0667e-06
2.57822e-06
-5.32018e-06
3.88299e-06
-5.25883e-06
5.19934e-06
-5.30699e-06
6.53521e-06
-5.38853e-06
7.8959e-06
-5.49212e-06
9.28718e-06
-5.61973e-06
1.07154e-05
-5.77392e-06
1.21876e-05
-5.95777e-06
1.37115e-05
-6.17512e-06
1.52961e-05
-6.4307e-06
1.69515e-05
-6.73038e-06
1.86894e-05
-7.08146e-06
2.05234e-05
-7.49325e-06
2.24697e-05
-7.97771e-06
2.45475e-05
-8.55033e-06
2.67801e-05
-9.23131e-06
2.91959e-05
-1.0047e-05
3.18304e-05
-1.10342e-05
3.47276e-05
-1.22403e-05
3.79514e-05
-1.3716e-05
4.15928e-05
-1.57077e-05
4.56408e-05
-1.77505e-05
5.05945e-05
-2.11441e-05
5.268e-05
-2.58088e-05
1.71957e-05
-2.09753e-05
9.40385e-07
-2.93181e-06
1.73909e-07
-5.44996e-07
4.52501e-08
-7.36793e-08
5.06626e-08
5.78776e-10
4.08444e-08
-7.70746e-09
2.30272e-08
-7.1378e-09
2.53803e-09
-5.84343e-10
-6.08493e-10
8.27328e-10
-1.46889e-10
1.28473e-10
-2.31307e-11
1.91889e-11
-3.73307e-12
3.10956e-12
-5.55989e-13
4.90849e-13
-6.57752e-14
7.61486e-14
-5.5292e-16
1.2656e-14
9.95287e-16
2.40302e-15
7.36079e-16
6.73762e-16
1.41199e-16
1.71157e-16
4.1684e-17
1.24864e-06
-6.31534e-06
2.55577e-06
-6.62731e-06
3.84856e-06
-6.55162e-06
5.1525e-06
-6.61094e-06
6.47511e-06
-6.71113e-06
7.82141e-06
-6.83843e-06
9.1969e-06
-6.99521e-06
1.06075e-05
-7.18457e-06
1.20599e-05
-7.41016e-06
1.35614e-05
-7.67653e-06
1.51199e-05
-7.98929e-06
1.67449e-05
-8.35534e-06
1.84468e-05
-8.78331e-06
2.02376e-05
-9.28411e-06
2.21316e-05
-9.87166e-06
2.4145e-05
-1.05638e-05
2.62975e-05
-1.13837e-05
2.8612e-05
-1.23616e-05
3.11166e-05
-1.35388e-05
3.38448e-05
-1.49685e-05
3.6843e-05
-1.67142e-05
4.01637e-05
-1.90285e-05
4.37906e-05
-2.13773e-05
4.81559e-05
-2.55094e-05
4.07809e-05
-3.11389e-05
4.27757e-06
-1.7013e-05
3.44369e-07
-1.60548e-06
4.74344e-08
-2.07303e-07
-6.51135e-09
4.15671e-09
3.66138e-09
3.52383e-09
4.46132e-09
-1.00716e-09
2.78889e-09
-1.67976e-09
1.01087e-09
-7.56913e-10
6.88078e-11
-1.00019e-10
-3.00035e-11
1.70362e-11
-7.83614e-12
5.55405e-12
-1.44823e-12
1.04347e-12
-2.0782e-13
1.91028e-13
-1.39041e-14
3.65883e-14
2.24641e-15
7.88454e-15
6.74042e-16
1.50574e-15
4.413e-16
4.90031e-16
9.68954e-17
1.41699e-16
3.021e-17
1.23624e-06
-7.55159e-06
2.52807e-06
-7.91914e-06
3.80614e-06
-7.82969e-06
5.09485e-06
-7.89965e-06
6.4012e-06
-8.01749e-06
7.72993e-06
-8.16716e-06
9.08617e-06
-8.35145e-06
1.04755e-05
-8.57387e-06
1.19039e-05
-8.83858e-06
1.33781e-05
-9.1507e-06
1.49053e-05
-9.51652e-06
1.64938e-05
-9.9438e-06
1.81526e-05
-1.04422e-05
1.98922e-05
-1.10237e-05
2.17244e-05
-1.17038e-05
2.36624e-05
-1.25018e-05
2.57215e-05
-1.34428e-05
2.7919e-05
-1.45591e-05
3.02747e-05
-1.58945e-05
3.28099e-05
-1.75037e-05
3.55522e-05
-1.94565e-05
3.85172e-05
-2.19935e-05
4.1663e-05
-2.45231e-05
4.53658e-05
-2.92122e-05
2.99839e-05
-3.31566e-05
1.06749e-06
-1.19626e-05
9.29106e-08
-9.83287e-07
-8.70784e-09
-5.54112e-08
-7.23739e-09
1.14736e-08
-2.2726e-10
2.82838e-09
6.0979e-10
1.53049e-10
3.85628e-10
-1.99143e-10
1.61279e-10
-1.29024e-10
2.76463e-11
-3.15542e-11
-3.15975e-12
-9.26757e-13
-1.8206e-12
1.01203e-12
-3.93372e-13
3.18932e-13
-4.77207e-14
7.82126e-14
2.25334e-15
1.93201e-14
1.92406e-15
4.50272e-15
4.63537e-16
1.08786e-15
2.6838e-16
3.42237e-16
7.29531e-17
1.2126e-16
2.20145e-17
1.22157e-06
-8.77316e-06
2.49539e-06
-9.19296e-06
3.75613e-06
-9.09043e-06
5.02693e-06
-9.17046e-06
6.31423e-06
-9.30479e-06
7.62241e-06
-9.47534e-06
8.95621e-06
-9.68524e-06
1.03207e-05
-9.93835e-06
1.17213e-05
-1.02392e-05
1.3164e-05
-1.05934e-05
1.46552e-05
-1.10077e-05
1.62019e-05
-1.14905e-05
1.78118e-05
-1.20521e-05
1.94934e-05
-1.27054e-05
2.12561e-05
-1.34665e-05
2.311e-05
-1.43557e-05
2.50661e-05
-1.53989e-05
2.71358e-05
-1.66288e-05
2.93306e-05
-1.80893e-05
3.16602e-05
-1.98334e-05
3.41347e-05
-2.1931e-05
3.67406e-05
-2.45993e-05
3.94202e-05
-2.72027e-05
4.24891e-05
-3.22812e-05
2.07327e-05
-3.30644e-05
5.80258e-07
-7.73595e-06
1.85364e-08
-6.263e-07
-1.11835e-08
3.88174e-09
-4.39744e-09
1.03809e-08
-4.60481e-10
1.72747e-09
1.09721e-10
1.09957e-10
7.19968e-11
-2.26473e-11
2.59611e-11
-1.80951e-11
4.4022e-12
-5.52694e-12
-4.98443e-13
-3.73392e-13
-3.86794e-13
2.20401e-13
-8.11242e-14
1.03983e-13
-7.69332e-16
3.49208e-14
4.02056e-15
1.01891e-14
1.11616e-15
2.38746e-15
5.21977e-16
6.78693e-16
1.99328e-16
2.7915e-16
4.68836e-17
8.41144e-17
1.45459e-17
1.20473e-06
-9.97789e-06
2.45803e-06
-1.04463e-05
3.69902e-06
-1.03314e-05
4.94942e-06
-1.04209e-05
6.21507e-06
-1.05704e-05
7.49996e-06
-1.07602e-05
8.80838e-06
-1.09937e-05
1.01449e-05
-1.12749e-05
1.15144e-05
-1.16087e-05
1.29219e-05
-1.20009e-05
1.43729e-05
-1.24588e-05
1.58734e-05
-1.29909e-05
1.74295e-05
-1.36082e-05
1.90479e-05
-1.43238e-05
2.07354e-05
-1.5154e-05
2.24992e-05
-1.61194e-05
2.43459e-05
-1.72456e-05
2.62817e-05
-1.85645e-05
2.83104e-05
-2.01181e-05
3.04318e-05
-2.19548e-05
3.26417e-05
-2.41408e-05
3.49057e-05
-2.68633e-05
3.71637e-05
-2.94607e-05
3.96835e-05
-3.4801e-05
1.3516e-05
-3.17745e-05
3.71983e-07
-4.79399e-06
-1.41799e-08
-3.53926e-07
-9.43006e-09
1.74398e-08
-2.60117e-09
7.156e-09
-3.21278e-10
1.01276e-09
-1.42114e-12
9.65021e-11
1.41666e-11
-2.69201e-13
5.12111e-12
-3.41305e-12
7.33091e-13
-9.46273e-13
-1.12786e-13
-2.24283e-14
-6.78499e-14
8.38192e-14
-2.64574e-15
4.6741e-14
6.78392e-15
1.79273e-14
2.60247e-15
5.12028e-15
6.92704e-16
1.41422e-15
4.26124e-16
5.42931e-16
1.42523e-16
2.10636e-16
2.87063e-17
5.29054e-17
9.06925e-18
1.18586e-06
-1.11637e-05
2.41632e-06
-1.16767e-05
3.63532e-06
-1.15504e-05
4.86305e-06
-1.16486e-05
6.10466e-06
-1.1812e-05
7.36378e-06
-1.20193e-05
8.64423e-06
-1.22741e-05
9.95003e-06
-1.25807e-05
1.12854e-05
-1.2944e-05
1.26546e-05
-1.33701e-05
1.40622e-05
-1.38664e-05
1.55129e-05
-1.44417e-05
1.70115e-05
-1.51068e-05
1.85628e-05
-1.5875e-05
2.01713e-05
-1.67626e-05
2.18413e-05
-1.77894e-05
2.35757e-05
-1.89801e-05
2.53757e-05
-2.03645e-05
2.72392e-05
-2.19816e-05
2.91578e-05
-2.38733e-05
3.1117e-05
-2.61e-05
3.30686e-05
-2.88149e-05
3.49454e-05
-3.13374e-05
3.69195e-05
-3.67751e-05
8.27657e-06
-2.90834e-05
1.52741e-07
-2.86659e-06
-1.74349e-08
-1.68514e-07
-6.43392e-09
1.93279e-08
-1.46998e-09
4.54817e-09
-1.91669e-10
6.00943e-10
-1.86789e-11
7.2125e-11
1.05827e-13
6.4192e-12
7.44901e-13
-5.6908e-14
1.17792e-13
-7.94841e-14
-1.11959e-14
4.80636e-14
3.82553e-15
4.97112e-14
1.01154e-14
2.55547e-14
4.64086e-15
8.99641e-15
1.22216e-15
2.35696e-15
6.23054e-16
8.15232e-16
2.7721e-16
3.6926e-16
8.4161e-17
1.2657e-16
1.63987e-17
2.95526e-17
5.29251e-18
1.1651e-06
-1.23288e-05
2.37062e-06
-1.28822e-05
3.56561e-06
-1.27454e-05
4.76859e-06
-1.28516e-05
5.98406e-06
-1.30275e-05
7.21522e-06
-1.32505e-05
8.46543e-06
-1.35243e-05
9.73815e-06
-1.38534e-05
1.10369e-05
-1.42428e-05
1.23653e-05
-1.46985e-05
1.37268e-05
-1.52279e-05
1.51251e-05
-1.584e-05
1.65636e-05
-1.65453e-05
1.80453e-05
-1.73568e-05
1.95728e-05
-1.82901e-05
2.11476e-05
-1.93642e-05
2.27695e-05
-2.0602e-05
2.44358e-05
-2.20308e-05
2.61395e-05
-2.36853e-05
2.78666e-05
-2.56004e-05
2.95967e-05
-2.78302e-05
3.12761e-05
-3.04943e-05
3.28562e-05
-3.29176e-05
3.4051e-05
-3.79699e-05
4.17913e-06
-2.58898e-05
2.65024e-08
-1.75011e-06
-1.58886e-08
-5.94784e-08
-4.21077e-09
1.61683e-08
-7.9217e-10
2.77999e-09
-1.06655e-10
3.50645e-10
-1.46128e-11
4.66712e-11
-1.89398e-12
6.02478e-12
-1.24742e-13
6.35329e-13
6.30527e-15
1.04317e-13
1.37416e-14
5.63192e-14
1.39417e-14
3.26359e-14
7.09787e-15
1.34625e-14
2.2988e-15
4.0788e-15
7.03615e-16
1.28491e-15
4.47483e-16
5.74943e-16
1.68287e-16
2.28758e-16
4.48905e-17
6.65661e-17
8.90558e-18
1.50148e-17
2.88083e-18
1.16285e-06
-1.34917e-05
2.36247e-06
-1.40818e-05
3.55233e-06
-1.39353e-05
4.74959e-06
-1.40488e-05
5.9581e-06
-1.4236e-05
7.18068e-06
-1.44731e-05
8.42027e-06
-1.47639e-05
9.67981e-06
-1.51129e-05
1.09622e-05
-1.55252e-05
1.22704e-05
-1.60067e-05
1.36071e-05
-1.65646e-05
1.49748e-05
-1.72077e-05
1.63756e-05
-1.79461e-05
1.78112e-05
-1.87924e-05
1.92822e-05
-1.97611e-05
2.07879e-05
-2.08699e-05
2.23254e-05
-2.21395e-05
2.38889e-05
-2.35942e-05
2.54676e-05
-2.5264e-05
2.7044e-05
-2.71769e-05
2.85929e-05
-2.9379e-05
3.00622e-05
-3.19636e-05
3.14112e-05
-3.42666e-05
2.93734e-05
-3.858e-05
1.85775e-06
-2.20116e-05
-2.06894e-09
-1.15953e-06
-1.20411e-08
-7.84319e-09
-2.70472e-09
1.24337e-08
-4.53823e-10
1.71395e-09
-5.96874e-11
2.03216e-10
-8.84408e-12
2.78618e-11
-1.42251e-12
4.03449e-12
-1.78684e-13
5.61831e-13
-9.57797e-16
1.1049e-13
1.60629e-14
4.33994e-14
9.68636e-15
1.85454e-14
3.5816e-15
6.20912e-15
1.14225e-15
2.02767e-15
7.34359e-16
9.38633e-16
2.58325e-16
3.35204e-16
8.7688e-17
1.17382e-16
2.2034e-17
3.0896e-17
4.6171e-18
6.86919e-18
1.38917e-18
1.14831e-06
-1.464e-05
2.32914e-06
-1.52627e-05
3.50119e-06
-1.51073e-05
4.67987e-06
-1.52275e-05
5.86842e-06
-1.54246e-05
7.06922e-06
-1.56739e-05
8.28474e-06
-1.59794e-05
9.51739e-06
-1.63456e-05
1.07695e-05
-1.67773e-05
1.20431e-05
-1.72803e-05
1.33403e-05
-1.78617e-05
1.46624e-05
-1.85298e-05
1.60105e-05
-1.92942e-05
1.73847e-05
-2.01666e-05
1.87841e-05
-2.11605e-05
2.02061e-05
-2.22918e-05
2.16456e-05
-2.35791e-05
2.30944e-05
-2.5043e-05
2.45393e-05
-2.67089e-05
2.59608e-05
-2.85983e-05
2.73319e-05
-3.07502e-05
2.86015e-05
-3.32332e-05
2.97351e-05
-3.54002e-05
2.3189e-05
-3.9846e-05
7.1101e-07
-1.85934e-05
-1.2534e-08
-7.89481e-07
-9.00364e-09
1.35933e-08
-1.71468e-09
9.25063e-09
-2.69562e-10
1.08902e-09
-3.40105e-11
1.21835e-10
-4.99836e-12
1.65152e-11
-8.13512e-13
2.46124e-12
-1.02215e-13
3.82534e-13
5.84221e-15
8.19515e-14
1.1128e-14
2.734e-14
4.81277e-15
9.28641e-15
1.48698e-15
2.67396e-15
5.17549e-16
8.79948e-16
3.53928e-16
4.6358e-16
1.41667e-16
1.85369e-16
4.11973e-17
5.42088e-17
9.91429e-18
1.31154e-17
2.17995e-18
2.85395e-18
5.8724e-19
1.13161e-06
-1.57716e-05
2.29137e-06
-1.64224e-05
3.44336e-06
-1.62593e-05
4.60122e-06
-1.63854e-05
5.76751e-06
-1.65909e-05
6.94422e-06
-1.68506e-05
8.13333e-06
-1.71685e-05
9.33674e-06
-1.7549e-05
1.05561e-05
-1.79967e-05
1.1793e-05
-1.85172e-05
1.30484e-05
-1.91171e-05
1.43229e-05
-1.98043e-05
1.56165e-05
-2.05878e-05
1.69282e-05
-2.14782e-05
1.82555e-05
-2.24878e-05
1.95944e-05
-2.36307e-05
2.09383e-05
-2.4923e-05
2.22772e-05
-2.63819e-05
2.35967e-05
-2.80284e-05
2.48764e-05
-2.9878e-05
2.60894e-05
-3.19632e-05
2.71876e-05
-3.43314e-05
2.81476e-05
-3.63601e-05
2.00771e-05
-3.97954e-05
2.66363e-07
-1.55724e-05
-1.36123e-08
-5.99361e-07
-6.36479e-09
2.46411e-08
-1.09548e-09
6.82924e-09
-1.6779e-10
7.0824e-10
-2.00068e-11
7.43472e-11
-2.80576e-12
9.74749e-12
-4.29656e-13
1.43799e-12
-4.30166e-14
2.33142e-13
8.14503e-15
5.13615e-14
6.06388e-15
1.512e-14
2.13555e-15
4.26652e-15
7.2316e-16
1.37137e-15
4.84808e-16
6.59919e-16
2.08572e-16
2.78321e-16
6.76921e-17
8.89301e-17
1.76511e-17
2.28257e-17
4.09643e-18
5.16977e-18
9.08076e-19
1.09338e-18
2.23804e-19
1.11284e-06
-1.68845e-05
2.2494e-06
-1.7559e-05
3.37924e-06
-1.73892e-05
4.51417e-06
-1.75203e-05
5.6561e-06
-1.77328e-05
6.8066e-06
-1.80011e-05
7.96721e-06
-1.83291e-05
9.13932e-06
-1.87211e-05
1.0324e-05
-1.91814e-05
1.15222e-05
-1.97153e-05
1.27341e-05
-2.03291e-05
1.39596e-05
-2.10298e-05
1.51978e-05
-2.18259e-05
1.64464e-05
-2.27269e-05
1.77022e-05
-2.37436e-05
1.89598e-05
-2.48884e-05
2.02116e-05
-2.61747e-05
2.14466e-05
-2.76169e-05
2.26498e-05
-2.92316e-05
2.38009e-05
-3.10291e-05
2.48747e-05
-3.30369e-05
2.58273e-05
-3.5284e-05
2.66466e-05
-3.71795e-05
1.73492e-05
-3.94646e-05
1.89219e-07
-1.2973e-05
-1.26408e-08
-4.75949e-07
-4.47109e-09
2.82861e-08
-6.97744e-10
4.92504e-09
-1.06678e-10
4.60871e-10
-1.1931e-11
4.52616e-11
-1.56743e-12
5.67807e-12
-2.17096e-13
8.18448e-13
-1.28022e-14
1.34931e-13
6.52313e-15
2.97309e-14
3.04209e-15
7.92026e-15
1.01736e-15
2.32612e-15
7.07141e-16
1.01765e-15
2.75018e-16
3.83551e-16
1.03735e-16
1.40668e-16
2.92766e-17
3.86298e-17
7.06646e-18
9.03937e-18
1.57728e-18
1.93553e-18
3.42514e-19
3.95173e-19
7.89265e-20
1.0921e-06
-1.79766e-05
2.2035e-06
-1.86704e-05
3.30925e-06
-1.84949e-05
4.41932e-06
-1.86304e-05
5.53496e-06
-1.88484e-05
6.65736e-06
-1.91235e-05
7.78763e-06
-1.94594e-05
8.92666e-06
-1.98601e-05
1.0075e-05
-2.03298e-05
1.1233e-05
-2.08733e-05
1.24003e-05
-2.14963e-05
1.35759e-05
-2.22055e-05
1.47581e-05
-2.30082e-05
1.59441e-05
-2.39129e-05
1.71296e-05
-2.49291e-05
1.83086e-05
-2.60673e-05
1.94725e-05
-2.73386e-05
2.06101e-05
-2.87545e-05
2.17064e-05
-3.03279e-05
2.27422e-05
-3.20649e-05
2.3694e-05
-3.39887e-05
2.45233e-05
-3.61133e-05
2.52268e-05
-3.7883e-05
1.49121e-05
-3.89098e-05
1.84889e-07
-1.07282e-05
-1.10088e-08
-3.43294e-07
-3.1159e-09
2.68827e-08
-4.39932e-10
3.45192e-09
-6.78971e-11
2.9571e-10
-7.09596e-12
2.73579e-11
-8.62951e-13
3.26588e-12
-1.04065e-13
4.58839e-13
-4.57343e-16
7.64731e-14
4.21796e-15
1.69865e-14
1.52743e-15
4.0652e-15
5.17448e-16
1.23136e-15
3.61316e-16
5.34237e-16
1.64501e-16
2.3465e-16
4.97157e-17
6.84949e-17
1.23208e-17
1.63731e-17
2.7555e-18
3.51364e-18
5.85898e-19
7.09318e-19
1.22625e-19
1.38474e-19
2.65707e-20
1.06952e-06
-1.90461e-05
2.15397e-06
-1.97548e-05
3.23387e-06
-1.95748e-05
4.3173e-06
-1.97138e-05
5.40493e-06
-1.99361e-05
6.49756e-06
-2.02161e-05
7.59589e-06
-2.05578e-05
8.70036e-06
-2.09646e-05
9.81109e-06
-2.14405e-05
1.09278e-05
-2.199e-05
1.20495e-05
-2.26181e-05
1.31749e-05
-2.33308e-05
1.43014e-05
-2.41347e-05
1.54257e-05
-2.50371e-05
1.65428e-05
-2.60462e-05
1.76461e-05
-2.71706e-05
1.8727e-05
-2.84195e-05
1.9774e-05
-2.98016e-05
2.07728e-05
-3.13268e-05
2.17055e-05
-3.29976e-05
2.25508e-05
-3.4834e-05
2.32753e-05
-3.68378e-05
2.38821e-05
-3.84899e-05
1.27285e-05
-3.81522e-05
1.69268e-07
-8.799e-06
-9.40212e-09
-2.14765e-07
-2.18966e-09
2.24594e-08
-2.8072e-10
2.32339e-09
-4.17007e-11
1.85222e-10
-4.1874e-12
1.63928e-11
-4.71124e-13
1.86823e-12
-4.58672e-14
2.55783e-13
3.23149e-15
4.31626e-14
2.53654e-15
9.71241e-15
8.30581e-16
2.48443e-15
6.05425e-16
9.57157e-16
2.4051e-16
3.64991e-16
8.68283e-17
1.26643e-16
2.2791e-17
3.19419e-17
5.13304e-18
6.89546e-18
1.07114e-18
1.37134e-18
2.157e-19
2.60581e-19
4.29939e-20
4.82791e-20
8.81118e-21
1.04523e-06
-2.00913e-05
2.10112e-06
-2.08107e-05
3.15357e-06
-2.06273e-05
4.20878e-06
-2.0769e-05
5.26686e-06
-2.09941e-05
6.32826e-06
-2.12775e-05
7.39331e-06
-2.16228e-05
8.46202e-06
-2.20333e-05
9.53407e-06
-2.25126e-05
1.06087e-05
-2.30646e-05
1.16846e-05
-2.3694e-05
1.27597e-05
-2.44059e-05
1.38312e-05
-2.52062e-05
1.48951e-05
-2.6101e-05
1.59461e-05
-2.70972e-05
1.69775e-05
-2.8202e-05
1.79803e-05
-2.94223e-05
1.89437e-05
-3.07649e-05
1.98539e-05
-3.2237e-05
2.06946e-05
-3.38383e-05
2.14469e-05
-3.55863e-05
2.2082e-05
-3.74729e-05
2.26088e-05
-3.90167e-05
1.07653e-05
-3.72114e-05
1.38116e-07
-7.15408e-06
-7.30101e-09
-1.07046e-07
-1.49845e-09
1.74353e-08
-1.8029e-10
1.52258e-09
-2.52153e-11
1.14017e-10
-2.43395e-12
9.67992e-12
-2.5167e-13
1.06573e-12
-1.75087e-14
1.43176e-13
3.29069e-15
2.46567e-14
1.489e-15
5.41464e-15
4.76562e-16
1.44256e-15
3.51406e-16
5.71344e-16
1.52013e-16
2.36758e-16
4.47666e-17
6.68127e-17
1.04249e-17
1.48939e-17
2.16045e-18
2.94588e-18
4.21987e-19
5.46118e-19
8.0172e-20
9.76231e-20
1.50981e-20
1.70892e-20
2.94901e-21
1.01935e-06
-2.11107e-05
2.04528e-06
-2.18367e-05
3.06885e-06
-2.16508e-05
4.09443e-06
-2.17946e-05
5.12163e-06
-2.20213e-05
6.15058e-06
-2.23065e-05
7.18123e-06
-2.26535e-05
8.21324e-06
-2.30653e-05
9.2459e-06
-2.35452e-05
1.02781e-05
-2.40968e-05
1.1308e-05
-2.47239e-05
1.23333e-05
-2.54312e-05
1.33507e-05
-2.62236e-05
1.4356e-05
-2.71063e-05
1.53436e-05
-2.80849e-05
1.63068e-05
-2.91651e-05
1.72367e-05
-3.03523e-05
1.8123e-05
-3.16512e-05
1.8953e-05
-3.30669e-05
1.97119e-05
-3.45972e-05
2.0383e-05
-3.62575e-05
2.09415e-05
-3.80314e-05
2.14015e-05
-3.94767e-05
9.01383e-06
-3.61248e-05
1.02612e-07
-5.75831e-06
-5.43e-09
-2.66461e-08
-1.00699e-09
1.30451e-08
-1.15412e-10
9.85765e-10
-1.52603e-11
6.96123e-11
-1.39555e-12
5.6712e-12
-1.2988e-13
6.08925e-13
-4.69824e-15
8.09549e-14
2.46426e-15
1.45491e-14
8.42675e-16
3.02451e-15
6.66071e-16
1.16562e-15
2.43621e-16
4.07468e-16
9.02732e-17
1.44393e-16
2.27819e-17
3.48412e-17
4.80217e-18
7.01191e-18
9.24001e-19
1.28424e-18
1.69478e-19
2.23092e-19
3.03566e-20
3.75722e-20
5.3854e-21
6.20789e-21
1.01082e-21
9.92039e-07
-2.21027e-05
1.98678e-06
-2.28314e-05
2.98021e-06
-2.26443e-05
3.97496e-06
-2.27894e-05
4.97014e-06
-2.30165e-05
5.9656e-06
-2.33019e-05
6.96098e-06
-2.36488e-05
7.95559e-06
-2.406e-05
8.94841e-06
-2.45381e-05
9.93794e-06
-2.50863e-05
1.09221e-05
-2.57081e-05
1.18983e-05
-2.64074e-05
1.28629e-05
-2.71882e-05
1.38116e-05
-2.8055e-05
1.47388e-05
-2.90121e-05
1.56376e-05
-3.00639e-05
1.64997e-05
-3.12144e-05
1.73153e-05
-3.24668e-05
1.80727e-05
-3.38244e-05
1.87589e-05
-3.52833e-05
1.93591e-05
-3.68576e-05
1.98519e-05
-3.85242e-05
2.02546e-05
-3.98793e-05
7.47508e-06
-3.49311e-05
6.96291e-08
-4.57986e-06
-4.07599e-09
2.80387e-08
-6.79804e-10
9.39194e-09
-7.4447e-11
6.32778e-10
-9.24507e-12
4.25604e-11
-7.92651e-13
3.34725e-12
-6.44071e-14
3.50707e-13
2.59086e-16
4.62481e-14
1.61531e-15
8.63889e-15
5.157e-16
1.9272e-15
3.94143e-16
7.10777e-16
1.61941e-16
2.78856e-16
4.98822e-17
8.20393e-17
1.129e-17
1.77257e-17
2.20397e-18
3.2983e-18
3.98316e-19
5.66581e-19
6.90159e-20
9.29114e-20
1.16889e-20
1.48059e-20
1.95623e-21
2.31455e-21
3.56134e-22
9.63448e-07
-2.30661e-05
1.92595e-06
-2.37939e-05
2.88818e-06
-2.36065e-05
3.85105e-06
-2.37522e-05
4.81327e-06
-2.39788e-05
5.77443e-06
-2.42631e-05
6.73386e-06
-2.46083e-05
7.69061e-06
-2.50167e-05
8.64337e-06
-2.54908e-05
9.59037e-06
-2.60333e-05
1.05293e-05
-2.66471e-05
1.14573e-05
-2.73354e-05
1.23707e-05
-2.81016e-05
1.32649e-05
-2.89492e-05
1.41345e-05
-2.98817e-05
1.49729e-05
-3.09022e-05
1.5772e-05
-3.20136e-05
1.65229e-05
-3.32176e-05
1.72148e-05
-3.45163e-05
1.78363e-05
-3.59048e-05
1.83744e-05
-3.73957e-05
1.88109e-05
-3.89608e-05
1.91651e-05
-4.02335e-05
6.14023e-06
-3.36496e-05
4.15795e-08
-3.60372e-06
-3.01868e-09
5.94056e-08
-4.47425e-10
6.79061e-09
-4.76429e-11
4.17178e-10
-5.57324e-12
2.67413e-11
-4.52775e-13
2.0137e-12
-3.08056e-14
2.04757e-13
1.56342e-15
2.68393e-14
9.93152e-16
5.04968e-15
5.36878e-16
1.18503e-15
2.53032e-16
4.70708e-16
1.08038e-16
1.91767e-16
2.7367e-17
4.63528e-17
5.55612e-18
8.97465e-18
1.00876e-18
1.55171e-18
1.72039e-19
2.51402e-19
2.82753e-20
3.91149e-20
4.54396e-21
5.92344e-21
7.19801e-22
8.79439e-22
1.28329e-22
9.33731e-07
-2.39999e-05
1.86314e-06
-2.47233e-05
2.79326e-06
-2.45366e-05
3.72339e-06
-2.46824e-05
4.6519e-06
-2.49073e-05
5.57811e-06
-2.51893e-05
6.50114e-06
-2.55313e-05
7.41977e-06
-2.59353e-05
8.33246e-06
-2.64035e-05
9.23724e-06
-2.69381e-05
1.01316e-05
-2.75415e-05
1.10126e-05
-2.82164e-05
1.18764e-05
-2.89654e-05
1.27185e-05
-2.97913e-05
1.35335e-05
-3.06967e-05
1.43152e-05
-3.16839e-05
1.5056e-05
-3.27544e-05
1.57476e-05
-3.39092e-05
1.63805e-05
-3.51492e-05
1.69443e-05
-3.64686e-05
1.74278e-05
-3.78793e-05
1.78156e-05
-3.93486e-05
1.81282e-05
-4.05462e-05
4.97526e-06
-3.22833e-05
1.99403e-08
-2.80902e-06
-2.1848e-09
7.19922e-08
-2.96464e-10
5.03354e-09
-3.0387e-11
2.86e-10
-3.46947e-12
1.73588e-11
-2.61282e-13
1.23355e-12
-1.37305e-14
1.21146e-13
1.49845e-15
1.59428e-14
6.18026e-16
2.93412e-15
4.71883e-16
9.51339e-16
1.88928e-16
3.63049e-16
6.44616e-17
1.18126e-16
1.44198e-17
2.51991e-17
2.69296e-18
4.48547e-18
4.58738e-19
7.27393e-19
7.41132e-20
1.11652e-19
1.15835e-20
1.65345e-20
1.77074e-21
2.3867e-21
2.66335e-22
3.37575e-22
3.94733e-23
4.68896e-23
6.37821e-24
9.03051e-07
-2.49029e-05
1.79869e-06
-2.56189e-05
2.69596e-06
-2.54339e-05
3.59267e-06
-2.55791e-05
4.48687e-06
-2.58015e-05
5.37769e-06
-2.60801e-05
6.26403e-06
-2.64176e-05
7.14447e-06
-2.68158e-05
8.01728e-06
-2.72763e-05
8.88033e-06
-2.78011e-05
9.73102e-06
-2.83922e-05
1.05662e-05
-2.90516e-05
1.13822e-05
-2.97814e-05
1.21745e-05
-3.05836e-05
1.2938e-05
-3.14602e-05
1.36666e-05
-3.24125e-05
1.43535e-05
-3.34413e-05
1.49909e-05
-3.45467e-05
1.55703e-05
-3.57286e-05
1.60827e-05
-3.6981e-05
1.65181e-05
-3.83147e-05
1.68634e-05
-3.96939e-05
1.71396e-05
-4.08224e-05
3.96383e-06
-3.08559e-05
4.63778e-09
-2.15816e-06
-1.73203e-09
7.15314e-08
-2.03118e-10
3.73094e-09
-1.95205e-11
1.98257e-10
-2.14942e-12
1.13702e-11
-1.52163e-13
7.63378e-13
-5.49826e-15
7.19187e-14
1.07281e-15
9.80153e-15
4.03499e-16
2.01733e-15
3.14771e-16
6.5687e-16
1.23653e-16
2.45857e-16
3.59742e-17
6.81806e-17
7.35507e-18
1.32886e-17
1.2844e-18
2.21132e-18
2.0677e-19
3.38917e-19
3.1743e-20
4.94599e-20
4.72558e-21
6.98521e-21
6.88196e-22
9.62723e-22
9.84572e-23
1.30002e-22
1.38556e-23
1.72235e-23
2.23397e-24
8.71569e-07
-2.57745e-05
1.73291e-06
-2.64803e-05
2.59676e-06
-2.62977e-05
3.45952e-06
-2.64418e-05
4.319e-06
-2.66609e-05
5.17415e-06
-2.69352e-05
6.02368e-06
-2.72671e-05
6.86602e-06
-2.76581e-05
7.69929e-06
-2.81096e-05
8.52125e-06
-2.86231e-05
9.32923e-06
-2.92002e-05
1.01201e-05
-2.98424e-05
1.08901e-05
-3.05514e-05
1.16349e-05
-3.13285e-05
1.23497e-05
-3.2175e-05
1.30287e-05
-3.30915e-05
1.36657e-05
-3.40782e-05
1.42536e-05
-3.51346e-05
1.47847e-05
-3.62597e-05
1.52512e-05
-3.74474e-05
1.56443e-05
-3.87079e-05
1.59528e-05
-4.00023e-05
1.61977e-05
-4.10674e-05
3.10463e-06
-2.93953e-05
-5.16489e-09
-1.62668e-06
-1.43294e-09
6.3259e-08
-1.39774e-10
2.72468e-09
-1.25031e-11
1.35501e-10
-1.31846e-12
7.32109e-12
-8.71688e-14
4.62854e-13
-1.62385e-15
4.22077e-14
7.76122e-16
6.01658e-15
4.72903e-16
1.2381e-15
2.03385e-16
4.40145e-16
8.87247e-17
1.82873e-16
2.05782e-17
4.04179e-17
3.75201e-18
7.02394e-18
6.08668e-19
1.08585e-18
9.2488e-20
1.57139e-19
1.34916e-20
2.1808e-20
1.91356e-21
2.93858e-21
2.65648e-22
3.86938e-22
3.62049e-23
4.99347e-23
4.84722e-24
6.31997e-24
7.83393e-25
8.39446e-07
-2.66139e-05
1.66611e-06
-2.73069e-05
2.49612e-06
-2.71277e-05
3.32457e-06
-2.72703e-05
4.14906e-06
-2.74854e-05
4.9684e-06
-2.77546e-05
5.78116e-06
-2.80799e-05
6.58563e-06
-2.84626e-05
7.37984e-06
-2.89038e-05
8.16146e-06
-2.94047e-05
8.9278e-06
-2.99665e-05
9.67571e-06
-3.05903e-05
1.04016e-05
-3.12772e-05
1.11013e-05
-3.20282e-05
1.17701e-05
-3.28438e-05
1.24028e-05
-3.37242e-05
1.29936e-05
-3.4669e-05
1.35362e-05
-3.56771e-05
1.40236e-05
-3.67471e-05
1.4449e-05
-3.78728e-05
1.48048e-05
-3.90637e-05
1.50815e-05
-4.0279e-05
1.53007e-05
-4.12866e-05
2.3835e-06
-2.7915e-05
-1.02621e-08
-1.20836e-06
-1.23096e-09
5.13095e-08
-9.51048e-11
1.9435e-09
-7.83794e-12
8.95752e-11
-7.89448e-13
4.53541e-12
-4.76642e-14
2.69691e-13
2.76608e-17
2.43802e-14
5.25502e-16
3.64676e-15
4.30701e-16
1.01839e-15
1.65688e-16
3.72616e-16
5.51894e-17
1.18167e-16
1.12041e-17
2.28553e-17
1.87318e-18
3.64193e-18
2.84562e-19
5.27349e-19
4.09072e-20
7.22381e-20
5.67343e-21
9.54091e-21
7.6671e-22
1.22683e-21
1.01478e-22
1.54356e-22
1.31825e-23
1.90431e-23
1.68076e-24
2.30431e-24
2.73149e-25
8.06833e-07
-2.74208e-05
1.5986e-06
-2.80987e-05
2.39448e-06
-2.79236e-05
3.18837e-06
-2.80642e-05
3.97775e-06
-2.82748e-05
4.76129e-06
-2.85381e-05
5.53744e-06
-2.8856e-05
6.3044e-06
-2.92296e-05
7.06013e-06
-2.96595e-05
7.80226e-06
-3.01468e-05
8.52809e-06
-3.06923e-05
9.23455e-06
-3.12968e-05
9.91814e-06
-3.19608e-05
1.05749e-05
-3.2685e-05
1.12005e-05
-3.34694e-05
1.17899e-05
-3.43137e-05
1.2338e-05
-3.52171e-05
1.2839e-05
-3.61781e-05
1.32867e-05
-3.71949e-05
1.36753e-05
-3.82614e-05
1.3998e-05
-3.93864e-05
1.42468e-05
-4.05278e-05
1.44431e-05
-4.14829e-05
1.77816e-06
-2.64208e-05
-1.21223e-08
-8.84666e-07
-1.11373e-09
3.77901e-08
-6.50325e-11
1.31484e-09
-4.83347e-12
5.61248e-11
-4.59302e-13
2.65603e-12
-2.42107e-14
1.49626e-13
5.6678e-16
1.40306e-14
3.52222e-16
2.19163e-15
2.80788e-16
6.91914e-16
1.13442e-16
2.65715e-16
3.15814e-17
7.04022e-17
5.83942e-18
1.24004e-17
9.11403e-19
1.84483e-18
1.30655e-19
2.5217e-19
1.7823e-20
3.28007e-20
2.35247e-21
4.12731e-21
3.02979e-22
5.06562e-22
3.82349e-23
6.08953e-23
4.73541e-24
7.1821e-24
5.7544e-25
8.31071e-25
9.42391e-26
7.7387e-07
-2.81946e-05
1.53062e-06
-2.88555e-05
2.29221e-06
-2.86852e-05
3.05146e-06
-2.88234e-05
3.80572e-06
-2.90291e-05
4.55358e-06
-2.9286e-05
5.29338e-06
-2.95958e-05
6.02329e-06
-2.99595e-05
6.7412e-06
-3.03774e-05
7.44474e-06
-3.08504e-05
8.13124e-06
-3.13788e-05
8.79772e-06
-3.19632e-05
9.44082e-06
-3.26039e-05
1.00568e-05
-3.33009e-05
1.06415e-05
-3.40541e-05
1.11906e-05
-3.48627e-05
1.1699e-05
-3.57256e-05
1.21618e-05
-3.66409e-05
1.25736e-05
-3.76067e-05
1.2929e-05
-3.86168e-05
1.32222e-05
-3.96796e-05
1.34464e-05
-4.0752e-05
1.36222e-05
-4.16587e-05
1.27673e-06
-2.49286e-05
-1.33046e-08
-6.24778e-07
-1.00065e-09
2.39238e-08
-4.53705e-11
8.21767e-10
-3.06232e-12
3.23145e-11
-2.63107e-13
1.44522e-12
-1.10083e-14
8.21148e-14
3.70504e-16
8.30441e-15
2.31466e-16
1.48596e-15
1.95125e-16
5.02327e-16
8.13952e-17
1.99046e-16
1.80473e-17
4.19883e-17
2.99717e-18
6.64212e-18
4.35735e-19
9.20607e-19
5.89648e-20
1.18838e-19
7.6357e-21
1.46847e-20
9.59216e-22
1.76054e-21
1.17718e-22
2.06204e-22
1.41624e-23
2.36774e-23
1.67238e-24
2.66898e-24
1.93769e-25
2.9531e-25
3.20356e-26
7.4068e-07
-2.89353e-05
1.46243e-06
-2.95772e-05
2.18969e-06
-2.94125e-05
2.9143e-06
-2.9548e-05
3.63354e-06
-2.97483e-05
4.34593e-06
-2.99984e-05
5.04975e-06
-3.02997e-05
5.74313e-06
-3.06528e-05
6.42393e-06
-3.10582e-05
7.08982e-06
-3.15163e-05
7.73818e-06
-3.20272e-05
8.36613e-06
-3.25912e-05
8.97046e-06
-3.32082e-05
9.54766e-06
-3.38781e-05
1.00939e-05
-3.46003e-05
1.06051e-05
-3.53739e-05
1.10768e-05
-3.61973e-05
1.15045e-05
-3.70686e-05
1.18834e-05
-3.79855e-05
1.22089e-05
-3.89423e-05
1.24759e-05
-3.99466e-05
1.26789e-05
-4.09549e-05
1.2838e-05
-4.18178e-05
8.71044e-07
-2.34669e-05
-1.32442e-08
-4.12065e-07
-7.255e-10
1.29417e-08
-3.099e-11
4.68749e-10
-1.98768e-12
1.70507e-11
-1.3218e-13
7.36117e-13
-4.16125e-15
4.58936e-14
3.81105e-16
4.98323e-15
4.25423e-16
1.21131e-15
1.43033e-16
3.85653e-16
5.20368e-17
1.33188e-16
9.91044e-18
2.41256e-17
1.50223e-18
3.48335e-18
2.04245e-19
4.51624e-19
2.61153e-20
5.51124e-20
3.21028e-21
6.46971e-21
3.83677e-22
7.38725e-22
4.48457e-23
8.25224e-23
5.14137e-24
9.04555e-24
5.78734e-25
9.74014e-25
6.39366e-26
1.03011e-25
1.06883e-26
7.07368e-07
-2.96427e-05
1.39423e-06
-3.02641e-05
2.08721e-06
-3.01055e-05
2.77729e-06
-3.02381e-05
3.46171e-06
-3.04327e-05
4.13892e-06
-3.06756e-05
4.80719e-06
-3.09679e-05
5.46461e-06
-3.13102e-05
6.10906e-06
-3.17027e-05
6.73825e-06
-3.21455e-05
7.34964e-06
-3.26386e-05
7.94046e-06
-3.3182e-05
8.50768e-06
-3.37755e-05
9.048e-06
-3.44185e-05
9.5579e-06
-3.51103e-05
1.00336e-05
-3.58496e-05
1.04711e-05
-3.66349e-05
1.08665e-05
-3.74639e-05
1.12153e-05
-3.83344e-05
1.15137e-05
-3.92407e-05
1.17572e-05
-4.01902e-05
1.19414e-05
-4.11391e-05
1.20866e-05
-4.1963e-05
5.47903e-07
-2.20406e-05
-8.90651e-09
-2.53792e-07
-3.8834e-10
8.15698e-09
-1.91439e-11
2.69107e-10
-1.22836e-12
9.06254e-12
-6.23818e-14
3.78573e-13
-1.03707e-15
2.57642e-14
2.99282e-16
3.02615e-15
2.7412e-16
8.20355e-16
1.09418e-16
3.09761e-16
3.09366e-17
8.30921e-17
5.2485e-18
1.34049e-17
7.35232e-19
1.78881e-18
9.38058e-20
2.17706e-19
1.13376e-20
2.51261e-20
1.32223e-21
2.8005e-21
1.50214e-22
3.04271e-22
1.67078e-23
3.23867e-23
1.82402e-24
3.38582e-24
1.95616e-25
3.47993e-25
2.06004e-26
3.51558e-26
3.48727e-27
6.74021e-07
-3.03167e-05
1.3262e-06
-3.09162e-05
1.98505e-06
-3.07643e-05
2.64078e-06
-3.08938e-05
3.29064e-06
-3.10826e-05
3.93304e-06
-3.1318e-05
4.56624e-06
-3.16011e-05
5.18832e-06
-3.19323e-05
5.79721e-06
-3.23116e-05
6.39066e-06
-3.27389e-05
6.96622e-06
-3.32142e-05
7.52125e-06
-3.3737e-05
8.05291e-06
-3.43071e-05
8.55812e-06
-3.49237e-05
9.03364e-06
-3.55858e-05
9.47601e-06
-3.6292e-05
9.88169e-06
-3.70405e-05
1.0247e-05
-3.78292e-05
1.05682e-05
-3.86556e-05
1.08419e-05
-3.95143e-05
1.10641e-05
-4.04124e-05
1.12312e-05
-4.13062e-05
1.13624e-05
-4.20942e-05
2.91507e-07
-2.06286e-05
-4.2264e-09
-1.51622e-07
-2.05546e-10
6.31056e-09
-1.09101e-11
1.81177e-10
-6.91619e-13
5.53225e-12
-2.99195e-14
2.14706e-13
3.16799e-17
1.43125e-14
2.07869e-16
1.84353e-15
1.78463e-16
5.62656e-16
7.45215e-17
2.22085e-16
1.74603e-17
4.93487e-17
2.69008e-18
7.22938e-18
3.50875e-19
8.9841e-19
4.21121e-20
1.02896e-19
4.81226e-21
1.12345e-20
5.32086e-22
1.18808e-21
5.74035e-23
1.227e-22
6.06967e-24
1.24304e-23
6.30431e-25
1.23808e-24
6.43696e-26
1.21342e-25
6.45851e-27
1.17001e-26
1.10878e-27
6.40712e-07
-3.09574e-05
1.2585e-06
-3.1534e-05
1.88343e-06
-3.13892e-05
2.50506e-06
-3.15155e-05
3.12068e-06
-3.16982e-05
3.72869e-06
-3.1926e-05
4.32734e-06
-3.21998e-05
4.91474e-06
-3.25197e-05
5.48886e-06
-3.28857e-05
6.04751e-06
-3.32976e-05
6.58836e-06
-3.3755e-05
7.10889e-06
-3.42576e-05
7.60645e-06
-3.48047e-05
8.07819e-06
-3.53954e-05
8.52113e-06
-3.60287e-05
8.93212e-06
-3.6703e-05
9.30799e-06
-3.74164e-05
9.64546e-06
-3.81667e-05
9.94125e-06
-3.89514e-05
1.01923e-05
-3.97654e-05
1.03952e-05
-4.06153e-05
1.05468e-05
-4.14577e-05
1.06648e-05
-4.22123e-05
1.33425e-07
-1.92409e-05
-1.93849e-09
-8.93101e-08
-1.158e-10
5.51174e-09
-6.29066e-12
1.40744e-10
-3.68113e-13
3.84395e-12
-1.56827e-14
1.32274e-13
2.16758e-16
8.31218e-15
3.19819e-16
1.3047e-15
1.27106e-16
4.23179e-16
5.23576e-17
1.64704e-16
9.77582e-18
2.91613e-17
1.35276e-18
3.83737e-18
1.63868e-19
4.43025e-19
1.84814e-20
4.77027e-20
1.99446e-21
4.92167e-21
2.08792e-22
4.9316e-22
2.13602e-23
4.83415e-23
2.14419e-24
4.65427e-24
2.11634e-25
4.41054e-25
2.05529e-26
4.11708e-26
1.96328e-27
3.78496e-27
3.42377e-28
6.07507e-07
-3.15649e-05
1.19125e-06
-3.21178e-05
1.78251e-06
-3.19805e-05
2.37037e-06
-3.21033e-05
2.95212e-06
-3.228e-05
3.5262e-06
-3.25001e-05
4.09086e-06
-3.27644e-05
4.64425e-06
-3.30731e-05
5.18439e-06
-3.34259e-05
5.70918e-06
-3.38224e-05
6.21639e-06
-3.42622e-05
6.70366e-06
-3.47448e-05
7.16849e-06
-3.52695e-05
7.60827e-06
-3.58352e-05
8.02027e-06
-3.64407e-05
8.40166e-06
-3.70844e-05
8.74956e-06
-3.77643e-05
9.0611e-06
-3.84782e-05
9.33337e-06
-3.92237e-05
9.56372e-06
-3.99958e-05
9.74907e-06
-4.08006e-05
9.88689e-06
-4.15956e-05
9.99389e-06
-4.23193e-05
4.7748e-08
-1.79033e-05
-1.17146e-09
-4.75963e-08
-7.84207e-11
5.43437e-09
-3.94926e-12
1.10221e-10
-2.14637e-13
2.72525e-12
-8.90599e-15
8.42359e-14
8.7379e-17
5.09322e-15
2.82756e-16
1.05993e-15
9.75219e-17
3.43746e-16
3.32576e-17
1.10763e-16
5.31426e-18
1.67862e-17
6.68351e-19
2.00827e-18
7.52154e-20
2.15501e-19
7.95315e-21
2.17671e-20
8.08255e-22
2.11629e-21
7.98887e-23
2.00367e-22
7.73074e-24
1.85938e-23
7.35142e-25
1.69746e-24
6.88269e-26
1.52741e-25
6.34839e-27
1.35567e-26
5.76692e-28
1.18662e-27
1.02337e-28
5.74467e-07
-3.21394e-05
1.12453e-06
-3.26679e-05
1.68245e-06
-3.25384e-05
2.23687e-06
-3.26578e-05
2.78517e-06
-3.28283e-05
3.32581e-06
-3.30407e-05
3.85706e-06
-3.32957e-05
4.37712e-06
-3.35932e-05
4.88408e-06
-3.39328e-05
5.37592e-06
-3.43142e-05
5.85054e-06
-3.47368e-05
6.3057e-06
-3.52e-05
6.73909e-06
-3.57029e-05
7.14832e-06
-3.62444e-05
7.53088e-06
-3.68233e-05
7.88425e-06
-3.74377e-05
8.20585e-06
-3.80859e-05
8.49316e-06
-3.87655e-05
8.74361e-06
-3.94741e-05
8.95493e-06
-4.02071e-05
9.12442e-06
-4.09701e-05
9.25008e-06
-4.17212e-05
9.34813e-06
-4.24173e-05
2.90753e-08
-1.66231e-05
-9.27725e-10
-2.4491e-08
-6.95257e-11
4.66833e-09
-2.70813e-12
7.71732e-11
-1.38228e-13
1.75556e-12
-4.85806e-15
5.05747e-14
1.20335e-16
3.18715e-15
1.84534e-16
7.34253e-16
7.49742e-17
2.80591e-16
1.93377e-17
6.8411e-17
2.7677e-18
9.29147e-18
3.21433e-19
1.02716e-18
3.37477e-20
1.02898e-19
3.34448e-21
9.74792e-21
3.19426e-22
8.91315e-22
2.97323e-23
7.95292e-23
2.71434e-24
6.96798e-24
2.43921e-25
6.01627e-25
2.16166e-26
5.12867e-26
1.89037e-27
4.31959e-27
1.63076e-28
3.5938e-28
2.95085e-29
5.41653e-07
-3.26811e-05
1.05842e-06
-3.31846e-05
1.58333e-06
-3.30634e-05
2.10471e-06
-3.31791e-05
2.62002e-06
-3.33436e-05
3.12773e-06
-3.35484e-05
3.62616e-06
-3.37941e-05
4.11357e-06
-3.40806e-05
4.58812e-06
-3.44074e-05
5.04789e-06
-3.4774e-05
5.4909e-06
-3.51798e-05
5.91505e-06
-3.56242e-05
6.3182e-06
-3.61061e-05
6.69816e-06
-3.66244e-05
7.05266e-06
-3.71778e-05
7.37943e-06
-3.77645e-05
7.67622e-06
-3.83827e-05
7.94079e-06
-3.90301e-05
8.17092e-06
-3.97042e-05
8.36468e-06
-4.04009e-05
8.51971e-06
-4.11252e-05
8.63445e-06
-4.1836e-05
8.72479e-06
-4.25077e-05
4.17133e-08
-1.53992e-05
-1.42738e-09
1.22698e-08
-5.79627e-11
3.32448e-09
-1.87499e-12
4.67918e-11
-9.09285e-14
9.91914e-13
-2.27836e-15
2.76818e-14
1.07429e-16
1.97567e-15
1.223e-16
5.17897e-16
5.45806e-17
2.17577e-16
1.11195e-17
4.1942e-17
1.42107e-18
5.09176e-18
1.51711e-19
5.1794e-19
1.48004e-20
4.82564e-20
1.36989e-21
4.27327e-21
1.2257e-22
3.6634e-22
1.07127e-23
3.0716e-23
9.20197e-25
2.53395e-24
7.79581e-26
2.06401e-25
6.52593e-27
1.66311e-26
5.40124e-28
1.32656e-27
4.41854e-29
1.04725e-28
8.17512e-30
5.09124e-07
-3.31902e-05
9.92977e-07
-3.36685e-05
1.48527e-06
-3.35557e-05
1.97402e-06
-3.36679e-05
2.45681e-06
-3.38264e-05
2.93212e-06
-3.40237e-05
3.39834e-06
-3.42603e-05
3.85376e-06
-3.4536e-05
4.29664e-06
-3.48502e-05
4.72518e-06
-3.52025e-05
5.13748e-06
-3.55921e-05
5.53162e-06
-3.60183e-05
5.90562e-06
-3.64801e-05
6.25746e-06
-3.69762e-05
6.58512e-06
-3.75054e-05
6.88658e-06
-3.8066e-05
7.15984e-06
-3.8656e-05
7.40298e-06
-3.92732e-05
7.61408e-06
-3.99154e-05
7.79151e-06
-4.05783e-05
7.93322e-06
-4.12669e-05
8.03798e-06
-4.19407e-05
8.12149e-06
-4.25912e-05
3.87257e-08
-1.42284e-05
-1.30067e-09
4.8428e-08
-4.19277e-11
2.01759e-09
-1.19923e-12
2.73131e-11
-5.68584e-14
5.44449e-13
-8.98714e-16
1.56226e-14
2.80408e-16
1.5069e-15
8.92987e-17
4.03516e-16
4.0913e-17
1.74338e-16
6.42546e-18
2.59525e-17
7.21887e-19
2.77426e-18
7.02036e-20
2.57445e-19
6.32317e-21
2.21728e-20
5.4388e-22
1.82661e-21
4.5405e-23
1.46239e-22
3.7138e-24
1.14835e-23
2.99308e-25
8.89422e-25
2.38486e-26
6.81743e-26
1.88202e-27
5.18092e-27
1.47184e-28
3.90631e-28
1.14032e-29
2.92152e-29
2.16538e-30
4.76932e-07
-3.36671e-05
9.28287e-07
-3.41198e-05
1.38837e-06
-3.40157e-05
1.84496e-06
-3.41245e-05
2.29571e-06
-3.42771e-05
2.73916e-06
-3.44672e-05
3.17375e-06
-3.46949e-05
3.59783e-06
-3.49601e-05
4.00976e-06
-3.52622e-05
4.40781e-06
-3.56006e-05
4.79025e-06
-3.59746e-05
5.15528e-06
-3.63833e-05
5.50107e-06
-3.68259e-05
5.82582e-06
-3.7301e-05
6.1277e-06
-3.78073e-05
6.40493e-06
-3.83432e-05
6.65577e-06
-3.89068e-05
6.87856e-06
-3.9496e-05
7.07168e-06
-4.01085e-05
7.23375e-06
-4.07404e-05
7.36295e-06
-4.13961e-05
7.45845e-06
-4.20362e-05
7.53536e-06
-4.26681e-05
2.61963e-08
-1.31063e-05
-6.90148e-10
7.34279e-08
-2.41889e-11
1.34427e-09
-7.3256e-13
1.83119e-11
-3.09819e-14
3.41311e-13
-2.98933e-16
9.98452e-15
1.76219e-16
1.06137e-15
6.68244e-17
3.23079e-16
2.6733e-17
1.22262e-16
3.53796e-18
1.538e-17
3.54811e-19
1.4712e-18
3.1455e-20
1.24712e-19
2.60774e-21
9.90316e-21
2.07635e-22
7.56209e-22
1.61121e-23
5.63322e-23
1.22915e-24
4.12898e-24
9.26801e-26
2.99365e-25
6.92923e-27
2.1539e-26
5.14545e-28
1.54057e-27
3.79685e-29
1.09609e-28
2.78299e-30
7.75546e-30
5.45183e-31
4.45113e-07
-3.41122e-05
8.64433e-07
-3.45392e-05
1.29275e-06
-3.44441e-05
1.71764e-06
-3.45494e-05
2.13684e-06
-3.46963e-05
2.54895e-06
-3.48793e-05
2.95247e-06
-3.50985e-05
3.34584e-06
-3.53534e-05
3.72746e-06
-3.56438e-05
4.09576e-06
-3.59689e-05
4.44909e-06
-3.63279e-05
4.7858e-06
-3.672e-05
5.10423e-06
-3.71443e-05
5.40275e-06
-3.75995e-05
5.67974e-06
-3.80843e-05
5.93363e-06
-3.85971e-05
6.16294e-06
-3.91361e-05
6.36624e-06
-3.96993e-05
6.54217e-06
-4.02844e-05
6.68957e-06
-4.08878e-05
6.80685e-06
-4.15133e-05
6.89368e-06
-4.21231e-05
6.96416e-06
-4.27386e-05
1.30265e-08
-1.20293e-05
-2.89107e-10
8.58822e-08
-1.38139e-11
1.11917e-09
-4.56258e-13
1.47119e-11
-2.01711e-14
2.53706e-13
-3.45245e-16
6.54925e-15
1.56546e-16
8.5954e-16
5.56985e-17
2.88996e-16
1.60838e-17
7.93353e-17
1.86402e-18
8.77616e-18
1.68182e-19
7.5794e-19
1.35693e-20
5.86406e-20
1.031e-21
4.2771e-21
7.563e-23
3.01395e-22
5.43103e-24
2.08018e-23
3.84976e-25
1.41782e-24
2.70749e-26
9.59224e-26
1.89491e-27
6.46147e-27
1.32176e-28
4.3408e-28
9.19184e-30
2.90982e-29
6.36935e-31
1.94564e-30
1.2962e-31
4.13676e-07
-3.45259e-05
8.01463e-07
-3.4927e-05
1.19845e-06
-3.4841e-05
1.59207e-06
-3.4943e-05
1.98019e-06
-3.50844e-05
2.36144e-06
-3.52605e-05
2.73442e-06
-3.54714e-05
3.09764e-06
-3.57167e-05
3.44961e-06
-3.59958e-05
3.7888e-06
-3.63081e-05
4.11372e-06
-3.66528e-05
4.42285e-06
-3.70292e-05
4.71467e-06
-3.74361e-05
4.98771e-06
-3.78725e-05
5.24054e-06
-3.83371e-05
5.4718e-06
-3.88283e-05
5.68024e-06
-3.93446e-05
5.86467e-06
-3.98838e-05
6.02397e-06
-4.04437e-05
6.15722e-06
-4.1021e-05
6.26312e-06
-4.16192e-05
6.34182e-06
-4.22018e-05
6.40656e-06
-4.28033e-05
2.39605e-09
-1.09953e-05
-1.36872e-10
8.78916e-08
-9.42263e-12
1.05722e-09
-3.10183e-13
1.29438e-11
-1.40503e-14
2.08957e-13
-1.81385e-16
4.71375e-15
1.11221e-16
6.52195e-16
4.23334e-17
2.36667e-16
9.3034e-18
4.98021e-17
9.46154e-19
4.8633e-18
7.65417e-20
3.78436e-19
5.59035e-21
2.66069e-20
3.87029e-22
1.77345e-21
2.60127e-23
1.1474e-22
1.72031e-24
7.30312e-24
1.12856e-25
4.61026e-25
7.38024e-27
2.90096e-26
4.8245e-28
1.82489e-27
3.15654e-29
1.14935e-28
2.06719e-30
7.24999e-30
1.3539e-31
4.57769e-31
2.88934e-32
3.82593e-07
-3.49085e-05
7.39329e-07
-3.52837e-05
1.10537e-06
-3.52071e-05
1.46813e-06
-3.53057e-05
1.82558e-06
-3.54419e-05
2.17644e-06
-3.56114e-05
2.51936e-06
-3.58144e-05
2.85298e-06
-3.60503e-05
3.17587e-06
-3.63186e-05
3.48659e-06
-3.66188e-05
3.78375e-06
-3.695e-05
4.06596e-06
-3.73114e-05
4.33183e-06
-3.7702e-05
4.58004e-06
-3.81208e-05
4.8093e-06
-3.85664e-05
5.01848e-06
-3.90375e-05
5.20652e-06
-3.95326e-05
5.37249e-06
-4.00497e-05
5.51554e-06
-4.05868e-05
5.63505e-06
-4.11405e-05
5.73021e-06
-4.17144e-05
5.80115e-06
-4.22727e-05
5.86089e-06
-4.2863e-05
-4.67969e-09
-1.00034e-05
-8.83737e-11
8.28139e-08
-7.42202e-12
9.54077e-10
-2.22439e-13
1.11791e-11
-7.96956e-15
1.71862e-13
-9.70427e-17
3.49422e-15
8.01675e-17
5.03403e-16
3.16617e-17
1.91789e-16
5.26765e-18
3.08545e-17
4.63311e-19
2.62726e-18
3.3222e-20
1.82425e-19
2.17574e-21
1.15608e-20
1.36169e-22
6.99282e-22
8.33086e-24
4.1293e-23
5.04754e-25
2.41175e-24
3.05246e-26
1.40445e-25
1.85103e-27
8.19438e-27
1.12831e-28
4.80355e-28
6.91919e-30
2.83249e-29
4.26717e-31
1.68015e-30
2.64316e-32
1.00164e-31
5.99174e-33
3.51817e-07
-3.52603e-05
6.77898e-07
-3.56098e-05
1.01337e-06
-3.55426e-05
1.34562e-06
-3.5638e-05
1.67283e-06
-3.57691e-05
1.99376e-06
-3.59323e-05
2.30711e-06
-3.61277e-05
2.61164e-06
-3.63548e-05
2.90599e-06
-3.6613e-05
3.18881e-06
-3.69016e-05
3.45879e-06
-3.722e-05
3.71466e-06
-3.75672e-05
3.95514e-06
-3.79425e-05
4.17902e-06
-3.83446e-05
4.38517e-06
-3.87726e-05
4.57262e-06
-3.9225e-05
4.74055e-06
-3.97005e-05
4.88831e-06
-4.01975e-05
5.01533e-06
-4.07138e-05
5.12135e-06
-4.12465e-05
5.20624e-06
-4.17993e-05
5.26955e-06
-4.2336e-05
5.32492e-06
-4.29184e-05
-8.62522e-09
-9.05572e-06
-1.34157e-10
7.37997e-08
-5.75537e-12
8.10657e-10
-1.60129e-13
9.04573e-12
-4.67488e-15
1.33634e-13
-4.23545e-17
2.55945e-15
6.04122e-17
4.08039e-16
2.37397e-17
1.57019e-16
2.91912e-18
1.89181e-17
2.16916e-19
1.37642e-18
1.35641e-20
8.41122e-20
7.86792e-22
4.75472e-21
4.40897e-23
2.58845e-22
2.43748e-24
1.38595e-23
1.34584e-25
7.39065e-25
7.47636e-27
3.95568e-26
4.19602e-28
2.13491e-27
2.38357e-29
1.16467e-28
1.37067e-30
6.42708e-30
7.9706e-32
3.58596e-31
4.67799e-33
2.02005e-32
1.14661e-33
3.21413e-07
-3.55817e-05
6.17106e-07
-3.59055e-05
9.22397e-07
-3.58478e-05
1.22454e-06
-3.59401e-05
1.52189e-06
-3.60664e-05
1.81341e-06
-3.62238e-05
2.09772e-06
-3.6412e-05
2.37366e-06
-3.66308e-05
2.63996e-06
-3.68793e-05
2.89535e-06
-3.7157e-05
3.13861e-06
-3.74632e-05
3.36858e-06
-3.77972e-05
3.58409e-06
-3.8158e-05
3.78402e-06
-3.85446e-05
3.9673e-06
-3.89558e-05
4.13315e-06
-3.93908e-05
4.28108e-06
-3.98485e-05
4.41077e-06
-4.03272e-05
4.52169e-06
-4.08247e-05
4.61413e-06
-4.1339e-05
4.68854e-06
-4.18737e-05
4.74437e-06
-4.23918e-05
4.79542e-06
-4.29695e-05
-1.02857e-08
-8.15271e-06
-1.51767e-10
6.3153e-08
-4.36005e-12
6.78387e-10
-1.10267e-13
6.97438e-12
-2.95642e-15
9.90872e-14
-1.14756e-17
1.85899e-15
4.31026e-17
3.15118e-16
1.72296e-17
1.25775e-16
1.52181e-18
1.10824e-17
9.40282e-20
6.8106e-19
5.06833e-21
3.63393e-20
2.57606e-22
1.8179e-21
1.28039e-23
8.84081e-23
6.34964e-25
4.26562e-24
3.17941e-26
2.06743e-25
1.61847e-27
1.0142e-26
8.40357e-29
5.05692e-28
4.45425e-30
2.56738e-29
2.40777e-31
1.32717e-30
1.32449e-32
6.97639e-32
7.39289e-34
3.72099e-33
2.00871e-34
2.91562e-07
-3.58733e-05
5.5708e-07
-3.6171e-05
8.32568e-07
-3.61233e-05
1.10504e-06
-3.62126e-05
1.37295e-06
-3.63343e-05
1.63535e-06
-3.64862e-05
1.89104e-06
-3.66677e-05
2.13885e-06
-3.68786e-05
2.37757e-06
-3.7118e-05
2.60598e-06
-3.73854e-05
2.82292e-06
-3.76802e-05
3.02732e-06
-3.80016e-05
3.21811e-06
-3.83488e-05
3.39429e-06
-3.87208e-05
3.55488e-06
-3.91164e-05
3.69918e-06
-3.95351e-05
3.82693e-06
-3.99762e-05
3.93814e-06
-4.04384e-05
4.03236e-06
-4.09189e-05
4.11097e-06
-4.14176e-05
4.17399e-06
-4.19367e-05
4.22421e-06
-4.2442e-05
4.26908e-06
-4.30143e-05
-1.09881e-08
-7.28685e-06
-1.53667e-10
5.18854e-08
-3.23242e-12
5.09627e-10
-7.29573e-14
5.1822e-12
-1.38373e-15
7.13167e-14
1.94109e-16
1.54397e-15
3.69898e-17
2.94942e-16
9.90917e-18
8.09929e-17
7.05158e-19
5.89795e-18
3.65815e-20
3.11349e-19
1.68281e-21
1.445e-20
7.3947e-23
6.34271e-22
3.22179e-24
2.73238e-23
1.42152e-25
1.1804e-24
6.42842e-27
5.18028e-26
2.99716e-28
2.32612e-27
1.44308e-29
1.07222e-28
7.16754e-31
5.07624e-30
3.66197e-32
2.46511e-31
1.91724e-33
1.22484e-32
1.02432e-34
6.20695e-34
3.19817e-35
2.61655e-07
-3.6135e-05
4.97782e-07
-3.64071e-05
7.43793e-07
-3.63693e-05
9.87019e-07
-3.64559e-05
1.2259e-06
-3.65732e-05
1.4594e-06
-3.67197e-05
1.68672e-06
-3.6895e-05
1.90668e-06
-3.70985e-05
2.11817e-06
-3.73295e-05
2.32007e-06
-3.75873e-05
2.5112e-06
-3.78713e-05
2.69042e-06
-3.81808e-05
2.8567e-06
-3.85151e-05
3.00921e-06
-3.88733e-05
3.14723e-06
-3.92545e-05
3.26999e-06
-3.96579e-05
3.37697e-06
-4.00832e-05
3.46834e-06
-4.05298e-05
3.54495e-06
-4.09955e-05
3.60868e-06
-4.14813e-05
3.65815e-06
-4.19862e-05
3.70264e-06
-4.24865e-05
3.74895e-06
-4.30607e-05
-1.13958e-08
-6.44477e-06
-1.50237e-10
4.03001e-08
-2.28771e-12
3.61413e-10
-4.56452e-14
3.80425e-12
-9.77895e-16
5.15804e-14
1.32162e-16
1.1403e-15
2.6642e-17
2.33903e-16
5.23408e-18
4.89235e-17
2.96973e-19
2.94977e-18
1.26035e-20
1.31935e-19
4.80526e-22
5.23191e-21
1.77855e-23
1.98202e-22
6.66495e-25
7.47145e-24
2.58932e-26
2.8699e-25
1.05491e-27
1.13798e-26
4.52091e-29
4.68415e-28
2.03374e-30
2.00336e-29
9.55716e-32
8.88683e-31
4.66376e-33
4.0752e-32
2.34872e-34
1.92387e-33
1.2139e-35
9.30809e-35
4.59961e-36
2.32097e-07
-3.63671e-05
4.39652e-07
-3.66147e-05
6.55523e-07
-3.65852e-05
8.69419e-07
-3.66698e-05
1.07937e-06
-3.67832e-05
1.28465e-06
-3.6925e-05
1.4841e-06
-3.70945e-05
1.67652e-06
-3.7291e-05
1.86109e-06
-3.75141e-05
2.03686e-06
-3.77631e-05
2.2027e-06
-3.80372e-05
2.3574e-06
-3.83355e-05
2.49981e-06
-3.86575e-05
2.62886e-06
-3.90023e-05
2.74376e-06
-3.93694e-05
2.84422e-06
-3.97584e-05
2.93019e-06
-4.01692e-05
3.0014e-06
-4.0601e-05
3.05929e-06
-4.10535e-05
3.10503e-06
-4.15271e-05
3.13856e-06
3.17155e-06
3.20685e-06
-1.05718e-08
-6.65674e-11
-1.39043e-12
-2.60832e-14
-5.29415e-16
9.74829e-17
2.24597e-17
2.5696e-18
1.1161e-19
3.6732e-21
1.09795e-22
3.26572e-24
1.02074e-25
3.44811e-27
1.26879e-28
5.06355e-30
2.16888e-31
9.84992e-33
4.68865e-34
2.31544e-35
1.17881e-36
2.02389e-07
3.82614e-07
5.68475e-07
7.53338e-07
9.344e-07
1.11117e-06
1.28275e-06
1.44836e-06
1.6067e-06
1.75661e-06
1.89709e-06
2.02715e-06
2.14564e-06
2.25145e-06
2.34362e-06
2.42143e-06
2.48436e-06
2.5328e-06
2.56869e-06
)
;

boundaryField
{
    leftWall
    {
        type            calculated;
        value           uniform 0;
    }
    rightWall
    {
        type            calculated;
        value           nonuniform 0();
    }
    lowerWall
    {
        type            calculated;
        value           uniform 0;
    }
    atmosphere
    {
        type            calculated;
        value           nonuniform 0();
    }
    defaultFaces
    {
        type            empty;
        value           nonuniform 0();
    }
    procBoundary0to1
    {
        type            processor;
        value           nonuniform List<scalar> 
44
(
2.86041e-17
4.9059e-17
3.60548e-17
2.26922e-17
1.37028e-17
8.88384e-18
5.55401e-18
3.49271e-18
2.20849e-18
1.38499e-18
8.84193e-19
4.79643e-19
2.03249e-19
7.50403e-20
2.58947e-20
8.61849e-21
2.84707e-21
9.52532e-22
3.24978e-22
1.12721e-22
-1.8369e-23
5.75454e-24
1.91364e-24
6.35879e-25
2.09921e-25
6.84942e-26
2.19935e-26
6.92222e-27
2.1274e-27
6.36011e-28
1.84264e-28
5.15406e-29
1.38632e-29
3.56888e-30
8.74253e-31
2.02382e-31
4.39192e-32
8.85356e-33
1.64081e-33
2.76283e-34
4.17003e-35
5.55266e-36
6.38874e-37
6.18789e-38
)
;
    }
    procBoundary0to2
    {
        type            processor;
        value           nonuniform List<scalar> 
46
(
-4.20197e-05
-4.25196e-05
-4.3096e-05
-5.66248e-06
2.95248e-08
2.54645e-10
2.94256e-12
4.03691e-14
8.89022e-16
2.20173e-16
2.84665e-17
1.3958e-18
5.13439e-20
1.68686e-21
5.38417e-23
1.75173e-24
5.9591e-26
2.14124e-27
8.13282e-29
3.25318e-30
1.3631e-31
5.9474e-33
2.68618e-34
1.24823e-35
5.94192e-37
-3.65695e-05
-3.6795e-05
-3.67711e-05
-3.68547e-05
-3.69644e-05
-3.71019e-05
-3.72662e-05
-3.74567e-05
-3.76725e-05
-3.79131e-05
-3.81778e-05
-3.84657e-05
-3.87761e-05
-3.91083e-05
-3.94617e-05
-3.98363e-05
-4.02323e-05
-4.06496e-05
-4.10895e-05
2.59414e-06
-4.15528e-05
)
;
    }
}


// ************************************************************************* //
