/*--------------------------------*- C++ -*----------------------------------*\
| =========                 |                                                 |
| \\      /  F ield         | OpenFOAM: The Open Source CFD Toolbox           |
|  \\    /   O peration     | Version:  3.0.1                                 |
|   \\  /    A nd           | Web:      www.OpenFOAM.org                      |
|    \\/     M anipulation  |                                                 |
\*---------------------------------------------------------------------------*/
FoamFile
{
    version     2.0;
    format      ascii;
    class       volScalarField;
    location    "0.05";
    object      p_rgh;
}
// * * * * * * * * * * * * * * * * * * * * * * * * * * * * * * * * * * * * * //

dimensions      [1 -1 -2 0 0 0 0];

internalField   nonuniform List<scalar> 
1935
(
1342.43
1340.23
1335.39
1328.07
1318.27
1305.95
1291.05
1273.5
1253.23
1230.15
1204.13
1175.05
1142.74
1107.02
1067.67
1024.44
977.025
925.099
868.204
805.965
737.85
662.372
580.418
491.331
386.792
264.045
145.708
62.7927
16.699
5.21593
3.18655
2.35955
2.07621
1.98219
1.92617
1.87327
1.82356
1.77808
1.73741
1.70188
1.67151
1.64633
1.62638
1.61158
1343.4
1341.2
1336.36
1329.05
1319.26
1306.95
1292.06
1274.54
1254.29
1231.22
1205.23
1176.17
1143.89
1108.2
1068.87
1025.65
978.237
926.295
869.344
807.012
738.679
662.688
580.208
490.187
380.394
246.675
117.313
35.1301
7.50938
4.06802
3.05413
2.31585
2.07927
1.99231
1.93058
1.87339
1.82126
1.7747
1.73361
1.69787
1.6674
1.64219
1.62222
1.60742
1345.35
1343.15
1338.32
1331.02
1321.25
1308.97
1294.11
1276.62
1256.41
1233.39
1207.44
1178.44
1146.21
1110.57
1071.29
1028.1
980.702
928.744
871.713
809.221
740.494
663.675
580.227
488.143
369.592
213.762
60.5218
8.71789
3.9497
3.02043
2.6485
2.30979
2.03884
1.94502
1.90004
1.85165
1.8047
1.76114
1.72183
1.68713
1.65723
1.63228
1.61236
1.59748
1348.28
1346.08
1341.26
1333.98
1324.25
1312
1297.18
1279.74
1259.59
1236.64
1210.77
1181.84
1149.69
1114.13
1074.93
1031.81
984.461
932.513
875.416
812.76
743.572
665.839
581.343
486.258
357.953
172.667
28.356
5.32988
2.89018
2.21161
1.94432
1.93819
1.92002
1.88209
1.85357
1.81835
1.77946
1.74067
1.70418
1.67109
1.64201
1.61736
1.59738
1.58224
1352.18
1349.99
1345.19
1337.94
1328.24
1316.04
1301.29
1283.92
1263.85
1240.98
1215.21
1186.39
1154.36
1118.92
1079.84
1036.83
989.577
937.695
880.599
817.86
748.307
669.888
584.743
486.148
347.63
124.83
11.432
3.70249
2.50752
2.03206
1.83169
1.78713
1.81152
1.82508
1.8108
1.78368
1.75081
1.7162
1.68237
1.65082
1.62247
1.59794
1.57764
1.5619
1357.07
1354.88
1350.1
1342.89
1333.25
1321.11
1306.43
1289.15
1269.18
1246.43
1220.79
1192.11
1160.23
1124.95
1086.04
1043.2
996.118
944.393
887.414
824.755
755.074
676.443
591.38
490.169
335.649
89.927
5.72567
2.86643
2.2254
1.9478
1.82835
1.78752
1.78767
1.78822
1.77442
1.75044
1.72104
1.68932
1.65752
1.62713
1.59919
1.57444
1.55339
1.53647
1362.93
1360.75
1356
1348.84
1339.25
1327.19
1312.61
1295.43
1275.59
1252.98
1227.5
1199
1167.31
1132.25
1093.56
1050.98
1004.15
952.701
896.001
833.646
764.174
685.945
601.781
498.975
323.392
63.1173
4.20734
2.4636
2.06129
1.89877
1.81858
1.78285
1.76983
1.75917
1.74214
1.71876
1.69104
1.66104
1.63051
1.60079
1.57285
1.5474
1.52497
1.50603
1369.78
1367.61
1362.89
1355.79
1346.27
1334.3
1319.82
1302.78
1283.08
1260.65
1235.36
1207.07
1175.63
1140.83
1102.44
1060.19
1013.73
962.697
906.463
844.674
775.796
698.612
616.137
512.95
309.992
41.7096
3.26552
2.22495
1.96798
1.86445
1.80429
1.7704
1.74993
1.73239
1.71228
1.68832
1.66113
1.63195
1.60206
1.57251
1.54412
1.51746
1.4929
1.47077
1377.62
1375.45
1370.77
1363.73
1354.3
1342.43
1328.08
1311.18
1291.66
1269.43
1244.37
1216.35
1185.2
1150.73
1112.71
1070.87
1024.9
974.433
918.866
857.91
790.003
714.441
634.274
531.924
295.778
26.0343
2.72014
2.07502
1.90922
1.83598
1.78717
1.75367
1.72856
1.70646
1.68369
1.65869
1.63138
1.60243
1.5727
1.54294
1.51372
1.48538
1.45793
1.43113
1386.43
1384.28
1379.65
1372.67
1363.33
1351.59
1337.38
1320.66
1301.34
1279.34
1254.54
1226.82
1196.02
1161.94
1124.37
1083.05
1037.69
987.934
933.229
873.358
806.761
733.282
655.831
555.334
274.034
14.997
2.42187
1.98744
1.86731
1.8096
1.76707
1.73349
1.70551
1.68038
1.65554
1.62946
1.60175
1.5727
1.54284
1.51265
1.48241
1.45211
1.42124
1.38827
1396.32
1394.18
1389.6
1382.7
1373.47
1361.86
1347.82
1331.29
1312.2
1290.47
1265.98
1238.61
1208.21
1174.59
1137.56
1096.86
1052.23
1003.34
949.693
891.141
826.149
755.08
680.447
582.993
250.041
8.50768
2.27615
1.93087
1.83353
1.78325
1.74406
1.71024
1.68054
1.65346
1.6271
1.6001
1.57193
1.54266
1.51257
1.4819
1.45067
1.41847
1.38421
1.34378
1407.37
1405.24
1400.71
1393.91
1384.8
1373.34
1359.49
1343.18
1324.36
1302.93
1278.79
1251.82
1221.88
1188.8
1152.39
1112.42
1068.64
1020.78
968.373
911.356
848.227
779.818
708.008
612.795
223.884
4.71329
2.16712
1.886
1.80292
1.7561
1.71831
1.68427
1.6536
1.62533
1.59794
1.57027
1.54174
1.51229
1.48203
1.451
1.41906
1.38555
1.34908
1.30545
1419.55
1417.44
1412.98
1406.28
1397.3
1386.01
1372.37
1356.31
1337.78
1316.69
1292.95
1266.44
1237.02
1204.55
1168.83
1129.69
1086.89
1040.19
989.184
933.883
872.827
807.298
738.546
632.365
202.452
3.54725
2.07173
1.84753
1.77296
1.72743
1.69007
1.65596
1.62486
1.59596
1.56802
1.53997
1.51128
1.4818
1.45153
1.42043
1.38828
1.35446
1.31791
1.27671
1432.9
1430.82
1426.43
1419.83
1411
1399.9
1386.49
1370.71
1352.5
1331.79
1308.48
1282.48
1253.65
1221.85
1186.92
1148.7
1106.98
1061.56
1012.09
958.654
899.834
837.325
771.722
653.2
180.64
3.23576
1.99087
1.80846
1.74054
1.69618
1.65921
1.62535
1.59431
1.5653
1.53721
1.50913
1.48052
1.45122
1.42118
1.39033
1.35849
1.32521
1.28982
1.25159
1447.45
1445.38
1441.07
1434.6
1425.93
1415.03
1401.87
1386.39
1368.54
1348.24
1325.42
1299.97
1271.78
1240.72
1206.65
1169.43
1128.89
1084.86
1037.05
985.581
929.108
869.685
807.21
672.323
159.249
2.92132
1.90873
1.76428
1.70356
1.66151
1.62554
1.59248
1.56199
1.53332
1.5055
1.47769
1.44943
1.42055
1.39099
1.3607
1.32955
1.29722
1.26325
1.22712
1463.21
1461.17
1456.95
1450.6
1442.11
1431.43
1418.54
1403.39
1385.93
1366.08
1343.78
1318.93
1291.43
1261.18
1228.04
1191.9
1152.62
1110.06
1063.98
1014.57
960.507
904.168
844.726
689.079
138.789
2.59415
1.82514
1.71412
1.66143
1.62308
1.58903
1.5574
1.52797
1.50007
1.47288
1.44567
1.41801
1.38978
1.36093
1.33144
1.30122
1.27006
1.23764
1.20362
1480.21
1478.2
1474.07
1467.86
1459.56
1449.12
1436.53
1421.73
1404.68
1385.31
1363.57
1339.37
1312.62
1283.22
1251.07
1216.07
1178.12
1137.1
1092.83
1045.51
993.892
940.593
884.061
702.904
119.507
2.3077
1.74232
1.65893
1.61472
1.58118
1.54993
1.52034
1.49242
1.46566
1.43942
1.41307
1.38626
1.35888
1.33093
1.30242
1.27333
1.24352
1.21278
1.18092
1498.46
1496.49
1492.46
1486.4
1478.3
1468.12
1455.84
1441.41
1424.8
1405.96
1384.81
1361.29
1335.33
1306.84
1275.73
1241.94
1205.36
1165.94
1123.5
1078.3
1029.13
978.808
925.062
713.685
101.565
2.06928
1.66042
1.59997
1.5647
1.53658
1.50875
1.48164
1.45557
1.43026
1.40522
1.37994
1.35416
1.32782
1.30093
1.27357
1.24573
1.21736
1.18832
1.15852
1518
1516.06
1512.13
1506.23
1498.34
1488.44
1476.49
1462.46
1446.32
1428.02
1407.5
1384.71
1359.57
1332.03
1302.01
1269.45
1234.3
1196.5
1155.93
1112.85
1066.11
1018.68
967.61
721.698
84.9842
1.85948
1.58096
1.53968
1.5131
1.49033
1.46614
1.44174
1.41772
1.39405
1.37038
1.34635
1.32176
1.29659
1.27089
1.24478
1.21829
1.19141
1.16405
1.13616
1538.82
1536.92
1533.11
1527.38
1519.71
1510.09
1498.49
1484.88
1469.23
1451.5
1431.64
1409.6
1385.33
1358.77
1329.87
1298.59
1264.88
1228.73
1190.03
1149.07
1104.73
1060.09
1011.6
727.005
69.9834
1.6845
1.50699
1.48073
1.46159
1.44355
1.42285
1.40113
1.37921
1.35725
1.33506
1.31238
1.28908
1.26517
1.24077
1.21598
1.1909
1.16552
1.1398
1.11371
1560.95
1559.09
1555.39
1549.84
1542.41
1533.08
1521.85
1508.68
1493.54
1476.4
1457.23
1435.97
1412.59
1387.04
1359.29
1329.31
1297.07
1262.58
1225.74
1186.87
1144.87
1102.94
1056.92
729.166
56.7823
1.55128
1.44085
1.42499
1.41159
1.39723
1.37951
1.36023
1.34032
1.32007
1.29939
1.27811
1.25616
1.23359
1.21054
1.18713
1.16347
1.13959
1.11547
1.0911
1.06655
1584.39
1582.58
1579
1573.63
1566.44
1557.43
1546.58
1533.86
1519.25
1502.73
1484.26
1463.81
1441.34
1416.82
1390.23
1361.57
1330.81
1297.96
1262.98
1226.15
1186.46
1147.13
1103.49
728.142
45.2756
1.45453
1.38265
1.3737
1.364
1.35204
1.3366
1.31939
1.3013
1.28268
1.26348
1.24361
1.22304
1.20186
1.18018
1.15818
1.13596
1.11357
1.091
1.06825
1.04539
1609.15
1607.4
1603.94
1598.76
1591.83
1583.13
1572.67
1560.42
1546.36
1530.47
1512.72
1493.09
1471.55
1448.08
1422.67
1395.32
1366.04
1334.83
1301.67
1266.86
1229.4
1192.56
1151.22
724.455
35.1935
1.38746
1.33395
1.32735
1.31909
1.30828
1.29438
1.2788
1.26231
1.24519
1.22744
1.20896
1.18977
1.16997
1.1497
1.12911
1.10832
1.0874
1.06633
1.04514
1.02387
1635.24
1633.54
1630.22
1625.22
1618.55
1610.19
1600.13
1588.36
1574.86
1559.61
1542.6
1523.8
1503.2
1480.79
1456.56
1430.53
1402.71
1373.13
1341.76
1308.9
1273.61
1239.16
1200.02
718.177
26.5853
1.34157
1.29338
1.28513
1.27646
1.2658
1.25282
1.23851
1.2234
1.20769
1.19131
1.1742
1.15638
1.13796
1.11909
1.09991
1.08054
1.06105
1.04144
1.02174
1.00197
1662.66
1661.01
1657.82
1653.03
1646.62
1638.6
1628.95
1617.66
1604.73
1590.14
1573.87
1555.92
1536.26
1514.92
1491.87
1467.15
1440.78
1412.79
1383.17
1352.22
1319.03
1286.85
1249.83
709.103
19.6592
1.30765
1.2572
1.24516
1.23513
1.22415
1.21174
1.19847
1.18459
1.17019
1.15513
1.13936
1.12289
1.10584
1.08836
1.07057
1.0526
1.03451
1.01631
0.998028
0.979698
1691.4
1689.81
1686.76
1682.16
1676.03
1668.35
1659.12
1648.33
1635.97
1622.04
1606.52
1589.42
1570.72
1550.43
1528.56
1505.14
1480.2
1453.77
1425.86
1396.74
1365.58
1335.57
1300.58
697.484
14.1419
1.27003
1.22042
1.20505
1.19387
1.18267
1.17083
1.15854
1.14584
1.13269
1.11893
1.10446
1.08932
1.07363
1.05751
1.04109
1.0245
1.00777
0.990939
0.974023
0.95706
1721.46
1719.93
1717.02
1712.63
1706.77
1699.44
1690.63
1680.34
1668.56
1655.3
1640.54
1624.28
1606.53
1587.29
1566.59
1544.45
1520.91
1496.01
1469.76
1442.42
1413.21
1385.26
1352.21
683.828
9.55405
1.2253
1.1795
1.1628
1.15164
1.14083
1.12982
1.1186
1.1071
1.09519
1.08269
1.06951
1.05569
1.04132
1.02655
1.01148
0.996224
0.980831
0.965329
0.949733
0.934083
1752.84
1751.37
1748.59
1744.41
1738.83
1731.85
1723.47
1713.68
1702.49
1689.89
1675.89
1660.47
1643.66
1625.47
1605.92
1585.04
1562.87
1539.46
1514.82
1489.21
1461.87
1435.86
1404.68
668.378
5.78612
1.17112
1.13228
1.11759
1.10799
1.09836
1.08856
1.07858
1.06833
1.05768
1.04644
1.03453
1.022
1.00895
0.99549
0.981742
0.967796
0.953702
0.939488
0.92517
0.910785
1785.52
1784.12
1781.48
1777.51
1772.21
1765.58
1757.62
1748.34
1737.73
1725.8
1712.54
1697.97
1682.1
1664.94
1646.52
1626.88
1606.05
1584.09
1561.01
1537.06
1511.52
1487.36
1457.95
650.749
3.25491
1.11225
1.07963
1.07022
1.06325
1.05537
1.04707
1.03847
1.02954
1.02016
1.01017
0.999528
0.988274
0.976509
0.964344
0.951886
0.939219
0.926392
0.913428
0.900348
0.887185
1819.49
1818.15
1815.65
1811.89
1806.87
1800.59
1793.07
1784.29
1774.26
1762.99
1750.49
1736.75
1721.8
1705.66
1688.35
1669.92
1650.4
1629.85
1608.28
1585.92
1562.11
1539.71
1512.03
630.9
1.89651
1.04561
1.02675
1.02261
1.01822
1.01222
1.00551
0.998342
0.990747
0.982643
0.97391
0.964515
0.954519
0.944018
0.93312
0.921924
0.910506
0.898913
0.887165
0.875284
0.863303
1854.73
1853.47
1851.1
1847.55
1842.81
1836.89
1829.78
1821.51
1812.06
1801.45
1789.68
1776.77
1762.73
1747.59
1731.37
1714.12
1695.88
1676.7
1656.59
1635.77
1613.62
1592.9
1566.91
609.739
1.22695
0.984693
0.978388
0.976388
0.973638
0.969248
0.964051
0.958289
0.952013
0.945171
0.937674
0.929512
0.920753
0.911492
0.901832
0.891868
0.881668
0.871277
0.860714
0.849999
0.839164
1891.24
1890.03
1887.81
1884.46
1880
1874.43
1867.75
1859.97
1851.09
1841.13
1830.1
1818
1804.86
1790.7
1775.55
1759.45
1742.45
1724.59
1705.89
1686.55
1666
1646.88
1622.54
587.39
1.16021
0.944176
0.933862
0.931512
0.929634
0.926577
0.922789
0.918382
0.913389
0.90778
0.901496
0.894543
0.886995
0.878946
0.870494
0.861731
0.852719
0.843498
0.83409
0.824512
0.814791
1928.98
1927.84
1925.75
1922.61
1918.42
1913.2
1906.94
1899.65
1891.34
1882.02
1871.7
1860.4
1848.14
1834.94
1820.83
1805.86
1790.06
1773.48
1756.15
1738.24
1719.23
1701.62
1678.88
564.001
1.07156
0.902039
0.888206
0.886525
0.885816
0.884153
0.881764
0.878675
0.874926
0.870513
0.865407
0.859631
0.853262
0.846393
0.83912
0.831527
0.823673
0.815593
0.807309
0.798839
0.790208
1967.93
1966.86
1964.91
1961.97
1958.05
1953.17
1947.32
1940.52
1932.77
1924.08
1914.47
1903.96
1892.55
1880.29
1867.2
1853.32
1838.69
1823.36
1807.34
1790.8
1773.27
1757.1
1735.9
539.964
0.943001
0.85043
0.83925
0.84065
0.841971
0.841972
0.841027
0.83923
0.83668
0.833413
0.829438
0.824798
0.819572
0.81385
0.807724
0.80127
0.794545
0.787578
0.78039
0.772998
0.765432
2008.08
2007.08
2005.26
2002.52
1998.87
1994.33
1988.89
1982.56
1975.36
1967.3
1958.38
1948.64
1938.08
1926.73
1914.63
1901.82
1888.32
1874.19
1859.45
1844.24
1828.12
1813.33
1793.61
515.264
0.828618
0.793886
0.789306
0.794728
0.798466
0.800233
0.800705
0.800135
0.79871
0.796523
0.79362
0.790065
0.785939
0.781328
0.776316
0.770973
0.765348
0.759468
0.753349
0.747009
0.740478
2049.41
2048.46
2046.78
2044.24
2040.86
2036.65
2031.62
2025.76
2019.1
2011.65
2003.41
1994.42
1984.68
1974.23
1963.1
1951.32
1938.93
1925.97
1912.45
1898.52
1883.77
1870.29
1852.03
489.845
0.746927
0.738671
0.741703
0.750265
0.756004
0.75928
0.760973
0.761484
0.761072
0.759876
0.757975
0.755446
0.752373
0.748834
0.744904
0.740644
0.736093
0.731277
0.726207
0.720895
0.71537
2091.88
2091
2089.45
2087.11
2084
2080.12
2075.48
2070.09
2063.96
2057.11
2049.54
2041.28
2032.35
2022.77
2012.58
2001.81
1990.49
1978.66
1966.33
1953.64
1940.21
1927.97
1911.15
463.691
0.694358
0.69029
0.698394
0.708359
0.715172
0.719403
0.721971
0.723339
0.723791
0.723481
0.722504
0.720943
0.718876
0.716372
0.713493
0.710289
0.706791
0.703018
0.698977
0.694679
0.690142
2135.47
2134.67
2133.25
2131.1
2128.25
2124.7
2120.45
2115.52
2109.91
2103.64
2096.73
2089.18
2081.04
2072.32
2063.04
2053.25
2042.97
2032.23
2021.06
2009.56
1997.41
1986.36
1970.97
436.815
0.660473
0.650945
0.659851
0.669368
0.676183
0.680706
0.683732
0.685693
0.686842
0.687311
0.687185
0.686538
0.685434
0.683933
0.682081
0.679913
0.67745
0.674703
0.671676
0.668378
0.664819
2180.15
2179.42
2178.13
2176.18
2173.58
2170.35
2166.49
2162
2156.91
2151.21
2144.94
2138.1
2130.72
2122.83
2114.44
2105.6
2096.33
2086.66
2076.61
2066.27
2055.35
2045.45
2031.48
409.345
0.634
0.618279
0.625109
0.632886
0.638836
0.64306
0.646153
0.648452
0.650138
0.651291
0.651958
0.652186
0.65202
0.651501
0.65066
0.649516
0.648078
0.646345
0.64432
0.642007
0.639417
2225.88
2225.21
2224.05
2222.29
2219.95
2217.03
2213.54
2209.5
2204.9
2199.77
2194.12
2187.97
2181.34
2174.25
2166.73
2158.81
2150.52
2141.88
2132.91
2123.71
2113.99
2105.22
2092.67
381.415
0.606123
0.588054
0.592486
0.598041
0.602624
0.606139
0.609001
0.611435
0.613532
0.615302
0.616731
0.61782
0.618587
0.619049
0.619218
0.619097
0.61868
0.617959
0.616928
0.615591
0.613956
2272.64
2272.01
2270.96
2269.39
2267.29
2264.68
2261.56
2257.94
2253.84
2249.26
2244.21
2238.73
2232.82
2226.52
2219.84
2212.81
2205.47
2197.84
2189.93
2181.84
2173.32
2165.65
2154.53
352.873
0.575976
0.558984
0.560674
0.563951
0.566924
0.569486
0.571934
0.574381
0.576822
0.579184
0.581379
0.583349
0.585073
0.586539
0.587737
0.58865
0.589263
0.589556
0.589519
0.589154
0.588466
2320.38
2319.8
2318.86
2317.46
2315.59
2313.28
2310.51
2307.31
2303.68
2299.63
2295.18
2290.34
2285.14
2279.59
2273.73
2267.57
2261.15
2254.49
2247.63
2240.64
2233.29
2226.72
2217.07
323.512
0.545419
0.529646
0.528964
0.529928
0.531125
0.532591
0.534546
0.536975
0.539767
0.542756
0.545768
0.548678
0.551415
0.553935
0.556198
0.558172
0.559833
0.561154
0.562116
0.562722
0.562976
2368.94
2368.43
2367.6
2366.36
2364.73
2362.7
2360.28
2357.48
2354.31
2350.78
2346.9
2342.69
2338.17
2333.35
2328.28
2322.96
2317.43
2311.72
2305.89
2299.98
2293.77
2288.31
2280.29
293.675
0.51756
0.500553
0.497066
0.495366
0.494529
0.494809
0.496312
0.498829
0.50209
0.505817
0.509756
0.513709
0.517551
0.521202
0.524591
0.527666
0.530401
0.532772
0.53475
0.536333
0.53753
2418.21
2417.78
2417.08
2416.03
2414.63
2412.89
2410.81
2408.4
2405.67
2402.64
2399.31
2395.71
2391.84
2387.74
2383.42
2378.92
2374.25
2369.48
2364.63
2359.79
)
;

boundaryField
{
    leftWall
    {
        type            fixedFluxPressure;
        gradient        uniform 0;
        value           nonuniform List<scalar> 
44
(
1342.43
1343.4
1345.35
1348.28
1352.18
1357.07
1362.93
1369.78
1377.62
1386.43
1396.32
1407.37
1419.55
1432.9
1447.45
1463.21
1480.21
1498.46
1518
1538.82
1560.95
1584.39
1609.15
1635.24
1662.66
1691.4
1721.46
1752.84
1785.52
1819.49
1854.73
1891.24
1928.98
1967.93
2008.08
2049.41
2091.88
2135.47
2180.15
2225.88
2272.64
2320.38
2368.94
2418.21
)
;
    }
    rightWall
    {
        type            fixedFluxPressure;
        gradient        nonuniform 0();
        value           nonuniform 0();
    }
    lowerWall
    {
        type            fixedFluxPressure;
        gradient        uniform 0;
        value           nonuniform List<scalar> 
44
(
1342.43
1340.23
1335.39
1328.07
1318.27
1305.95
1291.05
1273.5
1253.23
1230.15
1204.13
1175.05
1142.74
1107.02
1067.67
1024.44
977.025
925.099
868.204
805.965
737.85
662.372
580.418
491.331
386.792
264.045
145.708
62.7927
16.699
5.21593
3.18655
2.35955
2.07621
1.98219
1.92617
1.87327
1.82356
1.77808
1.73741
1.70188
1.67151
1.64633
1.62638
1.61158
)
;
    }
    atmosphere
    {
        type            totalPressure;
        rho             rho;
        psi             none;
        gamma           1;
        p0              nonuniform 0();
        value           nonuniform 0();
    }
    defaultFaces
    {
        type            empty;
    }
    procBoundary0to1
    {
        type            processor;
        value           nonuniform List<scalar> 
44
(
1.60188
1.59769
1.58763
1.57205
1.551
1.52419
1.49123
1.45165
1.40493
1.35326
1.29409
1.25172
1.22944
1.20913
1.18795
1.16767
1.14787
1.12795
1.10779
1.08734
1.08734
1.04198
1.02256
1.00265
0.98227
0.961418
0.940136
0.918453
0.896397
0.873995
0.851276
0.828263
0.804977
0.781443
0.757691
0.733754
0.709653
0.685404
0.661028
0.636558
0.612025
0.587457
0.562886
0.538347
)
;
    }
    procBoundary0to2
    {
        type            processor;
        value           nonuniform List<scalar> 
46
(
2354.78
2350.45
2344.16
264.41
0.491693
0.471857
0.464688
0.459566
0.456331
0.455399
0.456613
0.459475
0.463474
0.468166
0.473218
0.47837
0.483451
0.488331
0.492926
0.497177
0.501032
0.504459
0.507454
0.510038
0.512191
2468.69
2468.33
2467.78
2466.91
2465.75
2464.3
2462.55
2460.53
2458.24
2455.7
2452.92
2449.91
2446.69
2443.28
2439.71
2436
2432.2
2428.35
2424.49
2354.78
2420.69
)
;
    }
}


// ************************************************************************* //
