/*--------------------------------*- C++ -*----------------------------------*\
| =========                 |                                                 |
| \\      /  F ield         | OpenFOAM: The Open Source CFD Toolbox           |
|  \\    /   O peration     | Version:  3.0.1                                 |
|   \\  /    A nd           | Web:      www.OpenFOAM.org                      |
|    \\/     M anipulation  |                                                 |
\*---------------------------------------------------------------------------*/
FoamFile
{
    version     2.0;
    format      ascii;
    class       volVectorField;
    location    "0.05";
    object      U;
}
// * * * * * * * * * * * * * * * * * * * * * * * * * * * * * * * * * * * * * //

dimensions      [0 1 -1 0 0 0 0];

internalField   nonuniform List<vector> 
1935
(
(0.00938891 -0.00710102 0)
(0.0286575 -0.00749606 0)
(0.0483397 -0.00739287 0)
(0.0679904 -0.00745759 0)
(0.0878603 -0.0075734 0)
(0.108081 -0.00772017 0)
(0.128733 -0.00790087 0)
(0.149907 -0.00811951 0)
(0.17171 -0.00838061 0)
(0.194258 -0.0086896 0)
(0.217688 -0.009053 0)
(0.242155 -0.00947897 0)
(0.267837 -0.00997822 0)
(0.294944 -0.010565 0)
(0.323722 -0.0112577 0)
(0.35448 -0.0120797 0)
(0.387562 -0.0130601 0)
(0.423568 -0.0142375 0)
(0.462517 -0.0156573 0)
(0.506911 -0.0174286 0)
(0.55335 -0.0194729 0)
(0.609158 -0.0223619 0)
(0.67234 -0.0257165 0)
(0.736315 -0.0297191 0)
(0.807017 -0.0329552 0)
(0.890083 -0.0348568 0)
(0.993807 -0.0414049 0)
(1.12181 -0.0491101 0)
(1.2493 -0.0359753 0)
(1.24426 0.0267393 0)
(1.07496 0.0506686 0)
(0.9328 0.0553478 0)
(0.807165 0.042046 0)
(0.683026 0.0298498 0)
(0.581458 0.0256592 0)
(0.500195 0.0239046 0)
(0.432174 0.0217333 0)
(0.374787 0.0194356 0)
(0.324519 0.0175459 0)
(0.278559 0.0163037 0)
(0.235256 0.0156908 0)
(0.193244 0.0155322 0)
(0.151366 0.0156393 0)
(0.108951 0.0158918 0)
(0.00938372 -0.0212811 0)
(0.0286601 -0.0224756 0)
(0.0483428 -0.0221716 0)
(0.0679882 -0.0223656 0)
(0.0878507 -0.0227124 0)
(0.108059 -0.0231519 0)
(0.128693 -0.0236921 0)
(0.149843 -0.0243444 0)
(0.171615 -0.0251221 0)
(0.194126 -0.0260418 0)
(0.217508 -0.0271241 0)
(0.241913 -0.0283941 0)
(0.267514 -0.0298831 0)
(0.294512 -0.0316315 0)
(0.32315 -0.0336917 0)
(0.353727 -0.0361312 0)
(0.386576 -0.0390382 0)
(0.422283 -0.0425287 0)
(0.460813 -0.0467513 0)
(0.504755 -0.0519773 0)
(0.550245 -0.0581152 0)
(0.605681 -0.0667365 0)
(0.668197 -0.0762778 0)
(0.72782 -0.0872297 0)
(0.798013 -0.0984774 0)
(0.901684 -0.107548 0)
(1.04281 -0.124092 0)
(1.18599 -0.146217 0)
(1.32622 -0.0976292 0)
(1.46917 0.0599993 0)
(1.43804 0.14744 0)
(1.3118 0.176035 0)
(1.11201 0.169118 0)
(0.892676 0.150065 0)
(0.713964 0.124374 0)
(0.586243 0.0983146 0)
(0.493833 0.0784689 0)
(0.422569 0.06543 0)
(0.363376 0.0572218 0)
(0.311205 0.0523914 0)
(0.26313 0.0499616 0)
(0.216903 0.0491774 0)
(0.170767 0.0494849 0)
(0.12359 0.0504625 0)
(0.00934443 -0.0354541 0)
(0.0285396 -0.0374264 0)
(0.0481338 -0.0369241 0)
(0.0676852 -0.0372452 0)
(0.0874502 -0.0378189 0)
(0.107553 -0.0385465 0)
(0.128071 -0.0394408 0)
(0.149093 -0.0405203 0)
(0.170723 -0.0418065 0)
(0.193072 -0.0433266 0)
(0.21627 -0.0451143 0)
(0.24046 -0.047211 0)
(0.265806 -0.0496676 0)
(0.292501 -0.0525493 0)
(0.320774 -0.0559393 0)
(0.350906 -0.0599464 0)
(0.383207 -0.0647132 0)
(0.418225 -0.0704258 0)
(0.455871 -0.0773345 0)
(0.498761 -0.0858087 0)
(0.542636 -0.0959521 0)
(0.596862 -0.109828 0)
(0.657556 -0.12471 0)
(0.712493 -0.143735 0)
(0.779657 -0.17319 0)
(0.893192 -0.201102 0)
(1.04848 -0.214009 0)
(1.16175 -0.214257 0)
(1.10972 -0.183055 0)
(1.11354 -0.0369783 0)
(1.12885 0.154814 0)
(1.06539 0.27635 0)
(0.907949 0.311124 0)
(0.740253 0.287068 0)
(0.618198 0.230116 0)
(0.528252 0.174706 0)
(0.456924 0.135854 0)
(0.397746 0.111694 0)
(0.34607 0.097108 0)
(0.298978 0.0887209 0)
(0.254544 0.0845172 0)
(0.211073 0.0832267 0)
(0.167095 0.0839974 0)
(0.121571 0.0860899 0)
(0.00928702 -0.0495615 0)
(0.0283604 -0.0522921 0)
(0.0478223 -0.051596 0)
(0.0672362 -0.0520406 0)
(0.0868587 -0.0528337 0)
(0.106808 -0.05384 0)
(0.127158 -0.0550774 0)
(0.147995 -0.0565711 0)
(0.169417 -0.0583503 0)
(0.191534 -0.0604516 0)
(0.214464 -0.0629203 0)
(0.238343 -0.0658116 0)
(0.263324 -0.0691945 0)
(0.289585 -0.0731563 0)
(0.317335 -0.0778092 0)
(0.346833 -0.083298 0)
(0.378354 -0.0898115 0)
(0.412394 -0.0975948 0)
(0.448805 -0.106982 0)
(0.490171 -0.118429 0)
(0.531867 -0.132243 0)
(0.583933 -0.150922 0)
(0.641287 -0.17041 0)
(0.688093 -0.198673 0)
(0.744032 -0.250847 0)
(0.850325 -0.298675 0)
(1.00003 -0.287812 0)
(1.05817 -0.182322 0)
(0.966898 -0.112206 0)
(0.873041 0.0267945 0)
(0.769439 0.21347 0)
(0.695177 0.360731 0)
(0.615473 0.411265 0)
(0.555869 0.3698 0)
(0.513935 0.290523 0)
(0.469045 0.22328 0)
(0.421968 0.178182 0)
(0.376264 0.149659 0)
(0.332664 0.131975 0)
(0.290853 0.121652 0)
(0.250116 0.116595 0)
(0.209324 0.115458 0)
(0.167245 0.117268 0)
(0.122834 0.121059 0)
(0.00921235 -0.0635742 0)
(0.028124 -0.0670361 0)
(0.0474105 -0.0661517 0)
(0.0666446 -0.066716 0)
(0.0860804 -0.0677203 0)
(0.105829 -0.0689946 0)
(0.12596 -0.0705617 0)
(0.146557 -0.0724528 0)
(0.167711 -0.0747041 0)
(0.189525 -0.0773602 0)
(0.21211 -0.0804765 0)
(0.235589 -0.0841207 0)
(0.260101 -0.0883773 0)
(0.285806 -0.0933525 0)
(0.312892 -0.0991822 0)
(0.341585 -0.106041 0)
(0.372118 -0.114153 0)
(0.404927 -0.123813 0)
(0.439791 -0.135417 0)
(0.479221 -0.149494 0)
(0.518161 -0.166519 0)
(0.567364 -0.18925 0)
(0.619802 -0.212696 0)
(0.656615 -0.248754 0)
(0.70294 -0.316666 0)
(0.801695 -0.374658 0)
(0.926884 -0.315814 0)
(0.917211 -0.159277 0)
(0.814488 -0.039367 0)
(0.647276 0.119249 0)
(0.509964 0.295129 0)
(0.444917 0.406664 0)
(0.436856 0.427564 0)
(0.447099 0.378226 0)
(0.445497 0.308043 0)
(0.42467 0.249654 0)
(0.393072 0.208218 0)
(0.357616 0.180147 0)
(0.321078 0.161917 0)
(0.284393 0.151125 0)
(0.247539 0.14614 0)
(0.209736 0.145827 0)
(0.169833 0.149295 0)
(0.12661 0.15552 0)
(0.00912115 -0.0774655 0)
(0.0278329 -0.0816261 0)
(0.0469023 -0.0805602 0)
(0.0659161 -0.0812396 0)
(0.0851234 -0.0824449 0)
(0.104627 -0.0839742 0)
(0.124491 -0.0858544 0)
(0.144795 -0.0881222 0)
(0.165624 -0.0908196 0)
(0.187072 -0.0939982 0)
(0.20924 -0.0977218 0)
(0.232237 -0.102068 0)
(0.256186 -0.107135 0)
(0.281229 -0.113043 0)
(0.307526 -0.119946 0)
(0.335269 -0.12804 0)
(0.364642 -0.137579 0)
(0.396013 -0.148885 0)
(0.429079 -0.162399 0)
(0.466255 -0.17869 0)
(0.502027 -0.198344 0)
(0.547908 -0.224162 0)
(0.59439 -0.250337 0)
(0.619604 -0.293049 0)
(0.657877 -0.370993 0)
(0.748493 -0.430005 0)
(0.826891 -0.310449 0)
(0.788616 -0.105601 0)
(0.658846 0.0709677 0)
(0.479334 0.229446 0)
(0.373731 0.35319 0)
(0.351156 0.409294 0)
(0.37241 0.404342 0)
(0.39627 0.36305 0)
(0.402404 0.311487 0)
(0.390543 0.265822 0)
(0.368034 0.230417 0)
(0.340293 0.20476 0)
(0.309977 0.187447 0)
(0.278352 0.17719 0)
(0.245704 0.172971 0)
(0.211429 0.174047 0)
(0.174341 0.179825 0)
(0.132863 0.189468 0)
(0.00901417 -0.0912098 0)
(0.0274894 -0.0960311 0)
(0.0463024 -0.0947918 0)
(0.0650578 -0.095581 0)
(0.0839967 -0.0969757 0)
(0.103213 -0.0987446 0)
(0.122766 -0.100919 0)
(0.142729 -0.103539 0)
(0.163181 -0.106653 0)
(0.184204 -0.110317 0)
(0.20589 -0.114601 0)
(0.228333 -0.119592 0)
(0.251639 -0.125396 0)
(0.275928 -0.132146 0)
(0.301333 -0.140006 0)
(0.328007 -0.149189 0)
(0.356085 -0.159962 0)
(0.385862 -0.172665 0)
(0.416956 -0.187755 0)
(0.451668 -0.205809 0)
(0.484047 -0.227462 0)
(0.526431 -0.255401 0)
(0.566434 -0.2831 0)
(0.580545 -0.330943 0)
(0.614272 -0.413336 0)
(0.696396 -0.463228 0)
(0.730858 -0.297844 0)
(0.670449 -0.0373806 0)
(0.516189 0.180997 0)
(0.375295 0.318332 0)
(0.321498 0.382424 0)
(0.325033 0.397983 0)
(0.347883 0.383457 0)
(0.366194 0.351431 0)
(0.370918 0.313075 0)
(0.362895 0.277028 0)
(0.346318 0.247211 0)
(0.324567 0.224554 0)
(0.29972 0.208884 0)
(0.273017 0.199748 0)
(0.244847 0.19673 0)
(0.214702 0.199596 0)
(0.181314 0.208263 0)
(0.142603 0.222456 0)
(0.00889217 -0.104782 0)
(0.0270964 -0.110221 0)
(0.0456162 -0.108818 0)
(0.0640776 -0.109711 0)
(0.0827111 -0.111282 0)
(0.101601 -0.113274 0)
(0.120802 -0.11572 0)
(0.14038 -0.118667 0)
(0.160406 -0.122163 0)
(0.180955 -0.126271 0)
(0.202102 -0.131066 0)
(0.223929 -0.136638 0)
(0.246525 -0.143101 0)
(0.269985 -0.150594 0)
(0.294417 -0.159289 0)
(0.319933 -0.169404 0)
(0.346619 -0.181211 0)
(0.374701 -0.195053 0)
(0.403723 -0.211381 0)
(0.435872 -0.230744 0)
(0.464803 -0.253782 0)
(0.503738 -0.282952 0)
(0.537158 -0.31116 0)
(0.541465 -0.362816 0)
(0.573683 -0.445772 0)
(0.648348 -0.479423 0)
(0.649869 -0.265364 0)
(0.554682 0.0529202 0)
(0.405233 0.274408 0)
(0.322723 0.370907 0)
(0.306102 0.391361 0)
(0.315674 0.386722 0)
(0.331574 0.370068 0)
(0.343118 0.344302 0)
(0.345963 0.314258 0)
(0.340147 0.285116 0)
(0.327718 0.260028 0)
(0.310704 0.240353 0)
(0.290654 0.226553 0)
(0.268681 0.218756 0)
(0.245223 0.217076 0)
(0.219888 0.221843 0)
(0.191418 0.233706 0)
(0.157227 0.253525 0)
(0.00875607 -0.11816 0)
(0.0266574 -0.12417 0)
(0.0448499 -0.122613 0)
(0.0629843 -0.123604 0)
(0.0812786 -0.125337 0)
(0.0998067 -0.127533 0)
(0.118618 -0.130229 0)
(0.137773 -0.133473 0)
(0.157332 -0.137316 0)
(0.17736 -0.141824 0)
(0.197921 -0.147075 0)
(0.219082 -0.153162 0)
(0.240913 -0.160203 0)
(0.263489 -0.168338 0)
(0.286888 -0.177742 0)
(0.311186 -0.18863 0)
(0.336422 -0.201273 0)
(0.36276 -0.215999 0)
(0.38968 -0.233239 0)
(0.419264 -0.253489 0)
(0.444841 -0.277358 0)
(0.480537 -0.306992 0)
(0.507571 -0.334885 0)
(0.503636 -0.389148 0)
(0.53609 -0.470511 0)
(0.602523 -0.482514 0)
(0.570534 -0.208734 0)
(0.451328 0.136426 0)
(0.334163 0.33766 0)
(0.298773 0.393524 0)
(0.298201 0.390527 0)
(0.306475 0.378252 0)
(0.316712 0.361614 0)
(0.32396 0.339826 0)
(0.325599 0.315238 0)
(0.321226 0.29111 0)
(0.311835 0.269846 0)
(0.298648 0.252815 0)
(0.282826 0.240772 0)
(0.265375 0.234215 0)
(0.24682 0.233676 0)
(0.227026 0.240029 0)
(0.20509 0.254784 0)
(0.178455 0.280695 0)
(0.00860691 -0.131324 0)
(0.0261757 -0.137857 0)
(0.0440098 -0.136157 0)
(0.0617876 -0.137238 0)
(0.0797121 -0.139119 0)
(0.0978472 -0.1415 0)
(0.116237 -0.144421 0)
(0.134933 -0.147932 0)
(0.15399 -0.152086 0)
(0.173461 -0.156948 0)
(0.193398 -0.1626 0)
(0.213852 -0.169135 0)
(0.234878 -0.176669 0)
(0.25653 -0.185345 0)
(0.278859 -0.195332 0)
(0.301906 -0.206842 0)
(0.325671 -0.220128 0)
(0.350261 -0.235501 0)
(0.375112 -0.253356 0)
(0.402205 -0.27412 0)
(0.424631 -0.298354 0)
(0.457433 -0.327857 0)
(0.47845 -0.354858 0)
(0.468461 -0.41117 0)
(0.503161 -0.489941 0)
(0.559595 -0.467597 0)
(0.493484 -0.136132 0)
(0.368433 0.21016 0)
(0.293971 0.37468 0)
(0.285235 0.399642 0)
(0.289234 0.386698 0)
(0.295766 0.372283 0)
(0.302755 0.356156 0)
(0.307546 0.336975 0)
(0.308503 0.316081 0)
(0.305206 0.295597 0)
(0.298167 0.277311 0)
(0.288145 0.26244 0)
(0.27606 0.251828 0)
(0.262877 0.246162 0)
(0.249298 0.246235 0)
(0.235647 0.253322 0)
(0.222085 0.269695 0)
(0.205599 0.300893 0)
(0.00844415 -0.144363 0)
(0.0256502 -0.151369 0)
(0.0430946 -0.149539 0)
(0.0604858 -0.150703 0)
(0.0780098 -0.152717 0)
(0.0957206 -0.155265 0)
(0.113656 -0.158388 0)
(0.131862 -0.162136 0)
(0.150382 -0.166565 0)
(0.16926 -0.171739 0)
(0.188536 -0.177737 0)
(0.208249 -0.184655 0)
(0.228435 -0.192605 0)
(0.24913 -0.201725 0)
(0.27036 -0.212179 0)
(0.292135 -0.224166 0)
(0.314422 -0.237922 0)
(0.33728 -0.253728 0)
(0.360116 -0.271936 0)
(0.384822 -0.292903 0)
(0.404332 -0.317121 0)
(0.434576 -0.346066 0)
(0.449916 -0.371889 0)
(0.435633 -0.429503 0)
(0.472365 -0.50366 0)
(0.517989 -0.433933 0)
(0.42909 -0.0683875 0)
(0.308971 0.26805 0)
(0.27184 0.393346 0)
(0.274391 0.398589 0)
(0.278922 0.382567 0)
(0.28442 0.367913 0)
(0.289578 0.352394 0)
(0.292961 0.335058 0)
(0.293606 0.316772 0)
(0.291222 0.298958 0)
(0.286107 0.282935 0)
(0.278766 0.269716 0)
(0.269988 0.260103 0)
(0.260746 0.254817 0)
(0.251999 0.254707 0)
(0.244722 0.261113 0)
(0.241281 0.276451 0)
(0.240955 0.30657 0)
(0.0082674 -0.157314 0)
(0.0250808 -0.164747 0)
(0.0421047 -0.162797 0)
(0.0590793 -0.164038 0)
(0.0761719 -0.166171 0)
(0.0934268 -0.168867 0)
(0.110876 -0.172168 0)
(0.128558 -0.176126 0)
(0.146509 -0.180793 0)
(0.164761 -0.186234 0)
(0.183344 -0.192527 0)
(0.202282 -0.199764 0)
(0.221598 -0.208053 0)
(0.24131 -0.217526 0)
(0.261422 -0.228335 0)
(0.281917 -0.240665 0)
(0.302734 -0.25473 0)
(0.323896 -0.270777 0)
(0.344792 -0.289112 0)
(0.367239 -0.310019 0)
(0.384077 -0.333922 0)
(0.412077 -0.362011 0)
(0.422158 -0.386497 0)
(0.40533 -0.444922 0)
(0.444037 -0.513736 0)
(0.479303 -0.386524 0)
(0.3777 -0.000986372 0)
(0.272146 0.312244 0)
(0.258342 0.401147 0)
(0.264173 0.394861 0)
(0.268268 0.378682 0)
(0.27304 0.364401 0)
(0.277081 0.349533 0)
(0.279674 0.3336 0)
(0.280268 0.317211 0)
(0.278714 0.301355 0)
(0.275214 0.286997 0)
(0.27014 0.274939 0)
(0.264208 0.265864 0)
(0.258418 0.260394 0)
(0.253938 0.259208 0)
(0.252312 0.263224 0)
(0.257154 0.273868 0)
(0.271208 0.292723 0)
(0.00807827 -0.170097 0)
(0.024473 -0.177903 0)
(0.04105 -0.175846 0)
(0.0575823 -0.177157 0)
(0.0742176 -0.179393 0)
(0.0909906 -0.182217 0)
(0.107928 -0.185672 0)
(0.125061 -0.189807 0)
(0.142417 -0.194676 0)
(0.160019 -0.20034 0)
(0.177885 -0.206874 0)
(0.19603 -0.214365 0)
(0.214462 -0.222916 0)
(0.233183 -0.232649 0)
(0.252178 -0.243706 0)
(0.271407 -0.256253 0)
(0.290793 -0.270479 0)
(0.310324 -0.286596 0)
(0.329391 -0.304863 0)
(0.349741 -0.325497 0)
(0.364177 -0.348861 0)
(0.390228 -0.375883 0)
(0.395484 -0.398954 0)
(0.377517 -0.457404 0)
(0.4174 -0.519928 0)
(0.445715 -0.338542 0)
(0.347488 0.0674462 0)
(0.252099 0.344771 0)
(0.24886 0.403216 0)
(0.254376 0.390696 0)
(0.25779 0.375234 0)
(0.261913 0.361448 0)
(0.265229 0.3472 0)
(0.267404 0.332347 0)
(0.268112 0.317346 0)
(0.267313 0.302905 0)
(0.265159 0.289717 0)
(0.26195 0.278388 0)
(0.25835 0.269441 0)
(0.255327 0.263314 0)
(0.254058 0.260367 0)
(0.256129 0.260836 0)
(0.264334 0.264684 0)
(0.28226 0.2697 0)
(0.00787763 -0.182688 0)
(0.02383 -0.190814 0)
(0.0399365 -0.188662 0)
(0.0560038 -0.190035 0)
(0.0721588 -0.192359 0)
(0.0884275 -0.195291 0)
(0.104831 -0.198874 0)
(0.121393 -0.203157 0)
(0.138134 -0.20819 0)
(0.155068 -0.214032 0)
(0.172203 -0.220753 0)
(0.189543 -0.228436 0)
(0.207085 -0.237177 0)
(0.224818 -0.247086 0)
(0.242709 -0.258292 0)
(0.260704 -0.27094 0)
(0.27871 -0.285196 0)
(0.296694 -0.301238 0)
(0.314055 -0.319279 0)
(0.332479 -0.339474 0)
(0.344782 -0.362133 0)
(0.369158 -0.38795 0)
(0.370032 -0.409581 0)
(0.352129 -0.46773 0)
(0.392726 -0.523943 0)
(0.418052 -0.305221 0)
(0.322049 0.137799 0)
(0.240499 0.369959 0)
(0.240936 0.403037 0)
(0.244683 0.387071 0)
(0.247476 0.372302 0)
(0.251034 0.358903 0)
(0.253888 0.345178 0)
(0.255879 0.33115 0)
(0.256794 0.317164 0)
(0.256669 0.303724 0)
(0.255621 0.291321 0)
(0.2539 0.280385 0)
(0.252106 0.271274 0)
(0.251102 0.264225 0)
(0.251888 0.259297 0)
(0.255711 0.256223 0)
(0.26422 0.254144 0)
(0.280023 0.250481 0)
(0.00766647 -0.195063 0)
(0.0231555 -0.203455 0)
(0.038771 -0.201223 0)
(0.0543533 -0.20265 0)
(0.0700081 -0.205046 0)
(0.0857531 -0.208065 0)
(0.101604 -0.211752 0)
(0.117579 -0.216152 0)
(0.13369 -0.221313 0)
(0.149943 -0.22729 0)
(0.166338 -0.234148 0)
(0.182869 -0.241965 0)
(0.199525 -0.250826 0)
(0.216282 -0.260832 0)
(0.233095 -0.272096 0)
(0.249896 -0.284746 0)
(0.266585 -0.29892 0)
(0.283115 -0.314765 0)
(0.2989 -0.332453 0)
(0.31557 -0.352085 0)
(0.326 -0.373926 0)
(0.348939 -0.398466 0)
(0.345898 -0.418689 0)
(0.328843 -0.476389 0)
(0.369723 -0.526485 0)
(0.391528 -0.275568 0)
(0.292104 0.203284 0)
(0.23074 0.38933 0)
(0.232749 0.402151 0)
(0.234677 0.384196 0)
(0.23714 0.369813 0)
(0.240318 0.356635 0)
(0.242926 0.343315 0)
(0.24489 0.329907 0)
(0.246062 0.316657 0)
(0.246523 0.303916 0)
(0.246363 0.292017 0)
(0.245788 0.281244 0)
(0.24532 0.27181 0)
(0.24568 0.263796 0)
(0.247637 0.257071 0)
(0.252065 0.251166 0)
(0.259939 0.245077 0)
(0.272645 0.236927 0)
(0.00744585 -0.207202 0)
(0.0224532 -0.215806 0)
(0.0375601 -0.213508 0)
(0.0526404 -0.21498 0)
(0.0677782 -0.217433 0)
(0.0829838 -0.220521 0)
(0.0982684 -0.224287 0)
(0.113643 -0.228775 0)
(0.129114 -0.234028 0)
(0.144679 -0.240099 0)
(0.160331 -0.247047 0)
(0.176056 -0.254941 0)
(0.191836 -0.26386 0)
(0.207637 -0.273892 0)
(0.223403 -0.285135 0)
(0.239061 -0.297698 0)
(0.254504 -0.311696 0)
(0.269677 -0.327245 0)
(0.284017 -0.344482 0)
(0.2991 -0.363462 0)
(0.307896 -0.384416 0)
(0.329604 -0.407658 0)
(0.323072 -0.426536 0)
(0.307439 -0.483763 0)
(0.34827 -0.527835 0)
(0.363584 -0.241209 0)
(0.257463 0.260014 0)
(0.219205 0.403298 0)
(0.223128 0.400753 0)
(0.224085 0.381768 0)
(0.22663 0.367562 0)
(0.229676 0.354494 0)
(0.232232 0.341483 0)
(0.234279 0.328544 0)
(0.235728 0.315833 0)
(0.23669 0.30358 0)
(0.237225 0.291993 0)
(0.237501 0.281247 0)
(0.237963 0.271445 0)
(0.239184 0.262563 0)
(0.241719 0.254377 0)
(0.246132 0.246379 0)
(0.252959 0.237646 0)
(0.262711 0.226707 0)
(0.00721689 -0.219085 0)
(0.0217269 -0.227848 0)
(0.0363106 -0.225497 0)
(0.0508747 -0.227007 0)
(0.0654819 -0.229501 0)
(0.0801355 -0.232639 0)
(0.0948425 -0.236461 0)
(0.109608 -0.241008 0)
(0.124433 -0.246321 0)
(0.139307 -0.252447 0)
(0.154219 -0.25944 0)
(0.169147 -0.267361 0)
(0.184068 -0.27628 0)
(0.198939 -0.286274 0)
(0.213698 -0.297427 0)
(0.228267 -0.309829 0)
(0.24254 -0.323573 0)
(0.256453 -0.338749 0)
(0.269476 -0.355462 0)
(0.283129 -0.373733 0)
(0.290507 -0.393761 0)
(0.311155 -0.415715 0)
(0.3015 -0.43334 0)
(0.287762 -0.490082 0)
(0.328146 -0.527846 0)
(0.336957 -0.196808 0)
(0.221403 0.304349 0)
(0.205854 0.411597 0)
(0.211999 0.398495 0)
(0.212926 0.379319 0)
(0.215922 0.365287 0)
(0.219071 0.352324 0)
(0.221732 0.339579 0)
(0.223939 0.327014 0)
(0.225665 0.314711 0)
(0.227042 0.302806 0)
(0.228107 0.291416 0)
(0.228996 0.280635 0)
(0.230077 0.27049 0)
(0.231791 0.260895 0)
(0.234509 0.251595 0)
(0.238553 0.24211 0)
(0.244136 0.23166 0)
(0.251326 0.219106 0)
(0.00698075 -0.230692 0)
(0.0209804 -0.239562 0)
(0.0350292 -0.237173 0)
(0.0490659 -0.238713 0)
(0.0631317 -0.241235 0)
(0.0772241 -0.244404 0)
(0.0913461 -0.24826 0)
(0.105498 -0.25284 0)
(0.119674 -0.258182 0)
(0.13386 -0.264327 0)
(0.148038 -0.271323 0)
(0.162183 -0.279226 0)
(0.176265 -0.288095 0)
(0.190238 -0.297996 0)
(0.204034 -0.308998 0)
(0.217573 -0.321177 0)
(0.230751 -0.334604 0)
(0.243503 -0.349349 0)
(0.25533 -0.365487 0)
(0.267697 -0.383012 0)
(0.273849 -0.402101 0)
(0.293572 -0.422801 0)
(0.281125 -0.43928 0)
(0.269628 -0.495471 0)
(0.309144 -0.526407 0)
(0.311513 -0.142798 0)
(0.188015 0.336751 0)
(0.191654 0.414266 0)
(0.199825 0.394989 0)
(0.20148 0.37645 0)
(0.205128 0.362757 0)
(0.20853 0.349994 0)
(0.211396 0.337527 0)
(0.213803 0.325291 0)
(0.21579 0.313318 0)
(0.217502 0.301677 0)
(0.21896 0.290424 0)
(0.220273 0.279598 0)
(0.22174 0.269176 0)
(0.223689 0.259044 0)
(0.226347 0.248952 0)
(0.229863 0.238487 0)
(0.234247 0.227043 0)
(0.239397 0.213811 0)
(0.00673861 -0.242006 0)
(0.0202176 -0.250935 0)
(0.0337228 -0.248522 0)
(0.0472235 -0.250083 0)
(0.06074 -0.252619 0)
(0.0742651 -0.255802 0)
(0.0877979 -0.259672 0)
(0.101334 -0.264261 0)
(0.114863 -0.269602 0)
(0.128367 -0.275734 0)
(0.141823 -0.282697 0)
(0.155202 -0.290541 0)
(0.168471 -0.299314 0)
(0.18158 -0.309074 0)
(0.194458 -0.319877 0)
(0.207027 -0.331782 0)
(0.219186 -0.344844 0)
(0.23087 -0.359113 0)
(0.241614 -0.374643 0)
(0.252826 -0.391405 0)
(0.257923 -0.409561 0)
(0.276824 -0.429052 0)
(0.261907 -0.444488 0)
(0.252831 -0.500033 0)
(0.291146 -0.523576 0)
(0.284033 -0.0803337 0)
(0.160196 0.359315 0)
(0.17753 0.411914 0)
(0.187411 0.390134 0)
(0.190167 0.372963 0)
(0.19444 0.359849 0)
(0.198135 0.347428 0)
(0.201232 0.335286 0)
(0.203841 0.323369 0)
(0.206057 0.311687 0)
(0.20803 0.300269 0)
(0.209771 0.289133 0)
(0.211362 0.278283 0)
(0.213048 0.26767 0)
(0.215064 0.257172 0)
(0.217532 0.24657 0)
(0.220488 0.235528 0)
(0.223832 0.223603 0)
(0.227414 0.210245 0)
(0.00649162 -0.253011 0)
(0.0194422 -0.261953 0)
(0.0323977 -0.259529 0)
(0.0453567 -0.261105 0)
(0.058319 -0.263642 0)
(0.0712734 -0.266824 0)
(0.0842158 -0.270688 0)
(0.0971382 -0.275263 0)
(0.110026 -0.280578 0)
(0.122856 -0.286666 0)
(0.135604 -0.293565 0)
(0.148238 -0.301313 0)
(0.160722 -0.309953 0)
(0.173003 -0.319531 0)
(0.185011 -0.330094 0)
(0.19667 -0.341685 0)
(0.207883 -0.354346 0)
(0.218587 -0.368109 0)
(0.228352 -0.383011 0)
(0.238528 -0.399008 0)
(0.242719 -0.416248 0)
(0.260876 -0.434585 0)
(0.243803 -0.449071 0)
(0.237219 -0.503925 0)
(0.274116 -0.519297 0)
(0.256949 -0.00769865 0)
(0.14047 0.372549 0)
(0.165319 0.405763 0)
(0.175709 0.384295 0)
(0.179374 0.368924 0)
(0.184059 0.356584 0)
(0.187974 0.344627 0)
(0.191265 0.332857 0)
(0.194046 0.321262 0)
(0.196446 0.309857 0)
(0.198614 0.298648 0)
(0.200547 0.287634 0)
(0.20231 0.276798 0)
(0.2041 0.266085 0)
(0.206081 0.255376 0)
(0.208301 0.24449 0)
(0.210733 0.233169 0)
(0.213219 0.221101 0)
(0.215611 0.207908 0)
(0.00624091 -0.263695 0)
(0.018658 -0.272605 0)
(0.0310605 -0.270184 0)
(0.0434744 -0.271767 0)
(0.0558801 -0.274295 0)
(0.0682632 -0.277461 0)
(0.0806169 -0.281301 0)
(0.0929294 -0.285841 0)
(0.105183 -0.291107 0)
(0.117352 -0.297127 0)
(0.129408 -0.303931 0)
(0.14132 -0.311553 0)
(0.153049 -0.320027 0)
(0.164542 -0.329391 0)
(0.175728 -0.339681 0)
(0.186534 -0.350928 0)
(0.196872 -0.363161 0)
(0.206679 -0.3764 0)
(0.215559 -0.390666 0)
(0.224804 -0.405904 0)
(0.228219 -0.422253 0)
(0.245692 -0.439495 0)
(0.22674 -0.453113 0)
(0.222685 -0.507263 0)
(0.258126 -0.513189 0)
(0.232322 0.0648794 0)
(0.130179 0.379456 0)
(0.155731 0.398043 0)
(0.165204 0.378177 0)
(0.169313 0.364615 0)
(0.174111 0.353093 0)
(0.178108 0.341649 0)
(0.181517 0.330273 0)
(0.18442 0.319007 0)
(0.186954 0.307874 0)
(0.189256 0.296873 0)
(0.191311 0.285997 0)
(0.19317 0.275223 0)
(0.194987 0.264492 0)
(0.196877 0.253703 0)
(0.198838 0.242711 0)
(0.200809 0.231326 0)
(0.202602 0.219326 0)
(0.20417 0.206526 0)
(0.205059 0.192656 0)
(0.00598752 -0.274044 0)
(0.0178685 -0.282884 0)
(0.0297172 -0.280476 0)
(0.0415851 -0.282061 0)
(0.0534343 -0.284568 0)
(0.065248 -0.287705 0)
(0.0770169 -0.291507 0)
(0.0887265 -0.295995 0)
(0.100356 -0.301191 0)
(0.111878 -0.307119 0)
(0.123263 -0.313804 0)
(0.134477 -0.321274 0)
(0.145483 -0.329556 0)
(0.156224 -0.338679 0)
(0.166635 -0.34867 0)
(0.176647 -0.359551 0)
(0.186176 -0.371339 0)
(0.195162 -0.384044 0)
(0.203243 -0.397674 0)
(0.21165 -0.412168 0)
(0.214401 -0.427656 0)
(0.231235 -0.44386 0)
(0.210662 -0.456683 0)
(0.209145 -0.510031 0)
(0.242967 -0.504846 0)
(0.209792 0.132766 0)
(0.126476 0.383254 0)
(0.148142 0.390531 0)
(0.155842 0.372457 0)
(0.159955 0.360369 0)
(0.164601 0.349548 0)
(0.168546 0.338583 0)
(0.171993 0.32759 0)
(0.174963 0.316645 0)
(0.177582 0.30578 0)
(0.179966 0.294994 0)
(0.182091 0.284279 0)
(0.183991 0.27361 0)
(0.185789 0.262935 0)
(0.187562 0.252169 0)
(0.18928 0.241203 0)
(0.190861 0.229904 0)
(0.192165 0.218112 0)
(0.192996 0.20578 0)
(0.193309 0.192607 0)
(0.00573243 -0.284049 0)
(0.0170769 -0.292781 0)
(0.0283735 -0.2904 0)
(0.0396967 -0.29198 0)
(0.0509917 -0.294456 0)
(0.0622402 -0.297554 0)
(0.0734306 -0.301303 0)
(0.0845461 -0.305723 0)
(0.0955637 -0.310831 0)
(0.106455 -0.316648 0)
(0.117188 -0.323194 0)
(0.127732 -0.33049 0)
(0.138045 -0.338559 0)
(0.148075 -0.34742 0)
(0.157757 -0.357093 0)
(0.167027 -0.367593 0)
(0.175809 -0.378927 0)
(0.184044 -0.391095 0)
(0.191404 -0.404098 0)
(0.199056 -0.417867 0)
(0.201245 -0.432529 0)
(0.217474 -0.447751 0)
(0.195539 -0.459847 0)
(0.19649 -0.512264 0)
(0.228327 -0.494212 0)
(0.189403 0.19281 0)
(0.12549 0.385673 0)
(0.14167 0.384154 0)
(0.14727 0.367519 0)
(0.151096 0.356416 0)
(0.155437 0.346083 0)
(0.159249 0.335508 0)
(0.162678 0.324858 0)
(0.165671 0.314217 0)
(0.168332 0.303615 0)
(0.17076 0.293052 0)
(0.172916 0.282519 0)
(0.174819 0.271996 0)
(0.17657 0.261437 0)
(0.178221 0.250773 0)
(0.179724 0.239928 0)
(0.180991 0.228809 0)
(0.181918 0.217315 0)
(0.182328 0.205405 0)
(0.182195 0.193063 0)
(0.00547656 -0.293701 0)
(0.0162865 -0.302292 0)
(0.0270349 -0.299948 0)
(0.0378165 -0.301517 0)
(0.0485618 -0.303956 0)
(0.0592511 -0.307004 0)
(0.0698712 -0.310688 0)
(0.0804034 -0.315027 0)
(0.0908231 -0.320033 0)
(0.101101 -0.325722 0)
(0.111205 -0.332112 0)
(0.121103 -0.339217 0)
(0.130757 -0.347055 0)
(0.140113 -0.35564 0)
(0.149109 -0.364983 0)
(0.157689 -0.375092 0)
(0.165781 -0.385967 0)
(0.173331 -0.397602 0)
(0.180039 -0.40999 0)
(0.187011 -0.423061 0)
(0.188723 -0.436932 0)
(0.204373 -0.451232 0)
(0.18133 -0.462666 0)
(0.184613 -0.514098 0)
(0.214202 -0.48092 0)
(0.1694 0.241735 0)
(0.124172 0.388055 0)
(0.135415 0.379268 0)
(0.138998 0.363438 0)
(0.14246 0.352823 0)
(0.146486 0.342753 0)
(0.150154 0.332464 0)
(0.153543 0.322109 0)
(0.156534 0.311751 0)
(0.159211 0.301408 0)
(0.161652 0.291076 0)
(0.163811 0.280747 0)
(0.165695 0.270403 0)
(0.167386 0.260006 0)
(0.168918 0.249505 0)
(0.170238 0.238845 0)
(0.171259 0.22797 0)
(0.171896 0.216815 0)
(0.172022 0.205352 0)
(0.171608 0.193618 0)
(0.0052208 -0.302992 0)
(0.0155 -0.311413 0)
(0.0257061 -0.309116 0)
(0.0359511 -0.310671 0)
(0.0461528 -0.313064 0)
(0.0562908 -0.316054 0)
(0.0663506 -0.319664 0)
(0.0763117 -0.323909 0)
(0.0861486 -0.3288 0)
(0.0958313 -0.334349 0)
(0.105329 -0.340569 0)
(0.114609 -0.34747 0)
(0.123634 -0.355065 0)
(0.132352 -0.363362 0)
(0.140706 -0.372367 0)
(0.148643 -0.382082 0)
(0.156099 -0.3925 0)
(0.163021 -0.403611 0)
(0.169138 -0.415401 0)
(0.175496 -0.427799 0)
(0.176806 -0.440918 0)
(0.191894 -0.454352 0)
(0.167969 -0.465183 0)
(0.173434 -0.515613 0)
(0.200882 -0.46247 0)
(0.147335 0.278336 0)
(0.120319 0.390578 0)
(0.128392 0.375693 0)
(0.130502 0.360026 0)
(0.133785 0.349508 0)
(0.137618 0.339533 0)
(0.1412 0.329451 0)
(0.144562 0.319354 0)
(0.147545 0.309263 0)
(0.150222 0.299177 0)
(0.152658 0.289085 0)
(0.154802 0.278979 0)
(0.156653 0.268843 0)
(0.158277 0.258645 0)
(0.1597 0.248348 0)
(0.16087 0.237919 0)
(0.161702 0.227324 0)
(0.162131 0.216529 0)
(0.162066 0.205523 0)
(0.161493 0.19435 0)
(0.00496605 -0.311919 0)
(0.0147201 -0.320141 0)
(0.0243913 -0.317902 0)
(0.0341064 -0.319437 0)
(0.0437722 -0.321779 0)
(0.0533682 -0.324703 0)
(0.0628787 -0.32823 0)
(0.0722821 -0.332373 0)
(0.0815523 -0.337138 0)
(0.0906592 -0.342537 0)
(0.0995725 -0.348576 0)
(0.108261 -0.355264 0)
(0.116688 -0.362607 0)
(0.124804 -0.37061 0)
(0.132555 -0.379273 0)
(0.139894 -0.388594 0)
(0.146762 -0.398562 0)
(0.153109 -0.40916 0)
(0.158692 -0.420373 0)
(0.164493 -0.432128 0)
(0.165467 -0.444532 0)
(0.180003 -0.457155 0)
(0.155411 -0.467432 0)
(0.162901 -0.516777 0)
(0.187663 -0.43646 0)
(0.121172 0.302954 0)
(0.112315 0.39201 0)
(0.119642 0.372588 0)
(0.121413 0.356843 0)
(0.124914 0.346263 0)
(0.128761 0.336327 0)
(0.132352 0.326432 0)
(0.135723 0.316582 0)
(0.138705 0.306756 0)
(0.141374 0.296933 0)
(0.143794 0.287093 0)
(0.145911 0.277226 0)
(0.147719 0.267319 0)
(0.149276 0.257348 0)
(0.150603 0.247287 0)
(0.151651 0.237117 0)
(0.152344 0.226822 0)
(0.15263 0.216391 0)
(0.15245 0.205824 0)
(0.151796 0.195169 0)
(0.00471323 -0.320475 0)
(0.0139491 -0.328476 0)
(0.0230941 -0.326303 0)
(0.0322872 -0.327814 0)
(0.0414262 -0.3301 0)
(0.0504907 -0.332952 0)
(0.059464 -0.33639 0)
(0.068324 -0.340422 0)
(0.0770441 -0.345054 0)
(0.0855948 -0.350294 0)
(0.0939465 -0.356145 0)
(0.10207 -0.362612 0)
(0.109928 -0.369698 0)
(0.117475 -0.377404 0)
(0.12466 -0.385726 0)
(0.131442 -0.394657 0)
(0.137767 -0.404183 0)
(0.143587 -0.414285 0)
(0.148685 -0.424942 0)
(0.153981 -0.436085 0)
(0.154676 -0.447815 0)
(0.168669 -0.45968 0)
(0.143623 -0.469453 0)
(0.152945 -0.51765 0)
(0.17337 -0.400467 0)
(0.0900725 0.320368 0)
(0.10046 0.390656 0)
(0.109146 0.368697 0)
(0.111767 0.3533 0)
(0.11588 0.342814 0)
(0.119934 0.333011 0)
(0.123625 0.323351 0)
(0.127036 0.313774 0)
(0.130024 0.304228 0)
(0.132682 0.294681 0)
(0.135077 0.285106 0)
(0.137158 0.275494 0)
(0.138919 0.265834 0)
(0.14041 0.256109 0)
(0.141653 0.246304 0)
(0.142603 0.236409 0)
(0.143195 0.226424 0)
(0.143389 0.216349 0)
(0.143149 0.206195 0)
(0.142472 0.196007 0)
(0.00446329 -0.328659 0)
(0.0131892 -0.336417 0)
(0.0218177 -0.334318 0)
(0.0304979 -0.335802 0)
(0.0391202 -0.338028 0)
(0.0476645 -0.340803 0)
(0.0561137 -0.344145 0)
(0.064445 -0.348061 0)
(0.0726321 -0.352555 0)
(0.080646 -0.357629 0)
(0.0884582 -0.363287 0)
(0.0960407 -0.369529 0)
(0.103359 -0.376357 0)
(0.110368 -0.383765 0)
(0.117022 -0.391749 0)
(0.123285 -0.400297 0)
(0.129107 -0.409394 0)
(0.134444 -0.419016 0)
(0.139099 -0.429143 0)
(0.143936 -0.439705 0)
(0.144401 -0.450801 0)
(0.157855 -0.461963 0)
(0.132553 -0.471286 0)
(0.143473 -0.518352 0)
(0.158425 -0.351043 0)
(0.0575822 0.330152 0)
(0.0878119 0.385182 0)
(0.0982043 0.363138 0)
(0.102065 0.348981 0)
(0.106919 0.338973 0)
(0.111252 0.329503 0)
(0.115076 0.320174 0)
(0.118535 0.310918 0)
(0.121525 0.30168 0)
(0.124164 0.292426 0)
(0.126524 0.283133 0)
(0.12856 0.273788 0)
(0.130268 0.264387 0)
(0.131697 0.254921 0)
(0.132866 0.245383 0)
(0.133738 0.235772 0)
(0.13426 0.226096 0)
(0.134398 0.216365 0)
(0.134138 0.206596 0)
(0.133477 0.196832 0)
(0.00421713 -0.336468 0)
(0.0124422 -0.343965 0)
(0.0205644 -0.341947 0)
(0.0287418 -0.343401 0)
(0.0368583 -0.345563 0)
(0.0448946 -0.348258 0)
(0.052833 -0.351501 0)
(0.0606509 -0.355297 0)
(0.0683221 -0.359646 0)
(0.0758186 -0.364552 0)
(0.0831131 -0.370014 0)
(0.0901792 -0.37603 0)
(0.0969842 -0.382598 0)
(0.103485 -0.389713 0)
(0.10964 -0.397364 0)
(0.115418 -0.405539 0)
(0.120774 -0.41422 0)
(0.125665 -0.423383 0)
(0.129917 -0.433004 0)
(0.134335 -0.443019 0)
(0.13461 -0.453519 0)
(0.147521 -0.464031 0)
(0.122138 -0.472951 0)
(0.134432 -0.518916 0)
(0.144554 -0.284076 0)
(0.0366761 0.329178 0)
(0.077446 0.376005 0)
(0.0883298 0.356133 0)
(0.0930099 0.343935 0)
(0.098357 0.334753 0)
(0.102875 0.325807 0)
(0.106787 0.316908 0)
(0.110263 0.308025 0)
(0.113236 0.299123 0)
(0.115839 0.290182 0)
(0.11815 0.281182 0)
(0.120131 0.272114 0)
(0.121781 0.26298 0)
(0.123148 0.253779 0)
(0.124252 0.244511 0)
(0.125063 0.235184 0)
(0.125536 0.22581 0)
(0.125647 0.216407 0)
(0.125393 0.206995 0)
(0.124775 0.197614 0)
(0.00397542 -0.343903 0)
(0.0117096 -0.351122 0)
(0.0193362 -0.349192 0)
(0.0270217 -0.350613 0)
(0.034644 -0.35271 0)
(0.0421848 -0.355322 0)
(0.0496265 -0.358463 0)
(0.0569464 -0.362135 0)
(0.0641188 -0.36634 0)
(0.0711168 -0.371075 0)
(0.0779148 -0.37634 0)
(0.0844877 -0.382131 0)
(0.0908046 -0.388443 0)
(0.0968251 -0.395268 0)
(0.102511 -0.402594 0)
(0.107835 -0.410408 0)
(0.112757 -0.41869 0)
(0.117238 -0.427414 0)
(0.121121 -0.436556 0)
(0.125153 -0.446054 0)
(0.125274 -0.455997 0)
(0.137635 -0.465904 0)
(0.112336 -0.474457 0)
(0.125798 -0.519322 0)
(0.13299 -0.213196 0)
(0.0322993 0.324698 0)
(0.0702743 0.365834 0)
(0.0802435 0.348756 0)
(0.0850074 0.338598 0)
(0.0904058 0.330346 0)
(0.0949199 0.322012 0)
(0.0988229 0.313599 0)
(0.102262 0.305124 0)
(0.105182 0.296582 0)
(0.107726 0.287967 0)
(0.109969 0.279269 0)
(0.11188 0.270483 0)
(0.113465 0.261619 0)
(0.114769 0.252682 0)
(0.115814 0.243682 0)
(0.116575 0.234631 0)
(0.117016 0.225547 0)
(0.11712 0.216453 0)
(0.116892 0.207369 0)
(0.116331 0.198333 0)
(0.00373852 -0.350962 0)
(0.0109921 -0.357893 0)
(0.0181345 -0.356057 0)
(0.0253395 -0.357443 0)
(0.0324796 -0.359473 0)
(0.0395381 -0.362001 0)
(0.0464971 -0.365039 0)
(0.0533344 -0.368587 0)
(0.0600252 -0.372645 0)
(0.0665435 -0.377211 0)
(0.0728653 -0.382281 0)
(0.0789671 -0.387849 0)
(0.0848199 -0.393909 0)
(0.0903857 -0.400452 0)
(0.0956298 -0.407464 0)
(0.100529 -0.41493 0)
(0.105048 -0.42283 0)
(0.109148 -0.431137 0)
(0.112691 -0.439826 0)
(0.11637 -0.44884 0)
(0.116366 -0.45826 0)
(0.128173 -0.467606 0)
(0.103118 -0.475819 0)
(0.117537 -0.519567 0)
(0.125292 -0.146374 0)
(0.0363776 0.324076 0)
(0.0660773 0.357151 0)
(0.0737982 0.342112 0)
(0.0779699 0.333465 0)
(0.0830746 0.325987 0)
(0.0874181 0.318236 0)
(0.0912151 0.310314 0)
(0.0945541 0.302258 0)
(0.0973828 0.294085 0)
(0.099838 0.285804 0)
(0.101989 0.277411 0)
(0.103812 0.268908 0)
(0.105321 0.26031 0)
(0.10656 0.251632 0)
(0.107549 0.24289 0)
(0.108268 0.234103 0)
(0.108688 0.225294 0)
(0.108799 0.216485 0)
(0.108609 0.207701 0)
(0.108118 0.198975 0)
(0.00350639 -0.357649 0)
(0.0102903 -0.364281 0)
(0.0169603 -0.362544 0)
(0.0236966 -0.363895 0)
(0.030367 -0.365858 0)
(0.0369563 -0.368302 0)
(0.043447 -0.371236 0)
(0.0498172 -0.374661 0)
(0.056043 -0.378574 0)
(0.0620999 -0.382972 0)
(0.0679651 -0.387849 0)
(0.0736169 -0.3932 0)
(0.079028 -0.399016 0)
(0.0841632 -0.405286 0)
(0.0889909 -0.411996 0)
(0.0934918 -0.419129 0)
(0.0976336 -0.426664 0)
(0.101381 -0.434577 0)
(0.104611 -0.44284 0)
(0.107963 -0.451399 0)
(0.107861 -0.460331 0)
(0.119111 -0.469156 0)
(0.0944534 -0.477055 0)
(0.109607 -0.519755 0)
(0.120902 -0.0957781 0)
(0.0383937 0.328646 0)
(0.0629133 0.350902 0)
(0.0680133 0.336614 0)
(0.0714869 0.328767 0)
(0.0762242 0.321816 0)
(0.0803315 0.314567 0)
(0.0839616 0.307112 0)
(0.087149 0.29947 0)
(0.0898457 0.291666 0)
(0.0921808 0.283717 0)
(0.0942136 0.275626 0)
(0.0959296 0.267402 0)
(0.0973486 0.259063 0)
(0.0985155 0.250633 0)
(0.0994483 0.242135 0)
(0.10013 0.233596 0)
(0.100538 0.22504 0)
(0.100664 0.216493 0)
(0.100522 0.20798 0)
(0.10011 0.199533 0)
(0.0032788 -0.363966 0)
(0.00960432 -0.370293 0)
(0.0158146 -0.368659 0)
(0.022094 -0.369974 0)
(0.0283073 -0.37187 0)
(0.0344409 -0.37423 0)
(0.0404775 -0.377062 0)
(0.0463958 -0.380364 0)
(0.0521731 -0.384135 0)
(0.057786 -0.388368 0)
(0.0632133 -0.393057 0)
(0.0684349 -0.398196 0)
(0.0734254 -0.403776 0)
(0.0781521 -0.409783 0)
(0.0825866 -0.416203 0)
(0.0867128 -0.42302 0)
(0.0905016 -0.430211 0)
(0.0939202 -0.437751 0)
(0.0968612 -0.445615 0)
(0.0999122 -0.453749 0)
(0.0997338 -0.462226 0)
(0.110426 -0.470567 0)
(0.0863078 -0.478183 0)
(0.102002 -0.51985 0)
(0.11146 -0.0647156 0)
(0.0306324 0.335769 0)
(0.0578802 0.345923 0)
(0.0618224 0.331767 0)
(0.0651855 0.324369 0)
(0.0697203 0.317825 0)
(0.0736161 0.311036 0)
(0.0770523 0.304034 0)
(0.0800464 0.296801 0)
(0.0825719 0.289359 0)
(0.0847536 0.281735 0)
(0.0866406 0.273937 0)
(0.0882267 0.265978 0)
(0.08954 0.257886 0)
(0.0906256 0.24969 0)
(0.0914994 0.241419 0)
(0.092146 0.233106 0)
(0.092546 0.22478 0)
(0.0926943 0.216469 0)
(0.0926063 0.208199 0)
(0.0922817 0.200001 0)
(0.00305558 -0.369915 0)
(0.00893444 -0.375933 0)
(0.0146981 -0.374405 0)
(0.0205326 -0.375683 0)
(0.0263016 -0.377513 0)
(0.0319929 -0.379789 0)
(0.0375894 -0.38252 0)
(0.0430708 -0.385702 0)
(0.0484152 -0.389331 0)
(0.0536009 -0.393403 0)
(0.058608 -0.39791 0)
(0.0634178 -0.402844 0)
(0.0680069 -0.408195 0)
(0.0723453 -0.41395 0)
(0.0764075 -0.420095 0)
(0.0801802 -0.426611 0)
(0.0836377 -0.433477 0)
(0.0867493 -0.440668 0)
(0.0894215 -0.448158 0)
(0.0921928 -0.455897 0)
(0.091959 -0.463952 0)
(0.10209 -0.471849 0)
(0.0786407 -0.479221 0)
(0.0946797 -0.519835 0)
(0.0974854 -0.0167765 0)
(0.0165135 0.33897 0)
(0.0510224 0.339842 0)
(0.0552934 0.326702 0)
(0.059092 0.319985 0)
(0.0635701 0.313947 0)
(0.0672777 0.307657 0)
(0.0704912 0.301119 0)
(0.0732466 0.294295 0)
(0.0755576 0.287208 0)
(0.0775483 0.279893 0)
(0.0792592 0.272368 0)
(0.0806923 0.264656 0)
(0.0818831 0.256791 0)
(0.0828763 0.248807 0)
(0.0836859 0.240743 0)
(0.0842969 0.232632 0)
(0.0846925 0.22451 0)
(0.0848681 0.216407 0)
(0.0848386 0.208353 0)
(0.0846061 0.200375 0)
(0.00283701 -0.3755 0)
(0.00828122 -0.381202 0)
(0.0136113 -0.379784 0)
(0.0190131 -0.381025 0)
(0.0243506 -0.382789 0)
(0.0296129 -0.384983 0)
(0.0347833 -0.387613 0)
(0.039842 -0.390676 0)
(0.0447687 -0.394168 0)
(0.049543 -0.398082 0)
(0.0541463 -0.402412 0)
(0.0585614 -0.407147 0)
(0.0627667 -0.412278 0)
(0.0667348 -0.417793 0)
(0.0704433 -0.423675 0)
(0.0738814 -0.429907 0)
(0.0770262 -0.436467 0)
(0.0798495 -0.443332 0)
(0.0822703 -0.450475 0)
(0.0847806 -0.457849 0)
(0.0845074 -0.465516 0)
(0.0940664 -0.473009 0)
(0.071405 -0.480179 0)
(0.08758 -0.51972 0)
(0.0856594 0.0412762 0)
(0.00690691 0.336298 0)
(0.0446279 0.332009 0)
(0.0494384 0.321111 0)
(0.0535787 0.315529 0)
(0.0579149 0.310195 0)
(0.0613704 0.304481 0)
(0.0642959 0.298428 0)
(0.0667503 0.292009 0)
(0.0687934 0.285262 0)
(0.0705484 0.278233 0)
(0.0720495 0.270953 0)
(0.0733059 0.263457 0)
(0.0743578 0.25579 0)
(0.0752475 0.247993 0)
(0.0759867 0.240107 0)
(0.0765607 0.232172 0)
(0.0769541 0.224226 0)
(0.0771616 0.216303 0)
(0.0771966 0.208434 0)
(0.0770578 0.200648 0)
(0.0026239 -0.380722 0)
(0.00764564 -0.386105 0)
(0.0125549 -0.384799 0)
(0.0175361 -0.386002 0)
(0.0224547 -0.387701 0)
(0.0273009 -0.389814 0)
(0.0320586 -0.392347 0)
(0.0367085 -0.395294 0)
(0.0412317 -0.398652 0)
(0.0456095 -0.402415 0)
(0.0498246 -0.406572 0)
(0.0538608 -0.411117 0)
(0.0576982 -0.416038 0)
(0.0613123 -0.421323 0)
(0.0646834 -0.426957 0)
(0.0678029 -0.432921 0)
(0.0706509 -0.439195 0)
(0.0732016 -0.445756 0)
(0.0753854 -0.452578 0)
(0.0776499 -0.459616 0)
(0.0773485 -0.466929 0)
(0.086321 -0.47406 0)
(0.0645623 -0.481061 0)
(0.0806677 -0.519467 0)
(0.0775648 0.0974534 0)
(0.00616365 0.330587 0)
(0.040199 0.323791 0)
(0.0450496 0.315485 0)
(0.0489782 0.311232 0)
(0.0528947 0.306714 0)
(0.0559455 0.301615 0)
(0.058477 0.296045 0)
(0.0605497 0.290012 0)
(0.0622607 0.28358 0)
(0.0637277 0.276803 0)
(0.0649814 0.269729 0)
(0.0660372 0.26241 0)
(0.0669349 0.254903 0)
(0.0677113 0.247257 0)
(0.0683749 0.239515 0)
(0.0689111 0.231723 0)
(0.0693047 0.223922 0)
(0.0695495 0.21615 0)
(0.0696563 0.208438 0)
(0.0696141 0.200814 0)
(0.00241708 -0.385584 0)
(0.00702836 -0.390645 0)
(0.0115285 -0.389454 0)
(0.0161013 -0.39062 0)
(0.020613 -0.392256 0)
(0.0250554 -0.394291 0)
(0.0294131 -0.39673 0)
(0.0336675 -0.399566 0)
(0.0378006 -0.402796 0)
(0.0417961 -0.406413 0)
(0.0456376 -0.410408 0)
(0.0493097 -0.414772 0)
(0.0527942 -0.419494 0)
(0.0560689 -0.424562 0)
(0.059117 -0.429961 0)
(0.0619316 -0.435674 0)
(0.0644959 -0.441682 0)
(0.0667866 -0.447962 0)
(0.0687445 -0.454489 0)
(0.0707753 -0.461222 0)
(0.0704521 -0.468214 0)
(0.0788249 -0.475022 0)
(0.0580838 -0.481877 0)
(0.0739345 -0.519114 0)
(0.0721885 0.147151 0)
(0.0110673 0.324791 0)
(0.0380121 0.316769 0)
(0.0421578 0.310569 0)
(0.0453313 0.307479 0)
(0.0485349 0.303719 0)
(0.0510026 0.299204 0)
(0.0530156 0.294073 0)
(0.054619 0.288384 0)
(0.0559286 0.282222 0)
(0.0570503 0.275652 0)
(0.058016 0.268735 0)
(0.0588463 0.261544 0)
(0.0595759 0.254149 0)
(0.0602318 0.246608 0)
(0.060817 0.23897 0)
(0.0613168 0.231284 0)
(0.0617154 0.223594 0)
(0.0620043 0.21594 0)
(0.0621913 0.208356 0)
(0.0622539 0.200869 0)
(0.00221659 -0.390088 0)
(0.00642887 -0.394827 0)
(0.0105308 -0.393755 0)
(0.0147066 -0.394886 0)
(0.0188232 -0.396461 0)
(0.0228732 -0.398423 0)
(0.0268433 -0.400772 0)
(0.0307146 -0.403503 0)
(0.0344706 -0.406612 0)
(0.038097 -0.410091 0)
(0.0415785 -0.413931 0)
(0.0449004 -0.418124 0)
(0.0480459 -0.422658 0)
(0.0509947 -0.427522 0)
(0.0537323 -0.432701 0)
(0.0562538 -0.43818 0)
(0.0585449 -0.443941 0)
(0.0605851 -0.449963 0)
(0.0623253 -0.456221 0)
(0.0641313 -0.462678 0)
(0.0637901 -0.469383 0)
(0.0715537 -0.475902 0)
(0.0519453 -0.482636 0)
(0.0673793 -0.518674 0)
(0.0678899 0.188098 0)
(0.0174219 0.32075 0)
(0.0374182 0.311681 0)
(0.0403157 0.306835 0)
(0.0424467 0.30457 0)
(0.0447469 0.301406 0)
(0.0464857 0.297388 0)
(0.0478591 0.292624 0)
(0.0489086 0.287209 0)
(0.049748 0.281252 0)
(0.0504668 0.274826 0)
(0.0511038 0.268006 0)
(0.0516845 0.260884 0)
(0.0522333 0.253545 0)
(0.052764 0.246056 0)
(0.0532724 0.238474 0)
(0.0537417 0.23085 0)
(0.0541542 0.223233 0)
(0.0544975 0.215663 0)
(0.0547746 0.208178 0)
(0.0549535 0.200807 0)
(0.00202138 -0.394244 0)
(0.00584544 -0.398663 0)
(0.00955987 -0.39771 0)
(0.0133494 -0.398807 0)
(0.0170823 -0.400326 0)
(0.0207515 -0.402217 0)
(0.0243458 -0.40448 0)
(0.0278467 -0.40711 0)
(0.031238 -0.410101 0)
(0.0345076 -0.413447 0)
(0.0376415 -0.41714 0)
(0.0406258 -0.42117 0)
(0.0434447 -0.425526 0)
(0.0460797 -0.430198 0)
(0.0485177 -0.435171 0)
(0.0507553 -0.440432 0)
(0.0527809 -0.445966 0)
(0.0545778 -0.451751 0)
(0.0561058 -0.457766 0)
(0.0576924 -0.463974 0)
(0.0573356 -0.470425 0)
(0.06448 -0.476687 0)
(0.0461206 -0.483332 0)
(0.0609695 -0.518086 0)
(0.0634777 0.217411 0)
(0.0227871 0.318792 0)
(0.0374353 0.308459 0)
(0.0390162 0.304382 0)
(0.0400766 0.30264 0)
(0.0413967 0.299916 0)
(0.0423092 0.296281 0)
(0.0429328 0.291792 0)
(0.0433448 0.286567 0)
(0.0436456 0.280728 0)
(0.043908 0.274361 0)
(0.0441808 0.267564 0)
(0.0444919 0.260443 0)
(0.044851 0.253095 0)
(0.0452562 0.2456 0)
(0.0456942 0.23802 0)
(0.0461446 0.230413 0)
(0.0465856 0.222828 0)
(0.0469986 0.215308 0)
(0.0473814 0.207889 0)
(0.0476863 0.200614 0)
(0.00183051 -0.398059 0)
(0.00527721 -0.402159 0)
(0.00861539 -0.401326 0)
(0.0120289 -0.402389 0)
(0.0153895 -0.403852 0)
(0.0186894 -0.405674 0)
(0.0219192 -0.407854 0)
(0.0250621 -0.410387 0)
(0.0281011 -0.413265 0)
(0.0310254 -0.416484 0)
(0.0338228 -0.420034 0)
(0.0364804 -0.423909 0)
(0.0389834 -0.428096 0)
(0.0413145 -0.432587 0)
(0.0434614 -0.437368 0)
(0.0454219 -0.442426 0)
(0.0471877 -0.447749 0)
(0.0487459 -0.453319 0)
(0.0500641 -0.459115 0)
(0.0514319 -0.465104 0)
(0.0510608 -0.471339 0)
(0.0575732 -0.477369 0)
(0.0405769 -0.48396 0)
(0.0546312 -0.517435 0)
(0.0586226 0.238312 0)
(0.0262779 0.31809 0)
(0.0374061 0.306637 0)
(0.0379512 0.303094 0)
(0.0380516 0.301693 0)
(0.0383652 0.299323 0)
(0.0383661 0.295971 0)
(0.0381441 0.291664 0)
(0.037835 0.286534 0)
(0.0375269 0.280708 0)
(0.0372855 0.274299 0)
(0.0371678 0.267429 0)
(0.0371966 0.260225 0)
(0.0373639 0.252796 0)
(0.03765 0.245229 0)
(0.0380314 0.237594 0)
(0.0384815 0.229954 0)
(0.0389719 0.222359 0)
(0.0394759 0.214854 0)
(0.0399884 0.207471 0)
(0.0404271 0.200269 0)
(0.00164321 -0.401521 0)
(0.00472381 -0.405307 0)
(0.00769894 -0.404598 0)
(0.0107468 -0.405625 0)
(0.0137455 -0.407034 0)
(0.0166867 -0.40879 0)
(0.0195616 -0.410889 0)
(0.0223565 -0.41333 0)
(0.0250555 -0.416105 0)
(0.0276464 -0.419204 0)
(0.0301178 -0.422621 0)
(0.0324583 -0.426349 0)
(0.0346541 -0.430377 0)
(0.036689 -0.434697 0)
(0.0385524 -0.439297 0)
(0.0402424 -0.444166 0)
(0.0417511 -0.449293 0)
(0.0430691 -0.454669 0)
(0.044174 -0.460268 0)
(0.0453167 -0.46607 0)
(0.0449382 -0.472113 0)
(0.0507998 -0.477958 0)
(0.0352678 -0.484556 0)
(0.0483866 -0.517006 0)
(0.0533799 0.252525 0)
(0.0281149 0.317461 0)
(0.0372726 0.305654 0)
(0.0370717 0.30276 0)
(0.0362998 0.301761 0)
(0.035596 0.299747 0)
(0.034577 0.29661 0)
(0.0334004 0.292388 0)
(0.0322714 0.287226 0)
(0.0312758 0.281278 0)
(0.0304858 0.274696 0)
(0.0299609 0.267636 0)
(0.029707 0.260243 0)
(0.0296924 0.252642 0)
(0.0298782 0.244925 0)
(0.0302278 0.237173 0)
(0.0307053 0.229448 0)
(0.0312734 0.221802 0)
(0.0318952 0.214277 0)
(0.0325731 0.206901 0)
(0.0331552 0.199759 0)
(0.0014585 -0.404609 0)
(0.00418031 -0.408067 0)
(0.0068067 -0.40749 0)
(0.00950251 -0.408487 0)
(0.0121459 -0.409848 0)
(0.0147386 -0.411548 0)
(0.0172697 -0.413576 0)
(0.019724 -0.415932 0)
(0.0220921 -0.418608 0)
(0.024361 -0.421598 0)
(0.026518 -0.424892 0)
(0.0285518 -0.428482 0)
(0.0304496 -0.432362 0)
(0.0321971 -0.436518 0)
(0.0337842 -0.440942 0)
(0.0352059 -0.44563 0)
(0.0364539 -0.450581 0)
(0.0375307 -0.455781 0)
(0.0384154 -0.461193 0)
(0.0393292 -0.466825 0)
(0.0389293 -0.472711 0)
(0.0440744 -0.478471 0)
(0.0301218 -0.485095 0)
(0.0423012 -0.516588 0)
(0.0474224 0.261457 0)
(0.0293711 0.316133 0)
(0.0374585 0.305075 0)
(0.0366728 0.303298 0)
(0.0349832 0.303053 0)
(0.0330872 0.301467 0)
(0.0308564 0.298474 0)
(0.0285684 0.29418 0)
(0.0264982 0.288785 0)
(0.0247393 0.282519 0)
(0.0233671 0.275594 0)
(0.0224305 0.268197 0)
(0.0219072 0.260492 0)
(0.0217373 0.252614 0)
(0.0218597 0.244664 0)
(0.0222198 0.236725 0)
(0.0227666 0.228862 0)
(0.0234505 0.221123 0)
(0.0242229 0.213543 0)
(0.025118 0.20614 0)
(0.0258439 0.19904 0)
(0.00129234 -0.407428 0)
(0.00365951 -0.410565 0)
(0.00592944 -0.410104 0)
(0.00828384 -0.411075 0)
(0.0105802 -0.412388 0)
(0.0128326 -0.414029 0)
(0.0150327 -0.415995 0)
(0.01716 -0.418273 0)
(0.0192066 -0.420856 0)
(0.0211622 -0.423738 0)
(0.0230142 -0.426914 0)
(0.0247517 -0.430376 0)
(0.0263641 -0.434115 0)
(0.0278368 -0.43812 0)
(0.0291522 -0.442382 0)
(0.0302982 -0.446902 0)
(0.0312787 -0.451681 0)
(0.0321219 -0.456707 0)
(0.0327819 -0.461962 0)
(0.0334339 -0.467457 0)
(0.0329334 -0.47319 0)
(0.0373612 -0.478945 0)
(0.0251501 -0.485611 0)
(0.035782 -0.51561 0)
(0.041889 0.265833 0)
(0.0328938 0.314334 0)
(0.0387237 0.305017 0)
(0.0373493 0.304312 0)
(0.0344031 0.304999 0)
(0.0308518 0.304083 0)
(0.0270491 0.301401 0)
(0.0233948 0.297124 0)
(0.0202446 0.291405 0)
(0.0176847 0.28459 0)
(0.0157426 0.277065 0)
(0.0144237 0.269119 0)
(0.0136707 0.260937 0)
(0.0133946 0.252659 0)
(0.0135107 0.244385 0)
(0.0139419 0.236191 0)
(0.0146145 0.228142 0)
(0.015461 0.22029 0)
(0.0164166 0.212668 0)
(0.0175783 0.205266 0)
(0.018532 0.198244 0)
(0.00112305 -0.410092 0)
(0.00315837 -0.41294 0)
(0.00508892 -0.41258 0)
(0.00709912 -0.413538 0)
(0.00906231 -0.414803 0)
(0.0109732 -0.416389 0)
(0.012841 -0.418289 0)
(0.0146551 -0.420493 0)
(0.0163943 -0.422992 0)
(0.0180451 -0.42578 0)
(0.0195983 -0.428848 0)
(0.0210455 -0.432188 0)
(0.0223768 -0.435792 0)
(0.023577 -0.439652 0)
(0.0246256 -0.443765 0)
(0.0255074 -0.448124 0)
(0.0262267 -0.452727 0)
(0.0268064 -0.457575 0)
(0.0271996 -0.462687 0)
(0.0276149 -0.468074 0)
)
;

boundaryField
{
    leftWall
    {
        type            fixedValue;
        value           uniform (0 0 0);
    }
    rightWall
    {
        type            fixedValue;
        value           nonuniform 0();
    }
    lowerWall
    {
        type            fixedValue;
        value           uniform (0 0 0);
    }
    atmosphere
    {
        type            pressureInletOutletVelocity;
        value           nonuniform 0();
    }
    defaultFaces
    {
        type            empty;
    }
    procBoundary0to1
    {
        type            processor;
        value           nonuniform List<vector> 
44
(
(0.0656478 0.016199 0)
(0.0748395 0.0517103 0)
(0.0739474 0.0887224 0)
(0.0753845 0.12563 0)
(0.0789245 0.162984 0)
(0.0849813 0.201344 0)
(0.0951634 0.240884 0)
(0.112343 0.281539 0)
(0.142776 0.319207 0)
(0.195559 0.353769 0)
(0.287235 0.357784 0)
(0.319897 0.32169 0)
(0.312905 0.273107 0)
(0.301423 0.240997 0)
(0.289233 0.223093 0)
(0.274651 0.21104 0)
(0.259402 0.202924 0)
(0.244678 0.197921 0)
(0.230713 0.194954 0)
(0.217535 0.193402 0)
(0.217535 0.193402 0)
(0.204891 0.177915 0)
(0.192707 0.179034 0)
(0.181234 0.180265 0)
(0.170465 0.181615 0)
(0.160276 0.183042 0)
(0.150569 0.184458 0)
(0.141279 0.18582 0)
(0.132351 0.187104 0)
(0.123736 0.188291 0)
(0.115396 0.189371 0)
(0.107295 0.190338 0)
(0.0994039 0.191185 0)
(0.0916959 0.191909 0)
(0.084145 0.192506 0)
(0.0767257 0.192975 0)
(0.0694137 0.193312 0)
(0.0621873 0.193509 0)
(0.0550265 0.193555 0)
(0.047911 0.193441 0)
(0.04082 0.193158 0)
(0.0337351 0.192674 0)
(0.0266392 0.192013 0)
(0.0195524 0.190866 0)
)
;
    }
    procBoundary0to2
    {
        type            processor;
        value           nonuniform List<vector> 
46
(
(0.0269564 -0.473675 0)
(0.0306297 -0.479419 0)
(0.0204289 -0.486075 0)
(0.0292148 -0.514911 0)
(0.0394006 0.256473 0)
(0.0363258 0.312068 0)
(0.0414605 0.305461 0)
(0.0387637 0.307772 0)
(0.0347036 0.309958 0)
(0.0293163 0.309411 0)
(0.0236071 0.306364 0)
(0.018154 0.301326 0)
(0.0134642 0.294788 0)
(0.00984227 0.287214 0)
(0.00729333 0.278953 0)
(0.00567668 0.270311 0)
(0.00481004 0.261509 0)
(0.00453577 0.252715 0)
(0.00473658 0.244017 0)
(0.00532725 0.235492 0)
(0.00622592 0.227192 0)
(0.00734542 0.219152 0)
(0.00857306 0.211394 0)
(0.0100802 0.203929 0)
(0.0108152 0.196522 0)
(0.000940045 -0.41215 0)
(0.00266374 -0.414664 0)
(0.00426453 -0.414343 0)
(0.00592383 -0.415291 0)
(0.00757023 -0.416515 0)
(0.00915245 -0.418057 0)
(0.0107032 -0.419894 0)
(0.0121996 -0.422024 0)
(0.0136301 -0.424442 0)
(0.0149853 -0.427136 0)
(0.0162551 -0.430095 0)
(0.0174279 -0.433309 0)
(0.0184902 -0.43677 0)
(0.019425 -0.440472 0)
(0.0202129 -0.444411 0)
(0.0208408 -0.448584 0)
(0.0213077 -0.45299 0)
(0.0216152 -0.457645 0)
(0.0217069 -0.462588 0)
(0.0269564 -0.473675 0)
(0.0218533 -0.46786 0)
)
;
    }
}


// ************************************************************************* //
