/*--------------------------------*- C++ -*----------------------------------*\
| =========                 |                                                 |
| \\      /  F ield         | OpenFOAM: The Open Source CFD Toolbox           |
|  \\    /   O peration     | Version:  3.0.1                                 |
|   \\  /    A nd           | Web:      www.OpenFOAM.org                      |
|    \\/     M anipulation  |                                                 |
\*---------------------------------------------------------------------------*/
FoamFile
{
    version     2.0;
    format      ascii;
    class       volScalarField;
    location    "0.2";
    object      p;
}
// * * * * * * * * * * * * * * * * * * * * * * * * * * * * * * * * * * * * * //

dimensions      [1 -1 -2 0 0 0 0];

internalField   nonuniform List<scalar> 
7700
(
2116.99
2119.42
2120.55
2120.56
2119.73
2118.55
2117.35
2116.24
2115.21
2114.23
2113.25
2112.25
2111.21
2110.15
2109.09
2108.06
2107.12
2106.34
2105.81
2105.65
2106.02
2107.12
2109.19
2112.55
2117.56
2124.68
2134.41
2147.38
2164.29
2185.95
2213.34
2247.84
2290.45
2341.69
2402.1
2471.97
2550.62
2635.2
2719.56
2793.9
2846.15
2873.89
2866.22
2834.83
2852.95
2946.55
2068.87
2071.28
2072.4
2072.39
2071.56
2070.39
2069.2
2068.09
2067.05
2066.06
2065.05
2064.02
2062.95
2061.85
2060.74
2059.66
2058.66
2057.82
2057.21
2056.96
2057.23
2058.22
2060.17
2063.38
2068.23
2075.16
2084.68
2097.4
2114
2135.26
2161.97
2194.67
2234.15
2281.77
2338.33
2404.35
2479.56
2562.22
2648.04
2728.24
2790.15
2822.29
2814.91
2770.61
2738.71
2867.27
2019.73
2022.1
2023.18
2023.15
2022.32
2021.17
2019.99
2018.88
2017.83
2016.79
2015.74
2014.64
2013.5
2012.31
2011.11
2009.93
2008.82
2007.83
2007.08
2006.66
2006.73
2007.5
2009.19
2012.12
2016.64
2023.18
2032.27
2044.5
2060.52
2081.08
2106.92
2138.79
2177.58
2223.91
2278.26
2340.35
2409.13
2482.79
2558.27
2631.45
2695.41
2739.78
2751.48
2737.13
2745.86
2856.6
1969.56
1971.88
1972.91
1972.85
1972.02
1970.89
1969.72
1968.61
1967.53
1966.45
1965.32
1964.12
1962.87
1961.56
1960.22
1958.89
1957.59
1956.41
1955.42
1954.75
1954.53
1954.96
1956.27
1958.76
1962.78
1968.76
1977.21
1988.7
2003.87
2023.45
2048.17
2078.77
2115.97
2160.27
2211.98
2270.77
2335.45
2403.86
2472.79
2538.84
2598.78
2650.49
2692
2733.08
2792.83
2892.7
1918.39
1920.65
1921.61
1921.5
1920.67
1919.57
1918.43
1917.31
1916.19
1915.02
1913.79
1912.47
1911.07
1909.6
1908.08
1906.53
1905
1903.54
1902.25
1901.23
1900.62
1900.6
1901.39
1903.3
1906.65
1911.87
1919.44
1929.95
1944
1962.31
1985.58
2014.52
2049.77
2091.79
2140.76
2196.38
2257.64
2322.68
2388.8
2452.97
2512.96
2570.2
2630.27
2706.45
2802.67
2919.39
1866.26
1868.44
1869.31
1869.14
1868.31
1867.23
1866.11
1864.98
1863.8
1862.53
1861.17
1859.69
1858.11
1856.43
1854.67
1852.86
1851.03
1849.24
1847.57
1846.11
1845
1844.4
1844.55
1845.71
1848.21
1852.46
1858.94
1868.2
1880.86
1897.58
1919.07
1946.01
1978.99
2018.45
2064.54
2117
2175
2237.04
2301.07
2364.86
2426.82
2488.23
2554.58
2639.54
2747.16
2867.58
1813.18
1815.28
1816.05
1815.81
1814.97
1813.91
1812.8
1811.64
1810.38
1808.99
1807.47
1805.8
1804
1802.07
1800.03
1797.9
1795.71
1793.51
1791.37
1789.38
1787.66
1786.37
1785.72
1785.97
1787.44
1790.51
1795.65
1803.4
1814.35
1829.16
1848.52
1873.09
1903.45
1940.03
1982.98
2032.14
2086.81
2145.79
2207.43
2270.07
2332.41
2394.92
2460.25
2538.05
2632.1
2739.92
1759.2
1761.2
1761.85
1761.52
1760.68
1759.64
1758.53
1757.31
1755.95
1754.42
1752.7
1750.81
1748.75
1746.53
1744.16
1741.65
1739.03
1736.35
1733.66
1731.04
1728.61
1726.5
1724.91
1724.08
1724.31
1725.97
1729.51
1735.45
1744.37
1756.92
1773.76
1795.55
1822.89
1856.2
1895.68
1941.23
1992.31
2047.89
2106.53
2166.65
2226.81
2286.42
2345.07
2406.36
2468.37
2536.15
1704.35
1706.25
1706.75
1706.34
1705.48
1704.45
1703.31
1702.03
1700.54
1698.82
1696.89
1694.75
1692.39
1689.83
1687.07
1684.13
1681.02
1677.78
1674.45
1671.11
1667.84
1664.78
1662.09
1660
1658.78
1658.8
1660.46
1664.27
1670.8
1680.68
1694.58
1713.14
1736.98
1766.54
1802.07
1843.57
1890.58
1942.18
1996.92
2053
2108.27
2160.52
2206
2240.97
2252.79
2229.23
1648.67
1650.46
1650.8
1650.29
1649.41
1648.37
1647.19
1645.81
1644.16
1642.24
1640.06
1637.62
1634.93
1631.99
1628.8
1625.36
1621.69
1617.82
1613.76
1609.59
1605.37
1601.21
1597.26
1593.72
1590.84
1588.94
1588.42
1589.76
1593.51
1600.28
1610.73
1625.53
1645.29
1670.51
1701.5
1738.31
1780.59
1827.43
1877.26
1927.76
1975.64
2016.24
2041.87
2037.72
1986.53
1739.21
5.40855
5.40668
5.4035
5.39949
5.39488
5.38982
5.3845
5.3788
5.37261
5.36581
5.35831
5.35001
5.34087
5.33089
5.32008
5.30848
5.29616
5.28322
5.26974
5.25585
5.24166
5.22728
5.21284
5.19847
5.18427
5.17037
5.15689
5.14391
5.13155
5.11991
5.10905
5.09907
5.09002
5.08197
5.07498
5.06909
5.06434
5.06075
5.05836
5.05717
5.36251
5.36033
5.35689
5.35266
5.34794
5.34277
5.33748
5.33181
5.32566
5.31892
5.31146
5.3032
5.2941
5.28413
5.27332
5.26171
5.24937
5.23638
5.22286
5.2089
5.19464
5.1802
5.16571
5.15127
5.13701
5.12306
5.10952
5.09649
5.08409
5.0724
5.0615
5.05148
5.0424
5.03433
5.02731
5.0214
5.01663
5.01303
5.01063
5.00944
5.31662
5.31421
5.31053
5.30612
5.30121
5.29581
5.29053
5.28491
5.27885
5.27222
5.26486
5.25669
5.24765
5.23773
5.22692
5.21529
5.2029
5.18983
5.17621
5.16214
5.14776
5.13319
5.11855
5.10398
5.0896
5.07552
5.06186
5.04872
5.03621
5.02442
5.01344
5.00334
4.9942
4.98606
4.979
4.97304
4.96824
4.96462
4.9622
4.961
5.27218
5.26929
5.26481
5.25981
5.25445
5.24895
5.24357
5.23804
5.23215
5.2257
5.21852
5.2105
5.20156
5.19169
5.1809
5.16923
5.15676
5.14358
5.1298
5.11556
5.10099
5.08621
5.07137
5.0566
5.04201
5.02774
5.0139
5.00059
4.98792
4.97599
4.96487
4.95466
4.94541
4.93718
4.93004
4.92402
4.91917
4.91551
4.91307
4.91185
5.22885
5.22515
5.21942
5.21361
5.20766
5.20196
5.19652
5.19116
5.18552
5.17935
5.17244
5.16463
5.15584
5.14605
5.13527
5.12355
5.11097
5.09762
5.08364
5.06916
5.05432
5.03927
5.02415
5.0091
4.99425
4.97971
4.96562
4.95209
4.93921
4.92708
4.91579
4.90542
4.89602
4.88768
4.88043
4.87433
4.86941
4.8657
4.86323
4.862
5.187
5.18199
5.17458
5.16735
5.16059
5.15464
5.14923
5.14417
5.13893
5.13317
5.12662
5.1191
5.11051
5.10083
5.09006
5.07827
5.06554
5.05198
5.03773
5.02293
5.00777
4.99237
4.97689
4.96149
4.94629
4.93143
4.91703
4.90321
4.89006
4.87769
4.86618
4.8556
4.84604
4.83754
4.83017
4.82396
4.81896
4.81519
4.81267
4.81142
5.14642
5.13947
5.12946
5.12053
5.11283
5.10668
5.10151
5.09694
5.0923
5.08713
5.08108
5.07395
5.06562
5.05606
5.04531
5.03342
5.02049
5.00667
4.99209
4.97693
4.96133
4.9455
4.92959
4.91375
4.89814
4.88288
4.86811
4.85394
4.84046
4.8278
4.81602
4.80521
4.79543
4.78676
4.77923
4.7729
4.76779
4.76395
4.76138
4.7601
5.10818
5.09771
5.08324
5.07244
5.0638
5.05771
5.05309
5.04932
5.04557
5.04121
5.03584
5.0292
5.02119
5.01179
5.00104
4.98902
4.97586
4.9617
4.94672
4.93109
4.915
4.89865
4.88222
4.86588
4.84977
4.83405
4.81884
4.80425
4.7904
4.77739
4.7653
4.75422
4.7442
4.73531
4.72761
4.72113
4.7159
4.71197
4.70935
4.70804
5.06657
5.05305
5.03437
5.02209
5.0127
5.00714
5.00362
5.00114
4.99867
4.99542
4.99091
4.98491
4.9773
4.96807
4.95731
4.94513
4.93167
4.91711
4.90163
4.88546
4.86879
4.85183
4.8348
4.81786
4.80118
4.78491
4.76919
4.75414
4.73986
4.72645
4.71401
4.70261
4.69231
4.68318
4.67528
4.66863
4.66327
4.65924
4.65655
4.65521
5.02284
5.01129
4.98234
4.96813
4.95836
4.95423
4.9527
4.95219
4.95155
4.94975
4.94636
4.94114
4.934
4.92498
4.91419
4.90179
4.88796
4.87291
4.85685
4.84003
4.82268
4.80502
4.78729
4.76967
4.75234
4.73545
4.71916
4.70357
4.6888
4.67495
4.66211
4.65035
4.63975
4.63035
4.62222
4.61538
4.60988
4.60574
4.60298
4.6016
1591.69
1593.36
1593.53
1592.92
1592
1590.94
1589.69
1588.18
1586.35
1584.19
1581.72
1578.95
1575.88
1572.5
1568.82
1564.82
1560.52
1555.92
1551.04
1545.93
1540.62
1535.21
1529.82
1524.61
1519.81
1515.69
1512.64
1511.1
1511.6
1514.74
1521.16
1531.52
1546.48
1566.58
1592.21
1623.49
1660.14
1701.28
1745.11
1788.66
1827.35
1853.22
1854.64
1794.76
1653.74
974.746
1533.17
1534.71
1534.69
1533.97
1533
1531.89
1530.54
1528.87
1526.81
1524.38
1521.59
1518.45
1514.94
1511.08
1506.84
1502.22
1497.2
1491.78
1485.97
1479.78
1473.24
1466.41
1459.37
1452.25
1445.23
1438.56
1432.58
1427.68
1424.38
1423.24
1424.89
1430
1439.25
1453.24
1472.43
1497.05
1526.97
1561.29
1598.06
1633.71
1662.64
1673.59
1653.06
1549.78
1371.28
854.213
1473.37
1474.77
1474.54
1473.7
1472.68
1471.49
1470.01
1468.13
1465.82
1463.08
1459.93
1456.36
1452.39
1447.98
1443.12
1437.79
1431.97
1425.64
1418.78
1411.39
1403.47
1395.04
1386.14
1376.86
1367.32
1357.74
1348.38
1339.61
1331.89
1325.76
1321.81
1320.72
1323.18
1329.85
1341.29
1357.88
1379.66
1405.89
1434.57
1461.91
1482.1
1482.52
1450.88
1345.24
1175.96
882.881
1412.32
1413.57
1413.12
1412.15
1411.05
1409.75
1408.1
1405.99
1403.39
1400.3
1396.75
1392.72
1388.21
1383.2
1377.65
1371.54
1364.84
1357.49
1349.48
1340.76
1331.3
1321.08
1310.1
1298.38
1286.01
1273.1
1259.88
1246.67
1233.85
1221.9
1211.4
1202.98
1197.35
1195.22
1197.25
1203.93
1215.68
1232.2
1251.59
1270.81
1284.96
1281.66
1248.96
1160.88
1007.14
798.753
1350.04
1351.12
1350.44
1349.35
1348.14
1346.71
1344.85
1342.47
1339.54
1336.07
1332.07
1327.53
1322.44
1316.77
1310.47
1303.5
1295.81
1287.36
1278.06
1267.87
1256.71
1244.52
1231.22
1216.79
1201.22
1184.56
1166.96
1148.65
1129.96
1111.28
1093.12
1076.06
1060.78
1048.01
1038.52
1032.9
1031.62
1036
1044.24
1054.95
1064.15
1061.17
1034.35
966.775
837.934
660.892
1286.56
1287.47
1286.56
1285.32
1284
1282.39
1280.29
1277.6
1274.3
1270.41
1265.93
1260.84
1255.11
1248.71
1241.58
1233.67
1224.92
1215.24
1204.56
1192.76
1179.73
1165.36
1149.51
1132.07
1112.93
1092.06
1069.5
1045.39
1019.97
993.562
966.485
939.191
912.298
886.516
862.894
842.073
823.777
810.774
800.738
804.375
817.427
822.816
807.985
761.692
668.18
533.046
1221.92
1222.65
1221.5
1220.11
1218.64
1216.83
1214.45
1211.42
1207.72
1203.37
1198.36
1192.66
1186.25
1179.06
1171.03
1162.11
1152.2
1141.19
1128.99
1115.44
1100.38
1083.64
1064.99
1044.23
1021.15
995.567
967.407
936.737
903.705
868.439
830.965
791.543
750.752
709.083
667.992
628.685
594.792
560.165
529.823
524.791
535.062
550.949
561.549
547.512
495.028
409.772
1156.15
1156.7
1155.3
1153.76
1152.12
1150.07
1147.38
1143.97
1139.84
1134.99
1129.41
1123.06
1115.9
1107.87
1098.88
1088.85
1077.69
1065.26
1051.42
1035.98
1018.73
999.416
977.733
953.349
925.911
895.081
860.656
822.618
780.972
735.574
686.061
632.593
575.678
513.873
447.29
376.488
307.098
228.429
137.142
123.314
135.608
169.78
230.199
286.28
301.913
273.48
1089.31
1089.65
1088.02
1086.31
1084.48
1082.16
1079.12
1075.31
1070.71
1065.33
1059.14
1052.1
1044.14
1035.2
1025.18
1013.98
1001.48
987.523
971.926
954.465
934.864
912.788
887.826
859.505
827.296
790.655
749.223
702.877
651.533
595.043
532.414
462.633
385.011
293.426
192.696
75.6688
17.0165
2.06999
-3.04851
-2.46777
1.46189
7.7902
20.392
53.4713
109.036
139.227
1021.43
1021.57
1019.69
1017.82
1015.78
1013.15
1009.74
1005.5
1000.41
994.463
987.628
979.846
971.046
961.141
950.028
937.585
923.664
908.083
890.624
871.012
848.908
823.887
795.407
762.843
725.446
682.354
632.996
577.316
515.705
448.302
370.979
279.894
176.872
64.6287
12.9932
-3.80921
-7.94844
-8.34401
-8.38845
-8.44708
-8.1267
-7.40109
-5.75691
-1.71684
10.0096
39.5448
952.579
952.494
950.392
948.342
946.062
943.108
939.304
934.604
928.997
922.462
914.949
906.392
896.707
885.793
873.532
859.781
844.366
827.077
807.654
785.77
761.02
732.875
700.651
663.572
620.534
570.187
512.014
446.566
374.709
295.172
197.66
94.3529
20.4877
-2.99923
-7.73815
-8.23716
-8.59751
-8.76268
-8.8677
-8.97319
-9.0649
-9.10055
-9.01807
-8.56061
-6.83814
-0.928017
882.8
882.491
880.173
877.941
875.405
872.104
867.888
862.716
856.573
849.424
841.208
831.845
821.241
809.28
795.825
780.712
763.741
744.667
723.189
698.923
671.394
639.965
603.809
561.939
512.714
454.462
387.116
310.78
225.784
134.025
39.9716
2.3211
-6.6843
-7.92574
-8.48522
-8.66236
-8.79572
-8.93871
-9.07783
-9.2182
-9.35777
-9.47865
-9.57507
-9.63205
-9.51851
-8.73084
812.16
811.622
809.106
806.688
803.881
800.219
795.578
789.925
783.233
775.455
766.518
756.33
744.782
731.745
717.063
700.547
681.968
661.046
637.436
610.699
580.292
545.457
505.176
458.292
402.769
336.264
257.439
164.953
74.8082
14.9211
-4.44383
-7.67392
-8.21774
-8.46933
-8.66729
-8.83215
-8.97315
-9.11859
-9.2575
-9.38893
-9.51833
-9.64807
-9.78775
-9.9553
-10.1493
-10.2648
740.73
739.962
737.268
734.66
731.57
727.538
722.469
716.331
709.085
700.672
691.004
679.978
667.474
653.344
637.413
619.469
599.253
576.443
550.66
521.397
488.062
449.723
405.297
354.001
292.116
214.128
120.687
34.1124
0.259493
-6.81753
-7.73933
-8.23402
-8.4669
-8.64303
-8.81245
-8.96978
-9.10731
-9.23828
-9.3685
-9.50027
-9.63708
-9.78286
-9.94869
-10.1538
-10.4152
-10.673
668.583
667.586
664.738
661.936
658.555
654.151
648.655
642.034
634.238
625.189
614.79
602.926
589.464
574.241
557.061
537.691
515.84
491.139
463.172
431.359
395.118
353.385
305.682
250.161
177.51
89.0291
17.2616
-3.81656
-7.32935
-7.88759
-8.142
-8.38256
-8.60182
-8.7779
-8.92818
-9.06787
-9.1989
-9.33268
-9.47217
-9.61705
-9.76937
-9.93467
-10.1242
-10.3518
-10.6302
-10.9292
595.787
594.567
591.591
588.588
584.915
580.143
574.23
567.136
558.799
549.127
538.01
525.323
510.923
494.633
476.231
455.468
432.017
405.45
375.326
341.06
302.246
257.728
206.66
141.765
62.3125
7.50746
-4.90986
-7.21263
-7.92115
-8.15467
-8.34465
-8.54711
-8.728
-8.87574
-9.01051
-9.14443
-9.28431
-9.4312
-9.58531
-9.74669
-9.91887
-10.1076
-10.3232
-10.5753
-10.8673
-11.1771
522.423
520.992
517.915
514.711
510.754
505.626
499.314
491.77
482.916
472.648
460.84
447.358
432.053
414.734
395.144
373.04
348.082
319.775
287.733
251.307
210.279
162.278
104.643
39.1385
0.287137
-5.60244
-6.92445
-7.73923
-8.15154
-8.37004
-8.5325
-8.68167
-8.81743
-8.94649
-9.07909
-9.22103
-9.37261
-9.53263
-9.70149
-9.88055
-10.0731
-10.2856
-10.5244
-10.8014
-11.1095
-11.4207
448.572
446.983
443.839
440.419
436.193
430.725
424.037
416.066
406.722
395.882
383.403
369.142
352.965
334.668
313.947
290.655
264.509
234.724
201.121
161.892
116.897
64.0661
19.1188
-3.54575
-5.91278
-6.06978
-7.03956
-7.9548
-8.37496
-8.55862
-8.66312
-8.76769
-8.88137
-9.00691
-9.14619
-9.29778
-9.46017
-9.63325
-9.81756
-10.0142
-10.2251
-10.454
-10.7084
-10.999
-11.3006
-11.6088
374.26
372.533
369.358
365.695
361.211
355.418
348.376
340.005
330.209
318.843
305.725
290.738
273.825
254.78
233.023
208.809
181.978
150.34
114.739
72.3789
32.22
-0.755813
-6.531
-6.00686
-5.74991
-5.8947
-7.01125
-8.20906
-8.53384
-8.65278
-8.72712
-8.81843
-8.93092
-9.06256
-9.21021
-9.37127
-9.5449
-9.73136
-9.93131
-10.1455
-10.375
-10.6198
-10.8771
-11.1359
-11.4219
-11.7188
299.61
297.517
294.389
290.534
285.849
279.773
272.448
263.78
253.688
241.982
228.335
212.712
195.356
175.997
152.867
127.397
100.356
66.5131
34.541
4.71005
-5.10465
-6.7383
-6.29025
-6.08626
-5.95636
-5.95582
-7.13451
-8.39036
-8.61245
-8.67302
-8.74805
-8.84859
-8.97059
-9.11127
-9.268
-9.43927
-9.62488
-9.82536
-10.0417
-10.2749
-10.5257
-10.7919
-11.0673
-11.3358
-11.6128
-11.9459
225.116
222.673
219.722
215.693
210.87
204.553
197.031
188.187
177.979
166.191
151.986
135.416
117.269
98.1576
73.3235
47.993
28.5782
5.54814
-3.66123
-6.71303
-6.65238
-6.42678
-6.33123
-6.25151
-6.14019
-6.17189
-7.39631
-8.33696
-8.57363
-8.65084
-8.74812
-8.86558
-8.99989
-9.15086
-9.31755
-9.4998
-9.69813
-9.91367
-10.1481
-10.403
-10.6797
-10.9754
-11.2878
-11.6137
-11.9875
-12.359
150.842
148.977
145.994
141.181
136.081
129.438
121.53
112.228
101.642
90.065
75.5476
58.0973
41.4754
28.4541
10.2353
0.534081
-4.89556
-6.26256
-6.32477
-6.36262
-6.49148
-6.50272
-6.45893
-6.39523
-6.31674
-6.4815
-7.71864
-8.27267
-8.4882
-8.61242
-8.73836
-8.87171
-9.01835
-9.18003
-9.35721
-9.55097
-9.76272
-9.99444
-10.249
-10.529
-10.8363
-11.17
-11.5303
-11.9046
-12.3103
-12.7306
77.9764
72.4571
69.9787
64.8237
59.8736
53.5953
46.4688
38.6078
30.4015
23.156
13.4087
4.49265
-0.663862
-4.41038
-5.70012
-5.87518
-6.01634
-6.16831
-6.33563
-6.47746
-6.56882
-6.58889
-6.56379
-6.5344
-6.50305
-6.6249
-7.9951
-8.30069
-8.43942
-8.57962
-8.72373
-8.86874
-9.02595
-9.1977
-9.38535
-9.59083
-9.81648
-10.0654
-10.3418
-10.6499
-10.9922
-11.3733
-11.7896
-12.2239
-12.6867
-13.1468
21.5482
9.09391
9.8239
7.95652
6.09514
4.02271
1.76908
-0.515192
-2.68482
-4.57728
-5.07442
-5.15564
-5.38727
-5.59051
-5.72456
-5.8991
-6.08185
-6.26819
-6.43387
-6.57081
-6.65856
-6.69816
-6.69711
-6.69635
-6.66192
-6.80844
-8.12412
-8.30128
-8.40845
-8.55191
-8.70348
-8.85656
-9.02215
-9.20275
-9.40025
-9.61729
-9.85702
-10.1237
-10.4228
-10.7605
-11.1419
-11.5779
-12.0683
-12.6214
-13.272
-13.9335
-3.64154
-4.27214
-4.67118
-4.78972
-4.84999
-4.90981
-4.97976
-5.06386
-5.16037
-5.24179
-5.25711
-5.31696
-5.44965
-5.61997
-5.7869
-5.95981
-6.14531
-6.33927
-6.52425
-6.68786
-6.80864
-6.87957
-6.89948
-6.91641
-6.89031
-7.07687
-8.05922
-8.28783
-8.38496
-8.52292
-8.67566
-8.83401
-9.00588
-9.19392
-9.40033
-9.62825
-9.88159
-10.1655
-10.4868
-10.8538
-11.2753
-11.7689
-12.348
-13.075
-14.0393
-15.1343
-4.9967
-4.93992
-4.88265
-4.88941
-4.92711
-4.9764
-5.03643
-5.10638
-5.18351
-5.25839
-5.32125
-5.40047
-5.51656
-5.66399
-5.83033
-6.01266
-6.21529
-6.43561
-6.65924
-6.86831
-7.03451
-7.14293
-7.18679
-7.21293
-7.2054
-7.3791
-7.90156
-8.25943
-8.35947
-8.48693
-8.63844
-8.79987
-8.97611
-9.17003
-9.38407
-9.6217
-9.88742
-10.1872
-10.5286
-10.9215
-11.3781
-11.9213
-12.5778
-13.4669
-14.6589
-16.0562
-5.01823
-4.98203
-4.96862
-4.97798
-5.00638
-5.04713
-5.09883
-5.15944
-5.2267
-5.29778
-5.37272
-5.46235
-5.57688
-5.71831
-5.88557
-6.0787
-6.30467
-6.56306
-6.83669
-7.10176
-7.31999
-7.4723
-7.54331
-7.56739
-7.55066
-7.57802
-7.80797
-8.19058
-8.31802
-8.44025
-8.59051
-8.75344
-8.93228
-9.13033
-9.35033
-9.59596
-9.87213
-10.1852
-10.5434
-10.9568
-11.4386
-12.0119
-12.7111
-13.6648
-14.8162
-16.0563
-5.06197
-5.04557
-5.04478
-5.05622
-5.08086
-5.11622
-5.16142
-5.21545
-5.27717
-5.34638
-5.42504
-5.51875
-5.63375
-5.77394
-5.94414
-6.1495
-6.4076
-6.71451
-7.04303
-7.37207
-7.65717
-7.87189
-7.96692
-7.94823
-7.84722
-7.72652
-7.84253
-8.14803
-8.27454
-8.38845
-8.53391
-8.6954
-8.87462
-9.07466
-9.29842
-9.54979
-9.83388
-10.1573
-10.5284
-10.9566
-11.4539
-12.0378
-12.7372
-13.6269
-14.5547
-15.602
-5.1136
-5.10853
-5.11282
-5.12577
-5.14851
-5.18063
-5.22166
-5.27135
-5.32957
-5.3971
-5.47614
-5.57073
-5.68583
-5.82637
-6.00139
-6.22273
-6.52106
-6.87028
-7.25288
-7.68742
-8.07336
-8.3476
-8.44902
-8.338
-8.10369
-7.85681
-7.92372
-8.14754
-8.23473
-8.33442
-8.47079
-8.62698
-8.80376
-9.00314
-9.228
-9.48231
-9.77133
-10.1014
-10.4817
-10.9209
-11.4296
-12.0192
-12.7026
-13.4671
-14.1329
-15.1048
-5.16644
-5.16744
-5.17455
-5.18868
-5.21058
-5.24064
-5.2789
-5.32557
-5.38114
-5.44681
-5.52482
-5.61872
-5.73296
-5.87375
-6.05344
-6.29238
-6.62688
-7.00158
-7.43915
-7.97153
-8.39673
-8.71306
-8.82232
-8.64328
-8.28894
-7.93484
-8.05347
-8.16518
-8.19103
-8.27857
-8.40127
-8.54888
-8.72017
-8.91594
-9.13883
-9.39285
-9.68371
-10.0151
-10.4007
-10.8484
-11.3686
-11.9709
-12.6604
-13.3893
-14.0585
-14.7729
-5.21852
-5.22318
-5.23149
-5.24613
-5.26748
-5.29609
-5.33231
-5.37665
-5.42992
-5.4935
-5.56962
-5.66157
-5.77348
-5.91294
-6.09523
-6.34778
-6.69946
-7.07793
-7.52779
-8.06912
-8.48001
-8.82219
-8.9417
-8.75392
-8.31168
-8.03137
-8.16901
-8.14759
-8.14761
-8.21614
-8.32359
-8.46049
-8.62367
-8.81283
-9.03018
-9.27959
-9.56654
-9.89774
-10.2836
-10.7355
-11.2663
-11.8894
-12.6155
-13.4249
-14.3227
-14.9302
-5.26806
-5.27476
-5.28356
-5.29835
-5.31918
-5.34662
-5.38117
-5.42349
-5.47453
-5.53575
-5.60935
-5.69828
-5.80642
-5.94226
-6.1233
-6.38174
-6.73205
-7.09484
-7.49731
-7.98021
-8.34551
-8.64934
-8.7531
-8.58186
-8.26268
-8.15547
-8.16821
-8.08791
-8.08442
-8.13907
-8.23434
-8.36029
-8.51355
-8.69338
-8.90166
-9.14214
-9.42038
-9.7439
-10.1232
-10.572
-11.1081
-11.7544
-12.5404
-13.5103
-14.6933
-15.3535
-5.31418
-5.32196
-5.33087
-5.34553
-5.36576
-5.3921
-5.4251
-5.46549
-5.51422
-5.57274
-5.64313
-5.72808
-5.83136
-5.96082
-6.13515
-6.39125
-6.73271
-7.08498
-7.43537
-7.81159
-8.11044
-8.32184
-8.40091
-8.29735
-8.13883
-8.11666
-8.04693
-7.98786
-7.99431
-8.04407
-8.13102
-8.24696
-8.38928
-8.55739
-8.75302
-8.97977
-9.24304
-9.55051
-9.91321
-10.3472
-10.876
-11.5336
-12.3863
-13.5449
-14.9524
-16.0412
-5.35677
-5.36473
-5.3736
-5.38788
-5.40741
-5.43262
-5.46406
-5.50243
-5.54866
-5.60405
-5.67045
-5.7503
-5.84684
-5.96699
-6.13006
-6.37168
-6.69722
-7.04845
-7.37575
-7.6794
-7.92101
-8.07299
-8.1267
-8.0705
-7.99009
-7.96745
-7.89439
-7.86069
-7.87955
-7.93111
-8.01285
-8.11984
-8.25051
-8.40476
-8.58425
-8.79225
-9.03369
-9.31587
-9.64976
-10.0524
-10.55
-11.1853
-12.0407
-13.2558
-14.8904
-16.8627
-5.39569
-5.40304
-5.41179
-5.42555
-5.44425
-5.46824
-5.49804
-5.53426
-5.57774
-5.62961
-5.69141
-5.7651
-5.85309
-5.96102
-6.10579
-6.31735
-6.60818
-6.94305
-7.27161
-7.57777
-7.81257
-7.93405
-7.95896
-7.89966
-7.82148
-7.76566
-7.72245
-7.71722
-7.7477
-7.80252
-7.88053
-7.979
-8.0973
-8.23579
-8.39598
-8.5806
-8.7938
-9.04187
-9.33449
-9.68705
-10.1237
-10.6836
-11.4412
-12.5376
-14.1839
-16.7208
-5.43063
-5.43689
-5.44553
-5.45861
-5.47637
-5.49906
-5.52712
-5.56108
-5.60164
-5.64973
-5.70658
-5.7736
-5.85232
-5.94654
-6.06805
-6.23815
-6.47223
-6.75683
-7.05619
-7.34925
-7.58386
-7.68843
-7.67358
-7.62642
-7.58941
-7.54999
-7.54139
-7.5616
-7.60338
-7.6613
-7.7357
-7.82539
-7.93053
-8.05164
-8.19
-8.34763
-8.52756
-8.73443
-8.97538
-9.26169
-9.61054
-10.0477
-10.6186
-11.4272
-12.6665
-14.5457
-5.46156
-5.46633
-5.47477
-5.48717
-5.5039
-5.52522
-5.55147
-5.58312
-5.62073
-5.66504
-5.71698
-5.77754
-5.84761
-5.92928
-6.02895
-6.15853
-6.32921
-6.53832
-6.76388
-6.98083
-7.15831
-7.27073
-7.32225
-7.33451
-7.33158
-7.33413
-7.35564
-7.4009
-7.45127
-7.51084
-7.58071
-7.66091
-7.75199
-7.85449
-7.96931
-8.09763
-8.24118
-8.40256
-8.58574
-8.79669
-9.04373
-9.3377
-9.69567
-10.159
-10.7979
-11.6147
-5.48782
-5.49195
-5.49982
-5.51145
-5.52711
-5.547
-5.57143
-5.60078
-5.63549
-5.67614
-5.72345
-5.77815
-5.84085
-5.91262
-5.99641
-6.09755
-6.2215
-6.36872
-6.53051
-6.68915
-6.82694
-6.93532
-7.01595
-7.0685
-7.10432
-7.14315
-7.19096
-7.24293
-7.29643
-7.35466
-7.41833
-7.48798
-7.56423
-7.64743
-7.73798
-7.83617
-7.9424
-8.05729
-8.1818
-8.31705
-8.46372
-8.62136
-8.78863
-8.96433
-9.13134
-9.20018
-5.50996
-5.51365
-5.52093
-5.53175
-5.5463
-5.56478
-5.58741
-5.6145
-5.64641
-5.6836
-5.72661
-5.77601
-5.83231
-5.89618
-5.96894
-6.05273
-6.14959
-6.25962
-6.37931
-6.50037
-6.61278
-6.71043
-6.79346
-6.86335
-6.92337
-6.9798
-7.03515
-7.08848
-7.14126
-7.19531
-7.25114
-7.30937
-7.37038
-7.43424
-7.50076
-7.56947
-7.63958
-7.71008
-7.77953
-7.84562
-7.90408
-7.94784
-7.96647
-7.94162
-7.83304
-7.56326
-5.52837
-5.53173
-5.53842
-5.54843
-5.5619
-5.57898
-5.59985
-5.62476
-5.65401
-5.68793
-5.72695
-5.7715
-5.82202
-5.87897
-5.943
-6.01493
-6.09536
-6.18385
-6.27828
-6.37471
-6.46877
-6.55728
-6.63804
-6.70964
-6.77346
-6.83229
-6.88708
-6.93831
-6.98736
-7.03509
-7.08187
-7.12812
-7.1739
-7.21895
-7.2626
-7.3037
-7.34062
-7.37118
-7.39241
-7.39995
-7.38709
-7.34427
-7.25807
-7.10685
-6.85418
-6.44449
-5.54351
-5.54656
-5.55271
-5.56194
-5.57435
-5.59007
-5.60924
-5.63207
-5.65878
-5.68964
-5.72495
-5.76504
-5.81025
-5.86091
-5.91737
-5.97995
-6.04877
-6.12337
-6.20228
-6.28308
-6.3631
-6.44007
-6.51224
-6.57858
-6.63927
-6.69501
-6.74604
-6.79282
-6.83605
-6.87607
-6.91311
-6.94725
-6.97827
-7.0056
-7.02818
-7.04447
-7.05227
-7.04874
-7.03012
-6.99123
-6.92496
-6.82176
-6.66875
-6.44821
-6.13704
-5.70969
-5.55581
-5.55858
-5.56422
-5.57269
-5.58409
-5.59849
-5.61604
-5.63687
-5.66118
-5.68915
-5.72101
-5.75699
-5.79733
-5.84224
-5.8919
-5.9464
-6.00561
-6.06905
-6.13569
-6.20402
-6.27231
-6.3389
-6.40234
-6.46161
-6.51638
-6.56651
-6.61186
-6.65251
-6.68862
-6.72023
-6.7473
-6.76964
-6.78677
-6.79788
-6.80171
-6.79646
-6.77973
-6.74843
-6.69861
-6.62522
-6.52172
-6.37974
-6.18882
-5.93662
-5.60904
-5.1918
-5.56569
-5.56821
-5.57337
-5.58111
-5.59152
-5.60467
-5.62065
-5.63958
-5.66159
-5.68684
-5.71547
-5.74765
-5.78352
-5.8232
-5.86675
-5.91415
-5.96521
-6.01946
-6.07613
-6.13414
-6.19226
-6.24921
-6.30385
-6.35528
-6.40284
-6.44606
-6.48453
-6.51803
-6.54638
-6.56936
-6.58665
-6.59784
-6.60228
-6.59899
-6.58663
-6.56334
-6.52672
-6.47376
-6.4008
-6.30335
-6.17588
-6.01185
-5.8037
-5.54373
-5.22509
-4.83835
-5.57352
-5.57581
-5.58051
-5.58755
-5.59701
-5.60894
-5.62342
-5.64052
-5.66036
-5.68302
-5.70862
-5.73725
-5.76899
-5.80389
-5.84193
-5.88302
-5.92693
-5.97325
-6.02135
-6.07042
-6.11953
-6.16766
-6.21386
-6.25728
-6.2972
-6.33297
-6.36406
-6.39003
-6.41048
-6.42497
-6.43301
-6.434
-6.42717
-6.41148
-6.38557
-6.34767
-6.29556
-6.22653
-6.13738
-6.02439
-5.88327
-5.70924
-5.49735
-5.24302
-4.94288
-4.59409
-5.57964
-5.58171
-5.58596
-5.59232
-5.60087
-5.61163
-5.62465
-5.64001
-5.65776
-5.67796
-5.7007
-5.726
-5.7539
-5.78439
-5.8174
-5.85281
-5.89037
-5.9297
-5.97028
-6.01145
-6.05245
-6.09248
-6.13069
-6.16631
-6.19861
-6.2269
-6.25058
-6.26908
-6.28184
-6.2883
-6.28785
-6.27977
-6.26323
-6.23717
-6.2003
-6.151
-6.08735
-6.00707
-5.9075
-5.78571
-5.63854
-5.46275
-5.25535
-5.01432
-4.7371
-4.4251
-5.58431
-5.58616
-5.58998
-5.5957
-5.60336
-5.61298
-5.62461
-5.63829
-5.65404
-5.67191
-5.69193
-5.7141
-5.73841
-5.76482
-5.79322
-5.82347
-5.8553
-5.88838
-5.92225
-5.95634
-5.99003
-6.02262
-6.05339
-6.08163
-6.10663
-6.12773
-6.14427
-6.15564
-6.1612
-6.1603
-6.15226
-6.13632
-6.11163
-6.07718
-6.03177
-5.97401
-5.90226
-5.81469
-5.70919
-5.58357
-5.43565
-5.26335
-5.0649
-4.83974
-4.58705
-4.30881
-5.58777
-5.58942
-5.59282
-5.59791
-5.60471
-5.61325
-5.62353
-5.63559
-5.64944
-5.66509
-5.68253
-5.70175
-5.72271
-5.74533
-5.76949
-5.79501
-5.82164
-5.84908
-5.8769
-5.90464
-5.93172
-5.95754
-5.98148
-6.00288
-6.02109
-6.03546
-6.04534
-6.05009
-6.04907
-6.04159
-6.02695
-6.00439
-5.97306
-5.93204
-5.88028
-5.81658
-5.73961
-5.64788
-5.53989
-5.41411
-5.26907
-5.10355
-4.91684
-4.70823
-4.47877
-4.23037
-5.59024
-5.59169
-5.59469
-5.59917
-5.60515
-5.61263
-5.62163
-5.63215
-5.64418
-5.65771
-5.67272
-5.68918
-5.70701
-5.72611
-5.74635
-5.76755
-5.78946
-5.81179
-5.83417
-5.85616
-5.87728
-5.89699
-5.91473
-5.92989
-5.94189
-5.95011
-5.95393
-5.95271
-5.94582
-5.93259
-5.91234
-5.88432
-5.84776
-5.80181
-5.74557
-5.67804
-5.59818
-5.50484
-5.39696
-5.27349
-5.13353
-4.97642
-4.80196
-4.61015
-4.40214
-4.17982
-5.59191
-5.59318
-5.59579
-5.59968
-5.60487
-5.61134
-5.61911
-5.62815
-5.63846
-5.64999
-5.66272
-5.67658
-5.6915
-5.70735
-5.72399
-5.74125
-5.75887
-5.77659
-5.79406
-5.8109
-5.82666
-5.84088
-5.85304
-5.8626
-5.86901
-5.87171
-5.87011
-5.86362
-5.85162
-5.83349
-5.80858
-5.7762
-5.73566
-5.6862
-5.62707
-5.55743
-5.47651
-5.38347
-5.27754
-5.15804
-5.02447
-4.8766
-4.71454
-4.53866
-4.35004
-4.1504
-5.59297
-5.59405
-5.59629
-5.59962
-5.60405
-5.60957
-5.61617
-5.62381
-5.63249
-5.64214
-5.65273
-5.66418
-5.67639
-5.68925
-5.7026
-5.71627
-5.73001
-5.74358
-5.75665
-5.76887
-5.77986
-5.78918
-5.79637
-5.80095
-5.80242
-5.80025
-5.79391
-5.78285
-5.76651
-5.7443
-5.71563
-5.67989
-5.63646
-5.58471
-5.52398
-5.45363
-5.37305
-5.28165
-5.17893
-5.06447
-4.93806
-4.79968
-4.6497
-4.48858
-4.31733
-4.13745
-5.59358
-5.59449
-5.59638
-5.59918
-5.60289
-5.6075
-5.61299
-5.61932
-5.62646
-5.63436
-5.64296
-5.65217
-5.6619
-5.67202
-5.68237
-5.69278
-5.70303
-5.71287
-5.72202
-5.73014
-5.7369
-5.74189
-5.74472
-5.74493
-5.74209
-5.7357
-5.72529
-5.71037
-5.69041
-5.6649
-5.6333
-5.59509
-5.54971
-5.49665
-5.43537
-5.36537
-5.28618
-5.1974
-5.09872
-4.98994
-4.87098
-4.74202
-4.6035
-4.45593
-4.30022
-4.13762
-5.59391
-5.59467
-5.59621
-5.59851
-5.60155
-5.6053
-5.60975
-5.61485
-5.62057
-5.62684
-5.6336
-5.64076
-5.64821
-5.65583
-5.66347
-5.67096
-5.67808
-5.6846
-5.69027
-5.69478
-5.69782
-5.69904
-5.69806
-5.6945
-5.68795
-5.67797
-5.66415
-5.64602
-5.62314
-5.59504
-5.56127
-5.52135
-5.47484
-5.42129
-5.36028
-5.29142
-5.21439
-5.12891
-5.03479
-4.93196
-4.8205
-4.70065
-4.57287
-4.43767
-4.29586
-4.1485
-5.59413
-5.59473
-5.59596
-5.59778
-5.60019
-5.60314
-5.60663
-5.61059
-5.61499
-5.61976
-5.62483
-5.63011
-5.6355
-5.64087
-5.64607
-5.65094
-5.65528
-5.65888
-5.66149
-5.66284
-5.66265
-5.66061
-5.65637
-5.64959
-5.63991
-5.62694
-5.61031
-5.58961
-5.56444
-5.53441
-5.49912
-5.45818
-5.4112
-5.35783
-5.29774
-5.23064
-5.15628
-5.07452
-4.98524
-4.88847
-4.78436
-4.67319
-4.55538
-4.43145
-4.30211
-4.16827
-5.59437
-5.59482
-5.59577
-5.59715
-5.59897
-5.60119
-5.60378
-5.60669
-5.60988
-5.61328
-5.61682
-5.62041
-5.62394
-5.62729
-5.63032
-5.63287
-5.63476
-5.6358
-5.63575
-5.63437
-5.63141
-5.62658
-5.61958
-5.61011
-5.59784
-5.58243
-5.56355
-5.54086
-5.514
-5.48262
-5.44641
-5.40501
-5.35813
-5.30548
-5.2468
-5.18189
-5.11058
-5.03277
-4.94844
-4.85768
-4.76067
-4.65769
-4.54911
-4.43546
-4.31734
-4.19554
-5.59478
-5.5951
-5.59578
-5.59676
-5.59804
-5.59958
-5.60135
-5.60331
-5.60541
-5.60757
-5.60973
-5.6118
-5.61367
-5.61523
-5.61634
-5.61686
-5.61662
-5.61543
-5.61309
-5.60939
-5.60407
-5.59691
-5.58762
-5.57594
-5.56157
-5.54424
-5.52364
-5.49946
-5.47143
-5.43923
-5.40259
-5.36124
-5.31493
-5.26343
-5.20655
-5.14414
-5.0761
-5.00238
-4.92301
-4.8381
-4.74785
-4.65254
-4.55251
-4.44823
-4.34026
-4.22924
-5.5955
-5.5957
-5.59613
-5.59674
-5.59753
-5.59846
-5.5995
-5.6006
-5.6017
-5.60276
-5.60369
-5.60441
-5.60482
-5.60481
-5.60425
-5.60301
-5.60093
-5.59784
-5.59356
-5.58789
-5.58062
-5.57153
-5.56038
-5.54693
-5.53093
-5.51213
-5.49027
-5.46508
-5.43633
-5.40377
-5.36715
-5.32626
-5.28089
-5.23089
-5.17609
-5.11641
-5.05177
-4.98218
-4.90769
-4.82843
-4.74459
-4.65646
-4.56433
-4.46864
-4.36985
-4.26854
-5.59663
-5.59673
-5.59694
-5.59722
-5.59757
-5.59795
-5.59833
-5.59866
-5.5989
-5.59897
-5.59882
-5.59836
-5.59749
-5.59612
-5.59412
-5.59137
-5.58773
-5.58305
-5.57715
-5.56986
-5.561
-5.55036
-5.53774
-5.52292
-5.5057
-5.48584
-5.46314
-5.43736
-5.4083
-5.37576
-5.33953
-5.29944
-5.25534
-5.20709
-5.15458
-5.09776
-5.0366
-4.97112
-4.9014
-4.82757
-4.74981
-4.66838
-4.58356
-4.49573
-4.40531
-4.31278
-5.59831
-5.59831
-5.59832
-5.59831
-5.59827
-5.59816
-5.59796
-5.59762
-5.59709
-5.59631
-5.59522
-5.59374
-5.59178
-5.58925
-5.58603
-5.58202
-5.57707
-5.57107
-5.56385
-5.55526
-5.54513
-5.53328
-5.51955
-5.50373
-5.48565
-5.46511
-5.44193
-5.41593
-5.38691
-5.35472
-5.3192
-5.2802
-5.23761
-5.19132
-5.14126
-5.08741
-5.02974
-4.96832
-4.90322
-4.83456
-4.76254
-4.68737
-4.60933
-4.52874
-4.44596
-4.3614
-5.60063
-5.60054
-5.60038
-5.60011
-5.59973
-5.5992
-5.5985
-5.59757
-5.59638
-5.59487
-5.59298
-5.59063
-5.58775
-5.58424
-5.58002
-5.57496
-5.56896
-5.56189
-5.55362
-5.54401
-5.53292
-5.52018
-5.50565
-5.48916
-5.47055
-5.44966
-5.42633
-5.4004
-5.37174
-5.34019
-5.30563
-5.26796
-5.22707
-5.18291
-5.13541
-5.08457
-5.0304
-4.97294
-4.91229
-4.84858
-4.78197
-4.71267
-4.64093
-4.56701
-4.49124
-4.41397
-5.60367
-5.60351
-5.6032
-5.60272
-5.60204
-5.60115
-5.60002
-5.5986
-5.59685
-5.59473
-5.59216
-5.58909
-5.58545
-5.58115
-5.5761
-5.57021
-5.56337
-5.55548
-5.54641
-5.53605
-5.52426
-5.51091
-5.49587
-5.47899
-5.46015
-5.43919
-5.416
-5.39043
-5.36237
-5.33171
-5.29834
-5.26218
-5.22315
-5.18122
-5.13635
-5.08855
-5.03782
-4.98425
-4.9279
-4.8689
-4.80741
-4.74362
-4.67773
-4.60999
-4.54068
-4.47011
-5.60752
-5.60731
-5.60687
-5.6062
-5.60528
-5.60409
-5.60259
-5.60076
-5.59856
-5.59592
-5.59281
-5.58916
-5.58491
-5.57998
-5.57429
-5.56776
-5.5603
-5.5518
-5.54216
-5.53128
-5.51904
-5.50533
-5.49003
-5.47303
-5.4542
-5.43343
-5.41061
-5.38564
-5.35841
-5.32883
-5.29683
-5.26234
-5.2253
-5.18569
-5.14349
-5.09871
-5.0514
-5.00159
-4.94939
-4.89489
-4.83825
-4.77963
-4.71921
-4.65723
-4.59389
-4.5295
-5.61225
-5.61199
-5.61145
-5.61063
-5.60951
-5.60807
-5.60628
-5.60412
-5.60155
-5.59851
-5.59497
-5.59087
-5.58615
-5.58075
-5.57458
-5.56759
-5.55968
-5.55077
-5.54077
-5.52958
-5.51712
-5.50327
-5.48794
-5.47104
-5.45245
-5.4321
-5.40987
-5.38569
-5.35947
-5.33115
-5.30066
-5.26796
-5.233
-5.19577
-5.15627
-5.11451
-5.07053
-5.02439
-4.97617
-4.92598
-4.87394
-4.82019
-4.76491
-4.70829
-4.65053
-4.59186
-5.61791
-5.6176
-5.61699
-5.61605
-5.61477
-5.61314
-5.61113
-5.60871
-5.60585
-5.60252
-5.59866
-5.59422
-5.58917
-5.58343
-5.57694
-5.56965
-5.56146
-5.55232
-5.54214
-5.53085
-5.51835
-5.50457
-5.48942
-5.47281
-5.45467
-5.43491
-5.41346
-5.39024
-5.3652
-5.33827
-5.30942
-5.2786
-5.24579
-5.21098
-5.17418
-5.13541
-5.09471
-5.05213
-5.00775
-4.96167
-4.91401
-4.86487
-4.81443
-4.76285
-4.71029
-4.65695
-5.62454
-5.6242
-5.62353
-5.62249
-5.6211
-5.61933
-5.61716
-5.61455
-5.6115
-5.60795
-5.60387
-5.59922
-5.59394
-5.588
-5.58133
-5.57388
-5.56558
-5.55637
-5.54618
-5.53495
-5.5226
-5.50906
-5.49425
-5.47812
-5.46059
-5.4416
-5.42108
-5.39897
-5.37524
-5.34982
-5.3227
-5.29384
-5.26323
-5.23087
-5.19677
-5.16095
-5.12346
-5.08434
-5.04367
-5.00154
-4.95805
-4.9133
-4.86744
-4.82059
-4.77291
-4.72457
-5.63217
-5.63181
-5.63109
-5.63
-5.62853
-5.62666
-5.62438
-5.62166
-5.61848
-5.6148
-5.6106
-5.60583
-5.60045
-5.59443
-5.5877
-5.58023
-5.57195
-5.56282
-5.55277
-5.54175
-5.5297
-5.51655
-5.50226
-5.48675
-5.46998
-5.4519
-5.43244
-5.41157
-5.38926
-5.36545
-5.34014
-5.3133
-5.28493
-5.25503
-5.22362
-5.19072
-5.15636
-5.12061
-5.08353
-5.04519
-5.00568
-4.96511
-4.92359
-4.88123
-4.83816
-4.79452
-5.64081
-5.64044
-5.6397
-5.63858
-5.63706
-5.63514
-5.63281
-5.63003
-5.62679
-5.62307
-5.61882
-5.61403
-5.60865
-5.60265
-5.59598
-5.5886
-5.58048
-5.57155
-5.56178
-5.55111
-5.53949
-5.52688
-5.51323
-5.49849
-5.48261
-5.46555
-5.44728
-5.42775
-5.40694
-5.38483
-5.36139
-5.33662
-5.31052
-5.28309
-5.25435
-5.22432
-5.19305
-5.16058
-5.12696
-5.09228
-5.0566
-5.02002
-4.98263
-4.94453
-4.90584
-4.86667
-5.65048
-5.6501
-5.64935
-5.64822
-5.64669
-5.64476
-5.64242
-5.63964
-5.63641
-5.63271
-5.6285
-5.62377
-5.61848
-5.6126
-5.60609
-5.59892
-5.59105
-5.58245
-5.57307
-5.56287
-5.55182
-5.53986
-5.52697
-5.51311
-5.49823
-5.48231
-5.46532
-5.44722
-5.428
-5.40764
-5.38613
-5.36346
-5.33965
-5.31468
-5.2886
-5.26141
-5.23316
-5.20389
-5.17365
-5.1425
-5.11051
-5.07776
-5.04432
-5.0103
-4.97578
-4.94086
-5.66116
-5.66079
-5.66005
-5.65892
-5.65742
-5.65551
-5.65321
-5.65048
-5.64732
-5.6437
-5.6396
-5.635
-5.62988
-5.6242
-5.61795
-5.61108
-5.60357
-5.5954
-5.58651
-5.57689
-5.5665
-5.55531
-5.54329
-5.5304
-5.51662
-5.50193
-5.4863
-5.46971
-5.45214
-5.43359
-5.41405
-5.39352
-5.372
-5.3495
-5.32605
-5.30167
-5.27639
-5.25024
-5.22329
-5.19557
-5.16715
-5.13809
-5.10847
-5.07835
-5.04783
-5.01697
-5.67286
-5.67249
-5.67177
-5.67068
-5.66922
-5.66737
-5.66514
-5.66251
-5.65946
-5.65598
-5.65205
-5.64766
-5.64278
-5.63738
-5.63146
-5.62498
-5.61792
-5.61026
-5.60197
-5.59302
-5.58339
-5.57305
-5.56198
-5.55016
-5.53756
-5.52417
-5.50997
-5.49495
-5.47909
-5.4624
-5.44486
-5.42648
-5.40727
-5.38724
-5.36641
-5.3448
-5.32244
-5.29936
-5.27561
-5.25124
-5.22628
-5.2008
-5.17486
-5.14852
-5.12185
-5.0949
-5.68552
-5.68517
-5.68448
-5.68344
-5.68205
-5.68029
-5.67817
-5.67567
-5.67279
-5.6695
-5.6658
-5.66167
-5.65709
-5.65205
-5.64653
-5.64052
-5.63398
-5.62691
-5.61929
-5.61109
-5.60229
-5.59289
-5.58285
-5.57217
-5.56082
-5.5488
-5.5361
-5.5227
-5.5086
-5.49379
-5.47829
-5.46208
-5.44519
-5.42762
-5.40939
-5.39053
-5.37105
-5.35099
-5.33038
-5.30927
-5.2877
-5.2657
-5.24333
-5.22065
-5.19771
-5.17454
-5.6991
-5.69877
-5.69812
-5.69715
-5.69585
-5.69421
-5.69224
-5.68991
-5.68723
-5.68418
-5.68075
-5.67693
-5.67272
-5.66809
-5.66304
-5.65755
-5.65161
-5.6452
-5.63831
-5.63093
-5.62305
-5.61464
-5.6057
-5.59622
-5.58619
-5.5756
-5.56444
-5.5527
-5.5404
-5.52751
-5.51406
-5.50005
-5.48548
-5.47037
-5.45473
-5.43859
-5.42196
-5.40488
-5.38737
-5.36947
-5.3512
-5.33261
-5.31373
-5.29462
-5.2753
-5.25582
-5.71353
-5.71323
-5.71263
-5.71175
-5.71057
-5.70907
-5.70727
-5.70515
-5.7027
-5.69993
-5.69681
-5.69336
-5.68955
-5.68538
-5.68085
-5.67594
-5.67065
-5.66496
-5.65887
-5.65237
-5.64545
-5.6381
-5.63032
-5.62209
-5.61342
-5.60431
-5.59473
-5.58471
-5.57423
-5.5633
-5.55193
-5.54012
-5.52788
-5.51523
-5.50218
-5.48875
-5.47495
-5.46081
-5.44636
-5.43161
-5.4166
-5.40136
-5.38592
-5.37029
-5.35453
-5.33866
-5.72877
-5.72854
-5.72802
-5.72725
-5.72619
-5.72486
-5.72325
-5.72136
-5.71918
-5.7167
-5.71394
-5.71088
-5.70752
-5.70385
-5.69988
-5.69559
-5.69099
-5.68607
-5.68082
-5.67524
-5.66933
-5.66309
-5.6565
-5.64958
-5.64232
-5.63471
-5.62677
-5.61848
-5.60986
-5.60091
-5.59164
-5.58205
-5.57215
-5.56196
-5.55149
-5.54076
-5.52977
-5.51856
-5.50713
-5.49552
-5.48374
-5.4718
-5.45974
-5.44757
-5.43531
-5.42299
-5.74506
-5.74493
-5.74449
-5.74385
-5.74294
-5.7418
-5.7404
-5.73875
-5.73686
-5.73471
-5.73231
-5.72966
-5.72677
-5.72363
-5.72024
-5.7166
-5.71271
-5.70858
-5.7042
-5.69957
-5.6947
-5.68958
-5.68422
-5.67862
-5.67278
-5.66671
-5.6604
-5.65387
-5.64712
-5.64016
-5.63299
-5.62563
-5.61808
-5.61035
-5.60245
-5.59441
-5.58623
-5.57792
-5.56951
-5.561
-5.55242
-5.54377
-5.53507
-5.52632
-5.51754
-5.50873
-5.76198
-5.76197
-5.76166
-5.76119
-5.76047
-5.75953
-5.75836
-5.75697
-5.75537
-5.75357
-5.75155
-5.74935
-5.74694
-5.74435
-5.74157
-5.7386
-5.73546
-5.73215
-5.72866
-5.72502
-5.72121
-5.71725
-5.71314
-5.70889
-5.7045
-5.69998
-5.69534
-5.69059
-5.68573
-5.68077
-5.67572
-5.67059
-5.66539
-5.66013
-5.65482
-5.64946
-5.64408
-5.63868
-5.63327
-5.62787
-5.62248
-5.61711
-5.61177
-5.60645
-5.60114
-5.59584
-5.7759
-5.77656
-5.77642
-5.77615
-5.77562
-5.7749
-5.77398
-5.77289
-5.77164
-5.77023
-5.76867
-5.76697
-5.76514
-5.76319
-5.76111
-5.75892
-5.75663
-5.75425
-5.75178
-5.74923
-5.74661
-5.74394
-5.74121
-5.73844
-5.73564
-5.73281
-5.72997
-5.72712
-5.72428
-5.72146
-5.71865
-5.71588
-5.71315
-5.71046
-5.70783
-5.70527
-5.70278
-5.70036
-5.69804
-5.69581
-5.69367
-5.69164
-5.6897
-5.68787
-5.68609
-5.68431
1.52409
5.2836
4.90085
4.78817
77.0174
4.20353
4.90383
4.91969
286.862
24.3588
5.07403
4.96149
406.031
89.469
5.8426
4.94371
400.336
159.34
28.5703
4.13084
354.959
189.862
73.4054
12.1917
295.374
182.527
97.7247
32.186
214.902
147.404
92.7138
48.6501
126.897
96.1336
67.7934
48.9666
60.2581
51.0811
35.0942
30.7654
15.4125
26.2111
11.5128
5.14656
-5.50216
5.57507
3.87048
-16.2877
-9.96404
-6.97415
3.63969
-21.9041
-10.822
-10.583
-5.88838
-11.5299
-11.145
-11.3175
-10.1969
-6.1695
-11.4079
-11.5946
-11.5417
-8.42204
-11.6525
-11.8328
-12.1047
-10.8674
-11.8571
-12.0674
-12.4055
-12.113
-12.0185
-12.349
-12.7296
-12.8854
-12.3108
-12.7345
-13.1517
-13.7369
-12.752
-13.1837
-13.4528
-14.7254
-13.1383
-13.5503
-13.6674
-14.4604
-13.5605
-13.8977
-13.9334
-13.3103
-14.4732
-14.6701
-14.4539
-10.5859
-16.1517
-16.0825
-14.792
-9.36768
-18.2723
-18.7815
-18.2623
-25.0501
-17.4068
-25.4736
-46.113
-40.9821
-15.4356
-54.0752
-53.3694
-38.1514
-13.8221
-45.323
-40.3115
-22.923
-14.5575
-17.4477
-30.1241
-16.0089
-15.333
-14.6803
-20.4293
-14.2124
-15.9273
-14.8717
-14.242
-9.08864
-17.4399
-18.9083
-20.794
-12.029
-19.9821
-27.3822
-36.4147
-24.4225
-20.9322
-27.494
-30.7586
-20.98
-16.8857
-19.2654
-19.2273
-12.0174
-12.3488
-12.5709
-11.2483
-6.25642
-8.95917
-8.22
-6.57115
-3.6918
-7.03323
-6.05657
-4.58142
-2.81145
-5.84918
-5.00236
-3.90186
-2.71008
-5.13423
-4.43012
-3.60886
-2.75796
-4.68435
-4.10518
-3.46706
-2.82051
-4.39682
-3.91641
-3.40443
-2.89051
-4.21118
-3.80727
-3.38547
-2.96394
-4.09194
-3.74773
-3.39276
-3.03873
-4.01737
-3.72043
-3.41665
-3.11389
-3.97382
-3.71492
-3.45144
-3.18887
-3.95254
-3.72476
-3.49376
-3.26352
-3.94788
-3.74593
-3.54164
-3.33797
-3.95605
-3.77586
-3.59391
-3.41246
-3.97443
-3.8128
-3.64984
-3.48727
-4.00115
-3.85556
-3.70891
-3.56258
-4.03483
-3.90322
-3.77077
-3.63856
-4.0744
-3.9551
-3.83511
-3.71531
-4.11906
-4.01068
-3.90172
-3.7929
-4.16817
-4.06954
-3.97041
-3.87139
-4.22124
-4.13137
-4.04107
-3.95084
-4.27787
-4.19591
-4.11359
-4.03131
-4.33772
-4.26297
-4.18789
-4.11285
-4.40053
-4.33236
-4.26391
-4.19547
-4.46606
-4.40394
-4.34158
-4.27923
-4.53411
-4.47758
-4.42085
-4.36413
-4.60449
-4.55317
-4.50167
-4.45018
-4.67706
-4.6306
-4.584
-4.5374
-4.75168
-4.7098
-4.66779
-4.6258
-4.82823
-4.79067
-4.75301
-4.71536
-4.90661
-4.87316
-4.83963
-4.80611
-4.98673
-4.95721
-4.92762
-4.89805
-5.06851
-5.04276
-5.01696
-4.99118
-5.15188
-5.12977
-5.10763
-5.08551
-5.23677
-5.2182
-5.19961
-5.18105
-5.32315
-5.30803
-5.29291
-5.27781
-5.41095
-5.39923
-5.38751
-5.37582
-5.50013
-5.49177
-5.48342
-5.47509
-5.59068
-5.58566
-5.58065
-5.57566
-5.68259
-5.68092
-5.67925
-5.67759
4.94073
4.94529
4.92072
4.90658
4.89873
4.89754
4.89934
4.90195
4.90377
4.90387
4.90187
4.89759
4.89101
4.88221
4.87136
4.85867
4.84438
4.82873
4.81199
4.79441
4.77626
4.7578
4.73926
4.72086
4.70279
4.6852
4.66825
4.65206
4.63674
4.6224
4.60911
4.59696
4.58601
4.57632
4.56793
4.56089
4.55522
4.55096
4.54811
4.5467
4.92416
4.8777
4.85069
4.835
4.8314
4.83567
4.84288
4.85002
4.85517
4.85766
4.85736
4.8542
4.84825
4.83968
4.82873
4.81567
4.8008
4.78443
4.76685
4.74839
4.72931
4.70991
4.69045
4.67116
4.65224
4.63387
4.61618
4.59932
4.58338
4.56849
4.55471
4.54212
4.53079
4.52077
4.5121
4.50483
4.49898
4.49458
4.49165
4.49019
4.87323
4.79601
4.7639
4.75048
4.75385
4.76772
4.7833
4.79662
4.80609
4.81151
4.81319
4.81132
4.80607
4.79771
4.78658
4.77304
4.75746
4.74022
4.72166
4.70216
4.68202
4.66155
4.64104
4.62074
4.60088
4.58162
4.56311
4.5455
4.52889
4.51339
4.49907
4.486
4.47425
4.46387
4.4549
4.44738
4.44133
4.43679
4.43376
4.43225
4.77887
4.66063
4.64061
4.64389
4.66263
4.69264
4.72069
4.74209
4.75681
4.7657
4.76962
4.76914
4.76463
4.75645
4.74504
4.73088
4.71443
4.69615
4.67645
4.65572
4.63435
4.61266
4.59097
4.56954
4.54862
4.52838
4.50898
4.49054
4.4732
4.45703
4.44211
4.42853
4.41632
4.40556
4.39626
4.38847
4.38222
4.37751
4.37438
4.37282
4.6084
4.53041
4.45886
4.49552
4.55212
4.60995
4.65545
4.68707
4.70784
4.72056
4.72694
4.72794
4.72416
4.71608
4.70427
4.6893
4.67177
4.65223
4.63117
4.60905
4.58626
4.56319
4.54018
4.5175
4.49541
4.47409
4.4537
4.43437
4.41622
4.39934
4.38379
4.36964
4.35696
4.34577
4.33613
4.32805
4.32157
4.3167
4.31346
4.31184
5.40568
4.4224
4.23541
4.2999
4.42372
4.52188
4.58938
4.63244
4.65983
4.67651
4.68544
4.68799
4.6849
4.67681
4.6644
4.6484
4.62954
4.6085
4.58585
4.5621
4.53772
4.5131
4.4886
4.46454
4.44115
4.41865
4.39719
4.3769
4.35789
4.34023
4.324
4.30926
4.29606
4.28444
4.27442
4.26604
4.25932
4.25428
4.25092
4.24924
6.12004
4.22253
4.01895
4.12293
4.29647
4.43298
4.52562
4.5796
4.61328
4.63397
4.64544
4.64954
4.64711
4.63885
4.6256
4.60829
4.58781
4.56497
4.54046
4.51485
4.48865
4.46228
4.43615
4.41055
4.38576
4.36198
4.33936
4.31804
4.2981
4.27962
4.26267
4.2473
4.23356
4.22147
4.21107
4.20237
4.1954
4.19017
4.18669
4.18495
2.23493
3.54868
4.38119
4.04855
4.16659
4.33875
4.4629
4.53019
4.56862
4.59293
4.60715
4.61289
4.61107
4.60245
4.58807
4.5691
4.54661
4.52165
4.49497
4.46722
4.43896
4.41066
4.38271
4.35544
4.32913
4.30396
4.28011
4.25767
4.23675
4.21741
4.1997
4.18367
4.16936
4.15679
4.14598
4.13695
4.12972
4.1243
4.12069
4.1189
14.1474
5.54134
4.71475
4.03503
3.95245
4.24372
4.39496
4.48182
4.5257
4.55277
4.57035
4.57832
4.57714
4.56791
4.55202
4.53094
4.50597
4.47852
4.44931
4.41912
4.38855
4.35809
4.32815
4.29907
4.27111
4.24447
4.21929
4.19569
4.17374
4.15349
4.135
4.11828
4.10337
4.0903
4.07907
4.06971
4.06221
4.05659
4.05286
4.051
17.2369
-7.31834
3.1172
4.04046
3.94278
4.23699
4.32015
4.41924
4.47911
4.51246
4.53482
4.5462
4.54589
4.53565
4.51769
4.49396
4.46618
4.43555
4.40338
4.37041
4.33725
4.30442
4.27231
4.24127
4.21156
4.18336
4.15679
4.13196
4.10893
4.08775
4.06843
4.05101
4.0355
4.02191
4.01026
4.00055
3.99278
3.98696
3.98309
3.98116
8.25978
-11.3153
3.75191
4.58166
4.26361
4.21116
4.17018
4.31948
4.42005
4.47102
4.50186
4.51761
4.51815
4.50626
4.48537
4.45816
4.42669
4.39255
4.357
4.3209
4.28488
4.24945
4.21501
4.18188
4.15031
4.12046
4.09245
4.06635
4.04221
4.02005
3.99989
3.98175
3.96562
3.95152
3.93943
3.92937
3.92133
3.91531
3.9113
3.90932
-10.0918
-10.2688
-4.08627
4.44454
4.57598
3.75357
3.86597
4.18064
4.35112
4.43105
4.47518
4.49523
4.49526
4.4804
4.45536
4.42362
4.38769
4.34936
4.30994
4.27034
4.23118
4.19294
4.15602
4.12068
4.08716
4.05561
4.0261
3.99869
3.97341
3.95027
3.92927
3.91039
3.89365
3.87902
3.8665
3.85609
3.84777
3.84155
3.83741
3.83536
-32.2914
-19.6788
-16.9527
5.02263
3.43102
2.4735
3.45854
4.06359
4.29756
4.40502
4.46154
4.48301
4.47916
4.45881
4.42787
4.3903
4.34893
4.30569
4.2619
4.21843
4.17586
4.13464
4.09508
4.05744
4.02191
3.98859
3.95755
3.92882
3.9024
3.87826
3.85641
3.83681
3.81945
3.8043
3.79135
3.78059
3.77201
3.76558
3.76132
3.7592
-47.3656
-34.9552
-28.4231
1.94953
1.25786
2.0542
3.49152
4.07709
4.30571
4.41521
4.46991
4.48472
4.47147
4.44202
4.40287
4.35789
4.31
4.26112
4.21246
4.16477
4.11857
4.07419
4.03189
3.99189
3.9543
3.9192
3.88662
3.85656
3.82899
3.80388
3.78118
3.76087
3.7429
3.72725
3.71388
3.70279
3.69394
3.68732
3.68293
3.68075
-55.9067
-51.1359
-36.2467
-6.06407
0.596001
2.95289
3.79141
4.1958
4.38568
4.46865
4.50335
4.50117
4.47213
4.4296
4.37974
4.32573
4.27026
4.21504
4.16107
4.10889
4.05887
4.01122
3.96613
3.92372
3.88406
3.84719
3.8131
3.78173
3.75304
3.72696
3.70345
3.68244
3.66388
3.64774
3.63398
3.62256
3.61346
3.60666
3.60215
3.59991
-47.564
-62.7333
-37.7235
-11.9893
2.02605
3.78478
4.0805
4.36454
4.51935
4.55789
4.55767
4.52921
4.47912
4.42004
4.35714
4.29268
4.22876
4.16668
4.10706
4.05021
3.99626
3.94531
3.89741
3.85262
3.81093
3.77233
3.73675
3.70411
3.67434
3.64735
3.62305
3.60138
3.58227
3.56567
3.55152
3.5398
3.53046
3.52349
3.51887
3.51657
-26.554
-67.4014
-37.4611
-14.4133
3.59009
4.62561
4.45741
4.59061
4.69079
4.67229
4.62532
4.56367
4.48865
4.41058
4.33303
4.25718
4.1843
4.11505
4.04964
3.98805
3.9302
3.87598
3.82535
3.77825
3.7346
3.69434
3.65734
3.62351
3.59272
3.56487
3.53984
3.51756
3.49793
3.48091
3.46641
3.45441
3.44486
3.43773
3.433
3.43065
-15.9126
-57.5251
-34.4048
-14.7939
3.92427
5.22265
4.87481
4.87126
4.885
4.79764
4.69847
4.59792
4.49582
4.39767
4.30484
4.21733
4.13539
4.05901
3.9879
3.92171
3.86008
3.80275
3.74952
3.70024
3.65476
3.61295
3.57465
3.53972
3.508
3.47936
3.45367
3.43083
3.41074
3.39333
3.37853
3.36627
3.35653
3.34926
3.34444
3.34204
-12.603
-39.8064
-26.0177
-11.3978
3.49122
5.83506
5.35018
5.22177
5.09361
4.91815
4.76328
4.62384
4.49487
4.37716
4.2696
4.17094
4.08042
3.99733
3.9209
3.85041
3.78529
3.72509
3.66949
3.61823
3.5711
3.5279
3.48844
3.45253
3.41998
3.39065
3.36438
3.34106
3.32057
3.30283
3.28776
3.27529
3.26538
3.258
3.2531
3.25066
-12.8327
-30.7133
-15.1003
-2.49767
6.57017
6.66906
5.83648
5.53385
5.2601
5.00977
4.80634
4.63213
4.47953
4.34468
4.22423
4.11581
4.01777
3.92878
3.84766
3.7734
3.70522
3.64251
3.58484
3.53187
3.48332
3.43893
3.39848
3.36174
3.3285
3.29859
3.27184
3.24812
3.2273
3.20929
3.194
3.18136
3.17133
3.16384
3.15888
3.15642
-15.9828
-24.7502
-8.55487
3.42557
9.56736
7.04948
6.1621
5.73881
5.34993
5.05069
4.81306
4.61395
4.44401
4.29625
4.16592
4.04988
3.9459
3.8522
3.76729
3.68996
3.61927
3.55452
3.49517
3.44081
3.39112
3.34579
3.30455
3.26715
3.23338
3.20302
3.1759
3.15187
3.13081
3.1126
3.09715
3.08439
3.07426
3.06671
3.0617
3.05922
-34.2551
-23.3666
-6.57646
2.53354
8.4406
6.69643
6.21805
5.75039
5.3368
5.02692
4.77478
4.56369
4.38434
4.22896
4.09247
3.97151
3.86355
3.76659
3.679
3.59946
3.52695
3.46069
3.40011
3.34476
3.29424
3.24823
3.20644
3.1686
3.13445
3.10379
3.07643
3.05221
3.03099
3.01266
2.99712
2.98429
2.9741
2.96651
2.96148
2.95899
-45.7533
-18.8838
-2.82295
3.90342
6.8373
6.2291
6.0289
5.60368
5.23464
4.93973
4.69072
4.47963
4.29873
4.14123
4.0026
3.87962
3.76983
3.67122
3.58218
3.50138
3.4278
3.36067
3.29937
3.24343
3.19244
3.14607
3.10398
3.0659
3.03158
3.00078
2.97332
2.94903
2.92775
2.90938
2.89381
2.88097
2.87077
2.86317
2.85814
2.85565
-30.2586
-8.19621
0.553355
5.79163
6.08707
5.97965
5.75868
5.38574
5.06908
4.79922
4.56506
4.36304
4.18739
4.03287
3.89589
3.77375
3.66427
3.56565
3.47642
3.39536
3.32152
3.25416
3.19268
3.13661
3.08554
3.03911
2.99701
2.95894
2.92464
2.89388
2.86646
2.84222
2.821
2.80268
2.78717
2.77436
2.7642
2.75664
2.75163
2.74914
-15.714
-4.7321
2.45495
6.59097
5.75622
5.77305
5.46059
5.12646
4.85342
4.61446
4.40314
4.21699
4.05206
3.90481
3.77278
3.65402
3.54683
3.44975
3.36155
3.28122
3.20791
3.14098
3.07987
3.02414
2.97338
2.92724
2.88541
2.84759
2.81353
2.78299
2.75577
2.73171
2.71066
2.69249
2.67711
2.66441
2.65434
2.64684
2.64188
2.63942
-12.4481
-3.97344
3.50096
5.63471
5.31652
5.38298
5.08437
4.81585
4.59303
4.39302
4.21102
4.0458
3.89563
3.75889
3.63442
3.52111
3.41786
3.32366
3.2376
3.1589
3.08689
3.02103
2.96085
2.90591
2.85586
2.81036
2.76909
2.73178
2.69817
2.66804
2.64119
2.61745
2.59669
2.57876
2.56359
2.55107
2.54113
2.53374
2.52885
2.52642
-8.83474
0.826534
3.92237
4.44212
4.73416
4.80029
4.63081
4.46017
4.29955
4.14523
3.99639
3.85492
3.72187
3.59766
3.48246
3.37605
3.278
3.18776
3.10476
3.0285
2.9585
2.89432
2.83557
2.78189
2.73294
2.68841
2.648
2.61145
2.57851
2.54898
2.52266
2.49939
2.47902
2.46145
2.44657
2.43429
2.42455
2.4173
2.4125
2.41012
-9.90765
1.52682
3.2735
3.61651
4.11898
4.19693
4.16632
4.08998
3.99303
3.88441
3.76826
3.6505
3.53496
3.42394
3.3188
3.22013
3.12809
3.04258
2.9634
2.89026
2.82287
2.76091
2.70409
2.65209
2.60461
2.56138
2.52211
2.48657
2.45453
2.42579
2.40016
2.37749
2.35765
2.34053
2.32602
2.31405
2.30456
2.29749
2.29282
2.2905
-6.27764
0.91899
2.67379
3.01306
3.45195
3.64933
3.73756
3.73667
3.69384
3.62366
3.53535
3.43845
3.33896
3.24051
3.14533
3.05462
2.96901
2.88876
2.81393
2.74446
2.6802
2.62095
2.5665
2.51657
2.47092
2.4293
2.39146
2.35717
2.32624
2.29846
2.27369
2.25176
2.23257
2.21599
2.20195
2.19036
2.18117
2.17432
2.16979
2.16754
-3.66462
1.08831
2.01211
2.39353
2.83707
3.20129
3.37723
3.42606
3.41838
3.37337
3.30451
3.22343
3.13707
3.04963
2.96367
2.88072
2.80163
2.72692
2.65683
2.59145
2.53076
2.47465
2.42294
2.37546
2.33196
2.29224
2.25608
2.22328
2.19366
2.16703
2.14326
2.12222
2.10378
2.08786
2.07436
2.06321
2.05437
2.04779
2.04343
2.04127
-3.18025
3.86979
1.81045
1.93456
2.47616
2.92609
3.12076
3.1767
3.17614
3.13893
3.07927
3.00793
2.93116
2.85272
2.77496
2.6993
2.62666
2.55763
2.49254
2.4316
2.37484
2.32222
2.27363
2.2289
2.18786
2.15031
2.11608
2.08498
2.05686
2.03155
2.00894
1.9889
1.97134
1.95615
1.94327
1.93264
1.9242
1.91791
1.91375
1.91169
-1.57396
8.68375
2.80167
2.27962
2.57425
2.87486
2.97625
2.98666
2.96379
2.91815
2.85859
2.79172
2.72147
2.65029
2.57976
2.51095
2.44463
2.38136
2.3215
2.26527
2.21276
2.16396
2.11878
2.0771
2.03878
2.00365
1.97157
1.94237
1.91592
1.8921
1.87078
1.85187
1.83528
1.82093
1.80875
1.79868
1.79069
1.78474
1.7808
1.77885
-1.66343
5.29643
3.88184
3.21856
2.96785
2.93281
2.87742
2.8192
2.76168
2.70077
2.63717
2.57219
2.50687
2.44196
2.37812
2.31593
2.25592
2.19853
2.14411
2.09285
2.04487
2.00015
1.95866
1.92029
1.88493
1.85243
1.82269
1.79559
1.77099
1.74878
1.72888
1.71121
1.69569
1.68225
1.67083
1.6614
1.65391
1.64832
1.64462
1.64278
-1.54128
1.80186
3.48236
3.2948
3.03776
2.85106
2.71984
2.62364
2.54422
2.47361
2.40809
2.34573
2.28549
2.22687
2.16974
2.11426
2.06073
2.00947
1.96074
1.91473
1.87153
1.83116
1.79359
1.75875
1.72655
1.69688
1.66966
1.64479
1.62217
1.60171
1.58335
1.56702
1.55266
1.54021
1.52962
1.52086
1.5139
1.50871
1.50527
1.50357
-0.0217774
1.89862
2.77243
2.82741
2.7416
2.59516
2.475
2.37804
2.29737
2.22806
2.16626
2.10937
2.05567
2.00413
1.95425
1.90593
1.85929
1.81452
1.77182
1.73134
1.69319
1.65739
1.62395
1.59282
1.56394
1.53725
1.51269
1.49018
1.46966
1.45106
1.43433
1.41943
1.4063
1.3949
1.3852
1.37716
1.37077
1.366
1.36285
1.36128
-0.0840515
2.16702
2.38627
2.39409
2.3432
2.25043
2.16324
2.08613
2.01962
1.9615
1.90945
1.86162
1.8166
1.77346
1.73173
1.69123
1.65199
1.61412
1.57778
1.54312
1.51024
1.47921
1.45006
1.42279
1.39737
1.37379
1.352
1.33196
1.31364
1.29699
1.28198
1.26857
1.25673
1.24644
1.23767
1.2304
1.22461
1.22029
1.21743
1.21601
-0.390094
1.43246
1.82296
1.89093
1.87926
1.84497
1.80159
1.75689
1.7147
1.67516
1.6379
1.60261
1.56859
1.53539
1.50284
1.47085
1.43948
1.40884
1.37912
1.35048
1.32306
1.29695
1.27224
1.24895
1.22712
1.20675
1.18783
1.17035
1.15431
1.13968
1.12645
1.1146
1.10411
1.09498
1.08718
1.0807
1.07554
1.07168
1.06913
1.06786
-0.83223
0.497321
1.01936
1.24704
1.34961
1.39275
1.40488
1.4011
1.38919
1.37309
1.35391
1.334
1.31299
1.29098
1.26853
1.24565
1.22252
1.19938
1.17645
1.15397
1.13211
1.11104
1.09085
1.07165
1.05348
1.0364
1.02042
1.00558
0.991879
0.979329
0.967931
0.957685
0.948591
0.940645
0.933846
0.928191
0.923677
0.920302
0.918064
0.916958
-1.24125
-0.271847
0.29098
0.619841
0.813372
0.92716
0.993502
1.03125
1.05139
1.0604
1.06196
1.0587
1.05195
1.04158
1.02999
1.01662
1.00197
0.986465
0.970439
0.954186
0.937957
0.921958
0.906353
0.891273
0.876817
0.863065
0.850079
0.837909
0.826592
0.816156
0.806625
0.798014
0.790339
0.783609
0.777832
0.773016
0.769165
0.766281
0.764368
0.763422
-1.62977
-0.838747
-0.295708
0.0690664
0.313266
0.476819
0.586649
0.660672
0.710601
0.744067
0.766001
0.779658
0.787129
0.789715
0.788783
0.784957
0.77879
0.770955
0.761822
0.751784
0.741167
0.730236
0.719205
0.708246
0.697504
0.687092
0.677106
0.667621
0.6587
0.650394
0.642743
0.635783
0.62954
0.624038
0.619296
0.615329
0.612148
0.609762
0.608178
0.607395
-1.94878
-1.28053
-0.776929
-0.407392
-0.13879
0.0557315
0.196792
0.299525
0.374741
0.430047
0.470731
0.500461
0.521813
0.536608
0.546266
0.551822
0.554083
0.553748
0.551382
0.547443
0.54235
0.536411
0.529889
0.522997
0.515929
0.508828
0.501819
0.495003
0.488467
0.482283
0.476509
0.471196
0.466387
0.462114
0.458408
0.455291
0.452782
0.450894
0.44964
0.449021
-2.18783
-1.6251
-1.17125
-0.815492
-0.54076
-0.330147
-0.168972
-0.0454016
0.0496963
0.123185
0.18013
0.224261
0.258335
0.284404
0.304064
0.318557
0.328841
0.335725
0.339884
0.34186
0.342116
0.341025
0.338896
0.33596
0.332489
0.328631
0.324543
0.320351
0.316163
0.312072
0.308152
0.304469
0.301077
0.298022
0.295343
0.293069
0.291227
0.289835
0.288909
0.288456
-2.37789
-1.90086
-1.49704
-1.16453
-0.895354
-0.679593
-0.50743
-0.370181
-0.260625
-0.172983
-0.102738
-0.0463787
-0.00119114
0.0349361
0.0636876
0.0864018
0.104143
0.117805
0.128125
0.135705
0.141057
0.1446
0.146681
0.14759
0.14758
0.146859
0.145603
0.14396
0.142065
0.140014
0.137904
0.135816
0.133814
0.131955
0.130284
0.128838
0.127651
0.126745
0.126142
0.125862
-2.5378
-2.12932
-1.77116
-1.46505
-1.20793
-0.994365
-0.818144
-0.6732
-0.554102
-0.456224
-0.375739
-0.309526
-0.255059
-0.210296
-0.173568
-0.143515
-0.11902
-0.0991524
-0.0831448
-0.0703511
-0.0602291
-0.0523245
-0.0462592
-0.0417161
-0.0384209
-0.0361421
-0.0346823
-0.0338701
-0.033562
-0.0336415
-0.0339996
-0.0345429
-0.0351951
-0.035893
-0.0365823
-0.0372291
-0.0377768
-0.0382094
-0.0385067
-0.0385889
-2.67747
-2.32404
-2.00602
-1.72633
-1.48446
-1.27773
-1.10243
-0.954498
-0.830017
-0.725421
-0.637594
-0.563875
-0.502015
-0.450131
-0.406642
-0.370232
-0.339789
-0.314383
-0.293237
-0.27569
-0.261183
-0.249246
-0.239475
-0.231536
-0.225136
-0.220027
-0.215995
-0.212855
-0.210452
-0.20865
-0.20733
-0.206392
-0.20575
-0.205332
-0.20508
-0.204943
-0.204878
-0.204853
-0.204851
-0.204763
-2.80284
-2.49406
-2.21078
-1.95609
-1.73068
-1.53353
-1.36256
-1.21518
-1.08865
-0.98032
-0.887727
-0.808676
-0.741236
-0.683733
-0.634727
-0.592987
-0.557454
-0.52723
-0.501551
-0.479763
-0.461306
-0.445703
-0.432544
-0.421478
-0.412206
-0.404467
-0.398035
-0.392716
-0.388341
-0.384764
-0.381859
-0.379517
-0.377646
-0.376167
-0.375016
-0.374137
-0.373483
-0.37302
-0.372729
-0.372495
-2.91773
-2.64565
-2.39233
-2.16065
-1.95179
-1.76566
-1.60123
-1.45694
-1.33093
-1.22128
-1.1261
-1.04364
-0.972273
-0.91057
-0.857254
-0.811208
-0.771457
-0.737157
-0.70758
-0.682095
-0.660154
-0.641286
-0.625081
-0.611189
-0.599302
-0.589155
-0.580516
-0.573182
-0.566977
-0.561749
-0.557364
-0.553708
-0.550684
-0.548208
-0.54621
-0.544631
-0.543422
-0.542545
-0.54198
-0.541616
-3.02483
-2.78335
-2.55595
-2.34515
-2.1523
-1.97778
-1.82122
-1.68173
-1.55812
-1.44903
-1.35306
-1.26881
-1.19498
-1.13037
-1.07387
-1.0245
-0.981386
-0.943752
-0.91092
-0.882294
-0.857352
-0.835638
-0.816753
-0.80035
-0.786125
-0.773811
-0.763172
-0.754003
-0.746125
-0.73938
-0.733633
-0.728764
-0.724672
-0.721271
-0.718486
-0.716255
-0.714528
-0.713264
-0.712443
-0.711961
-3.12617
-2.91054
-2.70567
-2.51371
-2.33599
-2.17312
-2.02511
-1.89154
-1.77166
-1.66455
-1.56918
-1.4845
-1.40946
-1.34308
-1.28442
-1.23264
-1.18697
-1.14672
-1.11126
-1.08005
-1.05259
-1.02846
-1.00727
-0.988686
-0.97241
-0.95818
-0.945761
-0.93495
-0.925566
-0.917451
-0.910467
-0.904494
-0.899428
-0.89518
-0.891672
-0.888842
-0.886638
-0.885018
-0.883961
-0.883372
-3.22333
-3.02979
-2.84462
-2.66962
-2.506
-2.35447
-2.21526
-2.08824
-1.97298
-1.86888
-1.77521
-1.69118
-1.61597
-1.5488
-1.4889
-1.43554
-1.38807
-1.34587
-1.30839
-1.27513
-1.24564
-1.21951
-1.1964
-1.17596
-1.15793
-1.14204
-1.12807
-1.11582
-1.1051
-1.09577
-1.08768
-1.08072
-1.07478
-1.06977
-1.06561
-1.06223
-1.0596
-1.05765
-1.05638
-1.0557
-3.31747
-3.14304
-2.97518
-2.81542
-2.66484
-2.52416
-2.39372
-2.27356
-2.16348
-2.06311
-1.97195
-1.88943
-1.81492
-1.74779
-1.68743
-1.63324
-1.58464
-1.54112
-1.50219
-1.46739
-1.43632
-1.40862
-1.38394
-1.36198
-1.34249
-1.3252
-1.30991
-1.29642
-1.28455
-1.27416
-1.26511
-1.25728
-1.25056
-1.24488
-1.24014
-1.23628
-1.23326
-1.23103
-1.22957
-1.22879
-3.4095
-3.25172
-3.09918
-2.95314
-2.81456
-2.68413
-2.56224
-2.44903
-2.34445
-2.2483
-2.16025
-2.07989
-2.00676
-1.94037
-1.88023
-1.82584
-1.77674
-1.73246
-1.69259
-1.65674
-1.62453
-1.59564
-1.56976
-1.5466
-1.52593
-1.5075
-1.49112
-1.4766
-1.46377
-1.45248
-1.4426
-1.43402
-1.42664
-1.42036
-1.41512
-1.41084
-1.40748
-1.405
-1.40337
-1.40253
-3.50007
-3.35693
-3.218
-3.08434
-2.9568
-2.83599
-2.72232
-2.61599
-2.51707
-2.42545
-2.34093
-2.26324
-2.19204
-2.12695
-2.06759
-2.01357
-1.96448
-1.91995
-1.87962
-1.84315
-1.81021
-1.7805
-1.75375
-1.72971
-1.70814
-1.68883
-1.67158
-1.65622
-1.64261
-1.63058
-1.62002
-1.61082
-1.60287
-1.5961
-1.59043
-1.58579
-1.58215
-1.57945
-1.57768
-1.57677
-3.58966
-3.45948
-3.33273
-3.21029
-3.09288
-2.98106
-2.87524
-2.77565
-2.68241
-2.59549
-2.51479
-2.44014
-2.37128
-2.30795
-2.24985
-2.19665
-2.14805
-2.10371
-2.06334
-2.02665
-1.99334
-1.96317
-1.93587
-1.91123
-1.88903
-1.86907
-1.85118
-1.83519
-1.82096
-1.80836
-1.79726
-1.78755
-1.77915
-1.77197
-1.76595
-1.76102
-1.75714
-1.75426
-1.75237
-1.75141
-3.67864
-3.56004
-3.44424
-3.33198
-3.22389
-3.12047
-3.02211
-2.92904
-2.84142
-2.75928
-2.68259
-2.61123
-2.54504
-2.48383
-2.42736
-2.37539
-2.32765
-2.2839
-2.24387
-2.20731
-2.17398
-2.14365
-2.1161
-2.09113
-2.06855
-2.04817
-2.02985
-2.01342
-1.99875
-1.98572
-1.97421
-1.96412
-1.95537
-1.94788
-1.94158
-1.93642
-1.93235
-1.92933
-1.92735
-1.92635
-3.76732
-3.65912
-3.55321
-3.45024
-3.35074
-3.25517
-3.16386
-3.07708
-2.99497
-2.91762
-2.84503
-2.77714
-2.71386
-2.65505
-2.60052
-2.55009
-2.50356
-2.46071
-2.42134
-2.38523
-2.35217
-2.32198
-2.29445
-2.2694
-2.24667
-2.2261
-2.20753
-2.19084
-2.1759
-2.16258
-2.1508
-2.14045
-2.13145
-2.12374
-2.11724
-2.11191
-2.1077
-2.10458
-2.10252
-2.10149
-3.85595
-3.75714
-3.66023
-3.56576
-3.4742
-3.38595
-3.30132
-3.22055
-3.14381
-3.0712
-3.00276
-2.93846
-2.87825
-2.82204
-2.76969
-2.72107
-2.67602
-2.63436
-2.59593
-2.56054
-2.52803
-2.49823
-2.47096
-2.44607
-2.4234
-2.40283
-2.38421
-2.36743
-2.35236
-2.33891
-2.32698
-2.31648
-2.30733
-2.29947
-2.29285
-2.28741
-2.28311
-2.27992
-2.27781
-2.27676
-3.94473
-3.85445
-3.76575
-3.6791
-3.5949
-3.51349
-3.43518
-3.36017
-3.28863
-3.22069
-3.15638
-3.09573
-3.0387
-2.98525
-2.93527
-2.88867
-2.84532
-2.80509
-2.76783
-2.73341
-2.70168
-2.67249
-2.6457
-2.62117
-2.59877
-2.57838
-2.55989
-2.54317
-2.52813
-2.51467
-2.5027
-2.49215
-2.48295
-2.47504
-2.46836
-2.46287
-2.45852
-2.4553
-2.45316
-2.45211
-4.03382
-3.95134
-3.87019
-3.79075
-3.71339
-3.6384
-3.56604
-3.49653
-3.43003
-3.36664
-3.30644
-3.24945
-3.19568
-3.14509
-3.09762
-3.0532
-3.01174
-2.97313
-2.93725
-2.904
-2.87325
-2.84487
-2.81875
-2.79477
-2.77282
-2.75279
-2.73456
-2.71806
-2.70318
-2.68983
-2.67795
-2.66746
-2.6583
-2.65041
-2.64374
-2.63825
-2.6339
-2.63067
-2.62853
-2.62748
-4.12338
-4.04807
-3.97387
-3.90112
-3.83012
-3.76116
-3.69445
-3.63019
-3.56853
-3.50958
-3.45342
-3.40009
-3.34961
-3.30196
-3.2571
-3.21499
-3.17556
-3.13873
-3.1044
-3.07249
-3.04289
-3.01551
-2.99023
-2.96697
-2.94562
-2.92609
-2.90829
-2.89213
-2.87753
-2.86442
-2.85273
-2.84239
-2.83334
-2.82554
-2.81895
-2.81351
-2.8092
-2.806
-2.80388
-2.80284
-4.21352
-4.14482
-4.07706
-4.01053
-3.9455
-3.88221
-3.82085
-3.7616
-3.70461
-3.64998
-3.59778
-3.54808
-3.50089
-3.45622
-3.41406
-3.37435
-3.33707
-3.30214
-3.2695
-3.23908
-3.21078
-3.18454
-3.16025
-3.13785
-3.11725
-3.09837
-3.08112
-3.06543
-3.05123
-3.03845
-3.02704
-3.01694
-3.00809
-3.00045
-2.99398
-2.98865
-2.98442
-2.98127
-2.97919
-2.97818
-4.30433
-4.24177
-4.18001
-4.11929
-4.05986
-4.00191
-3.94564
-3.89118
-3.83868
-3.78823
-3.73992
-3.6938
-3.6499
-3.60824
-3.5688
-3.53158
-3.49653
-3.46361
-3.43277
-3.40395
-3.37709
-3.35211
-3.32896
-3.30755
-3.28782
-3.26969
-3.25311
-3.238
-3.22431
-3.21196
-3.20092
-3.19114
-3.18256
-3.17514
-3.16885
-3.16367
-3.15955
-3.15649
-3.15447
-3.15348
-4.39589
-4.33905
-4.2829
-4.22764
-4.17349
-4.1206
-4.06916
-4.01929
-3.97111
-3.92473
-3.88021
-3.83762
-3.79698
-3.75833
-3.72165
-3.68695
-3.65421
-3.62338
-3.59443
-3.56732
-3.542
-3.5184
-3.49648
-3.47618
-3.45743
-3.44017
-3.42436
-3.40993
-3.39683
-3.38501
-3.37442
-3.36502
-3.35677
-3.34964
-3.34359
-3.33859
-3.33462
-3.33167
-3.32972
-3.32877
-4.48826
-4.43679
-4.38591
-4.3358
-4.28663
-4.23855
-4.19171
-4.14624
-4.10224
-4.0598
-4.01899
-3.97986
-3.94245
-3.9068
-3.8729
-3.84076
-3.81036
-3.78168
-3.75471
-3.72939
-3.70569
-3.68357
-3.66298
-3.64388
-3.6262
-3.60992
-3.59496
-3.5813
-3.56888
-3.55765
-3.54759
-3.53865
-3.53079
-3.52399
-3.51821
-3.51344
-3.50965
-3.50683
-3.50497
-3.50407
-4.5815
-4.53509
-4.48919
-4.44394
-4.3995
-4.35601
-4.31358
-4.27233
-4.23236
-4.19374
-4.15654
-4.12082
-4.08661
-4.05393
-4.02281
-3.99325
-3.96523
-3.93876
-3.91381
-3.89035
-3.86836
-3.84779
-3.82861
-3.81079
-3.79428
-3.77904
-3.76503
-3.75221
-3.74054
-3.72998
-3.7205
-3.71207
-3.70466
-3.69824
-3.69279
-3.68828
-3.6847
-3.68203
-3.68026
-3.67942
-4.67565
-4.63403
-4.59285
-4.55223
-4.5123
-4.47319
-4.43499
-4.39781
-4.36174
-4.32683
-4.29317
-4.26078
-4.22972
-4.2
-4.17166
-4.14468
-4.11908
-4.09485
-4.07197
-4.05042
-4.03019
-4.01124
-3.99354
-3.97707
-3.96179
-3.94767
-3.93467
-3.92276
-3.91191
-3.90208
-3.89325
-3.88539
-3.87847
-3.87248
-3.86738
-3.86316
-3.85981
-3.85732
-3.85566
-3.85488
-4.77076
-4.7337
-4.69701
-4.66081
-4.6252
-4.59029
-4.55617
-4.52292
-4.49062
-4.45933
-4.42912
-4.40001
-4.37205
-4.34527
-4.31969
-4.2953
-4.27213
-4.25016
-4.22939
-4.2098
-4.19138
-4.1741
-4.15794
-4.14289
-4.1289
-4.11595
-4.10403
-4.09309
-4.08311
-4.07407
-4.06594
-4.05869
-4.05231
-4.04677
-4.04206
-4.03817
-4.03507
-4.03276
-4.03123
-4.03051
-4.86686
-4.83416
-4.80178
-4.76981
-4.73836
-4.70749
-4.6773
-4.64786
-4.61923
-4.59147
-4.56463
-4.53875
-4.51386
-4.48998
-4.46714
-4.44535
-4.42461
-4.40493
-4.38629
-4.36869
-4.35212
-4.33656
-4.32199
-4.30839
-4.29575
-4.28404
-4.27323
-4.26332
-4.25426
-4.24605
-4.23867
-4.23208
-4.22627
-4.22122
-4.21693
-4.21338
-4.21056
-4.20845
-4.20706
-4.2064
-4.96398
-4.93548
-4.90724
-4.87936
-4.85191
-4.82496
-4.79858
-4.77284
-4.74779
-4.72347
-4.69994
-4.67723
-4.65536
-4.63437
-4.61426
-4.59505
-4.57675
-4.55936
-4.54287
-4.52729
-4.51261
-4.4988
-4.48586
-4.47377
-4.46252
-4.45208
-4.44245
-4.4336
-4.42551
-4.41818
-4.41157
-4.40567
-4.40046
-4.39594
-4.39209
-4.38891
-4.38638
-4.38449
-4.38324
-4.38266
-5.06218
-5.03772
-5.01349
-4.98956
-4.96599
-4.94284
-4.92017
-4.89804
-4.87648
-4.85554
-4.83526
-4.81567
-4.7968
-4.77865
-4.76126
-4.74463
-4.72877
-4.71368
-4.69937
-4.68582
-4.67304
-4.66102
-4.64974
-4.6392
-4.62937
-4.62025
-4.61182
-4.60408
-4.597
-4.59057
-4.58477
-4.57959
-4.57502
-4.57105
-4.56767
-4.56487
-4.56265
-4.56099
-4.55989
-4.55938
-5.16147
-5.14094
-5.12061
-5.10052
-5.08073
-5.06129
-5.04225
-5.02364
-5.0055
-4.98788
-4.97081
-4.95429
-4.93837
-4.92306
-4.90836
-4.8943
-4.88088
-4.8681
-4.85597
-4.84449
-4.83364
-4.82342
-4.81383
-4.80486
-4.79649
-4.78872
-4.78153
-4.77492
-4.76888
-4.76338
-4.75842
-4.75399
-4.75008
-4.74669
-4.74379
-4.7414
-4.73949
-4.73807
-4.73713
-4.73669
-5.26189
-5.24521
-5.22868
-5.21235
-5.19626
-5.18045
-5.16495
-5.14981
-5.13504
-5.12069
-5.10677
-5.0933
-5.08031
-5.0678
-5.05579
-5.04429
-5.03331
-5.02285
-5.01291
-5.00349
-4.99459
-4.9862
-4.97832
-4.97094
-4.96406
-4.95767
-4.95175
-4.9463
-4.94132
-4.93678
-4.93269
-4.92903
-4.9258
-4.923
-4.92061
-4.91863
-4.91705
-4.91587
-4.91509
-4.91474
-5.36349
-5.35058
-5.33778
-5.32514
-5.31269
-5.30044
-5.28844
-5.27671
-5.26527
-5.25414
-5.24335
-5.2329
-5.22281
-5.21309
-5.20376
-5.19483
-5.18628
-5.17814
-5.1704
-5.16306
-5.15612
-5.14957
-5.14342
-5.13766
-5.13229
-5.12729
-5.12266
-5.1184
-5.11449
-5.11094
-5.10773
-5.10487
-5.10234
-5.10014
-5.09827
-5.09671
-5.09547
-5.09455
-5.09394
-5.09367
-5.46631
-5.45712
-5.44801
-5.43901
-5.43014
-5.42143
-5.41288
-5.40452
-5.39637
-5.38844
-5.38074
-5.37329
-5.36609
-5.35916
-5.3525
-5.34612
-5.34002
-5.3342
-5.32866
-5.32341
-5.31844
-5.31375
-5.30935
-5.30522
-5.30137
-5.29778
-5.29446
-5.2914
-5.28859
-5.28604
-5.28374
-5.28168
-5.27987
-5.27829
-5.27694
-5.27582
-5.27493
-5.27427
-5.27382
-5.27364
-5.57041
-5.5649
-5.55944
-5.55406
-5.54875
-5.54353
-5.53841
-5.53341
-5.52852
-5.52377
-5.51916
-5.51469
-5.51038
-5.50622
-5.50223
-5.4984
-5.49474
-5.49124
-5.48792
-5.48476
-5.48178
-5.47896
-5.47631
-5.47383
-5.47151
-5.46935
-5.46735
-5.46551
-5.46382
-5.46229
-5.4609
-5.45966
-5.45857
-5.45761
-5.4568
-5.45613
-5.45559
-5.45519
-5.45492
-5.45482
-5.67584
-5.67402
-5.6722
-5.67041
-5.66865
-5.66692
-5.66522
-5.66356
-5.66194
-5.66036
-5.65883
-5.65735
-5.65591
-5.65453
-5.65321
-5.65193
-5.65072
-5.64955
-5.64845
-5.6474
-5.6464
-5.64547
-5.64459
-5.64376
-5.64299
-5.64227
-5.6416
-5.64098
-5.64042
-5.63991
-5.63945
-5.63903
-5.63867
-5.63835
-5.63808
-5.63785
-5.63767
-5.63754
-5.63745
-5.63742
)
;

boundaryField
{
    leftWall
    {
        type            calculated;
        value           nonuniform List<scalar> 
86
(
2116.99
2068.87
2019.73
1969.56
1918.39
1866.26
1813.18
1759.2
1704.35
1648.67
1591.69
1533.17
1473.37
1412.32
1350.04
1286.56
1221.92
1156.15
1089.31
1021.43
952.579
882.8
812.16
740.73
668.583
595.787
522.423
448.572
374.26
299.61
225.116
150.842
77.9764
21.5482
-3.64154
-4.9967
-5.01823
-5.06197
-5.1136
-5.16644
-5.21852
-5.26806
-5.31418
-5.35677
-5.39569
-5.43063
-5.46156
-5.48782
-5.50996
-5.52837
-5.54351
-5.55581
-5.56569
-5.57352
-5.57964
-5.58431
-5.58777
-5.59024
-5.59191
-5.59297
-5.59358
-5.59391
-5.59413
-5.59437
-5.59478
-5.5955
-5.59663
-5.59831
-5.60063
-5.60367
-5.60752
-5.61225
-5.61791
-5.62454
-5.63217
-5.64081
-5.65048
-5.66116
-5.67286
-5.68552
-5.6991
-5.71353
-5.72877
-5.74506
-5.76198
-5.7759
)
;
    }
    rightWall
    {
        type            calculated;
        value           nonuniform List<scalar> 
86
(
5.05717
5.00944
4.961
4.91185
4.862
4.81142
4.7601
4.70804
4.65521
4.6016
4.5467
4.49019
4.43225
4.37282
4.31184
4.24924
4.18495
4.1189
4.051
3.98116
3.90932
3.83536
3.7592
3.68075
3.59991
3.51657
3.43065
3.34204
3.25066
3.15642
3.05922
2.95899
2.85565
2.74914
2.63942
2.52642
2.41012
2.2905
2.16754
2.04127
1.91169
1.77885
1.64278
1.50357
1.36128
1.21601
1.06786
0.916958
0.763422
0.607395
0.449021
0.288456
0.125862
-0.0385889
-0.204763
-0.372495
-0.541616
-0.711961
-0.883372
-1.0557
-1.22879
-1.40253
-1.57677
-1.75141
-1.92635
-2.10149
-2.27676
-2.45211
-2.62748
-2.80284
-2.97818
-3.15348
-3.32877
-3.50407
-3.67942
-3.85488
-4.03051
-4.2064
-4.38266
-4.55938
-4.73669
-4.91474
-5.09367
-5.27364
-5.45482
-5.63742
)
;
    }
    lowerWall
    {
        type            calculated;
        value           nonuniform List<scalar> 
110
(
2140.54
2142.96
2144.1
2144.1
2143.27
2142.09
2140.89
2139.78
2138.75
2137.77
2136.79
2135.79
2134.75
2133.69
2132.63
2131.61
2130.67
2129.89
2129.35
2129.19
2129.56
2130.66
2132.74
2136.09
2141.11
2148.22
2157.95
2170.93
2187.83
2209.49
2236.88
2271.38
2313.99
2365.24
2425.64
2495.51
2574.16
2658.74
2743.1
2817.45
2869.7
2897.1
2880.75
2847.14
2866.82
2966.98
2946.55
2867.27
2856.6
2892.7
2919.39
2867.58
2739.92
2536.15
2229.23
1739.21
10.9786
5.30756
4.92482
4.81214
5.40855
5.36251
5.31662
5.27218
5.22885
5.187
5.14642
5.10818
5.06657
5.02284
5.43209
5.43022
5.42704
5.42303
5.41842
5.41337
5.40804
5.40234
5.39615
5.38936
5.38185
5.37355
5.36442
5.35443
5.34362
5.33202
5.31971
5.30676
5.29328
5.2794
5.2652
5.25083
5.23639
5.22201
5.20782
5.19392
5.18043
5.16746
5.1551
5.14345
5.1326
5.12261
5.11357
5.10552
5.09853
5.09263
5.08788
5.0843
5.0819
5.08071
)
;
    }
    atmosphere
    {
        type            calculated;
        value           nonuniform List<scalar> 
90
(
-5.77916
-5.78156
-5.78128
-5.78102
-5.78056
-5.77994
-5.77917
-5.77826
-5.77722
-5.77606
-5.77479
-5.77341
-5.77193
-5.77037
-5.76872
-5.76701
-5.76524
-5.76341
-5.76154
-5.75965
-5.75773
-5.7558
-5.75387
-5.75196
-5.75006
-5.74819
-5.74636
-5.74459
-5.74287
-5.74122
-5.73964
-5.73815
-5.73675
-5.73545
-5.73426
-5.73317
-5.7322
-5.73136
-5.73063
-5.73004
-5.72959
-5.72927
-5.72909
-5.72904
-5.72904
-5.72904
-5.72904
-5.72904
-5.72904
-5.72904
-5.72904
-5.72904
-5.72904
-5.72904
-5.72904
-5.72904
-5.72904
-5.72904
-5.72904
-5.72904
-5.72904
-5.72904
-5.72904
-5.72904
-5.72904
-5.72904
-5.72904
-5.72904
-5.72904
-5.72904
-5.72904
-5.72904
-5.72904
-5.72904
-5.72904
-5.72904
-5.72904
-5.72904
-5.72904
-5.72904
-5.72904
-5.72904
-5.72904
-5.72904
-5.72904
-5.72904
-5.72904
-5.72904
-5.72904
-5.72904
)
;
    }
    defaultFaces
    {
        type            empty;
    }
}


// ************************************************************************* //
