/*--------------------------------*- C++ -*----------------------------------*\
| =========                 |                                                 |
| \\      /  F ield         | OpenFOAM: The Open Source CFD Toolbox           |
|  \\    /   O peration     | Version:  3.0.1                                 |
|   \\  /    A nd           | Web:      www.OpenFOAM.org                      |
|    \\/     M anipulation  |                                                 |
\*---------------------------------------------------------------------------*/
FoamFile
{
    version     2.0;
    format      ascii;
    class       surfaceScalarField;
    location    "0.25";
    object      alphaPhi;
}
// * * * * * * * * * * * * * * * * * * * * * * * * * * * * * * * * * * * * * //

dimensions      [0 3 -1 0 0 0 0];

internalField   nonuniform List<scalar> 
3731
(
-1.72357e-05
-9.7569e-06
-1.72612e-05
-1.22383e-05
-1.24534e-05
-2.95189e-05
1.18734e-06
-7.56212e-06
-2.83449e-05
1.19436e-05
5.00905e-06
-1.64432e-05
1.81107e-05
1.97544e-05
1.60808e-06
2.0207e-05
3.42309e-05
2.17786e-05
2.05953e-05
4.74832e-05
4.23382e-05
2.10789e-05
5.99558e-05
6.3383e-05
2.45055e-05
7.10838e-05
8.78563e-05
3.04193e-05
8.12727e-05
0.000118267
1.35549e-26
-2.8714e-25
5.80928e-26
-6.51292e-25
5.08596e-26
-4.16737e-25
3.48418e-26
-3.40168e-25
3.48498e-26
-3.6738e-25
4.07439e-26
-4.38879e-25
4.10122e-26
-4.22599e-25
3.44573e-26
-3.21271e-25
2.37172e-26
-1.9258e-25
1.26197e-26
-8.80852e-26
5.22759e-27
-3.14551e-26
1.78107e-27
-9.34898e-27
5.20281e-28
-2.41319e-27
1.33344e-28
-5.50868e-28
3.04595e-29
-1.12607e-28
6.24921e-30
-2.06301e-29
1.15665e-30
-3.3832e-30
1.93757e-31
-4.95434e-31
2.93758e-32
-6.39222e-32
4.02165e-33
-7.08528e-33
4.94316e-34
-6.32802e-34
5.40469e-35
-3.68e-35
5.21258e-36
5.32362e-39
4.76713e-37
4.92274e-39
4.13581e-38
7.85017e-40
3.38604e-39
9.42137e-41
2.59718e-40
9.63705e-42
1.85074e-41
8.71524e-43
1.21356e-42
7.05932e-44
7.24365e-44
5.11001e-45
3.8866e-45
3.29897e-46
1.84706e-46
1.87943e-47
7.63467e-48
9.36693e-49
2.68219e-49
4.01153e-50
7.76768e-51
1.44481e-51
1.7754e-52
4.25268e-53
2.99267e-54
9.79576e-55
3.28987e-56
1.65142e-56
1.74711e-58
1.79781e-58
9.10061e-61
-2.61844e-25
-4.29975e-24
-3.45081e-25
-1.41297e-23
-1.5174e-25
-1.73879e-23
5.22807e-25
-2.96662e-23
1.67204e-24
-3.76723e-23
2.47843e-24
-3.62284e-23
2.49851e-24
-2.75989e-23
1.96417e-24
-1.73521e-23
1.26219e-24
-9.12261e-24
6.36576e-25
-3.83365e-24
2.60784e-25
-1.331e-24
9.03077e-26
-3.95949e-25
2.71763e-26
-1.03332e-25
7.24014e-27
-2.40011e-26
1.72842e-27
-5.00015e-27
3.72709e-28
-9.36983e-28
7.30092e-29
-1.57925e-28
1.30293e-29
-2.37788e-29
2.12216e-30
-3.16435e-30
3.15723e-31
-3.64016e-31
4.29205e-32
-3.45191e-32
5.33122e-33
-2.34056e-33
6.04928e-34
-3.17549e-35
6.47275e-35
8.88847e-37
6.57624e-36
1.96685e-37
6.30773e-37
2.93906e-38
5.6676e-38
3.63401e-39
4.72846e-39
3.91758e-40
3.62708e-40
3.75161e-41
2.53002e-41
3.1976e-42
1.58464e-42
2.42165e-43
8.77994e-44
1.61594e-44
4.22612e-45
9.39989e-46
1.72707e-46
4.69175e-47
5.8119e-48
1.9668e-48
1.5421e-49
6.72712e-50
3.01445e-51
1.79921e-51
3.83671e-53
3.51846e-53
2.34223e-55
4.44241e-55
2.56666e-57
-4.27869e-24
-4.70812e-23
-3.05522e-24
-2.54186e-22
5.79512e-24
-4.1754e-22
2.9451e-23
-7.69541e-22
5.40605e-23
-8.71943e-22
6.33382e-23
-7.81773e-22
5.66142e-23
-5.70726e-22
4.15355e-23
-3.43936e-22
2.54723e-23
-1.73825e-22
1.24709e-23
-7.10341e-23
5.04735e-24
-2.43964e-23
1.74735e-24
-7.26493e-24
5.30175e-25
-1.91473e-24
1.43341e-25
-4.52322e-25
3.49052e-26
-9.63732e-26
7.70885e-27
-1.85556e-26
1.55089e-27
-3.22362e-27
2.84873e-28
-5.01925e-28
4.78221e-29
-6.92194e-29
7.33735e-30
-8.26932e-30
1.02848e-30
-8.17327e-31
1.31574e-31
-5.84225e-32
1.53519e-32
-1.09074e-33
1.68019e-33
3.33942e-35
1.73988e-34
7.78804e-36
1.69553e-35
1.19611e-36
1.54358e-36
1.50806e-37
1.30162e-37
1.65119e-38
1.00703e-38
1.59897e-39
7.07194e-40
1.37544e-40
4.45239e-41
1.04879e-41
2.47635e-42
7.0376e-43
1.1952e-43
4.10848e-44
4.89305e-45
2.05622e-45
1.64815e-46
8.63675e-47
4.37438e-48
2.95635e-48
8.54904e-50
7.90967e-50
1.08741e-51
1.54666e-51
6.6354e-54
1.9524e-53
1.12591e-55
-1.90854e-23
-5.25799e-22
2.37487e-23
-3.33909e-21
1.37271e-22
-5.58842e-21
4.27824e-22
-1.01229e-20
6.75618e-22
-1.06033e-20
7.74355e-22
-9.51362e-21
6.9709e-22
-7.06095e-21
5.07081e-22
-4.19532e-21
3.05846e-22
-2.06638e-21
1.47908e-22
-8.29314e-22
5.96632e-23
-2.82585e-22
2.07649e-23
-8.42219e-23
6.37932e-24
-2.23743e-23
1.7565e-24
-5.36046e-24
4.37709e-25
-1.16475e-24
9.93095e-26
-2.29813e-25
2.05867e-26
-4.10804e-26
3.90544e-27
-6.60708e-27
6.78239e-28
-9.44325e-28
1.07758e-28
-1.17234e-28
1.56467e-29
-1.20781e-29
2.07267e-30
-9.03606e-31
2.50089e-31
-1.85408e-32
2.82252e-32
7.45119e-34
3.00534e-33
1.80048e-34
3.00301e-34
2.84256e-35
2.79577e-35
3.67065e-36
2.40505e-36
4.10475e-37
1.89411e-37
4.04839e-38
1.35138e-38
3.54028e-39
8.62903e-40
2.73917e-40
4.86051e-41
1.86206e-41
2.37265e-42
1.10002e-42
9.81278e-44
5.56368e-44
3.33627e-45
2.35886e-45
8.93079e-47
8.14653e-47
1.75924e-48
2.19729e-48
2.2547e-50
4.32911e-50
1.38706e-52
5.50528e-52
3.19979e-54
-8.25125e-22
-2.19988e-21
-9.00128e-22
-2.69837e-20
-8.0138e-23
-4.72584e-20
2.24893e-21
-8.50645e-20
4.57929e-21
-8.45583e-20
5.92516e-21
-7.94341e-20
5.77478e-21
-6.3078e-20
4.32217e-21
-3.83108e-20
2.59525e-21
-1.86084e-20
1.25224e-21
-7.42733e-21
5.06564e-22
-2.52035e-21
1.77617e-22
-7.49315e-22
5.5229e-23
-1.99146e-22
1.54626e-23
-4.79067e-23
3.93535e-24
-1.04955e-23
9.15668e-25
-2.09765e-24
1.95407e-25
-3.81791e-25
3.82923e-26
-6.28671e-26
6.88851e-27
-9.24652e-27
1.13629e-27
-1.18765e-27
1.71564e-28
-1.27139e-28
2.36522e-29
-9.93309e-30
2.97089e-30
-2.19772e-31
3.48421e-31
1.14056e-32
3.84586e-32
2.86895e-33
3.97363e-33
4.6902e-34
3.81575e-34
6.2514e-35
3.37791e-35
7.19433e-36
2.73177e-36
7.28699e-37
1.99748e-37
6.53144e-38
1.30487e-38
5.17023e-39
7.50791e-40
3.58985e-40
3.73844e-41
2.16374e-41
1.57536e-42
1.11481e-42
5.45166e-44
4.81121e-44
1.4841e-45
1.68985e-45
2.97111e-47
4.63178e-47
3.86807e-49
9.26903e-49
2.41748e-51
1.19683e-50
7.06658e-53
-1.91753e-20
5.77447e-21
-2.72906e-20
-1.24411e-19
-2.2751e-20
-2.70583e-19
-2.286e-21
-4.94685e-19
1.56645e-20
-4.79665e-19
3.02117e-20
-5.13776e-19
3.56616e-20
-4.64951e-19
2.89379e-20
-3.04032e-19
1.77554e-20
-1.477e-19
8.68381e-21
-5.99497e-20
3.54372e-21
-2.04025e-20
1.24914e-21
-6.03852e-21
3.90481e-22
-1.59335e-21
1.10092e-22
-3.80009e-22
2.82987e-23
-8.25118e-23
6.67833e-24
-1.63685e-23
1.45222e-24
-2.96511e-24
2.91441e-25
-4.88562e-25
5.39617e-26
-7.24345e-26
9.20345e-27
-9.45842e-27
1.44226e-27
-1.03843e-27
2.06974e-28
-8.39657e-29
2.71165e-29
-1.98557e-30
3.31528e-30
1.28505e-31
3.80786e-31
3.38092e-32
4.08479e-32
5.74563e-33
4.0629e-33
7.93503e-34
3.71703e-34
9.43547e-35
3.09987e-35
9.85647e-36
2.3327e-36
9.09208e-37
1.56544e-37
7.39242e-38
9.23736e-39
5.26448e-39
4.71077e-40
3.24869e-40
2.03048e-41
1.71215e-41
7.17928e-43
7.5497e-43
1.99496e-44
2.70671e-44
4.07342e-46
7.56649e-46
5.40639e-48
1.54321e-47
3.44373e-50
2.03047e-49
1.22179e-51
-2.39807e-19
1.52505e-19
-3.17951e-19
-3.57275e-19
-2.76124e-19
-1.14247e-18
-1.16754e-19
-2.14791e-18
-1.71955e-20
-2.20914e-18
9.85779e-20
-2.9019e-18
1.7978e-19
-3.04729e-18
1.72506e-19
-2.24969e-18
1.10922e-19
-1.08808e-18
5.65865e-20
-4.66835e-19
2.34615e-20
-1.61583e-19
8.30955e-21
-4.81602e-20
2.59241e-21
-1.27123e-20
7.27084e-22
-3.01957e-21
1.85632e-22
-6.49075e-22
4.35219e-23
-1.26586e-22
9.42807e-24
-2.24094e-23
1.89425e-24
-3.59501e-24
3.53653e-25
-5.19866e-25
6.13124e-26
-6.6616e-26
9.846e-27
-7.258e-27
1.45838e-27
-5.90857e-28
1.98368e-28
-1.46057e-29
2.52421e-29
1.12357e-30
3.01767e-30
3.0912e-31
3.36553e-31
5.46647e-32
3.47435e-32
7.83757e-33
3.29238e-33
9.65572e-34
2.83826e-34
1.04258e-34
2.2036e-35
9.92061e-36
1.52294e-36
8.30651e-37
9.24024e-38
6.08092e-38
4.83781e-39
3.85286e-39
2.13801e-40
2.08176e-40
7.7423e-42
9.40039e-42
2.20153e-43
3.44824e-43
4.59666e-45
9.85574e-45
6.23484e-47
2.05406e-46
4.05737e-49
2.7606e-48
1.69699e-50
-1.4107e-18
1.29756e-18
-1.55782e-18
-1.14342e-18
-1.70266e-18
-3.00256e-18
-1.04255e-18
-7.90895e-18
-5.7875e-19
-9.39635e-18
8.3419e-20
-1.45004e-17
7.50178e-19
-1.69782e-17
9.66878e-19
-1.4839e-17
6.58786e-19
-6.98724e-18
3.65665e-19
-3.3248e-18
1.56698e-19
-1.19414e-18
5.63774e-20
-3.65421e-19
1.76957e-20
-9.85025e-20
4.9587e-21
-2.38655e-20
1.25601e-21
-5.2121e-21
2.89928e-22
-1.02363e-21
6.14246e-23
-1.80173e-22
1.20266e-23
-2.83134e-23
2.18997e-24
-3.95136e-24
3.72618e-25
-4.83634e-25
5.93453e-26
-5.01742e-26
8.83053e-27
-3.91972e-27
1.22234e-27
-9.65167e-29
1.59871e-28
7.98934e-30
1.97516e-29
2.28142e-30
2.28168e-30
4.18246e-31
2.44064e-31
6.21526e-32
2.39487e-32
7.92864e-33
2.13521e-33
8.85353e-34
1.71201e-34
8.69889e-35
1.22007e-35
7.51001e-36
7.62195e-37
5.66026e-37
4.10338e-38
3.68707e-38
1.86248e-39
2.04587e-39
6.91946e-41
9.47765e-41
2.01673e-42
3.56317e-42
4.31294e-44
1.04301e-43
5.98893e-46
2.22497e-45
3.98921e-48
3.05985e-47
1.92529e-49
-6.80921e-18
7.57953e-18
-7.71675e-18
-3.74259e-18
-9.18835e-18
-9.61258e-18
-6.50148e-18
-2.6506e-17
-4.74014e-18
-3.58367e-17
-1.47847e-18
-5.59821e-17
2.28806e-18
-7.09629e-17
4.82262e-18
-8.0453e-17
3.4718e-18
-3.62701e-17
2.20913e-18
-1.98255e-17
9.99001e-19
-7.60073e-18
3.724e-19
-2.43245e-18
1.1999e-19
-6.79032e-19
3.44102e-20
-1.71522e-19
8.87197e-21
-3.91829e-20
2.06521e-21
-8.02789e-21
4.35468e-22
-1.46174e-21
8.35682e-23
-2.3448e-22
1.46945e-23
-3.27996e-23
2.38821e-24
-3.93622e-24
3.62103e-25
-3.91009e-25
5.16133e-26
-2.87107e-26
6.94344e-27
-6.69699e-28
9.00376e-28
4.96673e-29
1.121e-28
1.43458e-29
1.31894e-29
2.68106e-30
1.44601e-30
4.08356e-31
1.45908e-31
5.35713e-32
1.3396e-32
6.1595e-33
1.10635e-33
6.23317e-34
8.11887e-35
5.53951e-35
5.2193e-36
4.29595e-36
2.88914e-37
2.87704e-37
1.34718e-38
1.63993e-38
5.13784e-40
7.79767e-40
1.53615e-41
3.00698e-41
3.36822e-43
9.02333e-43
4.7936e-45
1.97242e-44
3.27241e-47
2.77906e-46
1.79229e-48
-2.59676e-17
3.30236e-17
-3.05963e-17
-9.59998e-18
-3.18891e-17
-1.58073e-17
-2.86253e-17
-3.98303e-17
-2.3075e-17
-9.66018e-17
-1.22195e-17
-1.42663e-16
3.32445e-18
-1.95883e-16
1.97663e-17
-3.27166e-16
1.50298e-17
-1.46139e-16
1.13963e-17
-8.84555e-17
5.59283e-18
-3.96343e-17
2.19852e-18
-1.3599e-17
7.36851e-19
-3.91445e-18
2.20907e-19
-1.04116e-18
5.96965e-20
-2.53654e-19
1.4515e-20
-5.55824e-20
3.16934e-21
-1.07945e-20
6.21319e-22
-1.83464e-21
1.09573e-22
-2.69059e-22
1.74636e-23
-3.33384e-23
2.53536e-24
-3.34807e-24
3.39101e-25
-2.41999e-25
4.23778e-26
-5.47223e-27
5.15717e-27
3.10016e-28
6.14755e-28
8.60089e-29
7.06433e-29
1.57038e-29
7.68841e-30
2.3748e-30
7.7939e-31
3.12905e-31
7.24759e-32
3.64317e-32
6.09421e-33
3.75296e-33
4.56751e-34
3.40605e-34
3.00426e-35
2.70214e-35
1.70311e-36
1.85307e-36
8.13664e-38
1.08205e-37
3.17986e-39
5.27152e-39
9.74228e-41
2.08286e-40
2.18879e-42
6.40345e-42
3.19167e-44
1.43399e-43
2.23298e-46
2.06988e-45
1.36856e-47
4.79207e-05
8.42354e-05
0.000115425
5.07624e-05
6.51005e-05
8.20998e-05
0.000107612
7.29142e-05
7.58217e-05
7.90189e-05
9.74367e-05
8.59966e-05
8.38505e-05
7.57587e-05
8.8284e-05
9.30032e-05
9.08035e-05
7.25636e-05
8.15592e-05
9.75284e-05
9.71156e-05
6.95247e-05
7.68297e-05
0.000101845
0.000102857
6.67104e-05
7.32109e-05
0.000106476
0.000108133
6.43129e-05
7.02579e-05
0.000111086
0.000114003
6.24612e-05
6.80584e-05
0.000116202
0.000119415
6.59501e-05
0.000121523
6.17765e-05
0.000124711
1.89121e-05
0.000107964
5.28898e-07
1.91551e-05
2.3581e-08
7.65594e-07
9.89716e-10
5.62058e-08
1.67438e-11
4.5644e-09
-3.55894e-12
3.813e-10
-4.26226e-13
2.79039e-11
-2.26185e-14
1.8869e-12
3.00822e-15
1.28605e-13
4.62429e-15
2.21772e-14
3.21129e-15
1.73635e-14
2.16295e-15
1.56111e-14
1.26209e-15
1.48989e-14
3.59393e-16
1.13937e-14
-1.48129e-16
6.51983e-15
-6.00152e-16
7.04136e-15
-4.78924e-15
1.29216e-14
-1.38644e-14
3.76482e-14
-5.40243e-14
1.22303e-13
-8.63047e-14
2.23135e-13
-1.04113e-13
2.81023e-13
2.71533e-13
-1.77416e-09
5.02229e-05
-3.20074e-10
2.62242e-11
-2.62275e-13
-3.19969e-10
-2.60629e-13
-1.9053e-15
3.05981e-05
9.30667e-05
-1.62214e-07
2.92207e-05
-3.69812e-10
-1.62384e-07
-3.69729e-10
-2.40164e-13
7.9499e-05
9.95608e-05
2.55182e-05
8.27581e-05
4.21035e-08
2.38985e-05
4.17337e-08
-3.50898e-15
9.9677e-05
9.28828e-05
8.77591e-05
9.47108e-05
3.05367e-05
7.9218e-05
2.66315e-05
1.49464e-06
0.000105586
8.48246e-05
0.00010966
9.06332e-05
9.72048e-05
9.14917e-05
7.8754e-05
4.20435e-05
0.000108058
7.86115e-05
0.000114848
8.38458e-05
0.000117672
8.8629e-05
8.98962e-05
0.000106316
0.000110785
7.43024e-05
0.000116175
7.84553e-05
0.000121985
8.28074e-05
8.7549e-05
0.000124286
0.00011428
7.11081e-05
0.000117953
7.47825e-05
0.000122646
7.8112e-05
8.23022e-05
0.000127875
0.000118569
6.87409e-05
0.000121093
7.22589e-05
0.000124073
7.51323e-05
7.81399e-05
0.000128233
0.000123536
6.67284e-05
0.000125493
7.03019e-05
0.000127391
7.32336e-05
7.57445e-05
0.000129785
0.000127461
6.39785e-05
0.000129808
6.7954e-05
0.000131715
7.13259e-05
7.41416e-05
0.000133316
0.00012487
4.70815e-05
0.000131683
6.11391e-05
0.000134901
6.81083e-05
7.18696e-05
0.000137171
5.92814e-05
1.23331e-06
0.000108042
8.30236e-06
0.000129516
4.64853e-05
6.31133e-05
0.00013826
1.99443e-06
7.71477e-08
1.09671e-05
3.21923e-07
5.51853e-05
1.19943e-06
6.59729e-06
0.000107259
1.87897e-07
3.16461e-09
5.15037e-07
1.28959e-08
1.71195e-06
6.37151e-08
3.10451e-07
8.99531e-06
1.28489e-08
1.54078e-10
3.46541e-08
4.87086e-10
1.58088e-07
3.77334e-09
1.33435e-08
4.9673e-07
1.12288e-09
-2.18484e-12
3.05339e-09
1.35818e-11
1.09175e-08
1.94372e-10
6.19311e-10
3.97397e-08
8.76611e-11
-7.86616e-13
2.55083e-10
-1.10597e-12
9.2888e-10
9.17933e-12
4.40894e-11
2.80451e-09
6.208e-12
-5.38984e-14
1.92048e-11
-9.96751e-14
7.20698e-11
2.17143e-13
2.48543e-12
2.38235e-10
4.15703e-13
2.15856e-15
1.33795e-12
-1.51518e-15
5.21347e-12
1.98158e-14
2.22772e-13
1.84701e-11
3.78858e-14
4.18836e-15
9.64665e-14
4.17462e-15
3.4441e-13
3.81477e-15
1.05968e-14
1.28613e-12
1.74416e-14
3.66228e-15
1.98862e-14
3.83577e-15
2.44965e-14
2.58514e-15
5.59935e-16
7.89846e-14
1.68841e-14
2.66598e-15
1.73598e-14
3.19512e-15
7.54371e-15
1.88006e-15
5.28009e-16
4.61213e-15
1.70194e-14
1.83803e-15
1.71636e-14
2.34024e-15
6.1092e-15
3.0589e-15
4.4341e-15
1.77602e-15
-1.58237e-15
-9.35778e-17
-5.29602e-14
-4.60039e-15
-1.57751e-13
-1.88223e-14
-4.34769e-14
-2.76472e-13
5.5293e-15
2.68133e-16
-2.29673e-13
-9.02565e-15
-7.42299e-13
-5.42352e-14
-1.59892e-13
-1.2169e-12
1.38635e-12
-2.09522e-14
2.8528e-12
-3.59921e-14
2.04358e-12
6.08485e-14
1.82406e-13
6.09601e-13
2.7237e-12
-6.53071e-15
4.9433e-12
-1.19568e-13
6.02301e-12
-1.11429e-14
4.93009e-15
2.63309e-12
4.98847e-14
-8.05055e-15
1.39365e-13
5.48415e-14
4.26082e-13
1.00938e-13
5.57601e-14
4.60465e-13
6.16976e-14
-1.2887e-14
-5.00935e-13
1.77387e-13
-1.24576e-12
2.77039e-13
-2.85207e-13
-8.29591e-13
8.58466e-14
-3.12767e-14
-1.06488e-12
2.51093e-13
-1.9057e-12
3.03817e-13
-5.28757e-11
5.61784e-12
1.7341e-13
-9.26114e-14
-1.04679e-12
2.66268e-14
-1.25626e-12
-3.51856e-14
-9.45812e-10
8.91683e-10
2.87768e-13
-7.99903e-14
4.77486e-13
1.28538e-08
-9.19198e-17
3.49174e-17
-7.22537e-17
-1.6663e-16
-5.72998e-17
-2.88751e-16
-8.2249e-17
-6.99399e-17
-7.0351e-17
-1.28145e-16
-4.8057e-17
-2.44207e-16
-8.33396e-18
-2.62763e-16
6.22198e-17
-4.10897e-16
5.24988e-17
-1.98494e-16
4.56379e-17
-1.3988e-16
2.65648e-17
-1.52789e-16
1.1271e-17
-6.47855e-17
3.9088e-18
-1.85342e-17
1.23673e-18
-5.19263e-18
3.5695e-19
-1.36822e-18
9.295e-20
-3.2643e-19
2.16715e-20
-6.89601e-20
4.50538e-21
-1.27012e-20
8.33573e-22
-2.00728e-21
1.37239e-22
-2.65968e-22
2.01466e-23
-2.82557e-23
2.65024e-24
-2.12833e-24
3.1545e-25
-4.95028e-26
3.57922e-26
2.2852e-27
3.9532e-27
5.88558e-28
4.23094e-28
1.00102e-28
4.34372e-29
1.42759e-29
4.21959e-30
1.80223e-30
3.81816e-31
2.04141e-31
3.16542e-32
2.07284e-32
2.36359e-33
1.87376e-33
1.56102e-34
1.49231e-34
8.93659e-36
1.0333e-35
4.32911e-37
6.11706e-37
1.72042e-38
3.03005e-38
5.37086e-40
1.21979e-39
1.23134e-41
3.82636e-41
1.83472e-43
8.75211e-43
1.31308e-45
1.29197e-44
8.74694e-47
-1.57666e-15
4.06668e-16
-7.5171e-16
-7.71892e-15
-9.50425e-17
1.53463e-15
-1.12371e-16
4.26667e-16
-1.39963e-16
-1.76558e-16
-8.50863e-17
-3.11694e-16
-3.55362e-17
-4.71736e-16
6.08124e-17
1.69692e-16
6.29472e-17
1.9064e-16
6.5423e-17
8.29014e-17
9.37668e-17
-7.16337e-16
4.93784e-17
-2.69263e-16
1.70547e-17
-6.79033e-17
5.69181e-18
-2.02995e-17
1.77931e-18
-5.91507e-18
5.05125e-19
-1.56596e-18
1.2827e-19
-3.65779e-19
2.89319e-20
-7.41466e-20
5.774e-21
-1.28334e-20
1.01733e-21
-1.85293e-21
1.5804e-22
-2.13158e-22
2.16521e-23
-1.72623e-23
2.62381e-24
-4.29543e-25
2.95499e-25
2.00808e-26
3.16294e-26
5.0127e-27
3.2154e-27
8.0953e-28
3.09359e-28
1.08153e-28
2.80051e-29
1.27195e-29
2.36557e-30
1.34434e-30
1.84386e-31
1.28302e-31
1.30777e-32
1.1014e-32
8.29767e-34
8.42529e-34
4.61426e-35
5.66533e-35
2.19292e-36
3.2896e-36
8.62231e-38
1.61195e-37
2.68195e-39
6.46431e-39
6.16179e-41
2.03163e-40
9.24354e-43
4.67757e-42
6.68773e-45
6.97711e-44
4.79102e-46
-7.95319e-14
2.58291e-16
-1.53691e-13
1.2746e-13
-6.53424e-15
6.74082e-14
-4.15213e-16
5.75309e-15
-2.29871e-16
3.53246e-16
-2.25649e-16
-7.42451e-16
-3.58213e-16
8.40566e-16
2.66717e-16
7.82976e-15
3.55602e-16
4.30059e-15
5.68254e-16
5.79848e-16
4.08626e-16
-7.41799e-16
1.90712e-16
-1.76002e-15
5.80734e-17
-1.40921e-16
2.06957e-17
-5.7921e-17
7.16378e-18
-1.99193e-17
2.26014e-18
-6.0235e-18
6.35586e-19
-1.58396e-18
1.57998e-19
-3.58293e-19
3.45781e-20
-6.87561e-20
6.64489e-21
-1.09474e-20
1.11901e-21
-1.38212e-21
1.6488e-22
-1.22155e-22
2.12607e-23
-3.28666e-24
2.5135e-24
1.80904e-25
2.77931e-25
4.65958e-26
2.86809e-26
7.63161e-27
2.7507e-27
1.01558e-27
2.43889e-28
1.16917e-28
1.9863e-29
1.19096e-29
1.47429e-30
1.08188e-30
9.87397e-32
8.76692e-32
5.89202e-33
6.30514e-33
3.08117e-34
3.98612e-34
1.38136e-35
2.18305e-35
5.15219e-37
1.0145e-36
1.53086e-38
3.88563e-38
3.38564e-40
1.17529e-39
4.9274e-42
2.62452e-41
3.48561e-44
3.82584e-43
2.587e-45
-1.14858e-11
1.49465e-06
-2.14625e-11
1.02421e-11
-9.98273e-13
-5.02992e-12
-3.6939e-14
-8.31701e-13
-1.60887e-15
-2.40798e-14
-9.38139e-16
3.96885e-15
-2.51399e-14
7.00682e-14
1.05353e-14
2.33252e-13
4.13312e-14
9.95615e-14
1.95043e-14
2.15961e-14
1.55904e-14
-3.21036e-13
6.38226e-17
-1.39107e-15
1.12665e-16
-1.60305e-16
5.5228e-17
-1.17851e-16
2.25934e-17
-5.173e-17
8.1579e-18
-1.84422e-17
2.58792e-18
-5.55891e-18
7.19231e-19
-1.42148e-18
1.74822e-19
-3.05687e-19
3.71064e-20
-5.41793e-20
6.86587e-21
-7.57185e-21
1.10579e-21
-7.36927e-22
1.54986e-22
-2.14534e-23
1.9767e-23
1.50448e-24
2.33613e-24
4.12282e-25
2.55115e-25
7.13505e-26
2.56225e-26
9.93307e-27
2.35317e-27
1.18351e-27
1.96275e-28
1.23391e-28
1.47476e-29
1.13416e-29
9.88405e-31
9.19302e-31
5.83677e-32
6.54072e-32
2.98974e-33
4.04904e-33
1.30118e-34
2.15212e-34
4.67677e-36
9.63567e-36
1.33183e-37
3.53639e-37
2.81329e-39
1.02144e-38
3.90507e-41
2.17481e-40
2.63628e-43
3.02397e-42
1.95551e-44
2.60412e-06
3.71702e-05
1.71071e-08
2.58703e-06
-1.97771e-10
1.73305e-08
-3.65672e-12
-1.69371e-10
-1.08342e-13
-2.24903e-12
-3.85107e-14
9.32444e-14
-1.01778e-12
3.25562e-12
4.75249e-13
5.22269e-12
1.34374e-12
-4.18523e-12
2.70654e-12
-3.13956e-11
-8.79179e-16
-1.35901e-13
-1.17271e-16
-2.12421e-15
1.20082e-16
-2.5554e-16
1.05361e-16
-2.11216e-16
5.51496e-17
-1.09618e-16
2.35436e-17
-4.57526e-17
8.58423e-18
-1.59213e-17
2.70378e-18
-4.64167e-18
7.38088e-19
-1.12694e-18
1.74746e-19
-2.23773e-19
3.58701e-20
-3.48293e-20
6.37884e-21
-3.75264e-21
9.8322e-22
-1.1737e-22
1.37127e-22
1.10303e-23
1.75876e-23
3.25732e-24
2.069e-24
6.05652e-25
2.22258e-25
9.00481e-26
2.1683e-26
1.13848e-26
1.90843e-27
1.25148e-27
1.50332e-28
1.20522e-28
1.04952e-29
1.01709e-29
6.41485e-31
7.48693e-31
3.37948e-32
4.76518e-32
1.50328e-33
2.58782e-33
5.48839e-35
1.17663e-34
1.57809e-36
4.35912e-36
3.34646e-38
1.26366e-37
4.63846e-40
2.68579e-39
3.11256e-42
3.70992e-41
2.3751e-43
5.06754e-05
8.81655e-05
3.71126e-06
4.28672e-05
5.29155e-08
3.67662e-06
-1.72782e-10
5.29893e-08
-4.08193e-12
-1.30089e-10
-2.02402e-12
1.56791e-13
-1.44818e-11
-4.66392e-11
8.69683e-12
-2.25518e-10
9.15301e-11
-9.39301e-10
6.07384e-14
-1.95684e-11
7.27253e-16
-8.37374e-14
-5.65062e-17
-8.24836e-16
1.79026e-16
-3.87009e-16
1.76953e-16
-3.32845e-16
1.09999e-16
-1.97702e-16
5.52211e-17
-9.56522e-17
2.33344e-17
-3.83405e-17
8.40724e-18
-1.27362e-17
2.59831e-18
-3.48987e-18
6.91073e-19
-7.76481e-19
1.58445e-19
-1.34715e-19
3.13305e-20
-1.6084e-20
5.35218e-21
-5.30825e-22
8.23035e-22
7.00906e-23
1.15533e-22
2.24099e-23
1.47704e-23
4.51154e-24
1.71316e-24
7.22745e-25
1.79389e-25
9.79383e-26
1.68551e-26
1.14811e-26
1.41034e-27
1.17359e-27
1.04109e-28
1.04655e-28
6.69989e-30
8.10702e-30
3.70167e-31
5.40916e-31
1.72049e-32
3.0683e-32
6.54082e-34
1.45227e-33
1.95214e-35
5.58314e-35
4.28429e-37
1.67457e-36
6.12957e-39
3.67244e-38
4.23667e-41
5.22184e-40
3.43685e-42
0.000112909
9.93112e-05
5.9941e-05
8.9039e-05
5.04658e-06
4.87686e-05
1.06398e-07
4.99625e-06
5.09573e-11
1.06434e-07
-2.76162e-12
2.1457e-10
-9.72742e-10
2.549e-10
-2.9635e-10
-1.78798e-08
-2.60957e-11
-3.39933e-10
7.79484e-14
-2.08928e-13
4.56743e-17
-6.62608e-15
4.43211e-16
-8.90732e-16
2.51772e-16
-5.07462e-16
2.60552e-16
-4.76002e-16
1.86661e-16
-3.41248e-16
1.09331e-16
-1.85852e-16
5.35029e-17
-8.32503e-17
2.20619e-17
-3.08446e-17
7.72321e-18
-9.38913e-18
2.30967e-18
-2.31295e-18
5.9251e-19
-4.43206e-19
1.30664e-19
-5.81992e-20
2.48543e-20
-1.96392e-21
4.23659e-21
3.83385e-22
6.54374e-22
1.32817e-22
9.14046e-23
2.90707e-23
1.15089e-23
5.04183e-24
1.30064e-24
7.36078e-25
1.31203e-25
9.2525e-26
1.17314e-26
1.00965e-26
9.21495e-28
9.57354e-28
6.28619e-29
7.85672e-29
3.66906e-30
5.53504e-30
1.79608e-31
3.30537e-31
7.17204e-33
1.64272e-32
2.24298e-34
6.61542e-34
5.14764e-36
2.07426e-35
7.68847e-38
4.74725e-37
5.54193e-40
7.03481e-39
4.82477e-41
0.000129912
9.72296e-05
0.000119649
9.90715e-05
6.9857e-05
9.08029e-05
6.69516e-06
5.56729e-05
1.55289e-07
6.65254e-06
-1.0881e-09
1.56523e-07
-2.59167e-11
2.50705e-09
-3.8242e-11
8.15415e-10
-2.57419e-12
-5.4686e-11
-3.18355e-15
-2.73081e-12
3.93449e-16
2.0107e-14
4.17539e-16
-6.54239e-16
3.01493e-16
-5.75284e-16
3.46567e-16
-6.5134e-16
3.02886e-16
-4.80568e-16
2.01413e-16
-3.53742e-16
1.1092e-16
-1.72899e-16
5.12921e-17
-6.94514e-17
2.00413e-17
-2.29703e-17
6.66424e-18
-6.13751e-18
1.89769e-18
-1.27244e-18
4.64697e-19
-1.80024e-19
9.83573e-20
-5.81e-21
1.86113e-20
1.79869e-21
3.17038e-21
6.7363e-22
4.852e-22
1.60495e-22
6.65213e-23
3.02048e-23
8.13939e-24
4.76385e-24
8.84407e-25
6.43995e-25
8.47839e-26
7.52577e-26
7.11055e-27
7.61212e-27
5.15988e-28
6.64045e-28
3.19313e-29
4.95717e-29
1.65243e-30
3.12804e-30
6.95786e-32
1.63856e-31
2.28948e-33
6.94039e-33
5.51811e-35
2.28464e-34
8.64288e-37
5.48106e-36
6.52801e-39
8.50485e-38
6.10912e-40
0.00013338
9.20551e-05
0.000134988
9.74233e-05
0.000125971
9.96137e-05
8.09197e-05
9.29526e-05
8.56747e-06
6.33427e-05
1.4228e-07
8.60595e-06
-2.12317e-09
1.82246e-07
-2.1537e-10
5.86234e-09
-6.16043e-12
-1.57307e-11
-6.20222e-14
4.1966e-12
-1.40883e-15
6.15876e-13
4.52315e-16
3.84382e-14
3.71249e-16
5.68774e-16
4.37997e-16
-7.07004e-16
4.0091e-16
-8.22445e-16
3.64097e-16
-4.13202e-16
2.20553e-16
-3.1985e-16
1.11301e-16
-1.47087e-16
4.75158e-17
-5.32532e-17
1.72288e-17
-1.53648e-17
5.3424e-18
-3.39017e-18
1.42753e-18
-5.00274e-19
3.3191e-19
-1.34763e-20
6.91654e-20
7.1855e-21
1.29358e-20
2.88111e-21
2.16416e-21
7.44311e-22
3.2281e-22
1.51753e-22
4.27683e-23
2.58454e-23
5.0089e-24
3.7588e-24
5.15371e-25
4.70787e-25
4.62104e-26
5.08562e-26
3.57259e-27
4.72259e-27
2.34803e-28
3.7417e-28
1.28691e-29
2.49923e-29
5.72515e-31
1.38254e-30
1.98622e-32
6.17168e-32
5.03852e-34
2.13747e-33
8.29475e-36
5.38769e-35
6.58039e-38
8.77462e-37
6.61758e-39
0.000133829
8.80081e-05
0.000138291
9.29382e-05
0.000139559
9.82696e-05
0.000131623
0.000100709
9.21618e-05
9.48937e-05
1.05615e-05
6.90852e-05
1.69207e-07
1.036e-05
-1.80382e-09
2.33565e-07
-1.36928e-12
2.2409e-09
-2.0682e-12
2.47821e-10
-1.20294e-14
1.20633e-11
-2.80792e-15
1.26899e-12
9.4429e-16
8.81718e-14
6.26802e-16
3.93081e-15
6.44773e-16
-7.30551e-16
4.05191e-16
-7.27943e-16
3.92096e-16
-3.92489e-16
2.28134e-16
-2.70643e-16
1.07295e-16
-1.20252e-16
4.2277e-17
-3.85179e-17
1.40662e-17
-9.2138e-18
3.9889e-18
-1.43643e-18
9.78674e-19
-2.61896e-20
2.16395e-19
2.43449e-20
4.31255e-20
1.00922e-20
7.70963e-21
2.75841e-21
1.23046e-21
5.9864e-22
1.74445e-22
1.08746e-22
2.18448e-23
1.68721e-23
2.39997e-24
2.25269e-24
2.29388e-25
2.59074e-25
1.88695e-26
2.55725e-26
1.31707e-27
2.15008e-27
7.65236e-29
1.52142e-28
3.60269e-30
8.90202e-30
1.32065e-31
4.19703e-31
3.53507e-33
1.53321e-32
6.13464e-35
4.07181e-34
5.12772e-37
6.98217e-36
5.54677e-38
0.000135561
8.57558e-05
0.000139059
8.94322e-05
0.00014289
9.44182e-05
0.000143706
9.97815e-05
0.000136259
0.000102169
0.000100448
9.66787e-05
1.25013e-05
7.08517e-05
1.85034e-07
1.09089e-05
-3.9206e-09
2.56607e-07
-4.64559e-11
1.12797e-09
-6.11565e-13
2.74479e-10
-8.70254e-14
2.30458e-11
-3.9952e-15
2.24681e-12
1.83585e-15
1.99219e-13
9.16216e-16
1.16738e-14
6.73708e-16
-6.92046e-16
4.64852e-16
-4.67896e-16
4.08473e-16
-3.45223e-16
2.37338e-16
-2.07504e-16
1.04578e-16
-8.68923e-17
3.81072e-17
-2.30453e-17
1.16874e-17
-3.79438e-18
3.0784e-18
-1.30686e-20
7.26084e-19
8.91594e-20
1.53431e-19
3.78455e-20
2.89821e-20
1.08008e-20
4.87723e-21
2.45632e-21
7.28061e-22
4.68027e-22
9.58974e-23
7.61759e-23
1.10718e-23
1.06676e-23
1.11116e-24
1.2863e-24
9.58985e-26
1.33059e-25
7.0174e-27
1.17178e-26
4.27135e-28
8.68016e-28
2.10531e-29
5.31408e-29
8.07522e-31
2.62023e-30
2.26081e-32
1.00069e-31
4.10248e-34
2.77772e-33
3.58684e-36
4.97842e-35
4.13886e-37
0.000138956
8.39619e-05
0.000140991
8.73783e-05
0.000144067
9.13151e-05
0.000147293
9.652e-05
0.000147454
0.000101909
0.000139723
0.000104076
0.00010406
9.81719e-05
1.10999e-05
7.24166e-05
1.85151e-07
1.01957e-05
-5.19651e-09
2.54316e-07
-1.58172e-10
2.47996e-10
-4.38336e-12
3.06357e-10
-2.19492e-13
4.16205e-11
-8.30313e-15
4.02687e-12
1.93407e-15
3.54569e-13
1.25509e-15
2.06726e-14
5.41175e-16
-4.14131e-16
5.10405e-16
-4.25193e-16
4.03932e-16
-2.8577e-16
2.34584e-16
-1.47423e-16
9.59589e-17
-5.29387e-17
3.20891e-17
-9.3339e-18
9.13098e-18
7.76413e-20
2.30355e-18
3.11203e-19
5.16169e-19
1.34708e-19
1.02761e-19
3.99639e-20
1.81505e-20
9.47069e-21
2.83588e-21
1.88028e-21
3.90217e-22
3.18721e-22
4.70022e-23
4.64607e-23
4.91651e-24
5.82923e-24
4.41933e-25
6.27207e-25
3.36624e-26
5.74368e-26
2.13193e-27
4.42335e-27
1.09303e-28
2.8149e-28
4.36009e-30
1.44263e-29
1.26942e-31
5.72666e-31
2.39579e-33
1.65251e-32
2.17986e-35
3.08004e-34
2.66682e-36
0.000141927
8.02853e-05
0.00014405
8.52373e-05
0.000146102
8.92222e-05
0.000148894
9.36644e-05
0.000151497
9.92276e-05
0.000150829
0.000104634
0.00014241
0.000106384
0.000102088
9.87316e-05
8.28843e-06
6.91608e-05
1.51041e-07
8.32144e-06
-6.92409e-09
2.51541e-07
-3.98133e-10
3.32193e-10
-1.02797e-11
4.08847e-10
-5.25931e-13
4.75905e-11
-5.5753e-14
4.5969e-12
-2.06927e-15
3.93703e-13
1.49687e-15
2.10391e-14
6.1685e-16
-7.65519e-16
5.53182e-16
-3.73921e-16
3.99345e-16
-2.22234e-16
2.24639e-16
-9.60258e-17
8.39273e-17
-2.19786e-17
2.58089e-17
5.49364e-19
6.95217e-18
1.04116e-18
1.64686e-18
4.56685e-19
3.43727e-19
1.39834e-19
6.32489e-20
3.42392e-20
1.02496e-20
7.01416e-21
1.45844e-21
1.22517e-21
1.81324e-22
1.83872e-22
1.95553e-23
2.37398e-23
1.81128e-24
2.62818e-24
1.42137e-25
2.47663e-25
9.27449e-27
1.96321e-26
4.90009e-28
1.28649e-27
2.01507e-29
6.79279e-29
6.05132e-31
2.77979e-30
1.17878e-32
8.27536e-32
1.1083e-34
1.59261e-33
1.42665e-35
0.000136032
5.3248e-05
0.000145336
7.58889e-05
0.000148589
8.59274e-05
0.000150883
9.13072e-05
0.000153487
9.64909e-05
0.00015541
0.000102543
0.000153661
0.000107916
0.000143202
0.000108855
9.3136e-05
9.73906e-05
5.34907e-06
6.06837e-05
1.00571e-07
5.59312e-06
-9.05102e-09
2.02399e-07
-5.19699e-10
-1.93877e-11
-2.04134e-11
2.49256e-10
-1.83364e-12
2.84857e-11
-1.99699e-13
3.4105e-12
-1.26275e-14
2.80795e-13
1.54635e-15
1.04577e-14
7.01849e-16
-1.08172e-15
6.10701e-16
-2.92969e-16
4.21377e-16
-1.46061e-16
2.16901e-16
-4.17225e-17
7.43354e-17
2.76532e-18
2.15238e-17
3.59773e-18
5.4212e-18
1.6047e-18
1.19323e-18
5.09255e-19
2.29853e-19
1.29327e-19
3.87509e-20
2.74023e-20
5.70759e-21
4.93472e-21
7.31621e-22
7.6137e-22
8.11068e-23
1.00826e-22
7.70498e-24
1.14293e-23
6.19165e-25
1.10145e-24
4.1329e-26
8.92248e-26
2.23246e-27
5.97277e-27
9.3843e-29
3.22142e-28
2.88107e-30
1.34696e-29
5.74039e-32
4.0992e-31
5.52603e-34
8.0716e-33
7.41302e-35
6.18414e-05
1.97226e-06
0.000123038
1.77274e-05
0.000145399
6.34927e-05
0.000152352
8.42498e-05
0.000155394
9.33125e-05
0.00015785
9.98885e-05
0.000158916
0.000106573
0.000155775
0.000111708
0.00014134
0.00011126
7.36668e-05
9.36656e-05
2.65201e-06
4.57496e-05
1.67821e-08
2.89848e-06
-7.67706e-09
1.11448e-07
-6.19197e-10
-2.44855e-10
-3.27289e-11
1.10774e-10
-2.98869e-12
1.17424e-11
-3.32581e-13
1.6246e-12
-2.12034e-14
1.17218e-13
1.60187e-15
1.1535e-15
7.86421e-16
-9.76153e-16
6.75283e-16
-1.8511e-16
4.73317e-16
-4.83474e-17
2.21696e-16
1.25739e-17
7.16616e-17
1.34487e-17
1.93536e-17
6.14379e-18
4.50629e-18
2.0241e-18
9.10282e-19
5.33513e-19
1.5981e-19
1.16953e-19
2.43733e-20
2.17117e-20
3.22055e-21
3.44197e-21
3.66728e-22
4.67063e-22
3.56867e-23
5.41326e-23
2.93138e-24
5.32477e-24
1.99696e-25
4.39709e-25
1.09967e-26
2.99785e-26
4.70896e-28
1.64589e-27
1.47218e-29
7.00358e-29
2.98705e-31
2.16924e-30
2.92979e-33
4.34912e-32
4.07377e-34
2.4515e-06
1.42162e-07
2.1797e-05
8.28753e-07
8.15101e-05
4.30393e-06
0.000139287
3.76909e-05
0.00015561
7.67683e-05
0.00015954
9.56668e-05
0.000161739
0.000103967
0.000161615
0.000111295
0.00015664
0.000115671
0.00013634
0.000113052
4.26956e-05
8.53622e-05
9.27969e-07
2.68231e-05
-1.25994e-08
1.08995e-06
-6.08095e-09
3.91717e-08
-4.87335e-10
-4.06741e-10
-3.39144e-11
9.65389e-13
-3.71094e-12
-1.07146e-12
-3.82458e-13
3.00126e-13
-1.8808e-14
1.70058e-14
1.96531e-15
-2.74912e-15
8.1692e-16
-5.95137e-16
6.77852e-16
-4.48481e-17
4.60396e-16
3.69519e-17
1.92131e-16
4.06745e-17
5.66867e-17
1.93872e-17
1.40363e-17
6.6581e-18
3.00175e-18
1.83722e-18
5.56362e-19
4.22171e-19
8.92687e-20
8.20478e-20
1.23607e-20
1.35818e-20
1.46921e-21
1.91863e-21
1.48696e-22
2.30796e-22
1.2662e-23
2.34968e-23
8.9169e-25
2.00323e-24
5.06386e-26
1.40703e-25
2.23183e-27
7.94425e-27
7.17022e-29
3.47146e-28
1.49331e-30
1.10301e-29
1.50253e-32
2.26706e-31
2.17823e-33
2.00666e-07
5.58011e-09
1.0489e-06
2.87227e-08
5.30187e-06
2.01456e-07
4.89545e-05
1.5461e-06
0.000131319
1.20883e-05
0.000156511
6.96543e-05
0.000163155
9.69078e-05
0.000164866
0.000108913
0.000163002
0.000116506
0.000155713
0.000119214
0.000127068
0.00011256
1.38664e-05
8.50209e-05
1.42587e-07
1.03618e-05
-1.953e-08
5.17208e-07
-4.90896e-09
1.24806e-08
-3.61113e-10
-3.87049e-10
-3.04732e-11
-3.86897e-11
-3.44486e-12
-2.65857e-12
-3.17279e-13
-1.46439e-13
-9.77491e-15
-1.23109e-14
2.11895e-15
-1.97608e-15
7.17435e-16
-7.87386e-17
5.80849e-16
7.12368e-17
3.91727e-16
9.3883e-17
1.35531e-16
5.01551e-17
3.59566e-17
1.80751e-17
8.16986e-18
5.23615e-18
1.60927e-18
1.26888e-18
2.73964e-19
2.60254e-19
4.01172e-20
4.53828e-20
5.02311e-21
6.73365e-21
5.3344e-22
8.48018e-22
4.74909e-23
9.01025e-23
3.48523e-24
7.99393e-24
2.05675e-25
5.82818e-25
9.39719e-27
3.40822e-26
3.12347e-28
1.53971e-27
6.71941e-30
5.05029e-29
6.97669e-32
1.07039e-30
1.06067e-32
1.19354e-08
2.92556e-10
7.21687e-08
2.12802e-09
3.12642e-07
1.0701e-08
1.86282e-06
1.31397e-07
1.97628e-05
9.64541e-07
0.000100121
8.51803e-06
0.000156254
5.60603e-05
0.000166305
9.80533e-05
0.000166702
0.000114823
0.000162579
0.000121738
0.000151645
0.000121669
8.6548e-05
0.000104209
2.3458e-06
5.13581e-05
-6.36206e-09
2.89463e-06
-1.66267e-08
1.82591e-07
-3.04632e-09
9.20852e-10
-2.2498e-10
-2.55872e-10
-2.12991e-11
-3.29425e-11
-2.41862e-12
-2.53914e-12
-1.92146e-13
-1.27904e-13
-4.30346e-16
-6.41516e-15
2.10237e-15
1.20476e-16
5.65099e-16
3.53549e-16
4.36905e-16
1.18829e-16
2.67597e-16
1.07574e-16
8.74311e-17
4.67389e-17
2.15057e-17
1.44748e-17
4.46868e-18
3.66995e-18
7.97839e-19
7.849e-19
1.22176e-19
1.42533e-19
1.59563e-20
2.19887e-20
1.763e-21
2.87408e-21
1.62919e-22
3.16364e-22
1.23848e-23
2.903e-23
7.55729e-25
2.18586e-24
3.5651e-26
1.31852e-25
1.22205e-27
6.13816e-27
2.70882e-29
2.07317e-28
2.89674e-31
4.52247e-30
4.61508e-32
1.06834e-09
2.37831e-11
5.22849e-09
1.25411e-10
2.57021e-08
6.50511e-10
1.65977e-07
7.35315e-09
1.13882e-06
6.99455e-08
9.31317e-06
5.96544e-07
8.01927e-05
7.49773e-06
0.000158541
4.53914e-05
0.000168862
0.000103354
0.000166844
0.000121801
0.00016003
0.000125815
0.000139619
0.000121625
2.71785e-05
9.82898e-05
4.01018e-07
1.68993e-05
-3.27715e-08
8.53879e-07
-9.74707e-09
3.72874e-08
-1.37761e-09
-7.98078e-10
-1.26328e-10
-1.66383e-10
-1.34604e-11
-1.62148e-11
-1.31876e-12
-8.79342e-13
-8.29096e-14
-3.01853e-14
3.88053e-15
4.57e-15
1.61513e-15
1.92044e-15
1.06937e-15
4.92617e-16
3.35319e-16
1.46937e-16
1.97133e-16
1.12443e-16
5.52387e-17
3.91593e-17
1.20404e-17
1.03255e-17
2.21826e-18
2.26493e-18
3.49822e-19
4.2167e-19
4.70696e-20
6.67924e-20
5.35926e-21
8.97276e-21
5.10215e-22
1.01542e-21
3.99345e-23
9.57799e-23
2.50726e-24
7.41064e-24
1.21614e-25
4.59143e-25
4.28379e-27
2.19468e-26
9.75388e-29
7.60906e-28
1.07136e-30
1.7038e-29
1.78619e-31
8.78639e-11
1.12745e-12
4.65024e-10
1.32885e-11
1.90444e-09
4.09508e-11
1.30736e-08
4.0074e-10
8.36574e-08
4.98641e-09
6.70529e-07
4.50678e-08
7.7838e-06
6.13482e-07
7.76447e-05
9.92648e-06
0.000164046
5.04661e-05
0.000169413
0.000114507
0.000163461
0.000128721
0.000153536
0.000128291
9.32766e-05
0.000111905
2.25493e-06
5.60808e-05
-2.68442e-08
3.13877e-06
-2.42706e-08
2.45181e-07
-4.96146e-09
5.3055e-09
-5.99031e-10
-4.91813e-10
-6.07665e-11
-6.10301e-11
-6.38995e-12
-4.38538e-12
-5.93679e-13
-1.17405e-13
-2.49431e-14
4.51359e-14
3.81401e-15
9.84912e-15
1.05225e-15
1.97092e-15
6.83771e-16
4.53101e-16
2.25183e-16
1.37476e-16
1.10219e-16
8.25375e-17
2.7765e-17
2.49287e-17
5.41395e-18
5.75073e-18
8.85005e-19
1.10454e-18
1.2285e-19
1.79848e-19
1.44138e-20
2.48273e-20
1.41326e-21
2.88729e-21
1.13854e-22
2.79826e-22
7.35237e-24
2.22379e-23
3.66552e-25
1.4146e-24
1.32627e-26
6.93949e-26
3.1004e-28
2.46845e-27
3.49572e-30
5.67003e-29
6.10177e-31
6.87186e-12
1.29962e-13
3.69693e-11
8.50903e-13
1.71977e-10
4.66599e-12
1.04423e-09
3.49417e-11
6.71316e-09
1.47264e-10
5.24041e-08
3.59587e-09
6.30097e-07
4.37404e-08
1.00342e-05
7.47753e-07
0.000103491
1.6922e-05
0.000169871
7.49663e-05
0.000167467
0.000126978
0.000159016
0.000132097
0.000138525
0.000126593
2.1479e-05
9.54084e-05
1.4574e-07
1.25352e-05
-4.93994e-08
8.23073e-07
-1.2628e-08
3.97034e-08
-2.21676e-09
-2.10264e-10
-2.30949e-10
-1.61793e-10
-2.53902e-11
-1.29286e-11
-2.75793e-12
-8.79913e-14
-2.26434e-13
2.80357e-13
-3.29328e-16
5.17119e-14
2.6156e-15
7.49845e-15
6.26482e-16
1.62507e-15
4.26626e-16
2.79574e-16
1.77332e-16
1.40676e-16
6.04396e-17
5.69665e-17
1.26629e-17
1.40275e-17
2.12188e-18
2.74826e-18
3.00323e-19
4.54548e-19
3.59964e-20
6.39125e-20
3.61171e-21
7.58833e-21
2.97953e-22
7.5171e-22
1.97031e-23
6.10839e-23
1.00556e-24
3.97304e-24
3.72296e-26
1.99255e-25
8.90253e-28
7.24487e-27
1.02667e-29
1.70102e-28
1.87247e-30
4.5451e-13
2.17969e-14
2.71699e-12
1.2842e-13
1.44046e-11
8.16589e-13
8.25013e-11
2.75935e-12
6.28111e-10
2.1449e-11
3.7418e-09
2.65725e-10
4.57384e-08
3.61554e-09
7.52341e-07
5.74825e-08
1.63525e-05
1.61633e-06
0.000146578
1.49153e-05
0.000168396
0.000110328
0.000159203
0.00013541
0.000147323
0.000132589
6.48408e-05
0.000117034
8.39683e-07
3.67204e-05
-6.96688e-08
1.72078e-06
-2.4889e-08
1.36876e-07
-5.00985e-09
5.23616e-09
-7.67841e-10
-1.757e-10
-8.40474e-11
-1.93883e-11
-9.46525e-12
3.05654e-12
-9.65188e-13
1.24895e-12
-5.32914e-14
2.10163e-13
4.8304e-15
2.7356e-14
1.43532e-15
4.45477e-15
8.71159e-16
8.39207e-16
2.4838e-16
2.09305e-16
1.2253e-16
1.21564e-16
2.76144e-17
3.19842e-17
4.72725e-18
6.36935e-18
6.766e-19
1.06113e-18
8.2062e-20
1.50515e-19
8.35536e-21
1.80904e-20
7.01182e-22
1.81946e-21
4.72435e-23
1.50408e-22
2.45876e-24
9.96416e-24
9.28703e-26
5.09318e-25
2.26594e-27
1.88817e-26
2.66678e-29
4.52137e-28
5.07992e-30
1.95776e-14
3.22698e-15
1.46975e-13
1.31451e-14
8.45463e-13
5.02767e-14
6.81126e-12
4.64681e-13
5.53127e-11
2.05799e-12
3.53143e-10
1.11568e-11
3.91526e-09
3.27459e-10
5.72359e-08
4.78392e-09
1.57664e-06
1.20421e-07
5.87298e-05
9.11862e-06
0.000168386
6.11855e-05
0.000162169
0.000133246
0.000151785
0.000134772
0.000101678
0.000123729
2.24394e-06
6.40812e-05
-1.22646e-07
3.81382e-06
-4.53674e-08
3.50139e-07
-9.94553e-09
2.05088e-08
-1.82048e-09
6.4356e-10
-2.28382e-10
3.73178e-11
-2.702e-11
1.80359e-11
-3.02262e-12
4.33039e-12
-2.54654e-13
6.88137e-13
-1.19293e-15
8.80115e-14
2.8079e-15
1.1336e-14
6.64858e-16
2.40528e-15
4.36758e-16
3.91974e-16
1.62405e-16
1.70054e-16
5.17349e-17
6.28168e-17
9.6651e-18
1.35813e-17
1.41606e-18
2.30685e-18
1.7348e-19
3.29462e-19
1.78304e-20
3.98717e-20
1.51302e-21
4.04667e-21
1.03236e-22
3.38225e-22
5.4468e-24
2.26859e-23
2.08708e-25
1.1752e-24
5.1686e-27
4.41876e-26
6.17728e-29
1.07388e-27
1.2258e-29
9.88803e-16
2.87327e-15
6.09583e-15
2.56715e-15
4.74871e-14
1.18127e-14
4.02309e-13
1.09985e-13
4.37198e-12
2.33853e-13
3.93983e-11
1.65546e-12
3.30015e-10
3.04488e-11
4.61266e-09
4.72024e-10
1.15646e-07
9.48292e-09
8.45903e-06
8.08032e-07
0.000145322
2.12907e-05
0.000164274
0.000121669
0.000149326
0.000137949
0.000129808
0.000131614
1.53622e-05
8.58546e-05
-3.07868e-07
8.27199e-06
-7.45989e-08
7.81933e-07
-1.67504e-08
4.86416e-08
-3.32449e-09
3.14444e-09
-4.91235e-10
2.96698e-10
-6.08338e-11
6.03947e-11
-7.20722e-12
1.17877e-11
-7.20223e-13
1.80259e-12
-3.18338e-14
2.30108e-13
4.77492e-15
2.8301e-14
1.16934e-15
4.67678e-15
6.9767e-16
8.2884e-16
2.04477e-16
2.26569e-16
8.58726e-17
1.09596e-16
1.72695e-17
2.53749e-17
2.6105e-18
4.42865e-18
3.25388e-19
6.41438e-19
3.3871e-20
7.84147e-20
2.90761e-21
8.03432e-21
2.00711e-22
6.78235e-22
1.07171e-23
4.59785e-23
4.15743e-25
2.40892e-24
1.04268e-26
9.16584e-26
1.26249e-28
2.25542e-27
2.60894e-29
-3.42492e-13
-7.36267e-14
-2.80613e-13
-6.47697e-14
-8.53295e-14
-1.93041e-14
-1.98721e-15
-4.7625e-16
2.9493e-13
7.02269e-14
3.82953e-12
8.32832e-13
3.19198e-11
4.39444e-12
4.36345e-10
4.60702e-11
9.47306e-09
5.8927e-10
7.90311e-07
4.34973e-08
8.72704e-05
8.58422e-06
0.00015937
9.61839e-05
0.000145999
0.00014019
0.000126467
0.000134273
3.35495e-05
0.000101561
3.60588e-07
1.81027e-05
-9.83097e-08
1.29432e-06
-2.45071e-08
9.56323e-08
-5.10315e-09
8.09438e-09
-8.74151e-10
8.88463e-10
-1.14008e-10
1.54019e-10
-1.40715e-11
2.71116e-11
-1.54063e-12
4.03935e-12
-1.04848e-13
5.16384e-13
5.32851e-15
6.14493e-14
2.10519e-15
9.22904e-15
4.19048e-16
1.69133e-15
2.90458e-16
3.41455e-16
1.30678e-16
1.75777e-16
2.92409e-17
4.50481e-17
4.54728e-18
8.05507e-18
5.70411e-19
1.17024e-18
5.94834e-20
1.42938e-19
5.11716e-21
1.46452e-20
3.54501e-22
1.23862e-21
1.90254e-23
8.42826e-23
7.428e-25
4.43958e-24
1.87702e-26
1.70072e-25
2.29215e-28
4.21839e-27
4.9247e-29
-1.3342e-12
-2.37456e-13
-1.10977e-12
-2.11103e-13
-7.68774e-13
-1.19519e-13
-3.44604e-13
-5.13053e-14
-6.72584e-14
-1.43898e-14
1.05957e-13
6.59758e-13
1.6927e-12
6.91081e-12
2.9985e-11
4.48319e-11
7.18883e-10
1.21994e-10
4.06767e-08
4.55002e-09
3.81264e-05
5.18823e-06
0.000155764
6.73689e-05
0.000153821
0.000138837
0.000132899
0.000135628
5.62632e-05
0.000116396
4.90896e-07
3.25876e-05
-1.22338e-07
1.87272e-06
-3.53273e-08
1.71232e-07
-7.44918e-09
1.68506e-08
-1.39338e-09
2.06872e-09
-2.0654e-10
3.46733e-10
-2.5911e-11
5.71039e-11
-2.97394e-12
8.30337e-12
-2.51246e-13
1.05773e-12
2.70266e-16
1.23761e-13
3.13275e-15
1.62533e-14
6.07902e-16
2.67989e-15
4.07495e-16
5.09533e-16
1.45839e-16
2.07312e-16
4.30324e-17
6.97017e-17
7.16392e-18
1.32875e-17
9.1106e-19
1.95059e-18
9.49519e-20
2.37475e-19
8.14635e-21
2.42131e-20
5.63557e-22
2.04137e-21
3.02611e-23
1.38789e-22
1.18426e-24
7.32023e-24
3.00426e-26
2.81305e-25
3.68778e-28
7.01015e-27
8.23371e-29
9.48536e-15
7.25849e-15
-1.28802e-13
-2.10189e-14
3.88695e-08
3.44889e-09
1.29115e-07
2.10664e-08
1.11411e-07
2.25343e-08
1.28757e-08
5.93591e-08
2.27855e-09
1.06118e-08
4.63706e-10
1.98365e-09
1.38357e-09
1.24852e-09
7.22133e-09
1.22667e-09
4.63272e-06
5.6862e-07
0.000143294
4.50869e-05
0.000146975
0.000134608
0.000133022
0.000132878
7.95413e-05
0.00012336
5.31522e-07
4.59298e-05
-1.8362e-07
2.4589e-06
-5.11105e-08
2.61696e-07
-1.09832e-08
2.89198e-08
-2.10198e-09
3.97754e-09
-3.4101e-10
6.64864e-10
-4.46706e-11
1.05588e-10
-5.24749e-12
1.50345e-11
-4.96819e-13
1.90674e-12
-1.42004e-14
2.21926e-13
4.26388e-15
2.76077e-14
8.96939e-16
4.46837e-15
5.45718e-16
7.27629e-16
1.62685e-16
2.45061e-16
5.77443e-17
9.8615e-17
1.00738e-17
1.96201e-17
1.29776e-18
2.90799e-18
1.35408e-19
3.53481e-19
1.15911e-20
3.58811e-20
8.00045e-22
3.01293e-21
4.29132e-23
2.04337e-22
1.68002e-24
1.077e-23
4.2694e-26
4.14289e-25
5.25631e-28
1.035e-26
1.22023e-28
1.06675e-12
8.85697e-14
1.0246e-12
2.11325e-14
2.73334e-07
1.84907e-08
3.0873e-07
2.21887e-08
3.29781e-07
3.74488e-08
1.9167e-07
7.95675e-08
1.53176e-08
1.01121e-07
3.54127e-09
1.38014e-08
3.34388e-09
4.51142e-09
1.01842e-08
3.17363e-09
5.17503e-07
6.83603e-08
0.000118087
3.22615e-05
0.000143701
0.000130444
0.000126668
0.000133024
8.42154e-05
0.000123446
7.50041e-07
4.55368e-05
-2.79393e-07
2.67188e-06
-6.83068e-08
3.0343e-07
-1.45884e-08
3.80566e-08
-2.87159e-09
5.87944e-09
-4.80724e-10
1.00212e-09
-6.34603e-11
1.57202e-10
-7.66828e-12
2.22356e-11
-7.75705e-13
2.82101e-12
-3.44092e-14
3.30786e-13
5.17553e-15
4.06443e-14
1.19434e-15
6.4757e-15
6.89775e-16
9.83152e-16
1.85063e-16
2.96212e-16
7.17653e-17
1.29593e-16
1.27249e-17
2.61012e-17
1.64656e-18
3.87299e-18
1.71845e-19
4.69639e-19
1.46891e-20
4.74996e-20
1.0121e-21
3.97452e-21
5.42181e-23
2.68831e-22
2.1217e-24
1.41483e-23
5.39477e-26
5.44133e-25
6.6515e-28
1.3608e-26
1.60753e-28
8.83894e-13
-2.60396e-13
1.80901e-12
6.13099e-14
2.06566e-08
7.7003e-10
2.81191e-07
1.63017e-08
3.05354e-07
4.02539e-08
3.40189e-07
7.83446e-08
7.92371e-08
1.11952e-07
8.23048e-09
5.62245e-08
4.63733e-09
1.10731e-08
7.62384e-09
7.00318e-09
7.19247e-08
1.37664e-08
9.39284e-05
3.23732e-05
0.000134595
0.000128536
0.000122716
0.000132817
8.09731e-05
0.000117713
2.08463e-07
3.97498e-05
-3.34093e-07
2.85969e-06
-7.88085e-08
3.07315e-07
-1.68758e-08
4.30222e-08
-3.45167e-09
7.21996e-09
-5.61443e-10
1.22987e-09
-7.43954e-11
1.90973e-10
-9.26185e-12
2.65743e-11
-9.7457e-13
3.35031e-12
-5.03705e-14
3.96039e-13
5.66222e-15
4.8942e-14
1.45639e-15
7.86477e-15
8.48913e-16
1.29663e-15
1.94565e-16
3.31817e-16
8.23931e-17
1.57782e-16
1.46444e-17
3.17311e-17
1.88512e-18
4.66896e-18
1.95654e-19
5.61532e-19
1.66474e-20
5.64102e-20
1.14308e-21
4.69556e-21
6.10924e-23
3.16422e-22
2.38764e-24
1.66139e-23
6.06874e-26
6.38265e-25
7.48541e-28
1.59626e-26
1.88696e-28
1.30916e-10
-1.31837e-10
1.03182e-10
2.88263e-11
9.80341e-10
3.09784e-11
2.74832e-07
2.22657e-08
3.11726e-07
4.40439e-08
3.27195e-07
8.95482e-08
3.04965e-07
1.60567e-07
1.34345e-08
1.56679e-07
6.79936e-09
2.15676e-08
1.14136e-08
1.23785e-08
2.86189e-08
1.0192e-08
8.95023e-05
3.91187e-05
0.000125785
0.00012828
0.000118684
0.000129811
7.01263e-05
0.000103781
-9.25681e-07
2.69223e-05
-3.71216e-07
2.36531e-06
-8.09312e-08
2.48114e-07
-1.77617e-08
4.0157e-08
-3.52358e-09
7.33105e-09
-5.23206e-10
1.27267e-09
-7.16053e-11
1.99805e-10
-9.12729e-12
2.77956e-11
-9.71218e-13
3.55049e-12
-5.029e-14
4.27342e-13
5.81796e-15
5.34687e-14
1.52101e-15
8.55448e-15
5.76195e-16
1.25137e-15
2.00481e-16
3.65306e-16
8.46152e-17
1.72348e-16
1.49543e-17
3.43349e-17
1.91417e-18
5.00793e-18
1.97733e-19
5.97902e-19
1.67639e-20
5.972e-20
1.14815e-21
4.94976e-21
6.12612e-23
3.32537e-22
2.39203e-24
1.74258e-23
6.07797e-26
6.68777e-25
7.49751e-28
1.67221e-26
1.97674e-28
2.89059e-09
-3.04663e-09
2.01328e-09
1.14474e-09
3.71851e-09
1.76714e-09
2.65941e-08
1.98463e-09
2.82971e-07
4.10652e-08
2.8248e-07
1.16478e-07
2.96648e-07
1.74018e-07
1.78953e-08
1.25668e-07
6.11657e-09
2.91525e-08
1.366e-08
1.8661e-08
2.58436e-08
1.25006e-08
9.15741e-05
5.9016e-05
0.000122327
0.000127535
0.000110854
0.000130763
4.75049e-05
7.86003e-05
-1.47683e-06
1.24553e-05
-3.67407e-07
1.26743e-06
-7.47384e-08
1.59261e-07
-1.67226e-08
2.88162e-08
-2.67643e-09
5.6356e-09
-4.02097e-10
1.03874e-09
-5.79051e-11
1.62527e-10
-7.54009e-12
2.27985e-11
-8.02427e-13
2.95211e-12
-3.51346e-14
3.6334e-13
6.09698e-15
4.99729e-14
1.5067e-15
8.16233e-15
6.24321e-16
1.46976e-15
2.08647e-16
4.07339e-16
8.03844e-17
1.74675e-16
1.38973e-17
3.39188e-17
1.75533e-18
4.86699e-18
1.79635e-19
5.74205e-19
1.51331e-20
5.68699e-20
1.03223e-21
4.68625e-21
5.49384e-23
3.13622e-22
2.14207e-24
1.63943e-23
5.43869e-26
6.28293e-25
6.70593e-28
1.56991e-26
1.85435e-28
9.87038e-08
-4.73548e-08
1.00128e-07
-1.08784e-07
2.19956e-08
5.43642e-08
3.21559e-08
7.95982e-09
2.53859e-07
4.79518e-08
2.7763e-07
9.97044e-08
2.56293e-07
2.03837e-07
1.05945e-08
5.83556e-08
1.12318e-08
3.37506e-08
2.18607e-08
1.67516e-08
7.26538e-06
1.09285e-06
0.00011095
0.000105566
0.000129465
0.000126366
9.15428e-05
0.000121301
2.03622e-05
5.00883e-05
-1.54457e-06
4.94792e-06
-2.66657e-07
5.87526e-07
-5.72021e-08
9.62727e-08
-1.03625e-08
1.88348e-08
-1.6609e-09
3.96896e-09
-2.63483e-10
7.04476e-10
-3.89166e-11
1.08427e-10
-5.12485e-12
1.52489e-11
-5.27089e-13
2.00317e-12
-1.29315e-14
2.58064e-13
5.95092e-15
4.12782e-14
1.29875e-15
6.66865e-15
8.68649e-16
1.65698e-15
2.05001e-16
4.30022e-16
6.72771e-17
1.5645e-16
1.13873e-17
2.96412e-17
1.42968e-18
4.21547e-18
1.45799e-19
4.94391e-19
1.22469e-20
4.87226e-20
8.33306e-22
3.99829e-21
4.4264e-23
2.66699e-22
1.72324e-24
1.39065e-23
4.36995e-26
5.31969e-25
5.38192e-28
1.32747e-26
1.56522e-28
8.16309e-07
9.92777e-07
6.87654e-08
4.75431e-08
1.0212e-07
1.30814e-07
5.72852e-08
6.32371e-09
1.61897e-08
2.10389e-08
3.47881e-05
9.9551e-05
9.16963e-05
7.2248e-05
4.11383e-06
-9.0073e-07
-1.59094e-07
-3.65219e-08
-5.69166e-09
-9.29021e-10
-1.52118e-10
-2.2552e-11
-2.95814e-12
-2.76802e-13
3.16143e-15
5.14061e-15
1.03873e-15
7.145e-16
1.76146e-16
5.09691e-17
8.41705e-18
1.05004e-18
1.06831e-19
8.95774e-21
6.08356e-22
3.22506e-23
1.25302e-24
3.17107e-26
3.89671e-28
)
;

boundaryField
{
    leftWall
    {
        type            calculated;
        value           nonuniform 0();
    }
    rightWall
    {
        type            calculated;
        value           uniform 0;
    }
    lowerWall
    {
        type            calculated;
        value           uniform 0;
    }
    atmosphere
    {
        type            calculated;
        value           nonuniform 0();
    }
    defaultFaces
    {
        type            empty;
        value           nonuniform 0();
    }
    procBoundary1to0
    {
        type            processor;
        value           nonuniform List<scalar> 
44
(
2.69615e-05
1.49089e-05
-5.33406e-06
-2.40062e-05
-3.28565e-05
-3.46844e-05
-3.38477e-05
-3.35515e-05
-3.56335e-05
-4.06082e-05
-5.08834e-05
-6.29649e-05
-7.27408e-05
-8.05902e-05
-8.76085e-05
-9.40766e-05
-0.000100043
-0.000105735
-0.000112151
-0.000117311
6.03575e-05
-0.000120538
-7.23984e-05
-2.869e-06
-2.43897e-07
-1.59017e-08
-1.45986e-09
-1.15287e-10
-7.90569e-12
-5.17128e-13
-4.81225e-14
-2.5664e-14
-2.32513e-14
-1.5169e-14
-1.35753e-14
-1.11352e-14
-8.0915e-15
-6.69146e-15
-8.83713e-15
-3.63164e-14
-9.58537e-14
-1.45011e-13
-1.46535e-13
-1.63113e-13
)
;
    }
    procBoundary1to3
    {
        type            processor;
        value           nonuniform List<scalar> 
45
(
-1.03356e-13
-9.73149e-14
-2.24738e-14
-5.93728e-13
-1.3799e-08
-2.4705e-07
-1.64877e-07
1.49686e-07
4.49804e-08
4.36634e-08
2.38498e-08
1.44718e-08
4.03401e-08
2.96048e-08
1.6826e-08
2.34319e-05
0.000134047
0.000119287
9.928e-05
2.85874e-05
2.40898e-06
3.40767e-07
6.03972e-08
1.25189e-08
2.49574e-09
4.21198e-10
6.376e-11
8.98443e-12
1.20772e-12
1.68603e-13
3.01501e-14
5.48627e-15
1.47517e-15
3.98188e-16
1.27252e-16
2.34464e-17
3.30402e-18
3.85666e-19
3.78647e-20
3.09636e-21
2.05862e-22
1.07027e-23
4.08358e-25
1.0167e-26
1.19513e-28
)
;
    }
}


// ************************************************************************* //
