/*--------------------------------*- C++ -*----------------------------------*\
| =========                 |                                                 |
| \\      /  F ield         | OpenFOAM: The Open Source CFD Toolbox           |
|  \\    /   O peration     | Version:  3.0.1                                 |
|   \\  /    A nd           | Web:      www.OpenFOAM.org                      |
|    \\/     M anipulation  |                                                 |
\*---------------------------------------------------------------------------*/
FoamFile
{
    version     2.0;
    format      ascii;
    class       volScalarField;
    location    "0.25";
    object      p;
}
// * * * * * * * * * * * * * * * * * * * * * * * * * * * * * * * * * * * * * //

dimensions      [1 -1 -2 0 0 0 0];

internalField   nonuniform List<scalar> 
1915
(
1821.65
1891.35
1682.19
1801.28
1627.23
1752.39
1652.04
1754.97
1686.37
1778.31
1677.32
1773.98
1620.38
1711.42
1522.28
1592.43
1388.57
1406.17
1226.39
1113.73
8.5221
8.51963
8.51508
8.50877
8.50116
8.49229
8.48226
8.47116
8.45906
8.44606
8.43223
8.41764
8.40238
8.38654
8.3702
8.35343
8.33634
8.31901
8.30154
8.28402
8.26656
8.24926
8.23222
8.21555
8.19933
8.18366
8.16863
8.15434
8.14085
8.12824
8.11658
8.10592
8.09633
8.08785
8.08052
8.07436
8.06942
8.0657
8.06321
8.06197
8.47626
8.47361
8.46892
8.46234
8.45468
8.44575
8.43566
8.42451
8.41236
8.39931
8.38543
8.3708
8.35551
8.33963
8.32325
8.30645
8.28932
8.27195
8.25443
8.23687
8.21936
8.202
8.1849
8.16817
8.1519
8.13619
8.12113
8.1068
8.09328
8.08064
8.06895
8.05827
8.04865
8.04015
8.03281
8.02664
8.02169
8.01796
8.01547
8.01424
8.43138
8.42859
8.42348
8.41685
8.4089
8.3998
8.38957
8.3783
8.36605
8.3529
8.33893
8.32422
8.30884
8.29289
8.27645
8.25958
8.24237
8.22493
8.20733
8.18968
8.17207
8.15463
8.13744
8.1206
8.10423
8.08842
8.07325
8.05882
8.04521
8.03249
8.02072
8.00997
8.00029
7.99173
7.98433
7.97813
7.97314
7.96939
7.96688
7.96564
8.38787
8.38464
8.37917
8.37204
8.36367
8.35432
8.34391
8.33248
8.32009
8.3068
8.29271
8.27788
8.2624
8.24635
8.2298
8.21283
8.19552
8.17795
8.16023
8.14245
8.12471
8.10711
8.08977
8.07279
8.05626
8.0403
8.02498
8.01041
7.99665
7.9838
7.9719
7.96104
7.95125
7.9426
7.93513
7.92885
7.92381
7.92001
7.91748
7.91622
8.34535
8.34204
8.3359
8.32785
8.31892
8.30935
8.29872
8.28709
8.2745
8.26102
8.24676
8.23178
8.21616
8.19998
8.1833
8.16619
8.14874
8.13103
8.11314
8.09518
8.07725
8.05946
8.04192
8.02473
8.00799
7.99182
7.97631
7.96153
7.94759
7.93455
7.92248
7.91146
7.90154
7.89276
7.88518
7.87881
7.87369
7.86984
7.86727
7.86599
8.305
8.3006
8.29313
8.28527
8.27451
8.26487
8.25396
8.24208
8.22925
8.21554
8.20107
8.18591
8.17012
8.15378
8.13694
8.11967
8.10205
8.08414
8.06605
8.04787
8.02971
8.01167
7.99387
7.97642
7.95942
7.94299
7.92721
7.91219
7.898
7.88473
7.87245
7.86123
7.85113
7.8422
7.83447
7.82799
7.82278
7.81885
7.81624
7.81493
8.26426
8.25936
8.25109
8.24229
8.23137
8.22093
8.2096
8.19744
8.18431
8.17033
8.15562
8.14024
8.12427
8.10775
8.09073
8.07327
8.05543
8.0373
8.01897
8.00053
7.98208
7.96374
7.94563
7.92786
7.91054
7.89378
7.87769
7.86236
7.84787
7.83432
7.82179
7.81033
7.80002
7.7909
7.783
7.77637
7.77104
7.76702
7.76435
7.76302
8.22871
8.22235
8.20994
8.19997
8.18835
8.17728
8.16553
8.15311
8.13964
8.12535
8.11037
8.09476
8.07858
8.06187
8.04465
8.02697
8.0089
7.99051
7.97189
7.95314
7.93436
7.91567
7.89719
7.87903
7.86133
7.84419
7.82772
7.81203
7.7972
7.78332
7.77048
7.75875
7.74818
7.73883
7.73073
7.72393
7.71846
7.71434
7.7116
7.71024
8.19133
8.18312
8.16928
8.15768
8.14515
8.13359
8.12166
8.10907
8.0952
8.08056
8.06529
8.04944
8.03305
8.01613
7.9987
7.98079
7.96246
7.94377
7.92482
7.90571
7.88654
7.86744
7.84853
7.82994
7.81179
7.7942
7.7773
7.76119
7.74596
7.7317
7.71851
7.70645
7.69558
7.68597
7.67764
7.67065
7.66501
7.66078
7.65796
7.65656
8.16488
8.15061
8.12875
8.11556
8.10154
8.08964
8.07779
8.06534
8.05094
8.03591
8.02034
8.00425
7.98766
7.97053
7.95288
7.93472
7.9161
7.89708
7.87776
7.85823
7.83862
7.81906
7.79966
7.78056
7.7619
7.7438
7.7264
7.70981
7.69412
7.67944
7.66584
7.65341
7.64221
7.63229
7.6237
7.61648
7.61067
7.6063
7.6034
7.60195
1022.34
656.506
845.801
561.445
729.788
568.534
637.24
520.462
549.256
448.245
465.635
384.217
386.515
326.163
307.048
266.12
228.27
203.817
149.757
141.231
76.5124
17.8093
-4.0487
-5.41775
-5.52132
-5.61315
-5.69764
-5.77525
-5.85677
-5.95003
-6.05446
-6.16865
-6.29307
-6.42899
-6.57842
-6.74384
-6.92856
-7.13495
-7.36614
-7.6312
-7.93659
-8.27332
-8.62852
3.04781
8.74579
8.21396
8.16392
73.6751
5.08546
8.15124
8.11561
222.878
24.8139
7.54424
8.10234
295.085
93.8218
13.6103
5.41305
297.343
148.353
51.7462
6.98328
278.899
173.523
92.5643
44.6637
251.813
176.097
113.107
70.8442
214.937
161.332
113.675
77.5771
171.352
135.74
101.997
73.9689
124.831
104.562
83.6499
64.704
77.0558
70.0387
60.4096
50.6082
29.0461
35.7083
35.9809
32.7364
0.167597
8.42678
13.5906
17.0851
-5.46031
-5.2135
-1.84929
5.96206
-5.60034
-5.70768
-5.83092
-5.65382
-5.70122
-5.79237
-5.87444
-5.96934
-5.78021
-5.86806
-5.96371
-6.05728
-5.85726
-5.94443
-6.03775
-6.12932
-5.93827
-6.02387
-6.11375
-6.20396
-6.02961
-6.11254
-6.1989
-6.28594
-6.13204
-6.2124
-6.29557
-6.37887
-6.24495
-6.32358
-6.40474
-6.48582
-6.3692
-6.4475
-6.52835
-6.60935
-6.50615
-6.5856
-6.66817
-6.75177
-6.6583
-6.74069
-6.82661
-6.91461
-6.82851
-6.91585
-7.00698
-7.10097
-7.01973
-7.11366
-7.2116
-7.31329
-7.23543
-7.33988
-7.45118
-7.56674
-7.47745
-7.5947
-7.72306
-7.86066
-7.75759
-7.88759
-8.03064
-8.18755
-8.09045
-8.255
-8.44596
-8.67662
-8.46147
-8.68298
-8.95933
-9.28797
-8.84218
-9.08771
-9.3567
-9.62419
8.1148
8.10943
8.08677
8.07117
8.05654
8.04459
8.03331
8.02159
8.00636
7.99092
7.97506
7.95876
7.94198
7.92466
7.90678
7.88835
7.86941
7.85003
7.83028
7.81029
7.79018
7.77007
7.75011
7.73044
7.7112
7.69252
7.67455
7.6574
7.6412
7.62602
7.61197
7.59911
7.58752
7.57727
7.56838
7.56091
7.5549
7.55038
7.54738
7.54589
8.10162
8.0775
8.0453
8.02491
8.00955
7.99792
7.98813
7.97747
7.96108
7.9453
7.92919
7.91272
7.89579
7.87829
7.86018
7.84147
7.82218
7.80239
7.78217
7.76166
7.74096
7.72024
7.69964
7.67931
7.6594
7.64007
7.62145
7.60367
7.58687
7.57114
7.55656
7.54323
7.53121
7.52057
7.51135
7.5036
7.49737
7.49268
7.48957
7.48802
7.99423
8.02127
7.99415
7.9745
7.95948
7.94916
7.94218
7.93394
7.91513
7.89912
7.88285
7.8663
7.84928
7.83162
7.81329
7.79428
7.77462
7.75437
7.73363
7.71252
7.69117
7.66975
7.64842
7.62735
7.60669
7.58661
7.56726
7.54878
7.53131
7.51494
7.49979
7.48593
7.47342
7.46235
7.45276
7.44471
7.43823
7.43336
7.43012
7.42851
8.00692
7.959
7.9401
7.92
7.90571
7.8966
7.89451
7.89113
7.86794
7.85222
7.83599
7.81949
7.80244
7.78467
7.76612
7.74679
7.72672
7.70597
7.68465
7.66287
7.64079
7.61859
7.59643
7.57451
7.55301
7.5321
7.51193
7.49266
7.47443
7.45737
7.44156
7.42711
7.41407
7.40253
7.39253
7.38414
7.37739
7.37232
7.36894
7.36726
5.63433
7.90351
7.87446
7.85923
7.84788
7.83453
7.83876
7.84438
7.8172
7.80403
7.78853
7.7723
7.75532
7.73744
7.71867
7.69902
7.67851
7.6572
7.63522
7.61269
7.58979
7.5667
7.54362
7.52075
7.4983
7.47645
7.45537
7.43523
7.41616
7.39831
7.3818
7.36669
7.35307
7.341
7.33056
7.3218
7.31476
7.30947
7.30594
7.30417
13.2796
5.06831
7.81741
7.7906
7.78578
7.76205
7.77148
7.78933
7.76107
7.75413
7.74066
7.72491
7.70797
7.68997
7.67096
7.65095
7.62996
7.60805
7.58533
7.56197
7.53814
7.51405
7.48993
7.46601
7.44249
7.41959
7.3975
7.37638
7.3564
7.33769
7.32038
7.30456
7.2903
7.27767
7.26674
7.25758
7.25022
7.24468
7.24099
7.23914
35.4301
8.01267
4.26102
7.76875
7.71432
7.69366
7.70863
7.73352
7.70633
7.70427
7.69309
7.67767
7.66054
7.64229
7.62299
7.6026
7.58109
7.55851
7.53497
7.51066
7.48579
7.46058
7.4353
7.41019
7.38548
7.36142
7.33821
7.31602
7.29503
7.27538
7.25721
7.2406
7.22564
7.2124
7.20096
7.19136
7.18366
7.17785
7.17398
7.17204
47.7305
21.9708
6.19173
3.48396
7.75545
7.65784
7.6698
7.68322
7.66414
7.65749
7.64697
7.63085
7.61307
7.59438
7.57473
7.55392
7.53185
7.50854
7.4841
7.45873
7.43268
7.40622
7.37964
7.3532
7.32718
7.30183
7.27737
7.25402
7.23193
7.21125
7.19214
7.17468
7.15897
7.14507
7.13306
7.12301
7.11493
7.10884
7.10477
7.10273
50.6438
31.1152
16.3231
5.66718
2.59931
7.75556
7.67004
7.62362
7.62466
7.6145
7.6019
7.58408
7.5653
7.54604
7.52605
7.50485
7.48221
7.45809
7.43265
7.40611
7.37874
7.35088
7.32283
7.29492
7.26744
7.24067
7.21486
7.19022
7.16693
7.14515
7.12502
7.10665
7.09012
7.07552
7.06291
7.05236
7.04388
7.03749
7.03322
7.03108
47.9298
33.2507
21.8146
12.9729
4.47634
1.36779
7.61741
7.55977
7.57846
7.57094
7.55615
7.53609
7.51638
7.49684
7.47671
7.45525
7.43207
7.4071
7.38055
7.35269
7.32386
7.29442
7.26476
7.23521
7.20611
7.17778
7.15048
7.12445
7.09987
7.07689
7.05567
7.03632
7.01893
7.00357
6.99033
6.97925
6.97036
6.96365
6.95917
6.95692
40.611
30.7574
22.0942
15.8456
10.3592
2.10729
-0.113531
7.4595
7.56141
7.53504
7.50988
7.48485
7.46436
7.44586
7.42636
7.40492
7.38128
7.35544
7.32767
7.29835
7.26787
7.23669
7.20522
7.17388
7.14301
7.11298
7.08406
7.05651
7.03053
7.00628
6.9839
6.96351
6.9452
6.92905
6.91514
6.90351
6.89417
6.88714
6.88243
6.88007
28.6282
24.3415
19.7843
15.409
12.4637
9.42982
3.43893
2.17483
7.53505
7.51548
7.46627
7.42951
7.40662
7.3914
7.37438
7.35364
7.32967
7.30293
7.27384
7.24289
7.2106
7.17748
7.14403
7.11069
7.0779
7.04601
7.01534
6.98617
6.9587
6.93308
6.90947
6.88799
6.86872
6.85174
6.83713
6.82492
6.81513
6.80775
6.80282
6.80035
16.1378
14.3221
14.0921
13.2976
11.8313
11.2759
10.1039
4.20966
3.24988
7.49649
7.40067
7.37116
7.34283
7.33258
7.31997
7.30103
7.27701
7.24932
7.21879
7.18606
7.15176
7.1165
7.08087
7.04537
7.01048
6.9766
6.94406
6.91315
6.88408
6.85703
6.83214
6.80951
6.78925
6.77141
6.75607
6.74327
6.73301
6.72529
6.72013
6.71755
7.81453
7.79821
6.92554
7.29353
9.12149
9.93656
10.7908
9.23132
3.098
3.81236
7.37544
7.30345
7.28072
7.27507
7.26443
7.24655
7.2228
7.19422
7.16213
7.12746
7.09098
7.0534
7.01539
6.97756
6.94041
6.90439
6.86987
6.83712
6.80639
6.77784
6.75161
6.72781
6.70652
6.68781
6.67173
6.65832
6.64759
6.63952
6.63413
6.63144
-2.579
6.02943
6.33445
3.61031
4.21449
6.06463
8.01251
9.82518
8.0153
2.28558
5.46687
7.26701
7.2486
7.24349
7.21365
7.19007
7.16587
7.13685
7.1033
7.06659
7.02776
6.98769
6.94714
6.9068
6.86726
6.82899
6.79238
6.75772
6.72526
6.69516
6.66756
6.64256
6.62024
6.60065
6.58384
6.56982
6.55861
6.5502
6.54459
6.54178
-6.12106
-5.45891
-0.274764
5.83213
5.86754
1.8066
2.06297
5.99774
9.31657
6.72441
3.13332
6.76094
7.26717
7.28476
7.17545
7.13146
7.10466
7.07579
7.04141
7.00275
6.96149
6.91879
6.87555
6.83257
6.79051
6.7499
6.71113
6.67451
6.64029
6.60862
6.57964
6.55345
6.5301
6.50964
6.4921
6.47749
6.46582
6.45707
6.45124
6.44832
-6.15712
-6.26909
-6.20827
-4.32248
5.84628
3.95234
-2.30737
-0.969019
5.30949
10.0145
8.19115
5.39395
7.60271
7.28324
7.1428
7.06766
7.03751
7.00958
6.97522
6.93504
6.89133
6.84591
6.79992
6.75421
6.70956
6.66656
6.62561
6.58702
6.55103
6.51781
6.48747
6.4601
6.43575
6.41445
6.39621
6.38103
6.36892
6.35985
6.35381
6.35079
-6.23297
-6.32978
-6.39822
-6.46755
-6.10234
-1.51502
2.2412
-3.42116
-2.40995
6.16473
10.9462
3.50068
7.58147
7.24748
7.13081
7.01967
6.96617
6.93763
6.90349
6.86219
6.81627
6.76812
6.71937
6.67094
6.62371
6.57832
6.5352
6.49467
6.45697
6.42225
6.39061
6.36212
6.33683
6.31474
6.29584
6.28014
6.26762
6.25825
6.25202
6.2489
-6.30041
-6.39514
-6.47006
-6.53662
-6.64162
-6.69318
-3.77745
2.88308
-6.20011
-2.63938
7.58673
7.04452
5.75243
7.16167
7.12039
7.02243
6.90295
6.85917
6.82461
6.78263
6.7349
6.68438
6.63291
6.58186
6.53212
6.48443
6.43924
6.39688
6.35757
6.32145
6.28861
6.25911
6.23295
6.21014
6.19066
6.17449
6.16161
6.15198
6.14558
6.14238
-6.37549
-6.46331
-6.5389
-6.61705
-6.69979
-6.76616
-6.75269
-4.10907
-2.50314
-9.9348
-0.296815
8.51824
3.60126
8.4926
7.20228
7.03467
6.84785
6.76854
6.73531
6.69445
6.64551
6.59306
6.5393
6.48586
6.43385
6.38405
6.33698
6.29297
6.25222
6.21487
6.18098
6.1506
6.12371
6.1003
6.08032
6.06376
6.05058
6.04073
6.03419
6.03092
-6.46375
-6.54666
-6.61975
-6.68879
-6.75488
-6.80892
-6.83844
-6.73735
-3.04324
-9.66323
-10.8486
3.91247
5.5775
5.24817
7.12823
7.01268
6.79115
6.67292
6.63387
6.59532
6.54626
6.49262
6.43715
6.38176
6.32782
6.27625
6.2276
6.18221
6.14029
6.10194
6.06722
6.03615
6.00869
5.98481
5.96446
5.9476
5.9342
5.92419
5.91755
5.91422
-6.56865
-6.64843
-6.71611
-6.77265
-6.82404
-6.86831
-6.90165
-6.93312
-6.50544
-1.67994
-16.9342
-3.38922
8.1098
4.4672
8.59828
7.03773
6.76329
6.58368
6.5178
6.48194
6.43536
6.38134
6.32494
6.26822
6.2129
6.16004
6.11025
6.06388
6.02112
5.98208
5.9468
5.91528
5.88747
5.8633
5.84273
5.8257
5.81216
5.80206
5.79536
5.792
-6.69243
-6.77088
-6.83234
-6.87732
-6.91776
-6.96025
-6.9966
-7.03796
-7.03094
-5.78496
-23.2619
-14.8272
6.04357
5.44788
8.60637
6.67487
6.71053
6.46922
6.38228
6.35137
6.3102
6.25747
6.20104
6.14387
6.08789
6.03439
5.98403
5.93719
5.89405
5.85472
5.81923
5.78756
5.75964
5.73541
5.71479
5.69773
5.68417
5.67406
5.66735
5.66399
-6.83873
-6.9204
-6.97852
-7.01266
-7.04297
-7.08603
-7.13586
-7.19465
-7.35201
-7.26738
-10.2677
-15.6099
2.36273
5.25985
3.50629
6.29939
6.52757
6.3081
6.23158
6.20488
6.16943
6.11932
6.06381
6.00726
5.95157
5.89826
5.84808
5.80141
5.75844
5.7193
5.68402
5.65255
5.62483
5.60077
5.58031
5.56339
5.54994
5.53991
5.53326
5.52992
-7.00881
-7.09802
-7.15429
-7.1782
-7.21182
-7.26952
-7.3404
-7.40015
-7.53072
-7.60077
-5.73959
-10.9956
-3.26218
4.59269
2.79987
7.51517
6.47978
6.20305
6.0844
6.04494
6.01201
5.96497
5.91161
5.85697
5.80276
5.75067
5.70157
5.65585
5.61372
5.57534
5.54073
5.50987
5.48268
5.45908
5.43902
5.42242
5.40923
5.39938
5.39285
5.38957
-7.20656
-7.31555
-7.37517
-7.37153
-7.41032
-7.49483
-7.60619
-7.6824
-7.77692
-7.8978
-6.10613
-10.5455
-11.0301
3.23581
2.78854
7.79631
6.56308
6.1067
5.91897
5.8637
5.83447
5.79199
5.74269
5.69166
5.6404
5.59079
5.54382
5.49993
5.4594
5.4224
5.38901
5.3592
5.33291
5.31009
5.29067
5.2746
5.26181
5.25226
5.24593
5.24275
-7.4382
-7.58313
-7.65984
-7.67641
-7.7667
-7.93833
-8.04383
-8.10295
-8.14817
-8.37142
-8.19354
-7.90576
-7.33886
5.88909
5.67174
7.2773
6.30279
5.91055
5.70333
5.65182
5.63207
5.59767
5.55543
5.51018
5.46362
5.41796
5.37432
5.33324
5.29512
5.2602
5.22859
5.2003
5.17532
5.15359
5.13509
5.11975
5.10754
5.09841
5.09234
5.08931
-7.70542
-7.89459
-8.10581
-8.25648
-8.4828
-8.71217
-8.78276
-8.72382
-8.66458
-8.81487
-9.18096
-8.44209
6.9045
11.02
8.03216
6.82163
6.05481
5.61639
5.43316
5.40591
5.40187
5.38029
5.34878
5.31183
5.27195
5.23182
5.19278
5.15556
5.12071
5.08857
5.05933
5.03306
5.00978
4.98948
4.97216
4.95778
4.94631
4.93772
4.93201
4.92915
-8.03914
-8.34214
-8.7174
-9.01971
-9.18193
-9.41816
-9.62693
-9.41606
-9.21077
-9.09738
-9.26401
-8.64206
13.8811
13.7423
7.85163
6.47376
5.95643
5.25165
5.11948
5.12726
5.14399
5.1403
5.12291
5.0967
5.0655
5.03249
4.9993
4.96696
4.93622
4.90755
4.88124
4.85745
4.83627
4.81774
4.80187
4.78865
4.77809
4.77016
4.76488
4.76223
-8.41689
-8.84924
-9.31638
-9.59431
-9.63862
-9.98677
-10.3299
-10.1479
-9.75102
-9.3667
-9.2902
-8.67661
8.8934
12.1755
6.33759
5.32033
5.49873
4.80807
4.77145
4.81936
4.86166
4.88007
4.87936
4.86593
4.84512
4.82056
4.79433
4.76779
4.7419
4.71733
4.69449
4.67363
4.65491
4.63844
4.62427
4.61243
4.60292
4.59576
4.59098
4.58858
-9.06631
-9.73195
-10.2732
-10.3289
-10.2674
-10.5672
-10.9113
-10.8088
-10.2664
-9.72824
-9.61923
-9.3532
1.64495
11.2744
5.17271
3.6756
4.58652
4.3176
4.39924
4.49077
4.56254
4.60454
4.62133
4.62179
4.61241
4.59722
4.57874
4.55868
4.53827
4.51833
4.4994
4.48185
4.46591
4.45177
4.43953
4.42924
4.42094
4.41464
4.41043
4.4083
-9.96682
-11.3314
-11.9547
-11.6633
-11.2234
-11.0217
-11.2911
-11.2867
-10.668
-10.0189
-9.70643
-12.3363
3.38998
14.6037
4.28274
3.15762
3.67496
3.87846
4.03554
4.16167
4.25934
4.32082
4.35337
4.36736
4.36957
4.36412
4.35378
4.3406
4.32607
4.31115
4.29647
4.28251
4.26961
4.25802
4.2479
4.23932
4.23233
4.22698
4.22337
4.22155
-10.6025
-13.5397
-14.2154
-13.2272
-12.3848
-11.8028
-11.7274
-11.5815
-10.9441
-10.2888
-9.08706
-11.2662
10.5484
12.5769
3.76579
4.45928
3.32148
3.55556
3.71054
3.84911
3.96051
4.03453
4.07966
4.10574
4.11892
4.12299
4.1208
4.11466
4.10621
4.09652
4.08629
4.0761
4.06642
4.05757
4.04973
4.04299
4.03739
4.03303
4.03006
4.02855
)
;

boundaryField
{
    leftWall
    {
        type            calculated;
        value           nonuniform 0();
    }
    rightWall
    {
        type            calculated;
        value           nonuniform List<scalar> 
43
(
8.06197
8.01424
7.96564
7.91622
7.86599
7.81493
7.76302
7.71024
7.65656
7.60195
7.54589
7.48802
7.42851
7.36726
7.30417
7.23914
7.17204
7.10273
7.03108
6.95692
6.88007
6.80035
6.71755
6.63144
6.54178
6.44832
6.35079
6.2489
6.14238
6.03092
5.91422
5.792
5.66399
5.52992
5.38957
5.24275
5.08931
4.92915
4.76223
4.58858
4.4083
4.22155
4.02855
)
;
    }
    lowerWall
    {
        type            calculated;
        value           nonuniform List<scalar> 
66
(
1845.09
1914.78
1891.35
1801.28
1752.39
1754.97
1778.31
1773.98
1711.42
1592.43
1406.17
1113.73
15.6574
8.76981
8.23792
8.18788
8.5221
8.47626
8.43138
8.38787
8.34535
8.305
8.26426
8.22871
8.19133
8.16488
8.54564
8.54317
8.53863
8.53232
8.52471
8.51584
8.5058
8.4947
8.48261
8.46961
8.45578
8.44119
8.42593
8.41008
8.39374
8.37698
8.35989
8.34256
8.32508
8.30756
8.2901
8.2728
8.25576
8.23909
8.22287
8.2072
8.19218
8.17788
8.1644
8.15179
8.14012
8.12947
8.11988
8.11139
8.10406
8.09791
8.09296
8.08924
8.08675
8.08552
)
;
    }
    atmosphere
    {
        type            calculated;
        value           nonuniform 0();
    }
    defaultFaces
    {
        type            empty;
    }
    procBoundary1to0
    {
        type            processor;
        value           nonuniform List<scalar> 
44
(
1776.22
1668.42
1633.4
1627.99
1632.08
1606.48
1547.78
1463.84
1359.02
1233.22
1085.42
940.876
823.255
721.846
622.635
524.661
429.915
334.257
241.945
146.508
63.3
63.3
4.45815
-4.91298
-5.27633
-5.42722
-5.5313
-5.62314
-5.70131
-5.78244
-5.87672
-5.98223
-6.09687
-6.22092
-6.35545
-6.50213
-6.66255
-6.8404
-7.03754
-7.25738
-7.50579
-7.78595
-8.09328
-8.42303
)
;
    }
    procBoundary1to3
    {
        type            processor;
        value           nonuniform List<scalar> 
45
(
-9.0094
-9.24307
-9.47576
-9.65893
-9.68564
-10.0798
-13.1391
-15.0638
-14.0316
-13.15
-12.3488
-12.0291
-11.7407
-11.1816
-10.549
-11.1352
-1.01119
12.9079
8.03551
2.13351
3.78263
3.09962
3.26602
3.40767
3.55054
3.66664
3.74815
3.80313
3.83952
3.86243
3.87533
3.88108
3.882
3.87972
3.87531
3.8696
3.86328
3.85693
3.85092
3.84545
3.84059
3.83644
3.83312
3.83081
3.82964
)
;
    }
}


// ************************************************************************* //
