/*--------------------------------*- C++ -*----------------------------------*\
| =========                 |                                                 |
| \\      /  F ield         | OpenFOAM: The Open Source CFD Toolbox           |
|  \\    /   O peration     | Version:  3.0.1                                 |
|   \\  /    A nd           | Web:      www.OpenFOAM.org                      |
|    \\/     M anipulation  |                                                 |
\*---------------------------------------------------------------------------*/
FoamFile
{
    version     2.0;
    format      ascii;
    class       surfaceScalarField;
    location    "0.25";
    object      phi;
}
// * * * * * * * * * * * * * * * * * * * * * * * * * * * * * * * * * * * * * //

dimensions      [0 3 -1 0 0 0 0];

internalField   nonuniform List<scalar> 
3731
(
-1.73276e-05
-9.80737e-06
-1.73276e-05
-1.23037e-05
-1.31979e-05
-2.96313e-05
1.04902e-06
-7.81403e-06
-2.85822e-05
1.19496e-05
4.83383e-06
-1.66326e-05
1.80789e-05
1.95352e-05
1.44626e-06
2.01565e-05
3.39982e-05
2.16028e-05
2.05525e-05
4.7234e-05
4.21553e-05
2.10276e-05
5.96834e-05
6.31829e-05
2.44247e-05
7.07852e-05
8.76076e-05
3.02654e-05
8.09817e-05
0.000117873
6.34616e-07
-6.34616e-07
1.11184e-06
-4.77235e-07
1.38075e-06
-2.6891e-07
1.55408e-06
-1.73345e-07
1.72502e-06
-1.70935e-07
1.9694e-06
-2.44391e-07
2.31477e-06
-3.45372e-07
2.76139e-06
-4.46628e-07
3.28447e-06
-5.23084e-07
3.85486e-06
-5.70398e-07
4.43533e-06
-5.80472e-07
5.00384e-06
-5.68513e-07
5.54966e-06
-5.45832e-07
6.06458e-06
-5.14927e-07
6.54297e-06
-4.78392e-07
6.97828e-06
-4.35318e-07
7.36412e-06
-3.85843e-07
7.6957e-06
-3.31583e-07
7.96799e-06
-2.72287e-07
8.17621e-06
-2.08213e-07
8.31514e-06
-1.38936e-07
8.38011e-06
-6.49663e-08
8.3698e-06
1.03176e-08
8.28285e-06
8.69507e-08
8.12728e-06
1.5558e-07
7.90613e-06
2.21155e-07
7.62228e-06
2.83856e-07
7.27864e-06
3.43639e-07
6.87782e-06
4.00821e-07
6.42403e-06
4.53796e-07
5.92095e-06
5.03074e-07
5.37374e-06
5.47213e-07
4.78621e-06
5.87539e-07
4.1633e-06
6.22914e-07
3.51023e-06
6.53078e-07
2.83184e-06
6.78398e-07
2.13348e-06
6.98353e-07
1.42049e-06
7.12986e-07
7.00153e-07
7.20335e-07
7.00158e-07
-1.71622e-07
-4.63002e-07
-1.84309e-07
-4.64562e-07
-3.55375e-08
-4.1769e-07
3.03247e-07
-5.1214e-07
7.98244e-07
-6.65941e-07
1.40341e-06
-8.49563e-07
2.07431e-06
-1.01628e-06
2.77179e-06
-1.14412e-06
3.47633e-06
-1.22763e-06
4.17543e-06
-1.26951e-06
4.86875e-06
-1.2738e-06
5.55013e-06
-1.24991e-06
6.20775e-06
-1.20346e-06
6.83097e-06
-1.13816e-06
7.40912e-06
-1.05655e-06
7.93424e-06
-9.60439e-07
8.40055e-06
-8.52156e-07
8.80096e-06
-7.31992e-07
9.13063e-06
-6.01949e-07
9.38599e-06
-4.6356e-07
9.56583e-06
-3.18773e-07
9.6702e-06
-1.69325e-07
9.69728e-06
-1.67492e-08
9.64887e-06
1.35373e-07
9.51731e-06
2.87148e-07
9.30281e-06
4.35655e-07
9.00722e-06
5.79455e-07
8.63386e-06
7.16993e-07
8.1865e-06
8.48186e-07
7.66972e-06
9.70582e-07
7.08849e-06
1.08431e-06
6.44805e-06
1.18766e-06
5.75483e-06
1.28077e-06
5.0148e-06
1.36294e-06
4.23441e-06
1.43347e-06
3.42036e-06
1.49246e-06
2.57908e-06
1.53964e-06
1.71717e-06
1.57491e-06
8.41495e-07
1.59603e-06
1.54165e-06
-1.17043e-07
-3.45966e-07
-4.1112e-08
-5.40505e-07
1.74869e-07
-6.33678e-07
5.39208e-07
-8.76484e-07
9.90478e-07
-1.11722e-06
1.52571e-06
-1.3848e-06
2.13021e-06
-1.62079e-06
2.78829e-06
-1.80222e-06
3.48097e-06
-1.92031e-06
4.18605e-06
-1.9746e-06
4.88949e-06
-1.97726e-06
5.57745e-06
-1.93788e-06
6.23847e-06
-1.86449e-06
6.86335e-06
-1.76304e-06
7.44382e-06
-1.63703e-06
7.97266e-06
-1.48928e-06
8.443e-06
-1.32249e-06
8.84887e-06
-1.13787e-06
9.18459e-06
-9.37663e-07
9.44544e-06
-7.24396e-07
9.62806e-06
-5.01387e-07
9.73009e-06
-2.71334e-07
9.75138e-06
-3.80364e-08
9.69001e-06
1.96747e-07
9.54634e-06
4.30836e-07
9.32143e-06
6.60563e-07
9.01737e-06
8.83514e-07
8.63664e-06
1.09774e-06
8.18367e-06
1.30116e-06
7.6625e-06
1.49176e-06
7.0783e-06
1.66853e-06
6.43596e-06
1.83e-06
5.74212e-06
1.97462e-06
5.00234e-06
2.10273e-06
4.22263e-06
2.21318e-06
3.41014e-06
2.30495e-06
2.57097e-06
2.37882e-06
1.71154e-06
2.43435e-06
8.39052e-07
2.46853e-06
2.38071e-06
-2.2878e-08
-3.23094e-07
7.93456e-08
-6.42738e-07
2.42646e-07
-7.96986e-07
5.24883e-07
-1.15873e-06
9.07134e-07
-1.49947e-06
1.41713e-06
-1.8948e-06
2.02881e-06
-2.23247e-06
2.70959e-06
-2.48301e-06
3.43425e-06
-2.64499e-06
4.16963e-06
-2.71e-06
4.89611e-06
-2.70375e-06
5.60174e-06
-2.64353e-06
6.27683e-06
-2.53959e-06
6.9133e-06
-2.39951e-06
7.50399e-06
-2.22772e-06
8.04193e-06
-2.02722e-06
8.52024e-06
-1.8008e-06
8.93282e-06
-1.55044e-06
9.27413e-06
-1.27897e-06
9.53917e-06
-9.89428e-07
9.72457e-06
-6.8678e-07
9.82724e-06
-3.73991e-07
9.84525e-06
-5.60365e-08
9.77845e-06
2.63551e-07
9.62793e-06
5.81362e-07
9.39533e-06
8.93168e-07
9.0831e-06
1.19575e-06
8.69431e-06
1.48653e-06
8.23349e-06
1.76199e-06
7.70495e-06
2.0203e-06
7.11383e-06
2.25965e-06
6.46566e-06
2.47818e-06
5.76605e-06
2.67423e-06
5.02115e-06
2.84765e-06
4.23764e-06
2.9967e-06
3.42135e-06
3.12126e-06
2.57892e-06
3.22125e-06
1.71686e-06
3.29641e-06
8.42362e-07
3.34302e-06
3.22308e-06
-1.26713e-07
-1.96388e-07
-9.04971e-08
-6.78961e-07
2.7484e-08
-9.14971e-07
3.0632e-07
-1.43756e-06
6.95803e-07
-1.88896e-06
1.23051e-06
-2.42952e-06
1.87877e-06
-2.88074e-06
2.61334e-06
-3.21759e-06
3.37976e-06
-3.41143e-06
4.15205e-06
-3.48229e-06
4.9089e-06
-3.46062e-06
5.63908e-06
-3.37372e-06
6.33465e-06
-3.23515e-06
6.98923e-06
-3.0541e-06
7.5964e-06
-2.83489e-06
8.14901e-06
-2.57984e-06
8.6406e-06
-2.29239e-06
9.06495e-06
-1.97479e-06
9.41585e-06
-1.62986e-06
9.68879e-06
-1.26237e-06
9.87963e-06
-8.77613e-07
9.98538e-06
-4.79731e-07
1.00042e-05
-7.48697e-08
9.93588e-06
3.31901e-07
9.78194e-06
7.35301e-07
9.54394e-06
1.13118e-06
9.22453e-06
1.51516e-06
8.82771e-06
1.88336e-06
8.35764e-06
2.23207e-06
7.81906e-06
2.55889e-06
7.21727e-06
2.86145e-06
6.55825e-06
3.13721e-06
5.84714e-06
3.38535e-06
5.09113e-06
3.60366e-06
4.29592e-06
3.79192e-06
3.46796e-06
3.94924e-06
2.61397e-06
4.07526e-06
1.74025e-06
4.17014e-06
8.54295e-07
4.22898e-06
4.07739e-06
-4.08993e-07
2.12599e-07
-4.57719e-07
-6.3024e-07
-3.20022e-07
-1.05267e-06
-5.66594e-09
-1.75192e-06
4.04762e-07
-2.29939e-06
9.80073e-07
-3.00484e-06
1.68585e-06
-3.58653e-06
2.48902e-06
-4.02077e-06
3.31546e-06
-4.23788e-06
4.13362e-06
-4.30046e-06
4.92966e-06
-4.25668e-06
5.68966e-06
-4.13373e-06
6.41048e-06
-3.95596e-06
7.08706e-06
-3.73069e-06
7.71389e-06
-3.46173e-06
8.28575e-06
-3.1517e-06
8.79464e-06
-2.80127e-06
9.23409e-06
-2.41424e-06
9.59785e-06
-1.99361e-06
9.8808e-06
-1.54532e-06
1.00789e-05
-1.07576e-06
1.01892e-05
-5.8997e-07
1.02097e-05
-9.53919e-08
1.01407e-05
4.00931e-07
9.98302e-06
8.9297e-07
9.73885e-06
1.37536e-06
9.41137e-06
1.84266e-06
9.00506e-06
2.28968e-06
8.52376e-06
2.71339e-06
7.97263e-06
3.11003e-06
7.35756e-06
3.47652e-06
6.68388e-06
3.8109e-06
5.95864e-06
4.1106e-06
5.18725e-06
4.37505e-06
4.37629e-06
4.60287e-06
3.53237e-06
4.79317e-06
2.66222e-06
4.94542e-06
1.77261e-06
5.05976e-06
8.70358e-07
5.13124e-06
4.94776e-06
-1.02911e-06
1.2417e-06
-1.11331e-06
-5.46041e-07
-8.92355e-07
-1.27363e-06
-4.83593e-07
-2.16068e-06
-3.34833e-08
-2.7495e-06
6.39356e-07
-3.67768e-06
1.44857e-06
-4.39574e-06
2.34372e-06
-4.91592e-06
3.24601e-06
-5.14018e-06
4.12378e-06
-5.17823e-06
4.96079e-06
-5.0937e-06
5.75549e-06
-4.92843e-06
6.50479e-06
-4.70527e-06
7.20767e-06
-4.43358e-06
7.85914e-06
-4.1132e-06
8.45293e-06
-3.74549e-06
8.98265e-06
-3.331e-06
9.44006e-06
-2.87164e-06
9.81985e-06
-2.37342e-06
1.01154e-05
-1.84086e-06
1.03226e-05
-1.28297e-06
1.04382e-05
-7.05543e-07
1.04606e-05
-1.17839e-07
1.03901e-05
4.71511e-07
1.02278e-05
1.05527e-06
9.9764e-06
1.62674e-06
9.63934e-06
2.17973e-06
9.22054e-06
2.70849e-06
8.72529e-06
3.20864e-06
8.15913e-06
3.67618e-06
7.52754e-06
4.1081e-06
6.83708e-06
4.50136e-06
6.09336e-06
4.85432e-06
5.30336e-06
5.16505e-06
4.47363e-06
5.43261e-06
3.61071e-06
5.6561e-06
2.72121e-06
5.83493e-06
1.81184e-06
5.96913e-06
8.89769e-07
6.05332e-06
5.83755e-06
-1.68508e-06
2.92678e-06
-1.58414e-06
-6.46987e-07
-1.59942e-06
-1.25836e-06
-1.20347e-06
-2.55664e-06
-6.54487e-07
-3.29848e-06
1.7615e-07
-4.50832e-06
1.14896e-06
-5.36855e-06
2.17905e-06
-5.94602e-06
3.17872e-06
-6.13986e-06
4.12325e-06
-6.12277e-06
5.00774e-06
-5.97819e-06
5.8382e-06
-5.75889e-06
6.61955e-06
-5.48662e-06
7.35148e-06
-5.16552e-06
8.03121e-06
-4.79294e-06
8.65203e-06
-4.36632e-06
9.20631e-06
-3.88528e-06
9.68644e-06
-3.35177e-06
1.00845e-05
-2.7715e-06
1.03949e-05
-2.15127e-06
1.06125e-05
-1.50049e-06
1.0734e-05
-8.27127e-07
1.07585e-05
-1.42318e-07
1.06859e-05
5.44161e-07
1.05178e-05
1.22335e-06
1.02572e-05
1.8873e-06
9.90796e-06
2.52902e-06
9.47479e-06
3.14167e-06
8.96297e-06
3.72047e-06
8.37859e-06
4.26056e-06
7.72746e-06
4.75924e-06
7.01621e-06
5.21261e-06
6.25151e-06
5.61902e-06
5.43977e-06
5.97678e-06
4.58762e-06
6.28477e-06
3.70209e-06
6.54164e-06
2.78983e-06
6.74721e-06
1.85761e-06
6.90136e-06
9.12486e-07
6.99845e-06
6.75005e-06
-3.09532e-06
6.0221e-06
-2.92692e-06
-8.15394e-07
-2.81942e-06
-1.36586e-06
-2.17064e-06
-3.20543e-06
-1.38447e-06
-4.08464e-06
-3.89731e-07
-5.50305e-06
7.94775e-07
-6.55306e-06
2.00284e-06
-7.15409e-06
3.1207e-06
-7.25772e-06
4.13829e-06
-7.14037e-06
5.07162e-06
-6.91154e-06
5.93959e-06
-6.62687e-06
6.75464e-06
-6.30168e-06
7.51965e-06
-5.93054e-06
8.2312e-06
-5.50449e-06
8.88328e-06
-5.0184e-06
9.46686e-06
-4.46886e-06
9.97297e-06
-3.85789e-06
1.03932e-05
-3.1917e-06
1.0721e-05
-2.47907e-06
1.09507e-05
-1.7302e-06
1.10794e-05
-9.55848e-07
1.11056e-05
-1.68503e-07
1.10301e-05
6.19641e-07
1.0855e-05
1.39852e-06
1.05832e-05
2.1591e-06
1.02196e-05
2.89255e-06
9.76911e-06
3.5922e-06
9.23767e-06
4.25191e-06
8.63157e-06
4.86666e-06
7.95802e-06
5.43279e-06
7.223e-06
5.94764e-06
6.43349e-06
6.40854e-06
5.59631e-06
6.81397e-06
4.71855e-06
7.16253e-06
3.80705e-06
7.45315e-06
2.86866e-06
7.68561e-06
1.91015e-06
7.85987e-06
9.38564e-07
7.97005e-06
7.68862e-06
-4.45623e-06
1.04783e-05
-3.9904e-06
-1.28123e-06
-3.68514e-06
-1.67112e-06
-3.13697e-06
-3.7536e-06
-2.17149e-06
-5.05013e-06
-1.0462e-06
-6.62834e-06
3.80903e-07
-7.98017e-06
1.8322e-06
-8.6054e-06
3.0811e-06
-8.50662e-06
4.17751e-06
-8.23679e-06
5.15842e-06
-7.89247e-06
6.06215e-06
-7.5306e-06
6.91089e-06
-7.15042e-06
7.71097e-06
-6.73062e-06
8.45975e-06
-6.25327e-06
9.14826e-06
-5.70691e-06
9.76607e-06
-5.08667e-06
1.03027e-05
-4.39455e-06
1.07488e-05
-3.63779e-06
1.10964e-05
-2.8267e-06
1.134e-05
-1.97373e-06
1.14761e-05
-1.09195e-06
1.15043e-05
-1.96749e-07
1.1425e-05
6.98949e-07
1.12407e-05
1.58282e-06
1.09559e-05
2.44394e-06
1.0575e-05
3.27346e-06
1.01046e-05
4.06261e-06
9.55075e-06
4.80576e-06
8.92016e-06
5.49726e-06
8.21993e-06
6.13303e-06
7.45739e-06
6.71018e-06
6.63955e-06
7.22638e-06
5.77365e-06
7.67989e-06
4.86675e-06
8.06944e-06
3.92574e-06
8.39417e-06
2.9577e-06
8.65367e-06
1.96931e-06
8.84827e-06
9.67903e-07
8.97147e-06
8.65653e-06
4.77349e-05
8.39647e-05
0.000115138
5.04699e-05
6.49008e-05
8.18093e-05
0.000107261
7.27778e-05
7.55914e-05
7.87057e-05
9.70524e-05
8.58e-05
8.35777e-05
7.54318e-05
8.78866e-05
9.27435e-05
9.0491e-05
7.22257e-05
8.11558e-05
9.72218e-05
9.67609e-05
6.91754e-05
7.64192e-05
0.000101498
0.000102462
6.63478e-05
7.27901e-05
0.000106092
0.000107691
6.39306e-05
6.98198e-05
0.000110661
0.000113493
6.20507e-05
6.75955e-05
0.000115717
0.000118876
6.54768e-05
0.000120995
6.26396e-05
0.000124377
5.93956e-05
0.000124635
6.02869e-05
0.000123998
6.83883e-05
0.00013303
7.57024e-05
0.000148517
7.39341e-05
0.000153776
6.45759e-05
0.000141031
5.41193e-05
0.000124567
4.60147e-05
0.000118698
3.93921e-05
0.000122449
3.2951e-05
0.000128705
2.63917e-05
0.000134687
1.96621e-05
0.000140667
1.26311e-05
0.000146921
5.05764e-06
0.000153566
-3.2813e-06
0.000160596
-1.24607e-05
0.00016778
-2.26498e-05
0.00017498
-3.39779e-05
0.000182119
-4.65651e-05
0.000189214
-6.0114e-05
0.000195229
-7.38401e-05
0.000199097
0.000202231
-2.90014e-05
7.94713e-05
-2.98566e-05
8.55178e-07
-1.53989e-05
-1.44577e-05
-2.38942e-07
-1.516e-05
5.30537e-05
9.91954e-05
-1.00515e-05
6.39603e-05
-2.25698e-05
-1.93936e-06
-7.33551e-06
-1.54732e-05
8.52705e-05
9.97249e-05
5.95699e-05
8.96609e-05
3.13201e-07
5.73173e-05
1.44834e-05
-2.15057e-05
9.99848e-05
9.24836e-05
9.46911e-05
9.49545e-05
6.71055e-05
8.4903e-05
5.93031e-05
2.22857e-05
0.000105331
8.43747e-05
0.000110092
9.01936e-05
0.000103391
9.16034e-05
8.33321e-05
7.93623e-05
0.00010771
7.81622e-05
0.000114566
8.33378e-05
0.000118047
8.81225e-05
8.98529e-05
0.000111526
0.000110402
7.38518e-05
0.00011579
7.79497e-05
0.000121671
8.22412e-05
8.69731e-05
0.000124551
0.000113866
7.06465e-05
0.000117541
7.42754e-05
0.000122232
7.75503e-05
8.16743e-05
0.00012753
0.000118105
6.82586e-05
0.000120645
7.17348e-05
0.000123631
7.45644e-05
7.75135e-05
0.000127792
0.000123019
6.62346e-05
0.000124993
6.9761e-05
0.000126912
7.26452e-05
7.51081e-05
0.000129317
0.000126954
6.36567e-05
0.000129276
6.74395e-05
0.000131196
7.07254e-05
7.34835e-05
0.00013282
0.000128045
6.0246e-05
0.000131477
6.40083e-05
0.000134438
6.77637e-05
7.12637e-05
0.000136658
0.000126323
5.79214e-05
0.000130296
6.00353e-05
0.00013457
6.34892e-05
6.73826e-05
0.000138452
0.000128744
6.22074e-05
0.000128075
6.07044e-05
0.000131729
5.98349e-05
6.25317e-05
0.00013658
0.00014139
6.93349e-05
0.000135659
6.64353e-05
0.000132318
6.31761e-05
6.22127e-05
0.000132637
0.000151892
7.12185e-05
0.000147167
7.11602e-05
0.000141508
6.88352e-05
6.62028e-05
0.000137518
0.000147293
6.4957e-05
0.000150508
6.79447e-05
0.000150031
6.93126e-05
6.97615e-05
0.000146472
0.00013397
5.55537e-05
0.000142305
5.96099e-05
0.000148299
6.33185e-05
6.68463e-05
0.000151214
0.000126523
4.77287e-05
0.000134446
5.16868e-05
0.000142109
5.56557e-05
5.996e-05
0.000148995
0.000128593
4.15849e-05
0.000134639
4.56408e-05
0.000140679
4.96157e-05
5.3685e-05
0.000146954
0.000134576
3.57131e-05
0.000140088
4.01295e-05
0.000145157
4.45468e-05
4.89249e-05
0.000149917
0.000140765
2.9635e-05
0.00014654
3.43548e-05
0.000151815
3.92723e-05
4.43161e-05
0.000156424
0.000146952
2.33496e-05
0.000153032
2.82744e-05
0.000158734
3.35709e-05
3.91948e-05
0.000163855
0.000153528
1.67423e-05
0.000160018
2.1785e-05
0.000166168
2.74209e-05
3.36875e-05
0.000171675
0.000160735
9.57373e-06
0.000167811
1.4709e-05
0.000174452
2.078e-05
2.81199e-05
0.000180019
0.000168434
1.73571e-06
0.000176088
7.05475e-06
0.000183498
1.33701e-05
2.14703e-05
0.000190148
0.000176417
-6.90174e-06
0.000184875
-1.40355e-06
0.00019371
4.53587e-06
1.2316e-05
0.000202864
0.00018503
-1.69519e-05
0.000195073
-1.14465e-05
0.000205455
-5.8465e-06
2.14524e-07
0.000217557
0.000193674
-2.85076e-05
0.000205604
-2.33765e-05
0.000218036
-1.82779e-05
-1.56669e-05
0.000233917
0.000201893
-4.11864e-05
0.000215748
-3.72314e-05
0.000232897
-3.54269e-05
-3.8322e-05
0.000255552
0.000209209
-5.51656e-05
0.000226463
-5.44859e-05
0.000250239
-5.92026e-05
-6.82666e-05
0.000280183
0.000213928
-6.99967e-05
0.000232697
-7.32549e-05
0.000255005
-8.15103e-05
-8.71191e-05
0.000273858
0.000215999
0.00022887
0.00023504
0.000227729
-1.07609e-05
6.07924e-06
-7.0882e-06
-4.95391e-06
-5.21327e-06
-3.54606e-06
-4.16905e-06
-4.79782e-06
-3.16874e-06
-6.05044e-06
-1.87248e-06
-7.92461e-06
-1.37112e-07
-9.71555e-06
1.7164e-06
-1.04589e-05
3.13486e-06
-9.92509e-06
4.32714e-06
-9.42907e-06
5.36636e-06
-8.93169e-06
6.31721e-06
-8.48145e-06
7.21541e-06
-8.04862e-06
8.07005e-06
-7.58526e-06
8.87528e-06
-7.0585e-06
9.61999e-06
-6.45162e-06
1.02904e-05
-5.75709e-06
1.08734e-05
-4.97757e-06
1.13579e-05
-4.12229e-06
1.17353e-05
-3.20403e-06
1.19993e-05
-2.23778e-06
1.21468e-05
-1.23941e-06
1.21765e-05
-2.26494e-07
1.20905e-05
7.84968e-07
1.1892e-05
1.78138e-06
1.15857e-05
2.75023e-06
1.11779e-05
3.68126e-06
1.06748e-05
4.56564e-06
1.00839e-05
5.39669e-06
9.4129e-06
6.16828e-06
8.66949e-06
6.87645e-06
7.86136e-06
7.51831e-06
6.99606e-06
8.09168e-06
6.08119e-06
8.59477e-06
5.12418e-06
9.02646e-06
4.13224e-06
9.38612e-06
3.11263e-06
9.67331e-06
2.07277e-06
9.88813e-06
1.01897e-06
1.00253e-05
9.67551e-06
-1.15779e-05
2.18387e-06
-8.82929e-06
-7.7025e-06
-6.32685e-06
-6.04851e-06
-5.1879e-06
-5.93678e-06
-4.45102e-06
-6.78734e-06
-3.06811e-06
-9.30752e-06
-8.28133e-07
-1.19555e-05
1.63535e-06
-1.29224e-05
3.23231e-06
-1.1522e-05
4.49168e-06
-1.06884e-05
5.56098e-06
-1.0001e-05
6.54268e-06
-9.46315e-06
7.48337e-06
-8.98931e-06
8.39112e-06
-8.49301e-06
9.25588e-06
-7.92325e-06
1.00607e-05
-7.25641e-06
1.07875e-05
-6.48388e-06
1.14204e-05
-5.61055e-06
1.1946e-05
-4.64785e-06
1.23547e-05
-3.61275e-06
1.26392e-05
-2.52223e-06
1.27969e-05
-1.39715e-06
1.2828e-05
-2.57568e-07
1.27338e-05
8.79102e-07
1.25196e-05
1.99564e-06
1.21909e-05
3.07888e-06
1.17547e-05
4.11751e-06
1.12184e-05
5.10194e-06
1.05908e-05
6.0243e-06
9.87976e-06
6.87933e-06
9.09367e-06
7.66253e-06
8.241e-06
8.37099e-06
7.33013e-06
9.00255e-06
6.36881e-06
9.5561e-06
5.36449e-06
1.00308e-05
4.32489e-06
1.04257e-05
3.25731e-06
1.07409e-05
2.16899e-06
1.09765e-05
1.06667e-06
1.11276e-05
1.07422e-05
-2.12317e-05
1.90993e-06
-1.63829e-05
-1.25513e-05
-1.03964e-05
-1.20351e-05
-7.6817e-06
-8.65147e-06
-6.80971e-06
-7.65933e-06
-5.37106e-06
-1.07462e-05
-2.05998e-06
-1.52666e-05
1.67311e-06
-1.66555e-05
3.49099e-06
-1.33399e-05
4.73833e-06
-1.19358e-05
5.7878e-06
-1.10505e-05
6.783e-06
-1.04583e-05
7.76686e-06
-9.97318e-06
8.73665e-06
-9.4628e-06
9.67337e-06
-8.85997e-06
1.0551e-05
-8.13402e-06
1.13458e-05
-7.27875e-06
1.20378e-05
-6.30253e-06
1.26112e-05
-5.22124e-06
1.3055e-05
-4.05658e-06
1.33631e-05
-2.83033e-06
1.3532e-05
-1.56601e-06
1.35624e-05
-2.88009e-07
1.34585e-05
9.83003e-07
1.3225e-05
2.2292e-06
1.28694e-05
3.43442e-06
1.24003e-05
4.58669e-06
1.18259e-05
5.67626e-06
1.11556e-05
6.69466e-06
1.03989e-05
7.63602e-06
9.56484e-06
8.49659e-06
8.66248e-06
9.27335e-06
7.70026e-06
9.96477e-06
6.68664e-06
1.05697e-05
5.62986e-06
1.10875e-05
4.53732e-06
1.15183e-05
3.41661e-06
1.18616e-05
2.27498e-06
1.21181e-05
1.11916e-06
1.22835e-05
1.18613e-05
-3.83178e-06
2.80274e-05
-1.7341e-05
9.57891e-07
-1.61926e-05
-1.31834e-05
-1.25394e-05
-1.23047e-05
-1.09359e-05
-9.26277e-06
-9.33406e-06
-1.23481e-05
-4.23336e-06
-2.03673e-05
1.87532e-06
-2.27642e-05
4.03128e-06
-1.54959e-05
5.11143e-06
-1.30159e-05
6.04213e-06
-1.19812e-05
7.02252e-06
-1.14387e-05
8.05336e-06
-1.1004e-05
9.10137e-06
-1.05108e-05
1.01273e-05
-9.8859e-06
1.10943e-05
-9.10104e-06
1.19715e-05
-8.15592e-06
1.27337e-05
-7.06476e-06
1.33635e-05
-5.851e-06
1.38484e-05
-4.54147e-06
1.41815e-05
-3.16346e-06
1.43615e-05
-1.74606e-06
1.43902e-05
-3.16658e-07
1.42722e-05
1.101e-06
1.40156e-05
2.48581e-06
1.36282e-05
3.82184e-06
1.312e-05
5.09487e-06
1.25015e-05
6.29478e-06
1.17827e-05
7.41343e-06
1.0974e-05
8.44469e-06
1.00857e-05
9.38491e-06
9.12729e-06
1.02318e-05
8.10808e-06
1.0984e-05
7.0367e-06
1.16411e-05
5.92161e-06
1.22026e-05
4.77066e-06
1.26693e-05
3.59139e-06
1.30409e-05
2.39126e-06
1.33183e-05
1.17678e-06
1.34979e-05
1.30381e-05
3.81713e-05
6.92184e-05
6.10984e-06
3.30194e-05
-1.24847e-05
5.41119e-06
-1.4685e-05
-1.01045e-05
-1.38882e-05
-1.00595e-05
-1.28702e-05
-1.33661e-05
-6.63149e-06
-2.6606e-05
2.02441e-06
-3.14201e-05
4.74221e-06
-1.82137e-05
5.56012e-06
-1.38338e-05
6.2895e-06
-1.27105e-05
7.23096e-06
-1.23802e-05
8.32304e-06
-1.20961e-05
9.47534e-06
-1.16631e-05
1.06171e-05
-1.10276e-05
1.16962e-05
-1.01802e-05
1.26733e-05
-9.13301e-06
1.35191e-05
-7.91056e-06
1.42141e-05
-6.54602e-06
1.4745e-05
-5.07232e-06
1.51059e-05
-3.52441e-06
1.52968e-05
-1.93696e-06
1.53212e-05
-3.41044e-07
1.51858e-05
1.23642e-06
1.48996e-05
2.77193e-06
1.44741e-05
4.24739e-06
1.39204e-05
5.64859e-06
1.32505e-05
6.96465e-06
1.24762e-05
8.1877e-06
1.16088e-05
9.3121e-06
1.06593e-05
1.03344e-05
9.63825e-06
1.12528e-05
8.55549e-06
1.20668e-05
7.42025e-06
1.27764e-05
6.24092e-06
1.3382e-05
5.02575e-06
1.38844e-05
3.7824e-06
1.42843e-05
2.51827e-06
1.45824e-05
1.23976e-06
1.47765e-05
1.42779e-05
8.83891e-05
9.23553e-05
4.98978e-05
7.15106e-05
1.72914e-05
3.80176e-05
-3.41923e-06
1.06061e-05
-8.58368e-06
-4.89509e-06
-1.12069e-05
-1.07428e-05
-7.64298e-06
-3.017e-05
9.4911e-07
-4.00122e-05
4.62378e-06
-2.18884e-05
5.61722e-06
-1.48273e-05
6.37188e-06
-1.34652e-05
7.35832e-06
-1.33666e-05
8.55377e-06
-1.32916e-05
9.84873e-06
-1.29581e-05
1.11426e-05
-1.23215e-05
1.23635e-05
-1.14011e-05
1.34628e-05
-1.02324e-05
1.44079e-05
-8.85562e-06
1.51778e-05
-7.31596e-06
1.57599e-05
-5.65444e-06
1.61503e-05
-3.91477e-06
1.63507e-05
-2.13732e-06
1.63665e-05
-3.56867e-07
1.62078e-05
1.39504e-06
1.5886e-05
3.09374e-06
1.54147e-05
4.71868e-06
1.48076e-05
6.25568e-06
1.40786e-05
7.69366e-06
1.32408e-05
9.02549e-06
1.23068e-05
1.02461e-05
1.12888e-05
1.13524e-05
1.0198e-05
1.23436e-05
9.04468e-06
1.32201e-05
7.83871e-06
1.39823e-05
6.58888e-06
1.46318e-05
5.30344e-06
1.51699e-05
3.99015e-06
1.55976e-05
2.65636e-06
1.59162e-05
1.30829e-06
1.61246e-05
1.55862e-05
0.000117783
9.91231e-05
9.68314e-05
9.24625e-05
6.07003e-05
7.41487e-05
2.88603e-05
4.24461e-05
8.26122e-06
1.5704e-05
-3.74734e-07
-2.10686e-06
-5.65803e-06
-2.48867e-05
-2.46415e-06
-4.3206e-05
1.9346e-06
-2.62871e-05
4.3799e-06
-1.72726e-05
5.95599e-06
-1.50413e-05
7.30704e-06
-1.47177e-05
8.72483e-06
-1.47093e-05
1.02201e-05
-1.44533e-05
1.17084e-05
-1.38098e-05
1.3106e-05
-1.27987e-05
1.43542e-05
-1.14806e-05
1.54174e-05
-9.91878e-06
1.62729e-05
-8.17149e-06
1.69115e-05
-6.29302e-06
1.73314e-05
-4.33471e-06
1.75373e-05
-2.34315e-06
1.75397e-05
-3.59272e-07
1.73503e-05
1.58438e-06
1.69847e-05
3.4593e-06
1.64588e-05
5.24462e-06
1.57891e-05
6.92535e-06
1.49915e-05
8.49135e-06
1.40809e-05
9.93602e-06
1.30718e-05
1.12553e-05
1.19769e-05
1.24474e-05
1.08082e-05
1.35123e-05
9.57714e-06
1.44511e-05
8.29363e-06
1.52659e-05
6.96653e-06
1.59589e-05
5.60451e-06
1.65319e-05
4.21521e-06
1.69869e-05
2.80583e-06
1.73256e-05
1.38245e-06
1.7548e-05
1.69687e-05
0.000130142
9.65113e-05
0.000123843
9.87618e-05
0.000104676
9.33155e-05
7.05156e-05
7.66067e-05
3.98827e-05
4.6337e-05
1.78818e-05
1.9894e-05
2.27723e-06
-9.28212e-06
-6.64061e-06
-3.42882e-05
-3.74328e-06
-2.91844e-05
1.4501e-06
-2.2466e-05
4.74927e-06
-1.83405e-05
6.95733e-06
-1.69258e-05
8.81372e-06
-1.65657e-05
1.05985e-05
-1.62381e-05
1.23306e-05
-1.55418e-05
1.39423e-05
-1.44104e-05
1.53686e-05
-1.29069e-05
1.65683e-05
-1.11185e-05
1.75209e-05
-9.12406e-06
1.82198e-05
-6.99192e-06
1.86681e-05
-4.78306e-06
1.88758e-05
-2.55077e-06
1.88561e-05
-3.39657e-07
1.86269e-05
1.81362e-06
1.82065e-05
3.87965e-06
1.7615e-05
5.83612e-06
1.68717e-05
7.66872e-06
1.59948e-05
9.36823e-06
1.50015e-05
1.09293e-05
1.39072e-05
1.23496e-05
1.27263e-05
1.36283e-05
1.14716e-05
1.4767e-05
1.01548e-05
1.5768e-05
8.786e-06
1.66347e-05
7.37486e-06
1.73701e-05
5.92961e-06
1.79772e-05
4.45794e-06
1.84586e-05
2.96697e-06
1.88166e-05
1.46245e-06
1.90525e-05
1.84312e-05
0.000133026
9.12776e-05
0.000135159
9.66287e-05
0.000129333
9.91417e-05
0.000111468
9.44718e-05
7.89285e-05
7.8876e-05
4.85363e-05
5.02862e-05
1.81558e-05
2.10984e-05
-3.67378e-06
-1.24586e-05
-7.0168e-06
-2.58414e-05
-2.06007e-06
-2.74227e-05
2.75386e-06
-2.31544e-05
6.17705e-06
-2.03489e-05
8.76535e-06
-1.9154e-05
1.09925e-05
-1.84652e-05
1.30373e-05
-1.75866e-05
1.49012e-05
-1.62744e-05
1.65323e-05
-1.45379e-05
1.78877e-05
-1.24739e-05
1.89474e-05
-1.01837e-05
1.97094e-05
-7.75397e-06
2.0183e-05
-5.2566e-06
2.03839e-05
-2.75173e-06
2.03323e-05
-2.88046e-07
2.00508e-05
2.09513e-06
1.95632e-05
4.36726e-06
1.8893e-05
6.50628e-06
1.80631e-05
8.49865e-06
1.70947e-05
1.03366e-05
1.60068e-05
1.20172e-05
1.48168e-05
1.35396e-05
1.35399e-05
1.49051e-05
1.21898e-05
1.61171e-05
1.07786e-05
1.71792e-05
9.31689e-06
1.80964e-05
7.8143e-06
1.88727e-05
6.27905e-06
1.95125e-05
4.71862e-06
2.0019e-05
3.13989e-06
2.03953e-05
1.54824e-06
2.06442e-05
1.99794e-05
0.000133369
8.72258e-05
0.000137927
9.20709e-05
0.000139679
9.73895e-05
0.000134072
0.000100079
0.000117182
9.5766e-05
8.6391e-05
8.1077e-05
5.38275e-05
5.36619e-05
1.92766e-05
2.20922e-05
1.24225e-06
-7.80703e-06
-2.54085e-06
-2.36396e-05
6.83624e-07
-2.63789e-05
4.86878e-06
-2.45341e-05
8.43362e-06
-2.27189e-05
1.13623e-05
-2.13939e-05
1.38546e-05
-2.0079e-05
1.60243e-05
-1.8444e-05
1.78848e-05
-1.63985e-05
1.94106e-05
-1.39997e-05
2.05849e-05
-1.1358e-05
2.14098e-05
-8.57895e-06
2.19019e-05
-5.74869e-06
2.20848e-05
-2.93456e-06
2.1987e-05
-1.90299e-07
2.16377e-05
2.44448e-06
2.10664e-05
4.93848e-06
2.03018e-05
7.27091e-06
1.93704e-05
9.43007e-06
1.82962e-05
1.14108e-05
1.71008e-05
1.32126e-05
1.58031e-05
1.48373e-05
1.44194e-05
1.62889e-05
1.29641e-05
1.75724e-05
1.14496e-05
1.86938e-05
9.88683e-06
1.96591e-05
8.28521e-06
2.04743e-05
6.65296e-06
2.11448e-05
4.99721e-06
2.16748e-05
3.32469e-06
2.20678e-05
1.63992e-06
2.23289e-05
2.16193e-05
0.000135083
8.49629e-05
0.000138594
8.85602e-05
0.000142529
9.34541e-05
0.000143797
9.88111e-05
0.0001381
0.000101463
0.000121923
9.72548e-05
9.26016e-05
8.2983e-05
5.88602e-05
5.58336e-05
2.66661e-05
2.43871e-05
7.78308e-06
-4.75656e-06
1.96874e-06
-2.05645e-05
3.73671e-06
-2.6302e-05
7.70181e-06
-2.6684e-05
1.1561e-05
-2.52531e-05
1.47542e-05
-2.32722e-05
1.73507e-05
-2.10405e-05
1.94787e-05
-1.85265e-05
2.11852e-05
-1.57062e-05
2.24748e-05
-1.26476e-05
2.33565e-05
-9.46068e-06
2.38553e-05
-6.2475e-06
2.40032e-05
-3.08246e-06
2.38404e-05
-2.74754e-08
2.34034e-05
2.88149e-06
2.2729e-05
5.61279e-06
2.18512e-05
8.14874e-06
2.08007e-05
1.04805e-05
1.96048e-05
1.26068e-05
1.82873e-05
1.45301e-05
1.68687e-05
1.62559e-05
1.53664e-05
1.77912e-05
1.37953e-05
1.91435e-05
1.21682e-05
2.03209e-05
1.04958e-05
2.13315e-05
8.78756e-06
2.21826e-05
7.05124e-06
2.28811e-05
5.29375e-06
2.34323e-05
3.52105e-06
2.38405e-05
1.73736e-06
2.41126e-05
2.33567e-05
0.000138468
8.31527e-05
0.000140521
8.65076e-05
0.000143617
9.03584e-05
0.000146964
9.54641e-05
0.000147568
0.000100858
0.000141496
0.000103327
0.000125555
9.8924e-05
9.67119e-05
8.46765e-05
6.38239e-05
5.7275e-05
3.27428e-05
2.63245e-05
1.35205e-05
-1.3422e-06
6.13546e-06
-1.8917e-05
7.34342e-06
-2.78919e-05
1.1491e-05
-2.94006e-05
1.55945e-05
-2.73757e-05
1.88594e-05
-2.43055e-05
2.13593e-05
-2.10263e-05
2.32677e-05
-1.76146e-05
2.46671e-05
-1.4047e-05
2.55921e-05
-1.03857e-05
2.60773e-05
-6.73269e-06
2.61695e-05
-3.17474e-06
2.5916e-05
2.26043e-07
2.53661e-05
3.43137e-06
2.45644e-05
6.41449e-06
2.35509e-05
9.16225e-06
2.23609e-05
1.16705e-05
2.1025e-05
1.39428e-05
1.95691e-05
1.59859e-05
1.80152e-05
1.78098e-05
1.63817e-05
1.94248e-05
1.46837e-05
2.08414e-05
1.29341e-05
2.20705e-05
1.11435e-05
2.31221e-05
9.32083e-06
2.40053e-05
7.47345e-06
2.47285e-05
5.60769e-06
2.52981e-05
3.72881e-06
2.57194e-05
1.84033e-06
2.60011e-05
2.51971e-05
0.000141535
8.0069e-05
0.000143589
8.44535e-05
0.000145647
8.83003e-05
0.000148481
9.26305e-05
0.000151238
9.81013e-05
0.000151038
0.000103527
0.000144306
0.000105656
0.000128305
0.000100678
9.93903e-05
8.61895e-05
6.75131e-05
5.82017e-05
3.79804e-05
2.81905e-05
1.85262e-05
5.37109e-07
1.07183e-05
-2.0084e-05
1.2011e-05
-3.06933e-05
1.63374e-05
-3.17022e-05
2.04521e-05
-2.84201e-05
2.35348e-05
-2.4109e-05
2.57185e-05
-1.97983e-05
2.72251e-05
-1.55536e-05
2.81679e-05
-1.13285e-05
2.86108e-05
-7.17564e-06
2.8613e-05
-3.17697e-06
2.82373e-05
6.01822e-07
2.75433e-05
4.12533e-06
2.65851e-05
7.37268e-06
2.54097e-05
1.03377e-05
2.40567e-05
1.30235e-05
2.25601e-05
1.54394e-05
2.09479e-05
1.75981e-05
1.92432e-05
1.95145e-05
1.7465e-05
2.1203e-05
1.56285e-05
2.26779e-05
1.37464e-05
2.39527e-05
1.18288e-05
2.50397e-05
9.88389e-06
2.59502e-05
7.91858e-06
2.66938e-05
5.93825e-06
2.72784e-05
3.94731e-06
2.77104e-05
1.94869e-06
2.79998e-05
2.71458e-05
0.000141761
7.48876e-05
0.000145651
8.05644e-05
0.000148235
8.57156e-05
0.000150469
9.0397e-05
0.000153153
9.54171e-05
0.000155301
0.000101379
0.000154134
0.000106822
0.000146496
0.000108317
0.000130397
0.000102288
0.000101448
8.71501e-05
7.08353e-05
5.88035e-05
4.26783e-05
2.86942e-05
2.35304e-05
-9.36072e-07
1.63128e-05
-2.34757e-05
1.78537e-05
-3.32431e-05
2.21557e-05
-3.27222e-05
2.59694e-05
-2.79227e-05
2.85807e-05
-2.24097e-05
3.02188e-05
-1.71916e-05
3.11455e-05
-1.22553e-05
3.15013e-05
-7.53137e-06
3.13687e-05
-3.04444e-06
3.08289e-05
1.14162e-06
2.99522e-05
5.00208e-06
2.88027e-05
8.52217e-06
2.74344e-05
1.17059e-05
2.58918e-05
1.4566e-05
2.42117e-05
1.71195e-05
2.24237e-05
1.93862e-05
2.05516e-05
2.13866e-05
1.86146e-05
2.314e-05
1.66277e-05
2.46648e-05
1.4603e-05
2.59775e-05
1.25496e-05
2.7093e-05
1.0475e-05
2.80248e-05
8.38508e-06
2.87838e-05
6.28422e-06
2.93793e-05
4.17592e-06
2.98187e-05
2.06188e-06
3.01138e-05
2.92076e-05
0.000138395
6.91291e-05
0.000144399
7.45604e-05
0.000149189
8.09255e-05
0.000152449
8.71368e-05
0.000155071
9.27957e-05
0.000157631
9.88187e-05
0.000159046
0.000105408
0.000156669
0.000110694
0.000147927
0.00011103
0.000131717
0.000103361
0.000103443
8.70775e-05
7.39176e-05
5.82192e-05
4.76209e-05
2.53606e-05
2.92294e-05
-5.0842e-06
2.27874e-05
-2.68011e-05
2.46801e-05
-3.46149e-05
2.87139e-05
-3.19565e-05
3.18644e-05
-2.55602e-05
3.3707e-05
-1.90341e-05
3.4591e-05
-1.31393e-05
3.4797e-05
-7.73741e-06
3.4474e-05
-2.72138e-06
3.37158e-05
1.89981e-06
3.26086e-05
6.10929e-06
3.12263e-05
9.90448e-06
2.96298e-05
1.33023e-05
2.78678e-05
1.6328e-05
2.59792e-05
1.90082e-05
2.39944e-05
2.1371e-05
2.19376e-05
2.34434e-05
1.98274e-05
2.52502e-05
1.76781e-05
2.68141e-05
1.55006e-05
2.8155e-05
1.3303e-05
2.92907e-05
1.10916e-05
3.02362e-05
8.87084e-06
3.10045e-05
6.64403e-06
3.16061e-05
4.41349e-06
3.20492e-05
2.17938e-06
3.23479e-05
3.1387e-05
0.000135833
7.08147e-05
0.000139819
7.05738e-05
0.000146198
7.45464e-05
0.000152035
8.13002e-05
0.00015629
8.85409e-05
0.000159408
9.57008e-05
0.00016176
0.000103056
0.000162195
0.000110258
0.000158307
0.000114918
0.000148304
0.000113364
0.000131787
0.000103595
0.000104644
8.53621e-05
7.56579e-05
5.43463e-05
5.16704e-05
1.89033e-05
3.46145e-05
-9.74519e-06
2.99154e-05
-2.99158e-05
3.22564e-05
-3.42975e-05
3.5624e-05
-2.89279e-05
3.77319e-05
-2.1142e-05
3.85681e-05
-1.39755e-05
3.85563e-05
-7.72558e-06
3.79601e-05
-2.12516e-06
3.69175e-05
2.94238e-06
3.55236e-05
7.50319e-06
3.38611e-05
1.1567e-05
3.19968e-05
1.51667e-05
2.99827e-05
1.83421e-05
2.78586e-05
2.11322e-05
2.56552e-05
2.35744e-05
2.33959e-05
2.57027e-05
2.1098e-05
2.7548e-05
1.87745e-05
2.91376e-05
1.64346e-05
3.04949e-05
1.40849e-05
3.16403e-05
1.17301e-05
3.2591e-05
9.37306e-06
3.33616e-05
7.01558e-06
3.39636e-05
4.65853e-06
3.44063e-05
2.30052e-06
3.4706e-05
3.36876e-05
0.00014156
7.57264e-05
0.000139118
7.30158e-05
0.000140544
7.3121e-05
0.000147216
7.46279e-05
0.000154431
8.13258e-05
0.000159892
9.02397e-05
0.000163447
9.95014e-05
0.000165333
0.000108372
0.000164378
0.000115873
0.000158699
0.000119043
0.000147523
0.000114771
0.000130073
0.000102812
0.000103487
8.09325e-05
7.66514e-05
4.57386e-05
5.36607e-05
1.32455e-05
4.02572e-05
-1.65123e-05
3.78456e-05
-3.18859e-05
4.01599e-05
-3.12422e-05
4.23359e-05
-2.3318e-05
4.31143e-05
-1.47539e-05
4.28219e-05
-7.43326e-06
4.1861e-05
-1.16429e-06
4.04516e-05
4.35182e-06
3.87038e-05
9.25095e-06
3.6707e-05
1.35638e-05
3.45311e-05
1.73425e-05
3.22297e-05
2.06435e-05
2.98423e-05
2.35197e-05
2.7398e-05
2.60186e-05
2.49184e-05
2.81823e-05
2.24188e-05
3.00477e-05
1.99099e-05
3.16465e-05
1.73988e-05
3.30061e-05
1.489e-05
3.41491e-05
1.2386e-05
3.5095e-05
9.8881e-06
3.58595e-05
7.3961e-06
3.64556e-05
4.90917e-06
3.68932e-05
2.42444e-06
3.71907e-05
3.6112e-05
0.000149719
7.72215e-05
0.000145454
7.72809e-05
0.000142552
7.60228e-05
0.00014266
7.45197e-05
0.000147967
7.60189e-05
0.000156851
8.13552e-05
0.000163543
9.28099e-05
0.000167163
0.000104752
0.000168007
0.000115029
0.000165189
0.000121862
0.000157672
0.000122288
0.000145752
0.000114732
0.000126025
0.00010066
9.89666e-05
7.27967e-05
7.61608e-05
3.60512e-05
5.64379e-05
3.21064e-06
4.70679e-05
-2.25159e-05
4.61989e-05
-3.03732e-05
4.76761e-05
-2.47953e-05
4.82598e-05
-1.53375e-05
4.76139e-05
-6.78745e-06
4.61997e-05
2.49971e-07
4.43251e-05
6.22637e-06
4.21465e-05
1.14295e-05
3.97555e-05
1.59548e-05
3.72216e-05
1.98764e-05
3.45966e-05
2.32685e-05
3.19175e-05
2.61987e-05
2.92105e-05
2.87256e-05
2.64938e-05
3.08991e-05
2.37795e-05
3.2762e-05
2.10751e-05
3.43509e-05
1.83852e-05
3.5696e-05
1.57114e-05
3.68229e-05
1.30539e-05
3.77525e-05
1.04115e-05
3.85019e-05
7.78229e-06
3.90849e-05
5.16335e-06
3.95122e-05
2.54997e-06
3.98041e-05
3.8662e-05
0.000153845
7.2371e-05
0.000154088
7.70382e-05
0.000150274
7.9837e-05
0.000145955
7.8839e-05
0.000145417
7.65568e-05
0.000149927
7.68452e-05
0.000160171
8.2566e-05
0.000167583
9.73395e-05
0.000170341
0.000112271
0.000169361
0.000122842
0.000164369
0.00012728
0.000155364
0.000123737
0.000142872
0.000113152
0.000120348
9.532e-05
9.77148e-05
5.86847e-05
7.62592e-05
2.46662e-05
6.05522e-05
-6.80891e-06
5.46209e-05
-2.44418e-05
5.40935e-05
-2.42679e-05
5.40637e-05
-1.53077e-05
5.29461e-05
-5.66982e-06
5.09704e-05
2.22561e-06
4.85301e-05
8.66666e-06
4.58366e-05
1.4123e-05
4.29882e-05
1.88032e-05
4.00486e-05
2.2816e-05
3.70639e-05
2.62532e-05
3.40661e-05
2.91965e-05
3.1076e-05
3.17157e-05
2.81069e-05
3.38681e-05
2.51666e-05
3.57023e-05
2.22587e-05
3.72588e-05
1.93839e-05
3.85709e-05
1.65408e-05
3.9666e-05
1.37268e-05
4.05666e-05
1.09381e-05
4.12906e-05
8.17022e-06
4.18527e-05
5.41848e-06
4.22639e-05
2.67586e-06
4.25467e-05
4.13378e-05
0.000153948
6.53778e-05
0.000159152
7.18333e-05
0.000160493
7.84961e-05
0.000156612
8.27201e-05
0.000150356
8.28135e-05
0.000147974
7.92267e-05
0.000152997
7.75426e-05
0.000164791
8.5546e-05
0.000171553
0.000105508
0.000172323
0.000122072
0.000168937
0.000130666
0.000161918
0.000130756
0.000152211
0.000122858
0.000137498
0.000110034
0.000113723
8.24595e-05
9.48828e-05
4.35064e-05
7.65211e-05
1.15528e-05
6.56934e-05
-1.36141e-05
6.19929e-05
-2.05674e-05
6.06345e-05
-1.39492e-05
5.88006e-05
-3.83601e-06
5.61423e-05
4.88398e-06
5.30353e-05
1.17736e-05
4.97427e-05
1.74157e-05
4.63734e-05
2.21724e-05
4.29819e-05
2.62075e-05
3.96041e-05
2.9631e-05
3.62632e-05
3.25375e-05
3.29725e-05
3.50064e-05
2.97387e-05
3.71019e-05
2.65638e-05
3.88772e-05
2.34464e-05
4.03762e-05
2.0383e-05
4.16343e-05
1.73685e-05
4.26806e-05
1.43968e-05
4.35382e-05
1.14615e-05
4.4226e-05
8.5554e-06
4.47588e-05
5.67148e-06
4.51479e-05
2.80065e-06
4.54176e-05
4.41385e-05
0.000155492
5.98025e-05
0.000161683
6.56421e-05
0.000167432
7.27478e-05
0.00016915
8.1002e-05
0.000164224
8.77388e-05
0.000154727
8.8724e-05
0.000150273
8.19962e-05
0.000157412
7.84073e-05
0.000170479
9.24418e-05
0.000174394
0.000118157
0.000172335
0.000132726
0.000166629
0.000136462
0.000158381
0.000131105
0.000148349
0.000120066
0.000128518
0.000102291
0.000110755
6.12694e-05
9.2929e-05
2.9379e-05
7.88448e-05
4.70075e-07
7.15467e-05
-1.32693e-05
6.81081e-05
-1.05106e-05
6.51685e-05
-8.96394e-07
6.16627e-05
8.38972e-06
5.77845e-05
1.56518e-05
5.38131e-05
2.13871e-05
4.98644e-05
2.61211e-05
4.59798e-05
3.00921e-05
4.21804e-05
3.34304e-05
3.84768e-05
3.62411e-05
3.48725e-05
3.86107e-05
3.13656e-05
4.06087e-05
2.79511e-05
4.22918e-05
2.46217e-05
4.37056e-05
2.13687e-05
4.48872e-05
1.8183e-05
4.58663e-05
1.50549e-05
4.66663e-05
1.19747e-05
4.73062e-05
8.93259e-06
4.78009e-05
5.91902e-06
4.81614e-05
2.92264e-06
4.84139e-05
4.70612e-05
0.000160966
5.52601e-05
0.000165802
6.08062e-05
0.000172001
6.65484e-05
0.000178283
7.47205e-05
0.000179778
8.62437e-05
0.00017189
9.66124e-05
0.000157748
9.61379e-05
0.000152879
8.32763e-05
0.000164807
8.05133e-05
0.000175159
0.000107805
0.000174861
0.000133024
0.000170019
0.000141304
0.000162724
0.0001384
0.00015435
0.00012844
0.000141504
0.000115136
0.000123371
7.94023e-05
0.000107541
4.52092e-05
9.2468e-05
1.5543e-05
8.23135e-05
-3.11473e-06
7.64474e-05
-4.64462e-06
7.20016e-05
3.5495e-06
6.74419e-05
1.29493e-05
6.26895e-05
2.04042e-05
5.79722e-05
2.61044e-05
5.33967e-05
3.06965e-05
4.89875e-05
3.45013e-05
4.47462e-05
3.76717e-05
4.06677e-05
4.03196e-05
3.6743e-05
4.25354e-05
3.29601e-05
4.43917e-05
2.93055e-05
4.59464e-05
2.57652e-05
4.72458e-05
2.23253e-05
4.83272e-05
1.89716e-05
4.92199e-05
1.56909e-05
4.99471e-05
1.24699e-05
5.05272e-05
9.29613e-06
5.09747e-05
6.15736e-06
5.13002e-05
3.03997e-06
5.15313e-05
5.01011e-05
0.000168759
5.03563e-05
0.000173197
5.63687e-05
0.000178427
6.13175e-05
0.000185569
6.75791e-05
0.000192346
7.94661e-05
0.000191745
9.72139e-05
0.000177963
0.00010992
0.000159172
0.000102067
0.000158132
8.15535e-05
0.000173914
9.20236e-05
0.000176401
0.000130537
0.000172446
0.000145259
0.000165831
0.000145016
0.000158186
0.000136085
0.000149005
0.000124316
0.0001312
9.72079e-05
0.000119016
5.7393e-05
0.000105007
2.95522e-05
9.33736e-05
8.51853e-06
8.53416e-05
3.38738e-06
7.91585e-05
9.73258e-06
7.33549e-05
1.87529e-05
6.76332e-05
2.61259e-05
6.212e-05
3.16176e-05
5.68882e-05
3.59284e-05
5.19371e-05
3.94523e-05
4.72454e-05
4.23634e-05
4.27896e-05
4.47754e-05
3.85458e-05
4.67792e-05
3.44904e-05
4.84471e-05
3.06009e-05
4.98359e-05
2.68558e-05
5.09909e-05
2.32352e-05
5.19478e-05
1.97203e-05
5.27348e-05
1.62936e-05
5.33738e-05
1.29386e-05
5.38822e-05
9.63982e-06
5.42734e-05
6.38247e-06
5.45576e-05
3.1507e-06
5.47631e-05
5.32518e-05
0.000177072
4.49595e-05
0.00018224
5.12001e-05
0.000187884
5.56741e-05
0.000194719
6.07437e-05
0.000202919
7.12662e-05
0.000208456
9.16766e-05
0.000201914
0.000116462
0.000179953
0.000124028
0.000161735
9.9772e-05
0.000172084
8.16742e-05
0.000177162
0.000125459
0.000173967
0.000148453
0.000167882
0.000151101
0.000160915
0.000143052
0.000153685
0.000131547
0.000138221
0.000112672
0.000127253
6.83604e-05
0.000115389
4.14169e-05
0.00010364
2.02668e-05
9.41557e-05
1.28719e-05
8.63484e-05
1.75399e-05
7.92171e-05
2.58842e-05
7.24661e-05
3.28769e-05
6.61339e-05
3.79499e-05
6.02395e-05
4.18227e-05
5.47486e-05
4.49433e-05
4.96134e-05
4.74985e-05
4.47898e-05
4.9599e-05
4.02379e-05
5.13311e-05
3.59217e-05
5.27633e-05
3.18089e-05
5.39487e-05
2.78703e-05
5.49294e-05
2.408e-05
5.57382e-05
2.04141e-05
5.64006e-05
1.68513e-05
5.69366e-05
1.33718e-05
5.73617e-05
9.95715e-06
5.76881e-05
6.59012e-06
5.79246e-05
3.25272e-06
5.81005e-05
5.65045e-05
0.000185019
3.99599e-05
0.000190772
4.54469e-05
0.000199191
4.72556e-05
0.000208799
5.11355e-05
0.000217215
6.28496e-05
0.000223615
8.52773e-05
0.000222592
0.000117485
0.00020518
0.00014144
0.00017637
0.000128582
0.000168184
8.98603e-05
0.00017701
0.000116633
0.000174446
0.000151017
0.000168803
0.000156744
0.000162429
0.000149426
0.00015633
0.000137647
0.000146092
0.00012291
0.000134749
7.97027e-05
0.000123967
5.21996e-05
0.000112654
3.15789e-05
0.000102418
2.31088e-05
9.32563e-05
2.67012e-05
8.48099e-05
3.43305e-05
7.70143e-05
4.06725e-05
6.98728e-05
4.50914e-05
6.33381e-05
4.83573e-05
5.73322e-05
5.09492e-05
5.17785e-05
5.30522e-05
4.66112e-05
5.47664e-05
4.17736e-05
5.61687e-05
3.72171e-05
5.73197e-05
3.28996e-05
5.82662e-05
2.87846e-05
5.90444e-05
2.484e-05
5.96828e-05
2.10375e-05
6.02031e-05
1.73519e-05
6.06223e-05
1.37602e-05
6.09534e-05
1.02414e-05
6.12068e-05
6.77598e-06
6.13901e-05
3.34388e-06
6.15326e-05
5.98484e-05
0.000195598
3.45095e-05
0.000200764
4.02816e-05
0.00021115
3.68696e-05
0.000226625
3.56603e-05
0.000239813
4.96614e-05
0.000246158
7.89329e-05
0.000244206
0.000119436
0.00022903
0.000156616
0.000198155
0.000159457
0.000170262
0.000117753
0.00017723
0.000109666
0.000173877
0.00015437
0.000168546
0.000162075
0.000162769
0.000155203
0.000157269
0.000143147
0.000150203
0.000129976
0.000140423
8.94827e-05
0.00013101
6.16129e-05
0.000120718
4.18705e-05
0.000110107
3.37202e-05
9.96723e-05
3.71359e-05
8.99071e-05
4.40958e-05
8.10865e-05
4.94932e-05
7.3183e-05
5.29948e-05
6.60624e-05
5.54779e-05
5.95926e-05
5.7419e-05
5.36657e-05
5.89791e-05
4.81941e-05
6.02379e-05
4.31053e-05
6.12575e-05
3.83386e-05
6.20864e-05
3.38427e-05
6.2762e-05
2.95742e-05
6.33129e-05
2.54958e-05
6.37612e-05
2.1575e-05
6.41239e-05
1.77832e-05
6.44141e-05
1.40946e-05
6.4642e-05
1.0486e-05
6.48154e-05
6.9357e-06
6.49404e-05
3.42205e-06
6.50463e-05
6.32705e-05
0.000210115
2.72582e-05
0.000213531
3.68658e-05
0.000220891
2.95091e-05
0.000234423
2.2129e-05
0.000250202
3.38819e-05
0.000261367
6.77679e-05
0.000263104
0.0001177
0.00024971
0.00017001
0.000220496
0.000188671
0.000186316
0.000151933
0.000177985
0.000117996
0.000172064
0.000160291
0.00016696
0.000167179
0.000161979
0.000160184
0.00015706
0.000148065
0.000151426
0.00013561
0.000144087
9.68216e-05
0.000137122
6.85781e-05
0.000128122
5.08707e-05
0.000117068
4.4774e-05
0.00010527
4.89342e-05
9.42128e-05
5.51528e-05
8.44594e-05
5.92465e-05
7.58979e-05
6.15563e-05
6.82857e-05
6.30901e-05
6.14325e-05
6.42722e-05
5.51997e-05
6.52119e-05
4.94801e-05
6.59575e-05
4.4187e-05
6.65506e-05
3.92495e-05
6.70239e-05
3.46088e-05
6.74028e-05
3.02157e-05
6.7706e-05
2.60285e-05
6.79483e-05
2.20116e-05
6.81409e-05
1.81334e-05
6.82923e-05
1.43661e-05
6.84092e-05
1.06844e-05
6.84971e-05
7.06512e-06
6.85597e-05
3.48519e-06
6.86262e-05
6.67557e-05
0.000229122
1.56925e-05
0.00023039
3.55986e-05
0.000223952
3.59462e-05
0.000223979
2.2103e-05
0.000234596
2.32645e-05
0.000250148
5.22159e-05
0.000261372
0.000106476
0.000257593
0.000173788
0.000236432
0.000209833
0.000205365
0.000182999
0.000178584
0.000144778
0.000168974
0.000169901
0.00016414
0.000172013
0.000160246
0.000164078
0.000156214
0.000152097
0.000151824
0.00014
0.000147671
0.000100974
0.000142832
7.34174e-05
0.00013453
5.91723e-05
0.00012263
5.66741e-05
0.000109469
6.20952e-05
9.73353e-05
6.72866e-05
8.68806e-05
6.97012e-05
7.78461e-05
7.05908e-05
6.98848e-05
7.10514e-05
6.276e-05
7.13971e-05
5.63106e-05
7.16613e-05
5.04149e-05
7.18532e-05
4.49762e-05
7.19893e-05
3.99162e-05
7.2084e-05
3.51709e-05
7.2148e-05
3.06873e-05
7.21896e-05
2.64208e-05
7.22148e-05
2.23334e-05
7.22284e-05
1.83917e-05
7.22339e-05
1.45664e-05
7.22346e-05
1.08308e-05
7.22327e-05
7.1604e-06
7.22301e-05
3.53144e-06
7.22551e-05
7.02871e-05
0.000255179
-5.56889e-06
0.000266653
2.41238e-05
0.000254421
4.81788e-05
0.000236068
4.04561e-05
0.00022943
2.99027e-05
0.000235391
4.62542e-05
0.000245129
9.67379e-05
0.000249731
0.000169187
0.00023881
0.000220754
0.000213572
0.000208237
0.000176845
0.000181504
0.000164538
0.000182208
0.0001604
0.000176151
0.000157771
0.000166707
0.00015489
0.000154979
0.00015191
0.00014298
0.000151896
0.000100988
0.000148047
7.72657e-05
0.000139301
6.79181e-05
0.000126015
6.99608e-05
0.000111669
7.64412e-05
9.89003e-05
8.00551e-05
8.81231e-05
8.04783e-05
7.88792e-05
7.98347e-05
7.07551e-05
7.91755e-05
6.34982e-05
7.8654e-05
5.69403e-05
7.82192e-05
5.09537e-05
7.78398e-05
4.54374e-05
7.75056e-05
4.03103e-05
7.72111e-05
3.55062e-05
7.69521e-05
3.09706e-05
7.67251e-05
2.66578e-05
7.65276e-05
2.25286e-05
7.63576e-05
1.85488e-05
7.62137e-05
1.46884e-05
7.6095e-05
1.09198e-05
7.60012e-05
7.21817e-06
7.59317e-05
3.55915e-06
7.59141e-05
7.38462e-05
0.000285012
-3.50289e-05
0.00030428
4.8553e-06
0.000296572
5.58868e-05
0.000265698
7.13299e-05
0.000238959
5.66419e-05
0.000227389
5.78243e-05
0.000226821
9.73061e-05
0.000230383
0.000165625
0.000223678
0.000227458
0.000201184
0.000230732
0.000168437
0.000214251
0.000158789
0.000191856
0.000156129
0.000178811
0.000154712
0.000168124
0.000153021
0.00015667
0.000152039
0.000143962
0.00015554
9.74879e-05
0.000151589
8.12168e-05
0.000141135
7.8372e-05
0.000126254
8.48412e-05
0.000111357
9.1338e-05
9.86606e-05
9.2752e-05
8.80467e-05
9.10923e-05
7.8903e-05
8.89784e-05
7.08286e-05
8.72499e-05
6.35964e-05
8.58862e-05
5.70496e-05
8.4766e-05
5.10652e-05
8.38241e-05
4.55454e-05
8.30255e-05
4.0411e-05
8.23455e-05
3.55975e-05
8.17656e-05
3.10514e-05
8.12712e-05
2.67277e-05
8.08513e-05
2.25876e-05
8.04977e-05
1.85971e-05
8.02041e-05
1.47262e-05
7.9966e-05
1.09474e-05
7.97799e-05
7.23567e-06
7.96435e-05
3.56698e-06
7.95828e-05
7.74132e-05
0.000314266
-6.9111e-05
0.000337054
-1.79328e-05
0.000333258
5.96827e-05
0.000294296
0.000110292
0.00024844
0.000102498
0.000220635
8.56294e-05
0.000208842
0.000109099
0.000202829
0.000171638
0.000191385
0.000238902
0.000172053
0.000250063
0.000155933
0.000230371
0.000152601
0.000195188
0.000151538
0.000179873
0.000151073
0.000168589
0.000150534
0.000157209
0.00015274
0.000141756
0.000156648
9.35796e-05
0.000151301
8.65641e-05
0.000138703
9.09692e-05
0.000122937
0.000100607
0.000108538
0.000105737
9.6664e-05
0.000104626
8.66633e-05
0.000101093
7.79085e-05
9.77332e-05
7.00905e-05
9.50678e-05
6.3039e-05
9.29377e-05
5.66232e-05
9.11818e-05
5.07352e-05
8.97121e-05
4.52869e-05
8.84737e-05
4.02065e-05
8.7426e-05
3.54343e-05
8.65377e-05
3.09206e-05
8.57849e-05
2.66228e-05
8.51491e-05
2.2504e-05
8.46166e-05
1.85313e-05
8.41767e-05
1.46757e-05
8.38216e-05
1.09104e-05
8.35452e-05
7.21089e-06
8.3343e-05
3.55389e-06
8.32398e-05
8.09671e-05
0.000289104
-8.43575e-05
0.000306127
-3.4956e-05
0.000322247
4.35629e-05
0.000304394
0.000128145
0.000257776
0.000149115
0.000215582
0.000127823
0.000188849
0.000135833
0.000167007
0.00019348
0.00014902
0.000256889
0.000140568
0.000258515
0.000144983
0.000225957
0.000146484
0.000193687
0.000146588
0.00017977
0.000146887
0.00016829
0.000147405
0.00015669
0.000154711
0.00013445
0.00015521
9.30815e-05
0.000147056
9.47173e-05
0.000132441
0.000105585
0.000116816
0.000116232
0.000103783
0.00011877
9.32202e-05
0.000115189
8.41204e-05
0.000110193
7.59677e-05
0.000105886
6.8579e-05
0.000102457
6.18466e-05
9.96701e-05
5.56721e-05
9.73564e-05
4.99685e-05
9.54157e-05
4.4663e-05
9.37792e-05
3.96951e-05
9.23939e-05
3.50137e-05
9.12192e-05
3.05746e-05
9.0224e-05
2.63395e-05
8.93842e-05
2.22743e-05
8.86817e-05
1.83486e-05
8.81025e-05
1.45347e-05
8.76356e-05
1.08072e-05
8.72727e-05
7.14266e-06
8.70075e-05
3.51932e-06
8.68631e-05
8.44864e-05
0.000209947
0.000210868
0.000237199
0.000256255
0.000238164
0.000200907
0.0001609
0.000126222
0.000115558
0.000124812
0.000138558
0.000140629
0.000141403
0.000142588
0.000144926
0.00015795
0.000152548
0.000139814
0.000123359
0.00010883
9.77305e-05
8.86883e-05
8.06235e-05
7.32105e-05
6.63794e-05
6.00743e-05
5.42297e-05
4.87842e-05
4.36844e-05
3.88834e-05
3.43395e-05
3.00159e-05
2.58793e-05
2.18997e-05
1.80494e-05
1.43031e-05
1.06374e-05
7.03062e-06
3.46296e-06
)
;

boundaryField
{
    leftWall
    {
        type            calculated;
        value           nonuniform 0();
    }
    rightWall
    {
        type            calculated;
        value           uniform 0;
    }
    lowerWall
    {
        type            calculated;
        value           uniform 0;
    }
    atmosphere
    {
        type            calculated;
        value           nonuniform 0();
    }
    defaultFaces
    {
        type            empty;
        value           nonuniform 0();
    }
    procBoundary1to0
    {
        type            processor;
        value           nonuniform List<scalar> 
44
(
2.7135e-05
1.56942e-05
-6.4329e-06
-2.45975e-05
-3.27803e-05
-3.46195e-05
-3.37883e-05
-3.3477e-05
-3.55264e-05
-4.04619e-05
-5.07179e-05
-6.27454e-05
-7.24878e-05
-8.03038e-05
-8.72849e-05
-9.37106e-05
-9.96349e-05
-0.000105274
-0.000111613
-0.000116769
5.99438e-05
-0.000121539
-0.000121391
-0.00012489
-0.000141131
-0.000155831
-0.000152008
-0.000131673
-0.00011411
-0.000110593
-0.000115827
-0.000122264
-0.000128128
-0.000133937
-0.00013989
-0.000145993
-0.000152257
-0.0001586
-0.000164791
-0.000170791
-0.000176627
-0.000181681
-0.000185371
-0.000188463
)
;
    }
    procBoundary1to3
    {
        type            processor;
        value           nonuniform List<scalar> 
45
(
-8.76086e-05
-8.37642e-05
-8.61262e-05
-8.768e-05
-7.98087e-05
-6.65748e-05
-3.58772e-05
1.72313e-05
0.000109089
0.000167207
0.000165081
0.000175839
0.000228159
0.000267553
0.000249261
0.000212211
0.000191615
0.000178996
0.000167106
0.000154352
0.000121426
9.84835e-05
0.00010745
0.00012204
0.00013076
0.00012987
0.000124231
0.000118258
0.000113299
0.000109287
0.000105975
0.000103201
0.000100861
9.88788e-05
9.71949e-05
9.57631e-05
9.45476e-05
9.35208e-05
9.26614e-05
9.19528e-05
9.13819e-05
9.09384e-05
9.06143e-05
9.04308e-05
8.79495e-05
)
;
    }
}


// ************************************************************************* //
