/*--------------------------------*- C++ -*----------------------------------*\
| =========                 |                                                 |
| \\      /  F ield         | OpenFOAM: The Open Source CFD Toolbox           |
|  \\    /   O peration     | Version:  3.0.1                                 |
|   \\  /    A nd           | Web:      www.OpenFOAM.org                      |
|    \\/     M anipulation  |                                                 |
\*---------------------------------------------------------------------------*/
FoamFile
{
    version     2.0;
    format      ascii;
    class       volVectorField;
    location    "0.25";
    object      U;
}
// * * * * * * * * * * * * * * * * * * * * * * * * * * * * * * * * * * * * * //

dimensions      [0 1 -1 0 0 0 0];

internalField   nonuniform List<vector> 
1915
(
(-0.321993 -0.0917232 0)
(-0.125157 -0.120958 0)
(-0.203848 -0.168197 0)
(-0.0861123 -0.29718 0)
(0.0266442 -0.125972 0)
(0.0235439 -0.348999 0)
(0.269621 -0.0127304 0)
(0.126125 -0.241889 0)
(0.390704 0.136286 0)
(0.179031 -0.0835035 0)
(0.426338 0.290108 0)
(0.19845 0.123626 0)
(0.42228 0.437754 0)
(0.205055 0.344086 0)
(0.41957 0.577848 0)
(0.209014 0.572772 0)
(0.450934 0.70611 0)
(0.245857 0.81095 0)
(0.545176 0.824678 0)
(0.264502 1.09799 0)
(0.00451725 -0.00590059 0)
(0.0130165 -0.00432616 0)
(0.0180585 -0.00197277 0)
(0.0207637 -0.000389638 0)
(0.0229561 0.000246759 0)
(0.0257684 8.05738e-05 0)
(0.0299873 -0.000489776 0)
(0.035709 -0.00123851 0)
(0.0428165 -0.00190133 0)
(0.0508333 -0.00233849 0)
(0.0591067 -0.0024414 0)
(0.0673627 -0.002371 0)
(0.0753683 -0.00225959 0)
(0.0829729 -0.00213593 0)
(0.0900885 -0.0020039 0)
(0.0966261 -0.00184479 0)
(0.102499 -0.00164669 0)
(0.10763 -0.00142305 0)
(0.111945 -0.00117416 0)
(0.115384 -0.000894115 0)
(0.117873 -0.000576113 0)
(0.119341 -0.000218603 0)
(0.119737 0.000173712 0)
(0.118998 0.000494734 0)
(0.117252 0.000777612 0)
(0.114552 0.0010562 0)
(0.110936 0.00133161 0)
(0.106447 0.00159996 0)
(0.10112 0.00185705 0)
(0.0950097 0.00209928 0)
(0.0881752 0.00232466 0)
(0.0806752 0.00252465 0)
(0.0725577 0.00270977 0)
(0.0639075 0.00287449 0)
(0.0547948 0.00301411 0)
(0.0452845 0.00313445 0)
(0.0354516 0.00322994 0)
(0.0253702 0.00329911 0)
(0.0151498 0.00333074 0)
(0.00488939 0.00335007 0)
(-0.00218566 -0.00653596 0)
(-0.00326847 -0.00515393 0)
(-0.00255591 -0.0034163 0)
(0.00109121 -0.0031953 0)
(0.00734863 -0.00389422 0)
(0.0153222 -0.00522662 0)
(0.0245383 -0.00667511 0)
(0.0343812 -0.00793527 0)
(0.0445357 -0.00881783 0)
(0.0545582 -0.00932521 0)
(0.0645 -0.00943162 0)
(0.0743572 -0.00926411 0)
(0.0839759 -0.00892137 0)
(0.0931652 -0.00843607 0)
(0.101771 -0.00783615 0)
(0.109678 -0.00713051 0)
(0.116771 -0.00632659 0)
(0.122958 -0.00543764 0)
(0.128175 -0.00447137 0)
(0.132349 -0.0034338 0)
(0.135448 -0.00233094 0)
(0.137469 -0.00117502 0)
(0.138398 1.61215e-05 0)
(0.138267 0.00116995 0)
(0.136981 0.002277 0)
(0.134505 0.00335412 0)
(0.130853 0.00439858 0)
(0.126065 0.00540401 0)
(0.120195 0.00635867 0)
(0.113297 0.00725239 0)
(0.105446 0.00808024 0)
(0.096716 0.00882833 0)
(0.0871842 0.00950706 0)
(0.0769385 0.0101055 0)
(0.0660762 0.0106179 0)
(0.0546854 0.0110487 0)
(0.0428554 0.0113909 0)
(0.0306832 0.0116449 0)
(0.018307 0.0117872 0)
(0.00577333 0.0113796 0)
(-0.00197996 -0.00336701 0)
(-0.00184112 -0.00462595 0)
(0.000249899 -0.00525785 0)
(0.00454607 -0.00726439 0)
(0.0105524 -0.00940245 0)
(0.0175362 -0.0117143 0)
(0.0257133 -0.0136872 0)
(0.0348027 -0.015139 0)
(0.044579 -0.0160433 0)
(0.0546476 -0.0164639 0)
(0.0647497 -0.0165099 0)
(0.0747286 -0.0162243 0)
(0.0844091 -0.0156441 0)
(0.0936261 -0.0148105 0)
(0.102255 -0.0137571 0)
(0.110195 -0.0125132 0)
(0.117343 -0.011108 0)
(0.123605 -0.00954975 0)
(0.128904 -0.00785896 0)
(0.133165 -0.00606037 0)
(0.136331 -0.0041829 0)
(0.138364 -0.00225568 0)
(0.139238 -0.000310026 0)
(0.138945 0.00167509 0)
(0.137477 0.00365538 0)
(0.134839 0.00559352 0)
(0.131053 0.00747084 0)
(0.126155 0.00927402 0)
(0.120192 0.010984 0)
(0.113222 0.0125862 0)
(0.105319 0.0140706 0)
(0.0965567 0.0154238 0)
(0.0870087 0.0166401 0)
(0.0767576 0.0177127 0)
(0.065903 0.0186375 0)
(0.0545289 0.0194076 0)
(0.0427246 0.0200234 0)
(0.0305848 0.0204863 0)
(0.0182544 0.0207689 0)
(0.00574002 0.0200362 0)
(-0.00106259 -0.00336857 0)
(0.000105847 -0.00628078 0)
(0.00188695 -0.00758711 0)
(0.0049391 -0.0103826 0)
(0.00976489 -0.0132072 0)
(0.0160113 -0.0164963 0)
(0.0241579 -0.0193815 0)
(0.0335529 -0.0215927 0)
(0.0437646 -0.0230716 0)
(0.0542574 -0.023739 0)
(0.0647138 -0.02376 0)
(0.0749784 -0.0232842 0)
(0.0848818 -0.0224044 0)
(0.0942775 -0.0211931 0)
(0.103059 -0.0196924 0)
(0.111131 -0.0179275 0)
(0.118398 -0.0159308 0)
(0.124765 -0.0137174 0)
(0.130151 -0.0113141 0)
(0.134481 -0.00875252 0)
(0.137694 -0.00606968 0)
(0.139748 -0.00330002 0)
(0.140606 -0.000484324 0)
(0.140251 0.00234408 0)
(0.138693 0.00516123 0)
(0.135949 0.00792815 0)
(0.13205 0.0106143 0)
(0.127036 0.013197 0)
(0.120959 0.0156466 0)
(0.11388 0.0179427 0)
(0.105875 0.0200714 0)
(0.097018 0.0220154 0)
(0.0873856 0.0237585 0)
(0.0770623 0.0252989 0)
(0.0661422 0.0266275 0)
(0.0547111 0.0277341 0)
(0.0428603 0.0286224 0)
(0.0306782 0.0292923 0)
(0.0183155 0.0297068 0)
(0.00576715 0.028647 0)
(-0.00190462 -0.00367664 0)
(-0.00226682 -0.00725912 0)
(-0.00104796 -0.00883039 0)
(0.00178411 -0.0130204 0)
(0.00673476 -0.0170158 0)
(0.0130812 -0.0217345 0)
(0.021779 -0.0257656 0)
(0.031811 -0.0287831 0)
(0.0426774 -0.0306444 0)
(0.0537891 -0.0313994 0)
(0.0647325 -0.0313092 0)
(0.0753745 -0.0305985 0)
(0.0855913 -0.0293978 0)
(0.0952578 -0.027784 0)
(0.104283 -0.0258074 0)
(0.112574 -0.0234953 0)
(0.120036 -0.0208804 0)
(0.126581 -0.0179904 0)
(0.13212 -0.0148486 0)
(0.136574 -0.0115019 0)
(0.139878 -0.0079917 0)
(0.141989 -0.00436308 0)
(0.142874 -0.000671958 0)
(0.142515 0.00303569 0)
(0.140921 0.00671855 0)
(0.138112 0.0103326 0)
(0.134125 0.0138397 0)
(0.129004 0.0172079 0)
(0.122799 0.0203996 0)
(0.115583 0.0233897 0)
(0.107431 0.0261602 0)
(0.0984184 0.0286871 0)
(0.0886269 0.0309576 0)
(0.0781424 0.0329611 0)
(0.0670561 0.0346864 0)
(0.0554589 0.0361273 0)
(0.0434438 0.037283 0)
(0.0310955 0.0381543 0)
(0.0185665 0.0386946 0)
(0.00585199 0.0373088 0)
(-0.0044665 0.00029569 0)
(-0.0083425 -0.00590566 0)
(-0.00646117 -0.00966287 0)
(-0.00307262 -0.0157876 0)
(0.00242297 -0.020954 0)
(0.00911978 -0.0272421 0)
(0.0186625 -0.0325458 0)
(0.0295929 -0.0365449 0)
(0.0413753 -0.0387093 0)
(0.0532663 -0.0394596 0)
(0.0648247 -0.0392008 0)
(0.0759379 -0.0381876 0)
(0.0865345 -0.0366123 0)
(0.0965289 -0.0345677 0)
(0.105849 -0.0320963 0)
(0.114414 -0.0292308 0)
(0.122127 -0.0259886 0)
(0.128899 -0.0224008 0)
(0.134636 -0.0184998 0)
(0.13925 -0.0143468 0)
(0.142679 -0.00998474 0)
(0.144874 -0.00547055 0)
(0.145803 -0.000875779 0)
(0.145448 0.00373609 0)
(0.143821 0.00831022 0)
(0.140944 0.0127956 0)
(0.136859 0.0171447 0)
(0.13161 0.0213111 0)
(0.125254 0.0252581 0)
(0.117869 0.0289558 0)
(0.109532 0.0323764 0)
(0.100321 0.0354947 0)
(0.0903234 0.0382959 0)
(0.0796231 0.0407635 0)
(0.0683159 0.0428904 0)
(0.0564943 0.0446677 0)
(0.0442525 0.0460915 0)
(0.031674 0.0471621 0)
(0.0189128 0.0478293 0)
(0.00596536 0.0461178 0)
(-0.0125028 0.00249005 0)
(-0.0194439 -0.00856014 0)
(-0.0146709 -0.0122321 0)
(-0.0109985 -0.0195383 0)
(-0.00429179 -0.0251581 0)
(0.00342106 -0.0333204 0)
(0.0145461 -0.0400549 0)
(0.0268754 -0.0450961 0)
(0.0399512 -0.0474475 0)
(0.0527709 -0.0480776 0)
(0.0650289 -0.0475112 0)
(0.0766909 -0.0461104 0)
(0.087726 -0.044109 0)
(0.0981021 -0.0416076 0)
(0.10777 -0.0386235 0)
(0.116661 -0.0351802 0)
(0.124682 -0.0312898 0)
(0.131734 -0.026978 0)
(0.137712 -0.0222964 0)
(0.142524 -0.0173011 0)
(0.146106 -0.0120527 0)
(0.148401 -0.00662411 0)
(0.149378 -0.00109678 0)
(0.149024 0.00444643 0)
(0.147352 0.00994186 0)
(0.14439 0.0153263 0)
(0.140179 0.0205392 0)
(0.134773 0.025524 0)
(0.128234 0.0302446 0)
(0.120642 0.0346625 0)
(0.112078 0.0387442 0)
(0.102627 0.0424638 0)
(0.0923753 0.0458006 0)
(0.0814147 0.04874 0)
(0.0698411 0.0512732 0)
(0.0577467 0.0533887 0)
(0.0452291 0.0550825 0)
(0.0323724 0.0563538 0)
(0.0193307 0.0571508 0)
(0.00610058 0.0551115 0)
(-0.0193847 0.0267422 0)
(-0.0299838 -0.000685656 0)
(-0.0208058 -0.0126819 0)
(-0.0226065 -0.0233761 0)
(-0.013549 -0.0298684 0)
(-0.00455547 -0.04077 0)
(0.00930351 -0.0489144 0)
(0.0236228 -0.0547742 0)
(0.0384334 -0.0570618 0)
(0.0523753 -0.0573391 0)
(0.0654235 -0.0562863 0)
(0.0776699 -0.0543974 0)
(0.0891781 -0.0519232 0)
(0.0999808 -0.0489333 0)
(0.110056 -0.0454198 0)
(0.119333 -0.0413816 0)
(0.127719 -0.0368224 0)
(0.1351 -0.0317652 0)
(0.141366 -0.0262683 0)
(0.146418 -0.0203954 0)
(0.15018 -0.0142234 0)
(0.152592 -0.00783815 0)
(0.153626 -0.00133778 0)
(0.153269 0.00517616 0)
(0.15154 0.0116255 0)
(0.148469 0.0179384 0)
(0.144105 0.0240427 0)
(0.138508 0.0298745 0)
(0.131748 0.0353883 0)
(0.123908 0.0405386 0)
(0.115074 0.0452934 0)
(0.105334 0.0496237 0)
(0.0947841 0.0535043 0)
(0.0835158 0.0569229 0)
(0.0716268 0.0598659 0)
(0.0592119 0.0623221 0)
(0.0463712 0.0642876 0)
(0.033189 0.0657629 0)
(0.0198193 0.0666913 0)
(0.00625884 0.0643216 0)
(-0.043659 0.0275578 0)
(-0.0502816 -0.0147361 0)
(-0.0378858 -0.0141894 0)
(-0.0402718 -0.0284874 0)
(-0.024223 -0.036256 0)
(-0.0142768 -0.0501136 0)
(0.00300028 -0.0598835 0)
(0.0198662 -0.0660666 0)
(0.0369119 -0.0678326 0)
(0.0521785 -0.0673231 0)
(0.0660815 -0.0655537 0)
(0.0789208 -0.0630694 0)
(0.0909138 -0.0600758 0)
(0.102178 -0.056578 0)
(0.11271 -0.0525267 0)
(0.122436 -0.047884 0)
(0.13125 -0.0426347 0)
(0.139024 -0.0368017 0)
(0.145631 -0.030447 0)
(0.150962 -0.0236528 0)
(0.154934 -0.0165079 0)
(0.157484 -0.00911809 0)
(0.158579 -0.00159976 0)
(0.158212 0.00593074 0)
(0.156409 0.0133769 0)
(0.153208 0.0206547 0)
(0.14866 0.02768 0)
(0.142836 0.0343859 0)
(0.135813 0.0407142 0)
(0.12768 0.0466175 0)
(0.11853 0.0520589 0)
(0.108456 0.0570099 0)
(0.097558 0.061443 0)
(0.0859334 0.0653459 0)
(0.0736794 0.0687017 0)
(0.0608943 0.0715025 0)
(0.0476819 0.0737426 0)
(0.0341261 0.0754231 0)
(0.0203802 0.076482 0)
(0.00644109 0.0737773 0)
(-0.0386324 0.112707 0)
(-0.084392 0.00142993 0)
(-0.0414667 -0.0118937 0)
(-0.0573828 -0.034242 0)
(-0.0352217 -0.0455723 0)
(-0.0248207 -0.0609453 0)
(-0.0046696 -0.0731947 0)
(0.0157819 -0.0794295 0)
(0.0356147 -0.0798454 0)
(0.0523531 -0.0780947 0)
(0.0670979 -0.0753197 0)
(0.0804819 -0.0721198 0)
(0.0929425 -0.0685741 0)
(0.104689 -0.0645706 0)
(0.115734 -0.0599844 0)
(0.125982 -0.054731 0)
(0.135301 -0.0487712 0)
(0.143536 -0.042127 0)
(0.150541 -0.0348708 0)
(0.156197 -0.0271035 0)
(0.160408 -0.0189278 0)
(0.163108 -0.0104722 0)
(0.164269 -0.00187931 0)
(0.163886 0.00671824 0)
(0.161992 0.0152115 0)
(0.15863 0.0234964 0)
(0.153864 0.0314799 0)
(0.147775 0.0390883 0)
(0.140445 0.0462555 0)
(0.131972 0.0529324 0)
(0.122458 0.0590761 0)
(0.112 0.0646588 0)
(0.100704 0.0696543 0)
(0.0886706 0.0740461 0)
(0.076001 0.0778184 0)
(0.0627975 0.080966 0)
(0.0491635 0.0834827 0)
(0.035183 0.0853679 0)
(0.0210115 0.0865611 0)
(0.00664698 0.0835168 0)
(0.746567 0.898197 0)
(0.582316 1.30426 0)
(0.918588 0.905153 0)
(0.885038 1.25046 0)
(1.02707 0.871847 0)
(1.07771 1.10203 0)
(1.11255 0.831955 0)
(1.18335 0.983433 0)
(1.19507 0.795708 0)
(1.25535 0.904353 0)
(1.27125 0.762807 0)
(1.31996 0.847308 0)
(1.33777 0.731204 0)
(1.37975 0.803701 0)
(1.39716 0.700032 0)
(1.43256 0.766936 0)
(1.46427 0.679907 0)
(1.49055 0.739213 0)
(1.51955 0.660774 0)
(1.54666 0.719805 0)
(1.57142 0.69252 0)
(1.55585 0.65448 0)
(1.54789 0.626779 0)
(1.68908 0.678461 0)
(1.87873 0.794905 0)
(1.8774 0.837221 0)
(1.65533 0.76074 0)
(1.4303 0.635414 0)
(1.36008 0.533391 0)
(1.40119 0.459148 0)
(1.46239 0.390615 0)
(1.51707 0.320433 0)
(1.57049 0.249111 0)
(1.62526 0.175546 0)
(1.68172 0.097316 0)
(1.74012 0.0118762 0)
(1.79865 -0.0827809 0)
(1.85428 -0.18636 0)
(1.90752 -0.300473 0)
(1.95905 -0.431384 0)
(2.00066 -0.577778 0)
(2.02395 -0.724961 0)
(2.03745 -0.867026 0)
(0.582284 0.723911 0)
(-1.05514 -0.517838 0)
(-0.0967621 -0.0969743 0)
(-0.246857 0.0128265 0)
(1.0051 1.13328 0)
(0.458029 0.534616 0)
(-0.556237 -0.402428 0)
(-0.317412 -0.0183907 0)
(1.2191 1.17701 0)
(1.10237 0.972998 0)
(0.555716 0.447171 0)
(-0.510191 -0.181388 0)
(1.31758 1.09787 0)
(1.38864 1.10224 0)
(1.19883 0.899335 0)
(0.632758 0.4928 0)
(1.35886 1.00195 0)
(1.47683 1.06988 0)
(1.49745 1.05622 0)
(1.29564 0.891278 0)
(1.39066 0.92122 0)
(1.48751 0.987373 0)
(1.57795 1.04154 0)
(1.58494 1.03157 0)
(1.43045 0.863346 0)
(1.49469 0.913847 0)
(1.5751 0.970031 0)
(1.65442 1.02267 0)
(1.47307 0.821829 0)
(1.51742 0.864117 0)
(1.57051 0.905662 0)
(1.64254 0.960867 0)
(1.52085 0.790096 0)
(1.55326 0.830326 0)
(1.58744 0.863487 0)
(1.63172 0.902592 0)
(1.57342 0.767806 0)
(1.59964 0.806833 0)
(1.62456 0.838416 0)
(1.64944 0.866821 0)
(1.60608 0.744019 0)
(1.63809 0.784946 0)
(1.66593 0.819206 0)
(1.68758 0.847658 0)
(1.59976 0.709355 0)
(1.64396 0.755848 0)
(1.68523 0.794767 0)
(1.71909 0.828666 0)
(1.56815 0.668887 0)
(1.6065 0.709136 0)
(1.66198 0.756173 0)
(1.71554 0.800864 0)
(1.61867 0.658787 0)
(1.5781 0.666115 0)
(1.61618 0.704231 0)
(1.66464 0.746019 0)
(1.78519 0.752365 0)
(1.6955 0.713285 0)
(1.64034 0.674798 0)
(1.61264 0.686061 0)
(1.87453 0.831784 0)
(1.83195 0.80477 0)
(1.76172 0.750462 0)
(1.69305 0.721478 0)
(1.75143 0.798128 0)
(1.81128 0.819102 0)
(1.82609 0.814404 0)
(1.80227 0.795153 0)
(1.55036 0.68692 0)
(1.65951 0.733673 0)
(1.74796 0.771937 0)
(1.80679 0.800194 0)
(1.45454 0.58208 0)
(1.54864 0.628337 0)
(1.6421 0.67528 0)
(1.73179 0.72666 0)
(1.47633 0.507422 0)
(1.54784 0.551768 0)
(1.61843 0.595386 0)
(1.68991 0.64263 0)
(1.53457 0.441848 0)
(1.60117 0.49019 0)
(1.6629 0.537377 0)
(1.71925 0.58348 0)
(1.59044 0.373604 0)
(1.65936 0.426254 0)
(1.72365 0.480068 0)
(1.78122 0.534074 0)
(1.64518 0.302996 0)
(1.71626 0.358186 0)
(1.78414 0.416822 0)
(1.84672 0.478206 0)
(1.7026 0.230518 0)
(1.77703 0.287734 0)
(1.84948 0.349858 0)
(1.91632 0.416677 0)
(1.76462 0.152141 0)
(1.84492 0.210285 0)
(1.92332 0.277152 0)
(1.99371 0.353933 0)
(1.83073 0.0664531 0)
(1.91707 0.125621 0)
(2.00096 0.197401 0)
(2.08151 0.288563 0)
(1.89781 -0.0267003 0)
(1.99171 0.0363397 0)
(2.08487 0.109279 0)
(2.18654 0.202392 0)
(1.96531 -0.131686 0)
(2.07657 -0.0696176 0)
(2.18517 -0.00772018 0)
(2.30632 0.0798318 0)
(2.0316 -0.253347 0)
(2.16053 -0.19049 0)
(2.29155 -0.125993 0)
(2.43402 -0.0771473 0)
(2.0957 -0.393339 0)
(2.23464 -0.333952 0)
(2.39461 -0.275481 0)
(2.60844 -0.256009 0)
(2.14537 -0.552234 0)
(2.30183 -0.520687 0)
(2.51556 -0.53767 0)
(2.81258 -0.623668 0)
(2.16937 -0.718724 0)
(2.33656 -0.748093 0)
(2.57369 -0.857966 0)
(2.82055 -0.992561 0)
(2.18268 -0.877017 0)
(2.32406 -0.924151 0)
(2.48652 -1.00664 0)
(2.47023 -1.01607 0)
(-0.15913 0.0707984 0)
(-0.140649 -0.0324612 0)
(-0.0736927 -0.0245646 0)
(-0.0699982 -0.043491 0)
(-0.0502484 -0.0565406 0)
(-0.0367814 -0.0732562 0)
(-0.0143459 -0.0890008 0)
(0.0115533 -0.0960503 0)
(0.0349257 -0.0933475 0)
(0.0530673 -0.0897702 0)
(0.0685691 -0.0856552 0)
(0.0823831 -0.0816058 0)
(0.0952651 -0.0775068 0)
(0.10752 -0.073025 0)
(0.119146 -0.0679142 0)
(0.13001 -0.0620426 0)
(0.139931 -0.0553442 0)
(0.148717 -0.0478432 0)
(0.156191 -0.0396224 0)
(0.162223 -0.030804 0)
(0.166713 -0.0215201 0)
(0.169581 -0.0119234 0)
(0.170806 -0.00218011 0)
(0.170394 0.00755787 0)
(0.168383 0.0171621 0)
(0.164827 0.0265108 0)
(0.159802 0.035505 0)
(0.1534 0.0440571 0)
(0.145713 0.0520999 0)
(0.136846 0.0595784 0)
(0.126912 0.0664474 0)
(0.116015 0.0726776 0)
(0.104263 0.0782491 0)
(0.0917644 0.0831408 0)
(0.0786234 0.0873398 0)
(0.0649454 0.0908396 0)
(0.0508339 0.0936359 0)
(0.0363748 0.0957282 0)
(0.0217251 0.0970627 0)
(0.00687938 0.0936698 0)
(-0.153125 0.0869239 0)
(-0.153059 -0.0546172 0)
(-0.0971001 -0.0418287 0)
(-0.0775548 -0.0525065 0)
(-0.0677533 -0.0651868 0)
(-0.0543939 -0.0870781 0)
(-0.0281303 -0.108734 0)
(0.00719641 -0.11766 0)
(0.0357829 -0.108742 0)
(0.0546142 -0.102362 0)
(0.0705621 -0.0964993 0)
(0.0845967 -0.0915217 0)
(0.0978224 -0.0869176 0)
(0.110628 -0.0820281 0)
(0.122939 -0.0764384 0)
(0.134539 -0.0699482 0)
(0.145185 -0.0624713 0)
(0.154632 -0.0540486 0)
(0.16267 -0.0447817 0)
(0.169144 -0.0348164 0)
(0.173945 -0.0243225 0)
(0.176999 -0.0134832 0)
(0.178292 -0.00249493 0)
(0.177836 0.00847159 0)
(0.175676 0.0192658 0)
(0.171884 0.0297486 0)
(0.166551 0.0398114 0)
(0.159779 0.0493603 0)
(0.151676 0.0583208 0)
(0.142354 0.0666337 0)
(0.131935 0.0742567 0)
(0.120535 0.0811576 0)
(0.108267 0.0873196 0)
(0.0952409 0.0927226 0)
(0.0815667 0.0973578 0)
(0.0673529 0.101218 0)
(0.0527052 0.104298 0)
(0.0377105 0.106603 0)
(0.022525 0.10808 0)
(0.00713961 0.104327 0)
(-0.203781 -0.068139 0)
(-0.304988 -0.117967 0)
(-0.172574 -0.0874079 0)
(-0.117487 -0.0678211 0)
(-0.0979616 -0.0719954 0)
(-0.0887655 -0.100564 0)
(-0.0546696 -0.134209 0)
(0.0021204 -0.146367 0)
(0.0401327 -0.125763 0)
(0.057744 -0.11535 0)
(0.0731853 -0.10748 0)
(0.0870191 -0.101701 0)
(0.1005 -0.0967715 0)
(0.113929 -0.0916134 0)
(0.127066 -0.0856251 0)
(0.139569 -0.0785253 0)
(0.151096 -0.070231 0)
(0.161335 -0.0608064 0)
(0.170038 -0.0503932 0)
(0.177024 -0.0391708 0)
(0.182179 -0.0273506 0)
(0.185435 -0.0151557 0)
(0.186787 -0.00281157 0)
(0.186264 0.00947902 0)
(0.183918 0.0215459 0)
(0.179838 0.0332372 0)
(0.17414 0.0444303 0)
(0.166937 0.0550275 0)
(0.158351 0.0649459 0)
(0.148508 0.0741258 0)
(0.137538 0.082528 0)
(0.125568 0.0901206 0)
(0.112717 0.0968855 0)
(0.0990997 0.102809 0)
(0.0848312 0.107885 0)
(0.0700205 0.112108 0)
(0.0547768 0.115477 0)
(0.039188 0.117995 0)
(0.0234088 0.119615 0)
(0.00742759 0.115492 0)
(0.0248501 0.0724373 0)
(-0.1917 -0.151602 0)
(-0.253277 -0.160251 0)
(-0.191988 -0.111155 0)
(-0.15561 -0.0841498 0)
(-0.145649 -0.112608 0)
(-0.101797 -0.170791 0)
(-0.00547196 -0.190051 0)
(0.0504247 -0.144397 0)
(0.0635757 -0.127449 0)
(0.076542 -0.117941 0)
(0.0893967 -0.111943 0)
(0.103054 -0.107096 0)
(0.117285 -0.101906 0)
(0.131482 -0.0956197 0)
(0.14511 -0.0879137 0)
(0.157715 -0.0787464 0)
(0.168907 -0.0682162 0)
(0.178395 -0.056527 0)
(0.185973 -0.043913 0)
(0.191522 -0.0306273 0)
(0.194992 -0.0169446 0)
(0.19639 -0.00312148 0)
(0.195764 0.0106071 0)
(0.193184 0.0240433 0)
(0.188761 0.0370234 0)
(0.182629 0.0494147 0)
(0.174924 0.0611142 0)
(0.165779 0.0720347 0)
(0.15534 0.0821166 0)
(0.143748 0.0913215 0)
(0.131136 0.0996224 0)
(0.117631 0.107003 0)
(0.103355 0.113456 0)
(0.0884253 0.118978 0)
(0.0729551 0.123567 0)
(0.0570542 0.127225 0)
(0.0408105 0.129957 0)
(0.0243785 0.131723 0)
(0.0077435 0.12722 0)
(0.831724 0.560253 0)
(0.244945 0.137005 0)
(-0.122467 -0.128489 0)
(-0.203837 -0.149062 0)
(-0.198263 -0.105612 0)
(-0.191189 -0.132828 0)
(-0.145681 -0.236183 0)
(-0.0184959 -0.26908 0)
(0.0641665 -0.168998 0)
(0.0710556 -0.137201 0)
(0.0799637 -0.126736 0)
(0.0912686 -0.121939 0)
(0.10514 -0.117967 0)
(0.120493 -0.113105 0)
(0.136118 -0.106642 0)
(0.151187 -0.0983217 0)
(0.165118 -0.0881822 0)
(0.177453 -0.0764085 0)
(0.187857 -0.0632772 0)
(0.196114 -0.0490958 0)
(0.202105 -0.0341761 0)
(0.205794 -0.018843 0)
(0.207215 -0.00339785 0)
(0.206438 0.0118932 0)
(0.203563 0.026807 0)
(0.198724 0.0411665 0)
(0.192081 0.0548275 0)
(0.18379 0.0676851 0)
(0.174004 0.0796535 0)
(0.162886 0.0906724 0)
(0.150589 0.100704 0)
(0.137256 0.109729 0)
(0.123024 0.117737 0)
(0.108017 0.124725 0)
(0.0923591 0.130696 0)
(0.0761635 0.135653 0)
(0.0595413 0.1396 0)
(0.0425814 0.142545 0)
(0.0254367 0.144459 0)
(0.00808824 0.139566 0)
(1.38803 0.887183 0)
(0.975517 0.594013 0)
(0.40279 0.194545 0)
(0.0180602 -0.0769489 0)
(-0.105015 -0.107371 0)
(-0.150486 -0.148057 0)
(-0.135657 -0.314133 0)
(-0.0459832 -0.378497 0)
(0.0632811 -0.206473 0)
(0.0709194 -0.145978 0)
(0.0798549 -0.133569 0)
(0.0914943 -0.131527 0)
(0.106364 -0.12956 0)
(0.123359 -0.125519 0)
(0.140905 -0.118995 0)
(0.157844 -0.110007 0)
(0.17342 -0.0987443 0)
(0.187121 -0.0855332 0)
(0.198592 -0.0707505 0)
(0.207611 -0.0547789 0)
(0.214078 -0.0380172 0)
(0.217983 -0.0208496 0)
(0.219389 -0.00361511 0)
(0.218399 0.0133846 0)
(0.215151 0.0298999 0)
(0.209808 0.0457384 0)
(0.202559 0.0607483 0)
(0.193589 0.0748218 0)
(0.183069 0.0878793 0)
(0.171178 0.0998663 0)
(0.158087 0.110748 0)
(0.14395 0.120512 0)
(0.12891 0.129154 0)
(0.113097 0.136681 0)
(0.0966385 0.143103 0)
(0.0796497 0.148426 0)
(0.0622412 0.15266 0)
(0.0445024 0.155817 0)
(0.0265846 0.157877 0)
(0.00846277 0.152584 0)
(1.64885 1.01454 0)
(1.47152 0.891369 0)
(1.09858 0.631562 0)
(0.549921 0.249496 0)
(0.175531 -0.0148549 0)
(0.031868 -0.090316 0)
(-0.0361298 -0.324722 0)
(-0.0907824 -0.449768 0)
(0.0125516 -0.248865 0)
(0.0473248 -0.160578 0)
(0.0695178 -0.143104 0)
(0.0879583 -0.142282 0)
(0.106271 -0.142453 0)
(0.12584 -0.139585 0)
(0.145879 -0.133087 0)
(0.165167 -0.123291 0)
(0.182772 -0.110677 0)
(0.198103 -0.095754 0)
(0.210804 -0.0790344 0)
(0.220672 -0.0610083 0)
(0.227633 -0.0421604 0)
(0.231727 -0.0229352 0)
(0.233059 -0.00372047 0)
(0.231776 0.0151486 0)
(0.228056 0.0333976 0)
(0.222102 0.0508177 0)
(0.214136 0.0672581 0)
(0.204374 0.08261 0)
(0.193013 0.0968 0)
(0.180249 0.109783 0)
(0.166267 0.121534 0)
(0.151233 0.132047 0)
(0.135299 0.141328 0)
(0.118603 0.149394 0)
(0.10127 0.156263 0)
(0.0834162 0.161948 0)
(0.0651555 0.166465 0)
(0.0465749 0.16983 0)
(0.0278222 0.172036 0)
(0.0088669 0.16633 0)
(1.71358 1.01303 0)
(1.70575 1.00958 0)
(1.54771 0.904572 0)
(1.20381 0.665292 0)
(0.68488 0.298621 0)
(0.320362 0.0351152 0)
(0.165598 -0.20744 0)
(-0.0975961 -0.426037 0)
(-0.0900484 -0.287478 0)
(-0.00403502 -0.196279 0)
(0.0442928 -0.165431 0)
(0.0785523 -0.158755 0)
(0.104293 -0.158286 0)
(0.128019 -0.155958 0)
(0.151258 -0.149373 0)
(0.173367 -0.138562 0)
(0.193387 -0.12427 0)
(0.210635 -0.107271 0)
(0.224733 -0.0882496 0)
(0.235519 -0.0678342 0)
(0.242982 -0.0466011 0)
(0.24722 -0.0250599 0)
(0.248393 -0.00364946 0)
(0.246708 0.0172677 0)
(0.242393 0.0373944 0)
(0.235697 0.0565087 0)
(0.226885 0.0744609 0)
(0.216205 0.0911494 0)
(0.203881 0.106514 0)
(0.190129 0.120519 0)
(0.175148 0.133152 0)
(0.159119 0.14442 0)
(0.142201 0.154341 0)
(0.124538 0.16294 0)
(0.106254 0.170247 0)
(0.0874647 0.176286 0)
(0.0682852 0.181079 0)
(0.0487981 0.184646 0)
(0.0291489 0.186994 0)
(0.00930076 0.180864 0)
(1.69996 0.959097 0)
(1.76393 1.01111 0)
(1.7555 1.0125 0)
(1.61094 0.919234 0)
(1.29123 0.695071 0)
(0.797745 0.343453 0)
(0.430678 0.0233358 0)
(0.044007 -0.284439 0)
(-0.126363 -0.312935 0)
(-0.0608117 -0.261957 0)
(0.00767249 -0.2078 0)
(0.0616195 -0.186109 0)
(0.0992531 -0.179765 0)
(0.129799 -0.175784 0)
(0.157374 -0.168377 0)
(0.182819 -0.1562 0)
(0.205595 -0.139826 0)
(0.225015 -0.120287 0)
(0.240671 -0.0985154 0)
(0.252436 -0.0752981 0)
(0.260378 -0.0513191 0)
(0.264678 -0.0271603 0)
(0.265574 -0.00330606 0)
(0.263349 0.019856 0)
(0.258286 0.042013 0)
(0.250691 0.0629358 0)
(0.240876 0.0824808 0)
(0.229131 0.10056 0)
(0.215709 0.117131 0)
(0.200842 0.132176 0)
(0.184748 0.145698 0)
(0.167618 0.157719 0)
(0.149622 0.168272 0)
(0.130903 0.177396 0)
(0.111588 0.18513 0)
(0.0917931 0.191511 0)
(0.0716275 0.196568 0)
(0.0511693 0.200326 0)
(0.0305633 0.202811 0)
(0.00976421 0.196245 0)
(1.68914 0.906648 0)
(1.75162 0.963794 0)
(1.80697 1.01548 0)
(1.79692 1.02017 0)
(1.66066 0.933764 0)
(1.36156 0.723488 0)
(0.903891 0.380745 0)
(0.447579 0.0142562 0)
(0.0712413 -0.219082 0)
(-0.0428285 -0.298695 0)
(-0.0213682 -0.262642 0)
(0.0375667 -0.227013 0)
(0.0886175 -0.210093 0)
(0.130024 -0.201064 0)
(0.164333 -0.191033 0)
(0.19402 -0.176621 0)
(0.219887 -0.157613 0)
(0.241664 -0.134988 0)
(0.258988 -0.109925 0)
(0.271757 -0.0834168 0)
(0.280118 -0.0562715 0)
(0.284353 -0.0291463 0)
(0.284808 -0.00256839 0)
(0.28186 0.0230499 0)
(0.275862 0.0473944 0)
(0.267178 0.07024 0)
(0.256181 0.0914559 0)
(0.243203 0.110975 0)
(0.228528 0.128779 0)
(0.212408 0.14487 0)
(0.195076 0.159278 0)
(0.176733 0.172041 0)
(0.157558 0.183211 0)
(0.137694 0.192842 0)
(0.117269 0.200985 0)
(0.0963944 0.207691 0)
(0.0751749 0.212997 0)
(0.053684 0.216934 0)
(0.0320638 0.219548 0)
(0.0102561 0.212533 0)
(1.70867 0.876621 0)
(1.74418 0.918276 0)
(1.79834 0.974945 0)
(1.84532 1.02648 0)
(1.83081 1.03125 0)
(1.69742 0.948959 0)
(1.41894 0.747023 0)
(0.985415 0.411542 0)
(0.49481 0.0479889 0)
(0.171685 -0.186708 0)
(0.0241494 -0.277292 0)
(0.0248936 -0.27155 0)
(0.0727844 -0.251677 0)
(0.125888 -0.23505 0)
(0.170982 -0.219195 0)
(0.207195 -0.20057 0)
(0.236864 -0.177886 0)
(0.261156 -0.151502 0)
(0.28017 -0.122532 0)
(0.293898 -0.0921695 0)
(0.302557 -0.0613748 0)
(0.306542 -0.0308949 0)
(0.30633 -0.00128024 0)
(0.302421 0.0270314 0)
(0.295253 0.0537227 0)
(0.285256 0.0785994 0)
(0.272865 0.101553 0)
(0.258463 0.12255 0)
(0.242363 0.141597 0)
(0.224838 0.158732 0)
(0.206133 0.17401 0)
(0.186459 0.187493 0)
(0.166 0.199254 0)
(0.144901 0.209364 0)
(0.123284 0.217891 0)
(0.101258 0.224898 0)
(0.07892 0.230433 0)
(0.0563368 0.234535 0)
(0.0336455 0.237269 0)
(0.010774 0.229787 0)
(1.74321 0.859449 0)
(1.76378 0.892182 0)
(1.79505 0.935703 0)
(1.84211 0.993178 0)
(1.88039 1.04346 0)
(1.85731 1.0462 0)
(1.72419 0.963992 0)
(1.45746 0.765744 0)
(1.02314 0.42431 0)
(0.568358 0.08079 0)
(0.252827 -0.147231 0)
(0.0891909 -0.268998 0)
(0.0720286 -0.293315 0)
(0.118064 -0.280107 0)
(0.174515 -0.256169 0)
(0.221278 -0.229747 0)
(0.256849 -0.201196 0)
(0.284156 -0.16992 0)
(0.304829 -0.136306 0)
(0.319356 -0.10144 0)
(0.328095 -0.0664429 0)
(0.331569 -0.0321663 0)
(0.330407 0.000797451 0)
(0.325232 0.0320287 0)
(0.316599 0.0612221 0)
(0.305019 0.0882253 0)
(0.290989 0.112968 0)
(0.274944 0.135459 0)
(0.257229 0.155744 0)
(0.238133 0.173902 0)
(0.217911 0.190018 0)
(0.196782 0.204185 0)
(0.174932 0.216498 0)
(0.152505 0.22705 0)
(0.129617 0.235927 0)
(0.10637 0.243204 0)
(0.0828509 0.248943 0)
(0.0591189 0.253192 0)
(0.0353014 0.25603 0)
(0.0113146 0.248065 0)
(1.76034 0.839641 0)
(1.79088 0.874917 0)
(1.81271 0.911234 0)
(1.84209 0.958867 0)
(1.88365 1.0183 0)
(1.91194 1.06663 0)
(1.87823 1.06512 0)
(1.74077 0.978629 0)
(1.48267 0.783187 0)
(1.03998 0.428364 0)
(0.625209 0.115036 0)
(0.322954 -0.127887 0)
(0.149465 -0.28262 0)
(0.127848 -0.322642 0)
(0.176485 -0.303587 0)
(0.234115 -0.267293 0)
(0.279224 -0.229055 0)
(0.311208 -0.190592 0)
(0.333709 -0.151176 0)
(0.348759 -0.111069 0)
(0.357222 -0.0712626 0)
(0.359801 -0.0327002 0)
(0.35729 0.00395689 0)
(0.350473 0.0383274 0)
(0.340027 0.0701637 0)
(0.326547 0.0993659 0)
(0.310598 0.125924 0)
(0.292664 0.149901 0)
(0.273122 0.171395 0)
(0.252278 0.19053 0)
(0.230389 0.207434 0)
(0.207677 0.222231 0)
(0.184327 0.235045 0)
(0.160479 0.24599 0)
(0.136243 0.255172 0)
(0.111708 0.262681 0)
(0.0869496 0.268592 0)
(0.0620167 0.272963 0)
(0.0370242 0.275888 0)
(0.0118769 0.267425 0)
(1.73289 0.803935 0)
(1.79131 0.85329 0)
(1.82967 0.892374 0)
(1.85583 0.933757 0)
(1.88557 0.987332 0)
(1.92222 1.04978 0)
(1.93947 1.09561 0)
(1.8924 1.08653 0)
(1.74803 0.991295 0)
(1.50019 0.796219 0)
(1.04999 0.43231 0)
(0.67841 0.135343 0)
(0.383384 -0.143056 0)
(0.213676 -0.311312 0)
(0.197527 -0.346292 0)
(0.247937 -0.314079 0)
(0.302806 -0.26416 0)
(0.342319 -0.214595 0)
(0.367566 -0.167129 0)
(0.382848 -0.12072 0)
(0.390489 -0.0754727 0)
(0.39163 -0.0321654 0)
(0.387259 0.00854225 0)
(0.378331 0.0462761 0)
(0.365649 0.0808687 0)
(0.349898 0.112309 0)
(0.331709 0.140675 0)
(0.311616 0.166097 0)
(0.290021 0.18874 0)
(0.267239 0.208783 0)
(0.243526 0.226399 0)
(0.219101 0.241753 0)
(0.194145 0.254998 0)
(0.168787 0.266273 0)
(0.143128 0.275705 0)
(0.117243 0.283399 0)
(0.091193 0.289442 0)
(0.065013 0.293907 0)
(0.038805 0.296901 0)
(0.0124594 0.287917 0)
(1.67167 0.739997 0)
(1.74319 0.804399 0)
(1.81247 0.867076 0)
(1.86132 0.914274 0)
(1.89437 0.961878 0)
(1.92602 1.02249 0)
(1.95721 1.08829 0)
(1.96122 1.12925 0)
(1.89751 1.10735 0)
(1.74549 0.99784 0)
(1.50778 0.799154 0)
(1.06155 0.427315 0)
(0.733081 0.120277 0)
(0.442279 -0.177515 0)
(0.28691 -0.336062 0)
(0.279366 -0.355828 0)
(0.329467 -0.307103 0)
(0.377003 -0.243918 0)
(0.406789 -0.184641 0)
(0.422366 -0.129998 0)
(0.428483 -0.0784711 0)
(0.42747 -0.0299656 0)
(0.420602 0.0150637 0)
(0.408973 0.0563177 0)
(0.393545 0.0937257 0)
(0.375097 0.127392 0)
(0.354312 0.157508 0)
(0.331763 0.184291 0)
(0.307873 0.207986 0)
(0.282957 0.228834 0)
(0.257262 0.24706 0)
(0.230997 0.262874 0)
(0.204329 0.276461 0)
(0.177379 0.287988 0)
(0.15023 0.297601 0)
(0.122939 0.305423 0)
(0.095553 0.311554 0)
(0.0680881 0.316077 0)
(0.040631 0.31912 0)
(0.013057 0.309589 0)
(1.6465 0.686685 0)
(1.67646 0.731524 0)
(1.74531 0.798867 0)
(1.82399 0.876245 0)
(1.88552 0.938185 0)
(1.92837 0.996377 0)
(1.96249 1.06593 0)
(1.98627 1.13376 0)
(1.97312 1.16467 0)
(1.88953 1.12328 0)
(1.73119 0.995306 0)
(1.49471 0.77901 0)
(1.06525 0.388518 0)
(0.769716 0.0677476 0)
(0.493493 -0.215441 0)
(0.363541 -0.353088 0)
(0.370252 -0.347053 0)
(0.416425 -0.279086 0)
(0.451366 -0.20474 0)
(0.467933 -0.138704 0)
(0.471894 -0.0795974 0)
(0.467727 -0.0254197 0)
(0.457505 0.024134 0)
(0.442491 0.0689861 0)
(0.423743 0.109192 0)
(0.402119 0.145002 0)
(0.378349 0.176744 0)
(0.353029 0.20475 0)
(0.326594 0.229352 0)
(0.299345 0.250863 0)
(0.271511 0.269566 0)
(0.243283 0.285716 0)
(0.214809 0.299536 0)
(0.186191 0.311219 0)
(0.157493 0.32093 0)
(0.128752 0.328813 0)
(0.0999949 0.334979 0)
(0.0712173 0.339519 0)
(0.0424872 0.342587 0)
(0.0136635 0.332481 0)
(1.73493 0.741724 0)
(1.68393 0.708406 0)
(1.66965 0.725527 0)
(1.74183 0.796892 0)
(1.82703 0.882409 0)
(1.90535 0.965956 0)
(1.95922 1.0399 0)
(1.99387 1.11934 0)
(2.0056 1.18481 0)
(1.96999 1.19739 0)
(1.86609 1.13014 0)
(1.70632 0.98478 0)
(1.44453 0.716125 0)
(1.0536 0.32992 0)
(0.784318 0.0070102 0)
(0.534655 -0.263084 0)
(0.448128 -0.355345 0)
(0.467178 -0.312943 0)
(0.501945 -0.227674 0)
(0.519634 -0.146917 0)
(0.521122 -0.0781045 0)
(0.512785 -0.017704 0)
(0.498167 0.0364903 0)
(0.478931 0.0849095 0)
(0.4562 0.12779 0)
(0.430876 0.165568 0)
(0.403706 0.198734 0)
(0.375291 0.227757 0)
(0.346056 0.253066 0)
(0.31628 0.275053 0)
(0.286159 0.294062 0)
(0.255857 0.310397 0)
(0.225494 0.324316 0)
(0.195145 0.336041 0)
(0.164852 0.345757 0)
(0.134628 0.353622 0)
(0.104476 0.359761 0)
(0.0743701 0.364273 0)
(0.044356 0.367335 0)
(0.0142736 0.356627 0)
(1.81466 0.801641 0)
(1.77251 0.772637 0)
(1.71357 0.755032 0)
(1.69168 0.735756 0)
(1.7273 0.786089 0)
(1.82998 0.888428 0)
(1.92706 1.00089 0)
(1.98863 1.09557 0)
(2.01751 1.18313 0)
(2.0098 1.23677 0)
(1.94774 1.22052 0)
(1.82947 1.12364 0)
(1.67165 0.961398 0)
(1.33243 0.590889 0)
(1.0463 0.2574 0)
(0.779977 -0.081212 0)
(0.58833 -0.298314 0)
(0.542823 -0.326171 0)
(0.561858 -0.249142 0)
(0.577781 -0.154454 0)
(0.576239 -0.0734053 0)
(0.56279 -0.00574912 0)
(0.542659 0.0530878 0)
(0.518221 0.104825 0)
(0.49077 0.150101 0)
(0.46119 0.189552 0)
(0.430195 0.223846 0)
(0.398362 0.253601 0)
(0.366085 0.279356 0)
(0.3336 0.301583 0)
(0.301062 0.320689 0)
(0.268591 0.337026 0)
(0.23627 0.350887 0)
(0.204146 0.362521 0)
(0.172229 0.372132 0)
(0.140504 0.379891 0)
(0.108949 0.385933 0)
(0.077512 0.390367 0)
(0.046217 0.39339 0)
(0.0148815 0.38205 0)
(1.80866 0.778501 0)
(1.8419 0.80839 0)
(1.81673 0.809547 0)
(1.75205 0.771405 0)
(1.70976 0.757121 0)
(1.72985 0.784279 0)
(1.84517 0.906069 0)
(1.95785 1.05244 0)
(2.01708 1.16818 0)
(2.0287 1.25411 0)
(1.99357 1.28076 0)
(1.90667 1.22708 0)
(1.78597 1.10529 0)
(1.60861 0.895215 0)
(1.25595 0.490505 0)
(1.03936 0.146954 0)
(0.790271 -0.163147 0)
(0.657929 -0.294143 0)
(0.637488 -0.257474 0)
(0.643542 -0.158714 0)
(0.637236 -0.0647172 0)
(0.617664 0.0114666 0)
(0.590796 0.0749491 0)
(0.560119 0.129559 0)
(0.52718 0.176756 0)
(0.492779 0.217438 0)
(0.457544 0.252453 0)
(0.421989 0.282567 0)
(0.386451 0.308439 0)
(0.351103 0.330618 0)
(0.316039 0.349573 0)
(0.281328 0.365698 0)
(0.247006 0.379321 0)
(0.213082 0.390712 0)
(0.179531 0.400094 0)
(0.146306 0.407648 0)
(0.113357 0.413518 0)
(0.0806041 0.417817 0)
(0.048047 0.420765 0)
(0.0154797 0.40876 0)
(1.77076 0.702612 0)
(1.84937 0.770199 0)
(1.89644 0.825788 0)
(1.87775 0.838285 0)
(1.80555 0.80905 0)
(1.72769 0.771029 0)
(1.73955 0.790522 0)
(1.87725 0.94551 0)
(1.99629 1.13101 0)
(2.03684 1.25688 0)
(2.01952 1.32163 0)
(1.95428 1.3054 0)
(1.85359 1.21266 0)
(1.7363 1.07023 0)
(1.46983 0.70399 0)
(1.2251 0.355344 0)
(1.0043 0.0209093 0)
(0.812904 -0.206367 0)
(0.735255 -0.23807 0)
(0.719072 -0.153556 0)
(0.704033 -0.0503659 0)
(0.676847 0.0349296 0)
(0.642102 0.103105 0)
(0.604187 0.159988 0)
(0.564994 0.208411 0)
(0.525232 0.249709 0)
(0.485379 0.284912 0)
(0.445842 0.314923 0)
(0.406864 0.340511 0)
(0.368535 0.362301 0)
(0.330875 0.380815 0)
(0.293885 0.396486 0)
(0.257548 0.409668 0)
(0.221826 0.42065 0)
(0.186655 0.429666 0)
(0.151953 0.436906 0)
(0.117639 0.44252 0)
(0.0836027 0.446625 0)
(0.0498197 0.449459 0)
(0.0160586 0.436754 0)
(1.77749 0.634655 0)
(1.84616 0.699073 0)
(1.92331 0.77908 0)
(1.97856 0.855213 0)
(1.96288 0.887502 0)
(1.86322 0.853469 0)
(1.73419 0.779752 0)
(1.75533 0.80704 0)
(1.93489 1.03414 0)
(2.03108 1.23999 0)
(2.035 1.34934 0)
(1.98405 1.36858 0)
(1.8973 1.30277 0)
(1.79956 1.18432 0)
(1.65627 0.974242 0)
(1.35276 0.538213 0)
(1.1966 0.215599 0)
(0.98988 -0.0720131 0)
(0.857217 -0.181129 0)
(0.806736 -0.130435 0)
(0.776835 -0.0270325 0)
(0.739679 0.066007 0)
(0.69579 0.138595 0)
(0.649724 0.196961 0)
(0.603592 0.2457 0)
(0.558 0.286821 0)
(0.513223 0.321544 0)
(0.469508 0.350896 0)
(0.426973 0.375733 0)
(0.385599 0.396742 0)
(0.345317 0.414489 0)
(0.306051 0.429434 0)
(0.26772 0.441952 0)
(0.230234 0.452342 0)
(0.193485 0.460846 0)
(0.157354 0.467657 0)
(0.121725 0.472928 0)
(0.0864598 0.476773 0)
(0.0515072 0.479453 0)
(0.0166093 0.466012 0)
(1.83306 0.588475 0)
(1.88373 0.643114 0)
(1.94578 0.708611 0)
(2.0269 0.802351 0)
(2.08916 0.908898 0)
(2.06391 0.964407 0)
(1.90078 0.900953 0)
(1.71979 0.782996 0)
(1.81456 0.861077 0)
(2.00014 1.18102 0)
(2.04056 1.36485 0)
(2.0015 1.4219 0)
(1.92404 1.37995 0)
(1.83459 1.2741 0)
(1.73824 1.12932 0)
(1.50526 0.725991 0)
(1.3432 0.390253 0)
(1.15657 0.0830682 0)
(0.994082 -0.0890048 0)
(0.905855 -0.0829403 0)
(0.855114 0.00990116 0)
(0.805097 0.106715 0)
(0.750704 0.182481 0)
(0.695721 0.241243 0)
(0.642141 0.289181 0)
(0.59038 0.329155 0)
(0.540483 0.362607 0)
(0.492494 0.390653 0)
(0.446365 0.414207 0)
(0.401951 0.434 0)
(0.359081 0.450624 0)
(0.317591 0.464552 0)
(0.27733 0.476168 0)
(0.238149 0.485774 0)
(0.199896 0.493612 0)
(0.162409 0.499873 0)
(0.125542 0.504707 0)
(0.0891243 0.508228 0)
(0.0530793 0.51071 0)
(0.0171223 0.496496 0)
(1.90436 0.54229 0)
(1.95641 0.601502 0)
(2.00744 0.653854 0)
(2.07669 0.726931 0)
(2.16893 0.855398 0)
(2.23206 1.01064 0)
(2.15813 1.06777 0)
(1.88847 0.927732 0)
(1.72466 0.77088 0)
(1.933 1.02774 0)
(2.03085 1.35451 0)
(2.00903 1.4663 0)
(1.93859 1.45028 0)
(1.85418 1.35473 0)
(1.77452 1.23078 0)
(1.60506 0.887135 0)
(1.42301 0.53478 0)
(1.28958 0.236914 0)
(1.12791 0.0268403 0)
(1.0114 -0.0104709 0)
(0.936953 0.0641923 0)
(0.87151 0.15933 0)
(0.805384 0.235816 0)
(0.740901 0.293444 0)
(0.679595 0.339262 0)
(0.621523 0.376973 0)
(0.566466 0.408256 0)
(0.51423 0.434275 0)
(0.464574 0.455966 0)
(0.417211 0.474076 0)
(0.371855 0.489198 0)
(0.32825 0.501804 0)
(0.286169 0.512271 0)
(0.245404 0.520895 0)
(0.205753 0.527909 0)
(0.167017 0.533497 0)
(0.129013 0.537802 0)
(0.091543 0.540932 0)
(0.054504 0.543174 0)
(0.0175865 0.528148 0)
(1.9773 0.487111 0)
(2.03608 0.550358 0)
(2.09686 0.599031 0)
(2.16484 0.655219 0)
(2.25017 0.772244 0)
(2.34877 0.980906 0)
(2.38047 1.18376 0)
(2.19019 1.16744 0)
(1.83492 0.892543 0)
(1.87164 0.848088 0)
(2.00948 1.31867 0)
(2.00596 1.50383 0)
(1.94182 1.51499 0)
(1.86232 1.42905 0)
(1.79212 1.31185 0)
(1.68652 1.09324 0)
(1.46726 0.63591 0)
(1.38598 0.367719 0)
(1.24192 0.149255 0)
(1.11347 0.0813828 0)
(1.01809 0.13637 0)
(0.936474 0.225396 0)
(0.857967 0.299458 0)
(0.783739 0.353957 0)
(0.714722 0.396139 0)
(0.650449 0.430364 0)
(0.590387 0.458508 0)
(0.534085 0.481731 0)
(0.481092 0.50095 0)
(0.430968 0.516892 0)
(0.383307 0.530126 0)
(0.337758 0.541101 0)
(0.294021 0.550173 0)
(0.251825 0.557619 0)
(0.210921 0.563654 0)
(0.171071 0.568448 0)
(0.13206 0.572133 0)
(0.0936617 0.574807 0)
(0.0557494 0.576766 0)
(0.0179911 0.560892 0)
(2.05055 0.435201 0)
(2.10457 0.500758 0)
(2.18397 0.541723 0)
(2.29305 0.585669 0)
(2.396 0.681499 0)
(2.48077 0.890808 0)
(2.54336 1.19715 0)
(2.4614 1.3728 0)
(2.09079 1.16242 0)
(1.84318 0.817013 0)
(1.98287 1.24985 0)
(1.98866 1.53267 0)
(1.93279 1.57469 0)
(1.85805 1.49655 0)
(1.79447 1.37827 0)
(1.72316 1.21602 0)
(1.55069 0.765597 0)
(1.46034 0.482833 0)
(1.33469 0.267655 0)
(1.20509 0.183258 0)
(1.09433 0.223573 0)
(0.997279 0.305046 0)
(0.906318 0.373791 0)
(0.822534 0.422866 0)
(0.746167 0.459736 0)
(0.676086 0.489199 0)
(0.611402 0.513207 0)
(0.55139 0.532856 0)
(0.495388 0.548994 0)
(0.442798 0.562288 0)
(0.393097 0.573255 0)
(0.345845 0.582301 0)
(0.300668 0.58974 0)
(0.257239 0.595819 0)
(0.215263 0.600728 0)
(0.174465 0.604614 0)
(0.134604 0.607593 0)
(0.0954264 0.60975 0)
(0.0567842 0.611386 0)
(0.0183261 0.594628 0)
(2.14979 0.383777 0)
(2.2001 0.433443 0)
(2.27576 0.435854 0)
(2.42923 0.479459 0)
(2.61118 0.628443 0)
(2.72211 0.876912 0)
(2.75309 1.21707 0)
(2.69016 1.52593 0)
(2.37615 1.47692 0)
(1.91568 1.03441 0)
(1.97635 1.13618 0)
(1.9604 1.55543 0)
(1.91003 1.62987 0)
(1.84174 1.55925 0)
(1.78259 1.43771 0)
(1.72823 1.29829 0)
(1.59932 0.868748 0)
(1.51367 0.587122 0)
(1.41249 0.379346 0)
(1.28711 0.290523 0)
(1.16363 0.323741 0)
(1.05141 0.398078 0)
(0.948187 0.458796 0)
(0.85548 0.499903 0)
(0.772507 0.529674 0)
(0.697326 0.553095 0)
(0.628647 0.571997 0)
(0.565472 0.587326 0)
(0.50693 0.599808 0)
(0.45228 0.610007 0)
(0.400893 0.618358 0)
(0.352246 0.625199 0)
(0.3059 0.63079 0)
(0.261479 0.635331 0)
(0.218646 0.638979 0)
(0.177099 0.641854 0)
(0.136571 0.644049 0)
(0.0967854 0.645634 0)
(0.0575781 0.64691 0)
(0.0185818 0.629232 0)
(2.28633 0.320951 0)
(2.341 0.394412 0)
(2.37798 0.327779 0)
(2.49357 0.252087 0)
(2.66871 0.391248 0)
(2.83987 0.745141 0)
(2.92758 1.23811 0)
(2.88077 1.68367 0)
(2.61933 1.78993 0)
(2.14336 1.37411 0)
(2.00883 1.09211 0)
(1.92196 1.60279 0)
(1.87039 1.68417 0)
(1.81291 1.61494 0)
(1.75959 1.49222 0)
(1.71363 1.36437 0)
(1.61405 0.957475 0)
(1.5508 0.673758 0)
(1.48101 0.478403 0)
(1.35923 0.400793 0)
(1.22273 0.437103 0)
(1.09539 0.504666 0)
(0.980896 0.554045 0)
(0.880627 0.58435 0)
(0.792292 0.605215 0)
(0.713073 0.621384 0)
(0.641288 0.634303 0)
(0.575687 0.644653 0)
(0.515221 0.652975 0)
(0.459026 0.659693 0)
(0.406387 0.665129 0)
(0.356716 0.66953 0)
(0.309523 0.673088 0)
(0.264389 0.675947 0)
(0.220951 0.678221 0)
(0.17888 0.679997 0)
(0.137891 0.681343 0)
(0.0976914 0.682309 0)
(0.0581031 0.683195 0)
(0.0187491 0.664563 0)
(2.45602 0.244564 0)
(2.54683 0.363998 0)
(2.47965 0.260734 0)
(2.41418 0.170505 0)
(2.46936 0.256092 0)
(2.64808 0.596181 0)
(2.82364 1.14658 0)
(2.89563 1.77949 0)
(2.74386 2.06035 0)
(2.3711 1.72649 0)
(2.07479 1.29846 0)
(1.87737 1.6748 0)
(1.81469 1.73549 0)
(1.77207 1.66106 0)
(1.72989 1.53801 0)
(1.69199 1.41392 0)
(1.61631 1.02244 0)
(1.59235 0.728574 0)
(1.53948 0.56268 0)
(1.41444 0.516183 0)
(1.26461 0.564554 0)
(1.1242 0.623838 0)
(1.00133 0.65798 0)
(0.895983 0.674761 0)
(0.804137 0.685157 0)
(0.722322 0.693086 0)
(0.648581 0.699324 0)
(0.581473 0.70418 0)
(0.519826 0.707955 0)
(0.462696 0.710895 0)
(0.409313 0.713187 0)
(0.359045 0.714971 0)
(0.311368 0.716355 0)
(0.265839 0.717422 0)
(0.222072 0.718235 0)
(0.179726 0.718844 0)
(0.138504 0.71929 0)
(0.0981034 0.719602 0)
(0.0583355 0.720073 0)
(0.0188201 0.700456 0)
(2.64205 0.0634595 0)
(2.87278 0.348443 0)
(2.88226 0.460699 0)
(2.63415 0.274656 0)
(2.47003 0.212636 0)
(2.48016 0.458246 0)
(2.61015 1.00745 0)
(2.72188 1.76603 0)
(2.69815 2.22558 0)
(2.46012 2.01855 0)
(2.07429 1.68436 0)
(1.81614 1.7982 0)
(1.74975 1.78197 0)
(1.72234 1.69411 0)
(1.6947 1.57344 0)
(1.66736 1.45261 0)
(1.61774 1.04679 0)
(1.64168 0.773057 0)
(1.58244 0.647464 0)
(1.44505 0.643189 0)
(1.28181 0.70556 0)
(1.13302 0.752341 0)
(1.0068 0.767475 0)
(0.899906 0.768818 0)
(0.806936 0.767799 0)
(0.724298 0.766904 0)
(0.649958 0.766043 0)
(0.582403 0.765096 0)
(0.520417 0.764094 0)
(0.463034 0.763082 0)
(0.409467 0.762092 0)
(0.359069 0.76115 0)
(0.311305 0.760273 0)
(0.265722 0.759477 0)
(0.221927 0.758773 0)
(0.179575 0.758173 0)
(0.138365 0.757686 0)
(0.0979887 0.757319 0)
(0.0582565 0.757359 0)
(0.018789 0.736732 0)
(2.89056 -0.158916 0)
(3.19303 0.193152 0)
(3.32468 0.573514 0)
(3.04727 0.577149 0)
(2.65614 0.412254 0)
(2.44429 0.491927 0)
(2.41987 0.968657 0)
(2.47101 1.69096 0)
(2.4888 2.28963 0)
(2.31312 2.24977 0)
(1.9276 2.04685 0)
(1.72747 1.92659 0)
(1.68217 1.81888 0)
(1.66719 1.71453 0)
(1.65394 1.59688 0)
(1.63927 1.47372 0)
(1.62448 1.01877 0)
(1.67795 0.806408 0)
(1.59486 0.740964 0)
(1.43907 0.786623 0)
(1.26744 0.856904 0)
(1.1189 0.884271 0)
(0.995906 0.877908 0)
(0.891511 0.863474 0)
(0.800098 0.851052 0)
(0.718584 0.841297 0)
(0.64511 0.833279 0)
(0.578235 0.82648 0)
(0.516803 0.82066 0)
(0.459885 0.815657 0)
(0.406723 0.811352 0)
(0.356685 0.807653 0)
(0.309249 0.804488 0)
(0.263969 0.801805 0)
(0.22046 0.799565 0)
(0.178381 0.797738 0)
(0.137438 0.796306 0)
(0.0973243 0.795252 0)
(0.0578525 0.794852 0)
(0.0186513 0.773192 0)
(3.147 -0.553928 0)
(3.48323 -0.0640526 0)
(3.67573 0.594718 0)
(3.44226 0.917741 0)
(2.82308 0.769557 0)
(2.4216 0.692965 0)
(2.24814 1.01886 0)
(2.20254 1.68381 0)
(2.14135 2.35656 0)
(1.93215 2.46866 0)
(1.69208 2.31741 0)
(1.63211 1.9954 0)
(1.61414 1.83691 0)
(1.60743 1.72402 0)
(1.60651 1.60856 0)
(1.6071 1.47047 0)
(1.63895 0.967011 0)
(1.66917 0.848938 0)
(1.55868 0.85864 0)
(1.38948 0.946161 0)
(1.22143 1.00946 0)
(1.08324 1.0115 0)
(0.969426 0.984186 0)
(0.8711 0.955549 0)
(0.783755 0.932709 0)
(0.705232 0.914626 0)
(0.634043 0.89978 0)
(0.568953 0.887357 0)
(0.508953 0.876878 0)
(0.453214 0.867997 0)
(0.401043 0.860453 0)
(0.351857 0.854049 0)
(0.305166 0.848631 0)
(0.260549 0.844084 0)
(0.217644 0.840323 0)
(0.176125 0.837281 0)
(0.135708 0.834912 0)
(0.0960984 0.833176 0)
(0.0571165 0.832336 0)
(0.018405 0.809628 0)
(2.90656 -0.921961 0)
(3.08024 -0.325375 0)
(3.40156 0.614066 0)
(3.43851 1.32537 0)
(2.98692 1.33837 0)
(2.41868 1.0852 0)
(2.08064 1.225 0)
(1.89208 1.8214 0)
(1.67142 2.52405 0)
(1.47471 2.64553 0)
(1.4894 2.39738 0)
(1.54595 1.99367 0)
(1.54282 1.84155 0)
(1.54372 1.72516 0)
(1.55151 1.60923 0)
(1.57135 1.4318 0)
(1.66079 0.941359 0)
(1.61783 0.919163 0)
(1.48096 0.999774 0)
(1.30602 1.1098 0)
(1.15223 1.15176 0)
(1.03117 1.12712 0)
(0.92993 1.08232 0)
(0.840036 1.04235 0)
(0.758715 1.01076 0)
(0.684744 0.985367 0)
(0.617079 0.964379 0)
(0.554772 0.946805 0)
(0.497013 0.931997 0)
(0.443113 0.919474 0)
(0.392485 0.908866 0)
(0.344617 0.899886 0)
(0.299073 0.892312 0)
(0.255472 0.885977 0)
(0.213484 0.880752 0)
(0.172806 0.876537 0)
(0.133176 0.873259 0)
(0.0943112 0.870862 0)
(0.0560488 0.869592 0)
(0.0180505 0.845823 0)
(2.18504 -0.844331 0)
(2.12701 -0.476705 0)
(2.33108 0.158387 0)
(2.67215 1.20897 0)
(2.67831 1.66438 0)
(2.28217 1.51406 0)
(1.8607 1.56548 0)
(1.48159 2.15528 0)
(1.19774 2.73486 0)
(1.19868 2.63006 0)
(1.41916 2.22559 0)
(1.46821 1.96835 0)
(1.46975 1.83538 0)
(1.4788 1.71832 0)
(1.49572 1.59992 0)
(1.55326 1.32375 0)
(1.67899 0.969651 0)
(1.54412 1.02256 0)
(1.3727 1.16027 0)
(1.20047 1.2668 0)
(1.06912 1.27634 0)
(0.968008 1.22761 0)
(0.880449 1.1702 0)
(0.800275 1.12213 0)
(0.726299 1.0837 0)
(0.658022 1.05224 0)
(0.594826 1.02601 0)
(0.536089 1.00394 0)
(0.481242 0.985289 0)
(0.429765 0.969484 0)
(0.381182 0.95608 0)
(0.335066 0.944732 0)
(0.291048 0.935167 0)
(0.248799 0.927171 0)
(0.208026 0.920578 0)
(0.168458 0.915258 0)
(0.129861 0.911115 0)
(0.0919749 0.908082 0)
(0.0546555 0.906392 0)
(0.0175894 0.881553 0)
)
;

boundaryField
{
    leftWall
    {
        type            fixedValue;
        value           nonuniform 0();
    }
    rightWall
    {
        type            fixedValue;
        value           uniform (0 0 0);
    }
    lowerWall
    {
        type            fixedValue;
        value           uniform (0 0 0);
    }
    atmosphere
    {
        type            pressureInletOutletVelocity;
        value           nonuniform 0();
    }
    defaultFaces
    {
        type            empty;
    }
    procBoundary1to0
    {
        type            processor;
        value           nonuniform List<vector> 
44
(
(-0.4173 -0.00782913 0)
(-0.243113 0.0490833 0)
(0.130767 0.12844 0)
(0.413775 0.23297 0)
(0.543866 0.314753 0)
(0.565535 0.385412 0)
(0.545915 0.452966 0)
(0.537851 0.522526 0)
(0.567407 0.595929 0)
(0.636227 0.670072 0)
(0.739184 0.730269 0)
(0.859483 0.75625 0)
(0.975251 0.748699 0)
(1.07618 0.727138 0)
(1.16208 0.702242 0)
(1.23677 0.67806 0)
(1.30453 0.652647 0)
(1.36934 0.626878 0)
(1.44184 0.615524 0)
(1.49244 0.588805 0)
(1.53631 0.627229 0)
(1.53631 0.627229 0)
(1.52318 0.596064 0)
(1.59173 0.601986 0)
(1.81257 0.735172 0)
(1.95853 0.835785 0)
(1.83148 0.819684 0)
(1.52794 0.707619 0)
(1.30336 0.576302 0)
(1.26505 0.478113 0)
(1.32291 0.404975 0)
(1.38668 0.335852 0)
(1.4412 0.266127 0)
(1.49347 0.195709 0)
(1.54551 0.122573 0)
(1.59696 0.0450775 0)
(1.64789 -0.0387999 0)
(1.69822 -0.131168 0)
(1.74597 -0.231383 0)
(1.78987 -0.33975 0)
(1.82921 -0.460369 0)
(1.86095 -0.5932 0)
(1.88199 -0.729942 0)
(1.89578 -0.866453 0)
)
;
    }
    procBoundary1to3
    {
        type            processor;
        value           nonuniform List<vector> 
45
(
(2.06196 -1.01743 0)
(2.21601 -1.02303 0)
(2.3278 -1.01099 0)
(2.39118 -0.92638 0)
(2.18036 -0.734492 0)
(1.7799 -0.466491 0)
(1.62954 -0.250832 0)
(1.63949 0.150721 0)
(1.85562 0.978487 0)
(2.07327 1.72709 0)
(1.86072 1.84102 0)
(1.44311 2.01739 0)
(1.05569 2.50797 0)
(0.978763 2.73286 0)
(1.21672 2.45463 0)
(1.3694 2.11341 0)
(1.39132 1.95272 0)
(1.40088 1.82661 0)
(1.42144 1.70251 0)
(1.45983 1.56072 0)
(1.58723 1.14579 0)
(1.61361 1.04548 0)
(1.42449 1.17485 0)
(1.23258 1.33514 0)
(1.08145 1.40678 0)
(0.978569 1.37875 0)
(0.897688 1.31194 0)
(0.823831 1.24713 0)
(0.753903 1.19389 0)
(0.687972 1.15043 0)
(0.626078 1.11427 0)
(0.568007 1.08383 0)
(0.51345 1.05807 0)
(0.462062 1.03619 0)
(0.41349 1.01756 0)
(0.367379 1.00171 0)
(0.323397 0.988245 0)
(0.281242 0.976864 0)
(0.240639 0.967334 0)
(0.201337 0.95947 0)
(0.163114 0.953127 0)
(0.125776 0.948192 0)
(0.0890904 0.944582 0)
(0.0529341 0.942505 0)
(0.0170207 0.916593 0)
)
;
    }
}


// ************************************************************************* //
