/*--------------------------------*- C++ -*----------------------------------*\
| =========                 |                                                 |
| \\      /  F ield         | OpenFOAM: The Open Source CFD Toolbox           |
|  \\    /   O peration     | Version:  3.0.1                                 |
|   \\  /    A nd           | Web:      www.OpenFOAM.org                      |
|    \\/     M anipulation  |                                                 |
\*---------------------------------------------------------------------------*/
FoamFile
{
    version     2.0;
    format      ascii;
    class       volScalarField;
    location    "0.4";
    object      p;
}
// * * * * * * * * * * * * * * * * * * * * * * * * * * * * * * * * * * * * * //

dimensions      [1 -1 -2 0 0 0 0];

internalField   nonuniform List<scalar> 
7700
(
859.445
859.988
862.511
866.23
868.157
867.876
865.529
862.099
858.553
855.457
853.033
851.31
850.24
849.759
849.816
850.377
851.429
852.975
855.036
857.65
860.865
864.741
869.344
874.744
881.018
888.252
896.573
906.073
916.732
928.556
941.603
955.919
971.405
987.693
1003.98
1018.86
1030.33
1036.76
1038.7
1040.12
1039.64
1027.58
996.497
992.561
1026.12
1052.76
811.364
811.702
814.121
818.317
820.012
819.644
817.301
813.955
810.539
807.582
805.285
803.662
802.662
802.222
802.298
802.86
803.901
805.431
807.474
810.068
813.265
817.123
821.708
827.089
833.333
840.499
848.597
857.638
867.876
879.273
891.886
905.715
920.696
936.625
953.02
968.66
981.72
989.711
993.653
998.349
1002.06
980.947
931.536
912.585
943.7
988.526
762.134
762.463
765.034
768.996
770.722
770.285
767.981
764.815
761.654
758.966
756.906
755.468
754.594
754.227
754.332
754.894
755.915
757.414
759.42
761.977
765.138
768.963
773.515
778.861
785.065
792.187
800.286
809.457
819.586
830.823
843.09
856.276
870.227
884.682
899.174
913.197
926.031
936.564
944.57
951.298
953.263
927.874
869.465
844.045
867.459
924.66
711.869
712.205
714.935
718.676
720.391
719.904
717.706
714.82
712.029
709.712
707.971
706.773
706.058
705.78
705.918
706.473
707.462
708.913
710.868
713.372
716.483
720.259
724.766
730.066
736.221
743.287
751.309
760.304
770.311
781.315
793.261
806.021
819.384
833.014
846.449
859.197
870.821
880.98
889.49
895.499
894.323
872.963
827.642
809.581
828.33
882.434
660.671
661.016
663.879
667.442
669.133
668.648
666.645
664.139
661.804
659.925
658.544
657.608
657.06
656.869
657.032
657.569
658.512
659.904
661.792
664.231
667.278
670.995
675.444
680.687
686.783
693.781
701.719
710.621
720.494
731.306
742.983
755.382
768.284
781.375
794.238
806.371
817.256
826.468
833.664
837.976
836.465
823.614
799.429
793.498
816.837
863.141
608.616
608.952
611.946
615.382
617.083
616.689
614.987
612.945
611.118
609.697
608.676
607.992
607.597
607.477
607.651
608.155
609.041
610.361
612.173
614.535
617.508
621.154
625.536
630.712
636.739
643.664
651.519
660.321
670.063
680.7
692.144
704.244
716.781
729.457
741.893
753.639
764.2
773.083
779.842
784.038
784.783
780.842
774.095
781.423
810.82
855.244
555.806
556.096
559.232
562.599
564.39
564.205
562.905
561.381
560.07
559.084
558.389
557.922
557.648
557.574
557.739
558.199
559.016
560.256
561.983
564.26
567.15
570.716
575.02
580.121
586.071
592.916
600.686
609.392
619.016
629.508
640.767
652.64
664.907
677.283
689.42
700.919
711.358
720.328
727.486
732.692
736.04
738.391
742.693
759.551
793.943
835.402
502.395
502.548
505.861
509.217
511.202
511.353
510.539
509.546
508.713
508.105
507.675
507.373
507.181
507.126
507.264
507.666
508.408
509.562
511.199
513.385
516.184
519.66
523.875
528.889
534.755
541.515
549.199
557.815
567.341
577.721
588.85
600.572
612.672
624.877
636.863
648.273
658.748
667.97
675.711
681.971
687.142
692.675
701.651
721.11
754.108
791.844
448.598
448.436
452.001
455.376
457.638
458.247
457.976
457.486
457.058
456.742
456.505
456.309
456.159
456.096
456.191
456.528
457.189
458.255
459.798
461.886
464.585
467.96
472.076
476.991
482.761
489.43
497.027
505.56
515.006
525.311
536.367
548.016
560.05
572.206
584.18
595.646
606.287
615.834
624.117
631.171
637.365
643.868
652.909
668.674
693.529
718.835
394.722
393.855
397.804
401.183
403.808
404.983
405.272
405.211
405.079
404.958
404.834
404.691
404.544
404.451
404.492
404.758
405.338
406.313
407.757
409.741
412.331
415.592
419.593
424.395
430.056
436.625
444.132
452.589
461.978
472.24
483.275
494.929
506.995
519.22
531.31
542.959
553.873
563.8
572.572
580.173
586.795
592.969
599.69
607.72
619.52
608.235
262.855
262.849
262.837
262.819
262.796
262.769
262.738
262.706
262.672
262.637
262.602
262.566
262.531
262.496
262.461
262.428
262.396
262.365
262.336
262.309
262.284
262.261
262.24
262.221
262.205
262.191
262.18
262.171
262.164
262.16
262.158
262.157
262.159
262.161
262.164
262.167
262.17
262.173
262.175
262.176
262.81
262.804
262.793
262.775
262.751
262.723
262.692
262.66
262.625
262.59
262.555
262.519
262.483
262.448
262.414
262.38
262.348
262.317
262.288
262.261
262.236
262.212
262.191
262.173
262.156
262.143
262.131
262.122
262.116
262.112
262.11
262.109
262.111
262.113
262.116
262.12
262.123
262.126
262.128
262.129
262.767
262.762
262.751
262.733
262.708
262.679
262.648
262.614
262.579
262.543
262.507
262.471
262.435
262.4
262.365
262.332
262.299
262.268
262.239
262.212
262.186
262.163
262.142
262.123
262.107
262.093
262.082
262.073
262.067
262.063
262.061
262.061
262.062
262.065
262.069
262.072
262.076
262.079
262.082
262.083
262.727
262.723
262.712
262.694
262.668
262.637
262.604
262.569
262.533
262.496
262.46
262.423
262.387
262.351
262.316
262.282
262.25
262.219
262.189
262.162
262.136
262.113
262.091
262.073
262.056
262.042
262.031
262.022
262.016
262.012
262.011
262.011
262.013
262.016
262.021
262.025
262.029
262.033
262.036
262.037
262.688
262.687
262.677
262.657
262.629
262.596
262.56
262.524
262.486
262.449
262.412
262.374
262.337
262.301
262.266
262.232
262.199
262.168
262.138
262.111
262.085
262.061
262.04
262.021
262.004
261.99
261.979
261.97
261.964
261.961
261.96
261.961
261.963
261.967
261.972
261.978
261.983
261.987
261.99
261.991
262.649
262.653
262.646
262.624
262.592
262.555
262.517
262.478
262.44
262.402
262.363
262.325
262.288
262.251
262.215
262.181
262.148
262.116
262.086
262.058
262.032
262.008
261.987
261.967
261.951
261.937
261.925
261.917
261.911
261.908
261.907
261.909
261.913
261.918
261.924
261.93
261.936
261.941
261.945
261.947
262.61
262.623
262.62
262.595
262.557
262.515
262.473
262.433
262.393
262.353
262.314
262.275
262.237
262.2
262.164
262.129
262.095
262.064
262.033
262.005
261.979
261.954
261.932
261.913
261.896
261.882
261.87
261.862
261.856
261.854
261.854
261.856
261.861
261.868
261.875
261.883
261.89
261.896
261.901
261.903
262.568
262.596
262.599
262.57
262.522
262.472
262.428
262.386
262.345
262.305
262.264
262.225
262.186
262.148
262.111
262.076
262.042
262.01
261.979
261.951
261.924
261.899
261.877
261.857
261.84
261.825
261.814
261.806
261.8
261.798
261.799
261.803
261.809
261.817
261.826
261.835
261.844
261.852
261.857
261.86
262.512
262.569
262.588
262.546
262.484
262.426
262.38
262.337
262.296
262.255
262.214
262.173
262.133
262.095
262.057
262.022
261.988
261.955
261.924
261.895
261.868
261.843
261.82
261.8
261.782
261.767
261.756
261.748
261.743
261.741
261.743
261.748
261.755
261.765
261.776
261.788
261.799
261.808
261.815
261.818
262.421
262.554
262.604
262.524
262.435
262.372
262.327
262.286
262.245
262.204
262.162
262.12
262.08
262.04
262.003
261.967
261.932
261.899
261.868
261.838
261.81
261.785
261.761
261.741
261.723
261.708
261.696
261.688
261.683
261.682
261.685
261.691
261.701
261.713
261.726
261.74
261.754
261.765
261.774
261.778
340.738
338.587
342.364
346.097
349.384
351.246
352.015
352.241
352.269
352.236
352.154
352.015
351.844
351.704
351.682
351.872
352.366
353.247
354.587
356.455
358.919
362.048
365.913
370.582
376.117
382.571
389.982
398.368
407.717
417.974
429.043
440.773
452.969
465.382
477.72
489.678
500.974
511.348
520.59
528.569
535.232
540.379
543.851
541.541
532.619
445.139
287.113
282.335
285.206
289.484
294.012
296.861
297.957
298.236
298.267
298.228
298.129
297.958
297.741
297.541
297.448
297.556
297.959
298.735
299.958
301.693
304.01
306.98
310.682
315.193
320.581
326.905
334.207
342.516
351.838
362.134
373.308
385.207
397.633
410.348
423.059
435.469
447.29
458.226
467.999
476.34
482.96
487.061
487.787
479.066
458.961
392.415
235.163
226.527
226.671
231.189
237.689
242.026
243.302
243.322
243.173
243.041
242.877
242.647
242.367
242.1
241.928
241.948
242.251
242.913
244.002
245.58
247.715
250.484
253.979
258.288
263.493
269.663
276.854
285.102
294.417
304.764
316.082
328.273
341.126
354.33
367.555
380.538
393.015
404.642
415.078
423.958
430.841
434.727
434.646
426.606
408.878
377.197
186.627
173.578
168.914
173.015
181.919
187.506
188.394
187.749
187.214
186.887
186.608
186.296
185.949
185.615
185.369
185.304
185.51
186.061
187.016
188.426
190.348
192.868
196.092
200.115
205.022
210.899
217.835
225.935
235.27
245.773
257.229
269.591
282.883
296.77
310.785
324.651
338.09
350.681
362.036
371.773
379.425
384.148
385.1
380.626
368.438
351.367
143.658
127.357
116.406
118.226
127.616
133.37
132.796
131.114
130.214
129.725
129.335
128.948
128.55
128.159
127.837
127.684
127.799
128.254
129.107
130.391
132.143
134.456
137.48
141.309
146.009
151.621
158.184
165.784
174.676
185.13
196.989
209.978
223.93
238.422
253.108
267.892
282.427
296.159
308.733
319.776
328.792
335.132
338.076
337.002
330.071
319.599
107.298
91.1037
71.469
63.582
66.5852
74.6277
73.5149
70.9118
69.9477
69.6459
69.29
68.838
68.3643
67.8656
67.368
67.0126
66.9232
67.1675
67.8219
68.9058
70.401
72.4112
75.2272
78.9807
83.8188
89.8495
97.0563
105.217
114.032
123.914
134.687
147.423
162.112
177.433
193.159
209.564
225.957
241.328
255.451
268.102
278.857
287.25
292.705
294.956
293.187
289.106
76.3987
60.8315
32.1295
14.656
12.4797
20.593
20.8229
18.9777
18.3821
18.4317
18.3006
18
17.6624
17.2946
16.8593
16.5186
16.3181
16.2426
16.3142
16.5283
16.8615
17.4632
18.6497
20.3457
22.7029
25.9608
30.5078
37.1157
46.7123
58.8466
71.9217
87.1714
103.68
119.061
134.363
150.976
168.312
185.317
201.687
216.681
229.694
240.488
248.778
254.562
257.744
259.764
49.5391
30.012
6.19574
1.64825
1.57624
2.12419
2.09468
1.78655
1.68136
1.66097
1.63873
1.60815
1.56598
1.51091
1.39999
1.30438
1.26019
1.25059
1.25171
1.19753
1.02887
1.00293
1.25084
1.62492
2.14153
2.85294
3.83156
5.20451
7.16519
9.98085
15.0952
23.0164
37.538
54.8481
74.1341
94.8377
113.119
130.353
147.819
164.815
180.467
194.255
205.802
215.255
222.903
230.022
27.5205
5.12389
1.17916
1.1711
1.28285
1.26106
1.2775
1.29435
1.30735
1.31771
1.32862
1.33798
1.34103
1.33134
1.29993
1.25614
1.2213
1.19644
1.17053
1.12223
1.04252
0.979104
0.971832
0.991432
1.02149
1.05087
1.07462
1.11361
1.19839
1.33137
1.44172
1.90115
4.06746
7.82112
16.2587
34.1742
55.1505
77.3575
97.6459
115.567
132.673
148.798
163.395
176.324
187.879
199.144
2.64132
1.17742
1.14168
1.1865
1.2037
1.19495
1.2067
1.2198
1.23072
1.23947
1.24682
1.25135
1.25004
1.23928
1.21648
1.18625
1.15723
1.1307
1.10151
1.06171
1.0118
0.971805
0.957866
0.961868
0.976137
0.992907
1.00334
1.02961
1.10937
1.22199
1.28927
1.28646
1.28921
1.32902
1.65695
4.15688
10.0211
23.3279
43.363
65.8084
86.7854
104.948
121.881
137.656
152.439
166.95
1.08829
1.07251
1.0916
1.11312
1.12852
1.12794
1.13579
1.14479
1.1531
1.15973
1.16441
1.16603
1.16275
1.15275
1.13532
1.11281
1.08902
1.065
1.03886
1.00827
0.975411
0.949367
0.937293
0.937619
0.946547
0.957907
0.962387
0.969284
1.02834
1.11356
1.15591
1.16797
1.19903
1.23768
1.25073
1.27131
1.40172
2.2909
7.49218
19.407
38.5059
61.014
81.2623
99.3518
116.715
133.677
1.0271
1.02582
1.03014
1.04261
1.05324
1.05692
1.06319
1.06982
1.07603
1.08082
1.08367
1.08371
1.07985
1.07114
1.05747
1.04009
1.02085
1.0006
0.979043
0.956041
0.933618
0.916094
0.906752
0.905741
0.91156
0.919473
0.920128
0.925708
0.961534
1.02372
1.06723
1.08759
1.10464
1.13356
1.16243
1.19422
1.2211
1.21104
1.31339
1.86693
7.17606
20.905
40.1959
61.376
80.6917
99.3787
0.962077
0.958356
0.964717
0.972335
0.979582
0.984106
0.989369
0.994507
0.999171
1.00258
1.00423
1.00349
0.999672
0.992308
0.981448
0.967822
0.952476
0.936133
0.919126
0.902033
0.886398
0.874395
0.867488
0.866048
0.869816
0.875365
0.879013
0.887275
0.912686
0.953235
0.986842
1.01179
1.0364
1.0624
1.0872
1.10614
1.13573
1.14105
1.15575
1.16769
1.29182
2.4352
10.5082
25.5993
44.7561
64.6029
0.893556
0.890822
0.895461
0.900329
0.905958
0.910204
0.914708
0.918781
0.922349
0.924803
0.925735
0.924692
0.921255
0.915189
0.906594
0.895943
0.883915
0.871134
0.85813
0.845602
0.834656
0.826472
0.821707
0.820711
0.823741
0.82946
0.836278
0.847323
0.869077
0.899559
0.92912
0.955583
0.981178
1.00588
1.0279
1.04186
1.05362
1.06105
1.08788
1.12344
1.14794
1.14664
1.40394
4.44042
15.7349
30.7037
0.821368
0.81907
0.823239
0.827046
0.831684
0.835464
0.839361
0.842643
0.845491
0.847353
0.847926
0.846902
0.844026
0.839191
0.832507
0.824321
0.815125
0.805451
0.795829
0.786883
0.779391
0.774054
0.771184
0.770966
0.773942
0.779791
0.78815
0.800299
0.819311
0.84451
0.871433
0.897493
0.922659
0.946688
0.968907
0.988021
1.00592
1.02057
1.04637
1.07286
1.10242
1.12826
1.15086
1.12072
1.63158
7.49533
0.745959
0.744265
0.748842
0.752296
0.756482
0.759885
0.763308
0.766151
0.76852
0.770055
0.770523
0.769717
0.767487
0.763797
0.75876
0.75265
0.745851
0.738805
0.731978
0.725874
0.721038
0.717926
0.716734
0.717528
0.720782
0.726968
0.736047
0.748684
0.766073
0.787924
0.812122
0.836663
0.860797
0.884152
0.906274
0.926529
0.945401
0.963328
0.987162
1.01875
1.04872
1.06817
1.10393
1.13788
1.17234
1.22842
0.668186
0.667233
0.672591
0.676198
0.680276
0.683476
0.68662
0.689209
0.691321
0.69273
0.693266
0.692797
0.691242
0.688605
0.685
0.680651
0.675869
0.671016
0.666478
0.662649
0.659919
0.658609
0.658893
0.66087
0.66483
0.6714
0.680862
0.693531
0.709736
0.729376
0.751369
0.774335
0.797456
0.820283
0.842463
0.863874
0.884693
0.905342
0.926434
0.950546
0.978271
1.00581
1.04438
1.07404
1.11412
1.1639
0.588345
0.588287
0.594838
0.598939
0.603144
0.606283
0.609307
0.611785
0.613802
0.615227
0.615946
0.61588
0.614993
0.613317
0.610961
0.608113
0.605027
0.601997
0.599335
0.59735
0.596331
0.596524
0.598097
0.601199
0.606094
0.6132
0.622873
0.635276
0.650571
0.668668
0.688963
0.71055
0.732727
0.75507
0.777274
0.799343
0.82153
0.84417
0.867972
0.89423
0.922108
0.950419
0.981983
1.01422
1.0574
1.10742
0.507748
0.508165
0.516081
0.520789
0.525247
0.528403
0.531362
0.533845
0.535884
0.537421
0.538392
0.538756
0.538512
0.537704
0.536437
0.53487
0.533211
0.531699
0.530583
0.530109
0.530504
0.531965
0.534654
0.538735
0.544434
0.552064
0.561902
0.5741
0.588737
0.605744
0.624765
0.645221
0.666578
0.688471
0.710674
0.733125
0.75608
0.779941
0.80504
0.831991
0.861045
0.891794
0.925103
0.961627
1.00382
1.05187
0.427142
0.427829
0.436884
0.442047
0.446706
0.44989
0.452834
0.455365
0.457492
0.459197
0.460453
0.461251
0.461608
0.461579
0.46126
0.460787
0.460333
0.460089
0.460258
0.461037
0.462611
0.465145
0.468794
0.473713
0.480097
0.488183
0.498188
0.510249
0.524421
0.540654
0.558728
0.578273
0.598906
0.620341
0.642406
0.665066
0.688455
0.712894
0.738797
0.766552
0.796343
0.828113
0.86249
0.900541
0.943172
0.990978
0.34758
0.34814
0.357803
0.362975
0.367574
0.37084
0.373743
0.376314
0.37855
0.380445
0.381996
0.383212
0.384123
0.384786
0.385291
0.385754
0.386319
0.387141
0.388385
0.390212
0.392777
0.396224
0.400691
0.406326
0.413292
0.421776
0.43195
0.443931
0.45777
0.473437
0.490792
0.509598
0.529586
0.550539
0.572325
0.594915
0.618406
0.643009
0.668987
0.696589
0.726005
0.757452
0.791573
0.828903
0.869542
0.914278
0.269628
0.26935
0.279085
0.283744
0.287923
0.291182
0.294042
0.296638
0.29898
0.301065
0.302901
0.304506
0.305918
0.307193
0.308413
0.309678
0.311106
0.312827
0.314976
0.317687
0.321091
0.325314
0.330481
0.336724
0.344184
0.353012
0.363346
0.375286
0.388881
0.404116
0.420903
0.439085
0.458477
0.478917
0.500298
0.52259
0.545843
0.570184
0.595775
0.622781
0.651341
0.681587
0.713706
0.747753
0.784291
0.82276
0.192421
0.191888
0.199574
0.204209
0.207795
0.210874
0.213668
0.216272
0.218704
0.220964
0.223062
0.225021
0.226879
0.228691
0.230529
0.232479
0.234642
0.237123
0.240037
0.243495
0.24761
0.252493
0.258256
0.265015
0.272892
0.282012
0.292489
0.304406
0.31781
0.332698
0.349012
0.366649
0.385478
0.405377
0.426255
0.448071
0.470833
0.494595
0.51943
0.545407
0.572561
0.600888
0.630318
0.66063
0.691441
0.721714
0.114454
0.114513
0.119625
0.123875
0.127021
0.129856
0.132552
0.135147
0.137651
0.140063
0.142393
0.144665
0.146915
0.149194
0.151564
0.154099
0.156884
0.160008
0.163567
0.167657
0.172374
0.177816
0.184083
0.191276
0.199502
0.208865
0.219459
0.231357
0.244599
0.259189
0.275091
0.292234
0.310522
0.329859
0.350164
0.37138
0.39348
0.416455
0.440298
0.464983
0.490434
0.5165
0.542904
0.569128
0.594202
0.616416
0.0353384
0.0359178
0.039092
0.0426862
0.0454601
0.0480506
0.0506279
0.0531968
0.0557519
0.0582905
0.0608207
0.0633635
0.0659525
0.0686316
0.0714555
0.0744874
0.0777983
0.0814649
0.0855672
0.0901878
0.0954109
0.101322
0.10801
0.115565
0.124077
0.133635
0.144317
0.156185
0.169277
0.183598
0.199127
0.215811
0.233576
0.252343
0.272034
0.29258
0.313922
0.336003
0.358749
0.382052
0.405739
0.429531
0.452985
0.475378
0.495497
0.51127
-0.0450853
-0.0442771
-0.0422923
-0.0394249
-0.0369991
-0.0346324
-0.0321783
-0.0296482
-0.0270592
-0.0244184
-0.0217206
-0.0189478
-0.0160713
-0.0130526
-0.00984539
-0.00639563
-0.00264322
0.00147677
0.00603279
0.0110961
0.0167402
0.0230408
0.0300755
0.0379233
0.0466626
0.0563681
0.0671063
0.0789297
0.0918708
0.105939
0.121118
0.137367
0.154628
0.17283
0.191896
0.211748
0.232305
0.253472
0.275131
0.297115
0.319182
0.340973
0.36195
0.381299
0.397761
0.409313
-0.126928
-0.126066
-0.124809
-0.122564
-0.120455
-0.118283
-0.115945
-0.113459
-0.11085
-0.108129
-0.105294
-0.10233
-0.0992134
-0.0959114
-0.0923846
-0.0885874
-0.0844688
-0.0799737
-0.0750433
-0.0696159
-0.0636271
-0.0570102
-0.0496969
-0.0416183
-0.032707
-0.0228994
-0.0121391
-0.000381363
0.0124027
0.0262227
0.041067
0.0569028
0.0736795
0.0913324
0.109787
0.128961
0.148758
0.169065
0.189735
0.210573
0.231304
0.251547
0.270752
0.28813
0.302546
0.312285
-0.210258
-0.209394
-0.208619
-0.206843
-0.204997
-0.202989
-0.200751
-0.19831
-0.195691
-0.192909
-0.189963
-0.186844
-0.18353
-0.179996
-0.176207
-0.172126
-0.167708
-0.162908
-0.157674
-0.151953
-0.145688
-0.138821
-0.131292
-0.123041
-0.11401
-0.104144
-0.0933963
-0.0817274
-0.0691119
-0.0555402
-0.0410212
-0.0255821
-0.0092673
0.00786415
0.0257417
0.0442815
0.0633852
0.0829326
0.102771
0.122702
0.142459
0.161682
0.17988
0.196383
0.210291
0.220339
-0.295112
-0.294275
-0.293798
-0.292356
-0.290711
-0.288832
-0.286677
-0.284275
-0.281653
-0.278825
-0.275793
-0.27255
-0.269079
-0.265358
-0.26136
-0.25705
-0.252394
-0.247351
-0.241877
-0.235926
-0.229448
-0.222392
-0.214705
-0.206335
-0.197233
-0.187352
-0.176651
-0.165096
-0.152663
-0.139344
-0.125145
-0.110087
-0.0942113
-0.0775682
-0.060223
-0.0422537
-0.0237538
-0.00483666
0.0143569
0.0336472
0.0528037
0.0715257
0.0894255
0.106003
0.120634
0.132504
-0.381512
-0.380714
-0.380393
-0.379172
-0.377671
-0.375887
-0.373797
-0.371428
-0.368807
-0.365945
-0.362848
-0.35951
-0.355917
-0.352051
-0.347889
-0.343403
-0.338562
-0.333332
-0.327675
-0.321551
-0.314917
-0.307727
-0.299937
-0.2915
-0.282374
-0.272519
-0.261898
-0.250481
-0.238248
-0.225188
-0.211306
-0.19662
-0.181161
-0.164972
-0.14811
-0.130641
-0.112647
-0.0942239
-0.0754885
-0.0565844
-0.0376883
-0.0190193
-0.000841761
0.0165272
0.0327335
0.0473644
-0.469463
-0.468702
-0.468431
-0.467346
-0.465939
-0.464221
-0.462178
-0.459837
-0.457218
-0.454335
-0.451191
-0.447782
-0.444099
-0.440125
-0.435841
-0.431224
-0.426247
-0.420882
-0.415094
-0.40885
-0.402111
-0.39484
-0.386997
-0.378541
-0.369436
-0.359645
-0.349137
-0.337885
-0.325869
-0.313079
-0.299518
-0.285195
-0.270135
-0.254371
-0.237946
-0.220913
-0.203334
-0.185281
-0.166839
-0.148107
-0.129198
-0.110241
-0.0913783
-0.0727555
-0.0544984
-0.0367142
-0.558932
-0.558216
-0.557931
-0.556918
-0.555568
-0.553891
-0.551881
-0.549561
-0.546948
-0.544053
-0.540879
-0.537423
-0.533677
-0.529629
-0.525261
-0.520554
-0.515486
-0.510032
-0.504161
-0.497844
-0.49105
-0.483747
-0.475899
-0.46747
-0.458428
-0.44874
-0.438376
-0.427314
-0.415536
-0.40303
-0.389795
-0.375835
-0.361165
-0.345804
-0.329782
-0.313133
-0.295897
-0.27812
-0.259849
-0.241134
-0.222025
-0.202564
-0.182783
-0.162683
-0.14221
-0.121274
-0.649929
-0.64925
-0.648909
-0.647926
-0.646604
-0.64495
-0.642963
-0.640661
-0.638057
-0.635159
-0.63197
-0.628488
-0.624705
-0.620613
-0.616195
-0.611437
-0.606318
-0.600817
-0.594908
-0.588566
-0.581764
-0.574474
-0.566663
-0.558302
-0.549361
-0.539813
-0.529628
-0.518785
-0.507265
-0.495059
-0.48216
-0.468568
-0.454286
-0.439321
-0.423684
-0.40739
-0.390457
-0.372901
-0.354733
-0.335954
-0.316552
-0.296497
-0.275725
-0.254127
-0.231521
-0.207703
-0.74245
-0.741801
-0.741386
-0.740405
-0.73909
-0.737447
-0.735476
-0.73319
-0.7306
-0.727709
-0.72452
-0.721031
-0.717236
-0.713126
-0.708689
-0.703913
-0.698781
-0.693274
-0.68737
-0.681048
-0.674276
-0.667046
-0.659319
-0.651067
-0.642263
-0.632883
-0.622906
-0.612311
-0.601081
-0.589199
-0.576656
-0.563443
-0.549555
-0.534987
-0.519736
-0.503797
-0.487162
-0.469817
-0.451738
-0.432884
-0.413193
-0.39257
-0.370881
-0.347938
-0.323486
-0.29714
-0.83648
-0.835857
-0.835364
-0.83437
-0.833052
-0.831414
-0.829455
-0.827188
-0.824617
-0.821744
-0.81857
-0.815094
-0.81131
-0.807211
-0.802786
-0.798024
-0.792911
-0.787431
-0.781566
-0.775298
-0.768606
-0.761467
-0.753857
-0.74575
-0.737125
-0.727958
-0.718228
-0.707916
-0.697002
-0.685472
-0.67331
-0.660501
-0.647031
-0.632885
-0.618043
-0.602483
-0.586175
-0.569078
-0.551135
-0.532268
-0.512369
-0.491296
-0.468861
-0.444822
-0.418876
-0.390617
-0.932015
-0.93141
-0.930841
-0.929826
-0.928501
-0.926865
-0.924921
-0.922677
-0.920133
-0.917289
-0.914146
-0.9107
-0.906947
-0.902883
-0.898498
-0.893783
-0.888725
-0.883311
-0.877524
-0.871349
-0.864767
-0.85776
-0.850306
-0.842386
-0.833978
-0.825062
-0.815618
-0.805626
-0.795068
-0.783925
-0.772178
-0.759808
-0.746793
-0.733108
-0.718719
-0.703589
-0.687669
-0.670893
-0.653179
-0.634416
-0.614465
-0.593146
-0.570234
-0.545454
-0.51847
-0.48887
-1.02905
-1.02846
-1.02782
-1.02679
-1.02545
-1.02382
-1.0219
-1.01968
-1.01718
-1.01437
-1.01127
-1.00788
-1.00418
-1.00017
-0.995852
-0.991212
-0.986239
-0.980922
-0.975248
-0.969202
-0.962769
-0.955933
-0.948678
-0.940984
-0.932835
-0.924212
-0.915095
-0.905467
-0.895306
-0.884593
-0.873307
-0.861424
-0.848916
-0.835749
-0.82188
-0.807258
-0.791816
-0.775474
-0.758125
-0.739638
-0.719847
-0.698548
-0.675494
-0.650388
-0.62288
-0.592547
-1.12759
-1.127
-1.12631
-1.12526
-1.12393
-1.12231
-1.12041
-1.11823
-1.11577
-1.11302
-1.10998
-1.10665
-1.10302
-1.0991
-1.09487
-1.09033
-1.08547
-1.08029
-1.07476
-1.06887
-1.06263
-1.056
-1.04898
-1.04156
-1.03371
-1.02542
-1.01668
-1.00746
-0.997745
-0.987514
-0.976744
-0.965409
-0.953475
-0.940902
-0.92764
-0.913626
-0.898785
-0.883021
-0.866213
-0.848214
-0.828844
-0.807883
-0.78507
-0.760098
-0.732611
-0.70219
-1.22762
-1.22705
-1.22633
-1.22526
-1.22394
-1.22234
-1.22048
-1.21835
-1.21594
-1.21326
-1.21029
-1.20704
-1.20351
-1.19969
-1.19558
-1.19116
-1.18645
-1.18142
-1.17606
-1.17038
-1.16435
-1.15798
-1.15124
-1.14412
-1.13662
-1.12872
-1.12039
-1.11163
-1.10242
-1.09273
-1.08254
-1.07182
-1.06054
-1.04865
-1.0361
-1.02282
-1.00873
-0.993717
-0.977658
-0.960396
-0.941744
-0.921476
-0.899326
-0.874984
-0.848092
-0.818245
-1.32917
-1.32861
-1.32787
-1.32681
-1.3255
-1.32394
-1.32212
-1.32005
-1.31771
-1.3151
-1.31223
-1.30908
-1.30566
-1.30196
-1.29798
-1.29373
-1.28918
-1.28433
-1.27918
-1.27373
-1.26796
-1.26187
-1.25545
-1.24869
-1.24158
-1.2341
-1.22625
-1.218
-1.20934
-1.20026
-1.19072
-1.18071
-1.17018
-1.15908
-1.14737
-1.13496
-1.12178
-1.10772
-1.09264
-1.0764
-1.05879
-1.0396
-1.01856
-0.995373
-0.969678
-0.941074
-1.43224
-1.43169
-1.43096
-1.42992
-1.42864
-1.42712
-1.42536
-1.42336
-1.4211
-1.41858
-1.41581
-1.41278
-1.40949
-1.40593
-1.40211
-1.39803
-1.39367
-1.38904
-1.38413
-1.37894
-1.37346
-1.36769
-1.36163
-1.35526
-1.34858
-1.34158
-1.33425
-1.32658
-1.31855
-1.31014
-1.30134
-1.29212
-1.28243
-1.27225
-1.26151
-1.25014
-1.23806
-1.22516
-1.21132
-1.19639
-1.18017
-1.16246
-1.143
-1.12151
-1.09764
-1.07097
-1.53684
-1.53631
-1.5356
-1.5346
-1.53337
-1.53191
-1.53022
-1.52829
-1.52613
-1.52371
-1.52106
-1.51816
-1.51501
-1.51162
-1.50798
-1.50409
-1.49995
-1.49555
-1.49091
-1.48601
-1.48086
-1.47545
-1.46978
-1.46385
-1.45765
-1.45117
-1.44442
-1.43738
-1.43004
-1.42239
-1.41441
-1.40607
-1.39735
-1.3882
-1.37858
-1.36842
-1.35764
-1.34614
-1.33381
-1.32049
-1.30603
-1.29022
-1.27283
-1.25358
-1.23215
-1.20815
-1.64299
-1.64248
-1.64182
-1.64086
-1.63969
-1.63831
-1.6367
-1.63487
-1.63281
-1.63051
-1.62799
-1.62523
-1.62224
-1.61903
-1.61558
-1.61191
-1.608
-1.60387
-1.59952
-1.59495
-1.59015
-1.58513
-1.5799
-1.57444
-1.56877
-1.56287
-1.55675
-1.5504
-1.54382
-1.537
-1.52993
-1.52258
-1.51494
-1.50697
-1.49862
-1.48985
-1.48057
-1.47071
-1.46016
-1.44879
-1.43646
-1.42297
-1.40813
-1.39168
-1.37333
-1.35274
-1.75071
-1.75022
-1.74963
-1.74873
-1.74764
-1.74634
-1.74483
-1.7431
-1.74115
-1.73899
-1.7366
-1.734
-1.73119
-1.72817
-1.72493
-1.72149
-1.71785
-1.71401
-1.70998
-1.70575
-1.70134
-1.69675
-1.69198
-1.68704
-1.68193
-1.67666
-1.67123
-1.66564
-1.65989
-1.65398
-1.6479
-1.64165
-1.63521
-1.62854
-1.62163
-1.61443
-1.60688
-1.5989
-1.59042
-1.58133
-1.57149
-1.56075
-1.54895
-1.53585
-1.52122
-1.50475
-1.86001
-1.85954
-1.85904
-1.85823
-1.85723
-1.85602
-1.85461
-1.85299
-1.85117
-1.84914
-1.84691
-1.84449
-1.84186
-1.83904
-1.83604
-1.83285
-1.82949
-1.82595
-1.82226
-1.81841
-1.81442
-1.81028
-1.80601
-1.80163
-1.79713
-1.79253
-1.78784
-1.78306
-1.77821
-1.77329
-1.7683
-1.76325
-1.75812
-1.75291
-1.74759
-1.74215
-1.73653
-1.7307
-1.72457
-1.71807
-1.71111
-1.70356
-1.69527
-1.68608
-1.67578
-1.66414
-1.97092
-1.97047
-1.97009
-1.96936
-1.96846
-1.96736
-1.96606
-1.96457
-1.96288
-1.961
-1.95893
-1.95668
-1.95425
-1.95165
-1.94889
-1.94597
-1.94291
-1.9397
-1.93637
-1.93292
-1.92936
-1.92571
-1.92198
-1.91818
-1.91433
-1.91044
-1.90654
-1.90264
-1.89875
-1.8949
-1.89108
-1.88733
-1.88363
-1.88001
-1.87645
-1.87295
-1.86949
-1.86604
-1.86255
-1.85899
-1.85528
-1.85133
-1.84705
-1.84231
-1.83696
-1.83083
-2.08347
-2.08305
-2.08279
-2.08217
-2.08137
-2.08038
-2.07919
-2.07782
-2.07627
-2.07454
-2.07264
-2.07058
-2.06837
-2.066
-2.06349
-2.06086
-2.05811
-2.05525
-2.05229
-2.04926
-2.04616
-2.04302
-2.03984
-2.03666
-2.03349
-2.03036
-2.0273
-2.02432
-2.02145
-2.01873
-2.01617
-2.01381
-2.01167
-2.00977
-2.00812
-2.00675
-2.00565
-2.00483
-2.00428
-2.00398
-2.0039
-2.00399
-2.00421
-2.00446
-2.00468
-2.00477
-2.19769
-2.1973
-2.19716
-2.19665
-2.19595
-2.19507
-2.194
-2.19276
-2.19135
-2.18978
-2.18806
-2.1862
-2.1842
-2.18208
-2.17984
-2.17749
-2.17506
-2.17256
-2.17
-2.1674
-2.16478
-2.16216
-2.15957
-2.15703
-2.15458
-2.15223
-2.15004
-2.14803
-2.14624
-2.14471
-2.14349
-2.14261
-2.14212
-2.14206
-2.14248
-2.14341
-2.14489
-2.14695
-2.14962
-2.15291
-2.15685
-2.16143
-2.16665
-2.17248
-2.17891
-2.18597
-2.31362
-2.31326
-2.31324
-2.31283
-2.31223
-2.31145
-2.31049
-2.30939
-2.30813
-2.30672
-2.30518
-2.30352
-2.30175
-2.29987
-2.2979
-2.29586
-2.29377
-2.29163
-2.28947
-2.28732
-2.28519
-2.28311
-2.28112
-2.27924
-2.27751
-2.27598
-2.27469
-2.27368
-2.27301
-2.27273
-2.2729
-2.27358
-2.27484
-2.27674
-2.27936
-2.28276
-2.28701
-2.2922
-2.29837
-2.30561
-2.31397
-2.32351
-2.33427
-2.3463
-2.35966
-2.37448
-2.43127
-2.43095
-2.43102
-2.43071
-2.43019
-2.42951
-2.42868
-2.4277
-2.42659
-2.42535
-2.424
-2.42254
-2.42099
-2.41937
-2.41768
-2.41595
-2.41419
-2.41242
-2.41068
-2.40897
-2.40734
-2.40582
-2.40443
-2.40322
-2.40224
-2.40154
-2.40117
-2.40119
-2.40166
-2.40267
-2.40428
-2.40658
-2.40967
-2.41362
-2.41856
-2.42458
-2.4318
-2.44033
-2.45029
-2.46181
-2.47501
-2.49
-2.50691
-2.52584
-2.54694
-2.57046
-2.55066
-2.55037
-2.55053
-2.55028
-2.54985
-2.54926
-2.54854
-2.54769
-2.54673
-2.54565
-2.54449
-2.54324
-2.54192
-2.54055
-2.53915
-2.53772
-2.5363
-2.53491
-2.53358
-2.53233
-2.53119
-2.53022
-2.52944
-2.5289
-2.52867
-2.5288
-2.52936
-2.53042
-2.53206
-2.53437
-2.53746
-2.54142
-2.54638
-2.55247
-2.55982
-2.56859
-2.57893
-2.59102
-2.60503
-2.62117
-2.63962
-2.6606
-2.6843
-2.71093
-2.74074
-2.77406
-2.67176
-2.67152
-2.67174
-2.67156
-2.67119
-2.67069
-2.67007
-2.66935
-2.66853
-2.66763
-2.66665
-2.66561
-2.66452
-2.6634
-2.66227
-2.66116
-2.66008
-2.65906
-2.65813
-2.65733
-2.65669
-2.65626
-2.65608
-2.65621
-2.65672
-2.65767
-2.65915
-2.66124
-2.66405
-2.66767
-2.67223
-2.67788
-2.68475
-2.69301
-2.70284
-2.71444
-2.72803
-2.74384
-2.76215
-2.78321
-2.80733
-2.83482
-2.86601
-2.90123
-2.94086
-2.98538
-2.79456
-2.79436
-2.79464
-2.79451
-2.79419
-2.79378
-2.79327
-2.79267
-2.792
-2.79126
-2.79046
-2.78962
-2.78876
-2.7879
-2.78704
-2.78623
-2.78548
-2.78482
-2.78429
-2.78393
-2.78377
-2.78387
-2.78427
-2.78506
-2.78629
-2.78804
-2.79042
-2.79352
-2.79746
-2.80237
-2.8084
-2.8157
-2.82447
-2.8349
-2.84723
-2.8617
-2.87862
-2.89828
-2.92104
-2.94729
-2.97744
-3.01196
-3.05134
-3.09609
-3.14681
-3.20421
-2.91904
-2.91888
-2.91921
-2.91912
-2.91886
-2.91852
-2.91811
-2.91764
-2.9171
-2.91652
-2.91591
-2.91527
-2.91463
-2.91401
-2.91342
-2.9129
-2.91247
-2.91217
-2.91202
-2.91208
-2.91238
-2.91298
-2.91395
-2.91535
-2.91727
-2.91979
-2.92303
-2.9271
-2.93213
-2.93827
-2.94571
-2.95462
-2.96523
-2.97779
-2.99258
-3.0099
-3.03013
-3.05367
-3.08098
-3.11258
-3.14904
-3.19101
-3.23922
-3.29444
-3.35758
-3.42969
-3.04517
-3.04505
-3.04542
-3.04536
-3.04515
-3.0449
-3.04458
-3.04423
-3.04383
-3.0434
-3.04296
-3.04252
-3.0421
-3.04171
-3.04138
-3.04114
-3.04102
-3.04104
-3.04126
-3.04171
-3.04245
-3.04353
-3.04502
-3.04701
-3.04957
-3.05281
-3.05685
-3.06181
-3.06786
-3.07517
-3.08392
-3.09435
-3.10671
-3.12129
-3.13842
-3.15849
-3.18194
-3.20928
-3.24109
-3.27804
-3.32092
-3.37061
-3.42812
-3.4946
-3.57143
-3.66009
-3.17293
-3.17284
-3.17325
-3.17322
-3.17306
-3.17288
-3.17266
-3.17242
-3.17216
-3.17188
-3.17161
-3.17135
-3.17113
-3.17097
-3.17088
-3.17091
-3.17107
-3.17141
-3.17197
-3.17279
-3.17393
-3.17545
-3.17742
-3.17993
-3.18308
-3.18697
-3.19173
-3.19751
-3.20449
-3.21284
-3.22279
-3.2346
-3.24855
-3.26498
-3.28427
-3.30688
-3.33334
-3.36425
-3.40033
-3.44245
-3.49159
-3.54895
-3.61589
-3.69406
-3.7855
-3.89217
-3.30229
-3.30224
-3.30267
-3.30267
-3.30255
-3.30245
-3.30232
-3.30219
-3.30206
-3.30192
-3.30181
-3.30173
-3.30171
-3.30176
-3.3019
-3.30217
-3.30261
-3.30323
-3.3041
-3.30525
-3.30675
-3.30866
-3.31106
-3.31404
-3.3177
-3.32215
-3.32755
-3.33404
-3.34182
-3.35108
-3.36207
-3.37507
-3.39041
-3.40845
-3.42963
-3.45448
-3.48359
-3.51769
-3.55763
-3.60445
-3.65936
-3.72388
-3.79978
-3.88934
-3.99531
-4.12027
-3.43323
-3.4332
-3.43364
-3.43367
-3.43359
-3.43358
-3.43354
-3.43351
-3.4335
-3.43351
-3.43355
-3.43364
-3.43379
-3.43404
-3.4344
-3.4349
-3.43557
-3.43646
-3.4376
-3.43905
-3.44086
-3.44311
-3.44588
-3.44925
-3.45334
-3.45827
-3.46419
-3.47126
-3.47969
-3.48969
-3.50153
-3.5155
-3.53195
-3.55131
-3.57403
-3.60071
-3.63201
-3.66875
-3.7119
-3.76267
-3.82249
-3.89317
-3.97688
-4.07666
-4.19575
-4.33774
-3.5657
-3.56568
-3.56611
-3.56619
-3.56615
-3.56622
-3.56627
-3.56635
-3.56646
-3.56659
-3.56678
-3.56703
-3.56736
-3.56779
-3.56834
-3.56905
-3.56994
-3.57105
-3.57243
-3.57413
-3.57621
-3.57874
-3.5818
-3.58549
-3.58992
-3.59521
-3.60153
-3.60904
-3.61796
-3.6285
-3.64095
-3.65563
-3.6729
-3.6932
-3.71705
-3.74506
-3.77796
-3.81664
-3.86216
-3.91584
-3.97929
-4.05459
-4.14426
-4.25213
-4.38159
-4.53882
-3.69963
-3.69963
-3.70006
-3.70018
-3.70019
-3.70035
-3.70049
-3.70067
-3.70089
-3.70116
-3.70148
-3.70188
-3.70237
-3.70296
-3.70369
-3.70458
-3.70566
-3.70697
-3.70855
-3.71046
-3.71275
-3.71549
-3.71878
-3.72269
-3.72736
-3.73291
-3.73948
-3.74728
-3.75649
-3.76736
-3.78017
-3.79526
-3.813
-3.83386
-3.85836
-3.88714
-3.92097
-3.96076
-4.00762
-4.06293
-4.12832
-4.20601
-4.29869
-4.41066
-4.54479
-4.713
-3.83496
-3.83499
-3.83543
-3.83562
-3.83569
-3.83594
-3.83616
-3.83645
-3.83678
-3.83717
-3.83762
-3.83816
-3.83879
-3.83954
-3.84042
-3.84147
-3.84271
-3.84418
-3.84592
-3.84799
-3.85044
-3.85333
-3.85676
-3.86082
-3.86562
-3.87129
-3.87798
-3.88587
-3.89518
-3.90615
-3.91906
-3.93425
-3.9521
-3.97307
-3.99773
-4.02669
-4.06075
-4.10079
-4.14792
-4.20339
-4.26879
-4.34606
-4.43767
-4.54724
-4.67641
-4.84386
-3.97164
-3.97171
-3.97219
-3.97246
-3.97259
-3.97294
-3.97325
-3.97364
-3.97408
-3.97459
-3.97517
-3.97584
-3.9766
-3.97748
-3.9785
-3.97969
-3.98106
-3.98266
-3.98453
-3.98671
-3.98925
-3.99223
-3.99573
-3.99983
-4.00465
-4.01031
-4.01696
-4.02478
-4.03398
-4.04481
-4.05753
-4.07249
-4.09008
-4.11076
-4.13507
-4.16367
-4.1973
-4.23683
-4.28329
-4.33768
-4.40151
-4.47577
-4.56258
-4.66291
-4.77732
-4.92482
-4.10963
-4.10978
-4.1103
-4.11066
-4.11087
-4.11132
-4.11172
-4.11222
-4.11277
-4.11339
-4.11409
-4.11488
-4.11577
-4.11677
-4.11791
-4.11921
-4.1207
-4.12239
-4.12434
-4.12659
-4.12918
-4.13217
-4.13566
-4.13971
-4.14443
-4.14995
-4.15641
-4.16398
-4.17286
-4.18329
-4.19555
-4.20996
-4.22692
-4.2469
-4.27043
-4.29818
-4.33088
-4.36939
-4.41468
-4.46753
-4.52946
-4.6
-4.68176
-4.77051
-4.86827
-4.98132
-4.24892
-4.24917
-4.24974
-4.25022
-4.2505
-4.25106
-4.25156
-4.25216
-4.25282
-4.25356
-4.25437
-4.25527
-4.25627
-4.25739
-4.25864
-4.26004
-4.2616
-4.26337
-4.26537
-4.26763
-4.27022
-4.27317
-4.27656
-4.28047
-4.285
-4.29025
-4.29636
-4.30349
-4.31184
-4.32163
-4.33314
-4.34668
-4.36266
-4.38153
-4.40388
-4.43037
-4.46179
-4.49903
-4.5431
-4.59496
-4.65614
-4.7256
-4.80754
-4.8927
-4.99017
-5.07992
-4.38952
-4.38991
-4.39052
-4.39112
-4.39148
-4.39215
-4.39275
-4.39346
-4.39423
-4.39507
-4.396
-4.39701
-4.39812
-4.39934
-4.40068
-4.40216
-4.4038
-4.40561
-4.40763
-4.40988
-4.4124
-4.41526
-4.41849
-4.42218
-4.4264
-4.43125
-4.43687
-4.44338
-4.45098
-4.45988
-4.47034
-4.48268
-4.49729
-4.51466
-4.53539
-4.56019
-4.58993
-4.62566
-4.66855
-4.72013
-4.78188
-4.8547
-4.94413
-5.04277
-5.16409
-5.24016
-4.53144
-4.53199
-4.53262
-4.53335
-4.53379
-4.53457
-4.53528
-4.53609
-4.53697
-4.53793
-4.53896
-4.54009
-4.5413
-4.54262
-4.54405
-4.5456
-4.54729
-4.54913
-4.55114
-4.55335
-4.55579
-4.5585
-4.56151
-4.5649
-4.56872
-4.57307
-4.57804
-4.58377
-4.59041
-4.59816
-4.60727
-4.61804
-4.63086
-4.64624
-4.66479
-4.6873
-4.71472
-4.74829
-4.78953
-4.84037
-4.90266
-4.98062
-5.07842
-5.20142
-5.34829
-5.38029
-4.67467
-4.6754
-4.67603
-4.67689
-4.67741
-4.6783
-4.67911
-4.68003
-4.68102
-4.68209
-4.68324
-4.68447
-4.68579
-4.68721
-4.68873
-4.69035
-4.69209
-4.69395
-4.69595
-4.69811
-4.70043
-4.70296
-4.70572
-4.70875
-4.7121
-4.71585
-4.72006
-4.72484
-4.73033
-4.73669
-4.74414
-4.75296
-4.76354
-4.77636
-4.79206
-4.81145
-4.83556
-4.86559
-4.9038
-4.95204
-5.01322
-5.09225
-5.19176
-5.33488
-5.47134
-5.45635
-4.8192
-4.82013
-4.82071
-4.82171
-4.82229
-4.82328
-4.82419
-4.82522
-4.82633
-4.82751
-4.82878
-4.83014
-4.83157
-4.8331
-4.83471
-4.83641
-4.83821
-4.8401
-4.84209
-4.84419
-4.8464
-4.84873
-4.85121
-4.85385
-4.85669
-4.85976
-4.86311
-4.86683
-4.87099
-4.87574
-4.88124
-4.88775
-4.8956
-4.90526
-4.91736
-4.93281
-4.95283
-4.97647
-5.01
-5.0534
-5.1107
-5.18402
-5.28513
-5.43189
-5.52764
-5.50975
-4.96502
-4.96616
-4.96664
-4.96777
-4.96842
-4.96949
-4.97052
-4.97165
-4.97288
-4.97419
-4.97559
-4.97707
-4.97863
-4.98027
-4.982
-4.98379
-4.98566
-4.9876
-4.98959
-4.99164
-4.99375
-4.9959
-4.9981
-5.00035
-5.00265
-5.00502
-5.00747
-5.01003
-5.01275
-5.0157
-5.01901
-5.02286
-5.02752
-5.03339
-5.04099
-5.05113
-5.06482
-5.0833
-5.10914
-5.14526
-5.19482
-5.26072
-5.364
-5.50017
-5.56855
-5.56878
-5.11218
-5.11352
-5.11387
-5.11512
-5.11583
-5.11699
-5.11813
-5.11938
-5.12073
-5.12218
-5.12371
-5.12534
-5.12704
-5.12883
-5.13068
-5.1326
-5.13457
-5.13657
-5.13861
-5.14065
-5.14269
-5.1447
-5.14667
-5.14857
-5.15037
-5.15207
-5.15362
-5.15503
-5.15627
-5.15737
-5.15836
-5.15932
-5.16043
-5.16198
-5.16437
-5.16825
-5.17459
-5.18474
-5.20091
-5.22656
-5.26453
-5.32222
-5.4242
-5.55094
-5.61495
-5.62859
-5.26076
-5.26231
-5.2625
-5.26389
-5.26468
-5.26592
-5.26719
-5.26857
-5.27006
-5.27166
-5.27335
-5.27515
-5.27703
-5.27899
-5.28101
-5.28309
-5.28521
-5.28735
-5.28949
-5.29159
-5.29364
-5.2956
-5.29743
-5.29908
-5.30051
-5.30165
-5.30244
-5.30281
-5.3027
-5.30204
-5.30077
-5.29885
-5.29631
-5.29329
-5.28997
-5.28677
-5.28435
-5.28376
-5.28687
-5.29656
-5.31539
-5.35463
-5.43895
-5.5465
-5.61213
-5.64435
-5.41054
-5.41243
-5.41247
-5.41398
-5.41488
-5.4162
-5.4176
-5.41913
-5.42079
-5.42256
-5.42445
-5.42645
-5.42854
-5.43071
-5.43296
-5.43526
-5.43759
-5.43994
-5.44226
-5.44452
-5.4467
-5.44873
-5.45055
-5.45211
-5.45333
-5.45411
-5.45435
-5.45393
-5.45272
-5.45057
-5.44735
-5.44284
-5.43696
-5.4296
-5.4207
-5.41031
-5.39865
-5.38616
-5.37388
-5.36303
-5.35463
-5.35812
-5.38389
-5.41538
-5.4659
-5.56011
-5.56067
-5.56306
-5.56296
-5.56454
-5.56558
-5.567
-5.56855
-5.57024
-5.57208
-5.57405
-5.57615
-5.57838
-5.58071
-5.58314
-5.58565
-5.58822
-5.59082
-5.59343
-5.59602
-5.59854
-5.60094
-5.60316
-5.60513
-5.60676
-5.60796
-5.6086
-5.60855
-5.60764
-5.60569
-5.60248
-5.59773
-5.59121
-5.58264
-5.57171
-5.5581
-5.54153
-5.5218
-5.49886
-5.47304
-5.44455
-5.41427
-5.38805
-5.35738
-5.31128
-5.37445
-5.65695
-5.71058
-5.71333
-5.71318
-5.7148
-5.71604
-5.71759
-5.7193
-5.72118
-5.72322
-5.7254
-5.72774
-5.73021
-5.7328
-5.73551
-5.73832
-5.7412
-5.74413
-5.74707
-5.75
-5.75286
-5.7556
-5.75815
-5.76042
-5.76231
-5.76372
-5.7645
-5.76448
-5.76347
-5.76123
-5.75748
-5.7519
-5.74417
-5.73386
-5.72051
-5.70363
-5.6827
-5.65724
-5.62689
-5.59166
-5.55198
-5.5107
-5.47651
-5.45222
-5.44636
-5.5618
-5.95149
-5.8617
-5.86446
-5.86468
-5.8664
-5.86793
-5.86966
-5.87158
-5.87366
-5.87591
-5.87834
-5.88093
-5.88369
-5.8866
-5.88964
-5.89281
-5.89608
-5.89943
-5.90283
-5.90623
-5.90959
-5.91285
-5.91594
-5.91876
-5.92122
-5.92319
-5.92452
-5.92503
-5.9245
-5.92269
-5.91926
-5.91387
-5.9061
-5.89548
-5.88145
-5.8634
-5.84067
-5.81259
-5.77859
-5.73827
-5.69155
-5.63981
-5.58687
-5.53421
-5.50751
-5.61519
-5.84855
-6.01629
-6.02115
-6.0219
-6.02379
-6.02559
-6.02754
-6.02967
-6.03199
-6.03451
-6.03723
-6.04016
-6.04328
-6.0466
-6.0501
-6.05377
-6.05759
-6.06153
-6.06558
-6.06969
-6.07381
-6.0779
-6.08187
-6.08566
-6.08915
-6.09223
-6.09474
-6.09651
-6.09733
-6.09696
-6.09506
-6.09129
-6.08522
-6.07634
-6.06407
-6.04775
-6.02666
-6.00006
-5.96725
-5.92774
-5.8815
-5.82964
-5.77451
-5.71953
-5.68175
-5.69718
-5.80579
253.934
262.622
262.045
262.284
264.113
241.934
260.594
262.06
297.249
246.093
241.383
254.328
311.137
278.606
271.509
268.734
301.302
288.169
289.046
284.908
282.343
279.382
284.138
273.221
260.548
264.371
272.454
263.661
236.838
246.083
260.83
259.399
210.698
223.727
242.11
252.12
181.857
197.909
217.669
239.898
150.679
168.574
188.387
211.575
117.73
136.235
155.704
176.369
83.1913
101.862
120.996
140.07
48.3231
66.6593
84.751
102.866
18.4733
32.0515
48.3413
65.5367
2.17506
8.52934
18.0145
29.9426
1.17821
1.29556
1.99817
7.18006
1.1561
1.20669
1.21199
1.2615
1.0994
1.14697
1.19233
1.23912
1.03968
1.08562
1.12183
1.14617
0.959771
1.00102
1.0304
1.04052
0.860344
0.892021
0.909477
0.903651
0.748722
0.767629
0.769558
0.743749
0.632722
0.638444
0.624883
0.577219
0.519336
0.515058
0.489022
0.426015
0.412831
0.404518
0.376003
0.314197
0.314847
0.307759
0.285822
0.240249
0.224753
0.222111
0.210009
0.184629
0.140505
0.144015
0.142206
0.134401
0.0597554
0.0698242
0.0777892
0.0840717
-0.0197919
-0.00354496
0.0128517
0.0302161
-0.100128
-0.0784994
-0.0552526
-0.029522
-0.18288
-0.156795
-0.128172
-0.0962489
-0.26932
-0.239733
-0.207044
-0.170612
-0.360467
-0.328223
-0.292545
-0.252906
-0.457104
-0.423027
-0.385304
-0.343486
-0.559868
-0.524736
-0.485818
-0.442697
-0.669303
-0.633871
-0.59456
-0.550947
-0.785872
-0.750902
-0.712
-0.668708
-0.909963
-0.876246
-0.838596
-0.796496
-1.04189
-1.01026
-0.974768
-0.934831
-1.1819
-1.15322
-1.12087
-1.08418
-1.33012
-1.30531
-1.27714
-1.2449
-1.48659
-1.46657
-1.44365
-1.41715
-1.65124
-1.63689
-1.62028
-1.6008
-1.82396
-1.81617
-1.80688
-1.79564
-2.00471
-2.00433
-2.00342
-2.00172
-2.19351
-2.20145
-2.20994
-2.21905
-2.39051
-2.40768
-2.42652
-2.44739
-2.59598
-2.62343
-2.65361
-2.68699
-2.81033
-2.84936
-2.89219
-2.93914
-3.03401
-3.08643
-3.14381
-3.20636
-3.26727
-3.33548
-3.41033
-3.49218
-3.50952
-3.59644
-3.69287
-3.80036
-3.75909
-3.86803
-3.9916
-4.13391
-4.0127
-4.14793
-4.30657
-4.4947
-4.26391
-4.43053
-4.63354
-4.87591
-4.50517
-4.70835
-4.96037
-5.25201
-4.7324
-4.97926
-5.27582
-5.60213
-4.93093
-5.21239
-5.52218
-5.89232
-5.05793
-5.30363
-5.53827
-5.98448
-5.08697
-5.24213
-5.42153
-5.87154
-5.06293
-5.11767
-5.25004
-5.84673
-5.09262
-5.04506
-5.17877
-5.92571
-5.19498
-5.16741
-5.29766
-5.82379
-5.30453
-5.33567
-5.3621
-5.76111
-5.38789
-5.3958
-5.42922
-5.77934
-5.47392
-5.41345
-5.42928
-5.74049
-5.58018
-5.49198
-5.44386
-5.62372
-5.63403
-5.54755
-5.44746
-5.44779
-5.62963
-5.53019
-5.54012
-5.37114
-5.60838
-5.39344
-4.90737
-4.73441
-5.91764
-5.9119
-5.68109
-5.29624
-6.42728
-6.91466
-7.19873
-3.58233
-5.9119
-6.5754
-6.37658
-4.47588
-6.04135
-6.66207
-8.80966
-9.0136
262.386
262.538
262.618
262.483
262.354
262.299
262.268
262.231
262.192
262.151
262.108
262.065
262.024
261.984
261.946
261.91
261.875
261.841
261.81
261.78
261.751
261.725
261.701
261.68
261.661
261.646
261.634
261.625
261.621
261.621
261.625
261.633
261.644
261.659
261.675
261.693
261.709
261.724
261.734
261.739
262.226
262.386
262.568
262.367
262.208
262.208
262.199
262.172
262.137
262.097
262.052
262.009
261.967
261.926
261.888
261.851
261.816
261.782
261.75
261.719
261.69
261.663
261.638
261.616
261.597
261.581
261.568
261.56
261.556
261.556
261.561
261.571
261.585
261.603
261.623
261.644
261.665
261.683
261.696
261.702
261.494
262.441
262.671
262.08
261.949
262.101
262.115
262.112
262.08
262.042
261.993
261.95
261.907
261.866
261.827
261.79
261.755
261.721
261.688
261.657
261.627
261.599
261.574
261.55
261.53
261.513
261.5
261.492
261.487
261.488
261.495
261.506
261.523
261.544
261.569
261.596
261.622
261.644
261.661
261.669
262.719
263.052
263.02
261.743
261.861
262.059
262.033
262.06
262.023
261.984
261.935
261.889
261.845
261.803
261.764
261.727
261.692
261.658
261.625
261.593
261.563
261.534
261.507
261.482
261.461
261.443
261.429
261.42
261.416
261.417
261.424
261.438
261.458
261.483
261.514
261.547
261.579
261.608
261.629
261.639
267.27
264.299
263.784
262.129
262.08
262.061
261.984
262.02
261.967
261.927
261.876
261.827
261.78
261.737
261.698
261.663
261.627
261.593
261.56
261.528
261.496
261.466
261.437
261.411
261.389
261.37
261.355
261.344
261.34
261.341
261.349
261.365
261.388
261.419
261.456
261.497
261.538
261.574
261.602
261.615
263.718
263.31
263.461
262.489
262.236
262.068
261.947
261.989
261.922
261.869
261.814
261.762
261.712
261.667
261.63
261.596
261.561
261.527
261.494
261.46
261.427
261.396
261.365
261.338
261.313
261.293
261.276
261.265
261.259
261.26
261.269
261.287
261.314
261.35
261.395
261.445
261.498
261.545
261.58
261.598
262.89
262.985
262.944
262.618
262.357
261.998
261.833
261.958
261.879
261.81
261.752
261.693
261.637
261.59
261.559
261.53
261.493
261.46
261.427
261.392
261.357
261.323
261.291
261.261
261.235
261.212
261.194
261.181
261.174
261.174
261.183
261.202
261.233
261.275
261.329
261.392
261.459
261.521
261.568
261.591
262.411
263.183
263.051
262.82
262.481
261.616
261.657
261.946
261.832
261.744
261.696
261.631
261.563
261.503
261.485
261.462
261.423
261.391
261.359
261.321
261.283
261.248
261.214
261.182
261.154
261.128
261.108
261.093
261.084
261.082
261.09
261.11
261.143
261.192
261.257
261.336
261.421
261.503
261.566
261.597
261.799
263.395
263.125
262.86
262.219
261.607
261.487
261.845
261.74
261.66
261.632
261.542
261.461
261.396
261.419
261.408
261.347
261.318
261.293
261.251
261.211
261.173
261.135
261.101
261.069
261.04
261.017
260.999
260.987
260.983
260.988
261.007
261.043
261.099
261.176
261.274
261.384
261.494
261.58
261.622
259.05
261.867
263.299
262.892
259.9
257.121
259.62
261.304
261.551
261.62
261.609
261.496
261.355
261.224
261.334
261.351
261.26
261.255
261.234
261.175
261.126
261.089
261.045
261.016
260.982
260.948
260.921
260.901
260.885
260.876
260.877
260.894
260.93
260.991
261.082
261.202
261.346
261.494
261.614
261.673
233.133
242.52
256.694
259.715
218.924
159.576
213.792
259.45
261.215
261.575
261.66
261.445
261.183
261.1
261.399
261.372
261.133
261.175
261.168
261.103
261.049
261.015
260.951
260.918
260.893
260.85
260.82
260.798
260.778
260.762
260.756
260.767
260.8
260.864
260.967
261.113
261.3
261.505
261.678
261.761
197.645
213.455
227.437
233.309
191.355
134.868
165.873
207.506
240.479
258.315
260.121
258.993
259.65
260.616
261.185
261.238
260.957
261.127
261.159
261.035
260.938
260.883
260.83
260.851
260.811
260.742
260.71
260.694
260.668
260.639
260.622
260.623
260.649
260.711
260.823
260.996
261.238
261.526
261.782
261.902
159.728
176.66
188.552
194.355
180.718
157.935
169.221
190.694
230.947
251.163
249.191
217.392
205.365
243.396
249.705
259.861
260.698
260.966
261.221
260.885
260.819
260.848
260.677
260.763
260.723
260.599
260.587
260.594
260.556
260.51
260.476
260.462
260.472
260.524
260.636
260.831
261.139
261.549
261.941
262.117
121.275
137.969
151.395
159.513
157.329
149.182
154.378
169.733
195.905
214.39
213.127
186.48
166.077
191.346
199.959
216.788
241.247
248.567
254.93
259.891
260.494
260.814
260.647
260.734
260.665
260.407
260.464
260.511
260.44
260.373
260.315
260.282
260.266
260.295
260.389
260.587
260.963
261.551
262.17
262.443
82.3317
98.2575
111.563
120.695
123.429
122.823
127.863
138.966
153.819
167.161
172.698
168.5
163.391
171.172
181.444
193.992
218.838
222.521
206.358
225.694
243.477
252.052
258.376
260.406
260.839
260.523
260.349
260.422
260.322
260.232
260.136
260.086
260.032
260.017
260.064
260.22
260.628
261.464
262.531
262.932
44.3497
59.0864
71.4836
81.0137
87.222
91.4793
97.6913
106.889
118.44
130.127
138.102
140.379
140.041
143.521
151.412
162.527
176.838
183.742
182.851
198.996
211.148
193.222
218.471
253.051
256.121
258.942
259.56
260.341
260.224
260.096
259.94
259.889
259.779
259.692
259.651
259.677
259.964
261.051
262.776
263.552
15.8035
24.8442
34.6818
43.9683
51.2224
57.1552
63.8655
71.9815
81.74
91.4895
98.7991
102.534
104.477
108.472
115.214
123.984
134.351
143.646
152.814
164.424
172.788
174.126
203.897
224.822
204.348
228.252
244.94
258.685
260.07
260.013
259.782
259.675
259.519
259.326
259.152
258.887
258.54
258.999
260.986
264.594
1.53268
4.23294
10.5039
16.8622
21.868
26.2605
31.4075
37.4896
44.5696
51.962
58.4547
63.2382
67.0127
71.704
77.7984
85.3976
94.4126
103.736
112.909
122.566
132.516
144.343
164.082
177.097
178.812
202.654
226.863
253.344
256.921
258.87
259.206
259.347
259.273
258.939
258.606
257.939
256.262
253.425
251.638
267.865
1.26038
1.19251
1.02161
0.941576
2.37572
5.33037
9.16593
13.4841
17.046
20.6552
24.5521
28.2351
31.6141
35.4803
40.5658
47.3054
55.1649
63.3813
71.7327
80.534
90.2806
101.333
115.511
130.98
148.736
173.558
202.657
232.39
231.263
232.656
250.878
257.782
258.97
258.589
258.09
257.215
254.659
249.309
240.477
275.329
1.1612
1.12491
0.953251
0.666646
0.415103
0.406357
0.803968
1.14704
1.34951
2.08143
3.60175
5.6232
7.82261
10.1701
13.6397
17.8035
22.4962
27.4066
33.0793
40.0164
48.8978
59.5071
72.6977
87.2249
103.88
123.66
147.944
172.383
183.515
182.188
206.451
240.639
257.679
258.242
257.767
256.972
254.889
252.393
246.786
268.695
1.02676
0.946797
0.728771
0.520988
0.444745
0.546744
0.785405
0.961367
0.999058
1.03206
1.15271
1.32299
1.43142
1.42409
1.42919
1.79795
2.94406
4.84097
7.4769
11.6045
17.0707
23.8248
33.1201
44.1891
58.4708
75.5562
94.7582
116.605
139.267
157.681
191.191
230.879
251.831
251.111
257.096
256.82
255.827
255.308
254.088
269.485
0.859482
0.719165
0.472425
0.302698
0.324099
0.505626
0.716555
0.876487
0.963006
1.02183
1.10735
1.229
1.32324
1.371
1.41386
1.47811
1.57669
1.67939
1.75176
1.78169
2.00018
3.30315
7.04914
13.2646
21.7558
33.874
49.9104
71.3411
93.9069
117.843
150.43
188.219
213.92
223.137
236.436
255.483
256.696
256.926
257.137
265.41
0.665881
0.467125
0.214537
0.0581891
0.104906
0.341029
0.592434
0.78465
0.893385
0.953423
1.0295
1.15014
1.26317
1.33541
1.39346
1.459
1.53437
1.60948
1.6742
1.72901
1.78278
1.86656
1.96089
2.09753
2.80739
6.95649
15.515
29.1205
46.0483
68.1964
94.5999
127.691
159.865
184.605
205.16
232.532
248.02
258.035
266.857
274.04
0.458507
0.232856
0.0188001
-0.115
-0.0854101
0.152958
0.442467
0.669791
0.805458
0.883711
0.973472
1.09479
1.22122
1.30116
1.36175
1.42479
1.49448
1.5657
1.63475
1.70042
1.76575
1.83881
1.90873
1.9695
2.01076
2.13075
2.39256
4.68339
12.8407
27.1001
47.4751
77.5302
113.152
152.415
193.216
232.074
248.752
248.698
308.367
449.738
0.298213
0.107492
-0.0560634
-0.158026
-0.134471
0.0531086
0.329366
0.575937
0.739021
0.841922
0.938114
1.06085
1.18193
1.26042
1.32354
1.38705
1.45557
1.52647
1.59726
1.6661
1.73416
1.80331
1.87077
1.9401
2.00831
2.08011
2.1444
2.18127
2.50443
4.41891
14.0555
33.1679
67.2568
115.389
182.091
269.132
362.428
464.794
578.234
873.154
0.206596
0.0673762
-0.0547995
-0.124662
-0.100881
0.0462583
0.288293
0.529344
0.700953
0.822772
0.915315
1.0389
1.13995
1.21372
1.27839
1.34457
1.41483
1.48704
1.55915
1.62986
1.69939
1.76874
1.83837
1.91021
1.98004
2.05027
2.12774
2.20397
2.26973
2.30428
2.66268
5.91961
24.5978
68.1665
154.378
294.666
486.311
729.464
1000.24
1260.98
0.161881
0.0633299
-0.0167138
-0.0505908
-0.0152321
0.112365
0.313477
0.518833
0.676622
0.794732
0.901267
1.00964
1.09293
1.1626
1.22942
1.29943
1.37283
1.4476
1.52168
1.59412
1.66509
1.7353
1.80503
1.87536
1.94726
2.02295
2.10528
2.17906
2.25138
2.31956
2.38475
2.45803
3.67662
18.2725
91.6919
263.925
515.674
810.346
1094.06
1333.36
0.139325
0.0812808
0.0400597
0.0386089
0.0902058
0.204164
0.357386
0.514578
0.659738
0.763419
0.868178
0.967148
1.04443
1.11155
1.18146
1.25545
1.33202
1.40908
1.48484
1.55871
1.63086
1.70147
1.77068
1.8397
1.91161
1.98895
2.07247
2.1535
2.23297
2.29649
2.35149
2.40586
2.50618
3.61769
20.5311
158.496
444.777
747.494
1006.35
1193.36
0.118654
0.0981871
0.0905989
0.112757
0.174681
0.275839
0.392481
0.514448
0.636242
0.732173
0.826644
0.921516
0.997547
1.06442
1.137
1.21404
1.2924
1.37043
1.44706
1.52198
1.59519
1.66652
1.73582
1.80383
1.87354
1.94906
2.03286
2.11999
2.20276
2.2712
2.32838
2.37788
2.43997
2.72138
4.04089
27.3801
313.008
611.047
835.692
986.646
0.0899118
0.0984814
0.117511
0.156529
0.22104
0.310611
0.410385
0.50912
0.598079
0.681079
0.776222
0.870871
0.949065
1.01885
1.09348
1.17178
1.25059
1.32883
1.40603
1.48193
1.55636
1.62893
1.69907
1.76679
1.83414
1.90588
1.98678
2.07535
2.16214
2.23647
2.29142
2.32874
2.3747
2.47589
2.66255
4.02809
188.592
461.164
649.996
769.589
0.0509662
0.0783704
0.115458
0.166088
0.231742
0.31153
0.399141
0.486442
0.565124
0.637965
0.720549
0.809892
0.893302
0.96937
1.04592
1.12472
1.20393
1.28267
1.36064
1.4376
1.51327
1.58717
1.65858
1.72687
1.7929
1.86063
1.93611
2.02172
2.11084
2.19051
2.24766
2.27166
2.29427
2.37879
2.42372
2.42527
93.5036
335.965
482.868
572.731
0.00151866
0.0406711
0.0884737
0.146106
0.213777
0.288999
0.368236
0.447627
0.524425
0.599134
0.675977
0.754707
0.836016
0.91581
0.994203
1.07354
1.15325
1.23263
1.31137
1.38918
1.46572
1.54056
1.613
1.68217
1.74788
1.81257
1.88203
1.96157
2.04929
2.13338
2.20008
2.21276
2.21446
2.29138
2.40248
2.54032
48.7468
249.06
347.21
413.167
-0.0580731
-0.0114026
0.042833
0.104802
0.17394
0.248213
0.324872
0.401502
0.476989
0.551789
0.627775
0.705365
0.784186
0.863056
0.94182
1.02104
1.10063
1.18012
1.25911
1.33718
1.41391
1.4889
1.56159
1.63116
1.69683
1.7595
1.8236
1.89551
1.97767
2.06232
2.13898
2.1544
2.1354
2.17051
2.21395
2.63668
31.2027
190.284
246.486
302.321
-0.12744
-0.0757271
-0.0173096
0.0476329
0.118276
0.193044
0.26998
0.347299
0.424108
0.500605
0.577574
0.65525
0.733383
0.811456
0.889529
0.967978
1.04679
1.12563
1.20406
1.28156
1.35762
1.43181
1.50369
1.57263
1.63772
1.69875
1.7583
1.82206
1.89478
1.97272
2.05049
2.06999
2.0449
2.05431
2.02896
1.58032
34.5445
138.389
183.562
227.707
-0.206268
-0.15107
-0.0896358
-0.0222778
0.0502174
0.12653
0.205143
0.284675
0.364233
0.443517
0.5226
0.6015
0.680042
0.758029
0.835638
0.913252
0.990981
1.06861
1.14572
1.22179
1.29629
1.36874
1.43876
1.50584
1.56921
1.6281
1.68341
1.73899
1.79957
1.86355
1.9262
1.95016
1.93613
1.96508
2.05174
1.87901
43.7873
105.755
143.012
175.667
-0.294486
-0.236847
-0.173111
-0.103559
-0.0288832
0.0498273
0.131247
0.214073
0.297252
0.38007
0.462096
0.543046
0.622736
0.70117
0.778637
0.855532
0.932049
1.00808
1.0833
1.15725
1.22941
1.29932
1.36655
1.43066
1.49103
1.54676
1.59759
1.64548
1.69408
1.7432
1.78875
1.81411
1.82377
1.86876
1.95435
1.98811
43.4415
87.3535
116.76
138.732
-0.392229
-0.332947
-0.267437
-0.195861
-0.118763
-0.0370241
0.0481248
0.135273
0.223078
0.310347
0.396122
0.479761
0.561034
0.640117
0.717468
0.793578
0.868725
0.942894
1.01584
1.08719
1.15649
1.22327
1.28705
1.34739
1.40375
1.45535
1.5015
1.54292
1.58242
1.62169
1.65956
1.6881
1.7147
1.76685
1.83583
2.03482
39.3021
82.6976
98.9836
114.827
-0.499824
-0.439624
-0.37284
-0.299443
-0.219777
-0.134594
-0.044972
0.0474758
0.140983
0.233759
0.324153
0.411011
0.494021
0.573633
0.650626
0.725697
0.799244
0.871343
0.941817
1.01034
1.07651
1.13986
1.19988
1.25606
1.30791
1.35489
1.39645
1.43284
1.46634
1.50007
1.53675
1.57296
1.6114
1.66495
1.7139
1.88266
40.5179
86.0648
83.4837
102.931
-0.617762
-0.557421
-0.48996
-0.415078
-0.332833
-0.243793
-0.149139
-0.0504673
0.049861
0.149203
0.244994
0.335379
0.41991
0.499517
0.575589
0.649209
0.720944
0.790914
0.858948
0.924728
0.987853
1.04785
1.10416
1.15622
1.20356
1.2459
1.28305
1.31524
1.34426
1.37331
1.40744
1.44817
1.49161
1.55733
1.59695
1.30502
32.6437
69.6381
58.166
93.7256
-0.74665
-0.687095
-0.619764
-0.543996
-0.459473
-0.366508
-0.266234
-0.160473
-0.0518372
0.0556787
0.157451
0.250716
0.335493
0.413904
0.488247
0.560034
0.629961
0.698095
0.764157
0.827739
0.888382
0.94556
0.998662
1.04705
1.09028
1.12823
1.16111
1.18927
1.21395
1.23771
1.26532
1.30401
1.34905
1.41921
1.5589
0.903773
13.2252
18.1567
-3.63431
89.998
-0.887162
-0.829548
-0.763437
-0.687654
-0.60132
-0.50445
-0.398242
-0.284776
-0.167316
-0.0504463
0.0582451
0.153527
0.23605
0.310732
0.381886
0.451639
0.520437
0.587863
0.653256
0.715966
0.775394
0.830922
0.881851
0.927486
0.967359
1.00148
1.03035
1.05448
1.07464
1.09238
1.10998
1.13606
1.16595
1.23897
0.920657
1.95021
-2.73686
-1.97971
10.9222
100.41
-1.03996
-0.985767
-0.922408
-0.847966
-0.760679
-0.660199
-0.547785
-0.425171
-0.296386
-0.168206
-0.0552259
0.0355162
0.109903
0.177922
0.245459
0.314419
0.384287
0.453552
0.520847
0.585121
0.64557
0.701445
0.751942
0.796294
0.834007
0.865171
0.890551
0.910876
0.926521
0.938058
0.945102
0.95293
0.963009
1.02147
1.11706
11.9505
22.1666
15.5478
35.5039
80.9173
-1.20559
-1.15663
-1.09809
-1.02717
-0.94115
-0.840103
-0.725724
-0.59708
-0.458829
-0.313593
-0.188045
-0.107589
-0.0533062
-0.00223312
0.0600073
0.131868
0.208429
0.285363
0.359717
0.429861
0.494946
0.554237
0.606876
0.652028
0.689204
0.718652
0.741347
0.758285
0.769449
0.774714
0.768862
0.756152
0.726379
0.645758
0.956592
7.24223
14.7119
4.3663
1.77275
57.9164
-1.38438
-1.34278
-1.29164
-1.22723
-1.14527
-1.04633
-0.934171
-0.801773
-0.659909
-0.513254
-0.414937
-0.366647
-0.322922
-0.281464
-0.209487
-0.117285
-0.02132
0.0727554
0.161887
0.244181
0.319075
0.386039
0.444274
0.492956
0.531666
0.561052
0.5822
0.596377
0.603345
0.603482
0.585641
0.552085
0.519279
0.435948
0.401997
3.68208
1.43797
-18.7619
-86.4077
-32.8717
-1.57624
-1.54434
-1.50405
-1.45069
-1.37616
-1.27739
-1.16939
-1.04716
-0.95494
-0.865569
-0.795472
-0.75684
-0.761639
-0.729165
-0.631633
-0.485391
-0.333481
-0.198181
-0.0809571
0.022023
0.11338
0.193405
0.261599
0.317418
0.360702
0.392057
0.412813
0.425705
0.429738
0.427248
0.403251
0.355178
0.323777
0.331311
0.104195
0.422814
-0.871769
-23.8373
-91.887
-32.0748
-1.78095
-1.76108
-1.7362
-1.70115
-1.63812
-1.5435
-1.47935
-1.45257
-1.48934
-1.50475
-1.44117
-1.39709
-1.34717
-1.28911
-1.17601
-0.992331
-0.755289
-0.541193
-0.375134
-0.24092
-0.125804
-0.0268463
0.0563675
0.124142
0.176645
0.21332
0.234466
0.250202
0.255976
0.257028
0.237216
0.187632
0.154057
0.161565
0.0909686
0.0199394
-0.841482
4.24505
7.39055
21.6935
-1.99877
-1.99378
-1.98933
-1.98159
-1.93468
-1.90067
-1.96722
-2.14424
-2.32314
-2.42967
-2.41437
-2.14903
-1.9804
-1.8796
-1.7148
-1.56167
-1.26679
-0.954105
-0.720892
-0.545028
-0.399891
-0.277354
-0.174744
-0.0902303
-0.0235124
0.0207437
0.0411108
0.0697228
0.0892687
0.110393
0.115631
0.0924341
0.085578
0.137736
0.233455
0.306174
0.278933
18.8113
61.0813
50.1341
-2.22965
-2.24316
-2.26348
-2.2908
-2.33413
-2.3938
-2.48413
-2.60316
-2.72909
-2.82902
-2.84167
-2.75345
-2.48469
-2.27269
-2.2339
-2.08307
-1.77944
-1.4068
-1.10917
-0.885704
-0.707587
-0.560455
-0.437932
-0.336435
-0.255622
-0.209104
-0.197936
-0.152838
-0.101028
-0.0315662
0.0251117
0.0487424
0.0823375
0.180899
0.408073
0.390259
0.608716
25.5023
71.8117
56.358
-2.47252
-2.50532
-2.55018
-2.61709
-2.71741
-2.81246
-2.8542
-2.86219
-2.9101
-2.9995
-3.03461
-2.98687
-2.79214
-2.57752
-2.54131
-2.41113
-2.19483
-1.85447
-1.52036
-1.25302
-1.04434
-0.876285
-0.739645
-0.631002
-0.552411
-0.538571
-0.559958
-0.481297
-0.341985
-0.204206
-0.0913537
-0.0143096
0.0451931
0.126268
0.301053
0.335733
0.61556
1.42334
13.5669
14.9783
-2.72665
-2.7758
-2.83625
-2.91452
-3.01695
-3.14066
-3.20501
-3.23927
-3.25138
-3.26561
-3.23596
-3.15319
-3.0283
-2.78595
-2.71174
-2.64063
-2.53845
-2.28664
-1.94465
-1.63905
-1.40173
-1.21566
-1.07018
-0.964928
-0.904472
-0.959467
-1.06121
-1.0064
-0.685659
-0.375611
-0.208812
-0.102518
-0.0264297
0.0275353
0.063327
-0.00432672
-0.435035
-0.886684
-0.86954
9.02705
-2.99379
-3.05883
-3.13385
-3.22094
-3.32235
-3.43598
-3.53882
-3.6116
-3.6872
-3.71703
-3.61176
-3.47629
-3.29048
-3.01134
-2.8999
-2.95028
-2.90691
-2.73705
-2.39462
-2.0435
-1.76773
-1.55551
-1.39182
-1.27646
-1.20891
-1.25003
-1.38789
-1.41022
-1.07054
-0.615488
-0.304002
-0.152608
-0.0601099
0.00253193
0.0381609
0.0319677
-0.0144183
0.0366961
-0.0817231
17.4183
-3.27826
-3.36223
-3.45698
-3.56329
-3.67869
-3.79706
-3.90985
-4.01656
-4.1198
-4.18199
-4.09689
-3.955
-3.7459
-3.46444
-3.30327
-3.39123
-3.37259
-3.24719
-2.88659
-2.46694
-2.12924
-1.87058
-1.66639
-1.51005
-1.39682
-1.34173
-1.36868
-1.3594
-1.15318
-0.761939
-0.373961
-0.14476
-0.0263887
0.074765
0.185771
0.254129
0.309285
0.328453
0.525665
33.4734
-3.58676
-3.69831
-3.82474
-3.96481
-4.11257
-4.25878
-4.39325
-4.50096
-4.57685
-4.61386
-4.57697
-4.48278
-4.28506
-4.04536
-3.931
-4.01795
-4.00422
-3.84766
-3.42015
-2.9022
-2.47657
-2.14982
-1.88643
-1.66974
-1.49213
-1.34664
-1.24904
-1.15819
-1.02584
-0.783041
-0.413446
-0.115322
0.0538437
0.195297
0.308756
0.423453
0.458983
0.411361
0.459625
62.6358
-3.92808
-4.08313
-4.25981
-4.4507
-4.64388
-4.82574
-4.98261
-5.094
-5.13769
-5.10007
-5.08014
-5.0348
-4.83971
-4.63129
-4.5398
-4.69805
-4.7146
-4.47505
-3.95133
-3.3258
-2.80109
-2.39497
-2.06528
-1.78579
-1.54335
-1.33368
-1.17274
-1.04509
-0.924722
-0.746797
-0.397562
-0.0831425
0.123447
0.265603
0.36545
0.540816
0.590127
0.413376
1.98608
124.591
-4.30908
-4.52373
-4.75898
-4.99571
-5.22243
-5.43727
-5.61873
-5.7312
-5.72909
-5.64167
-5.57486
-5.50287
-5.36225
-5.21418
-5.14534
-5.2886
-5.30331
-5.00326
-4.40993
-3.70016
-3.09075
-2.61124
-2.21889
-1.8804
-1.57827
-1.31991
-1.13317
-1.00299
-0.874237
-0.65006
-0.364796
-0.0811222
0.102778
0.226045
0.334026
0.538871
0.908794
1.45056
43.9355
238.979
-4.72788
-4.99862
-5.2645
-5.50618
-5.72052
-5.90241
-6.04074
-6.12114
-6.12
-6.06167
-5.99468
-5.92696
-5.82514
-5.70226
-5.64843
-5.69624
-5.7041
-5.39208
-4.75451
-4.00035
-3.34049
-2.809
-2.36752
-1.97582
-1.61614
-1.30989
-1.09247
-0.933776
-0.743218
-0.497962
-0.319802
-0.167296
-0.00963946
0.112518
0.235325
0.235497
-0.32384
53.6026
207.721
394.682
-5.16322
-5.45689
-5.7034
-5.89657
-6.03164
-6.13807
-6.24018
-6.31466
-6.3677
-6.39718
-6.40384
-6.36991
-6.26243
-6.10723
-6.00204
-6.0059
-5.98468
-5.65415
-4.97718
-4.2291
-3.56412
-3.00935
-2.54049
-2.10058
-1.68103
-1.29942
-0.991961
-0.802071
-0.69516
-0.46826
-0.19657
-0.235835
-0.148964
0.0903662
-0.508135
-7.91232
48.5391
147.858
289.5
431.658
-5.56553
-5.83291
-6.0317
-6.16615
-6.2559
-6.35977
-6.50201
-6.6521
-6.7635
-6.84
-6.89151
-6.81621
-6.63151
-6.4071
-6.24002
-6.18432
-6.09054
-5.72061
-5.09766
-4.41416
-3.7941
-3.24849
-2.7642
-2.26807
-1.76266
-1.28861
-0.876371
-0.605362
-0.643467
-0.401952
0.251826
0.1469
-3.53079
-6.71448
8.84893
11.7291
39.7658
89.3335
167.798
284.41
-5.90177
-6.12148
-6.25736
-6.3481
-6.42444
-6.58072
-6.79958
-7.01401
-7.20104
-7.28974
-7.2215
-7.05519
-6.81086
-6.53503
-6.31692
-6.16959
-5.98519
-5.62362
-5.11567
-4.57011
-4.05579
-3.56613
-3.08079
-2.50733
-1.9071
-1.31178
-0.780059
-0.269013
-0.441289
-2.12595
-4.55543
1.62662
3.48702
1.16423
3.16819
3.13616
7.71251
17.534
43.4269
97.0226
-6.19285
-6.35256
-6.42173
-6.45627
-6.51607
-6.70928
-6.98278
-7.23568
-7.38771
-7.39938
-7.29182
-7.10121
-6.83328
-6.53193
-6.27786
-6.06143
-5.81623
-5.5005
-5.13394
-4.7381
-4.34669
-3.98802
-3.62543
-2.95965
-2.32623
-1.79155
-1.41456
-0.665513
-0.0425598
-3.30524
-6.35716
-4.8955
-3.3951
-2.30151
-2.77331
-6.41581
-5.39279
-2.4607
-0.528339
15.9283
-6.56176
-6.65148
-6.58389
-6.51252
-6.52766
-6.70352
-7.02819
-7.19338
-7.2958
-7.30368
-7.21496
-7.05196
-6.82784
-6.53561
-6.26588
-6.01937
-5.75827
-5.50643
-5.23286
-4.94794
-4.72856
-4.70748
-5.02543
-4.83931
-4.34315
-4.68648
1.44539
1.29537
-2.12128
-7.46636
-9.06104
-9.55317
-9.46732
-9.14293
-8.53974
-8.33153
-8.31749
-7.95303
-7.83331
-3.41933
-6.86945
-6.86717
-6.72901
-6.5194
-6.52926
-6.68122
-6.88898
-7.03181
-7.1438
-7.19982
-7.16203
-7.05629
-6.88579
-6.62042
-6.3315
-6.0646
-5.80646
-5.59081
-5.38922
-5.19852
-5.06316
-5.09518
-6.19013
-11.1776
-7.69198
-7.20779
-4.73467
-6.44484
-8.69853
-9.25925
-9.34218
-9.25538
-9.1596
-9.02007
-8.87031
-8.72928
-8.65119
-8.30685
-8.07469
-8.30211
-6.67917
-6.72287
-6.65095
-6.54043
-6.49375
-6.62825
-6.80311
-6.94322
-7.05572
-7.11666
-7.11302
-7.03542
-6.86942
-6.60549
-6.29369
-6.00171
-5.72815
-5.52928
-5.43413
-5.37585
-5.37484
-5.79929
-7.18388
-10.528
-9.01921
-8.35775
-9.17507
-9.48406
-9.43603
-9.43671
-9.41631
-9.3583
-9.25918
-9.09997
-8.91003
-8.67709
-8.55519
-8.23313
-8.52118
-6.8627
-6.27806
-6.34578
-6.30331
-6.20805
-6.17277
-6.31765
-6.49224
-6.66025
-6.88347
-6.95471
-6.82407
-6.63626
-6.4058
-6.11066
-5.77998
-5.46527
-5.20887
-5.12933
-5.29054
-5.58545
-6.10061
-7.20782
-9.02037
-8.83457
-9.02547
-9.75737
-9.8302
-9.71261
-9.67661
-9.63693
-9.5883
-9.51879
-9.41075
-9.2502
-9.05979
-8.82394
-8.74465
-8.44747
-9.03827
1.28265
-5.93855
-5.91482
-5.88329
-5.83877
-5.80692
-6.04921
-6.48453
-6.8706
-6.99791
-6.67582
-6.11148
-5.55938
-5.10056
-4.71604
-4.40596
-4.16682
-4.07203
-4.29283
-4.86919
-6.01554
-9.13527
-10.6265
-9.89031
-9.63696
-9.99927
-9.99692
-9.93853
-9.87768
-9.81863
-9.76904
-9.72241
-9.66794
-9.59634
-9.49462
-9.36631
-9.19762
-9.08961
-8.94582
-8.34336
31.199
-5.86012
-5.8059
-5.78047
-5.89087
-6.11215
-6.62113
-7.47005
-7.28646
-7.40161
-7.69173
-6.07
-3.83769
-3.08287
-2.65477
-2.42936
-2.36069
-2.46576
-2.82319
-4.05668
-9.26321
-12.9445
-11.6497
-10.1616
-10.2488
-10.1835
-10.1088
-10.0279
-9.95832
-9.90344
-9.86157
-9.82927
-9.80306
-9.77793
-9.74493
-9.69098
-9.635
-9.45878
-9.84396
-8.15337
52.9259
-5.89728
-5.9183
-5.88961
-5.95885
-6.15337
-6.60901
-7.67962
-9.59342
-12.0619
-12.0649
-2.66104
-1.58127
-1.02643
-0.688732
-0.621381
-0.560774
-0.375756
-0.838131
-3.59173
-10.8387
-12.5302
-10.7898
-10.507
-10.4287
-10.3215
-10.2033
-10.1135
-10.0423
-9.98529
-9.94634
-9.92703
-9.92791
-9.94883
-9.98515
-10.027
-10.1048
-10.0092
-10.6146
-10.4016
52.7192
-5.88553
-5.97568
-5.97112
-5.94617
-5.97579
-6.09568
-6.32474
-6.52083
-6.38732
-6.28719
-3.7996
-0.348294
0.515775
0.625769
0.567307
0.626391
1.13742
6.45868
-2.94757
-9.654
-10.4835
-10.6491
-10.697
-10.5714
-10.4358
-10.3374
-10.2497
-10.1663
-10.0957
-10.0472
-10.0299
-10.0525
-10.1212
-10.2326
-10.3843
-10.5118
-10.558
-9.18815
-6.84275
38.7349
-5.73514
-5.85654
-5.89529
-5.81744
-5.73248
-5.69022
-5.75584
-5.81434
-5.74533
-5.63226
-5.18877
-1.20704
-1.38755
1.58981
0.722114
0.047893
4.88531
2.91313
-4.86271
-8.486
-10.3657
-10.7398
-10.7203
-10.6813
-10.6448
-10.5822
-10.4889
-10.3774
-10.2652
-10.1744
-10.1306
-10.1564
-10.2679
-10.4662
-10.7505
-10.9946
-10.9484
-7.14044
10.0135
16.8781
-5.50727
-5.59407
-5.61402
-5.566
-5.47158
-5.41534
-5.46491
-5.57643
-5.62721
-5.57061
-5.37381
-3.20261
0.216341
1.23932
0.756122
-2.05395
-3.56774
-5.57992
-6.9532
-9.16258
-10.0041
-10.4105
-10.7127
-10.9269
-11.0346
-11.033
-10.9323
-10.7565
-10.545
-10.3511
-10.2274
-10.2165
-10.3459
-10.6056
-11.0022
-11.3606
-10.6789
-2.04388
3.16887
4.12091
-5.32724
-5.35749
-5.37823
-5.36244
-5.30499
-5.2691
-5.31053
-5.41226
-5.53562
-5.53916
-5.50804
-5.14546
-4.14932
-3.61073
-4.00668
-4.60042
-5.55443
-6.81949
-7.70552
-8.50098
-9.4769
-10.32
-11.0087
-11.5113
-11.7941
-11.8946
-11.7606
-11.4524
-11.0484
-10.6484
-10.3572
-10.2524
-10.3651
-10.6592
-11.1056
-11.0959
-8.6633
-2.16844
-1.76633
-1.97453
-4.97612
-5.07524
-5.15714
-5.1989
-5.21655
-5.24184
-5.3007
-5.39737
-5.4953
-5.5572
-5.65689
-5.81557
-4.93789
-4.44857
-5.08145
-5.33447
-5.62633
-6.21894
-7.12416
-8.20561
-9.459
-10.7839
-12.0142
-12.9395
-13.4996
-13.6257
-13.3153
-12.6829
-11.8984
-11.1331
-10.5522
-10.2847
-10.3835
-10.8469
-11.1832
-10.8301
-10.5567
-4.03393
-3.05885
-3.27967
-5.08729
-5.13559
-5.15372
-5.13751
-5.16565
-5.23608
-5.32227
-5.40781
-5.47875
-5.54104
-5.63208
-5.73656
-5.749
-5.44959
-5.13761
-5.18049
-5.50608
-6.05766
-6.91765
-8.17728
-9.92315
-12.066
-14.0376
-15.2504
-15.7731
-15.6612
-14.9915
-13.9072
-12.6259
-11.4451
-10.5465
-10.0616
-10.0447
-10.3268
-10.6913
-9.74247
-5.85084
-3.31813
-3.13947
-3.25551
-4.47772
-4.88913
-4.98817
-5.06364
-5.13225
-5.2306
-5.32116
-5.40599
-5.47409
-5.53142
-5.58756
-5.61825
-5.55622
-5.38891
-5.25894
-5.2841
-5.52243
-5.94423
-6.82632
-8.29202
-10.5501
-13.3315
-15.5553
-16.7153
-16.9669
-16.4815
-15.4158
-13.9897
-12.449
-11.0532
-9.97316
-9.28068
-8.93743
-8.64313
-7.63779
-5.82408
-3.97455
-3.4317
-3.62854
-3.75409
-3.90177
-4.35671
-4.87337
-5.05876
-5.13858
-5.30173
-5.41701
-5.49224
-5.5485
-5.58785
-5.61241
-5.61102
-5.56671
-5.48951
-5.43071
-5.40656
-5.49327
-5.77394
-6.40537
-7.68451
-9.82673
-12.3031
-14.099
-14.8812
-14.8566
-14.1586
-13.0035
-11.6466
-10.3028
-9.13753
-8.24318
-7.57839
-6.99666
-6.34446
-5.56602
-4.76391
-4.36377
-4.31102
-4.47582
-4.51757
-5.47194
-6.1671
-5.96116
-5.65396
-5.32122
-5.32161
-5.49683
-5.56902
-5.60582
-5.63198
-5.63656
-5.61172
-5.54634
-5.42167
-5.2195
-4.95064
-4.57615
-4.19836
-4.23271
-5.11353
-6.7105
-8.30819
-9.35088
-9.82592
-9.90462
-9.66686
-9.23757
-8.7352
-8.24334
-7.79427
-7.39036
-7.03116
-6.6689
-6.30497
-5.98655
-5.68918
-5.46222
-5.32924
-5.30848
-5.31023
)
;

boundaryField
{
    leftWall
    {
        type            calculated;
        value           nonuniform List<scalar> 
86
(
859.445
811.364
762.134
711.869
660.671
608.616
555.806
502.395
448.598
394.722
340.738
287.113
235.163
186.627
143.658
107.298
76.3987
49.5391
27.5205
2.64132
1.08829
1.0271
0.962077
0.893556
0.821368
0.745959
0.668186
0.588345
0.507748
0.427142
0.34758
0.269628
0.192421
0.114454
0.0353384
-0.0450853
-0.126928
-0.210258
-0.295112
-0.381512
-0.469463
-0.558932
-0.649929
-0.74245
-0.83648
-0.932015
-1.02905
-1.12759
-1.22762
-1.32917
-1.43224
-1.53684
-1.64299
-1.75071
-1.86001
-1.97092
-2.08347
-2.19769
-2.31362
-2.43127
-2.55066
-2.67176
-2.79456
-2.91904
-3.04517
-3.17293
-3.30229
-3.43323
-3.5657
-3.69963
-3.83496
-3.97164
-4.10963
-4.24892
-4.38952
-4.53144
-4.67467
-4.8192
-4.96502
-5.11218
-5.26076
-5.41054
-5.56067
-5.71058
-5.8617
-6.01629
)
;
    }
    rightWall
    {
        type            calculated;
        value           nonuniform List<scalar> 
86
(
262.176
262.129
262.083
262.037
261.991
261.947
261.903
261.86
261.818
261.778
261.739
261.702
261.669
261.639
261.615
261.598
261.591
261.597
261.622
261.673
261.761
261.902
262.117
262.443
262.932
263.552
264.594
267.865
275.329
268.695
269.485
265.41
274.04
449.738
873.154
1260.98
1333.36
1193.36
986.646
769.589
572.731
413.167
302.321
227.707
175.667
138.732
114.827
102.931
93.7256
89.998
100.41
80.9173
57.9164
-32.8717
-32.0748
21.6935
50.1341
56.358
14.9783
9.02705
17.4183
33.4734
62.6358
124.591
238.979
394.682
431.658
284.41
97.0226
15.9283
-3.41933
-8.30211
-6.8627
1.28265
31.199
52.9259
52.7192
38.7349
16.8781
4.12091
-1.97453
-3.27967
-3.25551
-3.75409
-4.51757
-5.31023
)
;
    }
    lowerWall
    {
        type            calculated;
        value           nonuniform List<scalar> 
110
(
882.988
883.531
886.055
889.773
891.7
891.419
889.072
885.643
882.097
879
876.576
874.854
873.784
873.303
873.36
873.921
874.972
876.518
878.58
881.194
884.409
888.285
892.888
898.288
904.562
911.796
920.116
929.617
940.275
952.099
965.147
979.462
994.949
1011.24
1027.52
1042.4
1053.88
1060.3
1061.32
1061.34
1061.43
1050.96
1019.88
1015.48
1048.94
1075.78
1052.76
988.526
924.66
882.434
863.141
855.244
835.402
791.844
718.835
608.235
273.426
262.677
262.099
262.338
262.855
262.81
262.767
262.727
262.688
262.649
262.61
262.568
262.512
262.421
262.878
262.873
262.861
262.843
262.82
262.792
262.762
262.729
262.696
262.661
262.625
262.59
262.554
262.519
262.485
262.452
262.42
262.389
262.36
262.333
262.307
262.284
262.263
262.245
262.228
262.215
262.203
262.194
262.188
262.184
262.181
262.181
262.182
262.184
262.187
262.191
262.194
262.197
262.199
262.199
)
;
    }
    atmosphere
    {
        type            calculated;
        value           nonuniform List<scalar> 
90
(
-6.09441
-6.10639
-6.10565
-6.10756
-6.1094
-6.11144
-6.11368
-6.11614
-6.11883
-6.12175
-6.12489
-6.12827
-6.13186
-6.13568
-6.13969
-6.1439
-6.14827
-6.15279
-6.15741
-6.1621
-6.16681
-6.17147
-6.17601
-6.18033
-6.18432
-6.18783
-6.19072
-6.19277
-6.19375
-6.19339
-6.19133
-6.18715
-6.18039
-6.17047
-6.15677
-6.13853
-6.115
-6.08538
-6.04893
-6.00513
-5.95416
-5.89699
-5.83477
-5.78273
-5.73636
-5.73087
-5.79884
-5.74277
-21.3402
-151.179
-5.72904
-6.19296
-6.15583
-6.36252
-5.90034
-5.72904
-5.72904
-5.72904
-5.72904
-5.72904
-5.72904
-5.72905
-5.72907
-5.72912
-5.72913
-5.7291
-5.72921
-5.73037
-5.84235
-6.11883
-6.11883
-6.11883
-6.09647
-5.98729
-6.09402
-6.10302
-6.10667
-6.10667
-6.10667
-6.10012
-6.01069
-6.01069
-6.02345
-6.06028
-6.11398
-5.9876
-5.83212
-5.74128
-5.72954
-5.72954
)
;
    }
    defaultFaces
    {
        type            empty;
    }
}


// ************************************************************************* //
