/*--------------------------------*- C++ -*----------------------------------*\
| =========                 |                                                 |
| \\      /  F ield         | OpenFOAM: The Open Source CFD Toolbox           |
|  \\    /   O peration     | Version:  3.0.1                                 |
|   \\  /    A nd           | Web:      www.OpenFOAM.org                      |
|    \\/     M anipulation  |                                                 |
\*---------------------------------------------------------------------------*/
FoamFile
{
    version     2.0;
    format      ascii;
    class       volScalarField;
    location    "0.4";
    object      p_rgh;
}
// * * * * * * * * * * * * * * * * * * * * * * * * * * * * * * * * * * * * * //

dimensions      [1 -1 -2 0 0 0 0];

internalField   nonuniform List<scalar> 
7700
(
882.988
883.531
886.055
889.773
891.7
891.419
889.072
885.643
882.097
879
876.576
874.854
873.784
873.303
873.36
873.921
874.972
876.518
878.58
881.194
884.409
888.285
892.888
898.288
904.562
911.796
920.116
929.617
940.275
952.099
965.147
979.462
994.949
1011.24
1027.52
1042.4
1053.88
1060.3
1061.32
1061.34
1061.43
1050.96
1019.88
1015.48
1048.94
1075.78
881.995
882.332
884.751
888.947
890.643
890.275
887.931
884.586
881.169
878.213
875.915
874.293
873.292
872.853
872.928
873.49
874.532
876.062
878.104
880.699
883.895
887.753
892.338
897.719
903.964
911.13
919.228
928.269
938.507
949.903
962.516
976.345
991.326
1007.26
1023.65
1039.29
1052.35
1060.34
1064.14
1067.72
1067.45
1051.09
996.677
973.677
1005.74
1057.59
879.852
880.18
882.752
886.713
888.439
888.002
885.699
882.532
879.371
876.683
874.623
873.186
872.311
871.944
872.05
872.612
873.633
875.131
877.137
879.695
882.856
886.68
891.232
896.579
902.783
909.904
918.004
927.174
937.304
948.541
960.807
973.993
987.944
1002.4
1016.89
1030.91
1043.75
1054.28
1062.29
1069.02
1064.73
1038.19
977.223
945.864
969.278
1037.77
876.673
877.01
879.739
883.48
885.195
884.708
882.511
879.624
876.833
874.517
872.776
871.578
870.863
870.584
870.722
871.277
872.266
873.718
875.672
878.177
881.287
885.064
889.57
894.871
901.026
908.091
916.113
925.109
935.115
946.12
958.065
970.826
984.188
997.818
1011.25
1024
1035.63
1045.78
1054.29
1060.3
1058.8
1036.34
980.195
952.129
970.958
1043.62
872.562
872.908
875.77
879.334
881.024
880.539
878.536
876.03
873.696
871.816
870.435
869.5
868.952
868.761
868.924
869.46
870.404
871.795
873.684
876.122
879.169
882.886
887.335
892.579
898.674
905.672
913.611
922.512
932.386
943.198
954.874
967.273
980.175
993.267
1006.13
1018.26
1029.15
1038.36
1045.56
1049.87
1048.36
1035.5
1008.46
991.046
1008.65
1071.93
867.594
867.93
870.924
874.361
876.062
875.667
873.965
871.923
870.097
868.675
867.654
866.971
866.576
866.456
866.629
867.134
868.019
869.34
871.151
873.513
876.486
880.133
884.514
889.691
895.718
902.642
910.497
919.299
929.041
939.678
951.122
963.223
975.759
988.435
1000.87
1012.62
1023.18
1032.06
1038.82
1043.02
1043.76
1039.82
1033.07
1039.95
1069.8
1114.22
861.871
862.161
865.297
868.664
870.455
870.27
868.971
867.446
866.135
865.15
864.455
863.987
863.713
863.64
863.805
864.264
865.082
866.322
868.049
870.326
873.216
876.782
881.085
886.186
892.137
898.982
906.752
915.457
925.082
935.573
946.832
958.705
970.972
983.349
995.485
1006.98
1017.42
1026.39
1033.55
1038.76
1042.11
1044.46
1048.76
1065.62
1100
1141.47
855.547
855.701
859.013
862.369
864.354
864.506
863.691
862.698
861.866
861.257
860.828
860.525
860.333
860.278
860.416
860.819
861.56
862.715
864.351
866.537
869.336
872.812
877.028
882.041
887.907
894.668
902.352
910.967
920.493
930.873
942.003
953.725
965.825
978.03
990.015
1001.43
1011.9
1021.12
1028.86
1035.12
1040.29
1045.83
1054.8
1074.26
1107.26
1144.99
848.837
848.675
852.24
855.615
857.877
858.487
858.215
857.725
857.297
856.982
856.744
856.549
856.398
856.335
856.43
856.767
857.429
858.494
860.037
862.125
864.824
868.2
872.315
877.23
883
889.669
897.266
905.799
915.245
925.551
936.606
948.256
960.289
972.445
984.419
995.886
1006.53
1016.07
1024.36
1031.41
1037.6
1044.11
1053.15
1068.91
1093.77
1119.07
842.048
841.181
845.13
848.509
851.134
852.309
852.598
852.538
852.406
852.284
852.161
852.017
851.871
851.778
851.819
852.084
852.664
853.639
855.084
857.068
859.657
862.919
866.919
871.721
877.383
883.951
891.458
899.915
909.304
919.566
930.602
942.256
954.322
966.546
978.637
990.286
1001.2
1011.13
1019.9
1027.5
1034.12
1040.3
1047.02
1055.05
1066.85
1055.55
262.878
262.873
262.861
262.843
262.82
262.792
262.762
262.729
262.696
262.661
262.625
262.59
262.554
262.519
262.485
262.452
262.42
262.389
262.36
262.333
262.307
262.284
262.263
262.245
262.228
262.215
262.203
262.194
262.188
262.184
262.181
262.181
262.182
262.184
262.187
262.191
262.194
262.197
262.199
262.199
262.88
262.875
262.863
262.845
262.822
262.794
262.763
262.73
262.696
262.661
262.625
262.589
262.554
262.519
262.484
262.451
262.419
262.388
262.359
262.332
262.306
262.283
262.262
262.243
262.227
262.213
262.202
262.193
262.187
262.183
262.18
262.18
262.181
262.184
262.187
262.19
262.194
262.197
262.199
262.2
262.885
262.88
262.869
262.85
262.826
262.797
262.765
262.732
262.697
262.661
262.625
262.589
262.553
262.517
262.483
262.449
262.417
262.386
262.357
262.33
262.304
262.281
262.26
262.241
262.225
262.211
262.2
262.191
262.184
262.18
262.178
262.178
262.18
262.183
262.186
262.19
262.194
262.197
262.199
262.2
262.891
262.888
262.877
262.858
262.832
262.802
262.768
262.733
262.698
262.661
262.624
262.588
262.551
262.516
262.481
262.447
262.415
262.384
262.354
262.327
262.301
262.278
262.256
262.237
262.221
262.207
262.196
262.187
262.181
262.177
262.175
262.176
262.178
262.181
262.185
262.19
262.194
262.198
262.2
262.201
262.9
262.899
262.889
262.869
262.841
262.808
262.772
262.735
262.698
262.661
262.624
262.586
262.549
262.513
262.478
262.444
262.411
262.38
262.35
262.323
262.297
262.273
262.252
262.233
262.216
262.202
262.191
262.182
262.176
262.173
262.171
262.172
262.175
262.179
262.184
262.189
262.194
262.199
262.202
262.203
262.908
262.912
262.905
262.883
262.851
262.814
262.776
262.737
262.699
262.661
262.622
262.584
262.547
262.51
262.474
262.44
262.407
262.375
262.345
262.317
262.291
262.267
262.246
262.226
262.21
262.196
262.184
262.176
262.17
262.167
262.166
262.168
262.172
262.177
262.183
262.189
262.195
262.2
262.204
262.205
262.916
262.929
262.926
262.901
262.863
262.821
262.779
262.739
262.699
262.66
262.62
262.581
262.543
262.506
262.47
262.435
262.402
262.37
262.339
262.311
262.285
262.26
262.238
262.219
262.202
262.188
262.176
262.168
262.162
262.16
262.16
262.163
262.167
262.174
262.181
262.189
262.196
262.202
262.207
262.209
262.921
262.949
262.952
262.923
262.875
262.826
262.781
262.739
262.698
262.658
262.617
262.578
262.539
262.501
262.464
262.429
262.395
262.363
262.332
262.304
262.277
262.252
262.23
262.21
262.193
262.178
262.167
262.159
262.153
262.151
262.152
262.156
262.162
262.17
262.179
262.188
262.197
262.205
262.21
262.213
262.912
262.971
262.988
262.946
262.884
262.827
262.78
262.738
262.696
262.655
262.614
262.573
262.533
262.495
262.458
262.422
262.388
262.355
262.324
262.295
262.268
262.243
262.22
262.2
262.182
262.168
262.156
262.148
262.143
262.141
262.143
262.148
262.156
262.165
262.176
262.188
262.199
262.208
262.215
262.218
262.993
263.04
263.051
262.971
262.883
262.819
262.775
262.733
262.693
262.651
262.609
262.567
262.527
262.488
262.45
262.414
262.379
262.346
262.315
262.285
262.258
262.232
262.209
262.188
262.17
262.155
262.143
262.135
262.13
262.13
262.132
262.139
262.148
262.16
262.174
262.188
262.201
262.213
262.221
262.225
835.573
833.422
837.199
840.933
844.22
846.081
846.851
847.076
847.104
847.071
846.989
846.85
846.679
846.539
846.517
846.708
847.202
848.082
849.422
851.29
853.754
856.883
860.748
865.417
870.952
877.406
884.817
893.203
902.552
912.809
923.878
935.608
947.804
960.218
972.555
984.514
995.81
1006.18
1015.43
1023.4
1030.07
1035.21
1038.69
1036.38
1027.45
939.974
830.102
825.324
828.195
832.473
837.001
839.85
840.946
841.225
841.256
841.217
841.118
840.947
840.73
840.53
840.437
840.545
840.947
841.724
842.947
844.682
846.998
849.969
853.671
858.182
863.57
869.894
877.196
885.505
894.827
905.123
916.297
928.196
940.622
953.336
966.048
978.458
990.279
1001.21
1010.99
1019.33
1025.95
1030.05
1030.78
1022.05
1001.95
935.403
826.752
818.116
818.261
822.778
829.279
833.616
834.891
834.912
834.762
834.63
834.467
834.236
833.957
833.689
833.517
833.538
833.84
834.502
835.591
837.17
839.304
842.074
845.569
849.878
855.082
861.253
868.444
876.691
886.006
896.353
907.671
919.862
932.715
945.92
959.144
972.128
984.604
996.231
1006.67
1015.55
1022.43
1026.32
1026.24
1018.2
1000.47
968.786
827.269
814.219
809.555
813.655
822.558
828.147
829.035
828.39
827.855
827.528
827.249
826.937
826.59
826.256
826.01
825.945
826.152
826.703
827.657
829.067
830.989
833.509
836.734
840.756
845.663
851.54
858.476
866.576
875.911
886.414
897.87
910.233
923.524
937.411
951.426
965.292
978.731
991.322
1002.68
1012.41
1020.07
1024.79
1025.74
1021.27
1009.08
992.008
833.807
817.506
806.554
808.343
817.735
823.505
822.936
821.256
820.357
819.868
819.479
819.092
818.694
818.303
817.981
817.829
817.944
818.399
819.253
820.538
822.289
824.603
827.628
831.458
836.157
841.769
848.333
855.932
864.825
875.279
887.138
900.127
914.079
928.571
943.257
958.041
972.575
986.307
998.881
1009.92
1018.94
1025.28
1028.22
1027.15
1020.22
1009.75
847.414
831.219
811.518
793.779
799.315
814.447
813.409
810.833
809.888
809.597
809.245
808.794
808.323
807.828
807.309
806.917
806.805
807.048
807.729
808.932
810.453
812.471
815.296
819.06
823.909
829.95
837.164
845.33
854.147
864.03
874.802
887.538
902.228
917.549
933.275
949.679
966.072
981.444
995.567
1008.22
1018.97
1027.37
1032.82
1035.07
1033.3
1029.22
866.945
851.356
738.462
370.851
379.809
523.779
550.043
530.563
522.047
521.45
518.732
513.911
508.101
502.374
496.886
490.79
485.888
483.393
484.242
489.25
499.189
513.058
533.412
560.823
595.727
638.08
686.998
740.05
792.1
837.541
862.467
877.718
894.226
909.608
924.909
941.522
958.859
975.863
992.234
1007.23
1020.24
1031.03
1039.32
1045.11
1048.29
1050.31
890.961
743.51
197.235
2.51653
2.41802
32.449
27.8233
16.2244
12.151
11.0623
9.58147
7.77891
5.77715
3.93978
2.32812
2.14582
2.10163
2.09204
2.09315
2.03898
2.5953
6.94402
14.189
25.0953
41.1445
64.2646
97.077
142.973
206.665
297.872
446.678
650.655
860.891
896.294
915.58
936.283
954.565
971.798
989.264
1006.26
1021.91
1035.7
1047.25
1056.7
1064.35
1071.47
750.009
123.718
2.07107
2.06392
2.17567
2.15388
2.17032
2.18716
2.20016
2.21053
2.22144
2.23079
2.23384
2.22416
2.19275
2.14895
2.11412
2.08926
2.06335
2.01505
1.93534
1.87192
1.86465
1.88425
1.91431
1.94368
1.96744
2.00644
2.09136
2.22592
5.20997
29.9657
101.22
240.753
497.546
861.844
947.969
970.178
990.463
1008.38
1025.49
1041.62
1056.21
1069.14
1080.7
1091.96
54.4625
2.12208
2.08634
2.13116
2.14837
2.13961
2.15137
2.16447
2.17538
2.18414
2.19149
2.19601
2.19471
2.18395
2.16115
2.13092
2.10189
2.07537
2.04618
2.00638
1.95647
1.91647
1.90253
1.90653
1.9208
1.93757
1.94801
1.98713
2.15213
2.35491
2.37664
2.37363
2.37658
2.41678
14.5929
112.829
325.342
720.431
988.021
1010.49
1031.45
1049.61
1066.55
1082.32
1097.11
1111.62
2.08528
2.06951
2.0886
2.11011
2.12552
2.12493
2.13279
2.14179
2.1501
2.15673
2.16141
2.16302
2.15975
2.14974
2.13231
2.10981
2.08602
2.06199
2.03585
2.00527
1.97241
1.94636
1.93429
1.93461
1.94354
1.9549
1.95938
2.0595
2.50031
2.58553
2.50109
2.47483
2.59014
2.62886
2.4792
2.51637
2.74309
52.896
248.18
674.214
1035.47
1058.02
1078.26
1096.35
1113.71
1130.67
2.0769
2.07564
2.07995
2.09242
2.10306
2.10673
2.113
2.11963
2.12584
2.13063
2.13348
2.13353
2.12966
2.12096
2.10728
2.0899
2.07067
2.05042
2.02885
2.00585
1.98343
1.96591
1.95657
1.95555
1.96137
1.96929
1.96994
2.02947
2.36437
2.57367
2.60748
2.61601
2.53021
2.48775
2.4537
2.51009
2.51611
2.44225
2.52822
34.5226
255.326
805.932
1089.97
1111.18
1130.5
1149.19
2.06519
2.06147
2.06784
2.07545
2.0827
2.08722
2.09249
2.09763
2.10229
2.1057
2.10735
2.10661
2.10279
2.09543
2.08457
2.07094
2.05559
2.03925
2.02224
2.00515
1.98952
1.97751
1.97061
1.96917
1.97293
1.97853
1.98213
1.99084
2.01582
2.16107
2.24193
2.21156
2.13952
2.16552
2.19032
2.48632
2.71036
2.4178
2.31348
2.35046
2.65902
71.7411
410.372
1028.13
1147.9
1167.72
2.05047
2.04774
2.05238
2.05725
2.06288
2.06712
2.07163
2.0757
2.07927
2.08172
2.08265
2.08161
2.07817
2.07211
2.06351
2.05286
2.04083
2.02805
2.01505
2.00252
1.99158
1.98339
1.97863
1.97884
1.98804
1.99764
2.002
2.00539
2.026
2.05648
2.08604
2.1125
2.1381
2.1628
2.18482
2.19879
2.24335
2.27029
2.29893
2.33757
2.38885
2.5204
3.19805
185.421
687.766
1187.32
2.03258
2.03029
2.03446
2.03827
2.0429
2.04668
2.05058
2.05386
2.05671
2.05857
2.05915
2.05812
2.05525
2.05041
2.04373
2.03554
2.02635
2.01667
2.00705
1.9981
1.99061
1.98528
1.9824
1.98735
2.00413
2.00998
2.01834
2.01855
2.03053
2.05573
2.08265
2.10872
2.13388
2.15794
2.18015
2.19925
2.21717
2.28203
2.52993
2.52027
2.55026
2.58129
2.65746
2.80889
22.008
322.856
2.01198
2.01029
2.01487
2.01832
2.02251
2.02591
2.02933
2.03218
2.03455
2.03608
2.03655
2.03574
2.03351
2.02982
2.02479
2.01868
2.01188
2.00483
1.998
1.9919
1.98706
1.98395
1.98276
1.9849
2.00115
2.01282
2.0185
2.01748
2.0321
2.05395
2.07815
2.10269
2.12682
2.15018
2.17486
2.19695
2.21324
2.23014
2.46314
2.74961
2.77809
2.70148
2.7371
2.78195
2.74258
2.99233
1.98952
1.98857
1.99393
1.99754
2.00162
2.00482
2.00796
2.01055
2.01266
2.01407
2.01461
2.01414
2.01258
2.00994
2.00634
2.00199
1.99721
1.99236
1.98782
1.98399
1.98126
1.97995
1.98023
1.98221
1.98617
1.99501
2.0022
2.01487
2.03108
2.05072
2.07272
2.09569
2.1188
2.14162
2.16859
2.193
2.21381
2.23037
2.24871
2.27269
2.35064
2.49088
2.83611
2.89019
2.71398
2.70168
1.96551
1.96545
1.97201
1.97611
1.98031
1.98345
1.98647
1.98895
1.99097
1.99239
1.99311
1.99305
1.99216
1.99048
1.98813
1.98528
1.98219
1.97916
1.9765
1.97452
1.9735
1.97369
1.97527
1.97837
1.98326
1.99037
2.00004
2.01244
2.02774
2.04584
2.06616
2.08775
2.10991
2.13224
2.15445
2.18242
2.20682
2.22943
2.25067
2.27158
2.29928
2.34109
2.43808
2.52082
2.71021
2.72891
1.94126
1.94168
1.94959
1.9543
1.95876
1.96192
1.96488
1.96736
1.9694
1.97093
1.9719
1.97227
1.97202
1.97122
1.96995
1.96838
1.96672
1.96521
1.9641
1.96362
1.96402
1.96548
1.96817
1.97225
1.97795
1.98558
1.99542
2.00761
2.02225
2.03926
2.05829
2.07876
2.10012
2.122
2.14419
2.16664
2.19366
2.22184
2.24299
2.26554
2.29456
2.32531
2.35862
2.39516
2.46823
2.51987
1.91752
1.91821
1.92727
1.93243
1.93709
1.94027
1.94322
1.94575
1.94787
1.94958
1.95083
1.95163
1.95199
1.95196
1.95164
1.95117
1.95071
1.95047
1.95064
1.95142
1.95299
1.95553
1.95918
1.9641
1.97048
1.97857
1.98857
2.00063
2.0148
2.03104
2.04911
2.06867
2.08932
2.11074
2.13279
2.15545
2.17884
2.20328
2.22918
2.25694
2.28673
2.3185
2.35288
2.39093
2.43356
2.48137
1.89536
1.89592
1.90558
1.91075
1.91535
1.91862
1.92152
1.92409
1.92633
1.92822
1.92978
1.93099
1.9319
1.93257
1.93307
1.93353
1.9341
1.93492
1.93616
1.93799
1.94056
1.944
1.94847
1.9541
1.96107
1.96956
1.97973
1.99171
2.00555
2.02122
2.03857
2.05738
2.07737
2.09832
2.12011
2.14269
2.16618
2.19079
2.21677
2.24437
2.27378
2.30524
2.33936
2.37669
2.41733
2.46206
1.87534
1.87506
1.88479
1.88945
1.89363
1.89689
1.89975
1.90235
1.90469
1.90677
1.90861
1.91021
1.91163
1.9129
1.91412
1.91539
1.91681
1.91854
1.92068
1.9234
1.9268
1.93102
1.93619
1.94243
1.94989
1.95872
1.96905
1.98099
1.99459
2.00982
2.02661
2.04479
2.06419
2.08463
2.10601
2.1283
2.15155
2.17589
2.20148
2.22849
2.25705
2.2873
2.31942
2.35347
2.39001
2.42847
1.8566
1.85606
1.86375
1.86839
1.87197
1.87505
1.87784
1.88045
1.88288
1.88514
1.88724
1.8892
1.89106
1.89287
1.89471
1.89666
1.89882
1.9013
1.90421
1.90767
1.91179
1.91667
1.92243
1.92919
1.93707
1.94619
1.95666
1.96858
1.98199
1.99687
2.01319
2.03083
2.04965
2.06955
2.09043
2.11225
2.13501
2.15877
2.18361
2.20958
2.23674
2.26506
2.2945
2.32481
2.35562
2.38589
1.83764
1.8377
1.84281
1.84706
1.85021
1.85304
1.85574
1.85833
1.86084
1.86325
1.86558
1.86785
1.8701
1.87238
1.87475
1.87729
1.88007
1.8832
1.88675
1.89084
1.89556
1.901
1.90727
1.91446
1.92269
1.93205
1.94265
1.95454
1.96779
1.98238
1.99828
2.01542
2.03371
2.05305
2.07335
2.09457
2.11667
2.13964
2.16349
2.18817
2.21362
2.23969
2.26609
2.29232
2.31739
2.3396
1.81808
1.81866
1.82184
1.82543
1.82821
1.8308
1.83337
1.83594
1.8385
1.84104
1.84357
1.84611
1.8487
1.85138
1.8542
1.85723
1.86054
1.86421
1.86831
1.87293
1.87816
1.88407
1.89076
1.89831
1.90682
1.91638
1.92706
1.93893
1.95202
1.96634
1.98187
1.99856
2.01632
2.03509
2.05478
2.07533
2.09667
2.11875
2.14149
2.1648
2.18848
2.21228
2.23573
2.25812
2.27824
2.29402
1.79777
1.79858
1.80056
1.80343
1.80586
1.80822
1.81068
1.81321
1.8158
1.81844
1.82114
1.82391
1.82679
1.8298
1.83301
1.83646
1.84021
1.84433
1.84889
1.85395
1.8596
1.8659
1.87293
1.88078
1.88952
1.89923
1.90996
1.92179
1.93473
1.9488
1.96397
1.98022
1.99749
2.01569
2.03475
2.0546
2.07516
2.09633
2.11799
2.13997
2.16204
2.18383
2.20481
2.22416
2.24062
2.25217
1.7766
1.77746
1.77872
1.78096
1.78307
1.78524
1.78758
1.79007
1.79268
1.7954
1.79823
1.8012
1.80431
1.80762
1.81114
1.81494
1.81906
1.82355
1.82848
1.83391
1.8399
1.84652
1.85383
1.86191
1.87082
1.88063
1.89139
1.90315
1.91593
1.92975
1.94459
1.96043
1.97721
1.99486
2.01331
2.03249
2.05228
2.07259
2.09326
2.1141
2.13483
2.15507
2.17428
2.19166
2.20607
2.21581
1.7545
1.75537
1.75614
1.75792
1.75976
1.76177
1.76401
1.76645
1.76907
1.77185
1.7748
1.77792
1.78123
1.78476
1.78855
1.79263
1.79705
1.80185
1.80709
1.81281
1.81907
1.82594
1.83347
1.84172
1.85075
1.86062
1.87136
1.88303
1.89565
1.90922
1.92374
1.93918
1.95549
1.97262
1.9905
2.00904
2.02814
2.04769
2.06753
2.08746
2.10722
2.12644
2.14464
2.16114
2.17505
2.1851
1.73145
1.73229
1.73276
1.73421
1.73585
1.73773
1.73988
1.74229
1.74491
1.74774
1.75077
1.75401
1.75748
1.7612
1.7652
1.76951
1.77417
1.77921
1.78468
1.79064
1.79711
1.80417
1.81186
1.82023
1.82933
1.83921
1.84991
1.86147
1.8739
1.88722
1.90142
1.91647
1.93235
1.94899
1.96634
1.98431
2.00281
2.02172
2.04092
2.06021
2.07936
2.09809
2.11599
2.13256
2.1472
2.15907
1.70742
1.70822
1.70854
1.70976
1.71127
1.71305
1.71514
1.71751
1.72013
1.72299
1.72609
1.72943
1.73302
1.73689
1.74105
1.74553
1.75037
1.7556
1.76126
1.76738
1.77402
1.78121
1.789
1.79744
1.80656
1.81642
1.82704
1.83846
1.85069
1.86375
1.87763
1.89232
1.90778
1.92396
1.94083
1.95829
1.97629
1.99471
2.01345
2.03235
2.05125
2.06992
2.08809
2.10546
2.12167
2.1363
1.68243
1.68319
1.68346
1.68455
1.68595
1.68767
1.68971
1.69205
1.69467
1.69756
1.7007
1.70411
1.70779
1.71177
1.71605
1.72067
1.72564
1.73101
1.7368
1.74304
1.74978
1.75705
1.76489
1.77335
1.78245
1.79225
1.80275
1.81401
1.82602
1.83881
1.85237
1.8667
1.88176
1.89752
1.91394
1.93098
1.94856
1.96661
1.98505
2.00378
2.02269
2.04165
2.06051
2.07914
2.09739
2.11518
1.6565
1.65721
1.6575
1.65851
1.65986
1.66154
1.66355
1.66587
1.66848
1.67138
1.67455
1.67801
1.68175
1.6858
1.69017
1.69488
1.69994
1.7054
1.71127
1.71759
1.72438
1.73168
1.73953
1.74796
1.757
1.76669
1.77705
1.78812
1.79989
1.8124
1.82563
1.83959
1.85427
1.86963
1.88565
1.9023
1.91953
1.93731
1.95558
1.9743
1.9934
2.01287
2.03265
2.05275
2.07322
2.09416
1.62963
1.63031
1.63065
1.63163
1.63296
1.63461
1.6366
1.6389
1.6415
1.6444
1.64759
1.65107
1.65485
1.65895
1.66336
1.66812
1.67324
1.67874
1.68465
1.69099
1.69779
1.70508
1.7129
1.72126
1.7302
1.73975
1.74993
1.76077
1.77229
1.7845
1.7974
1.81099
1.82527
1.84024
1.85587
1.87217
1.8891
1.90666
1.92483
1.9436
1.96301
1.98306
2.00383
2.02543
2.04804
2.07186
1.60183
1.60248
1.6029
1.60388
1.60519
1.60684
1.60881
1.61109
1.61368
1.61657
1.61976
1.62325
1.62705
1.63116
1.63559
1.64037
1.6455
1.65101
1.65691
1.66324
1.67001
1.67724
1.68496
1.69322
1.70202
1.7114
1.72138
1.73197
1.7432
1.75508
1.76763
1.78084
1.79473
1.8093
1.82455
1.84049
1.85712
1.87447
1.89255
1.9114
1.93109
1.95171
1.9734
1.99634
2.0208
2.04714
1.57313
1.57375
1.57424
1.57524
1.57656
1.57819
1.58015
1.58242
1.58499
1.58786
1.59104
1.59451
1.5983
1.6024
1.60682
1.61158
1.6167
1.62218
1.62804
1.63431
1.641
1.64814
1.65575
1.66386
1.67248
1.68165
1.69138
1.70169
1.71261
1.72414
1.7363
1.74911
1.76258
1.77672
1.79157
1.80713
1.82343
1.84053
1.85847
1.87734
1.89724
1.91831
1.94075
1.96479
1.99073
2.01899
1.54353
1.54413
1.5447
1.54571
1.54704
1.54867
1.55062
1.55286
1.55541
1.55825
1.56139
1.56484
1.56859
1.57266
1.57704
1.58176
1.58681
1.59223
1.59802
1.60419
1.61077
1.61778
1.62523
1.63315
1.64156
1.65048
1.65992
1.66991
1.68047
1.69162
1.70336
1.71573
1.72875
1.74243
1.75682
1.77195
1.78787
1.80465
1.82236
1.84112
1.86107
1.88239
1.90531
1.93009
1.95707
1.98667
1.51303
1.51363
1.51426
1.5153
1.51663
1.51826
1.52019
1.5224
1.52491
1.52771
1.53081
1.53421
1.53791
1.54191
1.54623
1.55087
1.55584
1.56116
1.56684
1.57288
1.57931
1.58615
1.59341
1.6011
1.60925
1.61787
1.62699
1.63662
1.64678
1.65749
1.66878
1.68066
1.69317
1.70633
1.7202
1.73483
1.75027
1.76661
1.78396
1.80245
1.82224
1.84354
1.86659
1.8917
1.9192
1.94954
1.48166
1.48224
1.48293
1.48399
1.48532
1.48694
1.48884
1.49101
1.49348
1.49623
1.49927
1.5026
1.50622
1.51015
1.51437
1.51891
1.52377
1.52896
1.53449
1.54037
1.54662
1.55324
1.56026
1.56769
1.57553
1.58382
1.59257
1.60179
1.6115
1.62173
1.6325
1.64384
1.65577
1.66834
1.68161
1.69562
1.71046
1.72623
1.74303
1.76103
1.7804
1.80136
1.82418
1.84915
1.87664
1.90706
1.44941
1.44998
1.4507
1.45177
1.45309
1.45469
1.45655
1.45868
1.46109
1.46378
1.46674
1.46999
1.47352
1.47734
1.48146
1.48587
1.49058
1.49561
1.50097
1.50665
1.51268
1.51905
1.52579
1.53291
1.54041
1.54831
1.55664
1.5654
1.57462
1.58431
1.59449
1.60521
1.61649
1.62838
1.64093
1.65421
1.6683
1.68331
1.69937
1.71663
1.73529
1.75556
1.7777
1.80205
1.82894
1.85879
1.41627
1.41684
1.41758
1.41863
1.41994
1.42151
1.42332
1.4254
1.42774
1.43034
1.43322
1.43637
1.43979
1.44349
1.44746
1.45172
1.45627
1.46112
1.46626
1.47171
1.47748
1.48357
1.48999
1.49676
1.50387
1.51135
1.5192
1.52745
1.5361
1.54519
1.55472
1.56474
1.57527
1.58636
1.59808
1.61048
1.62366
1.63773
1.6528
1.66905
1.68666
1.70585
1.72689
1.75007
1.77577
1.80437
1.38225
1.38281
1.38354
1.38458
1.38586
1.38737
1.38913
1.39114
1.3934
1.39591
1.39869
1.40172
1.40501
1.40856
1.41238
1.41647
1.42082
1.42546
1.43037
1.43556
1.44103
1.4468
1.45287
1.45923
1.46591
1.47291
1.48024
1.48792
1.49595
1.50436
1.51316
1.52238
1.53206
1.54225
1.55299
1.56436
1.57644
1.58933
1.60317
1.61811
1.63433
1.65204
1.67149
1.69298
1.71686
1.74353
1.34734
1.34788
1.34858
1.34959
1.35082
1.35228
1.35397
1.35589
1.35806
1.36047
1.36313
1.36603
1.36918
1.37257
1.37621
1.3801
1.38424
1.38863
1.39328
1.39818
1.40333
1.40874
1.41441
1.42034
1.42654
1.43301
1.43977
1.44681
1.45415
1.4618
1.46978
1.47812
1.48684
1.49598
1.50561
1.51577
1.52655
1.53805
1.55038
1.56369
1.57816
1.59397
1.61136
1.63061
1.65204
1.67604
1.31153
1.31205
1.3127
1.31366
1.31483
1.31622
1.31782
1.31966
1.32172
1.32401
1.32654
1.3293
1.33228
1.3355
1.33894
1.34262
1.34652
1.35065
1.355
1.35958
1.36437
1.36939
1.37463
1.38008
1.38576
1.39165
1.39778
1.40412
1.4107
1.41752
1.4246
1.43194
1.43958
1.44756
1.4559
1.46468
1.47395
1.48381
1.49436
1.50573
1.51807
1.53155
1.5464
1.56285
1.58119
1.60179
1.27481
1.2753
1.27589
1.27678
1.27787
1.27917
1.28069
1.28242
1.28437
1.28653
1.28891
1.29151
1.29432
1.29735
1.30058
1.30402
1.30767
1.31151
1.31554
1.31977
1.32418
1.32877
1.33354
1.33847
1.34358
1.34885
1.35429
1.35988
1.36563
1.37154
1.37761
1.38386
1.39031
1.39697
1.40388
1.41109
1.41864
1.42661
1.4351
1.44419
1.45403
1.46476
1.47657
1.48966
1.5043
1.52077
1.23716
1.23763
1.23812
1.23894
1.23994
1.24114
1.24256
1.24417
1.24599
1.24802
1.25025
1.25268
1.25531
1.25812
1.26113
1.26432
1.26768
1.27121
1.27491
1.27875
1.28275
1.28689
1.29115
1.29554
1.30004
1.30464
1.30933
1.3141
1.31896
1.32388
1.32886
1.33392
1.33905
1.34426
1.34957
1.35502
1.36063
1.36647
1.3726
1.37909
1.38606
1.39361
1.40189
1.41108
1.42138
1.43303
1.19857
1.19901
1.19939
1.20012
1.20102
1.20212
1.20342
1.20492
1.20661
1.20849
1.21055
1.2128
1.21523
1.21783
1.22059
1.22351
1.22657
1.22978
1.23311
1.23656
1.24012
1.24377
1.2475
1.2513
1.25515
1.25904
1.26294
1.26684
1.27073
1.27459
1.2784
1.28216
1.28585
1.28947
1.29303
1.29653
1.29999
1.30345
1.30693
1.31049
1.31421
1.31815
1.32243
1.32717
1.33252
1.33866
1.159
1.15942
1.15968
1.1603
1.1611
1.16209
1.16328
1.16465
1.1662
1.16793
1.16983
1.17189
1.1741
1.17647
1.17898
1.18161
1.18436
1.18722
1.19018
1.19321
1.19631
1.19945
1.20263
1.20581
1.20898
1.21211
1.21517
1.21815
1.22102
1.22374
1.2263
1.22866
1.2308
1.2327
1.23435
1.23572
1.23682
1.23764
1.23819
1.23849
1.23857
1.23848
1.23826
1.23801
1.23779
1.2377
1.11844
1.11883
1.11897
1.11949
1.12018
1.12107
1.12213
1.12338
1.12478
1.12635
1.12807
1.12993
1.13193
1.13406
1.1363
1.13864
1.14107
1.14357
1.14613
1.14873
1.15135
1.15397
1.15656
1.1591
1.16156
1.1639
1.1661
1.16811
1.1699
1.17142
1.17265
1.17353
1.17402
1.17407
1.17366
1.17273
1.17125
1.16919
1.16652
1.16322
1.15928
1.1547
1.14948
1.14366
1.13723
1.13017
1.07686
1.07722
1.07725
1.07766
1.07826
1.07904
1.07999
1.0811
1.08236
1.08376
1.0853
1.08696
1.08874
1.09061
1.09258
1.09462
1.09672
1.09885
1.10101
1.10316
1.10529
1.10737
1.10936
1.11124
1.11297
1.1145
1.11579
1.1168
1.11747
1.11775
1.11758
1.1169
1.11564
1.11374
1.11112
1.10772
1.10347
1.09829
1.09211
1.08487
1.07652
1.06698
1.05621
1.04418
1.03083
1.016
1.03425
1.03457
1.0345
1.03482
1.03533
1.03601
1.03685
1.03782
1.03894
1.04017
1.04153
1.04298
1.04453
1.04615
1.04784
1.04957
1.05133
1.0531
1.05484
1.05655
1.05818
1.05971
1.06109
1.0623
1.06328
1.06398
1.06436
1.06434
1.06386
1.06285
1.06124
1.05894
1.05586
1.0519
1.04696
1.04094
1.03372
1.02519
1.01523
1.00371
0.990517
0.975524
0.958616
0.939681
0.918578
0.895063
0.990602
0.990886
0.990733
0.990973
0.99141
0.991997
0.992721
0.993567
0.994532
0.995604
0.99677
0.998018
0.999335
1.00071
1.00211
1.00354
1.00496
1.00635
1.00768
1.00893
1.01006
1.01104
1.01182
1.01235
1.01259
1.01246
1.0119
1.01084
1.0092
1.00689
1.0038
0.999837
0.994874
0.988786
0.981433
0.972667
0.962326
0.95024
0.936224
0.920088
0.901635
0.880661
0.856961
0.830328
0.800522
0.767201
0.945938
0.94618
0.945961
0.94614
0.946511
0.94701
0.947625
0.948344
0.949162
0.950068
0.951048
0.952089
0.953177
0.954294
0.955422
0.956539
0.95762
0.958639
0.959566
0.960368
0.961007
0.961441
0.961619
0.961486
0.960977
0.960023
0.958544
0.956453
0.953651
0.950029
0.945464
0.939821
0.932952
0.924692
0.91486
0.903259
0.889669
0.873852
0.855551
0.834487
0.810365
0.782875
0.751687
0.716469
0.676838
0.63232
0.900284
0.900484
0.900208
0.900339
0.900651
0.901066
0.901578
0.902172
0.902846
0.903588
0.904385
0.905221
0.906082
0.90695
0.907803
0.908617
0.909367
0.910023
0.910551
0.910916
0.911075
0.910979
0.910572
0.909789
0.90856
0.906802
0.904424
0.901324
0.897385
0.892475
0.88645
0.879146
0.870379
0.859945
0.847618
0.833142
0.81623
0.796568
0.773805
0.747557
0.717402
0.682882
0.643504
0.598754
0.548033
0.490637
0.853673
0.853831
0.853502
0.853594
0.853854
0.854189
0.8546
0.855072
0.855606
0.856188
0.856804
0.857441
0.85808
0.858704
0.859289
0.859811
0.86024
0.860545
0.86069
0.860635
0.860333
0.859729
0.858761
0.857359
0.855441
0.852916
0.849679
0.845613
0.840582
0.834436
0.827003
0.818089
0.807476
0.794918
0.780134
0.762807
0.742577
0.719037
0.691728
0.660134
0.623672
0.581696
0.533486
0.478274
0.415133
0.343021
0.806133
0.80625
0.805876
0.805935
0.806147
0.806402
0.806716
0.80707
0.807467
0.807893
0.808335
0.808777
0.809203
0.809592
0.80992
0.81016
0.810283
0.810255
0.810036
0.809584
0.808848
0.807767
0.806274
0.804292
0.801731
0.79849
0.794452
0.789484
0.783434
0.77613
0.767375
0.756946
0.744588
0.73001
0.712878
0.692807
0.669357
0.64202
0.610212
0.573258
0.530382
0.48069
0.423174
0.356698
0.279864
0.191211
0.75769
0.757772
0.757363
0.757392
0.757559
0.757734
0.757955
0.758194
0.758458
0.758735
0.759008
0.759264
0.759485
0.759649
0.759733
0.759708
0.759543
0.759202
0.758645
0.757825
0.756687
0.755168
0.753195
0.750685
0.74754
0.74365
0.738886
0.733102
0.72613
0.717777
0.707823
0.696016
0.682066
0.665638
0.646344
0.623733
0.597279
0.566369
0.530281
0.488166
0.439024
0.381669
0.314728
0.236554
0.145112
0.0384419
0.708377
0.70843
0.708001
0.708
0.708124
0.708218
0.708348
0.708476
0.708613
0.708745
0.708858
0.708936
0.708962
0.708915
0.708768
0.708496
0.708064
0.707436
0.70657
0.705416
0.703917
0.702007
0.699608
0.696631
0.692973
0.688515
0.683119
0.676625
0.668853
0.65959
0.648598
0.635596
0.620263
0.602223
0.581037
0.55619
0.527077
0.492977
0.453035
0.406222
0.351306
0.286788
0.210893
0.121328
0.0153634
-0.109595
0.658235
0.658265
0.657831
0.657798
0.657879
0.657891
0.657932
0.657953
0.657967
0.657961
0.657921
0.657831
0.657673
0.657427
0.657069
0.656568
0.655894
0.655008
0.653865
0.652417
0.650603
0.648354
0.64559
0.642218
0.63813
0.633198
0.627279
0.620203
0.611776
0.601775
0.589939
0.575969
0.559513
0.540162
0.517435
0.490759
0.459459
0.422719
0.379565
0.3288
0.26898
0.198302
0.114586
0.0148078
-0.104279
-0.246274
0.607318
0.607333
0.606901
0.60683
0.606865
0.606793
0.606746
0.606663
0.606559
0.606421
0.606235
0.605986
0.605657
0.605228
0.604675
0.60397
0.603079
0.601965
0.600584
0.598883
0.596804
0.594275
0.591215
0.587527
0.583099
0.577802
0.571484
0.563971
0.555059
0.544514
0.532062
0.517386
0.500115
0.479813
0.455964
0.427955
0.395055
0.356377
0.310858
0.257172
0.193721
0.118429
0.0287519
-0.0791198
-0.208576
-0.365804
0.555694
0.555694
0.555259
0.555139
0.555126
0.554966
0.554832
0.554647
0.554427
0.554163
0.553838
0.55344
0.552953
0.552357
0.551629
0.550741
0.549662
0.548353
0.54677
0.544863
0.542572
0.539827
0.536543
0.532625
0.527959
0.522414
0.515835
0.508045
0.498834
0.487962
0.475146
0.460059
0.442315
0.421462
0.396964
0.368182
0.334353
0.294559
0.247695
0.192389
0.126997
0.0493109
-0.0433744
-0.155339
-0.289471
-0.457679
0.50343
0.503403
0.502955
0.502771
0.502703
0.502451
0.502229
0.501941
0.501609
0.501222
0.500766
0.500229
0.499596
0.498849
0.497966
0.49692
0.495679
0.494208
0.492464
0.490398
0.487951
0.485054
0.481625
0.477568
0.472772
0.467104
0.460411
0.452515
0.443206
0.432239
0.419329
0.404143
0.386292
0.365314
0.340664
0.311696
0.27764
0.237597
0.190468
0.134998
0.0695979
-0.00767107
-0.0992787
-0.208847
-0.338023
-0.505472
0.450586
0.450514
0.450037
0.449772
0.44964
0.449291
0.448979
0.448588
0.448145
0.44764
0.447059
0.446392
0.445627
0.444744
0.443724
0.442541
0.441166
0.439565
0.4377
0.435522
0.432976
0.429995
0.426501
0.422399
0.417583
0.411923
0.405269
0.397446
0.388244
0.377423
0.364699
0.349739
0.332151
0.311473
0.287158
0.258563
0.224928
0.185402
0.138937
0.0845479
0.0207155
-0.0535367
-0.140356
-0.240686
-0.35509
-0.502585
0.397213
0.397067
0.396548
0.396185
0.395982
0.39553
0.395123
0.394628
0.394075
0.393455
0.392756
0.391968
0.39108
0.390074
0.388933
0.387634
0.386151
0.384453
0.382504
0.380261
0.377671
0.374673
0.371192
0.367141
0.362415
0.356895
0.350435
0.342864
0.333983
0.323553
0.311296
0.296883
0.279923
0.259951
0.236416
0.208671
0.175965
0.13746
0.0921705
0.0393197
-0.0226124
-0.093156
-0.174912
-0.263664
-0.361421
-0.474449
0.343331
0.343079
0.342511
0.342036
0.341755
0.341195
0.340691
0.34009
0.339428
0.338696
0.337882
0.33698
0.335977
0.33486
0.333613
0.332216
0.330647
0.32888
0.326883
0.324617
0.322036
0.319083
0.315691
0.31178
0.307256
0.302004
0.295892
0.288757
0.280408
0.270618
0.259114
0.245571
0.229596
0.210717
0.18837
0.16188
0.130465
0.0932218
0.0491523
-0.00270409
-0.0638839
-0.133347
-0.215292
-0.300444
-0.397923
-0.450775
0.28893
0.288544
0.287933
0.287334
0.286971
0.2863
0.285697
0.28499
0.284219
0.283376
0.282451
0.281438
0.280327
0.279107
0.277765
0.276285
0.274651
0.272839
0.270823
0.268572
0.266044
0.263193
0.259959
0.256273
0.252052
0.247196
0.241583
0.235065
0.227464
0.218566
0.208109
0.195771
0.181159
0.163788
0.143063
0.11826
0.0885143
0.0527841
0.00989396
-0.0416797
-0.103435
-0.176253
-0.265684
-0.364317
-0.477582
-0.43393
0.234006
0.233459
0.232825
0.232094
0.231652
0.230872
0.230167
0.229354
0.228473
0.227519
0.226483
0.22536
0.224144
0.222825
0.221396
0.219844
0.218155
0.216315
0.214302
0.212092
0.209654
0.20695
0.203933
0.200547
0.196723
0.192377
0.187404
0.181677
0.175035
0.167284
0.158177
0.147407
0.134582
0.119205
0.100653
0.078148
0.0507215
0.0171562
-0.0240832
-0.0749286
-0.137218
-0.215178
-0.312971
-0.435968
-0.557217
-0.540428
0.178579
0.177849
0.177223
0.176357
0.175841
0.174955
0.174147
0.173226
0.172233
0.171166
0.170016
0.168781
0.167458
0.16604
0.164523
0.162899
0.16116
0.159297
0.157297
0.155144
0.152817
0.15029
0.147532
0.144501
0.141147
0.137407
0.133197
0.128414
0.122926
0.116566
0.109116
0.100291
0.089714
0.0768933
0.0611911
0.0418019
0.0176928
-0.0123354
-0.0505496
-0.0987897
-0.159968
-0.238994
-0.338508
-0.481623
-0.601312
-0.580859
0.122674
0.12174
0.121164
0.120163
0.11958
0.118595
0.11768
0.116652
0.115544
0.114358
0.113089
0.111736
0.110298
0.108774
0.107161
0.105458
0.103663
0.101772
0.0997812
0.0976854
0.0954755
0.0931395
0.0906611
0.0880187
0.0851831
0.0821146
0.0787596
0.075047
0.0708817
0.0661356
0.0606319
0.054125
0.0462728
0.0366149
0.0245092
0.00906318
-0.0109602
-0.0345965
-0.0681304
-0.111527
-0.168831
-0.242145
-0.343249
-0.489954
-0.585036
-0.553981
0.066297
0.0651529
0.0646718
0.0635425
0.062898
0.0618235
0.0607992
0.059662
0.0584341
0.0571237
0.0557276
0.0542473
0.0526845
0.0510407
0.0493186
0.0475215
0.0456536
0.0437196
0.0417245
0.0396728
0.0375685
0.0354147
0.0332132
0.0309635
0.0286612
0.0262957
0.0238485
0.0212891
0.0185695
0.0156143
0.0123026
0.00845249
0.00379111
-0.0020695
-0.00967762
-0.0198128
-0.0335003
-0.0519851
-0.0778213
-0.113947
-0.163504
-0.229338
-0.332474
-0.468403
-0.534444
-0.50153
0.00940652
0.00806861
0.00772268
0.00646896
0.00576102
0.004602
0.00346251
0.00221041
0.000856567
-0.000588223
-0.00212381
-0.00374706
-0.00545342
-0.00723743
-0.00909213
-0.0110089
-0.0129772
-0.014985
-0.0170187
-0.0190629
-0.0211008
-0.0231134
-0.02508
-0.0269782
-0.0287851
-0.0304778
-0.0320352
-0.03344
-0.0346841
-0.0357776
-0.0367662
-0.0377326
-0.0388435
-0.0403858
-0.0427796
-0.0466652
-0.0530013
-0.0631484
-0.0793175
-0.104967
-0.142941
-0.200396
-0.297833
-0.424674
-0.48345
-0.442905
-0.0480632
-0.0496114
-0.0498028
-0.051187
-0.0519766
-0.0532193
-0.0544843
-0.0558639
-0.0573579
-0.0589555
-0.0606532
-0.0624459
-0.0643261
-0.0662849
-0.0683112
-0.0703916
-0.0725102
-0.0746481
-0.0767837
-0.0788918
-0.0809429
-0.0829026
-0.0847312
-0.0863831
-0.0878072
-0.0889464
-0.0897376
-0.090112
-0.0900006
-0.0893369
-0.0880663
-0.0861511
-0.0836133
-0.0805875
-0.077273
-0.0740665
-0.0716508
-0.0710576
-0.0741637
-0.0838536
-0.102691
-0.141915
-0.218259
-0.270699
-0.339699
-0.33635
-0.105884
-0.107769
-0.10781
-0.109319
-0.110217
-0.111543
-0.112944
-0.11447
-0.116126
-0.117901
-0.11979
-0.121786
-0.123878
-0.126054
-0.128301
-0.130601
-0.132934
-0.135276
-0.137597
-0.139865
-0.142037
-0.144066
-0.145894
-0.147454
-0.148668
-0.149447
-0.149688
-0.149271
-0.148064
-0.14591
-0.142694
-0.138185
-0.132302
-0.124943
-0.116045
-0.105655
-0.0939884
-0.0815017
-0.0692215
-0.0583666
-0.0499721
-0.0534493
-0.0787031
-0.00874119
0.0329641
-0.0533839
-0.1632
-0.165588
-0.165487
-0.167071
-0.168107
-0.169526
-0.171076
-0.172768
-0.174605
-0.176579
-0.178683
-0.180907
-0.18324
-0.185669
-0.188177
-0.190746
-0.19335
-0.195962
-0.198548
-0.201065
-0.203465
-0.205686
-0.207656
-0.209289
-0.210486
-0.211128
-0.211077
-0.210172
-0.208217
-0.205004
-0.200256
-0.193742
-0.185172
-0.174234
-0.160624
-0.144064
-0.12433
-0.101391
-0.0755696
-0.0470757
-0.0167949
0.00943506
0.0403339
0.188746
0.269489
-0.0147085
-0.219436
-0.222182
-0.222038
-0.223655
-0.224893
-0.226442
-0.22816
-0.230036
-0.232071
-0.234258
-0.236591
-0.239062
-0.241659
-0.244368
-0.247172
-0.250052
-0.252981
-0.255928
-0.258855
-0.261717
-0.264455
-0.267001
-0.269272
-0.271168
-0.272574
-0.27335
-0.273332
-0.272323
-0.270087
-0.266334
-0.260759
-0.253023
-0.242712
-0.229361
-0.212481
-0.191558
-0.166094
-0.135746
-0.100511
-0.06084
-0.0195569
0.0146354
0.0389407
0.11262
0.186255
-0.241945
-0.276012
-0.278774
-0.278997
-0.280712
-0.282238
-0.283976
-0.285888
-0.287971
-0.290226
-0.292653
-0.295246
-0.298001
-0.300908
-0.303954
-0.307123
-0.310395
-0.313745
-0.31714
-0.320543
-0.323904
-0.327164
-0.330251
-0.333076
-0.335536
-0.337506
-0.338835
-0.339343
-0.338816
-0.337007
-0.333573
-0.328178
-0.320415
-0.309795
-0.295763
-0.277711
-0.254978
-0.226903
-0.192901
-0.152577
-0.105858
-0.0541241
-0.00118036
0.0514774
0.0781818
-0.0144401
-0.21679
-0.335186
-0.34004
-0.34079
-0.342683
-0.344478
-0.346432
-0.348562
-0.350883
-0.353403
-0.356126
-0.359051
-0.362175
-0.365492
-0.368991
-0.372659
-0.376478
-0.380425
-0.384471
-0.388579
-0.392704
-0.396789
-0.400766
-0.40455
-0.408041
-0.411116
-0.413629
-0.415403
-0.416225
-0.415847
-0.413955
-0.410184
-0.40411
-0.39523
-0.382959
-0.366643
-0.345556
-0.318955
-0.286144
-0.246627
-0.200395
-0.148533
-0.0934021
-0.0384179
-0.000639887
-0.0160753
-0.124684
656.407
263.759
263.164
263.392
798.867
591.4
285.348
262.82
888.842
837.502
768.191
446.907
951.779
919.239
912.117
888.856
991.45
978.317
979.193
946.266
1022.46
1019.5
1024.25
811.333
1051.09
1054.92
1063
749.865
1078.28
1087.53
1102.28
922.859
1103.52
1116.54
1134.93
1144.94
1126.52
1142.58
1162.34
1184.56
1147.68
1165.57
1185.38
1208.57
1167.54
1186.05
1205.52
1226.18
1186.31
1204.98
1224.11
1243.19
1205.24
1223.58
1241.67
1259.79
879.53
1243.19
1259.59
1276.76
60.8747
368.488
865.866
1295.89
2.59339
2.97309
50.9136
309.561
2.54916
2.59957
2.65709
2.93893
2.54714
2.58046
2.62617
2.68311
2.53011
2.57601
2.61217
2.63688
2.50755
2.54879
2.57818
2.58833
2.46605
2.49773
2.51519
2.50936
2.4129
2.43181
2.43373
2.40793
2.35591
2.36163
2.34807
2.40164
2.30208
2.2978
2.27177
2.28177
2.25569
2.24737
2.21922
2.15705
2.21837
2.21129
2.18935
2.14378
2.18951
2.18687
2.17477
2.14939
2.16707
2.17058
2.16877
2.16096
2.14869
2.15876
2.16673
2.17301
2.1321
2.14835
2.16474
2.18211
2.1153
2.13693
2.16018
2.18591
2.09668
2.12276
2.15139
2.18331
2.07496
2.10455
2.13724
2.17367
2.04914
2.08139
2.11706
2.1567
2.01844
2.05251
2.09024
2.13205
1.98222
2.01735
2.05627
2.09939
1.93994
1.97537
2.01469
2.0583
1.89116
1.92613
1.96503
2.00832
1.83548
1.8692
1.90685
1.94895
1.7726
1.80424
1.83973
1.87966
1.70229
1.73096
1.76332
1.80001
1.6244
1.64921
1.67739
1.70963
1.53892
1.55895
1.58187
1.60837
1.44593
1.46027
1.47688
1.49637
1.34552
1.35332
1.3626
1.37384
1.23776
1.23814
1.23904
1.24075
1.12262
1.11469
1.1062
1.09709
0.999974
0.982803
0.963965
0.94309
0.869542
0.842093
0.811911
0.778534
0.730932
0.691894
0.649069
0.602115
0.583686
0.531269
0.473884
0.411343
0.427579
0.359368
0.284522
0.202684
0.263192
0.176269
0.0798453
-0.0276417
0.092211
-0.0167358
-0.140304
-0.282611
-0.0820826
-0.217316
-0.375955
-0.564082
-0.253241
-0.419857
-0.622876
-0.865209
-0.413702
-0.616883
-0.868941
-1.16033
-0.559387
-0.806262
-1.10275
-1.42676
-0.675616
-0.957116
-1.26699
-1.61257
-0.719529
-0.965531
-1.19658
4.02711
-0.664711
-0.819361
3.01905
26.7822
-0.555489
-0.0809085
20.0699
27.4318
-0.495778
2.62933
30.4585
26.1345
-0.469383
6.51285
31.9468
17.1851
-0.426111
15.152
33.2528
11.8017
0.770016
26.4949
34.9436
11.0958
3.47848
33.8885
37.2503
12.0385
11.5723
39.0929
39.1305
13.6348
17.4062
39.8266
39.9433
20.4525
6.66021
40.171
40.0295
28.3134
-0.0434555
9.30768
33.9087
30.5709
-0.366538
1.85057
4.30818
7.32081
-0.818808
1.75507
75.3278
95.6493
-0.326091
18.4665
359.315
171.314
-0.360239
-0.752657
12.352
140.901
263.248
263.09
263.114
262.978
262.849
262.794
262.762
262.726
262.687
262.646
262.603
262.56
262.519
262.479
262.441
262.404
262.37
262.336
262.305
262.274
262.246
262.22
262.196
262.174
262.156
262.14
262.128
262.12
262.116
262.116
262.119
262.127
262.139
262.153
262.17
262.188
262.204
262.219
262.229
262.234
262.894
263.014
263.114
262.95
262.765
262.752
262.742
262.715
262.68
262.64
262.595
262.552
262.51
262.469
262.43
262.394
262.359
262.325
262.293
262.262
262.233
262.206
262.181
262.159
262.14
262.124
262.111
262.103
262.099
262.099
262.104
262.114
262.128
262.146
262.166
262.187
262.208
262.226
262.239
262.245
271.47
264.294
263.37
266.684
263.166
262.693
262.707
262.704
262.672
262.634
262.584
262.542
262.498
262.457
262.418
262.382
262.346
262.312
262.28
262.249
262.219
262.191
262.165
262.142
262.122
262.105
262.092
262.083
262.079
262.08
262.086
262.098
262.115
262.136
262.161
262.187
262.213
262.236
262.252
262.26
493.43
265.604
267.794
269.154
262.978
262.7
262.674
262.7
262.664
262.625
262.576
262.53
262.485
262.443
262.404
262.368
262.333
262.299
262.266
262.234
262.203
262.174
262.147
262.123
262.101
262.084
262.07
262.06
262.056
262.057
262.065
262.078
262.098
262.124
262.154
262.187
262.22
262.248
262.27
262.28
467.362
268.237
272.3
269.925
262.771
262.752
262.676
262.712
262.657
262.618
262.566
262.517
262.47
262.427
262.389
262.353
262.318
262.284
262.25
262.218
262.186
262.156
262.127
262.102
262.079
262.06
262.045
262.035
262.03
262.031
262.039
262.055
262.078
262.109
262.146
262.187
262.228
262.264
262.292
262.305
310.479
265.352
267.995
266.341
262.977
262.809
262.689
262.731
262.662
262.609
262.554
262.502
262.452
262.407
262.37
262.336
262.301
262.267
262.234
262.2
262.167
262.136
262.106
262.078
262.054
262.033
262.016
262.005
261.999
262.001
262.009
262.027
262.054
262.09
262.135
262.185
262.238
262.285
262.321
262.338
277.673
264.384
264.522
263.644
263.165
262.923
262.625
262.749
262.67
262.601
262.543
262.484
262.428
262.38
262.35
262.32
262.284
262.25
262.217
262.182
262.147
262.114
262.082
262.052
262.026
262.003
261.985
261.972
261.965
261.965
261.974
261.993
262.023
262.066
262.12
262.183
262.249
262.311
262.358
262.381
305.578
264.147
263.982
263.739
266.275
267.528
262.499
262.787
262.673
262.586
262.537
262.473
262.405
262.345
262.327
262.304
262.264
262.233
262.201
262.163
262.125
262.09
262.055
262.023
261.995
261.97
261.949
261.934
261.925
261.923
261.931
261.951
261.985
262.034
262.099
262.177
262.263
262.345
262.407
262.439
465.62
264.383
264.1
263.835
263.167
262.513
262.38
262.738
262.632
262.553
262.525
262.434
262.353
262.288
262.311
262.3
262.239
262.211
262.185
262.144
262.104
262.066
262.028
261.994
261.962
261.933
261.91
261.892
261.88
261.875
261.881
261.9
261.936
261.992
262.069
262.166
262.277
262.386
262.473
262.515
1051.44
379.213
264.344
263.924
297.022
419.168
278.386
267.223
262.496
262.565
262.553
262.44
262.3
262.169
262.279
262.296
262.205
262.2
262.179
262.119
262.071
262.033
261.99
261.96
261.927
261.893
261.866
261.846
261.83
261.821
261.822
261.839
261.875
261.936
262.026
262.146
262.29
262.439
262.559
262.618
1230.12
1078.54
492.07
409.915
603.351
992.277
976.045
663.003
262.213
262.572
262.657
262.442
262.18
262.097
262.396
262.369
262.13
262.172
262.165
262.1
262.046
262.012
261.948
261.915
261.89
261.847
261.817
261.795
261.775
261.759
261.753
261.764
261.797
261.861
261.964
262.11
262.297
262.502
262.675
262.758
1247.46
1262.92
1189.19
1130.95
1169.6
1183.64
1215.16
1247.54
1071.09
452.247
337.864
326.541
303.026
261.666
262.498
262.287
262.007
262.177
262.209
262.085
261.988
261.933
261.88
261.9
261.861
261.791
261.76
261.743
261.717
261.689
261.672
261.673
261.699
261.761
261.872
262.046
262.288
262.576
262.832
262.952
1262.85
1279.76
1291.37
1296.97
1283.53
1260.97
1272.3
1293.76
1333.71
1249.06
1097.61
1024.83
1035.01
951.287
721.952
356.225
261.801
262.069
262.324
261.988
261.922
261.966
261.781
261.869
261.826
261.702
261.691
261.697
261.659
261.613
261.579
261.566
261.575
261.628
261.739
261.934
262.242
262.652
263.044
263.22
1278.19
1294.89
1308.29
1316.4
1314.22
1306.09
1311.29
1326.65
1352.8
1371.09
1369.48
1342.72
1322.44
1347.65
1343.5
1264.68
1066.61
791.141
548.731
288.394
261.652
262.27
261.804
261.892
261.822
261.563
261.621
261.668
261.597
261.53
261.472
261.439
261.423
261.452
261.546
261.744
262.12
262.708
263.327
263.601
1293.55
1309.47
1322.77
1331.91
1334.65
1334.04
1339.08
1350.18
1365.04
1378.37
1383.88
1379.69
1374.58
1382.36
1392.6
1405.04
1429.61
1425.4
1361.38
1264.97
993.256
664.381
305.98
269.033
262.053
261.735
261.562
261.636
261.538
261.443
261.347
261.297
261.243
261.228
261.275
261.431
261.839
262.676
263.75
264.158
1310.37
1325.1
1337.5
1347.03
1353.24
1357.5
1363.71
1372.91
1384.46
1396.15
1404.12
1406.4
1406.06
1409.54
1417.43
1428.55
1442.84
1449.71
1448.75
1464.77
1476.58
1425.06
1367.71
1182.6
495.327
273.559
264.455
261.626
261.494
261.363
261.207
261.155
261.045
260.958
260.917
260.943
261.23
262.343
264.121
264.99
764.158
1201.07
1356.01
1365.3
1372.56
1378.49
1385.2
1393.32
1403.08
1412.83
1420.14
1423.87
1425.81
1429.81
1436.55
1445.32
1455.68
1464.98
1474.14
1485.75
1494.09
1495.37
1525.06
1545.75
1424.67
1452.94
921.423
369.72
261.412
261.341
261.11
260.997
260.84
260.647
260.473
260.208
259.868
261.06
265.688
267.394
21.3684
173.81
493.612
863.493
1140.21
1300.96
1403.92
1414.65
1421.73
1429.13
1435.62
1440.4
1444.17
1448.87
1454.96
1462.56
1471.57
1480.9
1490.07
1499.72
1509.67
1521.5
1541.22
1554.21
1555.78
1579.62
1599.82
1478.19
427.319
316.644
260.596
260.747
260.65
260.316
259.984
259.317
257.664
259.012
284.959
278.574
2.74676
2.88293
3.25014
30.7938
124.892
273.857
444.164
652.242
853.471
1036.87
1190.92
1306.11
1386.56
1463.93
1474.07
1480.81
1488.67
1496.88
1505.23
1514.03
1523.78
1534.83
1549
1564.46
1582.21
1607.01
1636.08
1665.61
1518.28
1319.46
621.976
338.33
260.427
260.023
259.526
258.651
256.102
254.151
283.861
583.599
2.65329
2.66972
2.70739
2.98403
2.93967
2.52284
2.87641
4.7648
21.7407
64.9164
138.172
235.061
345.364
471.852
662.786
884.121
1104.48
1287.4
1452.31
1530.38
1539.26
1549.87
1563.05
1577.56
1594.22
1613.99
1638.26
1662.66
1673.58
1671.7
1679.39
1324.41
346.154
259.766
259.259
258.467
256.385
255.121
259.628
1229.42
2.57488
2.75215
3.23932
3.40087
2.82895
2.3586
2.46525
2.57876
2.61221
2.67212
2.9635
3.37936
3.45497
3.36822
4.53291
22.8647
76.2952
172.889
313.952
545.386
851.235
1173.58
1544.17
1591.92
1606.19
1623.26
1642.44
1664.27
1686.93
1705.13
1738.4
1777.67
1669.1
662.23
271.978
258.374
257.415
256.933
257.306
1306.57
2.46523
3.42999
3.5515
3.38684
2.93186
2.25992
2.41506
2.51244
2.58007
2.63777
2.84258
3.1698
3.14588
3.03139
3.04508
3.10999
3.24009
3.41697
3.59805
3.81281
16.822
84.5125
293.712
644.108
1096.33
1627.3
1655.51
1676.92
1699.26
1723.07
1755.63
1793.33
1818.68
1774.32
1346.29
398.808
258.381
258.666
260.008
1325.78
2.81452
3.65926
3.41212
3.25023
3.29813
3.04239
2.31261
2.46081
2.56322
2.62179
2.87493
3.55851
3.15728
3.03976
3.06819
3.12569
3.20067
3.27522
3.34151
3.40411
3.47664
3.60849
3.84069
4.4164
53.9221
295.23
766.645
1527.26
1709.77
1731.86
1758.16
1791.1
1823.19
1847.7
1867.26
1735.23
764.763
274.369
272.032
1351.26
3.1467
3.20642
2.48136
2.7333
3.21657
2.88994
2.2
2.39884
2.53272
2.61063
3.08697
4.11191
3.88511
3.0926
3.08769
3.14915
3.21786
3.28904
3.35816
3.42402
3.48986
3.56165
3.63491
3.71144
3.79677
4.0942
6.82357
182.697
625.502
1505.44
1769.84
1799.83
1835.22
1874.1
1914.66
1952.86
1912.99
1171.67
533.109
1797.2
2.72173
2.2853
1.76753
1.66415
1.85151
2.08462
2.212
2.3629
2.52535
2.62845
3.59017
4.21042
4.21679
3.15504
3.10724
3.17003
3.23838
3.30923
3.38002
3.44886
3.51694
3.58612
3.65373
3.72343
3.79053
3.8687
3.95546
4.11011
4.93383
161.317
718.261
1716
1848.47
1896.33
1962.58
2049.29
2142.33
2145.67
2043.64
2570.79
2.04946
1.96495
1.82246
1.71933
1.74234
1.8901
2.15161
2.37589
2.54765
2.88048
4.19136
4.30743
3.80895
3.07953
3.12163
3.18747
3.2577
3.32991
3.40201
3.47272
3.54225
3.6116
3.68124
3.75308
3.82297
3.8934
3.97043
4.04971
4.13294
4.28129
5.32585
267.121
1247.41
1907.91
1994.58
2134.61
2325.51
2568.48
2831.93
3087.35
2.0663
1.98759
1.90146
1.85379
1.88837
2.01597
2.21806
2.42472
2.69093
4.09785
4.31921
4.18137
3.12937
3.06733
3.13307
3.20297
3.27636
3.35113
3.42521
3.49765
3.56862
3.63883
3.70856
3.77889
3.85079
3.92648
4.00884
4.08273
4.15458
4.22691
4.31031
4.64386
69.8701
850.562
1960.96
2163.85
2415.24
2709.55
2977.3
3202.62
2.10408
2.05119
2.01217
2.00423
2.05501
2.16894
2.32223
3.01231
4.13688
4.29119
4.39888
3.7108
3.01522
3.07678
3.14628
3.22022
3.29679
3.37384
3.4496
3.52347
3.59562
3.66623
3.73544
3.80446
3.87637
3.95371
4.03723
4.11827
4.19775
4.26125
4.31539
4.37752
4.59629
6.9869
917.928
2089.74
2404.85
2707.51
2966.01
2987.05
2.14521
2.12475
2.11845
2.14044
2.20128
2.30241
2.41905
3.43898
4.27329
4.37429
4.46827
3.84708
3.03334
3.09146
3.16362
3.24061
3.31897
3.39699
3.47362
3.54854
3.62175
3.69309
3.76238
3.83039
3.9001
3.97562
4.05942
4.14656
4.22932
4.29777
4.35494
4.40455
4.46892
4.8249
19.262
1479.87
2333.14
2632.36
2856.51
2779.71
2.17885
2.18742
2.20645
2.24571
2.31008
2.39955
2.49933
2.70917
3.13288
4.20635
4.53947
3.81821
3.04507
3.10829
3.18247
3.26073
3.33953
3.41777
3.49497
3.57087
3.6453
3.71787
3.78801
3.85573
3.92308
3.99481
4.07571
4.16429
4.25108
4.32541
4.38036
4.41767
4.46371
4.56863
4.83177
859.2
2228.31
2544.07
2732.87
2534.63
2.20286
2.23026
2.26735
2.31798
2.38364
2.46343
2.55104
2.63833
2.71766
2.87161
3.09791
3.3137
3.22344
3.1227
3.19791
3.27662
3.35583
3.43456
3.51254
3.5895
3.66516
3.73907
3.81047
3.87876
3.94479
4.01253
4.088
4.17361
4.26273
4.3424
4.39955
4.42355
4.44616
4.53077
4.57954
436.46
2083.45
2481.35
2628.4
2389.26
2.21695
2.2561
2.3039
2.36154
2.42921
2.50454
2.58426
2.66312
2.73988
2.8147
2.89167
2.97108
3.09917
3.15687
3.20986
3.28898
3.36868
3.44806
3.52681
3.60462
3.68116
3.75599
3.82843
3.8976
3.96331
4.028
4.09746
4.177
4.26472
4.34881
4.41552
4.4282
4.4299
4.50731
4.6557
485.737
2019.54
2457.69
2555.95
2254.06
2.22149
2.26816
2.32239
2.38436
2.4535
2.52782
2.60466
2.68111
2.75655
2.83135
2.90735
2.98495
3.06381
3.14723
3.22348
3.30061
3.38019
3.45968
3.53867
3.61674
3.69347
3.76846
3.84115
3.91072
3.97639
4.03906
4.10316
4.17507
4.25723
4.34188
4.41854
4.43396
4.41524
4.46179
5.52325
904.72
2099.82
2462.73
2519.05
1939.41
2.21684
2.26856
2.32697
2.39192
2.46256
2.53733
2.61426
2.69158
2.76839
2.84489
2.92186
2.99953
3.07767
3.15575
3.23411
3.31237
3.39108
3.46992
3.54834
3.62584
3.7019
3.77609
3.84798
3.91692
3.982
4.04304
4.10259
4.16634
4.23906
4.317
4.39478
4.41428
4.38962
4.41401
4.66531
851.307
2281.54
2474.59
2518.86
1799.22
2.20334
2.25854
2.31997
2.38733
2.45983
2.53614
2.61475
2.69428
2.77384
2.85313
2.93221
3.01111
3.08965
3.16764
3.24525
3.32287
3.40059
3.47822
3.55532
3.6314
3.7059
3.77835
3.84836
3.91545
3.97882
4.03771
4.09302
4.1486
4.20918
4.27316
4.33581
4.35977
4.34602
4.3846
4.70913
716.962
2423.96
2506.88
2535.05
1790.51
2.18105
2.23869
2.30243
2.37198
2.44666
2.52537
2.60679
2.68961
2.77279
2.85561
2.93764
3.01859
3.09828
3.17671
3.25418
3.33107
3.40759
3.48362
3.55884
3.63279
3.70495
3.77486
3.84209
3.9062
3.96657
4.0223
4.07314
4.12103
4.16963
4.21875
4.2643
4.28965
4.29943
4.35737
4.88868
801.581
2455.25
2554.06
2562.93
1797.73
2.14985
2.20914
2.27465
2.34622
2.42332
2.50506
2.59021
2.67736
2.76516
2.85243
2.93821
3.02185
3.10312
3.1822
3.25955
3.33566
3.41081
3.48498
3.55793
3.62928
3.69858
3.76535
3.82914
3.88948
3.94584
3.99743
4.04358
4.08502
4.12452
4.16379
4.20165
4.23019
4.25681
4.31311
4.84219
909.125
2515.97
2615.5
2618.36
1818.42
2.10942
2.16962
2.23641
2.3098
2.38947
2.47465
2.56427
2.65672
2.75023
2.843
2.9334
3.02026
3.10327
3.18288
3.25987
3.33494
3.40849
3.48059
3.55106
3.61959
3.68576
3.74911
3.80913
3.86531
3.91716
3.96414
4.00571
4.04211
4.0756
4.10933
4.146
4.18221
4.22059
4.27063
4.68878
969.986
2610.15
2685.57
2682.81
1984.26
2.05927
2.11961
2.18707
2.26195
2.3442
2.43324
2.52789
2.62656
2.72689
2.82623
2.92203
3.01241
3.09694
3.17655
3.25262
3.32624
3.39798
3.46794
3.53598
3.60176
3.66488
3.72488
3.78119
3.83325
3.8806
3.92294
3.9601
3.9923
4.0213
4.05034
4.08448
4.12539
4.1688
4.2341
4.4518
854.093
2640.38
2736.49
2724.85
2717.47
1.9988
2.05835
2.12568
2.20145
2.28597
2.37894
2.47921
2.58497
2.69361
2.80112
2.9029
2.99616
3.08094
3.15935
3.23369
3.30548
3.37541
3.44354
3.5096
3.57319
3.63383
3.69101
3.74411
3.7925
3.83573
3.8737
3.90658
3.93474
3.9594
3.98316
4.01077
4.0509
4.09574
4.16637
4.40463
1000.71
2613.15
2319.47
2292.69
2788.24
1.92733
1.98495
2.05106
2.12684
2.21318
2.31005
2.41625
2.52972
2.64718
2.76405
2.87274
2.96802
3.05055
3.12523
3.19638
3.26613
3.33493
3.40236
3.46775
3.53046
3.58989
3.64542
3.69635
3.74198
3.78186
3.816
3.84487
3.86899
3.88914
3.90688
3.9253
3.95258
3.98182
4.0574
86.5131
1413.83
1842.52
317.764
581.791
1705.66
1.84423
1.89842
1.96178
2.03622
2.12351
2.22399
2.3364
2.45902
2.5878
2.71598
2.82896
2.9197
2.99409
3.06211
3.12965
3.19861
3.26847
3.33774
3.40503
3.46931
3.52976
3.58563
3.63613
3.68048
3.7182
3.74938
3.77475
3.79507
3.81072
3.82541
3.83272
3.83934
3.84958
3.93715
379.767
1519.87
994.635
243.365
264.35
330.323
1.74893
1.79789
1.85644
1.92736
2.01338
2.11442
2.2288
2.35744
2.49568
2.64095
2.7667
2.84694
2.90122
2.95229
3.01453
3.08639
3.16295
3.23989
3.31424
3.38439
3.44947
3.50876
3.5614
3.60655
3.64373
3.67319
3.69587
3.71282
3.72739
3.73401
3.72572
3.71176
3.68307
3.65707
332.918
1551.39
1438.3
237.739
313.683
1784.08
1.64113
1.68274
1.73387
1.79829
1.88024
1.97918
2.09136
2.22396
2.36663
3.19256
3.51723
3.00943
2.70881
2.74385
2.81602
2.90822
3.0042
3.09827
3.1874
3.2697
3.34459
3.41156
3.46979
3.51847
3.55718
3.58657
3.60772
3.62364
3.63375
3.63389
3.61171
3.57824
3.5459
3.48099
64.9004
1130.73
1773.61
428.76
791.762
2400.11
1.52093
1.55283
1.59312
1.64648
1.72101
1.81987
1.92857
2.61967
5.24057
10.5961
10.6899
8.99641
3.00568
2.37218
2.46589
2.61184
2.76369
2.89899
3.01621
3.11919
3.21055
3.29057
3.35877
3.41459
3.45787
3.48922
3.50998
3.52541
3.53191
3.52942
3.50052
3.49273
3.73824
4.30491
4.20485
120.835
1607.71
2121.76
2334.74
2458.83
1.38853
1.4084
1.43328
1.46834
1.53135
1.75459
2.8814
10.002
10.1889
10.2488
10.3308
10.3565
9.74183
2.99503
2.00918
2.17957
2.41454
2.62833
2.79435
2.92856
3.04368
3.14264
3.22585
3.29362
3.34622
3.3828
3.40395
3.4209
3.43056
3.43023
3.40676
3.65873
5.25723
5.35825
4.54203
4.63045
153.639
2474.12
2556.81
2571.22
1.2437
1.24869
1.25314
1.26088
1.45734
6.7761
6.80781
6.12263
4.46461
5.06468
8.75316
9.88281
10.0254
9.44002
2.53216
1.70031
1.97831
2.2887
2.52161
2.69745
2.84258
2.96512
3.06773
3.15224
3.21925
3.26328
3.28358
3.31223
3.33308
3.35314
3.35816
3.5765
5.42643
5.47858
4.87777
4.94643
184.734
2625.59
2669.96
2658.48
1.0865
1.073
1.05266
1.02533
3.69503
6.36097
6.2934
1.62053
1.19332
1.09133
1.08074
7.19221
9.77595
9.93196
5.38628
1.2887
1.54225
1.9101
2.20705
2.43044
2.60855
2.75568
2.8782
2.9797
3.06082
3.12245
3.1182
3.1633
3.21512
3.28461
3.34131
3.37434
4.45459
5.64308
5.68039
5.2842
360.261
2109.46
2391.62
2723.72
0.917988
0.885234
0.840356
0.7734
0.673082
3.95623
5.82932
2.29807
1.14315
1.01085
0.973428
1.04998
8.74164
9.93703
5.38256
1.0336
1.20213
1.53689
1.87023
2.13747
2.34615
2.5142
2.65093
2.75948
2.83808
2.86054
3.01765
3.57108
3.15989
3.18634
3.29919
3.37622
3.43725
4.72703
5.9398
5.74956
142.781
393.862
1327.19
2734.35
0.73887
0.689803
0.629367
0.551077
0.448597
0.324887
0.756276
3.15753
4.03143
4.03223
1.79816
1.11997
4.72327
9.94924
6.87056
1.02063
0.934242
1.17961
1.52098
1.8265
2.0638
2.24993
2.39594
2.50072
2.56111
2.50613
3.88263
7.25307
7.60302
4.81581
3.25677
3.36487
3.44175
3.89861
5.7973
5.9353
3.92226
16.8148
563.937
2730.21
0.547473
0.482435
0.407493
0.320415
0.219002
0.105351
0.0025084
-0.0702711
2.69099
5.72715
5.82562
2.29359
3.81267
9.69752
9.00889
2.28642
0.648906
0.80562
1.14684
1.4978
1.77355
1.98622
2.15008
2.26544
2.33243
2.29133
3.06875
7.39568
7.82424
8.36816
4.85024
3.39137
3.48768
4.09784
5.88088
4.49962
3.85966
3.91158
545.839
2711.98
0.33945
0.255481
0.160727
0.0544216
-0.0609734
-0.179326
-0.292089
-0.398786
-0.502013
2.03357
5.55114
2.6692
2.57759
8.52101
8.79709
5.06082
0.324397
0.373496
0.731491
1.15083
1.4885
1.7475
1.95198
2.10832
2.22118
2.27604
2.27921
3.65841
8.01205
8.46147
8.90467
4.08571
3.6019
4.91294
6.10162
4.22651
4.24166
4.26313
703.672
2725.02
0.108108
-0.00344889
-0.129883
-0.269949
-0.417702
-0.563888
-0.698323
-0.806021
-0.881844
-0.918804
2.90095
3.62506
0.163201
5.2162
8.25643
7.37138
0.469344
-0.146522
0.275039
0.79277
1.21835
1.54509
1.8091
2.02579
2.20325
2.34826
2.44539
2.54876
3.18895
8.13995
9.10097
8.54572
4.69322
5.22779
4.64328
4.43903
4.47337
4.4276
928.366
2804.34
-0.155356
-0.310405
-0.487083
-0.677942
-0.871025
-1.04821
-1.19993
-1.31255
-1.36398
-1.32607
0.594765
1.86007
-0.745506
2.45562
7.62009
6.80216
0.0697499
-0.696242
-0.178069
0.446972
0.971662
1.37777
1.70757
1.98738
2.22957
2.43908
2.60003
2.72947
2.86359
7.8008
9.35394
9.67305
6.58662
4.73849
4.46566
4.6398
4.68899
48.8826
1272.4
2914.36
-0.457771
-0.672426
-0.907659
-1.14379
-1.32917
-1.09908
-1.1431
-1.72445
-1.87642
-1.70938
-0.854853
-0.876531
-1.41336
-1.3329
5.70035
4.83899
-0.743854
-1.14845
-0.558329
0.151186
0.760579
1.24009
1.63244
1.97094
2.27308
2.53144
2.71818
2.84865
5.47512
9.30458
9.59717
9.87351
5.89828
4.41514
4.51849
4.72308
5.0929
226.553
1605.89
3073.43
-0.797254
-1.06798
-1.33362
-1.41055
-0.86686
-1.0406
-1.21087
-1.78542
-2.17097
-2.09545
-2.01904
-1.94294
-1.85013
-1.75016
-0.788096
-0.530194
-1.3393
-1.45666
-0.823426
-0.0696978
0.590158
1.12165
1.56414
1.95486
2.31453
2.62078
2.97757
5.99424
9.35967
9.57015
9.45738
5.79851
4.27718
4.38608
4.50625
4.50613
253.226
909.733
1731.73
3259.25
-1.15253
-1.44596
-1.48706
-0.844465
-0.9829
-1.56457
-2.17887
-2.27749
-2.32987
-2.22316
-1.53051
-1.87744
-2.22986
-2.07712
-1.96963
-1.98091
-1.89203
-1.63797
-0.966157
-0.2184
0.446582
1.00135
1.47418
1.95851
2.85735
3.92472
5.0582
6.32207
5.73544
5.37052
4.47715
4.1519
4.22398
4.46354
113.324
878.765
1184.81
1013.83
1223.75
3187.87
-1.47379
-1.7394
-0.861034
-0.962941
-1.86508
-2.22413
-2.37142
-2.53043
-2.19865
0.0396292
-1.53286
-2.69119
-2.52022
-2.29596
-2.13327
-2.08912
-1.99785
-1.62878
-1.00606
-0.322639
0.297405
1.00722
1.34596
2.44483
3.25593
3.70702
4.06427
4.15166
4.16933
4.39373
5.03954
4.74712
205.148
737.973
1161.43
1171.66
1196.16
820.332
417.157
3034.33
-1.72673
-1.16471
-0.815704
-1.77813
-2.17304
-2.35323
-2.58153
-1.78355
0.976057
0.113017
-2.50121
-2.78492
-2.37833
-2.34556
-2.12783
-1.99427
-1.8115
-1.45018
-0.942436
-0.396984
0.291732
0.970463
1.17454
1.91358
2.58173
3.21567
3.80675
4.36866
4.3002
75.8767
451.565
1036.13
1160.13
1169.22
1171.22
1170.44
642.726
95.4855
72.4682
2558.73
-1.9204
0.072466
-0.852407
-2.10631
-2.16814
-1.58906
-0.882125
1.1027
0.951752
0.938999
-1.53697
-1.41935
-0.80525
-1.37511
-1.95656
-1.71174
-1.02808
-1.13197
-0.856327
-0.398789
0.273844
0.518815
0.717753
1.40908
2.09142
2.76886
56.2827
91.1029
206.536
502.899
727.075
752.808
797.609
777.92
538.233
171.042
13.8563
4.32596
22.7662
727.868
1.4178
1.89623
-0.259264
-2.05191
-1.88153
1.68663
1.28849
-1.56885
1.20671
1.1982
0.193283
-0.370346
-0.268882
-0.223094
-1.55968
-0.54815
-0.162644
0.0333519
0.135328
0.175164
-0.0846146
-0.166402
-0.57195
-0.387841
96.4963
333.9
432.914
418.997
328.039
136.721
65.8788
21.1334
16.0104
8.81534
-2.41769
-3.40942
-3.55195
-3.1312
8.82525
9.50651
18.5462
1.65558
-0.410591
-1.90817
0.869223
1.88113
-0.922996
-2.26512
-0.0952902
-0.223509
-2.13189
-2.15995
-1.422
-1.56877
-1.56719
-0.360836
-0.0941017
0.112956
0.290097
-0.14165
-0.319853
-0.395645
-1.45748
229.739
435.563
434.597
435.072
311.069
43.3572
-4.09668
-4.69445
-4.74057
-4.67546
-4.53625
-4.38311
-4.23126
-4.1614
-3.76445
-2.84597
-1.22001
16.6146
-2.16825
-1.94967
-0.0760969
1.42703
-0.207056
-2.26247
-2.40242
-2.50126
-2.5633
-2.57132
-2.49417
-2.3244
-2.05411
-1.60672
-0.198331
0.0904054
0.289279
0.178571
-0.243721
-0.435234
18.1463
339.121
445.207
445.87
398.903
106.096
0.0955738
-4.74967
-4.87898
-4.89304
-4.84473
-4.74707
-4.58716
-4.39491
-4.16028
-4.03861
-3.70663
-3.9149
1008.47
-1.47163
-1.72672
-1.36713
1.41612
1.16575
-1.69097
-1.86559
-2.03356
-2.25662
-2.32751
-2.19714
-2.01036
-1.77932
-1.48271
-1.13703
-0.279641
0.597811
0.34482
0.099411
-0.106201
37.772
390.4
461.284
457.328
323.187
25.8496
-4.85761
-5.05888
-5.07157
-5.04118
-4.99477
-4.92593
-4.81807
-4.65741
-4.46667
-4.2305
-4.15082
-3.85029
1.06567
2354.8
-1.2595
-1.23364
-0.346115
1.92851
1.74496
-1.33573
-1.77102
-2.15709
-2.2843
-1.96172
-1.3987
-0.846666
-0.387713
-0.0033425
0.307945
0.559101
0.753024
0.6425
0.333902
46.141
418.218
469.454
467.842
309.167
13.2497
-4.9539
-5.2015
-5.19105
-5.1387
-5.09023
-5.04384
-4.98944
-4.91784
-4.81611
-4.68777
-4.51902
-4.41091
-4.26589
29.4932
2451.67
-1.09448
-1.03985
-0.923213
0.185896
0.867562
1.87149
17.0014
29.5299
2.2024
-2.55404
-1.27008
0.962622
1.71744
2.14577
2.37066
2.44401
2.36489
2.1821
41.7401
428.966
476.064
475.893
345.919
18.4138
-5.04697
-5.29154
-5.25334
-5.19117
-5.1377
-5.09606
-5.0638
-5.03759
-5.01246
-4.97947
-4.92552
-4.86953
-4.69333
-5.07827
89.6525
2518.41
-1.04387
-1.06486
-1.03555
-1.09502
-0.512983
3.20895
18.1486
43.5776
71.5078
127.956
125.091
3.30751
3.86235
4.20019
4.26861
4.34162
4.65405
53.8677
436.712
486.893
483.646
394.267
35.7283
-5.02538
-5.39366
-5.33843
-5.25858
-5.1888
-5.13197
-5.09306
-5.07376
-5.07464
-5.09556
-5.13188
-5.17379
-5.25151
-5.15591
-5.76124
280.486
2563.63
-0.94351
-1.03368
-1.02904
-1.003
-1.00683
3.56596
14.114
14.0408
17.3736
54.8396
323.72
290.424
5.49406
5.6057
5.56133
5.75624
155.597
476.041
502.892
494.684
399.696
43.0656
-5.08824
-5.50444
-5.47158
-5.39212
-5.30729
-5.2243
-5.15384
-5.10536
-5.088
-5.11056
-5.17932
-5.29074
-5.44238
-5.56996
-5.61617
-4.03535
506.216
1209.23
-0.703694
-0.825114
-0.86385
-0.785731
-0.630228
0.567386
0.247571
-0.748243
-0.652139
-0.485186
305.208
419.087
371.411
111.932
103.407
337.439
510.136
514.846
506.195
300.014
19.011
-5.35015
-5.61976
-5.63393
-5.61009
-5.55009
-5.45737
-5.34606
-5.23387
-5.14309
-5.09922
-5.12504
-5.23659
-5.43485
-5.71916
-5.96329
-3.63694
203.474
518.452
38.9902
-0.38557
-0.472377
-0.492319
-0.44293
-0.330682
-0.290139
-0.336621
-0.444045
-0.452468
-0.386016
44.4918
427.766
432.532
434.812
433.627
437.948
439.801
314.081
120.675
3.70109
-4.79884
-5.27429
-5.58744
-5.80447
-5.9128
-5.9113
-5.8107
-5.63485
-5.42339
-5.22949
-5.10576
-5.0949
-5.22432
-5.48398
-5.8806
-6.23901
49.4036
480.528
501.311
11.7198
-0.114436
-0.144681
-0.165436
-0.149633
-0.0919916
-0.0561031
-0.0952872
-0.189904
-0.216299
0.153304
0.188742
230.574
437.171
437.675
400.629
205.661
47.3543
4.33004
-2.44234
-3.14672
-4.24702
-5.107
-5.79597
-6.29854
-6.58136
-6.68183
-6.54788
-6.23965
-5.83568
-5.43569
-5.14448
-5.03972
-5.15237
-5.4465
-5.89488
2.95224
245.496
437.809
203.72
3.53604
0.467987
0.229517
0.147605
0.105843
0.0882018
0.0629278
0.00426092
-0.0697427
-0.024317
0.103345
0.201436
9.71534
155.133
170.006
58.1428
1.73517
-0.274824
-0.912135
-1.81892
-2.90032
-4.15395
-5.47919
-6.70954
-7.63481
-8.19497
-8.32099
-8.0106
-7.37821
-6.59371
-5.82847
-5.24751
-4.98002
-5.0789
-5.54241
-5.65273
50.8644
207.729
115.201
3.94139
2.10024
3.22234
0.262798
0.286554
0.260007
0.231913
0.162174
0.0819839
0.00423934
-0.0669562
-0.140507
-0.0229105
0.100619
-0.218578
0.143763
0.329232
0.222514
-0.10857
-0.660132
-1.51979
-2.77932
-4.52542
-6.66843
-8.64009
-9.85291
-10.3756
-10.2637
-9.59403
-8.50974
-7.2284
-6.04758
-5.14909
-4.66456
-4.64064
-4.76637
9.43999
45.1266
14.4902
5.85607
2.30266
2.14889
1.05658
3.82839
2.60405
0.427508
0.361577
0.264455
0.172627
0.0851631
0.0170575
-0.0402372
-0.0934403
-0.120997
-0.0623306
0.106013
0.232107
0.207073
-0.0312399
-0.453044
-1.33508
-2.80035
-5.05841
-7.84033
-10.0642
-11.2241
-11.4757
-10.9903
-9.92463
-8.49855
-6.95786
-5.56203
-4.48087
-3.71138
-2.50077
1.64119
7.3808
3.62134
2.66061
2.69744
1.86784
1.7388
1.68679
1.67015
0.712317
0.526926
0.44711
0.284094
0.168841
0.0934503
0.037193
-0.00215849
-0.0267142
-0.0253142
0.0190411
0.0962294
0.155033
0.179186
0.0924758
-0.187614
-0.801227
-2.02243
-4.15295
-6.7049
-8.5133
-9.2955
-9.26834
-8.5456
-7.23359
-5.78106
-4.46531
-3.2823
-2.19491
-1.40266
-0.3578
0.641641
0.534694
1.19715
1.47312
1.36219
1.11082
1.06861
0.209169
-0.485996
-0.28005
0.0271465
0.359888
0.359497
0.184279
0.112091
0.0752913
0.0491289
0.0445473
0.0693907
0.134798
0.25952
0.461696
0.730531
1.10513
1.48407
1.56076
0.95411
-0.642866
-2.24056
-3.30541
-3.88872
-3.86158
-3.6149
-3.18199
-2.67963
-2.18777
-1.74519
-1.42996
-1.07076
-0.695847
-0.295386
0.0762796
0.24833
0.32111
0.364007
0.373121
0.371372
)
;

boundaryField
{
    leftWall
    {
        type            fixedFluxPressure;
        gradient        uniform 0;
        value           nonuniform List<scalar> 
86
(
882.988
881.995
879.852
876.673
872.562
867.594
861.871
855.547
848.837
842.048
835.573
830.102
826.752
827.269
833.807
847.414
866.945
890.961
750.009
54.4625
2.08528
2.0769
2.06519
2.05047
2.03258
2.01198
1.98952
1.96551
1.94126
1.91752
1.89536
1.87534
1.8566
1.83764
1.81808
1.79777
1.7766
1.7545
1.73145
1.70742
1.68243
1.6565
1.62963
1.60183
1.57313
1.54353
1.51303
1.48166
1.44941
1.41627
1.38225
1.34734
1.31153
1.27481
1.23716
1.19857
1.159
1.11844
1.07686
1.03425
0.990602
0.945938
0.900284
0.853673
0.806133
0.75769
0.708377
0.658235
0.607318
0.555694
0.50343
0.450586
0.397213
0.343331
0.28893
0.234006
0.178579
0.122674
0.066297
0.00940652
-0.0480632
-0.105884
-0.1632
-0.219436
-0.276012
-0.335186
)
;
    }
    rightWall
    {
        type            fixedFluxPressure;
        gradient        uniform 0;
        value           nonuniform List<scalar> 
86
(
262.199
262.2
262.2
262.201
262.203
262.205
262.209
262.213
262.218
262.225
262.234
262.245
262.26
262.28
262.305
262.338
262.381
262.439
262.515
262.618
262.758
262.952
263.22
263.601
264.158
264.99
267.394
278.574
583.599
1229.42
1306.57
1325.78
1351.26
1797.2
2570.79
3087.35
3202.62
2987.05
2779.71
2534.63
2389.26
2254.06
1939.41
1799.22
1790.51
1797.73
1818.42
1984.26
2717.47
2788.24
1705.66
330.323
1784.08
2400.11
2458.83
2571.22
2658.48
2723.72
2734.35
2730.21
2711.98
2725.02
2804.34
2914.36
3073.43
3259.25
3187.87
3034.33
2558.73
727.868
9.50651
-1.22001
1008.47
2354.8
2451.67
2518.41
2563.63
1209.23
38.9902
11.7198
3.53604
2.10024
2.14889
1.7388
1.06861
0.371372
)
;
    }
    lowerWall
    {
        type            fixedFluxPressure;
        gradient        uniform 0;
        value           nonuniform List<scalar> 
110
(
882.988
883.531
886.055
889.773
891.7
891.419
889.072
885.643
882.097
879
876.576
874.854
873.784
873.303
873.36
873.921
874.972
876.518
878.58
881.194
884.409
888.285
892.888
898.288
904.562
911.796
920.116
929.617
940.275
952.099
965.147
979.462
994.949
1011.24
1027.52
1042.4
1053.88
1060.3
1061.32
1061.34
1061.43
1050.96
1019.88
1015.48
1048.94
1075.78
1075.78
1057.59
1037.77
1043.62
1071.93
1114.22
1141.47
1144.99
1119.07
1055.55
656.407
263.759
263.164
263.392
262.878
262.88
262.885
262.891
262.9
262.908
262.916
262.921
262.912
262.993
262.878
262.873
262.861
262.843
262.82
262.792
262.762
262.729
262.696
262.661
262.625
262.59
262.554
262.519
262.485
262.452
262.42
262.389
262.36
262.333
262.307
262.284
262.263
262.245
262.228
262.215
262.203
262.194
262.188
262.184
262.181
262.181
262.182
262.184
262.187
262.191
262.194
262.197
262.199
262.199
)
;
    }
    atmosphere
    {
        type            totalPressure;
        rho             rho;
        psi             none;
        gamma           1;
        p0              uniform 0;
        value           nonuniform List<scalar> 
90
(
-0.365371
-0.377346
-0.37661
-0.378525
-0.380361
-0.382397
-0.384642
-0.387104
-0.38979
-0.392706
-0.395852
-0.399226
-0.402823
-0.406636
-0.410652
-0.414858
-0.419231
-0.423747
-0.428371
-0.433063
-0.437771
-0.442433
-0.446969
-0.451288
-0.455275
-0.458793
-0.461676
-0.463726
-0.464707
-0.464353
-0.462288
-0.458112
-0.45135
-0.441434
-0.427726
-0.409492
-0.385963
-0.356336
-0.319888
-0.27609
-0.225117
-0.167948
-0.105733
-0.0536894
-0.00732419
-0.00182849
-0.0697967
-0.0137276
0
0
0
-0.463922
-0.426792
-0.633477
-0.171301
0
0
0
0
0
0
0
0
0
0
0
0
0
0
0
0
0
0
0
0
0
0
0
0
0
0
0
0
0
0
0
0
0
0
0
)
;
    }
    defaultFaces
    {
        type            empty;
    }
}


// ************************************************************************* //
