/*--------------------------------*- C++ -*----------------------------------*\
| =========                 |                                                 |
| \\      /  F ield         | OpenFOAM: The Open Source CFD Toolbox           |
|  \\    /   O peration     | Version:  3.0.1                                 |
|   \\  /    A nd           | Web:      www.OpenFOAM.org                      |
|    \\/     M anipulation  |                                                 |
\*---------------------------------------------------------------------------*/
FoamFile
{
    version     2.0;
    format      ascii;
    class       volScalarField;
    location    "0.25";
    object      p_rgh;
}
// * * * * * * * * * * * * * * * * * * * * * * * * * * * * * * * * * * * * * //

dimensions      [1 -1 -2 0 0 0 0];

internalField   nonuniform List<scalar> 
7700
(
1604.71
1606.38
1607.42
1607.06
1604.87
1601.38
1597.29
1592.96
1588.51
1583.95
1579.25
1574.38
1569.32
1564.08
1558.69
1553.22
1547.73
1542.33
1537.14
1532.28
1527.92
1524.23
1521.42
1519.73
1519.41
1520.76
1524.1
1529.79
1538.27
1550.04
1565.94
1586.1
1610.85
1640.52
1675.14
1714.04
1755.25
1794.9
1827.18
1845.41
1851.37
1847.83
1815.54
1799.06
1845.09
1914.78
1603.97
1605.69
1606.73
1606.35
1604.15
1600.68
1596.63
1592.33
1587.9
1583.35
1578.65
1573.76
1568.68
1563.4
1557.98
1552.46
1546.93
1541.48
1536.23
1531.31
1526.89
1523.13
1520.24
1518.45
1518.03
1519.27
1522.48
1528.01
1536.23
1547.45
1561.7
1579.85
1602.39
1629.73
1662.14
1699.38
1740.33
1782.24
1819.64
1846.1
1858.23
1858.26
1798.29
1726.52
1752.51
1871.6
1602.41
1604.39
1605.36
1604.94
1602.72
1599.29
1595.29
1591.06
1586.68
1582.14
1577.43
1572.5
1567.37
1562.03
1556.53
1550.93
1545.31
1539.76
1534.41
1529.37
1524.81
1520.9
1517.85
1515.89
1515.27
1516.28
1519.24
1524.47
1532.33
1543.15
1557.35
1575.23
1597.05
1622.9
1652.58
1685.51
1720.67
1756.33
1790.58
1820.14
1838.9
1844.59
1791.8
1728.85
1738.43
1869.59
1600.25
1602.39
1603.31
1602.83
1600.59
1597.22
1593.32
1589.18
1584.85
1580.33
1575.59
1570.62
1565.4
1559.97
1554.36
1548.64
1542.89
1537.19
1531.67
1526.45
1521.69
1517.56
1514.27
1512.04
1511.12
1511.8
1514.39
1519.2
1526.58
1536.85
1550.35
1567.32
1587.95
1612.26
1639.95
1670.32
1702.12
1733.65
1763.27
1789.34
1809.13
1818.93
1811.26
1787.86
1815.75
1919.15
1597.51
1599.7
1600.59
1600.05
1597.8
1594.51
1590.73
1586.69
1582.43
1577.92
1573.15
1568.1
1562.78
1557.22
1551.47
1545.58
1539.65
1533.76
1528.01
1522.55
1517.52
1513.09
1509.47
1506.88
1505.57
1505.81
1507.91
1512.17
1518.93
1528.5
1541.15
1557.12
1576.52
1599.32
1625.2
1653.51
1683.18
1712.71
1740.38
1764.77
1785.42
1802.79
1819.33
1843.96
1898.24
1989.92
1594.23
1596.35
1597.24
1596.63
1594.39
1591.2
1587.55
1583.62
1579.42
1574.92
1570.09
1564.94
1559.49
1553.78
1547.84
1541.76
1535.6
1529.46
1523.44
1517.67
1512.29
1507.49
1503.45
1500.4
1498.59
1498.28
1499.77
1503.36
1509.37
1518.09
1529.79
1544.64
1562.76
1584.06
1608.23
1634.7
1662.55
1690.61
1717.61
1742.52
1765.54
1789.15
1819.04
1865.45
1936.29
2032.49
1590.45
1592.44
1593.3
1592.63
1590.4
1587.32
1583.81
1580
1575.85
1571.33
1566.43
1561.16
1555.55
1549.64
1543.5
1537.17
1530.74
1524.29
1517.93
1511.79
1506
1500.74
1496.2
1492.59
1490.16
1489.18
1489.93
1492.72
1497.84
1505.59
1516.2
1529.86
1546.62
1566.41
1588.94
1613.68
1639.88
1666.62
1693
1718.44
1743.29
1769.86
1803.41
1853.84
1926.45
2016.94
1586.19
1588.04
1588.83
1588.08
1585.88
1582.91
1579.54
1575.83
1571.71
1567.16
1562.16
1556.74
1550.95
1544.82
1538.42
1531.81
1525.06
1518.26
1511.5
1504.91
1498.63
1492.83
1487.68
1483.41
1480.25
1478.47
1478.36
1480.2
1484.3
1490.93
1500.34
1512.68
1528.02
1546.28
1567.19
1590.29
1614.94
1640.35
1665.84
1691
1716.1
1742.65
1773.95
1817
1875.44
1944.95
1581.47
1583.18
1583.88
1583.05
1580.87
1578.02
1574.78
1571.14
1567.03
1562.41
1557.29
1551.7
1545.69
1539.32
1532.63
1525.69
1518.57
1511.36
1504.14
1497.03
1490.18
1483.73
1477.88
1472.83
1468.82
1466.12
1464.99
1465.74
1468.66
1474.03
1482.09
1493
1506.82
1523.5
1542.79
1564.26
1587.33
1611.31
1635.51
1659.46
1683.06
1706.81
1731.53
1759.26
1788.81
1805.7
1576.33
1577.91
1578.49
1577.57
1575.42
1572.68
1569.54
1565.95
1561.82
1557.11
1551.83
1546.05
1539.8
1533.14
1526.12
1518.82
1511.28
1503.59
1495.84
1488.14
1480.63
1473.45
1466.78
1460.83
1455.84
1452.05
1449.76
1449.25
1450.82
1454.76
1461.32
1470.66
1482.84
1497.88
1515.48
1535.28
1556.7
1579.04
1601.54
1623.41
1643.89
1662.03
1676.07
1680.55
1673.72
1560.5
8.54564
8.54317
8.53863
8.53232
8.52471
8.51584
8.5058
8.4947
8.48261
8.46961
8.45578
8.44119
8.42593
8.41008
8.39374
8.37698
8.35989
8.34256
8.32508
8.30756
8.2901
8.2728
8.25576
8.23909
8.22287
8.2072
8.19218
8.17788
8.1644
8.15179
8.14012
8.12947
8.11988
8.11139
8.10406
8.09791
8.09296
8.08924
8.08675
8.08552
8.54689
8.54424
8.53955
8.53297
8.52531
8.51638
8.50629
8.49514
8.48299
8.46994
8.45606
8.44143
8.42614
8.41026
8.39388
8.37708
8.35995
8.34258
8.32506
8.3075
8.28999
8.27263
8.25553
8.2388
8.22253
8.20682
8.19176
8.17743
8.16391
8.15127
8.13958
8.1289
8.11928
8.11078
8.10344
8.09727
8.09232
8.08859
8.0861
8.08487
8.5491
8.54631
8.5412
8.53456
8.52662
8.51751
8.50729
8.49601
8.48376
8.47061
8.45664
8.44193
8.42656
8.41061
8.39416
8.37729
8.36009
8.34264
8.32504
8.30739
8.28979
8.27234
8.25516
8.23832
8.22195
8.20613
8.19097
8.17654
8.16293
8.15021
8.13844
8.12769
8.11801
8.10945
8.10205
8.09585
8.09086
8.0871
8.0846
8.08335
8.55267
8.54944
8.54397
8.53684
8.52847
8.51913
8.50872
8.49729
8.48489
8.47161
8.45751
8.44268
8.4272
8.41115
8.3946
8.37763
8.36032
8.34276
8.32504
8.30725
8.28951
8.27192
8.25458
8.23759
8.22107
8.2051
8.18979
8.17521
8.16146
8.1486
8.13671
8.12584
8.11606
8.10741
8.09993
8.09366
8.08861
8.08482
8.08229
8.08103
8.55724
8.55393
8.54779
8.53974
8.53081
8.52125
8.51061
8.49898
8.48639
8.47292
8.45865
8.44367
8.42805
8.41187
8.39519
8.37808
8.36063
8.34292
8.32503
8.30707
8.28915
8.27135
8.25381
8.23662
8.21989
8.20371
8.1882
8.17342
8.15948
8.14644
8.13438
8.12335
8.11343
8.10466
8.09707
8.0907
8.08558
8.08173
8.07916
8.07788
8.56397
8.55958
8.55211
8.54425
8.53349
8.52385
8.51294
8.50106
8.48822
8.47452
8.46005
8.44489
8.4291
8.41276
8.39592
8.37865
8.36102
8.34312
8.32503
8.30685
8.28869
8.27065
8.25285
8.2354
8.2184
8.20197
8.18619
8.17116
8.15698
8.14371
8.13143
8.12021
8.11011
8.10118
8.09345
8.08697
8.08175
8.07783
8.07521
8.07391
8.57032
8.56543
8.55716
8.54836
8.53744
8.527
8.51567
8.5035
8.49037
8.4764
8.46168
8.44631
8.43033
8.41381
8.39679
8.37933
8.3615
8.34337
8.32503
8.30659
8.28815
8.26981
8.2517
8.23392
8.2166
8.19985
8.18376
8.16842
8.15394
8.14039
8.12785
8.1164
8.10609
8.09696
8.08907
8.08244
8.0771
8.07309
8.07042
8.06909
8.58186
8.5755
8.56309
8.55313
8.5415
8.53043
8.51869
8.50626
8.49279
8.4785
8.46352
8.44791
8.43173
8.41502
8.3978
8.38013
8.36206
8.34367
8.32504
8.30629
8.28751
8.26882
8.25034
8.23219
8.21448
8.19734
8.18088
8.16518
8.15035
8.13648
8.12363
8.1119
8.10133
8.09198
8.08389
8.07708
8.07161
8.06749
8.06476
8.06339
8.59157
8.58336
8.56952
8.55792
8.54538
8.53383
8.5219
8.50931
8.49544
8.4808
8.46553
8.44968
8.43329
8.41637
8.39894
8.38103
8.3627
8.34401
8.32506
8.30594
8.28678
8.26768
8.24877
8.23018
8.21203
8.19444
8.17754
8.16143
8.1462
8.13194
8.11875
8.10669
8.09582
8.08621
8.07788
8.07088
8.06525
8.06102
8.0582
8.0568
8.6122
8.59794
8.57608
8.56288
8.54887
8.53697
8.52511
8.51266
8.49826
8.48324
8.46766
8.45158
8.43498
8.41786
8.40021
8.38205
8.36343
8.34441
8.32508
8.30556
8.28595
8.26638
8.24698
8.22789
8.20922
8.19113
8.17373
8.15713
8.14145
8.12676
8.11317
8.10073
8.08953
8.07962
8.07103
8.06381
8.058
8.05363
8.05072
8.04928
1570.78
1572.22
1572.66
1571.63
1569.52
1566.86
1563.8
1560.23
1556.04
1551.2
1545.75
1539.73
1533.21
1526.23
1518.85
1511.12
1503.11
1494.88
1486.53
1478.15
1469.88
1461.85
1454.24
1447.26
1441.12
1436.09
1432.44
1430.47
1430.49
1432.79
1437.65
1445.25
1455.71
1468.91
1484.73
1502.75
1522.4
1542.92
1563.34
1582.45
1598.68
1609.08
1609.42
1580.26
1517.18
1151.34
1564.79
1566.11
1566.38
1565.25
1563.15
1560.56
1557.55
1553.95
1549.65
1544.66
1538.99
1532.71
1525.88
1518.55
1510.76
1502.56
1494
1485.17
1476.12
1466.97
1457.82
1448.82
1440.14
1431.95
1424.49
1418
1412.77
1409.1
1407.32
1407.73
1410.64
1416.27
1424.73
1436
1449.91
1466.04
1483.81
1502.36
1520.52
1536.6
1548.27
1550.64
1538.22
1483.86
1388.79
1104.43
1558.44
1559.63
1559.7
1558.45
1556.36
1553.82
1550.8
1547.13
1542.7
1537.51
1531.6
1525.03
1517.86
1510.12
1501.87
1493.14
1483.99
1474.46
1464.64
1454.61
1444.48
1434.37
1424.45
1414.89
1405.9
1397.74
1390.68
1385.04
1381.16
1379.39
1380.05
1383.43
1389.68
1398.79
1410.64
1424.78
1440.61
1457.18
1473.15
1486.47
1494.34
1491.09
1471.52
1414.84
1321.38
1160.12
1551.74
1552.81
1552.66
1551.28
1549.18
1546.64
1543.58
1539.8
1535.19
1529.77
1523.59
1516.69
1509.14
1500.96
1492.2
1482.88
1473.05
1462.76
1452.07
1441.06
1429.82
1418.46
1407.13
1396
1385.27
1375.17
1365.99
1358.06
1351.74
1347.41
1345.47
1346.26
1350.01
1356.77
1366.33
1378.37
1392.25
1406.98
1421.1
1432.43
1438.02
1432.58
1411.26
1362.49
1277.88
1161.1
1544.72
1545.66
1545.27
1543.75
1541.61
1539.05
1535.9
1531.96
1527.14
1521.46
1514.96
1507.7
1499.73
1491.07
1481.74
1471.78
1461.21
1450.07
1438.41
1426.3
1413.82
1401.06
1388.14
1375.23
1362.49
1350.17
1338.53
1327.92
1318.73
1311.4
1306.41
1304.2
1305.11
1309.25
1316.4
1326.13
1338.01
1351.08
1363.91
1374.36
1379.37
1374.33
1354.3
1312.78
1239.4
1138.39
1537.4
1538.21
1537.55
1535.89
1533.69
1531.06
1527.77
1523.63
1518.56
1512.58
1505.74
1498.09
1489.66
1480.47
1470.52
1459.85
1448.47
1436.39
1423.67
1410.35
1396.48
1382.14
1367.44
1352.5
1337.48
1322.59
1308.08
1294.31
1281.68
1270.72
1262.06
1256.22
1253.83
1255.11
1259.88
1267.28
1277.4
1289.08
1301.15
1311.83
1318.05
1315.45
1299.14
1264.78
1205.75
1124.33
1529.8
1530.47
1529.53
1527.7
1525.42
1522.68
1519.22
1514.83
1509.48
1503.17
1495.96
1487.88
1478.95
1469.18
1458.57
1447.12
1434.85
1421.76
1407.87
1393.2
1377.8
1361.71
1345
1327.77
1310.12
1292.25
1274.35
1256.83
1240.07
1224.8
1211.86
1201.76
1195.47
1193.05
1194.06
1199.1
1207.93
1219.05
1231.71
1244.11
1253.33
1255.22
1245.35
1220.46
1177.06
1116.71
1521.93
1522.47
1521.21
1519.22
1516.83
1513.93
1510.25
1505.6
1499.92
1493.26
1485.65
1477.1
1467.64
1457.24
1445.91
1433.63
1420.4
1406.2
1391.03
1374.9
1357.8
1339.75
1320.79
1300.96
1280.29
1258.99
1237.21
1215.57
1194.28
1174.37
1156.86
1142.42
1132.99
1127.3
1123.91
1122.78
1128.22
1138.23
1152.76
1169.03
1183.16
1190.78
1188.93
1175.7
1148.49
1107.57
1513.83
1514.2
1512.63
1510.46
1507.93
1504.85
1500.91
1495.95
1489.94
1482.89
1474.84
1465.8
1455.76
1444.7
1432.59
1419.42
1405.15
1389.76
1373.21
1355.47
1336.49
1316.29
1294.8
1272.07
1248.08
1223.3
1197.75
1172.13
1145.73
1119.27
1093.35
1069.72
1057.02
1046.29
1037.38
1033.85
1036.65
1050.27
1066.86
1090.76
1115.6
1131.61
1137.64
1134.76
1121.09
1096.63
1505.49
1505.7
1503.8
1501.44
1498.76
1495.45
1491.23
1485.94
1479.56
1472.1
1463.59
1454.02
1443.37
1431.6
1418.67
1404.54
1389.16
1372.48
1354.45
1334.97
1313.95
1291.42
1267.27
1241.77
1214.83
1187.02
1157.21
1125.63
1089.06
1036
931.132
761.702
608
484.023
400.606
374.825
396.55
456.981
564.693
728.061
959.502
1048.55
1073.38
1091.18
1094.42
1085.9
1496.94
1496.96
1494.73
1492.18
1489.32
1485.77
1481.24
1475.6
1468.83
1460.94
1451.94
1441.81
1430.52
1418
1404.19
1389.05
1372.51
1354.47
1334.87
1313.59
1290.5
1265.85
1239.52
1211.77
1181.82
1148.94
1109.63
1001.89
740.489
429.972
188.031
1.43476
-0.51383
-0.109026
0.139368
0.146662
-0.0555512
0.0641059
6.31219
34.5599
123.315
288.338
554.193
965.627
1060.3
1073.55
1488.18
1487.98
1485.43
1482.69
1479.65
1475.84
1470.99
1464.99
1457.82
1449.47
1439.95
1429.23
1417.28
1403.99
1389.26
1373.05
1355.31
1335.89
1314.83
1292.01
1267.29
1241.02
1212.5
1180.97
1140.48
991.132
659.736
237.49
-0.866098
-1.5239
-1.43421
-1.10749
-0.822661
-0.375628
0.0744129
-0.173722
-1.00559
-1.95721
-3.11288
-3.42773
-3.37276
-2.86096
7.49519
121.364
355.925
801.661
1479.22
1478.81
1475.96
1473.02
1469.8
1465.72
1460.55
1454.19
1446.59
1437.75
1427.67
1416.35
1403.73
1389.67
1373.96
1356.72
1337.93
1317.34
1295.49
1271.56
1244.85
1215.95
1168.81
990.787
615.969
155.881
-1.71984
-2.05863
-1.83183
-1.79736
-1.64557
-1.3421
-0.990751
1.12672
1.10923
0.526933
-0.193911
-2.31522
-3.75712
-3.80462
-3.78729
-3.70136
-3.66512
-3.62542
-2.99827
53.8562
1469.96
1469.42
1466.34
1463.14
1459.76
1455.42
1449.92
1443.19
1435.17
1425.79
1415.08
1403.17
1389.99
1375.3
1358.64
1340.73
1321.38
1299.55
1277.05
1252.2
1182.04
961.082
557.76
116.149
-2.34886
-2.4077
-2.23823
-2.22895
-2.13733
-2.02801
-1.89105
-0.197151
1.20743
0.849295
0.310325
-0.32215
-2.3851
-3.97524
-4.10597
-4.07384
-4.01641
-3.96863
-3.96599
-4.0245
-4.04574
-4.01297
1460.44
1459.32
1456.39
1453
1449.52
1444.94
1439.15
1432.12
1423.74
1413.76
1402.38
1390.1
1376.8
1361.96
1344.15
1325.56
1306
1266.77
1143.79
857.142
449.032
61.509
-2.84625
-2.69599
-2.57898
-2.58099
-2.50783
-2.42763
-2.36076
-2.2906
-1.58104
0.874537
0.672471
0.283054
-0.800199
-3.46896
-3.85085
-4.07379
-4.20042
-4.21079
-4.16439
-4.11004
-4.08938
-4.13191
-4.20031
-4.28854
1451.12
1448.72
1446.71
1443.32
1439.55
1434.68
1428.67
1421.54
1413.07
1402.54
1390.25
1377.52
1364.18
1350.28
1308.24
1197.52
979.877
616.898
270.913
-3.42388
-2.89773
-2.84515
-2.878
-2.89036
-2.83193
-2.76619
-2.6979
-2.62363
-2.58726
-2.57939
-0.136709
0.511915
0.290291
-0.286743
-3.29586
-3.7018
-3.87229
-4.06059
-4.20279
-4.22998
-4.21211
-4.18231
-4.17373
-4.20561
-4.26357
-4.34224
1442.77
1440.79
1438.51
1434.48
1429.89
1424.56
1418.18
1410.88
1402.79
1388.17
1347.04
1264.66
1122.29
907.985
586.911
296.771
55.3015
-3.10884
-3.40877
-3.2841
-3.19986
-3.1355
-3.10242
-3.06486
-3.0107
-2.9488
-2.88833
-2.83385
-2.83103
-2.64889
0.286483
0.181969
0.0181596
-2.55911
-3.66044
-3.75725
-3.87836
-4.00597
-4.09068
-4.16345
-4.18647
-4.19357
-4.20893
-4.24504
-4.30163
-4.37578
1440.33
1323.37
1357.02
1362.12
1332.3
1278.49
1203.24
1101.13
967.137
784.305
553.724
341.757
164.078
19.4066
-2.67455
-2.94496
-3.12288
-3.19102
-3.29683
-3.33441
-3.3008
-3.26284
-3.24386
-3.22279
-3.192
-3.15239
-3.1109
-3.07936
-3.09848
-3.20795
-0.692154
-0.0327128
-1.29166
-3.5947
-3.73046
-3.80786
-3.9008
-3.99169
-4.05933
-4.11746
-4.15348
-4.18281
-4.21695
-4.26322
-4.32413
-4.39803
1217.59
383.233
443.395
459.781
391.541
298.701
208.499
124.662
50.2977
-2.64897
-2.6354
-2.86221
-3.06305
-3.04782
-2.97689
-3.02224
-3.12746
-3.21467
-3.29316
-3.35079
-3.37324
-3.38578
-3.40005
-3.40807
-3.40561
-3.39285
-3.37417
-3.36236
-3.38687
-3.47684
-2.95167
-0.974926
-2.89609
-3.73274
-3.78792
-3.86036
-3.937
-4.01103
-4.07495
-4.1184
-4.15571
-4.19211
-4.23381
-4.28549
-4.34893
-4.42326
176.791
-2.47782
-2.83728
-2.86551
-2.8997
-2.93501
-2.97477
-3.01713
-3.03816
-2.92246
-2.85559
-2.90519
-2.99418
-3.02812
-3.02798
-3.05995
-3.13367
-3.21972
-3.30935
-3.39715
-3.47081
-3.53116
-3.58089
-3.61918
-3.64776
-3.66589
-3.67371
-3.67905
-3.69552
-3.7284
-3.63813
-3.67836
-3.57047
-3.74302
-3.84994
-3.91509
-3.98069
-4.04357
-4.09836
-4.14304
-4.18346
-4.22393
-4.26914
-4.32274
-4.38634
-4.45965
-2.93349
-2.9754
-2.89972
-2.88854
-2.90733
-2.9322
-2.95839
-2.9816
-2.98864
-2.95191
-2.92235
-2.93981
-2.9838
-3.01863
-3.04625
-3.08919
-3.15885
-3.25029
-3.35985
-3.48131
-3.59845
-3.69856
-3.77794
-3.84029
-3.89519
-3.94251
-3.97403
-3.99378
-3.99893
-3.9757
-3.93435
-3.85738
-3.67228
-3.7985
-3.9178
-3.97482
-4.03241
-4.08813
-4.13835
-4.18263
-4.22458
-4.26783
-4.31571
-4.3708
-4.43445
-4.50668
-2.92858
-2.889
-2.89812
-2.90682
-2.92257
-2.94107
-2.95899
-2.9733
-2.97792
-2.96869
-2.96225
-2.97467
-3.0029
-3.03559
-3.07219
-3.1218
-3.19463
-3.29683
-3.43268
-3.5939
-3.75187
-3.88094
-3.97566
-4.04896
-4.12933
-3.99906
-3.45965
-3.51622
-3.98195
-4.24314
-4.10408
-3.91907
-3.5878
-3.7991
-3.98975
-4.03973
-4.09048
-4.14052
-4.1875
-4.2316
-4.27495
-4.32039
-4.37043
-4.427
-4.49116
-4.56295
-2.9456
-2.92761
-2.92657
-2.93262
-2.94369
-2.95721
-2.97058
-2.98175
-2.98842
-2.99069
-2.99516
-3.00879
-3.03239
-3.0634
-3.10253
-3.15626
-3.23679
-3.35705
-3.52689
-3.73123
-3.92172
-4.06212
-4.15879
-4.21046
-3.79864
-2.97123
-3.1677
-3.21986
-3.40693
-4.41605
-4.29538
-3.90248
-3.67438
-3.76824
-4.04835
-4.10669
-4.15122
-4.19713
-4.24238
-4.28713
-4.33255
-4.38056
-4.43304
-4.49147
-4.55674
-4.6289
-2.97073
-2.95736
-2.9558
-2.96005
-2.9679
-2.97821
-2.98931
-2.99983
-3.00891
-3.01719
-3.02772
-3.044
-3.06747
-3.09853
-3.13899
-3.19634
-3.28667
-3.42639
-3.6291
-3.87244
-4.073
-4.22419
-4.32357
-3.37346
-3.0021
-3.31249
-3.52768
-3.59272
-3.45106
-4.24864
-4.45399
-3.92982
-3.75421
-3.79688
-4.10962
-4.17116
-4.21171
-4.2557
-4.30112
-4.34786
-4.39641
-4.44794
-4.50376
-4.56495
-4.63226
-4.7058
-2.99435
-2.98328
-2.98395
-2.98798
-2.99441
-3.00335
-3.01376
-3.02478
-3.03614
-3.0484
-3.06316
-3.08245
-3.10754
-3.13969
-3.18118
-3.24181
-3.33974
-3.49257
-3.59362
-3.65956
-4.07555
-4.34381
-4.36061
-2.87619
-3.15998
-3.45414
-3.65919
-3.69004
-3.75247
-4.58378
-4.4744
-3.92838
-3.81709
-3.92538
-4.18808
-4.23106
-4.27079
-4.31548
-4.36329
-4.41375
-4.46682
-4.52309
-4.58343
-4.64863
-4.71938
-4.79567
-3.01739
-3.01083
-3.01253
-3.01665
-3.02275
-3.03148
-3.04218
-3.05431
-3.06787
-3.08328
-3.10153
-3.12392
-3.15141
-3.18544
-3.22828
-3.29162
-3.3913
-3.50927
-3.09341
-3.30049
-4.0355
-4.38389
-4.44064
-2.90675
-3.13609
-3.35432
-3.86626
-4.37827
-4.8713
-4.62511
-4.1834
-3.9414
-3.95578
-4.20995
-4.25324
-4.28637
-4.32884
-4.3772
-4.42978
-4.4858
-4.54489
-4.60729
-4.67354
-4.74418
-4.8197
-4.90099
-3.04035
-3.03792
-3.0408
-3.04555
-3.05216
-3.06144
-3.07304
-3.08664
-3.10237
-3.12063
-3.14207
-3.16763
-3.19803
-3.23463
-3.27968
-3.345
-3.44315
-3.24597
-3.02498
-3.29844
-4.06246
-4.36196
-4.42795
-3.14662
-2.98624
-4.27398
-4.58567
-4.56034
-4.41886
-4.06856
-4.18492
-4.29668
-4.27304
-4.27506
-4.30064
-4.34007
-4.38844
-4.44308
-4.50247
-4.56568
-4.63226
-4.70226
-4.77605
-4.85405
-4.93688
-5.02503
-3.06368
-3.06473
-3.06874
-3.07443
-3.082
-3.09229
-3.10511
-3.12038
-3.13828
-3.15918
-3.18364
-3.21235
-3.24593
-3.28551
-3.3333
-3.39902
-3.4933
-3.25725
-2.99278
-3.23731
-3.88898
-4.22084
-3.89512
-3.00858
-2.7955
-4.12054
-4.34376
-4.02943
-3.87373
-3.76471
-4.28036
-4.31965
-4.30237
-4.31607
-4.35024
-4.39746
-4.45354
-4.51612
-4.58372
-4.65546
-4.73092
-4.81008
-4.89316
-4.98052
-5.07278
-5.17019
-3.08762
-3.09132
-3.09625
-3.103
-3.11171
-3.12318
-3.13739
-3.15436
-3.17435
-3.19771
-3.22496
-3.25666
-3.29337
-3.33602
-3.3865
-3.4513
-3.53956
-3.63384
-3.02068
-3.14374
-3.28681
-3.46723
-3.02911
-3.12974
-3.2679
-3.31326
-3.60565
-3.83978
-3.96494
-4.38894
-4.36942
-4.33802
-4.33766
-4.36323
-4.40694
-4.46291
-4.52761
-4.59896
-4.67571
-4.75718
-4.84301
-4.93313
-5.02766
-5.12678
-5.23082
-5.33958
-3.11198
-3.11764
-3.12312
-3.13089
-3.14075
-3.15342
-3.16901
-3.18761
-3.20954
-3.23512
-3.26483
-3.29918
-3.33872
-3.38416
-3.43692
-3.50088
-3.58228
-3.68279
-3.66015
-3.0737
-3.18709
-3.33857
-3.63316
-3.989
-4.15167
-4.23824
-4.47481
-4.46428
-4.43005
-4.39423
-4.36919
-4.36417
-4.38256
-4.42113
-4.47476
-4.53952
-4.61293
-4.69348
-4.78023
-4.87266
-4.97047
-5.07366
-5.1824
-5.29668
-5.41685
-5.54226
-3.13636
-3.14332
-3.14909
-3.15772
-3.16861
-3.1824
-3.19927
-3.21937
-3.24299
-3.27048
-3.30226
-3.3388
-3.38061
-3.42824
-3.48271
-3.54619
-3.62198
-3.71196
-3.81619
-3.8519
-3.64684
-4.09557
-4.21325
-4.28304
-4.34157
-4.38337
-4.40304
-4.40472
-4.39766
-4.38976
-4.39131
-4.40835
-4.44235
-4.49191
-4.55457
-4.62802
-4.71056
-4.80105
-4.89879
-5.00342
-5.11482
-5.23316
-5.35887
-5.49201
-5.63406
-5.7847
-3.16023
-3.16787
-3.17379
-3.18308
-3.19485
-3.20961
-3.22759
-3.24896
-3.27402
-3.30307
-3.3365
-3.37472
-3.41817
-3.46728
-3.5227
-3.5855
-3.65712
-3.73842
-3.82821
-3.92202
-4.01718
-4.10245
-4.17752
-4.24403
-4.29971
-4.34161
-4.36669
-4.38549
-4.39877
-4.41256
-4.43354
-4.46666
-4.51342
-4.57339
-4.64547
-4.72834
-4.82086
-4.92226
-5.03214
-5.15035
-5.27698
-5.41233
-5.55707
-5.71138
-5.87784
-6.05789
-3.18293
-3.19075
-3.19678
-3.20654
-3.21901
-3.23458
-3.25349
-3.27592
-3.30214
-3.33243
-3.36711
-3.40654
-3.45107
-3.501
-3.55668
-3.61852
-3.68706
-3.76222
-3.84254
-3.92664
-4.00951
-4.0868
-4.158
-4.22215
-4.27791
-4.32369
-4.36037
-4.39167
-4.42026
-4.45065
-4.48762
-4.53483
-4.59374
-4.66447
-4.74669
-4.83984
-4.94333
-5.05682
-5.18018
-5.31352
-5.45714
-5.61135
-5.77688
-5.95381
-6.14347
-6.34896
-3.2038
-3.21143
-3.2176
-3.22768
-3.24071
-3.25693
-3.27661
-3.29991
-3.32706
-3.35832
-3.39393
-3.43418
-3.47932
-3.52953
-3.58495
-3.64567
-3.71169
-3.78257
-3.85716
-3.93391
-4.00994
-4.08264
-4.15123
-4.21482
-4.27258
-4.3241
-4.37002
-4.41251
-4.45456
-4.49964
-4.55094
-4.61115
-4.68186
-4.76373
-4.85696
-4.96151
-5.0773
-5.20431
-5.34273
-5.49294
-5.65547
-5.83071
-6.01934
-6.22119
-6.43624
-6.66511
-3.22228
-3.22951
-3.23585
-3.24616
-3.2596
-3.27635
-3.29664
-3.32063
-3.34852
-3.38051
-3.4168
-3.45758
-3.503
-3.55315
-3.60802
-3.66754
-3.73145
-3.79921
-3.86984
-3.94207
-4.01424
-4.08478
-4.15275
-4.21752
-4.27857
-4.33598
-4.39053
-4.44391
-4.49836
-4.55647
-4.62073
-4.69337
-4.77603
-4.86973
-4.97505
-5.09235
-5.22191
-5.3641
-5.51938
-5.68853
-5.87236
-6.0717
-6.28769
-6.52003
-6.77019
-7.03485
-3.2379
-3.24464
-3.25117
-3.26161
-3.27536
-3.29251
-3.31328
-3.33779
-3.36623
-3.39874
-3.4355
-3.47661
-3.52213
-3.57208
-3.62635
-3.68478
-3.74704
-3.8126
-3.88069
-3.95038
-4.0206
-4.09042
-4.15911
-4.22621
-4.29156
-4.35539
-4.41845
-4.48202
-4.54785
-4.61802
-4.69464
-4.77964
-4.87469
-4.98103
-5.09954
-5.23092
-5.37577
-5.53477
-5.70879
-5.89905
-6.10685
-6.33388
-6.58254
-6.85461
-7.15895
-7.49447
-3.25029
-3.25652
-3.26321
-3.27375
-3.2877
-3.30515
-3.32625
-3.35114
-3.37997
-3.41286
-3.44992
-3.4912
-3.53673
-3.58643
-3.64018
-3.69775
-3.75882
-3.82296
-3.88959
-3.95806
-4.02771
-4.09795
-4.16835
-4.23865
-4.30886
-4.37927
-4.45055
-4.52375
-4.60034
-4.68203
-4.77068
-4.86814
-4.97606
-5.09585
-5.22862
-5.37533
-5.53686
-5.71426
-5.90879
-6.12223
-6.35644
-6.61417
-6.89896
-7.21631
-7.58397
-8.01483
-3.25913
-3.2649
-3.27172
-3.28231
-3.29639
-3.31402
-3.33536
-3.36051
-3.38961
-3.42274
-3.45997
-3.50134
-3.54681
-3.59628
-3.64961
-3.70657
-3.76689
-3.83022
-3.89618
-3.96435
-4.03436
-4.10587
-4.17869
-4.25272
-4.32807
-4.40505
-4.48428
-4.56669
-4.65355
-4.74639
-4.84694
-4.95699
-5.07824
-5.21221
-5.36017
-5.5233
-5.70279
-5.9
-6.1167
-6.3552
-6.61794
-6.90857
-7.23131
-7.59362
-8.01348
-8.50622
-3.26417
-3.26953
-3.27644
-3.28705
-3.3012
-3.31895
-3.34043
-3.36574
-3.39499
-3.42826
-3.46558
-3.50696
-3.55235
-3.60163
-3.65465
-3.71123
-3.77114
-3.83415
-3.90002
-3.96854
-4.03953
-4.11288
-4.18854
-4.26656
-4.34712
-4.43056
-4.51746
-4.60869
-4.70546
-4.80917
-4.92151
-5.04428
-5.17922
-5.32792
-5.49181
-5.67227
-5.87073
-6.08899
-6.32927
-6.5944
-6.88744
-7.21279
-7.57566
-7.98464
-8.45503
-8.98742
-3.26519
-3.27021
-3.27717
-3.28777
-3.30194
-3.31975
-3.34129
-3.36668
-3.396
-3.42932
-3.46666
-3.508
-3.55328
-3.6024
-3.65522
-3.71159
-3.77136
-3.8344
-3.90059
-3.96989
-4.04228
-4.11778
-4.1965
-4.27857
-4.36426
-4.45393
-4.54818
-4.64787
-4.75417
-4.86849
-4.99249
-5.12801
-5.27682
-5.44062
-5.62096
-5.81938
-6.03761
-6.27785
-6.54275
-6.83556
-7.15991
-7.52105
-7.92533
-8.38387
-8.91593
-9.51501
-3.26201
-3.26675
-3.27372
-3.2843
-3.29846
-3.31626
-3.33781
-3.3632
-3.39251
-3.42581
-3.46309
-3.50434
-3.5495
-3.59847
-3.65116
-3.70745
-3.76726
-3.83055
-3.89733
-3.96766
-4.04165
-4.11945
-4.20124
-4.28728
-4.37789
-4.47349
-4.57471
-4.68246
-4.7979
-4.92249
-5.05792
-5.20606
-5.36876
-5.54779
-5.74483
-5.96163
-6.20019
-6.46302
-6.75307
-7.07388
-7.42936
-7.82557
-8.26891
-8.77557
-9.36558
-10.0236
-3.25448
-3.25899
-3.26596
-3.27649
-3.2906
-3.30834
-3.32983
-3.35516
-3.3844
-3.41759
-3.45475
-3.49586
-3.54086
-3.58969
-3.64226
-3.69854
-3.7585
-3.82217
-3.88967
-3.96113
-4.03677
-4.11683
-4.20159
-4.29137
-4.38657
-4.4877
-4.59544
-4.71077
-4.83488
-4.96929
-5.11577
-5.27623
-5.4526
-5.64675
-5.86055
-6.09599
-6.35526
-6.64104
-6.95646
-7.305
-7.69036
-8.11847
-8.59405
-9.13891
-9.75914
-10.4353
-3.24248
-3.2468
-3.25375
-3.2642
-3.27822
-3.29587
-3.31725
-3.34244
-3.37153
-3.40455
-3.44151
-3.48241
-3.5272
-3.57584
-3.6283
-3.68457
-3.7447
-3.80879
-3.87701
-3.94958
-4.02679
-4.10895
-4.19641
-4.2896
-4.38896
-4.49511
-4.60883
-4.73115
-4.86332
-5.00696
-5.16394
-5.33617
-5.52575
-5.73473
-5.96518
-6.21936
-6.49965
-6.8088
-7.14999
-7.52636
-7.9408
-8.39726
-8.89781
-9.46214
-10.0737
-10.7227
-3.22591
-3.23006
-3.23696
-3.24731
-3.26121
-3.27871
-3.29992
-3.32492
-3.35378
-3.38654
-3.42322
-3.46383
-3.50833
-3.55672
-3.60901
-3.66523
-3.72549
-3.78993
-3.85879
-3.93234
-4.01091
-4.09487
-4.18466
-4.28079
-4.38379
-4.49435
-4.61338
-4.74196
-4.88146
-5.03355
-5.20019
-5.38343
-5.58555
-5.80882
-6.05561
-6.32848
-6.6301
-6.96339
-7.33148
-7.73737
-8.18308
-8.66952
-9.19601
-9.76569
-10.3493
-10.8918
-3.20467
-3.20866
-3.21549
-3.22572
-3.23946
-3.25677
-3.27775
-3.30248
-3.33103
-3.36344
-3.39975
-3.43997
-3.48409
-3.53214
-3.58415
-3.64022
-3.70048
-3.76514
-3.83445
-3.90873
-3.98835
-4.07374
-4.16539
-4.26388
-4.36986
-4.48411
-4.60764
-4.74161
-4.88748
-5.04701
-5.22221
-5.4154
-5.6291
-5.86584
-6.12839
-6.41967
-6.74288
-7.10131
-7.49842
-7.93751
-8.42072
-8.94748
-9.516
-10.1159
-10.704
-11.2083
-3.17866
-3.18252
-3.18925
-3.19933
-3.21287
-3.22994
-3.25063
-3.27502
-3.30317
-3.33515
-3.37098
-3.41069
-3.4543
-3.50188
-3.55349
-3.60925
-3.66934
-3.73399
-3.80349
-3.87817
-3.95844
-4.04477
-4.1377
-4.23787
-4.34606
-4.46314
-4.5902
-4.7285
-4.87957
-5.04523
-5.22764
-5.42939
-5.65328
-5.90227
-6.17952
-6.48854
-6.83319
-7.21768
-7.64639
-8.12354
-8.65266
-9.23533
-9.87072
-10.5538
-11.2337
-11.7358
-3.14785
-3.15155
-3.15817
-3.16807
-3.18138
-3.19816
-3.21849
-3.24246
-3.27013
-3.30156
-3.33679
-3.37586
-3.41884
-3.46578
-3.5168
-3.57205
-3.63174
-3.6961
-3.76545
-3.84012
-3.92056
-4.00725
-4.1008
-4.20192
-4.31144
-4.43027
-4.55972
-4.7011
-4.85593
-5.02613
-5.21409
-5.42258
-5.65478
-5.91413
-6.20434
-6.52964
-6.89479
-7.30541
-7.76756
-8.28741
-8.87085
-9.52368
-10.2504
-11.05
-11.918
-12.3401
-3.1122
-3.11571
-3.1222
-3.13189
-3.14493
-3.16136
-3.18127
-3.20473
-3.23182
-3.26258
-3.29709
-3.33538
-3.37754
-3.42367
-3.4739
-3.5284
-3.58739
-3.65112
-3.71991
-3.79412
-3.87416
-3.96058
-4.05403
-4.15527
-4.26524
-4.38446
-4.51503
-4.658
-4.8149
-4.98779
-5.17922
-5.39219
-5.63019
-5.89717
-6.19757
-6.53654
-6.92007
-7.35534
-7.84953
-8.41496
-9.0596
-9.79395
-10.6307
-11.5765
-12.6078
-13.1321
-3.07167
-3.07495
-3.08129
-3.09076
-3.10347
-3.11949
-3.1389
-3.16177
-3.18816
-3.21815
-3.25178
-3.28914
-3.33031
-3.37541
-3.4246
-3.47807
-3.53604
-3.59877
-3.66656
-3.73976
-3.81881
-3.90425
-3.99674
-4.0971
-4.20625
-4.32521
-4.45538
-4.59812
-4.75513
-4.92852
-5.12094
-5.33557
-5.57618
-5.84715
-6.1537
-6.50213
-6.9003
-7.35785
-7.8742
-8.48561
-9.19433
-10.0185
-10.9819
-12.1046
-13.3213
-14.0223
-3.0262
-3.02929
-3.03545
-3.04465
-3.05699
-3.07254
-3.09137
-3.11354
-3.13914
-3.16821
-3.20084
-3.23708
-3.27707
-3.32092
-3.36881
-3.42094
-3.47753
-3.53884
-3.60515
-3.6768
-3.75422
-3.83793
-3.92863
-4.02713
-4.1344
-4.25151
-4.37973
-4.52047
-4.67548
-4.84691
-5.03744
-5.25037
-5.48963
-5.75991
-6.06695
-6.41786
-6.82159
-7.28922
-7.83379
-8.47766
-9.24204
-10.1548
-11.255
-12.5866
-14.0764
-15.1604
-2.97577
-2.97874
-2.98468
-2.99356
-3.00548
-3.02049
-3.03866
-3.06006
-3.08474
-3.11278
-3.14423
-3.1792
-3.2178
-3.26017
-3.30649
-3.35696
-3.4118
-3.47126
-3.53559
-3.60512
-3.68025
-3.7615
-3.84953
-3.94517
-4.04936
-4.16316
-4.28778
-4.42461
-4.57537
-4.74217
-4.92769
-5.13518
-5.36857
-5.63267
-5.93347
-6.27866
-6.67817
-7.14499
-7.69635
-8.35627
-9.1557
-10.1366
-11.3634
-12.9264
-14.8051
-16.4745
-2.92046
-2.9233
-2.929
-2.93753
-2.94898
-2.96338
-2.98081
-3.00133
-3.025
-3.05187
-3.08201
-3.11553
-3.15254
-3.19319
-3.23767
-3.28616
-3.33888
-3.39605
-3.45791
-3.52475
-3.59695
-3.67499
-3.7595
-3.85127
-3.9512
-4.06028
-4.17965
-4.31064
-4.45486
-4.61434
-4.79162
-4.98975
-5.21248
-5.46444
-5.75151
-6.08139
-6.46423
-6.91359
-7.44801
-8.09368
-8.88748
-9.88314
-11.1686
-12.8877
-15.1685
-17.8568
-2.86031
-2.86303
-2.86847
-2.87661
-2.88753
-2.90127
-2.91789
-2.93745
-2.95998
-2.98557
-3.01426
-3.04616
-3.08139
-3.12009
-3.16245
-3.20865
-3.25889
-3.31335
-3.37227
-3.43588
-3.50452
-3.57864
-3.65883
-3.74578
-3.84032
-3.94336
-4.05591
-4.1792
-4.31472
-4.4643
-4.63022
-4.81522
-5.02262
-5.25658
-5.52244
-5.82723
-6.18024
-6.59392
-7.08546
-7.67943
-8.41165
-9.33632
-10.5447
-12.1984
-14.5229
-17.6677
-2.79544
-2.79802
-2.80317
-2.81089
-2.82124
-2.83425
-2.84999
-2.8685
-2.88981
-2.91399
-2.9411
-2.97123
-3.00449
-3.04104
-3.08103
-3.12464
-3.17205
-3.22342
-3.27893
-3.33881
-3.40333
-3.47289
-3.548
-3.62927
-3.71742
-3.81323
-3.91758
-4.03154
-4.15641
-4.29379
-4.44561
-4.61414
-4.80213
-5.01301
-5.25119
-5.52243
-5.83424
-6.19654
-6.6228
-7.13199
-7.75132
-8.52113
-9.50562
-10.8185
-12.652
-15.2517
-2.72594
-2.72837
-2.73322
-2.74048
-2.75022
-2.76246
-2.77725
-2.79463
-2.81463
-2.83731
-2.86271
-2.89093
-2.92206
-2.95626
-2.99365
-3.03441
-3.07867
-3.12659
-3.17831
-3.23401
-3.29391
-3.35835
-3.42774
-3.5026
-3.5835
-3.67109
-3.76609
-3.86939
-3.98205
-4.10538
-4.24091
-4.39038
-4.55587
-4.73992
-4.94579
-5.17766
-5.44077
-5.74181
-6.08958
-6.49581
-6.9762
-7.55174
-8.24944
-9.11028
-10.2189
-11.6929
-2.65197
-2.65423
-2.65876
-2.66554
-2.67463
-2.68604
-2.69983
-2.71602
-2.73463
-2.75571
-2.77931
-2.80549
-2.83436
-2.86603
-2.90063
-2.9383
-2.97916
-3.02333
-3.07092
-3.12206
-3.17693
-3.23578
-3.29894
-3.3668
-3.43981
-3.51844
-3.60326
-3.69492
-3.79426
-3.90226
-4.02003
-4.14879
-4.28991
-4.44504
-4.61627
-4.80614
-5.0177
-5.25458
-5.5213
-5.82335
-6.16715
-6.55978
-7.00765
-7.51688
-8.10291
-8.77201
-2.57368
-2.57578
-2.57997
-2.58624
-2.59464
-2.6052
-2.61793
-2.63287
-2.65003
-2.66944
-2.69114
-2.71519
-2.74168
-2.77069
-2.80234
-2.83674
-2.87399
-2.91418
-2.95737
-3.00366
-3.05317
-3.10609
-3.16264
-3.2231
-3.28778
-3.35699
-3.4311
-3.51057
-3.59599
-3.68801
-3.78735
-3.89472
-4.01088
-4.13668
-4.27314
-4.42143
-4.58275
-4.75835
-4.94956
-5.15755
-5.38284
-5.62458
-5.87968
-6.14269
-6.40477
-6.63981
-2.49127
-2.4932
-2.49704
-2.50278
-2.51048
-2.52013
-2.53177
-2.54541
-2.56107
-2.57876
-2.5985
-2.62035
-2.64436
-2.67062
-2.6992
-2.73021
-2.7637
-2.79974
-2.83835
-2.87959
-2.92353
-2.97029
-3.02
-3.07284
-3.12897
-3.18855
-3.25179
-3.31893
-3.39031
-3.46632
-3.54731
-3.63357
-3.72535
-3.82284
-3.92627
-4.03574
-4.15115
-4.27214
-4.39804
-4.52756
-4.65827
-4.78596
-4.90417
-5.00426
-5.07235
-5.08195
-2.40495
-2.4067
-2.41018
-2.41538
-2.42234
-2.43107
-2.44159
-2.45391
-2.46803
-2.48396
-2.50171
-2.52131
-2.5428
-2.56624
-2.59169
-2.61922
-2.64887
-2.68066
-2.7146
-2.75069
-2.78896
-2.82945
-2.87225
-2.91741
-2.96498
-3.015
-3.06749
-3.12253
-3.18024
-3.24074
-3.30413
-3.37035
-3.43925
-3.5106
-3.58403
-3.65897
-3.73452
-3.80942
-3.88196
-3.94978
-4.00946
-4.0562
-4.08355
-4.08354
-4.04507
-3.95171
-2.31494
-2.3165
-2.31961
-2.32427
-2.33048
-2.33828
-2.34766
-2.35864
-2.37121
-2.38536
-2.40109
-2.41842
-2.43737
-2.45798
-2.48029
-2.50432
-2.53011
-2.55763
-2.58688
-2.61781
-2.65042
-2.68469
-2.72063
-2.75822
-2.79742
-2.83814
-2.88028
-2.92377
-2.96853
-3.0145
-3.06154
-3.10937
-3.15759
-3.20565
-3.25287
-3.29831
-3.34069
-3.37837
-3.4093
-3.43088
-3.43979
-3.43181
-3.40183
-3.3438
-3.25015
-3.11192
-2.22147
-2.22285
-2.22559
-2.22969
-2.23516
-2.24201
-2.25026
-2.25989
-2.27091
-2.28328
-2.29701
-2.31209
-2.32851
-2.34631
-2.36549
-2.38607
-2.40803
-2.43135
-2.45597
-2.48184
-2.50889
-2.53708
-2.56636
-2.59663
-2.6278
-2.65968
-2.69208
-2.72479
-2.75762
-2.79034
-2.82266
-2.85415
-2.88424
-2.91226
-2.93735
-2.95846
-2.97422
-2.98298
-2.98273
-2.97112
-2.94538
-2.90226
-2.83816
-2.74903
-2.63018
-2.4774
-2.1248
-2.126
-2.12837
-2.13191
-2.13663
-2.14255
-2.14967
-2.15797
-2.16745
-2.17808
-2.18983
-2.20269
-2.21664
-2.23168
-2.24781
-2.26501
-2.28325
-2.30248
-2.32263
-2.3436
-2.36532
-2.38768
-2.41059
-2.43394
-2.45754
-2.48118
-2.50459
-2.52748
-2.54956
-2.57051
-2.58992
-2.60729
-2.622
-2.6333
-2.64033
-2.64205
-2.63718
-2.62426
-2.60155
-2.56715
-2.51893
-2.4546
-2.37184
-2.26816
-2.14104
-1.98886
-2.02518
-2.02619
-2.0282
-2.03119
-2.03519
-2.04019
-2.0462
-2.0532
-2.06118
-2.0701
-2.07993
-2.09063
-2.10218
-2.11456
-2.12775
-2.1417
-2.15638
-2.17171
-2.18759
-2.20392
-2.22058
-2.23746
-2.25442
-2.27131
-2.28794
-2.30405
-2.31932
-2.33343
-2.34603
-2.35674
-2.36511
-2.37062
-2.37263
-2.37042
-2.36317
-2.34995
-2.32968
-2.30113
-2.26294
-2.21368
-2.15182
-2.07589
-1.98452
-1.87636
-1.7503
-1.60609
-1.92287
-1.92371
-1.92536
-1.92782
-1.9311
-1.93522
-1.94015
-1.9459
-1.95243
-1.9597
-1.96767
-1.97631
-1.98557
-1.99541
-2.00579
-2.01667
-2.02798
-2.03963
-2.05151
-2.06351
-2.07548
-2.08729
-2.09879
-2.1098
-2.12011
-2.12945
-2.13751
-2.14393
-2.14834
-2.15035
-2.1495
-2.14528
-2.13709
-2.12428
-2.10613
-2.08183
-2.05053
-2.01126
-1.96304
-1.90483
-1.83565
-1.75462
-1.66104
-1.55431
-1.43414
-1.30095
-1.81816
-1.81882
-1.82013
-1.82208
-1.82468
-1.82794
-1.83184
-1.83638
-1.84152
-1.84722
-1.85344
-1.86011
-1.8672
-1.87464
-1.8824
-1.8904
-1.89857
-1.90681
-1.91501
-1.92303
-1.93073
-1.93794
-1.94451
-1.95025
-1.95495
-1.95835
-1.96014
-1.95996
-1.95746
-1.95224
-1.94388
-1.9319
-1.91578
-1.89494
-1.86877
-1.83664
-1.79788
-1.7518
-1.69769
-1.63489
-1.5628
-1.48099
-1.38919
-1.28728
-1.17542
-1.05433
-1.71128
-1.71177
-1.71275
-1.71422
-1.71617
-1.71862
-1.72155
-1.72494
-1.72877
-1.73299
-1.73755
-1.74238
-1.74744
-1.75266
-1.75798
-1.76333
-1.76862
-1.77375
-1.77861
-1.78304
-1.78691
-1.79003
-1.79225
-1.79338
-1.79321
-1.79149
-1.78794
-1.78224
-1.77403
-1.76297
-1.74866
-1.73069
-1.7086
-1.68194
-1.6502
-1.61289
-1.56953
-1.51964
-1.46276
-1.39851
-1.32657
-1.24681
-1.15923
-1.06399
-0.961525
-0.852608
-1.60244
-1.60278
-1.60345
-1.60446
-1.6058
-1.60749
-1.60951
-1.61184
-1.61444
-1.61728
-1.6203
-1.62343
-1.62662
-1.6298
-1.6329
-1.63583
-1.63852
-1.64086
-1.64273
-1.64399
-1.64448
-1.64405
-1.64251
-1.63969
-1.63539
-1.62938
-1.62141
-1.61119
-1.59842
-1.58277
-1.56391
-1.54149
-1.51515
-1.48452
-1.4492
-1.40886
-1.36314
-1.31174
-1.2544
-1.19093
-1.12124
-1.04536
-0.963473
-0.875884
-0.783136
-0.685962
-1.49196
-1.49215
-1.49253
-1.49312
-1.49391
-1.4949
-1.49607
-1.49741
-1.49889
-1.50045
-1.50206
-1.50364
-1.50512
-1.50645
-1.50753
-1.5083
-1.50867
-1.50853
-1.50778
-1.50627
-1.50385
-1.50037
-1.49565
-1.48953
-1.48182
-1.47232
-1.4608
-1.44703
-1.43073
-1.41163
-1.38947
-1.36395
-1.3348
-1.30173
-1.26447
-1.22278
-1.17643
-1.12526
-1.06916
-1.00807
-0.942039
-0.871214
-0.795855
-0.716357
-0.633265
-0.547231
-1.38029
-1.38035
-1.38046
-1.38068
-1.38095
-1.38131
-1.38171
-1.38216
-1.3826
-1.38301
-1.38333
-1.3835
-1.38345
-1.38311
-1.38241
-1.38126
-1.37959
-1.37728
-1.37425
-1.37036
-1.36546
-1.35941
-1.35206
-1.34324
-1.33278
-1.32052
-1.30626
-1.28979
-1.2709
-1.24937
-1.22498
-1.19752
-1.16677
-1.13254
-1.09464
-1.05294
-1.0073
-0.95766
-0.904013
-0.846409
-0.784974
-0.719922
-0.651556
-0.580281
-0.50661
-0.431124
-1.26748
-1.26743
-1.26731
-1.2672
-1.26702
-1.26682
-1.26654
-1.26619
-1.26572
-1.2651
-1.26428
-1.26321
-1.26181
-1.26001
-1.25775
-1.25494
-1.25151
-1.24736
-1.24239
-1.2365
-1.22955
-1.2214
-1.21192
-1.20097
-1.18839
-1.17404
-1.15775
-1.13938
-1.11873
-1.09565
-1.06997
-1.04154
-1.0102
-0.975845
-0.93836
-0.897676
-0.853756
-0.80661
-0.756299
-0.702941
-0.646717
-0.587873
-0.526722
-0.463654
-0.39913
-0.333636
-1.15278
-1.15261
-1.15231
-1.15194
-1.15138
-1.1507
-1.14985
-1.14881
-1.14756
-1.14605
-1.14426
-1.14211
-1.13955
-1.13652
-1.13294
-1.12874
-1.12385
-1.11817
-1.11163
-1.10412
-1.09554
-1.08576
-1.07466
-1.06213
-1.04803
-1.03223
-1.01463
-0.995074
-0.973452
-0.949636
-0.923511
-0.894972
-0.863934
-0.830332
-0.794128
-0.75531
-0.713906
-0.669983
-0.623654
-0.575081
-0.524476
-0.4721
-0.41826
-0.363316
-0.307674
-0.251737
-1.03626
-1.03597
-1.03553
-1.03497
-1.0341
-1.03302
-1.03167
-1.03004
-1.02811
-1.02584
-1.02319
-1.02012
-1.01657
-1.01248
-1.00778
-1.00242
-0.996319
-0.989402
-0.981593
-0.972807
-0.962956
-0.951943
-0.93967
-0.926035
-0.910935
-0.894272
-0.875952
-0.855882
-0.833971
-0.810138
-0.784312
-0.756437
-0.726472
-0.694402
-0.660236
-0.624011
-0.5858
-0.545711
-0.503893
-0.460534
-0.415861
-0.370138
-0.323658
-0.276748
-0.22976
-0.183022
-0.921134
-0.920854
-0.920313
-0.919617
-0.918477
-0.91706
-0.915281
-0.913136
-0.910601
-0.907648
-0.904243
-0.900347
-0.895912
-0.890887
-0.885215
-0.878838
-0.871692
-0.863715
-0.85484
-0.845001
-0.834126
-0.822143
-0.808976
-0.79455
-0.778789
-0.761621
-0.742978
-0.7228
-0.701037
-0.677644
-0.652591
-0.625866
-0.59747
-0.56743
-0.535796
-0.502643
-0.468078
-0.432238
-0.395293
-0.357448
-0.318933
-0.28
-0.240925
-0.201996
-0.163513
-0.125752
-0.810304
-0.810352
-0.809649
-0.808899
-0.807592
-0.80592
-0.803809
-0.801245
-0.798208
-0.794677
-0.790624
-0.786018
-0.78082
-0.774989
-0.768476
-0.761232
-0.753205
-0.744344
-0.734594
-0.723903
-0.712216
-0.699484
-0.685653
-0.670669
-0.654482
-0.637046
-0.618322
-0.598281
-0.576902
-0.55418
-0.530125
-0.50476
-0.478128
-0.450296
-0.421352
-0.391407
-0.360599
-0.329093
-0.297082
-0.264782
-0.23243
-0.200272
-0.168565
-0.137563
-0.107519
-0.07864
-0.697645
-0.698217
-0.697375
-0.696759
-0.695439
-0.693624
-0.691282
-0.688405
-0.684983
-0.681002
-0.676442
-0.671281
-0.665489
-0.659036
-0.651886
-0.644001
-0.635343
-0.625871
-0.615546
-0.604328
-0.592179
-0.579063
-0.564947
-0.549799
-0.533594
-0.51631
-0.497934
-0.478467
-0.457918
-0.43631
-0.413685
-0.390101
-0.365636
-0.340386
-0.314474
-0.288041
-0.261254
-0.234301
-0.207397
-0.180774
-0.154675
-0.12935
-0.105048
-0.0820093
-0.060458
-0.0405832
-0.572784
-0.575546
-0.574963
-0.574445
-0.573105
-0.571155
-0.568603
-0.565457
-0.561716
-0.557373
-0.552418
-0.546835
-0.540606
-0.533713
-0.526133
-0.517843
-0.50882
-0.499039
-0.488474
-0.477099
-0.464892
-0.451835
-0.437913
-0.423116
-0.407443
-0.390899
-0.3735
-0.355271
-0.33625
-0.316489
-0.296056
-0.275036
-0.253531
-0.231666
-0.209583
-0.187447
-0.165442
-0.143774
-0.122667
-0.102364
-0.0831148
-0.0651687
-0.048772
-0.0341632
-0.0215716
-0.0112233
263.408
9.24174
8.70879
8.65875
552.245
76.3152
8.6944
8.6586
814.476
477.869
67.5492
8.69393
935.748
733.926
512.623
79.2946
987.493
838.467
740.957
576.678
1019.02
913.633
832.599
783.935
1042.36
966.644
903.642
861.309
1056.38
1002.78
955.12
919.012
1064.17
1028.56
994.814
966.784
1069.5
1049.23
1028.31
1009.37
1074.05
1067.03
1057.4
1047.6
1078.74
1085.55
1085.79
1082.54
251.359
632.52
1115.23
1120.2
-3.59661
13.4018
211.822
585.27
-4.32456
-4.3281
-3.95894
2.06708
-4.42202
-4.50467
-4.55182
-4.5653
-4.45751
-4.54321
-4.632
-4.72999
-4.47996
-4.56692
-4.65949
-4.74919
-4.50475
-4.59032
-4.68014
-4.77017
-4.53923
-4.62216
-4.70851
-4.79553
-4.58426
-4.66462
-4.74779
-4.83109
-4.63924
-4.71788
-4.79903
-4.88011
-4.70502
-4.78332
-4.86418
-4.94517
-4.78296
-4.86241
-4.94499
-5.02858
-4.87556
-4.95794
-5.04387
-5.13187
-4.98566
-5.07299
-5.16413
-5.25812
-5.1162
-5.21011
-5.30804
-5.40976
-5.27067
-5.37507
-5.48636
-5.60193
-5.45089
-5.56814
-5.69649
-5.8341
-5.66865
-5.79865
-5.94171
-6.09862
-5.93856
-6.10312
-6.29408
-6.52473
-6.24604
-6.46756
-6.74391
-7.07254
-6.56262
-6.80815
-7.07714
-7.34463
-6.89878
-7.13148
-7.31464
-7.34135
-7.30085
-7.53388
-7.71663
-7.74211
-7.85573
-8.17504
-8.44255
-8.64562
-8.54114
-9.08714
-9.70042
-10.1692
-9.10356
-9.74696
-10.6238
-5.42725
-9.51895
-9.91755
-4.6568
-1.1599
-10.0957
-10.6263
-10.456
-9.70304
-10.6901
-11.3548
-11.7716
-1.90148
-10.9874
-11.6897
-12.1969
82.0704
-11.1634
-11.2716
-11.3171
94.5493
-11.2639
-7.52341
-10.9695
46.6734
-10.9862
-7.36966
-8.76496
-10.4935
-12.0249
-9.26658
-10.7233
-11.4111
-12.641
-12.5288
-12.6269
-12.3356
-12.5297
-14.052
-13.8329
-13.0588
-13.7905
-15.4967
-15.2186
24.3413
-15.3148
-16.946
-17.1217
412.461
-17.5928
-19.0594
32.4817
808.691
-20.3173
-22.0641
93.0265
677.214
-21.722
-23.3639
67.5805
258.795
-18.837
-15.2234
4.63286
-4.19163
-13.3662
-13.0377
-10.0202
-11.6698
-9.36818
-9.58309
-9.08337
-8.54166
-6.77159
-6.7177
-6.40371
-5.82819
-4.99795
-4.79832
-4.46269
-3.98359
-3.79097
-3.55719
-3.23959
-2.84242
-2.92727
-2.69805
-2.41946
-2.09734
-2.29392
-2.08339
-1.84306
-1.57906
-1.81674
-1.62838
-1.42125
-1.20271
-1.44917
-1.2832
-1.10709
-0.921865
-1.16004
-1.01431
-0.862034
-0.705037
-0.928871
-0.80124
-0.669489
-0.535249
-0.741499
-0.629854
-0.51578
-0.400602
-0.588048
-0.490647
-0.391981
-0.293092
-0.461447
-0.376861
-0.291831
-0.207123
-0.356559
-0.28361
-0.210772
-0.138627
-0.269478
-0.207147
-0.145481
-0.0846626
-0.197472
-0.145237
-0.0936304
-0.0431277
-0.138128
-0.0952536
-0.0532913
-0.0124925
-0.0899372
-0.0561213
-0.0233853
0.00816264
-0.0518274
-0.0269625
-0.00326617
0.0192867
-0.0229597
-0.00724932
0.00732795
0.0209623
-0.00351476
0.00234292
0.00747893
0.0121944
8.60963
8.60426
8.58161
8.566
8.55137
8.53943
8.52815
8.51643
8.5012
8.48576
8.46989
8.45359
8.43681
8.41949
8.40161
8.38319
8.36425
8.34486
8.32512
8.30513
8.28501
8.2649
8.24495
8.22527
8.20603
8.18736
8.16938
8.15224
8.13603
8.12086
8.1068
8.09395
8.08236
8.0721
8.06322
8.05575
8.04974
8.04522
8.04222
8.04072
8.64461
8.62049
8.58829
8.56789
8.55254
8.54091
8.53112
8.52046
8.50407
8.48829
8.47218
8.45571
8.43878
8.42128
8.40317
8.38446
8.36517
8.34538
8.32516
8.30464
8.28395
8.26323
8.24263
8.2223
8.20239
8.18306
8.16444
8.14666
8.12986
8.11413
8.09955
8.08622
8.0742
8.06356
8.05434
8.04659
8.04036
8.03567
8.03256
8.03101
8.58582
8.61287
8.58574
8.56609
8.55107
8.54074
8.53377
8.52553
8.50672
8.49071
8.47444
8.45789
8.44087
8.42321
8.40488
8.38587
8.36621
8.34596
8.32522
8.30411
8.28276
8.26134
8.24001
8.21894
8.19828
8.1782
8.15885
8.14037
8.1229
8.10653
8.09138
8.07751
8.06501
8.05394
8.04435
8.0363
8.02982
8.02495
8.02171
8.0201
8.64757
8.59964
8.58074
8.56064
8.54635
8.53724
8.53515
8.53177
8.50858
8.49286
8.47663
8.46013
8.44308
8.42531
8.40676
8.38743
8.36736
8.34662
8.32529
8.30351
8.28143
8.25923
8.23707
8.21515
8.19365
8.17274
8.15257
8.1333
8.11507
8.09801
8.08221
8.06775
8.05471
8.04317
8.03317
8.02478
8.01803
8.01296
8.00958
8.0079
123.027
8.59366
8.56494
8.54939
8.53802
8.52468
8.52891
8.53454
8.50736
8.49458
8.4787
8.46245
8.44546
8.42759
8.40882
8.38917
8.36865
8.34735
8.32537
8.30284
8.27994
8.25685
8.23377
8.2109
8.18845
8.1666
8.14552
8.12537
8.10631
8.08846
8.07195
8.05684
8.04322
8.03115
8.02071
8.01195
8.00491
7.99961
7.99609
7.99432
647.921
162.606
8.58444
8.53174
8.52591
8.50217
8.51181
8.52991
8.5202
8.49608
8.48077
8.46502
8.44808
8.43008
8.41108
8.39107
8.37008
8.34817
8.32545
8.30208
8.27825
8.25417
8.23005
8.20612
8.1826
8.15971
8.13762
8.1165
8.09652
8.07781
8.0605
8.04467
8.03041
8.01778
8.00686
7.9977
7.99034
7.9848
7.9811
7.97926
825.194
705.663
207.698
8.68216
8.50586
8.48437
8.5037
8.69555
8.53667
8.49534
8.48364
8.46821
8.45108
8.43284
8.41354
8.39314
8.37164
8.34905
8.32552
8.30121
8.27633
8.25113
8.22585
8.20073
8.17603
8.15197
8.12875
8.10657
8.08558
8.06593
8.04776
8.03115
8.01619
8.00295
7.9915
7.98191
7.9742
7.9684
7.96452
7.96258
889.088
862.692
771.836
268.764
8.88899
8.5036
8.52054
8.862
8.51022
8.49894
8.48842
8.47229
8.45452
8.43583
8.41617
8.39537
8.3733
8.34998
8.32554
8.30018
8.27413
8.24767
8.22108
8.19464
8.16862
8.14327
8.11882
8.09546
8.07337
8.0527
8.03358
8.01613
8.00041
7.98651
7.97451
7.96445
7.95637
7.95029
7.94622
7.94418
943.449
923.843
908.454
845.127
350.285
9.2093
8.62039
8.67021
8.51768
8.50733
8.49472
8.4769
8.45812
8.43886
8.41886
8.39767
8.37502
8.35091
8.32547
8.29892
8.27156
8.2437
8.21565
8.18774
8.16026
8.13348
8.10767
8.08304
8.05975
8.03796
8.01783
7.99946
7.98294
7.96833
7.95573
7.94517
7.9367
7.93031
7.92604
7.9239
992.59
977.897
966.382
956.999
920.926
437.622
11.4646
8.58985
8.53069
8.516
8.50084
8.48076
8.46105
8.4415
8.42138
8.39992
8.37673
8.35177
8.32522
8.29735
8.26852
8.23909
8.20942
8.17987
8.15078
8.12245
8.09515
8.06912
8.04453
8.02156
8.00034
7.98098
7.96359
7.94824
7.935
7.92392
7.91502
7.90832
7.90383
7.90158
1037.59
1027.73
1019.04
1012.7
1006.77
987.623
489.88
15.2939
8.61338
8.54075
8.50739
8.48188
8.46136
8.44286
8.42336
8.40192
8.37828
8.35244
8.32467
8.29534
8.26487
8.23369
8.20222
8.17087
8.14001
8.10997
8.08106
8.05351
8.02753
8.00328
7.98089
7.9605
7.94219
7.92605
7.91213
7.9005
7.89117
7.88413
7.87942
7.87707
1078.42
1074.11
1069.53
1065.11
1062.05
1058.52
1045.51
496.243
14.4151
8.65843
8.52671
8.48008
8.4565
8.44122
8.42419
8.40345
8.37948
8.35275
8.32365
8.2927
8.26041
8.22729
8.19384
8.16051
8.12771
8.09582
8.06516
8.03598
8.00851
7.98289
7.95928
7.9378
7.91853
7.90155
7.88694
7.87473
7.86494
7.85756
7.85263
7.85016
1119.23
1117.39
1117.11
1116.23
1114.69
1113.98
1112.46
1093.8
460.275
12.1416
8.5895
8.48773
8.44751
8.4359
8.42311
8.40415
8.38013
8.35244
8.32191
8.28917
8.25488
8.21962
8.18399
8.14849
8.1136
8.07972
8.04718
8.01626
7.9872
7.96015
7.93526
7.91263
7.89236
7.87453
7.85919
7.84639
7.83613
7.82841
7.82325
7.82067
1147.85
1164.73
1163.7
1164
1165.58
1166.23
1166.99
1164.98
1109.71
376.906
10.2653
8.55549
8.45473
8.43492
8.42172
8.4035
8.37973
8.35114
8.31905
8.28438
8.2479
8.21032
8.17231
8.13448
8.09733
8.06131
8.02679
7.99404
7.96331
7.93476
7.90853
7.88473
7.86344
7.84473
7.82865
7.81524
7.80451
7.79644
7.79105
7.78836
206.771
811.576
1216.8
1214.44
1214.9
1216.35
1217.89
1219.6
1217.19
1064.99
248.428
9.83416
8.56851
8.47298
8.42797
8.40171
8.37713
8.34807
8.31452
8.27781
8.23898
8.19891
8.15836
8.11802
8.07848
8.04021
8.0036
7.96894
7.93648
7.90638
7.87878
7.85378
7.83146
7.81187
7.79506
7.78104
7.76983
7.76142
7.75581
7.753
-4.21112
44.4408
316.363
1062.28
1270.68
1266.6
1266.53
1269.3
1272.42
1268.8
910.821
111.731
9.36731
8.65824
8.45621
8.40031
8.37104
8.34185
8.30744
8.26878
8.22751
8.18481
8.14158
8.09859
8.05654
8.01593
7.97716
7.94054
7.90631
7.87465
7.84567
7.81947
7.79613
7.77567
7.75812
7.74352
7.73184
7.72309
7.71726
7.71435
-4.78028
-4.6642
-3.83262
131.479
735.872
1321.3
1316.72
1317.32
1321.45
1325.74
1321.85
660.623
29.5307
9.07924
8.54609
8.40035
8.36091
8.33116
8.29659
8.25638
8.21267
8.16725
8.12126
8.07555
8.0309
7.9879
7.94695
7.90836
7.87237
7.83915
7.80881
7.78144
7.75709
7.73579
7.71755
7.70237
7.69026
7.68119
7.67515
7.67213
-4.84659
-4.92233
-4.93646
-4.58854
15.1579
393.688
1253.92
1369.13
1368.91
1374.16
1377.74
1260.95
317.896
11.1712
8.80618
8.44675
8.35062
8.31602
8.28079
8.23936
8.19344
8.14528
8.09654
8.04811
8.00088
7.95549
7.91237
7.87184
7.83414
7.79942
7.76778
7.73929
7.714
7.6919
7.67301
7.65731
7.64479
7.63542
7.62919
7.62607
-4.86577
-4.9569
-5.03318
-5.06172
-5.03341
-3.88731
256.152
1157.9
1417.95
1419.65
1425.34
1422.15
879.253
74.798
9.60842
8.642
8.36275
8.2971
8.25871
8.2162
8.16842
8.11789
8.06643
8.01537
7.96564
7.91794
7.87276
7.83039
7.79109
7.75497
7.72212
7.69262
7.66647
7.64366
7.62418
7.60801
7.59512
7.58549
7.5791
7.57589
-4.88502
-4.97242
-5.04701
-5.12733
-5.19275
-5.21306
-4.27091
216.5
1181.21
1463.96
1470.9
1473.74
1378.11
395.605
12.3879
9.05638
8.43055
8.27166
8.2277
8.18508
8.13592
8.08344
8.02968
7.97624
7.92423
7.87443
7.82736
7.78335
7.7426
7.70525
7.67137
7.64098
7.6141
7.59068
7.5707
7.55414
7.54096
7.53111
7.52457
7.5213
-4.91597
-4.99885
-5.07178
-5.14055
-5.20803
-5.25364
-5.25683
-4.27521
344.416
1339.86
1510.77
1519.71
1515.52
893.507
64.6605
9.79108
8.5969
8.25925
8.18729
8.14396
8.09414
8.04041
7.98493
7.92953
7.8756
7.82403
7.77538
7.72999
7.68807
7.64972
7.615
7.58393
7.55647
7.53259
7.51224
7.49538
7.48198
7.47197
7.46533
7.462
-4.96294
-5.04272
-5.11039
-5.16687
-5.21803
-5.26349
-5.2948
-5.25563
-3.94254
700.539
1502.9
1563.06
1558.26
1297.1
272.32
11.8055
8.98759
8.28983
8.13815
8.08986
8.04139
7.98709
7.93065
7.87393
7.81861
7.76575
7.71596
7.66958
7.62682
7.58778
7.55251
7.52099
7.49318
7.46901
7.44844
7.43141
7.41787
7.40777
7.40107
7.39771
-5.02826
-5.1067
-5.16816
-5.21314
-5.25356
-5.29613
-5.33188
-5.3722
-5.30159
64.7045
1167.4
1591.37
1601.44
1552.39
595.457
16.638
9.60034
8.35633
8.08045
8.02082
7.97516
7.92175
7.86523
7.80805
7.75207
7.69856
7.64821
7.60137
7.55822
7.51889
7.4834
7.45174
7.42382
7.39958
7.37896
7.3619
7.34835
7.33824
7.33153
7.32817
-5.11554
-5.19721
-5.25533
-5.28947
-5.31978
-5.36283
-5.41276
-5.47145
-5.6225
-5.43516
649.626
1553.06
1644.48
1621.97
911.578
53.7278
9.7536
8.42107
8.02028
7.93871
7.89424
7.84273
7.78703
7.73045
7.67476
7.62144
7.57127
7.52459
7.48163
7.44249
7.4072
7.37574
7.34801
7.32396
7.3035
7.28658
7.27313
7.2631
7.25644
7.25311
-5.22606
-5.31528
-5.37155
-5.39546
-5.42908
-5.48677
-5.55766
-5.61735
-5.74733
-5.82954
206.119
1383.36
1669.3
1654.39
1150.54
139.435
10.7122
8.58829
7.97616
7.84577
7.79756
7.74813
7.69441
7.63972
7.58551
7.53342
7.48432
7.43859
7.39647
7.35808
7.32347
7.29261
7.26542
7.24183
7.22176
7.20516
7.19197
7.18213
7.17559
7.17232
-5.36372
-5.4727
-5.53232
-5.52868
-5.56746
-5.65197
-5.76333
-5.83954
-5.93425
-6.05452
-4.21656
1085.54
1667.82
1689.63
1381.51
295.415
12.387
8.88247
7.93983
7.73626
7.68213
7.63555
7.58565
7.53453
7.48326
7.43365
7.38668
7.34279
7.30226
7.26526
7.23186
7.20205
7.17577
7.15295
7.13353
7.11745
7.10467
7.09512
7.08878
7.08561
-5.53467
-5.6796
-5.71978
-4.81551
-4.83189
-5.90379
-6.14029
-6.19933
-6.24212
-6.46375
-6.27894
761.777
1645.75
1720.74
1591.53
538.891
14.4236
9.25763
7.88628
7.60267
7.54331
7.50234
7.45911
7.41373
7.36715
7.32148
7.27784
7.23677
7.19865
7.16373
7.13211
7.10383
7.07884
7.05712
7.03861
7.02328
7.01106
7.00193
6.99587
6.99283
-5.74066
-5.92983
-5.23592
-3.4526
-3.62306
-3.89276
-6.3412
-6.7546
-6.69467
-6.83844
-7.19399
489.21
1611.28
1749.08
1656.39
678.18
18.5754
9.45773
7.76729
7.4346
7.37731
7.34667
7.31378
7.27662
7.23671
7.19658
7.15754
7.12032
7.08547
7.05333
7.02409
6.99781
6.97454
6.95424
6.93692
6.92254
6.91107
6.90248
6.89677
6.89391
-6.01258
-6.31558
-6.69084
-4.76167
-4.11265
-4.36526
-5.41606
-7.24256
-7.16251
-7.04694
-7.20027
316.195
1571.46
1769.82
1672.87
675.814
18.1854
9.35896
7.56302
7.22732
7.18323
7.16887
7.14977
7.1233
7.09207
7.05905
7.02586
6.99352
6.96278
6.93411
6.9078
6.88401
6.86283
6.8443
6.82843
6.81521
6.80465
6.79672
6.79144
6.78879
-6.32795
-6.7603
-7.22734
-7.12359
-4.44419
-4.76033
-5.10343
-6.94938
-7.6042
-7.23937
-7.13675
324.337
1579.19
1785.19
1636.02
576.292
15.1589
8.87503
7.26073
6.98135
6.96329
6.97113
6.96861
6.95491
6.93406
6.9095
6.88327
6.85672
6.83084
6.80626
6.78342
6.76256
6.74385
6.72738
6.71321
6.70136
6.69186
6.6847
6.67992
6.67752
-6.9145
-7.57485
-8.11969
-8.17087
-5.85824
-5.18531
-5.55174
-6.73548
-7.99271
-7.50987
-7.37378
384.234
1571.37
1803.1
1472.21
352.13
12.3385
7.97667
6.87685
6.70528
6.72643
6.75843
6.77352
6.77372
6.7643
6.74911
6.73063
6.71057
6.69016
6.67022
6.65129
6.63374
6.6178
6.60366
6.59142
6.58113
6.57283
6.56653
6.56232
6.56019
-7.27141
-8.38277
-9.63405
-9.41662
-8.39696
-5.47571
-5.75123
-7.60406
-8.31711
-7.69285
-7.37624
690.266
1619.6
1824.13
1152.85
141.18
9.44617
7.12962
6.48897
6.42765
6.48439
6.53782
6.56903
6.58282
6.585
6.57955
6.56921
6.55603
6.5415
6.52658
6.5119
6.49794
6.48504
6.47345
6.46333
6.45475
6.44776
6.44241
6.4388
6.43698
-1.5512
1.49487
-6.90929
-10.8572
-9.76553
-7.74182
-7.81379
-8.82546
-8.51102
-7.86899
38.6766
1321.95
1690.27
1720.29
816.998
47.4676
8.19676
6.54762
6.14898
6.16473
6.24664
6.31513
6.35937
6.38532
6.39848
6.40255
6.40035
6.39422
6.38577
6.37608
6.36585
6.35566
6.34598
6.33713
6.32929
6.32255
6.31695
6.31259
6.30962
6.30811
3.99254
2.32234
-1.49169
-10.5297
-10.2183
-9.45056
-9.24856
-9.05578
-8.6026
-8.0469
480.484
1648.51
1677.32
1550.32
452.839
13.2144
7.43998
6.07852
5.86441
5.91835
6.01501
6.09307
6.1475
6.18381
6.20672
6.21961
6.22536
6.22628
6.224
6.2196
6.21388
6.20757
6.20122
6.19521
6.18973
6.18487
6.18072
6.1774
6.1751
6.17393
-5.35222
4.611
2.06293
-9.01063
-10.1534
-9.56984
-9.26276
-8.93808
-8.60337
109.572
1319.47
1654.4
1690.75
988.988
119.491
8.74642
6.43041
5.69526
5.59472
5.68225
5.7883
5.87296
5.93533
5.98018
6.01154
6.03255
6.04587
6.05361
6.05729
6.05807
6.05686
6.05444
6.05143
6.04822
6.04507
6.04208
6.03939
6.03716
6.03558
6.03478
-8.82431
-5.73954
0.664209
-7.54237
-9.66297
-9.40148
-9.09738
-8.32314
6.42055
870.995
1573.79
1653.29
1160.92
239.486
21.0853
8.02409
5.82844
5.34741
5.34583
5.45689
5.56699
5.65585
5.72448
5.7765
5.81521
5.84344
5.86357
5.87752
5.88677
5.89251
5.89568
5.89706
5.89727
5.89675
5.89581
5.89464
5.89342
5.89232
5.89152
5.89113
-10.1841
-9.87263
-8.30063
-7.73009
-9.13909
-9.11516
-8.46721
-7.81973
508.514
1431.29
1530.43
1170.06
289.861
21.7161
10.7451
6.38178
5.21293
5.03828
5.11766
5.24058
5.35174
5.44321
5.51641
5.57408
5.61893
5.65339
5.67952
5.69908
5.71346
5.72381
5.73108
5.73604
5.73932
5.74139
5.7426
5.74322
5.74345
5.74346
5.74343
5.74342
-7.11579
-10.6435
-9.93071
-9.39678
-9.15749
-8.8567
-7.90809
342.976
1211.13
1412.38
1084.38
305.685
24.8983
10.639
6.3963
5.06576
4.74653
4.78174
4.9048
5.03175
5.14273
5.23561
5.31189
5.37383
5.42366
5.46336
5.49471
5.51922
5.5382
5.55274
5.56377
5.57206
5.57823
5.58278
5.58609
5.58845
5.59008
5.59116
5.59184
5.59219
-2.26508
-9.81609
-10.4479
-9.86907
-9.33113
-8.77729
288.186
1026.46
1235.18
944.994
271.833
24.5571
11.7123
6.56051
4.82859
4.44781
4.45384
4.56981
4.7049
4.83051
4.94005
5.03327
5.11154
5.17665
5.23038
5.27436
5.31006
5.33882
5.36182
5.3801
5.39454
5.40588
5.41474
5.42161
5.42689
5.43089
5.43383
5.4359
5.43725
5.43794
-10.1299
-10.2686
-10.0777
-7.67838
-7.01346
297.733
965.847
1072.53
951.054
268.068
20.7134
10.6914
6.53985
4.69195
4.17632
4.13944
4.24327
4.37956
4.51397
4.63611
4.74349
4.83633
4.91574
4.98309
5.03978
5.08711
5.12635
5.15867
5.18513
5.20668
5.22414
5.23821
5.2495
5.2585
5.26559
5.2711
5.27526
5.27824
5.28019
5.28119
-0.117821
-9.56952
-9.94304
43.302
449.099
961.863
1026.29
1054.23
414.274
26.2475
9.64903
5.96663
4.40237
3.8894
3.83148
3.92392
4.05877
4.19805
4.329
4.44748
4.55257
4.64465
4.7246
4.79343
4.85225
4.90214
4.94418
4.97941
5.00878
5.03313
5.05322
5.0697
5.08314
5.09404
5.10277
5.10965
5.1149
5.11871
5.12122
5.12249
38.0081
-9.7349
-9.48579
223.659
968.375
994.946
1011.99
753.213
81.4851
9.27549
5.51098
3.99031
3.5534
3.50851
3.60341
3.74009
3.88366
4.02145
4.14874
4.26396
4.36691
4.45806
4.53809
4.60779
4.66805
4.71981
4.76402
4.80159
4.83335
4.86005
4.88236
4.90091
4.91623
4.9288
4.93898
4.94707
4.9533
4.95784
4.96084
4.96236
27.6944
-7.84177
-8.08411
175.245
868.478
1004.98
914.869
223.742
11.6289
5.27043
3.61651
3.1684
3.15701
3.27064
3.41697
3.56808
3.71332
3.84873
3.97282
4.08528
4.18632
4.27643
4.35618
4.42623
4.48737
4.54043
4.58626
4.62565
4.65932
4.68793
4.71209
4.73237
4.7493
4.7633
4.77474
4.78388
4.79096
4.79613
4.79955
4.80129
-4.44114
-6.36989
-6.45577
39.7226
249.63
573.676
272.809
22.4111
6.23142
3.21171
2.74896
2.77034
2.91457
3.08193
3.2465
3.40225
3.54695
3.67999
3.8014
3.91151
4.01078
4.09972
4.17885
4.24882
4.31036
4.36425
4.41122
4.45197
4.4871
4.5172
4.54284
4.56455
4.5828
4.59801
4.6105
4.62053
4.62832
4.63404
4.63782
4.63975
165.289
-6.5888
-5.27399
3.29007
14.3125
22.6632
6.7459
4.04851
2.84316
2.28777
2.34317
2.5316
2.7295
2.91501
3.08576
3.24222
3.38538
3.51605
3.63499
3.7429
3.84036
3.92791
4.00611
4.07563
4.13718
4.19148
4.23918
4.28084
4.31701
4.34822
4.375
4.39783
4.41715
4.43334
4.44669
4.45746
4.46584
4.47201
4.47609
4.47817
402.443
632.652
120.898
10.2196
11.9051
4.11868
2.59704
1.81906
1.76431
1.9234
2.14129
2.36862
2.57662
2.76466
2.93488
3.0894
3.22997
3.35789
3.47422
3.57976
3.67516
3.76103
3.83799
3.90673
3.96795
4.0223
4.07031
4.11248
4.14932
4.18129
4.20888
4.23255
4.2527
4.26966
4.2837
4.29504
4.3039
4.31042
4.31475
4.31696
467.218
1340.35
1131.49
138.475
17.5262
2.51622
1.41937
1.46274
1.59103
1.80684
2.03274
2.2494
2.44849
2.62998
2.79502
2.94518
3.08186
3.2063
3.31951
3.42227
3.51526
3.59911
3.67453
3.7422
3.80277
3.85679
3.90474
3.94707
3.98421
4.01662
4.04475
4.06901
4.08975
4.10728
4.12183
4.13362
4.14284
4.14963
4.15416
4.15647
693.412
1386.42
1378.87
1137.92
125.39
1.24692
1.12929
1.41846
1.56077
1.756
1.95822
2.15402
2.33818
2.50893
2.66601
2.80991
2.94147
3.06156
3.17099
3.27047
3.36063
3.44216
3.51574
3.58205
3.64165
3.69501
3.74256
3.78469
3.82183
3.8544
3.88281
3.90742
3.92855
3.94646
3.96136
3.97346
3.98294
3.98994
3.9946
3.99701
1259.58
1398.9
1411.92
1410.83
400.899
1.41594
1.25582
1.44845
1.54382
1.71648
1.89465
2.0704
2.23924
2.39827
2.54622
2.68282
2.80836
2.92339
3.02846
3.12418
3.21117
3.29009
3.36156
3.42623
3.48455
3.53694
3.58377
3.62542
3.66229
3.69477
3.72322
3.74798
3.7693
3.78741
3.80253
3.81481
3.82445
3.83159
3.83634
3.83886
1395.07
1421.86
1443.03
1449.4
397.007
1.51194
1.28616
1.42452
1.52108
1.67131
1.82999
1.99005
2.14596
2.29424
2.43322
2.56231
2.68148
2.79103
2.89139
2.98306
3.06664
3.14274
3.21182
3.2746
3.33137
3.3825
3.42835
3.46927
3.50564
3.53781
3.5661
3.5908
3.61214
3.6303
3.64549
3.65786
3.66757
3.67479
3.67955
3.68226
1415.11
1453.5
1473.79
871.709
214.125
2.14532
1.17565
1.29959
1.43956
1.59759
1.75258
1.90564
2.05323
2.1932
2.32444
2.44652
2.55947
2.66353
2.75907
2.84659
2.92662
2.99972
3.06635
3.12699
3.18196
3.23161
3.27625
3.31623
3.3519
3.38357
3.41152
3.43599
3.45717
3.47525
3.49038
3.50273
3.51243
3.51971
3.52422
3.52752
1457.71
1491.83
973.217
92.6332
26.6192
3.47112
0.903879
1.11839
1.31872
1.49748
1.66085
1.81443
1.95832
2.09278
2.2179
2.33391
2.44113
2.53995
2.63082
2.71423
2.79071
2.86073
2.92474
2.98309
3.0361
3.08409
3.12737
3.16625
3.20105
3.23205
3.25949
3.28357
3.30447
3.32231
3.3373
3.34956
3.35914
3.3665
3.37052
3.37465
628.428
640.028
82.0668
1.39034
-0.488774
0.573953
0.602976
0.914185
1.17579
1.38188
1.55951
1.71772
1.86102
1.99213
2.1126
2.2235
2.32562
2.41962
2.50606
2.58551
2.65847
2.7254
2.78668
2.84264
2.89358
2.93979
2.98158
3.01922
3.05302
3.0832
3.10999
3.13355
3.15402
3.17156
3.18629
3.19837
3.2078
3.2151
3.21904
3.22327
-13.7628
-2.51824
-2.04949
-1.77984
-1.20922
-0.326788
0.303482
0.721568
1.02986
1.26343
1.45518
1.61887
1.76274
1.89162
2.00839
2.11493
2.21251
2.30209
2.38438
2.46003
2.52956
2.5934
2.65192
2.70542
2.7542
2.79855
2.83873
2.87504
2.90771
2.93696
2.96296
2.98588
3.00584
3.02296
3.03737
3.0492
3.05847
3.0656
3.06963
3.07357
-12.2593
-7.60784
-4.39762
-2.60177
-1.41283
-0.486753
0.14638
0.589817
0.911206
1.15772
1.35631
1.52255
1.66596
1.79246
1.90575
2.00828
2.10168
2.18713
2.2655
2.3375
2.40367
2.46445
2.52019
2.5712
2.61777
2.66018
2.69869
2.73356
2.765
2.79321
2.81834
2.84051
2.85986
2.87649
2.89051
2.90204
2.91111
2.91805
2.92209
2.92572
-7.70237
-5.55953
-3.64478
-2.25381
-1.21936
-0.441668
0.115333
0.52325
0.831123
1.07288
1.26878
1.43257
1.57303
1.69604
1.80545
1.90391
1.99321
2.07467
2.14925
2.21769
2.28056
2.3383
2.39126
2.43976
2.48409
2.52451
2.56129
2.59464
2.62478
2.65185
2.67601
2.69736
2.71602
2.73209
2.74567
2.75685
2.76567
2.77239
2.77641
2.77975
-4.89587
-3.66787
-2.55253
-1.62832
-0.882141
-0.29859
0.152241
0.50394
0.78256
1.00775
1.19359
1.35037
1.48525
1.60331
1.70811
1.80216
1.88725
1.96471
2.03552
2.10044
2.16003
2.21474
2.26492
2.31089
2.35295
2.39135
2.42634
2.45812
2.48688
2.51275
2.53586
2.55632
2.57424
2.58969
2.60277
2.61357
2.6221
2.62857
2.63254
2.63559
-3.31554
-2.51976
-1.781
-1.13916
-0.599601
-0.155092
0.209068
0.507275
0.752671
0.956687
1.12852
1.27537
1.4027
1.51457
1.61399
1.7032
1.78385
1.85721
1.92422
1.98559
2.04189
2.09355
2.14094
2.18438
2.22415
2.2605
2.29367
2.32383
2.35115
2.37576
2.39777
2.41728
2.43439
2.44918
2.46172
2.47209
2.4803
2.4865
2.49039
2.49314
-2.35427
-1.80654
-1.28178
-0.807617
-0.393364
-0.0385415
0.262336
0.516379
0.731189
0.913862
1.07048
1.2061
1.32473
1.42955
1.523
1.60699
1.68297
1.75208
1.81518
1.87296
1.92594
1.97454
2.01913
2.06002
2.09749
2.13177
2.16308
2.19158
2.21742
2.24072
2.26158
2.2801
2.29637
2.31045
2.32241
2.33231
2.34017
2.34608
2.34985
2.35232
-1.72219
-1.31427
-0.921198
-0.557541
-0.230699
0.0573788
0.308231
0.525312
0.712942
0.8755
1.01702
1.14102
1.25045
1.34773
1.43482
1.5133
1.5844
1.64912
1.70823
1.76235
1.81196
1.85749
1.89926
1.9376
1.97276
2.00496
2.03438
2.06119
2.08552
2.10747
2.12715
2.14464
2.16002
2.17336
2.18471
2.19411
2.20158
2.20719
2.2108
2.21301
-1.28243
-0.964031
-0.655773
-0.366928
-0.102854
0.134482
0.345354
0.531437
0.695163
0.839232
0.966303
1.07882
1.17893
1.26847
1.349
1.42178
1.48786
1.54808
1.60312
1.65352
1.69975
1.74218
1.78114
1.81693
1.84977
1.87986
1.90739
1.93248
1.95527
1.97585
1.99431
2.01074
2.02521
2.03777
2.04847
2.05734
2.0644
2.06969
2.07313
2.07507
-0.961907
-0.705845
-0.457226
-0.222153
-0.00452727
0.193874
0.372802
0.533039
0.675988
0.80335
0.916903
1.01836
1.1093
1.19112
1.26502
1.33203
1.393
1.44866
1.49957
1.54623
1.58906
1.6284
1.66456
1.69779
1.7283
1.75629
1.7819
1.80527
1.82649
1.84567
1.8629
1.87824
1.89176
1.90352
1.91354
1.92186
1.92848
1.93344
1.93669
1.93837
-0.721643
-0.510678
-0.305854
-0.111142
0.0707147
0.238269
0.391097
0.529523
0.654361
0.7667
0.867752
0.958736
1.04081
1.11504
1.18237
1.24361
1.29947
1.35054
1.39731
1.44024
1.47967
1.51593
1.54929
1.57997
1.60816
1.63404
1.65772
1.67934
1.69899
1.71675
1.73272
1.74696
1.75952
1.77045
1.77977
1.78751
1.79368
1.79828
1.80133
1.80277
-0.536809
-0.360493
-0.189302
-0.0259907
0.127474
0.26996
0.401032
0.520797
0.629732
0.728551
0.818092
0.899233
0.972837
1.03971
1.10059
1.15613
1.20691
1.25341
1.29608
1.33529
1.37135
1.40455
1.43512
1.46326
1.48913
1.51288
1.53464
1.5545
1.57256
1.58891
1.6036
1.61672
1.6283
1.63838
1.64699
1.65414
1.65983
1.66408
1.66691
1.66811
-0.392539
-0.243692
-0.0992674
0.0388003
0.16909
0.290739
0.403362
0.506963
0.601831
0.688445
0.767393
0.839318
0.904865
0.964655
1.01927
1.06922
1.115
1.15701
1.19561
1.23114
1.26386
1.29402
1.32182
1.34742
1.37098
1.39261
1.41244
1.43054
1.44701
1.46193
1.47535
1.48733
1.49792
1.50715
1.51503
1.52157
1.52678
1.53067
1.53327
1.53423
-0.278921
-0.15254
-0.0300528
0.0871665
0.198091
0.302074
0.3988
0.488234
0.570556
0.646095
0.715276
0.778574
0.83648
0.889477
0.938025
0.982547
1.02343
1.06103
1.09564
1.12754
1.15696
1.18411
1.20915
1.23223
1.25348
1.273
1.2909
1.30725
1.32214
1.33562
1.34777
1.35862
1.36822
1.37657
1.38371
1.38965
1.39437
1.39788
1.40025
1.401
-0.189178
-0.0816615
0.0223889
0.121992
0.216404
0.305146
0.387972
0.464842
0.535873
0.601301
0.661442
0.716656
0.767324
0.813828
0.856536
0.895795
0.931922
0.965205
0.9959
1.02423
1.05039
1.07456
1.09686
1.11744
1.13639
1.15382
1.1698
1.18441
1.19772
1.20979
1.22067
1.23039
1.23899
1.24648
1.25288
1.25819
1.26242
1.26556
1.2677
1.26824
-0.118532
-0.0272041
0.0610161
0.145428
0.225495
0.300868
0.371368
0.436963
0.49774
0.553879
0.605622
0.653252
0.69707
0.737381
0.774483
0.80866
0.84017
0.86925
0.89611
0.920935
0.943886
0.965103
0.984707
1.0028
1.01949
1.03483
1.04892
1.06182
1.07357
1.08424
1.09386
1.10246
1.11006
1.11669
1.12235
1.12705
1.13078
1.13355
1.13546
1.13579
-0.0635107
0.0136389
0.0879903
0.159046
0.226428
0.289891
0.349314
0.404682
0.456072
0.503629
0.547548
0.588055
0.625392
0.659807
0.691542
0.720825
0.747867
0.772861
0.795978
0.817368
0.837165
0.855485
0.872428
0.888084
0.90253
0.915835
0.928062
0.939263
0.949484
0.958766
0.967139
0.974629
0.981252
0.987022
0.991946
0.99603
0.999275
1.00167
1.00335
1.0035
-0.021612
0.0428767
0.104842
0.163942
0.219922
0.272622
0.321972
0.36798
0.410719
0.450314
0.486925
0.520739
0.551951
0.580762
0.607368
0.631951
0.654682
0.675717
0.695194
0.713236
0.729952
0.745437
0.759775
0.77304
0.785295
0.796599
0.806999
0.816538
0.825253
0.833172
0.840321
0.846716
0.85237
0.857294
0.861493
0.864972
0.867734
0.869765
0.871217
0.871194
0.00892385
0.0618941
0.112598
0.160819
0.206402
0.249258
0.289361
0.326738
0.361464
0.393648
0.423425
0.450948
0.476377
0.499872
0.521588
0.541672
0.560262
0.57748
0.593438
0.608236
0.621961
0.634693
0.646498
0.657436
0.667559
0.676909
0.685526
0.693441
0.700681
0.707265
0.713211
0.718531
0.723234
0.727327
0.730814
0.733701
0.73599
0.737666
0.7389
0.738716
0.0293034
0.0715928
0.111886
0.150065
0.186054
0.219819
0.251366
0.28074
0.308014
0.333285
0.356667
0.378282
0.398259
0.416723
0.433798
0.449599
0.464232
0.477795
0.490378
0.502058
0.512906
0.522983
0.532344
0.541034
0.549091
0.556548
0.563432
0.569765
0.575565
0.580845
0.585616
0.589884
0.593657
0.596938
0.599731
0.602042
0.603873
0.605206
0.606231
0.605898
0.0402388
0.0724693
0.103006
0.131809
0.158861
0.184166
0.207755
0.229681
0.250012
0.268832
0.286233
0.302311
0.317167
0.330895
0.34359
0.35534
0.366226
0.376322
0.385696
0.394408
0.402513
0.410056
0.417077
0.423609
0.429679
0.435309
0.440517
0.445317
0.449719
0.45373
0.457357
0.460601
0.463469
0.465961
0.468082
0.469836
0.471227
0.472229
0.473061
0.472585
0.0419951
0.0646198
0.0859096
0.105879
0.124548
0.141943
0.158108
0.173091
0.186954
0.199762
0.211587
0.222499
0.232571
0.241872
0.250469
0.258425
0.265796
0.272637
0.278995
0.284913
0.290429
0.295574
0.300375
0.304853
0.309025
0.312906
0.316504
0.319826
0.322879
0.325664
0.328183
0.330438
0.33243
0.334162
0.335636
0.336855
0.337823
0.33851
0.339165
0.338577
0.0345193
0.0478864
0.0603579
0.0719721
0.0827617
0.0927611
0.102008
0.110543
0.11841
0.125656
0.132326
0.138468
0.144126
0.149343
0.15416
0.158614
0.162741
0.166573
0.170138
0.173462
0.176568
0.179473
0.182191
0.184735
0.187112
0.189329
0.19139
0.193299
0.195055
0.19666
0.198113
0.199414
0.200564
0.201564
0.202415
0.203119
0.203682
0.204069
0.204599
0.203849
0.0167997
0.021258
0.0253439
0.0290819
0.0324931
0.0355978
0.0384171
0.0409732
0.0432888
0.0453872
0.0472911
0.0490217
0.0505988
0.05204
0.0533612
0.0545769
0.0557003
0.0567437
0.0577179
0.0586321
0.0594935
0.0603075
0.0610778
0.0618069
0.062496
0.0631458
0.0637564
0.0643273
0.0648578
0.0653469
0.0657932
0.0661954
0.0665525
0.0668637
0.0671286
0.067347
0.067523
0.067596
0.0678361
0.0675976
)
;

boundaryField
{
    leftWall
    {
        type            fixedFluxPressure;
        gradient        uniform 0;
        value           nonuniform List<scalar> 
86
(
1604.71
1603.97
1602.41
1600.25
1597.51
1594.23
1590.45
1586.19
1581.47
1576.33
1570.78
1564.79
1558.44
1551.74
1544.72
1537.4
1529.8
1521.93
1513.83
1505.49
1496.94
1488.18
1479.22
1469.96
1460.44
1451.12
1442.77
1440.33
1217.59
176.791
-2.93349
-2.92858
-2.9456
-2.97073
-2.99435
-3.01739
-3.04035
-3.06368
-3.08762
-3.11198
-3.13636
-3.16023
-3.18293
-3.2038
-3.22228
-3.2379
-3.25029
-3.25913
-3.26417
-3.26519
-3.26201
-3.25448
-3.24248
-3.22591
-3.20467
-3.17866
-3.14785
-3.1122
-3.07167
-3.0262
-2.97577
-2.92046
-2.86031
-2.79544
-2.72594
-2.65197
-2.57368
-2.49127
-2.40495
-2.31494
-2.22147
-2.1248
-2.02518
-1.92287
-1.81816
-1.71128
-1.60244
-1.49196
-1.38029
-1.26748
-1.15278
-1.03626
-0.921134
-0.810304
-0.697645
-0.572784
)
;
    }
    rightWall
    {
        type            fixedFluxPressure;
        gradient        uniform 0;
        value           nonuniform List<scalar> 
86
(
8.08552
8.08487
8.08335
8.08103
8.07788
8.07391
8.06909
8.06339
8.0568
8.04928
8.04072
8.03101
8.0201
8.0079
7.99432
7.97926
7.96258
7.94418
7.9239
7.90158
7.87707
7.85016
7.82067
7.78836
7.753
7.71435
7.67213
7.62607
7.57589
7.5213
7.462
7.39771
7.32817
7.25311
7.17232
7.08561
6.99283
6.89391
6.78879
6.67752
6.56019
6.43698
6.30811
6.17393
6.03478
5.89113
5.74342
5.59219
5.43794
5.28119
5.12249
4.96236
4.80129
4.63975
4.47817
4.31696
4.15647
3.99701
3.83886
3.68226
3.52752
3.37465
3.22327
3.07357
2.92572
2.77975
2.63559
2.49314
2.35232
2.21301
2.07507
1.93837
1.80277
1.66811
1.53423
1.401
1.26824
1.13579
1.0035
0.871194
0.738716
0.605898
0.472585
0.338577
0.203849
0.0675976
)
;
    }
    lowerWall
    {
        type            fixedFluxPressure;
        gradient        uniform 0;
        value           nonuniform List<scalar> 
110
(
1604.71
1606.38
1607.42
1607.06
1604.87
1601.38
1597.29
1592.96
1588.51
1583.95
1579.25
1574.38
1569.32
1564.08
1558.69
1553.22
1547.73
1542.33
1537.14
1532.28
1527.92
1524.23
1521.42
1519.73
1519.41
1520.76
1524.1
1529.79
1538.27
1550.04
1565.94
1586.1
1610.85
1640.52
1675.14
1714.04
1755.25
1794.9
1827.18
1845.41
1851.37
1847.83
1815.54
1799.06
1845.09
1914.78
1914.78
1871.6
1869.59
1919.15
1989.92
2032.49
2016.94
1944.95
1805.7
1560.5
263.408
9.24174
8.70879
8.65875
8.54564
8.54689
8.5491
8.55267
8.55724
8.56397
8.57032
8.58186
8.59157
8.6122
8.54564
8.54317
8.53863
8.53232
8.52471
8.51584
8.5058
8.4947
8.48261
8.46961
8.45578
8.44119
8.42593
8.41008
8.39374
8.37698
8.35989
8.34256
8.32508
8.30756
8.2901
8.2728
8.25576
8.23909
8.22287
8.2072
8.19218
8.17788
8.1644
8.15179
8.14012
8.12947
8.11988
8.11139
8.10406
8.09791
8.09296
8.08924
8.08675
8.08552
)
;
    }
    atmosphere
    {
        type            totalPressure;
        rho             rho;
        psi             none;
        gamma           1;
        p0              uniform 0;
        value           nonuniform List<scalar> 
90
(
-0.491577
-0.500233
-0.498941
-0.498232
-0.496771
-0.494705
-0.492038
-0.488776
-0.484918
-0.480457
-0.475386
-0.469693
-0.463366
-0.456393
-0.448762
-0.440458
-0.431468
-0.421775
-0.411364
-0.400218
-0.388326
-0.375678
-0.362273
-0.348115
-0.333216
-0.317596
-0.301286
-0.284324
-0.266765
-0.248671
-0.230123
-0.211217
-0.192064
-0.172795
-0.153558
-0.134519
-0.115859
-0.0977794
-0.0804958
-0.0642415
-0.0492689
-0.0358301
-0.0241625
-0.0145026
-0.00709478
-0.00219507
-8.99049e-05
0
0
0
0
0
0
0
0
0
0
0
0
0
0
0
0
0
0
0
0
0
0
0
0
0
0
0
0
0
0
0
0
0
0
0
0
0
0
0
0
0
0
0
)
;
    }
    defaultFaces
    {
        type            empty;
    }
}


// ************************************************************************* //
