/*--------------------------------*- C++ -*----------------------------------*\
| =========                 |                                                 |
| \\      /  F ield         | OpenFOAM: The Open Source CFD Toolbox           |
|  \\    /   O peration     | Version:  3.0.1                                 |
|   \\  /    A nd           | Web:      www.OpenFOAM.org                      |
|    \\/     M anipulation  |                                                 |
\*---------------------------------------------------------------------------*/
FoamFile
{
    version     2.0;
    format      ascii;
    class       surfaceScalarField;
    location    "0.4";
    object      alphaPhi;
}
// * * * * * * * * * * * * * * * * * * * * * * * * * * * * * * * * * * * * * //

dimensions      [0 3 -1 0 0 0 0];

internalField   nonuniform List<scalar> 
3742
(
4.6157e-20
-2.74976e-20
5.28141e-20
-2.96193e-20
5.82113e-20
-3.079e-20
6.20298e-20
-3.09979e-20
6.41182e-20
-3.03228e-20
6.44883e-20
-2.89078e-20
6.32878e-20
-2.69293e-20
6.0761e-20
-2.45709e-20
5.72061e-20
-2.20049e-20
5.29369e-20
-1.938e-20
4.82532e-20
-1.68166e-20
4.34272e-20
-1.44118e-20
3.87242e-20
-1.22665e-20
3.45168e-20
-1.05839e-20
3.16738e-20
-9.97546e-21
3.26538e-20
-1.22812e-20
4.40882e-20
-2.23641e-20
8.18337e-20
-5.12361e-20
1.79152e-19
-1.20307e-19
3.97616e-19
-2.65648e-19
8.38705e-19
-5.40299e-19
1.65246e-18
-1.01229e-18
3.03902e-18
-1.75686e-18
5.23958e-18
-2.84221e-18
-4.30966e-18
-5.11986e-26
4.11766e-26
-6.97069e-27
1.85614e-26
-1.23906e-26
2.20583e-26
-4.40545e-26
2.25874e-26
-2.07224e-26
-2.51139e-25
4.83043e-25
-1.66705e-24
2.87668e-24
-6.6445e-24
1.11871e-23
-2.10113e-23
3.50991e-23
-5.65105e-23
9.41745e-23
-1.33086e-22
2.22213e-22
-2.79735e-22
4.70508e-22
-5.33109e-22
9.0784e-22
-9.33207e-22
1.61514e-21
-1.51663e-21
2.6739e-21
-2.30801e-21
4.14884e-21
-3.31042e-21
6.06609e-21
-4.49587e-21
8.39198e-21
-5.80028e-21
1.10225e-20
-7.12815e-21
1.37918e-20
-8.36796e-21
1.64986e-20
-9.41331e-21
1.89414e-20
-1.01821e-20
2.095e-20
-1.06278e-20
2.2407e-20
-1.07418e-20
2.3255e-20
-1.05476e-20
2.34942e-20
-1.00919e-20
2.31714e-20
-9.4336e-21
2.23665e-20
-8.63565e-21
2.11783e-20
-7.75762e-21
1.97126e-20
-6.85183e-21
1.80734e-20
-5.96231e-21
1.63639e-20
-5.13058e-21
1.47152e-20
-4.4247e-21
1.34159e-20
-4.0527e-21
1.33636e-20
-4.742e-21
1.7392e-20
-8.80236e-21
3.34888e-20
-2.25104e-20
8.11502e-20
-6.02813e-20
2.01608e-19
-1.50254e-19
4.71192e-19
-3.39616e-19
1.01492e-18
-6.96831e-19
2.01549e-18
-1.30753e-18
3.71277e-18
-2.26277e-18
6.39068e-18
-3.63948e-18
-5.47496e-18
-7.80817e-27
5.95906e-27
-9.81073e-28
2.0994e-27
-1.43008e-27
9.55275e-28
-2.0233e-27
-1.32945e-26
2.95868e-26
-1.24391e-25
2.4026e-25
-6.08345e-25
1.12177e-24
-2.24463e-24
4.06634e-24
-6.89693e-24
1.23742e-23
-1.8294e-23
3.26405e-23
-4.27524e-23
7.61861e-23
-8.947e-23
1.60064e-22
-1.70094e-22
3.07012e-22
-2.97406e-22
5.43901e-22
-4.83303e-22
8.98326e-22
-7.36176e-22
1.39309e-21
-1.05778e-21
2.03874e-21
-1.44005e-21
2.826e-21
-1.86328e-21
3.7217e-21
-2.29746e-21
4.67105e-21
-2.70687e-21
5.60615e-21
-3.05674e-21
6.45772e-21
-3.31936e-21
7.16621e-21
-3.47811e-21
7.68937e-21
-3.52844e-21
8.00543e-21
-3.47654e-21
8.11227e-21
-3.33652e-21
8.02411e-21
-3.12716e-21
7.76683e-21
-2.86894e-21
7.37331e-21
-2.58171e-21
6.87945e-21
-2.28334e-21
6.32223e-21
-1.99017e-21
5.74497e-21
-1.72368e-21
5.23219e-21
-1.54385e-21
5.06159e-21
-1.68789e-21
6.25687e-21
-3.05908e-21
1.22743e-20
-8.6498e-21
3.31879e-20
-2.68016e-20
9.40192e-20
-7.69352e-20
2.48085e-19
-1.97137e-19
5.94149e-19
-4.5111e-19
1.29328e-18
-9.30462e-19
2.57879e-18
-1.7478e-18
4.75398e-18
-3.02058e-18
8.17468e-18
-4.84544e-18
-7.26501e-18
-9.75561e-28
6.41252e-28
-1.09454e-28
1.55583e-28
-6.1754e-29
-4.15487e-28
1.19213e-27
-6.30515e-27
1.46747e-26
-4.21244e-26
8.77948e-26
-1.90039e-25
3.79581e-25
-6.83076e-25
1.33723e-24
-2.07704e-24
4.01264e-24
-5.48321e-24
1.04982e-23
-1.27901e-23
2.43809e-23
-2.67658e-23
5.10588e-23
-5.09442e-23
9.77376e-23
-8.92464e-23
1.72984e-22
-1.45373e-22
2.85708e-22
-2.21993e-22
4.43438e-22
-3.19768e-22
6.49927e-22
-4.36385e-22
9.02708e-22
-5.66032e-22
1.19172e-21
-6.99764e-22
1.49988e-21
-8.26839e-22
1.80561e-21
-9.36624e-22
2.08647e-21
-1.02043e-21
2.32271e-21
-1.07275e-21
2.49988e-21
-1.0917e-21
2.60998e-21
-1.07872e-21
2.65146e-21
-1.0378e-21
2.62824e-21
-9.74547e-22
2.54833e-21
-8.95278e-22
2.4223e-21
-8.06264e-22
2.26212e-21
-7.13429e-22
2.08142e-21
-6.23413e-22
1.90291e-21
-5.51301e-22
1.79922e-21
-5.60429e-22
2.07694e-21
-9.36986e-22
3.97571e-21
-2.83426e-21
1.18788e-20
-1.02144e-20
3.89166e-20
-3.43835e-20
1.18208e-19
-1.02008e-19
3.20828e-19
-2.65664e-19
7.78629e-19
-6.13223e-19
1.7062e-18
-1.27061e-18
3.41269e-18
-2.39129e-18
6.29952e-18
-4.13653e-18
1.08396e-17
-6.6429e-18
-9.97661e-18
-9.33234e-29
4.322e-29
-8.03409e-30
-1.7806e-30
2.68042e-29
-1.75232e-28
5.65575e-28
-1.93897e-27
4.96918e-27
-1.20334e-26
2.74147e-26
-5.31003e-26
1.15483e-25
-1.8961e-25
4.02663e-25
-5.75745e-25
1.20237e-24
-1.52125e-24
3.13856e-24
-3.55664e-24
7.2845e-24
-7.46785e-24
1.52625e-23
-1.42701e-23
2.92501e-23
-2.51037e-23
5.18505e-23
-4.10539e-23
8.57849e-23
-6.29063e-23
1.33366e-22
-9.08598e-23
1.95783e-22
-1.2426e-22
2.72381e-22
-1.61467e-22
3.60249e-22
-1.99966e-22
4.54364e-22
-2.36729e-22
5.48289e-22
-2.68726e-22
6.35213e-22
-2.9343e-22
7.09007e-22
-3.09176e-22
7.65028e-22
-3.15306e-22
8.00553e-22
-3.12121e-22
8.14831e-22
-3.00691e-22
8.08853e-22
-2.82595e-22
7.84956e-22
-2.59661e-22
7.46388e-22
-2.33768e-22
6.97084e-22
-2.06898e-22
6.42792e-22
-1.82522e-22
5.99821e-22
-1.74596e-22
6.43481e-22
-2.55941e-22
1.13563e-21
-7.81306e-22
3.62751e-21
-3.24643e-21
1.38131e-20
-1.29629e-20
4.9166e-20
-4.54184e-20
1.54385e-19
-1.37598e-19
4.26084e-19
-3.62859e-19
1.0439e-18
-8.43915e-19
2.30043e-18
-1.75714e-18
4.61668e-18
-3.31774e-18
8.54524e-18
-5.76048e-18
1.47505e-17
-9.29894e-18
-1.40557e-17
-5.71354e-30
-2.00886e-31
9.13945e-32
-3.43657e-30
1.1292e-29
-4.75088e-29
1.73918e-28
-4.99507e-28
1.4179e-27
-3.05404e-27
7.64604e-27
-1.34375e-26
3.19955e-26
-4.80675e-26
1.11408e-25
-1.46487e-25
3.32898e-25
-3.88845e-25
8.70625e-25
-9.13978e-25
2.02635e-24
-1.93026e-24
4.25981e-24
-3.71037e-24
8.19246e-24
-6.56381e-24
1.457e-23
-1.07863e-23
2.41706e-23
-1.65901e-23
3.76518e-23
-2.40257e-23
5.53503e-23
-3.29142e-23
7.70881e-23
-4.28189e-23
1.02063e-22
-5.30771e-23
1.28883e-22
-6.28924e-23
1.5575e-22
-7.14642e-23
1.80735e-22
-7.81157e-23
2.02069e-22
-8.23888e-23
2.18376e-22
-8.40882e-23
2.28811e-22
-8.32753e-23
2.33095e-22
-8.02229e-23
2.31466e-22
-7.53499e-23
2.24575e-22
-6.91538e-23
2.13384e-22
-6.21759e-23
1.99258e-22
-5.51823e-23
1.85432e-22
-5.07677e-23
1.87112e-22
-6.38467e-23
2.89382e-22
-1.80954e-22
9.32279e-22
-8.46879e-22
4.09005e-21
-4.01454e-21
1.72548e-20
-1.68366e-20
6.39292e-20
-6.05889e-20
2.05032e-19
-1.86681e-19
5.73189e-19
-4.97751e-19
1.41571e-18
-1.16584e-18
3.13737e-18
-2.44104e-18
6.32271e-18
-4.63202e-18
1.17589e-17
-8.09687e-18
2.0425e-17
-1.31892e-17
-2.01376e-17
2.45103e-32
-6.57331e-31
1.75837e-31
-8.89336e-31
3.06107e-30
-1.08187e-29
4.47977e-29
-1.13739e-28
3.59169e-28
-6.95916e-28
1.92906e-27
-3.07385e-27
8.08439e-27
-1.10607e-26
2.82491e-26
-3.3937e-26
8.47798e-26
-9.0736e-26
2.22817e-25
-2.1487e-25
5.21349e-25
-4.57185e-25
1.10184e-24
-8.85059e-25
2.12964e-24
-1.57563e-24
3.8034e-24
-2.60265e-24
6.32925e-24
-4.01841e-24
9.87897e-24
-5.83403e-24
1.45381e-23
-8.00383e-24
2.02576e-23
-1.04197e-23
2.68279e-23
-1.29197e-23
3.38875e-23
-1.53103e-23
4.09677e-23
-1.73969e-23
4.75618e-23
-1.90139e-23
5.3199e-23
-2.00479e-23
5.7507e-23
-2.04491e-23
6.02513e-23
-2.02309e-23
6.13486e-23
-1.94599e-23
6.08566e-23
-1.82401e-23
5.89513e-23
-1.66988e-23
5.59184e-23
-1.49987e-23
5.23429e-23
-1.35635e-23
5.07819e-23
-1.48741e-23
6.73491e-23
-3.57161e-23
2.01331e-22
-1.79934e-22
9.94185e-22
-1.00653e-21
4.97527e-21
-5.065e-21
2.20439e-20
-2.19679e-20
8.38869e-20
-8.08339e-20
2.7365e-19
-2.52807e-19
7.73675e-19
-6.809e-19
1.9251e-18
-1.60552e-18
4.29201e-18
-3.38411e-18
8.69713e-18
-6.46737e-18
1.62922e-17
-1.14147e-17
2.85655e-17
-1.88134e-17
-2.90615e-17
7.48836e-32
-1.60301e-31
4.54633e-32
-1.77403e-31
6.97767e-31
-2.1669e-30
1.02014e-29
-2.3005e-29
8.16452e-29
-1.41451e-28
4.39532e-28
-6.2911e-28
1.85189e-27
-2.28289e-27
6.51314e-27
-7.06707e-27
1.96811e-26
-1.90648e-26
5.20879e-26
-4.55461e-26
1.22722e-25
-9.77279e-26
2.61063e-25
-1.90648e-25
5.07482e-25
-3.4165e-25
9.10487e-25
-5.67329e-25
1.52002e-24
-8.7931e-25
2.37702e-24
-1.2798e-24
3.50094e-24
-1.7582e-24
4.87875e-24
-2.29015e-24
6.45916e-24
-2.83955e-24
8.15489e-24
-3.36355e-24
9.85314e-24
-3.81916e-24
1.14316e-23
-4.1698e-24
1.27759e-23
-4.39044e-24
1.37953e-23
-4.4702e-24
1.44323e-23
-4.41237e-24
1.46663e-23
-4.23219e-24
1.45125e-23
-3.95367e-24
1.40177e-23
-3.60844e-24
1.32781e-23
-3.2602e-24
1.26598e-23
-3.24962e-24
1.46356e-23
-6.18321e-24
3.705e-23
-3.11838e-23
1.96823e-22
-2.02777e-22
1.16145e-21
-1.22086e-21
6.16902e-21
-6.39511e-21
2.82639e-20
-2.85484e-20
1.09974e-19
-1.07171e-19
3.6416e-19
-3.39737e-19
1.04012e-18
-9.23549e-19
2.60588e-18
-2.19151e-18
5.8498e-18
-4.6575e-18
1.19405e-17
-8.98805e-18
2.25868e-17
-1.60508e-17
4.00642e-17
-2.6781e-17
-4.18306e-17
1.71897e-32
-3.09926e-32
9.07671e-33
-3.05043e-32
1.40087e-31
-3.80021e-31
2.06456e-30
-4.07986e-30
1.65504e-29
-2.52522e-29
8.95316e-29
-1.1331e-28
3.80088e-28
-4.154e-28
1.34806e-27
-1.29937e-27
4.10812e-27
-3.54087e-27
1.09627e-26
-8.54099e-27
2.60322e-26
-1.84907e-26
5.57727e-26
-3.63605e-26
1.09073e-25
-6.56023e-26
1.96613e-25
-1.09528e-25
3.29313e-25
-1.70444e-25
5.15973e-25
-2.48756e-25
7.60555e-25
-3.42305e-25
1.05986e-24
-4.46197e-25
1.40237e-24
-5.53247e-25
1.76883e-24
-6.54965e-25
2.13448e-24
-7.42867e-25
2.47257e-24
-8.09774e-25
2.75814e-24
-8.50817e-25
2.97142e-24
-8.63967e-25
3.10007e-24
-8.50023e-25
3.14005e-24
-8.12199e-25
3.09546e-24
-7.55644e-25
2.97955e-24
-6.89337e-25
2.83794e-24
-6.52829e-25
2.98134e-24
-9.73094e-25
5.97825e-24
-4.44842e-24
3.17763e-23
-3.28085e-23
2.17828e-22
-2.34385e-22
1.38316e-21
-1.47807e-21
7.64598e-21
-8.01678e-21
3.60505e-20
-3.67536e-20
1.43092e-19
-1.40524e-19
4.80249e-19
-4.50955e-19
1.38445e-18
-1.23631e-18
3.49066e-18
-2.95147e-18
7.90109e-18
-6.33886e-18
1.6285e-17
-1.23893e-17
3.11641e-17
-2.23946e-17
5.59395e-17
-3.77369e-17
-5.95046e-17
3.14514e-33
-5.05266e-33
1.5643e-33
-4.48588e-33
2.4666e-32
-5.71565e-32
3.66627e-31
-6.20673e-31
2.94629e-30
-3.87214e-30
1.60388e-29
-1.7558e-29
6.8707e-29
-6.51229e-29
2.46054e-28
-2.06061e-28
7.56967e-28
-5.67704e-28
2.03828e-27
-1.38343e-27
4.88055e-27
-3.02318e-27
1.05339e-26
-5.99438e-27
2.07289e-26
-1.08922e-26
3.75474e-26
-1.82914e-26
6.31084e-26
-2.85942e-26
9.90964e-26
-4.18714e-26
1.4623e-25
-5.77474e-26
2.03816e-25
-7.53713e-26
2.69544e-25
-9.34958e-26
3.39608e-25
-1.10651e-25
4.09156e-25
-1.25373e-25
4.72972e-25
-1.36432e-25
5.26229e-25
-1.43005e-25
5.65147e-25
-1.4477e-25
5.87438e-25
-1.41901e-25
5.92485e-25
-1.35005e-25
5.8144e-25
-1.2521e-25
5.59181e-25
-1.16499e-25
5.58063e-25
-1.42358e-25
8.76398e-25
-5.30913e-25
4.22071e-24
-4.27818e-24
3.27975e-23
-3.58521e-23
2.46934e-22
-2.7002e-22
1.64187e-21
-1.77206e-21
9.39559e-21
-9.93049e-21
4.54865e-20
-4.66815e-20
1.83853e-19
-1.81523e-19
6.24577e-19
-5.89043e-19
1.81565e-18
-1.62741e-18
4.60525e-18
-3.90832e-18
1.05331e-17
-8.50689e-18
2.19849e-17
-1.68871e-17
4.25754e-17
-3.08391e-17
7.7151e-17
-5.22189e-17
-8.3076e-17
4.86689e-34
-6.73882e-34
2.30835e-34
-5.47381e-34
3.73131e-33
-7.1542e-33
5.58942e-32
-7.85882e-32
4.50458e-31
-4.94802e-31
2.47034e-30
-2.27085e-30
1.06902e-29
-8.53286e-30
3.86913e-29
-2.73415e-29
1.20247e-28
-7.62216e-29
3.26882e-28
-1.87791e-28
7.89539e-28
-4.14513e-28
1.71724e-27
-8.2932e-28
3.40134e-27
-1.51882e-27
6.19352e-27
-2.56768e-27
1.04515e-26
-4.03612e-27
1.64575e-26
-5.93615e-27
2.43269e-26
-8.21401e-27
3.39329e-26
-1.07455e-26
4.48727e-26
-1.33475e-26
5.64904e-26
-1.58037e-26
6.79557e-26
-1.78988e-26
7.83825e-26
-1.9453e-26
8.6959e-26
-2.03476e-26
9.30607e-26
-2.05389e-26
9.63258e-26
-2.00583e-26
9.66943e-26
-1.9014e-26
9.45533e-26
-1.7755e-26
9.27079e-26
-1.91097e-26
1.19334e-25
-5.41678e-26
4.68709e-25
-4.52216e-25
3.97752e-24
-4.38513e-24
3.51069e-23
-3.90422e-23
2.78565e-22
-3.07358e-22
1.92696e-21
-2.09459e-21
1.139e-20
-1.21099e-20
5.65257e-20
-5.82954e-20
2.32312e-19
-2.30288e-19
7.97874e-19
-7.54961e-19
2.33701e-18
-2.10067e-18
5.96205e-18
-5.07549e-18
1.38179e-17
-1.12304e-17
2.92879e-17
-2.26849e-17
5.72904e-17
-4.16917e-17
1.04289e-16
-7.04942e-17
-1.13388e-16
6.16697e-35
-7.03603e-35
2.82868e-35
-5.30932e-35
4.70491e-34
-7.14335e-34
7.09633e-33
-7.93987e-33
5.73782e-32
-5.05325e-32
3.17348e-31
-2.35165e-31
1.38878e-30
-8.96723e-31
5.08444e-30
-2.91409e-30
1.59752e-29
-8.23183e-30
4.38716e-29
-2.05328e-29
1.06959e-28
-4.5842e-29
2.34586e-28
-9.26772e-29
4.68031e-28
-1.71329e-28
8.57467e-28
-2.92057e-28
1.45416e-27
-4.62403e-28
2.29862e-27
-6.84254e-28
3.40719e-27
-9.51604e-28
4.76105e-27
-1.24985e-27
6.30126e-27
-1.55707e-27
7.93222e-27
-1.84715e-27
9.53341e-27
-2.09396e-27
1.09769e-26
-2.27561e-27
1.21467e-26
-2.37776e-27
1.29551e-26
-2.39536e-27
1.33545e-26
-2.3333e-27
1.33506e-26
-2.21619e-27
1.31384e-26
-2.24184e-27
1.4895e-26
-4.80836e-27
4.44564e-26
-3.90112e-26
3.90712e-25
-4.31037e-25
3.98833e-24
-4.48699e-24
3.73852e-23
-4.19206e-23
3.09957e-22
-3.44177e-22
2.22568e-21
-2.43226e-21
1.3568e-20
-1.44911e-20
6.89322e-20
-7.13693e-20
2.87721e-19
-2.8621e-19
9.98057e-19
-9.47345e-19
2.94346e-18
-2.65346e-18
7.55312e-18
-6.45168e-18
1.77921e-17
-1.45476e-17
3.83669e-17
-2.99054e-17
7.55184e-17
-5.50683e-17
1.37259e-16
-9.25023e-17
-1.50878e-16
6.11233e-36
-5.37747e-36
2.75562e-36
-3.83847e-36
4.73648e-35
-5.34271e-35
7.18856e-34
-6.01529e-34
5.83744e-33
-3.87984e-33
3.26125e-32
-1.8361e-32
1.44543e-31
-7.12433e-32
5.36027e-31
-2.35428e-31
1.7049e-30
-6.75675e-31
4.73609e-30
-1.71083e-30
1.16704e-29
-3.87404e-30
2.58469e-29
-7.93629e-30
5.20222e-29
-1.48524e-29
9.60473e-29
-2.56044e-29
1.63972e-28
-4.09532e-29
2.60642e-28
-6.11558e-29
3.8809e-28
-8.57335e-29
5.44179e-28
-1.13381e-28
7.21974e-28
-1.42064e-28
9.10129e-28
-1.69308e-28
1.0943e-27
-1.92593e-28
1.25927e-27
-2.0978e-28
1.39132e-27
-2.19449e-28
1.48025e-27
-2.21111e-28
1.52123e-27
-2.15791e-28
1.52307e-27
-2.14745e-28
1.62296e-27
-3.69273e-28
3.66489e-27
-2.76196e-27
3.12938e-26
-3.42395e-26
3.63833e-25
-4.12113e-25
3.98518e-24
-4.51755e-24
3.9182e-23
-4.41802e-23
3.38645e-22
-3.77814e-22
2.52057e-21
-2.76571e-21
1.58281e-20
-1.69669e-20
8.22392e-20
-8.54488e-20
3.48342e-19
-3.47785e-19
1.21957e-18
-1.16193e-18
3.61942e-18
-3.27505e-18
9.34372e-18
-8.01521e-18
2.2424e-17
-1.84336e-17
4.92014e-17
-3.84928e-17
9.70215e-17
-7.08339e-17
1.75195e-16
-1.18085e-16
-1.94822e-16
4.42506e-37
-2.69083e-37
1.99895e-37
-1.86252e-37
3.5701e-36
-2.70383e-36
5.45499e-35
-3.09342e-35
4.45944e-34
-2.03196e-34
2.52369e-33
-9.82994e-34
1.13586e-32
-3.90144e-33
4.27774e-32
-1.31793e-32
1.38091e-31
-3.86348e-32
3.89064e-31
-9.98453e-32
9.71623e-31
-2.30583e-31
2.17907e-30
-4.81343e-31
4.43716e-30
-9.17078e-31
8.27996e-30
-1.60791e-30
1.42722e-29
-2.61284e-30
2.28814e-29
-3.95955e-30
3.43252e-29
-5.62631e-30
4.84375e-29
-7.53236e-30
6.45996e-29
-9.5417e-30
8.17683e-29
-1.14808e-29
9.86034e-29
-1.31668e-29
1.13671e-28
-1.44385e-29
1.2567e-28
-1.51849e-29
1.33658e-28
-1.53854e-29
1.37548e-28
-1.55293e-29
1.44216e-28
-2.34386e-29
2.611e-28
-1.60535e-28
2.05504e-27
-2.20935e-27
2.67988e-26
-3.04307e-26
3.39239e-25
-3.86906e-25
3.91093e-24
-4.45347e-24
4.02304e-23
-4.55413e-23
3.61987e-22
-4.05226e-22
2.78955e-21
-3.07034e-21
1.80283e-20
-1.93875e-20
9.57402e-20
-9.98412e-20
4.11386e-19
-4.12533e-19
1.45312e-18
-1.39127e-18
4.33788e-18
-3.94566e-18
1.12674e-17
-9.71924e-18
2.75701e-17
-2.27651e-17
6.14317e-17
-4.81229e-17
1.2104e-16
-8.86497e-17
2.16925e-16
-1.47745e-16
-2.45304e-16
2.09202e-38
-7.12561e-39
9.70993e-39
-4.99089e-39
1.81695e-37
-7.68162e-38
2.80372e-36
-9.0095e-37
2.31946e-35
-6.09414e-36
1.33695e-34
-3.04917e-35
6.1431e-34
-1.2527e-34
2.36194e-33
-4.37832e-34
7.78002e-33
-1.32719e-33
2.23532e-32
-3.54457e-33
5.68891e-32
-8.45372e-33
1.29922e-31
-1.82095e-32
2.69166e-31
-3.57636e-32
5.1054e-31
-6.45639e-32
8.93564e-31
-1.07885e-31
1.453e-30
-1.67869e-31
2.20814e-30
-2.4452e-31
3.15271e-30
-3.34977e-31
4.24867e-30
-4.33384e-31
5.42668e-30
-5.31501e-31
6.5941e-30
-6.19979e-31
7.64892e-30
-6.90035e-31
8.49718e-30
-7.35879e-31
9.08294e-30
-7.72081e-31
9.66223e-30
-1.12942e-30
1.53564e-29
-7.60379e-30
1.10678e-28
-1.16226e-28
1.602e-27
-1.81695e-27
2.31983e-26
-2.65032e-26
3.10034e-25
-3.54722e-25
3.751e-24
-4.28381e-24
4.03234e-23
-4.57627e-23
3.77305e-22
-4.2334e-22
3.00777e-21
-3.31875e-21
1.99966e-20
-2.15723e-20
1.08525e-19
-1.13649e-19
4.73124e-19
-4.77072e-19
1.686e-18
-1.62487e-18
5.06124e-18
-4.63675e-18
1.32244e-17
-1.14901e-17
3.29385e-17
-2.7303e-17
7.42624e-17
-5.8176e-17
1.46425e-16
-1.08056e-16
2.62309e-16
-1.83845e-16
-3.14247e-16
5.22414e-40
-6.17313e-41
2.59568e-40
-4.85948e-41
5.17169e-39
-8.29053e-40
8.13425e-38
-1.02626e-38
6.89108e-37
-7.39813e-38
4.09534e-36
-3.96866e-37
1.94452e-35
-1.75e-36
7.7264e-35
-6.56103e-36
2.6291e-34
-2.13115e-35
7.79982e-34
-6.09055e-35
2.04852e-33
-1.55152e-34
4.82429e-33
-3.56147e-34
1.02967e-32
-7.43385e-34
2.00979e-32
-1.42187e-33
3.61515e-32
-2.5087e-33
6.03262e-32
-4.10667e-33
9.39294e-32
-6.26891e-33
1.37158e-31
-8.96439e-33
1.88678e-31
-1.20571e-32
2.45501e-31
-1.53099e-32
3.03254e-31
-1.84168e-32
3.56834e-31
-2.10829e-32
4.01743e-31
-2.36121e-32
4.44445e-31
-3.75113e-32
6.84814e-31
-2.8995e-31
4.85212e-30
-5.00149e-30
7.79988e-29
-8.81208e-29
1.28167e-27
-1.46108e-27
1.96435e-26
-2.24763e-26
2.76186e-25
-3.16522e-25
3.50364e-24
-4.00767e-24
3.93215e-23
-4.4687e-23
3.8227e-22
-4.29568e-22
3.1509e-21
-3.48464e-21
2.15496e-20
-2.33307e-20
1.19562e-19
-1.25856e-19
5.29177e-19
-5.37371e-19
1.90304e-18
-1.84982e-18
5.74395e-18
-5.3128e-18
1.50867e-17
-1.32323e-17
3.80926e-17
-3.17169e-17
8.6503e-17
-6.78118e-17
1.71851e-16
-1.28371e-16
3.14097e-16
-2.29751e-16
-4.14621e-16
4.26733e-42
-3.55287e-43
2.51053e-42
-3.1549e-43
5.56425e-41
-5.94934e-42
9.19133e-40
-7.79157e-41
8.26145e-39
-5.98616e-40
5.25105e-38
-3.43567e-39
2.67239e-37
-1.62032e-38
1.13789e-36
-6.48667e-38
4.14545e-36
-2.2456e-37
1.31501e-35
-6.82624e-37
3.68641e-35
-1.84549e-36
9.24584e-35
-4.48459e-36
2.09604e-34
-9.8822e-36
4.33215e-34
-1.98959e-35
8.22356e-34
-3.68345e-35
1.4429e-33
-6.3063e-35
2.35318e-33
-1.00341e-34
3.58482e-33
-1.49034e-34
5.12387e-33
-2.0746e-34
6.89906e-33
-2.71683e-34
8.78361e-33
-3.36527e-34
1.06245e-32
-4.10755e-34
1.25549e-32
-8.29813e-34
2.10183e-32
-8.92764e-33
1.71026e-31
-1.76397e-31
3.10285e-30
-3.48574e-30
5.74582e-29
-6.51479e-29
1.00074e-27
-1.14044e-27
1.61651e-26
-1.85016e-26
2.38981e-25
-2.74052e-25
3.17636e-24
-3.63541e-24
3.7183e-23
-4.22844e-23
3.75358e-22
-4.22364e-22
3.19909e-21
-3.54748e-21
2.25186e-20
-2.44901e-20
1.27827e-19
-1.35451e-19
5.7497e-19
-5.89159e-19
2.08798e-18
-2.05199e-18
6.33696e-18
-5.93449e-18
1.67123e-17
-1.4841e-17
4.25205e-17
-3.56557e-17
9.67822e-17
-7.61515e-17
1.9574e-16
-1.48437e-16
3.75902e-16
-2.84284e-16
-5.24223e-16
2.32078e-44
-4.95688e-46
1.61181e-44
-5.15887e-46
3.95807e-43
-1.08929e-44
6.88988e-42
-1.53471e-43
6.57836e-41
-1.28118e-42
4.46579e-40
-8.03686e-42
2.42836e-39
-4.1488e-41
1.10318e-38
-1.81791e-40
4.28018e-38
-6.88472e-40
1.44321e-37
-2.28715e-39
4.29102e-37
-6.74711e-39
1.13864e-36
-1.78526e-38
2.72356e-36
-4.27199e-38
5.92197e-36
-9.30919e-38
1.17893e-35
-1.85831e-37
2.16226e-35
-3.41575e-37
3.6736e-35
-5.80755e-37
5.80959e-35
-9.17116e-37
8.58936e-35
-1.35078e-36
1.19209e-34
-1.87567e-36
1.56191e-34
-2.79593e-36
2.01319e-34
-1.23237e-35
4.28863e-34
-2.25434e-34
4.85924e-33
-5.10942e-33
1.01007e-31
-1.12608e-31
2.09796e-30
-2.35939e-30
4.11838e-29
-4.6594e-29
7.56794e-28
-8.61451e-28
1.28829e-26
-1.4741e-26
2.00185e-25
-2.29567e-25
2.78554e-24
-3.18851e-24
3.39882e-23
-3.86752e-23
3.56236e-22
-4.01607e-22
3.14097e-21
-3.49643e-21
2.27773e-20
-2.49244e-20
1.32443e-19
-1.41568e-19
6.06281e-19
-6.28406e-19
2.22529e-18
-2.21741e-18
6.79308e-18
-6.46268e-18
1.79665e-17
-1.62191e-17
4.57575e-17
-3.88363e-17
1.03889e-16
-8.25296e-17
2.1601e-16
-1.66838e-16
4.43133e-16
-3.41419e-16
-6.45298e-16
3.07209e-47
-6.02477e-49
2.59528e-47
-7.20786e-49
7.14261e-46
-1.65364e-47
1.33343e-44
-2.44268e-46
1.38028e-43
-2.14742e-45
1.02304e-42
-1.42006e-44
6.08504e-42
-7.70942e-44
3.02385e-41
-3.54134e-43
1.28265e-40
-1.40149e-42
4.72358e-40
-4.84991e-42
1.53159e-39
-1.48559e-41
4.4228e-39
-4.06828e-41
1.14817e-38
-1.00426e-40
2.70067e-38
-2.25004e-40
5.7939e-38
-4.60254e-40
1.14025e-37
-8.63967e-40
2.06893e-37
-1.4954e-39
3.47678e-37
-2.40486e-39
5.43565e-37
-3.83224e-39
7.99444e-37
-1.20356e-38
1.25975e-36
-1.92095e-37
5.86e-36
-4.80657e-36
1.12963e-34
-1.21494e-34
2.69461e-33
-2.97305e-33
6.24354e-32
-6.94692e-32
1.37405e-30
-1.53936e-30
2.84805e-29
-3.21426e-29
5.52341e-28
-6.28049e-28
9.91004e-27
-1.13362e-26
1.61775e-25
-1.85523e-25
2.35503e-24
-2.69685e-24
2.99411e-23
-3.41192e-23
3.25957e-22
-3.68699e-22
2.9763e-21
-3.33243e-21
2.2265e-20
-2.45729e-20
1.32815e-19
-1.43599e-19
6.19782e-19
-6.51772e-19
2.30196e-18
-2.33367e-18
7.07247e-18
-6.86214e-18
1.8745e-17
-1.72892e-17
4.75059e-17
-4.11008e-17
1.07132e-16
-8.67274e-17
2.30566e-16
-1.82642e-16
5.04284e-16
-3.93533e-16
-7.60991e-16
3.55969e-50
-9.7552e-54
3.55668e-50
-1.28958e-53
1.06288e-48
-3.05728e-52
2.07535e-47
-4.54828e-51
2.25909e-46
-4.05978e-50
1.76408e-45
-2.74003e-49
1.10305e-44
-1.52154e-48
5.74361e-44
-7.16143e-48
2.54457e-43
-2.91032e-47
9.75602e-43
-1.0368e-46
3.28285e-42
-3.27851e-46
9.80607e-42
-9.29693e-46
2.62467e-41
-2.38475e-45
6.34399e-41
-5.57811e-45
1.39386e-40
-1.20846e-44
2.79983e-40
-2.77191e-44
5.1687e-40
-1.65447e-43
8.84006e-40
-3.67594e-42
1.4944e-39
-1.04446e-40
4.9679e-39
-3.00375e-39
8.3766e-38
-8.51998e-38
2.21053e-36
-2.36703e-36
5.8841e-35
-6.39776e-35
1.51436e-33
-1.66306e-33
3.71742e-32
-4.11526e-32
8.64582e-31
-9.65063e-31
1.89332e-29
-2.13291e-29
3.8775e-28
-4.40707e-28
7.33228e-27
-8.38968e-27
1.25677e-25
-1.44227e-25
1.91309e-24
-2.19411e-24
2.53458e-23
-2.89737e-23
2.86868e-22
-3.26324e-22
2.7166e-21
-3.06793e-21
2.09991e-20
-2.34474e-20
1.28731e-19
-1.41258e-19
6.13498e-19
-6.56934e-19
2.30904e-18
-2.39097e-18
7.14707e-18
-7.10422e-18
1.89866e-17
-1.79961e-17
4.76871e-17
-4.2418e-17
1.06571e-16
-8.90356e-17
2.38393e-16
-1.95589e-16
5.47554e-16
-4.29803e-16
-7.77803e-16
5.518e-55
-1.61613e-59
6.21921e-55
-2.8286e-59
1.91653e-53
-8.43269e-58
3.76138e-52
-1.52661e-56
4.15326e-51
-1.67717e-55
3.30911e-50
-1.40905e-54
2.11592e-49
-9.8283e-54
1.1285e-48
-5.86706e-53
5.13148e-48
-3.06126e-52
2.02438e-47
-1.4239e-51
7.02832e-47
-6.03037e-51
2.17276e-46
-2.42292e-50
6.03975e-46
-1.14141e-49
1.5232e-45
-1.30567e-48
3.54241e-45
-3.60147e-47
8.68959e-45
-1.18553e-45
5.52838e-44
-3.87772e-44
1.30549e-42
-1.24789e-42
3.93246e-41
-3.93272e-41
1.19628e-39
-1.22874e-39
3.58221e-38
-3.76247e-38
1.04885e-36
-1.12021e-36
2.98316e-35
-3.22499e-35
8.1494e-34
-8.89643e-34
2.11686e-32
-2.33246e-32
5.20606e-31
-5.79568e-31
1.2057e-29
-1.35736e-29
2.60885e-28
-2.96697e-28
5.19835e-27
-5.95565e-27
9.3507e-26
-1.07525e-25
1.48817e-24
-1.71251e-24
2.05581e-23
-2.36338e-23
2.42253e-22
-2.77983e-22
2.3836e-21
-2.72445e-21
1.90743e-20
-2.16277e-20
1.20395e-19
-1.34608e-19
5.87101e-19
-6.42778e-19
2.24287e-18
-2.38293e-18
7.00373e-18
-7.16855e-18
1.86737e-17
-1.83019e-17
4.64116e-17
-4.28404e-17
1.02946e-16
-9.00752e-17
2.39617e-16
-2.06162e-16
5.59674e-16
-4.369e-16
-6.93146e-16
8.77898e-61
-8.8223e-64
1.32876e-60
-1.98988e-63
5.13198e-59
-7.18189e-62
1.22348e-57
-1.53428e-60
1.66156e-56
-2.01599e-59
1.64762e-55
-2.05982e-58
1.3231e-54
-1.78324e-57
8.9468e-54
-1.36059e-56
5.22093e-53
-9.51837e-56
2.6878e-52
-6.71799e-55
1.24912e-51
-6.88869e-54
5.46831e-51
-1.6345e-52
2.79e-50
-6.05796e-51
3.43898e-49
-2.36861e-49
1.01766e-47
-9.00361e-48
3.58021e-46
-3.31468e-46
1.24739e-44
-1.18429e-44
4.26354e-43
-4.15381e-43
1.42346e-41
-1.42309e-41
4.70096e-40
-4.81462e-40
1.51849e-38
-1.58693e-38
4.7609e-37
-5.05268e-37
1.44113e-35
-1.5476e-35
4.17435e-34
-4.53101e-34
1.14784e-32
-1.2601e-32
2.98837e-31
-3.32239e-31
7.32703e-30
-8.25405e-30
1.67553e-28
-1.90902e-28
3.5168e-27
-4.03966e-27
6.6366e-26
-7.66037e-26
1.10456e-24
-1.27843e-24
1.59287e-23
-1.84719e-23
1.95789e-22
-2.27441e-22
2.00573e-21
-2.32933e-21
1.66492e-20
-1.92488e-20
1.08414e-19
-1.24037e-19
5.4203e-19
-6.09521e-19
2.10578e-18
-2.30718e-18
6.64591e-18
-7.04435e-18
1.78247e-17
-1.81811e-17
4.39014e-17
-4.24576e-17
9.73108e-17
-9.05361e-17
2.35353e-16
-2.1581e-16
5.28462e-16
-4.21935e-16
-5.80109e-16
4.61396e-65
-9.31078e-68
9.07768e-65
-2.77663e-67
4.22584e-63
-1.25617e-65
1.18676e-61
-3.33919e-64
1.92607e-60
-5.66777e-63
2.3222e-59
-7.84025e-62
2.31397e-58
-9.87377e-61
1.99912e-57
-1.34559e-59
1.56336e-56
-2.96706e-58
1.22057e-55
-1.17713e-56
1.37263e-54
-5.66087e-55
3.54641e-53
-2.69548e-53
1.42268e-51
-1.22409e-51
5.99e-50
-5.30096e-50
2.44108e-48
-2.20085e-48
9.5979e-47
-8.84408e-47
3.65013e-45
-3.44826e-45
1.35874e-43
-1.31748e-43
4.92761e-42
-4.90161e-42
1.76071e-40
-1.79191e-40
6.1168e-39
-6.34385e-39
2.04907e-37
-2.15768e-37
6.59291e-36
-7.03086e-36
2.02487e-34
-2.18661e-34
5.90021e-33
-6.46057e-33
1.62827e-31
-1.81011e-31
4.23036e-30
-4.77429e-30
1.02245e-28
-1.16844e-28
2.25971e-27
-2.60622e-27
4.47353e-26
-5.19374e-26
7.79205e-25
-9.0956e-25
1.17492e-23
-1.37911e-23
1.50972e-22
-1.7823e-22
1.61386e-21
-1.9122e-21
1.39245e-20
-1.64865e-20
9.37294e-20
-1.10241e-19
4.81428e-19
-5.58802e-19
1.90627e-18
-2.16592e-18
6.09433e-18
-6.7322e-18
1.64888e-17
-1.76261e-17
4.04213e-17
-4.13789e-17
9.0632e-17
-9.10846e-17
2.27632e-16
-2.2615e-16
4.69905e-16
-4.09278e-16
-5.79443e-16
4.70301e-69
-1.67665e-71
1.22731e-68
-6.93861e-71
7.1216e-67
-4.1718e-69
2.48358e-65
-1.50558e-67
5.20113e-64
-3.98349e-66
8.48564e-63
-1.26857e-64
1.22954e-61
-6.44884e-63
1.89633e-60
-4.16701e-61
4.67151e-59
-2.68621e-59
2.04885e-57
-1.61804e-57
1.07989e-55
-9.06164e-56
5.59538e-54
-4.75573e-54
2.74841e-52
-2.36126e-52
1.28075e-50
-1.11743e-50
5.69652e-49
-5.06994e-49
2.44289e-47
-2.22644e-47
1.01302e-45
-9.48373e-46
4.10426e-44
-3.94445e-44
1.61496e-42
-1.59208e-42
6.22963e-41
-6.27894e-41
2.32233e-39
-2.38456e-39
8.30213e-38
-8.66271e-38
2.83882e-36
-3.00558e-36
9.2514e-35
-9.94358e-35
2.8607e-33
-3.12681e-33
8.37918e-32
-9.322e-32
2.30833e-30
-2.61196e-30
5.89594e-29
-6.76446e-29
1.37165e-27
-1.59068e-27
2.84967e-26
-3.33491e-26
5.20098e-25
-6.14085e-25
8.21701e-24
-9.79749e-24
1.10647e-22
-1.33277e-22
1.23703e-21
-1.50178e-21
1.11167e-20
-1.35406e-20
7.75091e-20
-9.4176e-20
4.09885e-19
-4.93723e-19
1.65857e-18
-1.96644e-18
5.38629e-18
-6.24594e-18
1.47489e-17
-1.66602e-17
3.6253e-17
-3.97667e-17
8.36732e-17
-9.25588e-17
2.18202e-16
-2.39622e-16
4.15265e-16
-3.99239e-16
-6.60693e-16
8.21861e-73
-5.54877e-75
2.96834e-72
-3.95597e-74
2.27288e-70
-5.01852e-72
1.07331e-68
-5.83237e-70
3.49785e-67
-6.37969e-68
1.31259e-65
-6.44841e-66
7.67213e-64
-5.80021e-64
5.60661e-62
-4.64109e-62
4.03483e-60
-3.34788e-60
2.68478e-58
-2.21031e-58
1.64668e-56
-1.35413e-56
9.39697e-55
-7.77655e-55
5.04256e-53
-4.22785e-53
2.56576e-51
-2.19182e-51
1.24608e-49
-1.08952e-49
5.83458e-48
-5.23384e-48
2.64089e-46
-2.43743e-46
1.16364e-44
-1.10295e-44
4.96245e-43
-4.82717e-43
2.06294e-41
-2.05187e-41
8.24055e-40
-8.35604e-40
3.1429e-38
-3.24454e-38
1.1429e-36
-1.20049e-36
3.95708e-35
-4.23281e-35
1.30052e-33
-1.41919e-33
4.04771e-32
-4.50736e-32
1.18283e-30
-1.34227e-30
3.1921e-29
-3.67913e-29
7.81655e-28
-9.12639e-28
1.70558e-26
-2.01634e-26
3.26738e-25
-3.91387e-25
5.42203e-24
-6.59108e-24
7.67071e-23
-9.46565e-23
8.98948e-22
-1.12315e-21
8.43118e-21
-1.06158e-20
6.1017e-20
-7.69937e-20
3.32996e-19
-4.18754e-19
1.38142e-18
-1.72123e-18
4.57319e-18
-5.61384e-18
1.27242e-17
-1.53504e-17
3.17091e-17
-3.7931e-17
7.7147e-17
-9.65444e-17
2.09013e-16
-2.60058e-16
3.64488e-16
-3.8211e-16
-8.65813e-16
2.65648e-76
-1.10997e-77
1.63832e-75
-3.99632e-76
2.62315e-73
-1.5669e-73
3.97445e-71
-3.38494e-71
5.34129e-69
-4.81187e-69
6.35251e-67
-5.53528e-67
6.56314e-65
-5.47924e-65
5.9336e-63
-4.79689e-63
4.77393e-61
-3.78911e-61
3.4786e-59
-2.74174e-59
2.33192e-57
-1.8433e-57
1.45488e-55
-1.16258e-55
8.54102e-54
-6.94251e-54
4.75649e-52
-3.95193e-52
2.52844e-50
-2.15734e-50
1.29379e-48
-1.13495e-48
6.39587e-47
-5.78175e-47
3.06277e-45
-2.84631e-45
1.41467e-43
-1.35086e-43
6.33075e-42
-6.18756e-42
2.70833e-40
-2.7035e-40
1.10255e-38
-1.12354e-38
4.2696e-37
-4.44253e-37
1.57311e-35
-1.67299e-35
5.50383e-34
-5.99153e-34
1.82182e-32
-2.02922e-32
5.64818e-31
-6.42543e-31
1.61028e-29
-1.86492e-29
4.15147e-28
-4.88569e-28
9.5267e-27
-1.14014e-26
1.9198e-25
-2.34015e-25
3.35534e-24
-4.17392e-24
5.00017e-23
-6.3479e-23
6.15621e-22
-7.9533e-22
6.03824e-21
-7.90079e-21
4.54567e-20
-5.99267e-20
2.56704e-19
-3.39375e-19
1.09607e-18
-1.44723e-18
3.71539e-18
-4.87783e-18
1.05654e-17
-1.38184e-17
2.71669e-17
-3.65353e-17
7.20277e-17
-1.06508e-16
2.02148e-16
-2.8848e-16
3.28959e-16
-3.67327e-16
-1.42252e-15
5.22674e-79
-4.08188e-79
1.60418e-77
-2.05363e-77
7.85027e-75
-9.20544e-75
2.19976e-72
-2.16016e-72
3.82815e-70
-3.34064e-70
5.17061e-68
-4.20364e-68
5.87035e-66
-4.56269e-66
5.79947e-64
-4.38914e-64
5.10354e-62
-3.81647e-62
4.07134e-60
-3.04153e-60
2.99198e-58
-2.25223e-58
2.048e-56
-1.56508e-56
1.31925e-54
-1.02987e-54
8.05855e-53
-6.45343e-53
4.6993e-51
-3.87737e-51
2.63044e-49
-2.2379e-49
1.42076e-47
-1.24772e-47
7.3925e-46
-6.68695e-46
3.69785e-44
-3.44377e-44
1.78072e-42
-1.70084e-42
8.16116e-41
-7.98436e-41
3.55035e-39
-3.55877e-39
1.46678e-37
-1.50755e-37
5.76168e-36
-6.07801e-36
2.14911e-34
-2.32921e-34
7.57057e-33
-8.42019e-33
2.49034e-31
-2.83678e-31
7.50098e-30
-8.72714e-30
2.03751e-28
-2.41913e-28
4.9264e-27
-5.98093e-27
1.04703e-25
-1.30277e-25
1.93296e-24
-2.47024e-24
3.04201e-23
-3.99139e-23
3.94349e-22
-5.29605e-22
4.0534e-21
-5.54561e-21
3.18164e-20
-4.41365e-20
1.86511e-19
-2.61439e-19
8.2357e-19
-1.16424e-18
2.87531e-18
-4.09193e-18
8.44076e-18
-1.22753e-17
2.31322e-17
-3.71631e-17
6.99428e-17
-1.30097e-16
1.96199e-16
-3.25976e-16
3.49996e-16
-3.94161e-16
-1.23082e-14
1.9017e-80
-1.60891e-80
8.00192e-79
-9.27328e-79
4.41796e-76
-4.57682e-76
1.33576e-73
-1.16233e-73
2.5168e-71
-1.96972e-71
3.70802e-69
-2.73455e-69
4.6072e-67
-3.27962e-67
4.99325e-65
-3.48797e-65
4.8301e-63
-3.35588e-63
4.23841e-61
-2.95975e-61
3.42648e-59
-2.4236e-59
2.58107e-57
-1.86136e-57
1.82996e-55
-1.35403e-55
1.22903e-53
-9.37339e-54
7.87843e-52
-6.21233e-52
4.83192e-50
-3.94324e-50
2.85243e-48
-2.40802e-48
1.61342e-46
-1.40696e-46
8.74418e-45
-7.87212e-45
4.53289e-43
-4.19905e-43
2.22813e-41
-2.12292e-41
1.03763e-39
-1.01761e-39
4.5834e-38
-4.63178e-38
1.92336e-36
-2.00445e-36
7.65888e-35
-8.23438e-35
2.87263e-33
-3.18084e-33
1.00275e-31
-1.14137e-31
3.19243e-30
-3.72842e-30
9.14821e-29
-1.09648e-28
2.33607e-27
-2.88274e-27
5.25186e-26
-6.69183e-26
1.02724e-24
-1.3544e-24
1.71154e-23
-2.3332e-23
2.34129e-22
-3.28947e-22
2.52742e-21
-3.64309e-21
2.07391e-20
-3.0548e-20
1.26683e-19
-1.90339e-19
5.81914e-19
-8.92797e-19
2.11026e-18
-3.32696e-18
6.5326e-18
-1.11853e-17
2.04081e-17
-4.40906e-17
7.36987e-17
-1.84477e-16
1.89767e-16
-3.84269e-16
5.91031e-16
-7.32776e-16
-1.40564e-13
7.43889e-82
-4.8978e-82
3.50932e-80
-3.31256e-80
2.10222e-77
-1.83189e-77
6.82193e-75
-5.10695e-75
1.40017e-72
-9.58501e-73
2.26795e-70
-1.48166e-70
3.10613e-68
-1.98067e-68
3.71454e-66
-2.34463e-66
3.96913e-64
-2.50987e-64
3.84861e-62
-2.45982e-62
3.43577e-60
-2.23827e-60
2.8565e-58
-1.90928e-58
2.23584e-56
-1.54096e-56
1.65664e-54
-1.18344e-54
1.16977e-52
-8.67581e-53
7.87832e-51
-6.07201e-51
5.08604e-49
-4.06796e-49
3.13114e-47
-2.59746e-47
1.84036e-45
-1.58204e-45
1.02838e-43
-9.14133e-44
5.43281e-42
-4.99494e-42
2.71482e-40
-2.58413e-40
1.28536e-38
-1.26807e-38
5.77446e-37
-5.90738e-37
2.45793e-35
-2.60675e-35
9.82077e-34
-1.07762e-33
3.63918e-32
-4.12556e-32
1.22587e-30
-1.4349e-30
3.71285e-29
-4.49333e-29
1.00417e-27
-1.2619e-27
2.39574e-26
-3.13693e-26
4.97978e-25
-6.80745e-25
8.80544e-24
-1.2552e-23
1.27385e-22
-1.88759e-22
1.44745e-21
-2.22011e-21
1.24535e-20
-1.97144e-20
7.96392e-20
-1.30211e-19
3.83522e-19
-6.53043e-19
1.46797e-18
-2.7068e-18
5.06981e-18
-1.18951e-17
2.05334e-17
-6.9548e-17
8.81275e-17
-3.09175e-16
1.88132e-16
-5.12892e-16
1.84442e-15
-2.3766e-15
-1.42139e-12
2.24596e-83
-1.03954e-83
1.21587e-81
-8.81982e-82
8.03786e-79
-5.61181e-79
2.83594e-76
-1.74603e-76
6.40225e-74
-3.68476e-74
1.14996e-71
-6.43975e-72
1.75044e-69
-9.68576e-70
2.32462e-67
-1.2821e-67
2.75828e-65
-1.53866e-65
2.96689e-63
-1.68673e-63
2.93853e-61
-1.71565e-61
2.70933e-59
-1.63565e-59
2.34924e-57
-1.47271e-57
1.92811e-55
-1.25953e-55
1.50353e-53
-1.02518e-53
1.11465e-51
-7.93278e-52
7.88027e-50
-5.85111e-50
5.2915e-48
-4.09789e-48
3.37858e-46
-2.72618e-46
2.0405e-44
-1.71458e-44
1.16219e-42
-1.01752e-42
6.25111e-41
-5.70759e-41
3.18144e-39
-3.03177e-39
1.5336e-37
-1.52542e-37
6.9872e-36
-7.24874e-36
2.97618e-34
-3.21432e-34
1.17173e-32
-1.31652e-32
4.1834e-31
-4.89484e-31
1.34253e-29
-1.6399e-29
3.85816e-28
-4.94629e-28
9.80158e-27
-1.32412e-26
2.17142e-25
-3.09656e-25
4.08393e-24
-6.13931e-24
6.26082e-23
-9.89302e-23
7.50498e-22
-1.24209e-21
6.79272e-21
-1.17641e-20
4.57487e-20
-8.35649e-20
2.34134e-19
-4.69871e-19
9.91391e-19
-2.56646e-18
4.45468e-18
-1.87548e-17
2.66757e-17
-1.47502e-16
1.21196e-16
-5.97103e-16
5.00533e-16
-1.12492e-15
1.83386e-14
-1.99444e-14
-1.32669e-11
4.70704e-85
-1.34654e-85
3.1274e-83
-1.59755e-83
2.34408e-80
-1.21847e-80
9.13473e-78
-4.36393e-78
2.30133e-75
-1.05826e-75
4.65235e-73
-2.12301e-73
7.94235e-71
-3.61786e-71
1.17641e-68
-5.42943e-69
1.56151e-66
-7.35565e-67
1.87509e-64
-9.0901e-65
2.07231e-62
-1.04367e-62
2.13179e-60
-1.11943e-60
2.05863e-58
-1.13183e-58
1.8783e-56
-1.08315e-56
1.62326e-54
-9.84072e-55
1.32796e-52
-8.45675e-53
1.03149e-50
-6.90997e-51
7.58034e-49
-5.33713e-49
5.27372e-47
-3.90059e-47
3.4576e-45
-2.68856e-45
2.13259e-43
-1.74435e-43
1.23966e-41
-1.0672e-41
6.80491e-40
-6.16754e-40
3.52876e-38
-3.36528e-38
1.72371e-36
-1.72823e-36
7.83714e-35
-8.25012e-35
3.28321e-33
-3.63021e-33
1.24562e-31
-1.45085e-31
4.24873e-30
-5.232e-30
1.30196e-28
-1.70593e-28
3.53408e-27
-4.95007e-27
8.36574e-26
-1.25476e-25
1.67643e-24
-2.68959e-24
2.7274e-23
-4.67041e-23
3.45487e-22
-6.30441e-22
3.30094e-21
-6.46556e-21
2.36663e-20
-5.22244e-20
1.34491e-19
-4.03206e-19
7.44076e-19
-4.0257e-18
5.52465e-18
-4.54778e-17
4.43475e-17
-3.62662e-16
1.83424e-16
-9.04963e-16
1.81108e-15
-3.00711e-15
1.18041e-13
-1.36397e-13
-1.25017e-10
5.97187e-87
-9.01994e-88
5.43327e-85
-1.72705e-85
4.81847e-82
-1.69647e-82
2.1386e-79
-7.31127e-80
6.14307e-77
-2.09304e-77
1.41883e-74
-4.8868e-75
2.73496e-72
-9.58177e-73
4.58004e-70
-1.66079e-70
6.84666e-68
-2.55886e-68
9.24896e-66
-3.63115e-66
1.15158e-63
-4.71378e-64
1.33028e-61
-5.77322e-62
1.43985e-59
-6.57151e-60
1.46719e-57
-7.10229e-58
1.41248e-55
-7.26446e-56
1.28054e-53
-6.99669e-54
1.09932e-51
-6.38402e-52
8.88682e-50
-5.48095e-50
6.77302e-48
-4.44082e-48
4.85144e-46
-3.38537e-46
3.25998e-44
-2.42247e-44
2.05882e-42
-1.62927e-42
1.22422e-40
-1.03143e-40
6.85075e-39
-6.13717e-39
3.59651e-37
-3.42476e-37
1.74943e-35
-1.76998e-35
7.81828e-34
-8.41858e-34
3.16319e-32
-3.64383e-32
1.15101e-30
-1.42537e-30
3.77456e-29
-5.06398e-29
1.09805e-27
-1.60497e-27
2.78182e-26
-4.44002e-26
5.94228e-25
-1.03587e-24
1.02563e-23
-1.95358e-23
1.37317e-22
-2.88677e-22
1.39484e-21
-3.4715e-21
1.11549e-20
-4.24433e-20
8.53617e-20
-6.69111e-19
8.47127e-19
-1.08111e-17
9.5678e-18
-1.31691e-16
8.71083e-17
-8.84162e-16
4.30374e-16
-1.47867e-15
1.99312e-14
-2.30661e-14
1.66137e-12
-1.78495e-12
-7.42962e-10
3.87385e-89
-2.49145e-90
5.57513e-87
-9.66549e-88
6.30224e-84
-1.35703e-84
3.33129e-81
-7.28912e-82
1.12104e-78
-2.56651e-79
2.99912e-76
-7.13642e-77
6.62837e-74
-1.64511e-74
1.2783e-71
-3.33876e-72
2.16787e-69
-5.95211e-70
3.35535e-67
-9.77113e-68
4.71379e-65
-1.45251e-65
6.20526e-63
-2.04931e-63
7.54603e-61
-2.6743e-61
8.66562e-59
-3.27759e-59
9.37119e-57
-3.8312e-57
9.49899e-55
-4.1926e-55
9.08234e-53
-4.31319e-53
8.13754e-51
-4.16989e-51
6.85344e-49
-3.79316e-49
5.40968e-47
-3.23692e-47
3.99275e-45
-2.58498e-45
2.75916e-43
-1.93204e-43
1.78769e-41
-1.35287e-41
1.08431e-39
-8.8516e-40
6.14263e-38
-5.41592e-38
3.20895e-36
-3.0567e-36
1.53584e-34
-1.58565e-34
6.65754e-33
-7.50707e-33
2.59508e-31
-3.2173e-31
9.13814e-30
-1.25775e-29
2.85434e-28
-4.3937e-28
7.73517e-27
-1.33757e-26
1.75655e-25
-3.42913e-25
3.20308e-24
-7.21649e-24
4.54545e-23
-1.34011e-22
5.2146e-22
-3.02375e-21
6.04527e-21
-8.5006e-20
8.99413e-20
-2.06511e-18
1.36806e-18
-3.42549e-17
1.57268e-17
-3.77742e-16
1.82822e-16
-1.22991e-15
2.15267e-15
-7.22797e-15
9.83767e-14
-1.27865e-13
1.06938e-11
-1.2438e-11
-6.62847e-10
1.02259e-91
-2.30766e-93
2.92371e-89
-2.38886e-90
4.69001e-86
-5.30339e-87
3.05972e-83
-3.82081e-84
1.25735e-80
-1.71226e-81
3.98771e-78
-5.81549e-79
1.03255e-75
-1.62185e-76
2.3248e-73
-3.88099e-74
4.5503e-71
-8.18002e-72
8.12879e-69
-1.56901e-69
1.30487e-66
-2.72293e-67
1.97459e-64
-4.476e-65
2.74698e-62
-6.79206e-63
3.56919e-60
-9.58937e-61
4.40041e-58
-1.29536e-58
5.05468e-56
-1.63762e-56
5.43335e-54
-1.94147e-54
5.46408e-52
-2.15168e-52
5.14765e-50
-2.23152e-50
4.52949e-48
-2.16761e-48
3.71318e-46
-1.96368e-46
2.83584e-44
-1.65683e-44
2.01938e-42
-1.30223e-42
1.33682e-40
-9.49881e-41
8.23095e-39
-6.47059e-39
4.64724e-37
-4.041e-37
2.39604e-35
-2.31683e-35
1.11933e-33
-1.21557e-33
4.69497e-32
-5.78303e-32
1.77965e-30
-2.519e-30
5.9628e-29
-9.80473e-29
1.71894e-27
-3.32555e-27
4.10939e-26
-9.81351e-26
7.91415e-25
-3.14311e-24
1.31351e-23
-1.55004e-22
2.56877e-22
-8.56625e-21
6.0017e-21
-3.10653e-19
1.13977e-19
-7.33092e-18
1.33833e-18
-1.04413e-16
1.60229e-17
-9.98663e-16
5.99659e-17
-6.05746e-15
1.74245e-16
-1.91658e-14
2.90664e-14
-2.03909e-13
1.58798e-12
-1.07783e-11
-2.94588e-10
8.9194e-95
-5.12704e-97
6.67143e-92
-2.07884e-93
1.6859e-88
-8.55624e-90
1.46174e-85
-8.70424e-87
7.59563e-83
-5.13669e-84
2.92962e-80
-2.20343e-81
9.14596e-78
-7.56375e-79
2.42095e-75
-2.16062e-76
5.58806e-73
-5.53076e-74
1.16369e-70
-1.25541e-71
2.17599e-68
-2.61171e-69
3.82805e-66
-5.0632e-67
6.1786e-64
-9.03733e-65
9.22609e-62
-1.514e-62
1.31113e-59
-2.40779e-60
1.73499e-57
-3.58796e-58
2.14239e-55
-4.99344e-56
2.46102e-53
-6.49396e-54
2.63256e-51
-7.91167e-52
2.62431e-49
-8.98436e-50
2.4271e-47
-9.4616e-48
2.07906e-45
-9.25173e-46
1.64911e-43
-8.35258e-44
1.206e-41
-6.96635e-42
8.17622e-40
-5.41429e-40
5.03967e-38
-3.81622e-38
2.82427e-36
-2.46842e-36
1.43189e-34
-1.46016e-34
6.49168e-33
-7.84914e-33
2.64828e-31
-3.87101e-31
9.44014e-30
-1.70491e-29
2.84525e-28
-7.07643e-28
7.1463e-27
-4.76295e-26
1.82169e-25
-6.45789e-24
6.33691e-24
-6.36106e-22
1.84768e-22
-3.77254e-20
1.76583e-23
-1.22016e-18
-2.3707e-18
-2.28485e-17
-4.71946e-17
-2.45829e-16
-8.84112e-17
-1.23857e-15
4.11349e-16
-3.2418e-14
7.56375e-14
-3.89481e-13
6.01226e-13
-1.22998e-12
1.83951e-11
-3.15523e-11
-3.99742e-10
1.83523e-98
-1.66795e-101
5.27298e-95
-5.00253e-97
2.46954e-91
-4.46691e-93
2.99724e-88
-6.83937e-90
2.03903e-85
-5.49828e-87
9.89133e-83
-3.00467e-84
3.78834e-80
-1.27863e-81
1.19365e-77
-4.58851e-79
3.3377e-75
-1.4138e-76
8.20622e-73
-3.9177e-74
1.83536e-70
-9.96306e-72
3.79945e-68
-2.30779e-69
7.19671e-66
-5.00387e-67
1.27201e-63
-1.02572e-64
2.12249e-61
-1.96975e-62
3.30065e-59
-3.5371e-60
4.76832e-57
-5.94958e-58
6.4026e-55
-9.41365e-56
8.00936e-53
-1.39527e-53
9.28497e-51
-1.92134e-51
9.92029e-49
-2.45698e-49
9.77464e-47
-2.90504e-47
8.82522e-45
-3.12076e-45
7.29767e-43
-3.12149e-43
5.56691e-41
-2.84583e-41
3.80505e-39
-2.3337e-39
2.35152e-37
-1.75829e-37
1.30418e-35
-1.20073e-35
6.41076e-34
-7.4707e-34
2.79207e-32
-4.26012e-32
1.03065e-30
-2.46821e-30
3.2844e-29
-5.33176e-28
1.41782e-27
-1.82746e-25
6.64223e-26
-3.44669e-23
-4.51058e-22
-2.83001e-21
-4.5194e-20
-1.24833e-19
-1.49068e-18
-3.21972e-18
-2.37295e-17
-4.99455e-17
-3.43932e-17
-4.64021e-16
1.56411e-15
-3.67958e-15
5.75216e-14
-1.23607e-13
3.42224e-13
-5.95421e-12
7.74458e-12
-3.21044e-11
1.31415e-11
-5.84562e-11
-5.72548e-10
5.43285e-103
-2.90032e-107
1.13291e-98
-2.06777e-101
1.15293e-94
-5.1652e-97
2.08762e-91
-1.28258e-93
1.92412e-88
-1.4508e-90
1.1842e-85
-1.05075e-87
5.60394e-83
-5.72954e-85
2.21197e-80
-2.56935e-82
7.42617e-78
-1.00936e-79
2.22377e-75
-3.49661e-77
6.06617e-73
-1.09373e-74
1.49705e-70
-3.22032e-72
3.43653e-68
-8.77118e-70
7.41337e-66
-2.23632e-67
1.48952e-63
-5.33887e-65
2.78256e-61
-1.19795e-62
4.84103e-59
-2.54874e-60
7.87559e-57
-5.09672e-58
1.19273e-54
-9.56057e-56
1.66695e-52
-1.67857e-53
2.14753e-50
-2.7503e-51
2.53676e-48
-4.11484e-49
2.69643e-46
-5.59284e-47
2.63825e-44
-7.06391e-45
2.32011e-42
-7.95598e-43
1.80304e-40
-8.05265e-41
1.25777e-38
-7.28484e-39
7.70003e-37
-5.99133e-37
4.09382e-35
-4.46518e-35
1.84326e-33
-3.33473e-33
7.21222e-32
-2.73716e-30
6.56633e-30
-3.22481e-27
-2.65342e-25
-9.25491e-25
-8.7813e-23
-1.08337e-22
-7.26913e-21
-6.76402e-21
-2.88626e-19
-2.49068e-19
-6.27063e-18
-5.63681e-18
-7.7085e-17
-7.91216e-17
-5.24391e-17
-6.75718e-16
8.45207e-15
-1.26079e-14
3.44394e-13
-4.6964e-13
-9.28055e-12
-7.13659e-12
-3.15988e-13
-2.07114e-10
1.48257e-10
-4.06375e-10
-3.8702e-10
8.45941e-109
-1.58251e-115
4.10372e-103
-8.20063e-107
1.16854e-98
-7.98273e-102
3.39768e-95
-3.44978e-98
4.38167e-92
-5.79547e-95
3.5588e-89
-5.80917e-92
2.15063e-86
-4.26418e-89
1.05776e-83
-2.52337e-86
4.51617e-81
-1.28541e-83
1.68668e-78
-5.88875e-81
5.64634e-76
-2.42453e-78
1.76715e-73
-9.1588e-76
5.08352e-71
-3.26468e-73
1.36046e-68
-1.10409e-70
3.38848e-66
-3.49681e-68
7.88399e-64
-1.03987e-65
1.72846e-61
-2.92154e-63
3.53829e-59
-7.72442e-61
6.74649e-57
-1.90308e-58
1.19463e-54
-4.36953e-56
1.95676e-52
-9.4908e-54
2.8968e-50
-1.91255e-51
3.84832e-48
-3.49425e-49
4.67913e-46
-5.87067e-47
4.97551e-44
-8.80213e-45
4.6318e-42
-1.18012e-42
3.71302e-40
-1.38971e-40
2.55457e-38
-1.4689e-38
1.43918e-36
-1.3908e-36
6.47138e-35
-2.90923e-33
1.02773e-32
-2.01987e-29
-1.38935e-26
-9.35922e-27
-4.06072e-24
-1.64701e-24
-4.34906e-22
-1.52392e-22
-2.39381e-20
-8.33972e-21
-7.53168e-19
-2.8419e-19
-1.40442e-17
-6.13996e-18
-1.54411e-16
-8.36019e-17
-2.58075e-16
-6.95419e-16
-1.65879e-15
-1.16763e-14
-8.91699e-14
-3.93583e-13
2.00693e-12
-9.52798e-12
-2.10733e-10
-1.01387e-10
-3.66768e-11
-1.12787e-09
-4.68683e-10
4.0608e-117
-1.83205e-128
1.38938e-108
-8.8434e-114
1.53578e-103
-6.29215e-108
7.68205e-100
-5.88789e-104
1.46239e-96
-1.58816e-100
1.63632e-93
-2.40525e-97
1.32625e-90
-2.54854e-94
8.58167e-88
-2.14046e-91
4.73858e-85
-1.51795e-88
2.33474e-82
-9.61611e-86
1.02639e-79
-5.55118e-83
4.11189e-77
-2.94536e-80
1.5443e-74
-1.46043e-77
5.46785e-72
-6.78045e-75
1.80153e-69
-2.96448e-72
5.53707e-67
-1.23181e-69
1.59697e-64
-4.85442e-67
4.30305e-62
-1.79773e-64
1.07182e-59
-6.26752e-62
2.46571e-57
-2.05466e-59
5.31018e-55
-6.1814e-57
1.04782e-52
-1.7171e-54
1.84572e-50
-4.54568e-52
2.93073e-48
-1.06195e-49
4.04259e-46
-2.30862e-47
4.79729e-44
-4.43546e-45
4.70653e-42
-7.52771e-43
3.71742e-40
-1.13745e-40
2.03769e-38
-8.26738e-38
4.36557e-36
-2.40549e-32
-1.35721e-28
-2.14769e-29
-5.5955e-26
-6.24131e-27
-8.78391e-24
-9.20723e-25
-7.20065e-22
-7.98737e-23
-3.44141e-20
-4.34972e-21
-1.00148e-18
-1.53141e-19
-1.78789e-17
-3.51088e-18
-1.91257e-16
-5.18837e-17
-5.38585e-16
-4.80292e-16
-4.54026e-15
-8.10406e-15
-1.19261e-13
-2.88266e-13
-3.08847e-12
-6.76283e-12
-6.34159e-11
-7.71256e-11
-2.97329e-10
-1.02365e-09
5.72047e-10
3.99685e-130
-9.97188e-158
1.22536e-115
-1.58109e-123
9.83292e-110
-4.05473e-116
1.05029e-105
-1.27124e-111
3.18638e-102
-6.67126e-108
5.35712e-99
-1.78709e-104
6.24027e-96
-3.05074e-101
5.71158e-93
-4.00473e-98
4.37852e-90
-4.38608e-95
2.97605e-87
-4.17755e-92
1.83037e-84
-3.66685e-89
1.02772e-81
-2.97574e-86
5.35723e-79
-2.25915e-83
2.59781e-76
-1.6052e-80
1.17844e-73
-1.07272e-77
5.04579e-71
-6.79889e-75
2.03414e-68
-4.07291e-72
7.64495e-66
-2.28059e-69
2.68095e-63
-1.19586e-66
8.75043e-61
-5.88253e-64
2.58936e-58
-2.72032e-61
6.9699e-56
-1.17538e-58
1.75414e-53
-4.63534e-56
3.79752e-51
-1.719e-53
7.37731e-49
-5.72163e-51
1.19753e-46
-1.71998e-48
1.55645e-44
-4.74086e-46
1.44779e-42
-1.16083e-43
2.34817e-40
-7.03025e-37
-2.01027e-31
-2.58122e-33
-1.51969e-28
-1.59224e-30
-3.94199e-26
-4.47744e-28
-5.23095e-24
-7.16194e-26
-4.0642e-22
-7.15746e-24
-1.95924e-20
-4.68867e-22
-5.99313e-19
-2.06142e-20
-1.16207e-17
-6.13571e-19
-1.39667e-16
-1.23549e-17
-5.40353e-16
-1.68314e-16
-6.89205e-15
-2.17151e-15
-2.22774e-13
-7.60894e-14
-4.79716e-12
-2.35833e-12
-4.05682e-11
-4.44555e-11
-1.17186e-09
-6.81925e-10
7.37899e-10
1.71949e-159
-6.49937e-182
1.67983e-125
-1.13849e-139
4.7995e-118
-3.36644e-128
1.68247e-113
-7.70903e-123
9.81722e-110
-1.1434e-118
2.89767e-106
-6.40051e-115
5.41012e-103
-2.09224e-111
7.7122e-100
-5.0745e-108
9.10734e-97
-1.01462e-104
9.28812e-94
-1.75601e-101
8.67066e-91
-2.73445e-98
7.43405e-88
-3.93642e-95
5.92363e-85
-5.3707e-92
4.3884e-82
-6.89425e-89
3.03695e-79
-8.30128e-86
1.97907e-76
-9.459e-83
1.20965e-73
-1.01533e-79
6.85251e-71
-1.01412e-76
3.60039e-68
-9.78763e-74
1.75474e-65
-8.8045e-71
7.93127e-63
-7.32913e-68
3.2928e-60
-5.68449e-65
1.2202e-57
-4.19483e-62
4.12261e-55
-2.76938e-59
1.19412e-52
-1.70189e-56
2.89646e-50
-9.52119e-54
5.55274e-48
-4.98829e-51
6.11293e-46
-2.31146e-48
-7.15664e-36
-5.93069e-41
-2.02427e-32
-1.78766e-37
-1.12109e-29
-1.47793e-34
-2.88771e-27
-6.11219e-32
-4.24781e-25
-1.51327e-29
-3.89568e-23
-2.44251e-27
-2.32727e-21
-2.6926e-25
-9.24254e-20
-2.07962e-23
-2.45741e-18
-1.13734e-21
-4.40094e-17
-4.40115e-20
-4.74616e-16
-1.19144e-18
-2.68123e-15
-2.44198e-17
-7.79687e-14
-1.05152e-15
-2.36175e-12
-4.8157e-14
-4.55576e-11
-1.7314e-12
-3.17124e-09
-6.7185e-11
3.78397e-10
7.7769e-184
-1.57678e-220
8.23915e-142
-2.06984e-198
2.60575e-130
-3.65664e-152
6.43438e-125
-2.33087e-145
1.04358e-120
-1.75767e-140
6.38325e-117
-3.38719e-136
2.27137e-113
-3.67011e-132
5.96595e-110
-2.83667e-128
1.28404e-106
-1.77652e-124
2.37691e-103
-9.6514e-121
3.9333e-100
-4.74369e-117
5.97818e-97
-2.16496e-113
8.5555e-94
-9.35995e-110
1.14437e-90
-3.79651e-106
1.42596e-87
-1.45625e-102
1.66933e-84
-5.26919e-99
1.82655e-81
-1.77864e-95
1.84357e-78
-5.62927e-92
1.78023e-75
-1.72743e-88
1.5836e-72
-4.96982e-85
1.28511e-69
-1.32028e-81
9.54287e-67
-3.31753e-78
6.58268e-64
-7.68653e-75
3.92802e-61
-1.63513e-71
2.07335e-58
-3.17714e-68
9.13301e-56
-5.74866e-65
3.13897e-53
-9.41961e-62
4.93322e-51
-1.38022e-58
-5.4769e-40
-9.01812e-51
-1.40839e-36
-9.6049e-47
-1.07607e-33
-2.31182e-43
-4.19282e-31
-2.60787e-40
-9.8636e-29
-1.67416e-37
-1.51821e-26
-6.65596e-35
-1.59582e-24
-1.71001e-32
-1.17057e-22
-2.89303e-30
-6.03229e-21
-3.23318e-28
-2.17394e-19
-2.35767e-26
-5.39952e-18
-1.0859e-24
-8.73286e-17
-2.93321e-23
-1.15658e-15
-3.74126e-22
-4.91408e-14
7.04778e-23
-1.77987e-12
1.0388e-20
-6.89615e-11
6.35026e-20
1.85519e-21
9.26171e-223
5.89989e-201
1.03916e-154
6.85873e-148
5.55494e-143
1.16242e-138
1.36784e-134
1.14387e-130
7.70944e-127
4.48031e-123
2.34083e-119
1.12843e-115
5.12012e-112
2.16536e-108
8.60156e-105
3.20022e-101
1.1022e-97
3.52894e-94
1.08486e-90
3.0911e-87
8.02025e-84
1.93396e-80
4.2014e-77
8.11296e-74
1.36286e-70
1.96399e-67
2.16726e-64
1.22955e-61
-8.43978e-50
-7.14494e-46
-1.53114e-42
-1.56814e-39
-9.17762e-37
-3.31948e-34
-7.70699e-32
-1.16489e-29
-1.14149e-27
-7.06375e-26
-2.57815e-24
-4.49087e-23
1.17771e-23
2.57371e-21
2.79795e-20
8.41051e-21
)
;

boundaryField
{
    leftWall
    {
        type            calculated;
        value           uniform 0;
    }
    rightWall
    {
        type            calculated;
        value           nonuniform 0();
    }
    lowerWall
    {
        type            calculated;
        value           nonuniform 0();
    }
    atmosphere
    {
        type            calculated;
        value           uniform 0;
    }
    defaultFaces
    {
        type            empty;
        value           nonuniform 0();
    }
    procBoundary2to0
    {
        type            processor;
        value           nonuniform List<scalar> 
46
(
7.6409e-20
8.19537e-20
8.48241e-20
8.50165e-20
8.27733e-20
7.85099e-20
7.2734e-20
6.5973e-20
5.87179e-20
5.13867e-20
4.4308e-20
3.77237e-20
3.18207e-20
2.68272e-20
2.32802e-20
2.26931e-20
2.89672e-20
5.08317e-20
1.05218e-19
2.20854e-19
4.40721e-19
8.21738e-19
1.43024e-18
2.33236e-18
3.57893e-18
-2.23833e-25
-1.29497e-25
-1.90443e-25
-4.92877e-25
-1.76463e-25
3.36328e-24
1.71054e-23
5.8041e-23
1.60911e-22
3.85253e-22
8.17972e-22
1.56961e-21
2.76126e-21
4.50192e-21
6.85993e-21
9.83423e-21
1.33295e-20
1.71454e-20
2.09936e-20
-3.87042e-20
2.45462e-20
)
;
    }
    procBoundary2to3
    {
        type            processor;
        value           nonuniform List<scalar> 
43
(
8.51603e-18
1.03515e-17
1.32167e-17
1.75363e-17
2.39553e-17
3.34137e-17
4.72007e-17
6.69377e-17
9.44303e-17
1.31385e-16
1.79111e-16
2.38325e-16
3.0856e-16
3.86618e-16
4.70559e-16
5.79836e-16
7.31747e-16
8.79679e-16
1.02338e-15
1.13337e-15
1.08036e-15
8.9085e-16
7.64272e-16
7.9337e-16
8.84307e-16
1.21092e-15
1.14658e-14
1.30496e-13
1.32768e-12
1.18686e-11
1.12241e-10
4.72978e-10
3.6951e-11
5.53904e-10
8.68459e-11
6.02379e-11
-3.71602e-10
-8.62175e-10
5.6279e-10
-6.33404e-10
-2.14262e-09
-4.09392e-10
-1.03379e-21
)
;
    }
}


// ************************************************************************* //
