/*--------------------------------*- C++ -*----------------------------------*\
| =========                 |                                                 |
| \\      /  F ield         | OpenFOAM: The Open Source CFD Toolbox           |
|  \\    /   O peration     | Version:  3.0.1                                 |
|   \\  /    A nd           | Web:      www.OpenFOAM.org                      |
|    \\/     M anipulation  |                                                 |
\*---------------------------------------------------------------------------*/
FoamFile
{
    version     2.0;
    format      ascii;
    class       volScalarField;
    location    "0.4";
    object      p_rgh;
}
// * * * * * * * * * * * * * * * * * * * * * * * * * * * * * * * * * * * * * //

dimensions      [1 -1 -2 0 0 0 0];

internalField   nonuniform List<scalar> 
1915
(
1.67001
1.67724
1.68496
1.69322
1.70202
1.7114
1.72138
1.73197
1.7432
1.75508
1.76763
1.78084
1.79473
1.8093
1.82455
1.84049
1.85712
1.87447
1.89255
1.9114
1.93109
1.95171
1.9734
1.99634
2.0208
1.57313
1.57375
1.57424
1.57524
1.57656
1.57819
1.58015
1.58242
1.58499
1.58786
1.59104
1.59451
1.5983
1.6024
1.60682
1.61158
1.6167
1.62218
1.62804
1.63431
1.641
1.64814
1.65575
1.66386
1.67248
1.68165
1.69138
1.70169
1.71261
1.72414
1.7363
1.74911
1.76258
1.77672
1.79157
1.80713
1.82343
1.84053
1.85847
1.87734
1.89724
1.91831
1.94075
1.96479
1.99073
1.54353
1.54413
1.5447
1.54571
1.54704
1.54867
1.55062
1.55286
1.55541
1.55825
1.56139
1.56484
1.56859
1.57266
1.57704
1.58176
1.58681
1.59223
1.59802
1.60419
1.61077
1.61778
1.62523
1.63315
1.64156
1.65048
1.65992
1.66991
1.68047
1.69162
1.70336
1.71573
1.72875
1.74243
1.75682
1.77195
1.78787
1.80465
1.82236
1.84112
1.86107
1.88239
1.90531
1.93009
1.95707
1.51303
1.51363
1.51426
1.5153
1.51663
1.51826
1.52019
1.5224
1.52491
1.52771
1.53081
1.53421
1.53791
1.54191
1.54623
1.55087
1.55584
1.56116
1.56684
1.57288
1.57931
1.58615
1.59341
1.6011
1.60925
1.61787
1.62699
1.63662
1.64678
1.65749
1.66878
1.68066
1.69317
1.70633
1.7202
1.73483
1.75027
1.76661
1.78396
1.80245
1.82224
1.84354
1.86659
1.8917
1.9192
1.48166
1.48224
1.48293
1.48399
1.48532
1.48694
1.48884
1.49101
1.49348
1.49623
1.49927
1.5026
1.50622
1.51015
1.51437
1.51891
1.52377
1.52896
1.53449
1.54037
1.54662
1.55324
1.56026
1.56769
1.57553
1.58382
1.59257
1.60179
1.6115
1.62173
1.6325
1.64384
1.65577
1.66834
1.68161
1.69562
1.71046
1.72623
1.74303
1.76103
1.7804
1.80136
1.82418
1.84915
1.87664
1.44941
1.44998
1.4507
1.45177
1.45309
1.45469
1.45655
1.45868
1.46109
1.46378
1.46674
1.46999
1.47352
1.47734
1.48146
1.48587
1.49058
1.49561
1.50097
1.50665
1.51268
1.51905
1.52579
1.53291
1.54041
1.54831
1.55664
1.5654
1.57462
1.58431
1.59449
1.60521
1.61649
1.62838
1.64093
1.65421
1.6683
1.68331
1.69937
1.71663
1.73529
1.75556
1.7777
1.80205
1.82894
1.41627
1.41684
1.41758
1.41863
1.41994
1.42151
1.42332
1.4254
1.42774
1.43034
1.43322
1.43637
1.43979
1.44349
1.44746
1.45172
1.45627
1.46112
1.46626
1.47171
1.47748
1.48357
1.48999
1.49676
1.50387
1.51135
1.5192
1.52745
1.5361
1.54519
1.55472
1.56474
1.57527
1.58636
1.59808
1.61048
1.62366
1.63773
1.6528
1.66905
1.68666
1.70585
1.72689
1.75007
1.77577
1.38225
1.38281
1.38354
1.38458
1.38586
1.38737
1.38913
1.39114
1.3934
1.39591
1.39869
1.40172
1.40501
1.40856
1.41238
1.41647
1.42082
1.42546
1.43037
1.43556
1.44103
1.4468
1.45287
1.45923
1.46591
1.47291
1.48024
1.48792
1.49595
1.50436
1.51316
1.52238
1.53206
1.54225
1.55299
1.56436
1.57644
1.58933
1.60317
1.61811
1.63433
1.65204
1.67149
1.69298
1.71686
1.34734
1.34788
1.34858
1.34959
1.35082
1.35228
1.35397
1.35589
1.35806
1.36047
1.36313
1.36603
1.36918
1.37257
1.37621
1.3801
1.38424
1.38863
1.39328
1.39818
1.40333
1.40874
1.41441
1.42034
1.42654
1.43301
1.43977
1.44681
1.45415
1.4618
1.46978
1.47812
1.48684
1.49598
1.50561
1.51577
1.52655
1.53805
1.55038
1.56369
1.57816
1.59397
1.61136
1.63061
1.65204
1.31153
1.31205
1.3127
1.31366
1.31483
1.31622
1.31782
1.31966
1.32172
1.32401
1.32654
1.3293
1.33228
1.3355
1.33894
1.34262
1.34652
1.35065
1.355
1.35958
1.36437
1.36939
1.37463
1.38008
1.38576
1.39165
1.39778
1.40412
1.4107
1.41752
1.4246
1.43194
1.43958
1.44756
1.4559
1.46468
1.47395
1.48381
1.49436
1.50573
1.51807
1.53155
1.5464
1.56285
1.58119
1.27481
1.2753
1.27589
1.27678
1.27787
1.27917
1.28069
1.28242
1.28437
1.28653
1.28891
1.29151
1.29432
1.29735
1.30058
1.30402
1.30767
1.31151
1.31554
1.31977
1.32418
1.32877
1.33354
1.33847
1.34358
1.34885
1.35429
1.35988
1.36563
1.37154
1.37761
1.38386
1.39031
1.39697
1.40388
1.41109
1.41864
1.42661
1.4351
1.44419
1.45403
1.46476
1.47657
1.48966
1.5043
1.23716
1.23763
1.23812
1.23894
1.23994
1.24114
1.24256
1.24417
1.24599
1.24802
1.25025
1.25268
1.25531
1.25812
1.26113
1.26432
1.26768
1.27121
1.27491
1.27875
1.28275
1.28689
1.29115
1.29554
1.30004
1.30464
1.30933
1.3141
1.31896
1.32388
1.32886
1.33392
1.33905
1.34426
1.34957
1.35502
1.36063
1.36647
1.3726
1.37909
1.38606
1.39361
1.40189
1.41108
1.42138
1.19857
1.19901
1.19939
1.20012
1.20102
1.20212
1.20342
1.20492
1.20661
1.20849
1.21055
1.2128
1.21523
1.21783
1.22059
1.22351
1.22657
1.22978
1.23311
1.23656
1.24012
1.24377
1.2475
1.2513
1.25515
1.25904
1.26294
1.26684
1.27073
1.27459
1.2784
1.28216
1.28585
1.28947
1.29303
1.29653
1.29999
1.30345
1.30693
1.31049
1.31421
1.31815
1.32243
1.32717
1.33252
1.159
1.15942
1.15968
1.1603
1.1611
1.16209
1.16328
1.16465
1.1662
1.16793
1.16983
1.17189
1.1741
1.17647
1.17898
1.18161
1.18436
1.18722
1.19018
1.19321
1.19631
1.19945
1.20263
1.20581
1.20898
1.21211
1.21517
1.21815
1.22102
1.22374
1.2263
1.22866
1.2308
1.2327
1.23435
1.23572
1.23682
1.23764
1.23819
1.23849
1.23857
1.23848
1.23826
1.23801
1.23779
1.11844
1.11883
1.11897
1.11949
1.12018
1.12107
1.12213
1.12338
1.12478
1.12635
1.12807
1.12993
1.13193
1.13406
1.1363
1.13864
1.14107
1.14357
1.14613
1.14873
1.15135
1.15397
1.15656
1.1591
1.16156
1.1639
1.1661
1.16811
1.1699
1.17142
1.17265
1.17353
1.17402
1.17407
1.17366
1.17273
1.17125
1.16919
1.16652
1.16322
1.15928
1.1547
1.14948
1.14366
1.13723
1.07686
1.07722
1.07725
1.07766
1.07826
1.07904
1.07999
1.0811
1.08236
1.08376
1.0853
1.08696
1.08874
1.09061
1.09258
1.09462
1.09672
1.09885
1.10101
1.10316
1.10529
1.10737
1.10936
1.11124
1.11297
1.1145
1.11579
1.1168
1.11747
1.11775
1.11758
1.1169
1.11564
1.11374
1.11112
1.10772
1.10347
1.09829
1.09211
1.08487
1.07652
1.06698
1.05621
1.04418
1.03083
1.03425
1.03457
1.0345
1.03482
1.03533
1.03601
1.03685
1.03782
1.03894
1.04017
1.04153
1.04298
1.04453
1.04615
1.04784
1.04957
1.05133
1.0531
1.05484
1.05655
1.05818
1.05971
1.06109
1.0623
1.06328
1.06398
1.06436
1.06434
1.06386
1.06285
1.06124
1.05894
1.05586
1.0519
1.04696
1.04094
1.03372
1.02519
1.01523
1.00371
0.990517
0.975524
0.958616
0.939681
0.918578
0.990602
0.990886
0.990733
0.990973
0.99141
0.991997
0.992721
0.993567
0.994532
0.995604
0.99677
0.998018
0.999335
1.00071
1.00211
1.00354
1.00496
1.00635
1.00768
1.00893
1.01006
1.01104
1.01182
1.01235
1.01259
1.01246
1.0119
1.01084
1.0092
1.00689
1.0038
0.999837
0.994874
0.988786
0.981433
0.972667
0.962326
0.95024
0.936224
0.920088
0.901635
0.880661
0.856961
0.830328
0.800522
0.945938
0.94618
0.945961
0.94614
0.946511
0.94701
0.947625
0.948344
0.949162
0.950068
0.951048
0.952089
0.953177
0.954294
0.955422
0.956539
0.95762
0.958639
0.959566
0.960368
0.961007
0.961441
0.961619
0.961486
0.960977
0.960023
0.958544
0.956453
0.953651
0.950029
0.945464
0.939821
0.932952
0.924692
0.91486
0.903259
0.889669
0.873852
0.855551
0.834487
0.810365
0.782875
0.751687
0.716469
0.676838
0.900284
0.900484
0.900208
0.900339
0.900651
0.901066
0.901578
0.902172
0.902846
0.903588
0.904385
0.905221
0.906082
0.90695
0.907803
0.908617
0.909367
0.910023
0.910551
0.910916
0.911075
0.910979
0.910572
0.909789
0.90856
0.906802
0.904424
0.901324
0.897385
0.892475
0.88645
0.879146
0.870379
0.859945
0.847618
0.833142
0.81623
0.796568
0.773805
0.747557
0.717402
0.682882
0.643504
0.598754
0.548033
0.853673
0.853831
0.853502
0.853594
0.853854
0.854189
0.8546
0.855072
0.855606
0.856188
0.856804
0.857441
0.85808
0.858704
0.859289
0.859811
0.86024
0.860545
0.86069
0.860635
0.860333
0.859729
0.858761
0.857359
0.855441
0.852916
0.849679
0.845613
0.840582
0.834436
0.827003
0.818089
0.807476
0.794918
0.780134
0.762807
0.742577
0.719037
0.691728
0.660134
0.623672
0.581696
0.533486
0.478274
0.415133
0.806133
0.80625
0.805876
0.805935
0.806147
0.806402
0.806716
0.80707
0.807467
0.807893
0.808335
0.808777
0.809203
0.809592
0.80992
0.81016
0.810283
0.810255
0.810036
0.809584
0.808848
0.807767
0.806274
0.804292
0.801731
0.79849
0.794452
0.789484
0.783434
0.77613
0.767375
0.756946
0.744588
0.73001
0.712878
0.692807
0.669357
0.64202
0.610212
0.573258
0.530382
0.48069
0.423174
0.356698
0.279864
0.75769
0.757772
0.757363
0.757392
0.757559
0.757734
0.757955
0.758194
0.758458
0.758735
0.759008
0.759264
0.759485
0.759649
0.759733
0.759708
0.759543
0.759202
0.758645
0.757825
0.756687
0.755168
0.753195
0.750685
0.74754
0.74365
0.738886
0.733102
0.72613
0.717777
0.707823
0.696016
0.682066
0.665638
0.646344
0.623733
0.597279
0.566369
0.530281
0.488166
0.439024
0.381669
0.314728
0.236554
0.145112
0.708377
0.70843
0.708001
0.708
0.708124
0.708218
0.708348
0.708476
0.708613
0.708745
0.708858
0.708936
0.708962
0.708915
0.708768
0.708496
0.708064
0.707436
0.70657
0.705416
0.703917
0.702007
0.699608
0.696631
0.692973
0.688515
0.683119
0.676625
0.668853
0.65959
0.648598
0.635596
0.620263
0.602223
0.581037
0.55619
0.527077
0.492977
0.453035
0.406222
0.351306
0.286788
0.210893
0.121328
0.0153634
0.658235
0.658265
0.657831
0.657798
0.657879
0.657891
0.657932
0.657953
0.657967
0.657961
0.657921
0.657831
0.657673
0.657427
0.657069
0.656568
0.655894
0.655008
0.653865
0.652417
0.650603
0.648354
0.64559
0.642218
0.63813
0.633198
0.627279
0.620203
0.611776
0.601775
0.589939
0.575969
0.559513
0.540162
0.517435
0.490759
0.459459
0.422719
0.379565
0.3288
0.26898
0.198302
0.114586
0.0148078
-0.104279
0.607318
0.607333
0.606901
0.60683
0.606865
0.606793
0.606746
0.606663
0.606559
0.606421
0.606235
0.605986
0.605657
0.605228
0.604675
0.60397
0.603079
0.601965
0.600584
0.598883
0.596804
0.594275
0.591215
0.587527
0.583099
0.577802
0.571484
0.563971
0.555059
0.544514
0.532062
0.517386
0.500115
0.479813
0.455964
0.427955
0.395055
0.356377
0.310858
0.257172
0.193721
0.118429
0.0287519
-0.0791198
-0.208576
0.555694
0.555694
0.555259
0.555139
0.555126
0.554966
0.554832
0.554647
0.554427
0.554163
0.553838
0.55344
0.552953
0.552357
0.551629
0.550741
0.549662
0.548353
0.54677
0.544863
0.542572
0.539827
0.536543
0.532625
0.527959
0.522414
0.515835
0.508045
0.498834
0.487962
0.475146
0.460059
0.442315
0.421462
0.396964
0.368182
0.334353
0.294559
0.247695
0.192389
0.126997
0.0493109
-0.0433744
-0.155339
-0.289471
0.50343
0.503403
0.502955
0.502771
0.502703
0.502451
0.502229
0.501941
0.501609
0.501222
0.500766
0.500229
0.499596
0.498849
0.497966
0.49692
0.495679
0.494208
0.492464
0.490398
0.487951
0.485054
0.481625
0.477568
0.472772
0.467104
0.460411
0.452515
0.443206
0.432239
0.419329
0.404143
0.386292
0.365314
0.340664
0.311696
0.27764
0.237597
0.190468
0.134998
0.0695979
-0.00767107
-0.0992787
-0.208847
-0.338023
0.450586
0.450514
0.450037
0.449772
0.44964
0.449291
0.448979
0.448588
0.448145
0.44764
0.447059
0.446392
0.445627
0.444744
0.443724
0.442541
0.441166
0.439565
0.4377
0.435522
0.432976
0.429995
0.426501
0.422399
0.417583
0.411923
0.405269
0.397446
0.388244
0.377423
0.364699
0.349739
0.332151
0.311473
0.287158
0.258563
0.224928
0.185402
0.138937
0.0845479
0.0207155
-0.0535367
-0.140356
-0.240686
-0.35509
0.397213
0.397067
0.396548
0.396185
0.395982
0.39553
0.395123
0.394628
0.394075
0.393455
0.392756
0.391968
0.39108
0.390074
0.388933
0.387634
0.386151
0.384453
0.382504
0.380261
0.377671
0.374673
0.371192
0.367141
0.362415
0.356895
0.350435
0.342864
0.333983
0.323553
0.311296
0.296883
0.279923
0.259951
0.236416
0.208671
0.175965
0.13746
0.0921705
0.0393197
-0.0226124
-0.093156
-0.174912
-0.263664
-0.361421
0.343331
0.343079
0.342511
0.342036
0.341755
0.341195
0.340691
0.34009
0.339428
0.338696
0.337882
0.33698
0.335977
0.33486
0.333613
0.332216
0.330647
0.32888
0.326883
0.324617
0.322036
0.319083
0.315691
0.31178
0.307256
0.302004
0.295892
0.288757
0.280408
0.270618
0.259114
0.245571
0.229596
0.210717
0.18837
0.16188
0.130465
0.0932218
0.0491523
-0.00270409
-0.0638839
-0.133347
-0.215292
-0.300444
-0.397923
0.28893
0.288544
0.287933
0.287334
0.286971
0.2863
0.285697
0.28499
0.284219
0.283376
0.282451
0.281438
0.280327
0.279107
0.277765
0.276285
0.274651
0.272839
0.270823
0.268572
0.266044
0.263193
0.259959
0.256273
0.252052
0.247196
0.241583
0.235065
0.227464
0.218566
0.208109
0.195771
0.181159
0.163788
0.143063
0.11826
0.0885143
0.0527841
0.00989396
-0.0416797
-0.103435
-0.176253
-0.265684
-0.364317
-0.477582
0.234006
0.233459
0.232825
0.232094
0.231652
0.230872
0.230167
0.229354
0.228473
0.227519
0.226483
0.22536
0.224144
0.222825
0.221396
0.219844
0.218155
0.216315
0.214302
0.212092
0.209654
0.20695
0.203933
0.200547
0.196723
0.192377
0.187404
0.181677
0.175035
0.167284
0.158177
0.147407
0.134582
0.119205
0.100653
0.078148
0.0507215
0.0171562
-0.0240832
-0.0749286
-0.137218
-0.215178
-0.312971
-0.435968
-0.557217
0.178579
0.177849
0.177223
0.176357
0.175841
0.174955
0.174147
0.173226
0.172233
0.171166
0.170016
0.168781
0.167458
0.16604
0.164523
0.162899
0.16116
0.159297
0.157297
0.155144
0.152817
0.15029
0.147532
0.144501
0.141147
0.137407
0.133197
0.128414
0.122926
0.116566
0.109116
0.100291
0.089714
0.0768933
0.0611911
0.0418019
0.0176928
-0.0123354
-0.0505496
-0.0987897
-0.159968
-0.238994
-0.338508
-0.481623
-0.601312
0.122674
0.12174
0.121164
0.120163
0.11958
0.118595
0.11768
0.116652
0.115544
0.114358
0.113089
0.111736
0.110298
0.108774
0.107161
0.105458
0.103663
0.101772
0.0997812
0.0976854
0.0954755
0.0931395
0.0906611
0.0880187
0.0851831
0.0821146
0.0787596
0.075047
0.0708817
0.0661356
0.0606319
0.054125
0.0462728
0.0366149
0.0245092
0.00906318
-0.0109602
-0.0345965
-0.0681304
-0.111527
-0.168831
-0.242145
-0.343249
-0.489954
-0.585036
0.066297
0.0651529
0.0646718
0.0635425
0.062898
0.0618235
0.0607992
0.059662
0.0584341
0.0571237
0.0557276
0.0542473
0.0526845
0.0510407
0.0493186
0.0475215
0.0456536
0.0437196
0.0417245
0.0396728
0.0375685
0.0354147
0.0332132
0.0309635
0.0286612
0.0262957
0.0238485
0.0212891
0.0185695
0.0156143
0.0123026
0.00845249
0.00379111
-0.0020695
-0.00967762
-0.0198128
-0.0335003
-0.0519851
-0.0778213
-0.113947
-0.163504
-0.229338
-0.332474
-0.468403
-0.534444
0.00940652
0.00806861
0.00772268
0.00646896
0.00576102
0.004602
0.00346251
0.00221041
0.000856567
-0.000588223
-0.00212381
-0.00374706
-0.00545342
-0.00723743
-0.00909213
-0.0110089
-0.0129772
-0.014985
-0.0170187
-0.0190629
-0.0211008
-0.0231134
-0.02508
-0.0269782
-0.0287851
-0.0304778
-0.0320352
-0.03344
-0.0346841
-0.0357776
-0.0367662
-0.0377326
-0.0388435
-0.0403858
-0.0427796
-0.0466652
-0.0530013
-0.0631484
-0.0793175
-0.104967
-0.142941
-0.200396
-0.297833
-0.424674
-0.48345
-0.0480632
-0.0496114
-0.0498028
-0.051187
-0.0519766
-0.0532193
-0.0544843
-0.0558639
-0.0573579
-0.0589555
-0.0606532
-0.0624459
-0.0643261
-0.0662849
-0.0683112
-0.0703916
-0.0725102
-0.0746481
-0.0767837
-0.0788918
-0.0809429
-0.0829026
-0.0847312
-0.0863831
-0.0878072
-0.0889464
-0.0897376
-0.090112
-0.0900006
-0.0893369
-0.0880663
-0.0861511
-0.0836133
-0.0805875
-0.077273
-0.0740665
-0.0716508
-0.0710576
-0.0741637
-0.0838536
-0.102691
-0.141915
-0.218259
-0.270699
-0.339699
-0.105884
-0.107769
-0.10781
-0.109319
-0.110217
-0.111543
-0.112944
-0.11447
-0.116126
-0.117901
-0.11979
-0.121786
-0.123878
-0.126054
-0.128301
-0.130601
-0.132934
-0.135276
-0.137597
-0.139865
-0.142037
-0.144066
-0.145894
-0.147454
-0.148668
-0.149447
-0.149688
-0.149271
-0.148064
-0.14591
-0.142694
-0.138185
-0.132302
-0.124943
-0.116045
-0.105655
-0.0939884
-0.0815017
-0.0692215
-0.0583666
-0.0499721
-0.0534493
-0.0787031
-0.00874119
0.0329641
-0.1632
-0.165588
-0.165487
-0.167071
-0.168107
-0.169526
-0.171076
-0.172768
-0.174605
-0.176579
-0.178683
-0.180907
-0.18324
-0.185669
-0.188177
-0.190746
-0.19335
-0.195962
-0.198548
-0.201065
-0.203465
-0.205686
-0.207656
-0.209289
-0.210486
-0.211128
-0.211077
-0.210172
-0.208217
-0.205004
-0.200256
-0.193742
-0.185172
-0.174234
-0.160624
-0.144064
-0.12433
-0.101391
-0.0755696
-0.0470757
-0.0167949
0.00943506
0.0403339
0.188746
0.269489
-0.219436
-0.222182
-0.222038
-0.223655
-0.224893
-0.226442
-0.22816
-0.230036
-0.232071
-0.234258
-0.236591
-0.239062
-0.241659
-0.244368
-0.247172
-0.250052
-0.252981
-0.255928
-0.258855
-0.261717
-0.264455
-0.267001
-0.269272
-0.271168
-0.272574
-0.27335
-0.273332
-0.272323
-0.270087
-0.266334
-0.260759
-0.253023
-0.242712
-0.229361
-0.212481
-0.191558
-0.166094
-0.135746
-0.100511
-0.06084
-0.0195569
0.0146354
0.0389407
0.11262
0.186255
-0.276012
-0.278774
-0.278997
-0.280712
-0.282238
-0.283976
-0.285888
-0.287971
-0.290226
-0.292653
-0.295246
-0.298001
-0.300908
-0.303954
-0.307123
-0.310395
-0.313745
-0.31714
-0.320543
-0.323904
-0.327164
-0.330251
-0.333076
-0.335536
-0.337506
-0.338835
-0.339343
-0.338816
-0.337007
-0.333573
-0.328178
-0.320415
-0.309795
-0.295763
-0.277711
-0.254978
-0.226903
-0.192901
-0.152577
-0.105858
-0.0541241
-0.00118036
0.0514774
0.0781818
-0.0144401
-0.335186
-0.34004
-0.34079
-0.342683
-0.344478
-0.346432
-0.348562
-0.350883
-0.353403
-0.356126
-0.359051
-0.362175
-0.365492
-0.368991
-0.372659
-0.376478
-0.380425
-0.384471
-0.388579
-0.392704
-0.396789
-0.400766
-0.40455
-0.408041
-0.411116
-0.413629
-0.415403
-0.416225
-0.415847
-0.413955
-0.410184
-0.40411
-0.39523
-0.382959
-0.366643
-0.345556
-0.318955
-0.286144
-0.246627
-0.200395
-0.148533
-0.0934021
-0.0384179
-0.000639887
-0.0160753
)
;

boundaryField
{
    leftWall
    {
        type            fixedFluxPressure;
        gradient        uniform 0;
        value           nonuniform List<scalar> 
42
(
1.57313
1.54353
1.51303
1.48166
1.44941
1.41627
1.38225
1.34734
1.31153
1.27481
1.23716
1.19857
1.159
1.11844
1.07686
1.03425
0.990602
0.945938
0.900284
0.853673
0.806133
0.75769
0.708377
0.658235
0.607318
0.555694
0.50343
0.450586
0.397213
0.343331
0.28893
0.234006
0.178579
0.122674
0.066297
0.00940652
-0.0480632
-0.105884
-0.1632
-0.219436
-0.276012
-0.335186
)
;
    }
    rightWall
    {
        type            fixedFluxPressure;
        gradient        nonuniform 0();
        value           nonuniform 0();
    }
    lowerWall
    {
        type            fixedFluxPressure;
        gradient        nonuniform 0();
        value           nonuniform 0();
    }
    atmosphere
    {
        type            totalPressure;
        rho             rho;
        psi             none;
        gamma           1;
        p0              uniform 0;
        value           nonuniform List<scalar> 
45
(
-0.365371
-0.377346
-0.37661
-0.378525
-0.380361
-0.382397
-0.384642
-0.387104
-0.38979
-0.392706
-0.395852
-0.399226
-0.402823
-0.406636
-0.410652
-0.414858
-0.419231
-0.423747
-0.428371
-0.433063
-0.437771
-0.442433
-0.446969
-0.451288
-0.455275
-0.458793
-0.461676
-0.463726
-0.464707
-0.464353
-0.462288
-0.458112
-0.45135
-0.441434
-0.427726
-0.409492
-0.385963
-0.356336
-0.319888
-0.27609
-0.225117
-0.167948
-0.105733
-0.0536894
-0.00732419
)
;
    }
    defaultFaces
    {
        type            empty;
    }
    procBoundary2to0
    {
        type            processor;
        value           nonuniform List<scalar> 
46
(
1.69779
1.70508
1.7129
1.72126
1.7302
1.73975
1.74993
1.76077
1.77229
1.7845
1.7974
1.81099
1.82527
1.84024
1.85587
1.87217
1.8891
1.90666
1.92483
1.9436
1.96301
1.98306
2.00383
2.02543
2.04804
1.60183
1.60248
1.6029
1.60388
1.60519
1.60684
1.60881
1.61109
1.61368
1.61657
1.61976
1.62325
1.62705
1.63116
1.63559
1.64037
1.6455
1.65101
1.65691
1.66324
1.66324
)
;
    }
    procBoundary2to3
    {
        type            processor;
        value           nonuniform List<scalar> 
43
(
2.04714
2.01899
1.98667
1.94954
1.90706
1.85879
1.80437
1.74353
1.67604
1.60179
1.52077
1.43303
1.33866
1.2377
1.13017
1.016
0.895063
0.767201
0.63232
0.490637
0.343021
0.191211
0.0384419
-0.109595
-0.246274
-0.365804
-0.457679
-0.505472
-0.502585
-0.474449
-0.450775
-0.43393
-0.540428
-0.580859
-0.553981
-0.50153
-0.442905
-0.33635
-0.0533839
-0.0147085
-0.241945
-0.21679
-0.124684
)
;
    }
}


// ************************************************************************* //
