/*--------------------------------*- C++ -*----------------------------------*\
| =========                 |                                                 |
| \\      /  F ield         | OpenFOAM: The Open Source CFD Toolbox           |
|  \\    /   O peration     | Version:  3.0.1                                 |
|   \\  /    A nd           | Web:      www.OpenFOAM.org                      |
|    \\/     M anipulation  |                                                 |
\*---------------------------------------------------------------------------*/
FoamFile
{
    version     2.0;
    format      ascii;
    class       surfaceScalarField;
    location    "0.4";
    object      phi;
}
// * * * * * * * * * * * * * * * * * * * * * * * * * * * * * * * * * * * * * //

dimensions      [0 3 -1 0 0 0 0];

internalField   nonuniform List<scalar> 
3742
(
2.30605e-05
-3.94034e-05
2.43656e-05
-3.90576e-05
2.56872e-05
-3.86976e-05
2.70242e-05
-3.83218e-05
2.83751e-05
-3.79285e-05
2.97388e-05
-3.75155e-05
3.11144e-05
-3.70804e-05
3.2501e-05
-3.66208e-05
3.38978e-05
-3.61341e-05
3.53042e-05
-3.56181e-05
3.67192e-05
-3.50706e-05
3.81417e-05
-3.44899e-05
3.95699e-05
-3.38748e-05
4.10008e-05
-3.32244e-05
4.24305e-05
-3.25382e-05
4.38534e-05
-3.18161e-05
4.52617e-05
-3.10582e-05
4.66453e-05
-3.02643e-05
4.79914e-05
-2.94337e-05
4.92838e-05
-2.85646e-05
5.05033e-05
-2.76531e-05
5.16273e-05
-2.66924e-05
5.26302e-05
-2.5671e-05
5.34852e-05
-2.45711e-05
-2.33676e-05
1.08144e-06
-5.5338e-06
2.38158e-06
-4.5436e-05
3.32698e-06
-5.20561e-05
4.18763e-06
-4.76804e-05
5.1306e-06
-4.45734e-05
6.14465e-06
-4.37212e-05
7.18716e-06
-4.36978e-05
8.24018e-06
-4.37229e-05
9.30425e-06
-4.36377e-05
1.03843e-05
-4.34797e-05
1.14838e-05
-4.32914e-05
1.26043e-05
-4.30888e-05
1.37463e-05
-4.28746e-05
1.49104e-05
-4.26481e-05
1.60969e-05
-4.2409e-05
1.73058e-05
-4.21576e-05
1.85371e-05
-4.18943e-05
1.97906e-05
-4.16192e-05
2.1066e-05
-4.13322e-05
2.23625e-05
-4.10328e-05
2.36796e-05
-4.07204e-05
2.50161e-05
-4.03942e-05
2.63713e-05
-4.00527e-05
2.7744e-05
-3.96945e-05
2.91333e-05
-3.93178e-05
3.05382e-05
-3.89204e-05
3.19579e-05
-3.85001e-05
3.33915e-05
-3.80543e-05
3.48381e-05
-3.75807e-05
3.62966e-05
-3.70766e-05
3.77659e-05
-3.65398e-05
3.9244e-05
-3.59681e-05
4.07288e-05
-3.53596e-05
4.22168e-05
-3.47124e-05
4.37036e-05
-3.4025e-05
4.51834e-05
-3.32959e-05
4.66487e-05
-3.25235e-05
4.809e-05
-3.17055e-05
4.94956e-05
-3.08394e-05
5.08519e-05
-2.99209e-05
5.2143e-05
-2.89442e-05
5.33512e-05
-2.79006e-05
5.4458e-05
-2.67778e-05
5.54455e-05
-2.55584e-05
-2.422e-05
1.10191e-06
-6.63573e-06
2.40721e-06
-4.67413e-05
3.37624e-06
-5.30252e-05
4.27356e-06
-4.85778e-05
5.258e-06
-4.55579e-05
6.31196e-06
-4.47751e-05
7.39084e-06
-4.47766e-05
8.47735e-06
-4.48094e-05
9.57306e-06
-4.47334e-05
1.06835e-05
-4.45902e-05
1.18122e-05
-4.44201e-05
1.2961e-05
-4.42377e-05
1.41308e-05
-4.40444e-05
1.53222e-05
-4.38394e-05
1.65357e-05
-4.36225e-05
1.77717e-05
-4.33937e-05
1.90305e-05
-4.31531e-05
2.0312e-05
-4.29007e-05
2.16161e-05
-4.26363e-05
2.29426e-05
-4.23593e-05
2.42909e-05
-4.20688e-05
2.56606e-05
-4.17638e-05
2.70509e-05
-4.14431e-05
2.84613e-05
-4.11049e-05
2.98909e-05
-4.07475e-05
3.1339e-05
-4.03686e-05
3.28049e-05
-3.9966e-05
3.42877e-05
-3.95371e-05
3.57865e-05
-3.90794e-05
3.73e-05
-3.85902e-05
3.88269e-05
-3.80667e-05
4.03651e-05
-3.75063e-05
4.19119e-05
-3.69064e-05
4.34639e-05
-3.62644e-05
4.50165e-05
-3.55777e-05
4.6564e-05
-3.48434e-05
4.80991e-05
-3.40586e-05
4.96134e-05
-3.32198e-05
5.10965e-05
-3.23225e-05
5.25369e-05
-3.13613e-05
5.39218e-05
-3.0329e-05
5.52377e-05
-2.92165e-05
5.64714e-05
-2.80115e-05
5.76117e-05
-2.66987e-05
-2.5259e-05
1.13203e-06
-7.76779e-06
2.44251e-06
-4.80518e-05
3.429e-06
-5.40117e-05
4.35835e-06
-4.95071e-05
5.38119e-06
-4.65807e-05
6.47243e-06
-4.58664e-05
7.58535e-06
-4.58896e-05
8.70351e-06
-4.59276e-05
9.82946e-06
-4.58594e-05
1.09692e-05
-4.57299e-05
1.21264e-05
-4.55774e-05
1.33031e-05
-4.54143e-05
1.45003e-05
-4.52416e-05
1.57189e-05
-4.5058e-05
1.69596e-05
-4.48632e-05
1.8223e-05
-4.46571e-05
1.95096e-05
-4.44397e-05
2.08197e-05
-4.42109e-05
2.21535e-05
-4.39701e-05
2.35108e-05
-4.37167e-05
2.48917e-05
-4.34497e-05
2.62959e-05
-4.3168e-05
2.7723e-05
-4.28702e-05
2.91727e-05
-4.25546e-05
3.06444e-05
-4.22192e-05
3.21377e-05
-4.18619e-05
3.36519e-05
-4.14802e-05
3.51863e-05
-4.10716e-05
3.67401e-05
-4.06332e-05
3.8312e-05
-4.01621e-05
3.99004e-05
-3.96551e-05
4.15034e-05
-3.91093e-05
4.31183e-05
-3.85213e-05
4.47414e-05
-3.78876e-05
4.63685e-05
-3.72048e-05
4.79941e-05
-3.6469e-05
4.96115e-05
-3.5676e-05
5.12129e-05
-3.48212e-05
5.27895e-05
-3.38991e-05
5.43314e-05
-3.29033e-05
5.58284e-05
-3.1826e-05
5.72701e-05
-3.06582e-05
5.86473e-05
-2.93887e-05
5.99531e-05
-2.80044e-05
-2.64904e-05
1.17143e-06
-8.93926e-06
2.48703e-06
-4.93675e-05
3.48559e-06
-5.50103e-05
4.44314e-06
-5.04647e-05
5.5015e-06
-4.76391e-05
6.6272e-06
-4.69921e-05
7.77155e-06
-4.70339e-05
8.91919e-06
-4.70752e-05
1.00737e-05
-4.70139e-05
1.12414e-05
-4.68976e-05
1.24261e-05
-4.67621e-05
1.36299e-05
-4.66181e-05
1.48539e-05
-4.64655e-05
1.60992e-05
-4.63033e-05
1.73669e-05
-4.61308e-05
1.86577e-05
-4.59479e-05
1.99724e-05
-4.57544e-05
2.13115e-05
-4.555e-05
2.26754e-05
-4.5334e-05
2.40645e-05
-4.51057e-05
2.54789e-05
-4.48641e-05
2.69187e-05
-4.46078e-05
2.83839e-05
-4.43353e-05
2.98743e-05
-4.4045e-05
3.13898e-05
-4.37347e-05
3.29301e-05
-4.34022e-05
3.44948e-05
-4.3045e-05
3.60834e-05
-4.26602e-05
3.7695e-05
-4.22449e-05
3.93288e-05
-4.17958e-05
4.09831e-05
-4.13095e-05
4.2656e-05
-4.07822e-05
4.43449e-05
-4.02102e-05
4.60466e-05
-3.95893e-05
4.77568e-05
-3.8915e-05
4.94706e-05
-3.81827e-05
5.11818e-05
-3.73872e-05
5.28835e-05
-3.65229e-05
5.45678e-05
-3.55834e-05
5.62264e-05
-3.45619e-05
5.78507e-05
-3.34504e-05
5.94326e-05
-3.22401e-05
6.09651e-05
-3.09212e-05
6.24439e-05
-2.94831e-05
-2.79149e-05
1.21933e-06
-1.01586e-05
2.53985e-06
-5.0688e-05
3.54613e-06
-5.60166e-05
4.52897e-06
-5.14475e-05
5.6201e-06
-4.87302e-05
6.7772e-06
-4.81492e-05
7.9501e-06
-4.82068e-05
9.1248e-06
-4.825e-05
1.03059e-05
-4.8195e-05
1.14999e-05
-4.80916e-05
1.27107e-05
-4.7973e-05
1.39404e-05
-4.78477e-05
1.51904e-05
-4.77154e-05
1.64618e-05
-4.75747e-05
1.77559e-05
-4.74249e-05
1.90738e-05
-4.72658e-05
2.04164e-05
-4.70971e-05
2.17846e-05
-4.69182e-05
2.31791e-05
-4.67285e-05
2.46003e-05
-4.6527e-05
2.60489e-05
-4.63126e-05
2.75251e-05
-4.6084e-05
2.90293e-05
-4.58396e-05
3.05617e-05
-4.55774e-05
3.21224e-05
-4.52954e-05
3.37115e-05
-4.49913e-05
3.53287e-05
-4.46623e-05
3.69739e-05
-4.43054e-05
3.86465e-05
-4.39174e-05
4.03455e-05
-4.34949e-05
4.20699e-05
-4.30338e-05
4.38179e-05
-4.25302e-05
4.5587e-05
-4.19794e-05
4.73744e-05
-4.13767e-05
4.91763e-05
-4.07169e-05
5.09879e-05
-3.99944e-05
5.28039e-05
-3.92032e-05
5.46179e-05
-3.83369e-05
5.6423e-05
-3.73885e-05
5.82117e-05
-3.63506e-05
5.99765e-05
-3.52152e-05
6.17104e-05
-3.3974e-05
6.34075e-05
-3.26184e-05
6.50642e-05
-3.11398e-05
-2.9531e-05
1.27455e-06
-1.14332e-05
2.59982e-06
-5.20133e-05
3.61085e-06
-5.70276e-05
4.6169e-06
-5.24536e-05
5.73807e-06
-4.98514e-05
6.92322e-06
-4.93343e-05
8.12147e-06
-4.94051e-05
9.32051e-06
-4.9449e-05
1.05259e-05
-4.94004e-05
1.17443e-05
-4.931e-05
1.29796e-05
-4.92082e-05
1.42338e-05
-4.91019e-05
1.55084e-05
-4.899e-05
1.68048e-05
-4.88712e-05
1.81246e-05
-4.87447e-05
1.9469e-05
-4.86102e-05
2.08392e-05
-4.84672e-05
2.22362e-05
-4.83152e-05
2.3661e-05
-4.81533e-05
2.51145e-05
-4.79805e-05
2.65975e-05
-4.77956e-05
2.81107e-05
-4.75972e-05
2.96546e-05
-4.73835e-05
3.12299e-05
-4.71527e-05
3.2837e-05
-4.69026e-05
3.44763e-05
-4.66306e-05
3.61479e-05
-4.63339e-05
3.78519e-05
-4.60094e-05
3.95881e-05
-4.56536e-05
4.1356e-05
-4.52627e-05
4.31546e-05
-4.48324e-05
4.49825e-05
-4.43581e-05
4.68378e-05
-4.38348e-05
4.87179e-05
-4.32568e-05
5.06195e-05
-4.26184e-05
5.25383e-05
-4.19132e-05
5.44694e-05
-4.11343e-05
5.64071e-05
-4.02746e-05
5.83451e-05
-3.93265e-05
6.02764e-05
-3.82819e-05
6.21939e-05
-3.71328e-05
6.40908e-05
-3.58709e-05
6.59609e-05
-3.44886e-05
6.78e-05
-3.29789e-05
-3.13374e-05
1.33566e-06
-1.27689e-05
2.66579e-06
-5.33435e-05
3.68028e-06
-5.80421e-05
4.70817e-06
-5.34815e-05
5.85637e-06
-5.09996e-05
7.0658e-06
-5.05438e-05
8.2859e-06
-5.06252e-05
9.50632e-06
-5.06695e-05
1.07335e-05
-5.06276e-05
1.1974e-05
-5.05505e-05
1.32317e-05
-5.04658e-05
1.45086e-05
-5.03787e-05
1.58063e-05
-5.02877e-05
1.71265e-05
-5.01913e-05
1.84708e-05
-5.0089e-05
1.98407e-05
-4.99801e-05
2.12376e-05
-4.98641e-05
2.26628e-05
-4.97404e-05
2.41176e-05
-4.96081e-05
2.56031e-05
-4.9466e-05
2.71204e-05
-4.93129e-05
2.86705e-05
-4.91473e-05
3.02545e-05
-4.89675e-05
3.18732e-05
-4.87714e-05
3.35274e-05
-4.85569e-05
3.5218e-05
-4.83211e-05
3.69454e-05
-4.80614e-05
3.87102e-05
-4.77742e-05
4.05125e-05
-4.74559e-05
4.23521e-05
-4.71024e-05
4.42287e-05
-4.6709e-05
4.61412e-05
-4.62707e-05
4.80882e-05
-4.57818e-05
5.00676e-05
-4.52362e-05
5.20765e-05
-4.46273e-05
5.41113e-05
-4.3948e-05
5.61676e-05
-4.31906e-05
5.82401e-05
-4.23472e-05
6.03228e-05
-4.14092e-05
6.2409e-05
-4.03682e-05
6.44915e-05
-3.92153e-05
6.65629e-05
-3.79423e-05
6.86158e-05
-3.65415e-05
7.06438e-05
-3.5007e-05
-3.33357e-05
1.40092e-06
-1.41698e-05
2.73686e-06
-5.46794e-05
3.75545e-06
-5.90607e-05
4.80414e-06
-5.45301e-05
5.97582e-06
-5.21713e-05
7.20523e-06
-5.17732e-05
8.44333e-06
-5.18634e-05
9.68192e-06
-5.19081e-05
1.0928e-05
-5.18737e-05
1.21882e-05
-5.18107e-05
1.34661e-05
-5.17436e-05
1.47636e-05
-5.16761e-05
1.60825e-05
-5.16066e-05
1.74248e-05
-5.15336e-05
1.8792e-05
-5.14563e-05
2.01861e-05
-5.13741e-05
2.16085e-05
-5.12866e-05
2.30609e-05
-5.11928e-05
2.45447e-05
-5.10919e-05
2.60614e-05
-5.09827e-05
2.76124e-05
-5.08639e-05
2.91992e-05
-5.0734e-05
3.08229e-05
-5.05913e-05
3.24851e-05
-5.04336e-05
3.41867e-05
-5.02585e-05
3.59291e-05
-5.00636e-05
3.77133e-05
-4.98456e-05
3.95402e-05
-4.9601e-05
4.14104e-05
-4.93261e-05
4.33244e-05
-4.90163e-05
4.52821e-05
-4.86668e-05
4.72833e-05
-4.82719e-05
4.93269e-05
-4.78255e-05
5.14116e-05
-4.73209e-05
5.3535e-05
-4.67507e-05
5.56942e-05
-4.61072e-05
5.78852e-05
-4.53817e-05
6.01033e-05
-4.45653e-05
6.23428e-05
-4.36488e-05
6.45969e-05
-4.26224e-05
6.6858e-05
-4.14765e-05
6.91175e-05
-4.02018e-05
7.1366e-05
-3.87901e-05
7.35941e-05
-3.7235e-05
-3.55333e-05
1.46832e-06
-1.56381e-05
2.81252e-06
-5.60236e-05
3.83778e-06
-6.0086e-05
4.906e-06
-5.55984e-05
6.09676e-06
-5.3362e-05
7.34133e-06
-5.30178e-05
8.59336e-06
-5.31154e-05
9.84671e-06
-5.31614e-05
1.11088e-05
-5.31358e-05
1.23859e-05
-5.30878e-05
1.36813e-05
-5.3039e-05
1.49971e-05
-5.29919e-05
1.63351e-05
-5.29447e-05
1.76974e-05
-5.28959e-05
1.90858e-05
-5.28447e-05
2.05023e-05
-5.27906e-05
2.19486e-05
-5.27329e-05
2.34267e-05
-5.26708e-05
2.49382e-05
-5.26033e-05
2.64849e-05
-5.25294e-05
2.80685e-05
-5.24476e-05
2.96908e-05
-5.23564e-05
3.13536e-05
-5.2254e-05
3.30585e-05
-5.21384e-05
3.48072e-05
-5.20073e-05
3.66013e-05
-5.18577e-05
3.84425e-05
-5.16867e-05
4.03321e-05
-5.14906e-05
4.22714e-05
-5.12654e-05
4.42614e-05
-5.10063e-05
4.63027e-05
-5.07081e-05
4.83958e-05
-5.03649e-05
5.05402e-05
-4.997e-05
5.27354e-05
-4.95161e-05
5.49798e-05
-4.89952e-05
5.72712e-05
-4.83985e-05
5.96063e-05
-4.77168e-05
6.19809e-05
-4.694e-05
6.43897e-05
-4.60576e-05
6.68259e-05
-4.50586e-05
6.92814e-05
-4.3932e-05
7.17462e-05
-4.26666e-05
7.42086e-05
-4.12525e-05
7.66551e-05
-3.96815e-05
-3.79473e-05
1.5355e-06
-1.71736e-05
2.89248e-06
-5.73806e-05
3.92838e-06
-6.11219e-05
5.01414e-06
-5.66842e-05
6.21872e-06
-5.45666e-05
7.47328e-06
-5.42724e-05
8.73507e-06
-5.43772e-05
9.99974e-06
-5.44261e-05
1.12747e-05
-5.44107e-05
1.25658e-05
-5.43788e-05
1.3876e-05
-5.43492e-05
1.52076e-05
-5.43234e-05
1.65623e-05
-5.42995e-05
1.79423e-05
-5.42759e-05
1.93497e-05
-5.42521e-05
2.07865e-05
-5.42274e-05
2.22548e-05
-5.42012e-05
2.37565e-05
-5.41725e-05
2.52938e-05
-5.41406e-05
2.68687e-05
-5.41042e-05
2.84832e-05
-5.40621e-05
3.01395e-05
-5.40127e-05
3.18398e-05
-5.39542e-05
3.35861e-05
-5.38847e-05
3.53807e-05
-5.38018e-05
3.72257e-05
-5.37027e-05
3.91232e-05
-5.35842e-05
4.10753e-05
-5.34427e-05
4.30839e-05
-5.3274e-05
4.51507e-05
-5.30731e-05
4.7277e-05
-5.28345e-05
4.94641e-05
-5.2552e-05
5.17126e-05
-5.22184e-05
5.40226e-05
-5.18261e-05
5.63935e-05
-5.13661e-05
5.88241e-05
-5.08292e-05
6.13121e-05
-5.02048e-05
6.38541e-05
-4.9482e-05
6.64453e-05
-4.86489e-05
6.90793e-05
-4.76927e-05
7.17477e-05
-4.66004e-05
7.44396e-05
-4.53585e-05
7.71409e-05
-4.39539e-05
7.9834e-05
-4.23745e-05
-4.06086e-05
1.59965e-06
-1.87733e-05
2.97608e-06
-5.8757e-05
4.02708e-06
-6.21729e-05
5.12731e-06
-5.77844e-05
6.33992e-06
-5.57793e-05
7.59936e-06
-5.55319e-05
8.86696e-06
-5.56449e-05
1.01396e-05
-5.56988e-05
1.14244e-05
-5.56955e-05
1.27265e-05
-5.5681e-05
1.40488e-05
-5.56716e-05
1.53934e-05
-5.5668e-05
1.67622e-05
-5.56683e-05
1.81575e-05
-5.56712e-05
1.95814e-05
-5.5676e-05
2.10361e-05
-5.56821e-05
2.25239e-05
-5.56889e-05
2.4047e-05
-5.56956e-05
2.56077e-05
-5.57013e-05
2.72085e-05
-5.57049e-05
2.88516e-05
-5.57052e-05
3.05397e-05
-5.57007e-05
3.22753e-05
-5.56898e-05
3.4061e-05
-5.56704e-05
3.58995e-05
-5.56403e-05
3.77936e-05
-5.55968e-05
3.9746e-05
-5.55366e-05
4.17594e-05
-5.54561e-05
4.38364e-05
-5.5351e-05
4.59795e-05
-5.52162e-05
4.81911e-05
-5.50461e-05
5.04732e-05
-5.48341e-05
5.28275e-05
-5.45727e-05
5.52552e-05
-5.42538e-05
5.7757e-05
-5.38679e-05
6.03328e-05
-5.3405e-05
6.29817e-05
-5.28537e-05
6.57015e-05
-5.22019e-05
6.84885e-05
-5.1436e-05
7.13374e-05
-5.05416e-05
7.42401e-05
-4.95031e-05
7.71855e-05
-4.83038e-05
8.01581e-05
-4.69265e-05
8.31369e-05
-4.53533e-05
-4.35645e-05
1.65767e-06
-2.04309e-05
3.06162e-06
-6.0161e-05
4.13142e-06
-6.32427e-05
5.24198e-06
-5.8895e-05
6.45702e-06
-5.69943e-05
7.71694e-06
-5.67918e-05
8.98694e-06
-5.69149e-05
1.02646e-05
-5.69764e-05
1.15562e-05
-5.69872e-05
1.28666e-05
-5.69913e-05
1.41982e-05
-5.70032e-05
1.55531e-05
-5.70229e-05
1.69333e-05
-5.70486e-05
1.83412e-05
-5.7079e-05
1.97789e-05
-5.71137e-05
2.12488e-05
-5.71521e-05
2.27534e-05
-5.71935e-05
2.42952e-05
-5.72374e-05
2.58766e-05
-5.72827e-05
2.75005e-05
-5.73287e-05
2.91695e-05
-5.73742e-05
3.08866e-05
-5.74178e-05
3.26547e-05
-5.74579e-05
3.44771e-05
-5.74928e-05
3.63569e-05
-5.75202e-05
3.82975e-05
-5.75374e-05
4.03023e-05
-5.75414e-05
4.23747e-05
-5.75285e-05
4.45182e-05
-5.74944e-05
4.67361e-05
-5.74342e-05
4.90318e-05
-5.73418e-05
5.14085e-05
-5.72107e-05
5.3869e-05
-5.70332e-05
5.64159e-05
-5.68007e-05
5.90514e-05
-5.65035e-05
6.1777e-05
-5.61307e-05
6.45935e-05
-5.56703e-05
6.75006e-05
-5.5109e-05
7.04966e-05
-5.4432e-05
7.35777e-05
-5.36227e-05
7.67375e-05
-5.2663e-05
7.99661e-05
-5.15323e-05
8.32483e-05
-5.02088e-05
8.65622e-05
-4.86671e-05
-4.68788e-05
1.70674e-06
-2.21377e-05
3.14602e-06
-6.16003e-05
4.23619e-06
-6.43329e-05
5.3524e-06
-6.00112e-05
6.56533e-06
-5.82073e-05
7.82254e-06
-5.8049e-05
9.09235e-06
-5.81847e-05
1.03724e-05
-5.82565e-05
1.16684e-05
-5.82831e-05
1.29843e-05
-5.83072e-05
1.43225e-05
-5.83415e-05
1.56851e-05
-5.83855e-05
1.70741e-05
-5.84375e-05
1.84917e-05
-5.84967e-05
1.99405e-05
-5.85625e-05
2.14229e-05
-5.86344e-05
2.29414e-05
-5.8712e-05
2.44989e-05
-5.87948e-05
2.6098e-05
-5.88819e-05
2.77419e-05
-5.89726e-05
2.94337e-05
-5.90659e-05
3.11766e-05
-5.91606e-05
3.2974e-05
-5.92554e-05
3.48298e-05
-5.93485e-05
3.67476e-05
-5.94379e-05
3.87314e-05
-5.95212e-05
4.07853e-05
-5.95953e-05
4.29136e-05
-5.96568e-05
4.51205e-05
-5.97014e-05
4.74105e-05
-5.97242e-05
4.97879e-05
-5.97193e-05
5.22572e-05
-5.96801e-05
5.48228e-05
-5.95988e-05
5.74887e-05
-5.94666e-05
6.02589e-05
-5.92737e-05
6.31371e-05
-5.90089e-05
6.61262e-05
-5.86595e-05
6.92284e-05
-5.82113e-05
7.24447e-05
-5.76483e-05
7.57742e-05
-5.69522e-05
7.92132e-05
-5.6102e-05
8.2755e-05
-5.50741e-05
8.63873e-05
-5.3841e-05
9.00907e-05
-5.23705e-05
-5.06255e-05
1.74529e-06
-2.3883e-05
3.22512e-06
-6.30801e-05
4.33402e-06
-6.54418e-05
5.4513e-06
-6.11285e-05
6.65937e-06
-5.94154e-05
7.91227e-06
-5.93019e-05
9.18025e-06
-5.94527e-05
1.04608e-05
-5.9537e-05
1.17588e-05
-5.95811e-05
1.30779e-05
-5.96263e-05
1.44203e-05
-5.96839e-05
1.5788e-05
-5.97531e-05
1.7183e-05
-5.98326e-05
1.86078e-05
-5.99214e-05
2.00648e-05
-6.00194e-05
2.15566e-05
-6.01263e-05
2.30861e-05
-6.02415e-05
2.46562e-05
-6.03648e-05
2.62699e-05
-6.04956e-05
2.79305e-05
-6.06332e-05
2.96415e-05
-6.07769e-05
3.14067e-05
-6.09258e-05
3.32298e-05
-6.10786e-05
3.51152e-05
-6.12338e-05
3.70671e-05
-6.13898e-05
3.90901e-05
-6.15442e-05
4.11891e-05
-6.16943e-05
4.33692e-05
-6.18368e-05
4.56356e-05
-6.19678e-05
4.79937e-05
-6.20823e-05
5.04493e-05
-6.21748e-05
5.3008e-05
-6.22388e-05
5.56758e-05
-6.22666e-05
5.84588e-05
-6.22496e-05
6.1363e-05
-6.21779e-05
6.43943e-05
-6.20402e-05
6.75585e-05
-6.18237e-05
7.08609e-05
-6.15137e-05
7.43059e-05
-6.10932e-05
7.78964e-05
-6.05427e-05
8.16334e-05
-5.9839e-05
8.55149e-05
-5.89555e-05
8.95342e-05
-5.78602e-05
9.36783e-05
-5.65146e-05
-5.48757e-05
1.77388e-06
-2.56568e-05
3.29464e-06
-6.46009e-05
4.41694e-06
-6.65641e-05
5.53134e-06
-6.22429e-05
6.73381e-06
-6.06178e-05
7.98223e-06
-6.05504e-05
9.24754e-06
-6.0718e-05
1.0527e-05
-6.08165e-05
1.18251e-05
-6.08792e-05
1.31452e-05
-6.09464e-05
1.44895e-05
-6.10281e-05
1.58597e-05
-6.11234e-05
1.72582e-05
-6.1231e-05
1.86873e-05
-6.13505e-05
2.01496e-05
-6.14818e-05
2.1648e-05
-6.16246e-05
2.31852e-05
-6.17788e-05
2.47646e-05
-6.19441e-05
2.63893e-05
-6.21203e-05
2.80631e-05
-6.23069e-05
2.97897e-05
-6.25035e-05
3.15731e-05
-6.27092e-05
3.34178e-05
-6.29233e-05
3.53284e-05
-6.31444e-05
3.73099e-05
-6.33712e-05
3.93675e-05
-6.36018e-05
4.15068e-05
-6.38336e-05
4.37338e-05
-6.40638e-05
4.60546e-05
-6.42886e-05
4.84759e-05
-6.45036e-05
5.10046e-05
-6.47035e-05
5.3648e-05
-6.48822e-05
5.64137e-05
-6.50324e-05
5.93099e-05
-6.51458e-05
6.23449e-05
-6.52129e-05
6.55274e-05
-6.52227e-05
6.88662e-05
-6.51625e-05
7.23703e-05
-6.50177e-05
7.60481e-05
-6.4771e-05
7.99075e-05
-6.44021e-05
8.39551e-05
-6.38867e-05
8.81956e-05
-6.3196e-05
9.26299e-05
-6.22945e-05
9.72548e-05
-6.11395e-05
-5.96854e-05
1.7954e-06
-2.74523e-05
3.35128e-06
-6.61568e-05
4.47814e-06
-6.7691e-05
5.58654e-06
-6.33513e-05
6.78426e-06
-6.18156e-05
8.02889e-06
-6.1795e-05
9.29103e-06
-6.19802e-05
1.05681e-05
-6.20936e-05
1.18645e-05
-6.21756e-05
1.31835e-05
-6.22654e-05
1.45271e-05
-6.23717e-05
1.58974e-05
-6.24936e-05
1.72965e-05
-6.26301e-05
1.87269e-05
-6.2781e-05
2.01914e-05
-6.29463e-05
2.16929e-05
-6.3126e-05
2.32345e-05
-6.33203e-05
2.48194e-05
-6.3529e-05
2.64513e-05
-6.37522e-05
2.81341e-05
-6.39897e-05
2.98718e-05
-6.42412e-05
3.1669e-05
-6.45064e-05
3.35304e-05
-6.47846e-05
3.54612e-05
-6.50752e-05
3.74669e-05
-6.53769e-05
3.95534e-05
-6.56883e-05
4.17271e-05
-6.60074e-05
4.39948e-05
-6.63315e-05
4.63638e-05
-6.66576e-05
4.88418e-05
-6.69816e-05
5.14371e-05
-6.72988e-05
5.41586e-05
-6.76037e-05
5.70159e-05
-6.78897e-05
6.00192e-05
-6.81491e-05
6.31793e-05
-6.8373e-05
6.65078e-05
-6.85512e-05
7.0017e-05
-6.86717e-05
7.37198e-05
-6.87205e-05
7.76295e-05
-6.86807e-05
8.17594e-05
-6.8532e-05
8.6123e-05
-6.82502e-05
9.07326e-05
-6.78056e-05
9.55986e-05
-6.71605e-05
0.00010073
-6.62706e-05
-6.50913e-05
1.81418e-06
-2.92665e-05
3.39338e-06
-6.7736e-05
4.51334e-06
-6.88109e-05
5.61325e-06
-6.44512e-05
6.80761e-06
-6.30099e-05
8.04912e-06
-6.30365e-05
9.30736e-06
-6.32384e-05
1.05804e-05
-6.33666e-05
1.1873e-05
-6.34682e-05
1.31885e-05
-6.35808e-05
1.45288e-05
-6.3712e-05
1.58961e-05
-6.38609e-05
1.72926e-05
-6.40266e-05
1.87209e-05
-6.42093e-05
2.01839e-05
-6.44093e-05
2.16846e-05
-6.46267e-05
2.32262e-05
-6.48619e-05
2.48124e-05
-6.51151e-05
2.64467e-05
-6.53866e-05
2.81335e-05
-6.56764e-05
2.98771e-05
-6.59848e-05
3.16824e-05
-6.63116e-05
3.35545e-05
-6.66568e-05
3.54991e-05
-6.70198e-05
3.75224e-05
-6.74002e-05
3.96308e-05
-6.77967e-05
4.18315e-05
-6.82081e-05
4.41322e-05
-6.86322e-05
4.65411e-05
-6.90665e-05
4.90674e-05
-6.95078e-05
5.17206e-05
-6.9952e-05
5.45113e-05
-7.03944e-05
5.7451e-05
-7.08293e-05
6.0552e-05
-7.12501e-05
6.38279e-05
-7.16489e-05
6.72934e-05
-7.20166e-05
7.09643e-05
-7.23426e-05
7.48579e-05
-7.2614e-05
7.89925e-05
-7.28152e-05
8.33877e-05
-7.29272e-05
8.80641e-05
-7.29266e-05
9.30431e-05
-7.27845e-05
9.83455e-05
-7.24629e-05
0.000103994
-7.19192e-05
-7.11127e-05
1.8342e-06
-3.11007e-05
3.42059e-06
-6.93224e-05
4.52095e-06
-6.99113e-05
5.61014e-06
-6.55404e-05
6.80202e-06
-6.42018e-05
8.04013e-06
-6.42747e-05
9.2929e-06
-6.44912e-05
1.05597e-05
-6.46334e-05
1.18458e-05
-6.47543e-05
1.31546e-05
-6.48896e-05
1.44882e-05
-6.50456e-05
1.58488e-05
-6.52214e-05
1.72387e-05
-6.54165e-05
1.86607e-05
-6.56313e-05
2.01176e-05
-6.58662e-05
2.16127e-05
-6.61217e-05
2.31493e-05
-6.63985e-05
2.47311e-05
-6.66969e-05
2.63621e-05
-6.70176e-05
2.80466e-05
-6.7361e-05
2.97895e-05
-6.77276e-05
3.15957e-05
-6.81179e-05
3.34711e-05
-6.85321e-05
3.54216e-05
-6.89703e-05
3.74538e-05
-6.94324e-05
3.9575e-05
-6.9918e-05
4.17931e-05
-7.04261e-05
4.41166e-05
-7.09557e-05
4.65549e-05
-7.15047e-05
4.91181e-05
-7.2071e-05
5.18174e-05
-7.26513e-05
5.46649e-05
-7.32419e-05
5.7674e-05
-7.38384e-05
6.08594e-05
-7.44355e-05
6.42373e-05
-7.50267e-05
6.78255e-05
-7.56048e-05
7.16436e-05
-7.61608e-05
7.57135e-05
-7.66838e-05
8.00587e-05
-7.71605e-05
8.47055e-05
-7.75739e-05
8.96824e-05
-7.79035e-05
9.502e-05
-7.81222e-05
0.000100751
-7.8194e-05
0.000106915
-7.80831e-05
-7.77554e-05
1.8575e-06
-3.29582e-05
3.43312e-06
-7.0898e-05
4.50147e-06
-7.09796e-05
5.57762e-06
-6.66166e-05
6.76652e-06
-6.53907e-05
7.99937e-06
-6.55075e-05
9.2438e-06
-6.57356e-05
1.0501e-05
-6.58906e-05
1.17769e-05
-6.60302e-05
1.30752e-05
-6.61878e-05
1.43978e-05
-6.63682e-05
1.5747e-05
-6.65706e-05
1.71254e-05
-6.67949e-05
1.85357e-05
-6.70416e-05
1.9981e-05
-6.73114e-05
2.14644e-05
-6.76051e-05
2.29895e-05
-6.79236e-05
2.45601e-05
-6.82675e-05
2.61804e-05
-6.86379e-05
2.7855e-05
-6.90356e-05
2.95888e-05
-6.94614e-05
3.13873e-05
-6.99164e-05
3.32563e-05
-7.04012e-05
3.52026e-05
-7.09165e-05
3.7233e-05
-7.14629e-05
3.93556e-05
-7.20405e-05
4.15787e-05
-7.26493e-05
4.3912e-05
-7.32889e-05
4.63656e-05
-7.39583e-05
4.89509e-05
-7.46562e-05
5.16803e-05
-7.53807e-05
5.45678e-05
-7.61293e-05
5.76284e-05
-7.68991e-05
6.08792e-05
-7.76863e-05
6.43391e-05
-7.84866e-05
6.8029e-05
-7.92947e-05
7.19725e-05
-8.01042e-05
7.61957e-05
-8.0907e-05
8.0728e-05
-8.16928e-05
8.56023e-05
-8.24482e-05
9.08552e-05
-8.31565e-05
9.65275e-05
-8.37944e-05
0.000102665
-8.43311e-05
0.000109326
-8.47448e-05
-8.50076e-05
1.88386e-06
-3.4842e-05
3.43105e-06
-7.24451e-05
4.45646e-06
-7.2005e-05
5.51714e-06
-6.76772e-05
6.70081e-06
-6.65744e-05
7.9247e-06
-6.67314e-05
9.15652e-06
-6.69675e-05
1.03996e-05
-6.71336e-05
1.16607e-05
-6.72913e-05
1.29433e-05
-6.74704e-05
1.42496e-05
-6.76745e-05
1.55818e-05
-6.79029e-05
1.69426e-05
-6.81557e-05
1.83349e-05
-6.84338e-05
1.97617e-05
-6.87381e-05
2.12262e-05
-6.90697e-05
2.27322e-05
-6.94295e-05
2.42835e-05
-6.98188e-05
2.58844e-05
-7.02388e-05
2.75396e-05
-7.06908e-05
2.92544e-05
-7.11762e-05
3.10343e-05
-7.16963e-05
3.28856e-05
-7.22525e-05
3.48152e-05
-7.28461e-05
3.68306e-05
-7.34783e-05
3.89401e-05
-7.41501e-05
4.11531e-05
-7.48622e-05
4.34795e-05
-7.56153e-05
4.59306e-05
-7.64094e-05
4.85189e-05
-7.72444e-05
5.12579e-05
-7.81197e-05
5.4163e-05
-7.90344e-05
5.72513e-05
-7.99873e-05
6.05418e-05
-8.09768e-05
6.40561e-05
-8.20008e-05
6.78183e-05
-8.30568e-05
7.18556e-05
-8.41415e-05
7.61988e-05
-8.52502e-05
8.08828e-05
-8.63767e-05
8.59469e-05
-8.75123e-05
9.14365e-05
-8.86461e-05
9.74018e-05
-8.97598e-05
0.000103903
-9.08325e-05
0.000111025
-9.18666e-05
-9.28255e-05
1.91192e-06
-3.67539e-05
3.41449e-06
-7.39477e-05
4.38812e-06
-7.29786e-05
5.43081e-06
-6.87199e-05
6.60528e-06
-6.77489e-05
7.81484e-06
-6.7941e-05
9.02849e-06
-6.81811e-05
1.0252e-05
-6.83571e-05
1.14925e-05
-6.85319e-05
1.27535e-05
-6.87314e-05
1.40371e-05
-6.89581e-05
1.53458e-05
-6.92115e-05
1.66821e-05
-6.9492e-05
1.80489e-05
-6.98006e-05
1.94494e-05
-7.01386e-05
2.08868e-05
-7.05071e-05
2.23649e-05
-7.09075e-05
2.38874e-05
-7.13413e-05
2.54589e-05
-7.18103e-05
2.7084e-05
-7.2316e-05
2.87681e-05
-7.28603e-05
3.0517e-05
-7.34452e-05
3.23371e-05
-7.40726e-05
3.42356e-05
-7.47445e-05
3.62202e-05
-7.54629e-05
3.82998e-05
-7.62297e-05
4.04841e-05
-7.70465e-05
4.27837e-05
-7.79149e-05
4.52105e-05
-7.88362e-05
4.77778e-05
-7.98118e-05
5.05005e-05
-8.08424e-05
5.33952e-05
-8.19291e-05
5.64805e-05
-8.30726e-05
5.97775e-05
-8.42738e-05
6.33101e-05
-8.55334e-05
6.71054e-05
-8.68521e-05
7.11941e-05
-8.82302e-05
7.56111e-05
-8.96671e-05
8.03966e-05
-9.11622e-05
8.55963e-05
-9.2712e-05
9.12639e-05
-9.43136e-05
9.74585e-05
-9.59545e-05
0.000104259
-9.76334e-05
0.000111775
-9.93826e-05
-0.000101111
1.94122e-06
-3.86951e-05
3.3843e-06
-7.53908e-05
4.29935e-06
-7.38937e-05
5.32139e-06
-6.9742e-05
6.48121e-06
-6.89087e-05
7.66973e-06
-6.91295e-05
8.8587e-06
-6.93701e-05
1.00562e-05
-6.95546e-05
1.12697e-05
-6.97453e-05
1.25024e-05
-6.99641e-05
1.37565e-05
-7.02122e-05
1.50343e-05
-7.04893e-05
1.63384e-05
-7.07962e-05
1.76719e-05
-7.11341e-05
1.90376e-05
-7.15043e-05
2.04389e-05
-7.19084e-05
2.18794e-05
-7.2348e-05
2.3363e-05
-7.28249e-05
2.4894e-05
-7.33412e-05
2.64771e-05
-7.38991e-05
2.81178e-05
-7.4501e-05
2.98218e-05
-7.51492e-05
3.15957e-05
-7.58464e-05
3.34466e-05
-7.65955e-05
3.53826e-05
-7.7399e-05
3.74128e-05
-7.82598e-05
3.95469e-05
-7.91806e-05
4.17962e-05
-8.01641e-05
4.4173e-05
-8.1213e-05
4.66913e-05
-8.233e-05
4.93666e-05
-8.35177e-05
5.22167e-05
-8.47792e-05
5.52616e-05
-8.61175e-05
5.85242e-05
-8.75363e-05
6.20302e-05
-8.90394e-05
6.58091e-05
-9.0631e-05
6.98948e-05
-9.23158e-05
7.43255e-05
-9.40979e-05
7.91461e-05
-9.59828e-05
8.44076e-05
-9.79735e-05
9.0171e-05
-0.000100077
9.65033e-05
-0.000102287
0.000103509
-0.000104639
0.000111305
-0.000107179
-0.000109686
1.97354e-06
-4.06686e-05
3.34294e-06
-7.67601e-05
4.19401e-06
-7.47448e-05
5.19238e-06
-7.07403e-05
6.33086e-06
-7.00472e-05
7.4907e-06
-7.02894e-05
8.64791e-06
-7.05273e-05
9.81265e-06
-7.07194e-05
1.09922e-05
-7.09249e-05
1.21895e-05
-7.11614e-05
1.34067e-05
-7.14293e-05
1.46461e-05
-7.17286e-05
1.59102e-05
-7.20603e-05
1.72019e-05
-7.24257e-05
1.8524e-05
-7.28264e-05
1.98798e-05
-7.32641e-05
2.12727e-05
-7.37408e-05
2.27065e-05
-7.42587e-05
2.41855e-05
-7.48202e-05
2.57141e-05
-7.54278e-05
2.72977e-05
-7.60845e-05
2.8942e-05
-7.67934e-05
3.06533e-05
-7.75578e-05
3.24389e-05
-7.83811e-05
3.43068e-05
-7.92668e-05
3.62658e-05
-8.02188e-05
3.83261e-05
-8.12408e-05
4.04987e-05
-8.23367e-05
4.27963e-05
-8.35106e-05
4.52332e-05
-8.47668e-05
4.78255e-05
-8.611e-05
5.05917e-05
-8.75453e-05
5.35527e-05
-8.90786e-05
5.67326e-05
-9.07162e-05
6.01586e-05
-9.24654e-05
6.38621e-05
-9.43345e-05
6.78788e-05
-9.63325e-05
7.22498e-05
-9.84689e-05
7.70226e-05
-0.000100756
8.22523e-05
-0.000103203
8.80043e-05
-0.000105829
9.43534e-05
-0.000108636
0.000101433
-0.000111719
0.000109317
-0.000115062
-0.000118303
2.01274e-06
-4.26814e-05
3.29434e-06
-7.80417e-05
4.07679e-06
-7.55272e-05
5.04773e-06
-7.17113e-05
6.15715e-06
-7.11566e-05
7.28018e-06
-7.14124e-05
8.39836e-06
-7.16454e-05
9.52335e-06
-7.18444e-05
1.0662e-05
-7.20635e-05
1.18167e-05
-7.23161e-05
1.29896e-05
-7.26022e-05
1.4183e-05
-7.2922e-05
1.53991e-05
-7.32765e-05
1.66407e-05
-7.36673e-05
1.79104e-05
-7.40961e-05
1.92113e-05
-7.4565e-05
2.05465e-05
-7.50761e-05
2.19196e-05
-7.56319e-05
2.33347e-05
-7.62352e-05
2.47959e-05
-7.68891e-05
2.63084e-05
-7.7597e-05
2.78775e-05
-7.83626e-05
2.95094e-05
-7.91897e-05
3.1211e-05
-8.00826e-05
3.29899e-05
-8.10457e-05
3.48548e-05
-8.20837e-05
3.68154e-05
-8.32014e-05
3.88827e-05
-8.44041e-05
4.10694e-05
-8.56972e-05
4.33895e-05
-8.70869e-05
4.58594e-05
-8.858e-05
4.8498e-05
-9.01839e-05
5.13265e-05
-9.19071e-05
5.43697e-05
-9.37593e-05
5.76554e-05
-9.57512e-05
6.1216e-05
-9.78951e-05
6.50879e-05
-0.000100204
6.93134e-05
-0.000102694
7.39407e-05
-0.000105383
7.90272e-05
-0.00010829
8.46379e-05
-0.00011144
9.08592e-05
-0.000114857
9.78383e-05
-0.000118698
0.000105533
-0.000122758
-0.000126753
2.06315e-06
-4.47445e-05
3.24285e-06
-7.92214e-05
3.95245e-06
-7.62368e-05
4.89126e-06
-7.26501e-05
5.96314e-06
-7.22285e-05
7.04116e-06
-7.24904e-05
8.11314e-06
-7.27174e-05
9.19152e-06
-7.29227e-05
1.02823e-05
-7.31543e-05
1.13875e-05
-7.34214e-05
1.25091e-05
-7.37238e-05
1.3649e-05
-7.40619e-05
1.48094e-05
-7.44369e-05
1.59928e-05
-7.48507e-05
1.72015e-05
-7.53049e-05
1.84383e-05
-7.58018e-05
1.9706e-05
-7.63438e-05
2.10078e-05
-7.69337e-05
2.23474e-05
-7.75747e-05
2.37286e-05
-7.82704e-05
2.5156e-05
-7.90244e-05
2.66345e-05
-7.98411e-05
2.81698e-05
-8.0725e-05
2.97682e-05
-8.1681e-05
3.14368e-05
-8.27143e-05
3.31837e-05
-8.38306e-05
3.5018e-05
-8.50357e-05
3.69502e-05
-8.63362e-05
3.89924e-05
-8.77393e-05
4.11584e-05
-8.92529e-05
4.34642e-05
-9.08858e-05
4.59284e-05
-9.26481e-05
4.85723e-05
-9.4551e-05
5.14203e-05
-9.66073e-05
5.45004e-05
-9.88313e-05
5.78443e-05
-0.000101239
6.14879e-05
-0.000103848
6.54728e-05
-0.000106679
6.98445e-05
-0.000109755
7.46606e-05
-0.000113106
7.9978e-05
-0.000116757
8.59012e-05
-0.00012078
9.254e-05
-0.000125337
9.97134e-05
-0.000129931
-0.00013502
2.12746e-06
-4.6872e-05
3.1915e-06
-8.02854e-05
3.82463e-06
-7.68699e-05
4.72588e-06
-7.35513e-05
5.75141e-06
-7.3254e-05
6.7766e-06
-7.35156e-05
7.79565e-06
-7.37365e-05
8.82092e-06
-7.3948e-05
9.85733e-06
-7.41907e-05
1.09065e-05
-7.44705e-05
1.197e-05
-7.47873e-05
1.30496e-05
-7.51415e-05
1.41473e-05
-7.55346e-05
1.5265e-05
-7.59683e-05
1.64047e-05
-7.64446e-05
1.75688e-05
-7.69659e-05
1.87597e-05
-7.75347e-05
1.99802e-05
-7.81542e-05
2.12333e-05
-7.88278e-05
2.25224e-05
-7.95595e-05
2.38513e-05
-8.03533e-05
2.52244e-05
-8.12142e-05
2.66464e-05
-8.2147e-05
2.8123e-05
-8.31575e-05
2.96602e-05
-8.42516e-05
3.12653e-05
-8.54357e-05
3.29466e-05
-8.67169e-05
3.47135e-05
-8.81032e-05
3.65773e-05
-8.96031e-05
3.85509e-05
-9.12266e-05
4.06498e-05
-9.29847e-05
4.28915e-05
-9.48898e-05
4.52968e-05
-9.69562e-05
4.7889e-05
-9.91996e-05
5.06952e-05
-0.000101637
5.37456e-05
-0.000104289
5.70739e-05
-0.000107176
6.07182e-05
-0.000110324
6.47192e-05
-0.000113756
6.91277e-05
-0.000117514
7.39844e-05
-0.000121614
7.94038e-05
-0.0001262
8.53648e-05
-0.000131298
9.16601e-05
-0.000136226
-0.000143142
2.20492e-06
-4.90769e-05
3.14048e-06
-8.12209e-05
3.69494e-06
-7.74243e-05
4.55298e-06
-7.44094e-05
5.5237e-06
-7.42248e-05
6.48914e-06
-7.44811e-05
7.44925e-06
-7.46966e-05
8.41559e-06
-7.49143e-05
9.39183e-06
-7.51669e-05
1.03791e-05
-7.54578e-05
1.13787e-05
-7.57868e-05
1.23919e-05
-7.61548e-05
1.34204e-05
-7.65631e-05
1.44657e-05
-7.70136e-05
1.55294e-05
-7.75083e-05
1.66132e-05
-7.80497e-05
1.77192e-05
-7.86406e-05
1.88493e-05
-7.92844e-05
2.00061e-05
-7.99846e-05
2.11921e-05
-8.07455e-05
2.24103e-05
-8.15716e-05
2.36642e-05
-8.2468e-05
2.49575e-05
-8.34403e-05
2.62945e-05
-8.44946e-05
2.76804e-05
-8.56375e-05
2.91211e-05
-8.68764e-05
3.06235e-05
-8.82193e-05
3.21959e-05
-8.96755e-05
3.38482e-05
-9.12553e-05
3.5592e-05
-9.29704e-05
3.74414e-05
-9.4834e-05
3.94127e-05
-9.68612e-05
4.15252e-05
-9.90687e-05
4.3801e-05
-0.000101475
4.62652e-05
-0.000104102
4.8946e-05
-0.00010697
5.18745e-05
-0.000110105
5.50837e-05
-0.000113533
5.86088e-05
-0.000117281
6.24851e-05
-0.00012139
6.6738e-05
-0.000125867
7.14513e-05
-0.000130913
7.6398e-05
-0.000136245
8.16187e-05
-0.000141447
-0.000150831
2.29083e-06
-5.13677e-05
3.08658e-06
-8.20167e-05
3.56265e-06
-7.79004e-05
4.37236e-06
-7.52191e-05
5.28088e-06
-7.51333e-05
6.18096e-06
-7.53812e-05
7.07723e-06
-7.55929e-05
7.97976e-06
-7.58169e-05
8.89095e-06
-7.60781e-05
9.81147e-06
-7.63783e-05
1.07422e-05
-7.67175e-05
1.1684e-05
-7.70967e-05
1.26381e-05
-7.75172e-05
1.36055e-05
-7.7981e-05
1.45872e-05
-7.849e-05
1.55845e-05
-7.9047e-05
1.65986e-05
-7.96547e-05
1.76309e-05
-8.03167e-05
1.8683e-05
-8.10367e-05
1.97566e-05
-8.1819e-05
2.08536e-05
-8.26686e-05
2.19763e-05
-8.35906e-05
2.31271e-05
-8.45911e-05
2.4309e-05
-8.56766e-05
2.55257e-05
-8.68542e-05
2.67814e-05
-8.8132e-05
2.80813e-05
-8.95193e-05
2.94321e-05
-9.10264e-05
3.08418e-05
-9.2665e-05
3.23203e-05
-9.44488e-05
3.38796e-05
-9.63933e-05
3.55342e-05
-9.85157e-05
3.73014e-05
-0.000100836
3.92015e-05
-0.000103376
4.12581e-05
-0.000106158
4.34974e-05
-0.000109209
4.59492e-05
-0.000112557
4.86434e-05
-0.000116227
5.1614e-05
-0.000120251
5.48794e-05
-0.000124656
5.84709e-05
-0.000129458
6.23815e-05
-0.000134824
6.62722e-05
-0.000140135
7.07531e-05
-0.000145928
-0.000157278
2.37743e-06
-5.37451e-05
3.02383e-06
-8.26631e-05
3.42505e-06
-7.83016e-05
4.18243e-06
-7.59765e-05
5.02296e-06
-7.59739e-05
5.85377e-06
-7.6212e-05
6.68258e-06
-7.64217e-05
7.51762e-06
-7.66519e-05
8.3601e-06
-7.69206e-05
9.21021e-06
-7.72284e-05
1.00683e-05
-7.75757e-05
1.0935e-05
-7.79634e-05
1.18108e-05
-7.8393e-05
1.26961e-05
-7.88663e-05
1.35915e-05
-7.93854e-05
1.44975e-05
-7.99529e-05
1.54146e-05
-8.05718e-05
1.63433e-05
-8.12454e-05
1.72843e-05
-8.19777e-05
1.82382e-05
-8.27729e-05
1.92056e-05
-8.3636e-05
2.01875e-05
-8.45725e-05
2.11848e-05
-8.55884e-05
2.21988e-05
-8.66906e-05
2.32313e-05
-8.78867e-05
2.42846e-05
-8.91854e-05
2.53619e-05
-9.05967e-05
2.64676e-05
-9.2132e-05
2.76072e-05
-9.38046e-05
2.87881e-05
-9.56297e-05
3.00197e-05
-9.76249e-05
3.1314e-05
-9.981e-05
3.26857e-05
-0.000102208
3.41529e-05
-0.000104843
3.57373e-05
-0.000107743
3.74651e-05
-0.000110937
3.93668e-05
-0.000114458
4.14756e-05
-0.000118336
4.38314e-05
-0.000122607
4.64547e-05
-0.000127279
4.94104e-05
-0.000132414
5.2583e-05
-0.000137996
5.58757e-05
-0.000143428
6.04251e-05
-0.000150477
-0.0001608
2.45515e-06
-5.62003e-05
2.94468e-06
-8.31526e-05
3.27803e-06
-7.8635e-05
3.98046e-06
-7.66789e-05
4.74928e-06
-7.67427e-05
5.50869e-06
-7.69714e-05
6.26788e-06
-7.71809e-05
7.03309e-06
-7.74171e-05
7.8045e-06
-7.7692e-05
8.58182e-06
-7.80058e-05
9.36502e-06
-7.83589e-05
1.01541e-05
-7.87524e-05
1.0949e-05
-7.91879e-05
1.17497e-05
-7.96669e-05
1.25559e-05
-8.01917e-05
1.33676e-05
-8.07646e-05
1.41844e-05
-8.13886e-05
1.50059e-05
-8.20669e-05
1.58316e-05
-8.28034e-05
1.66609e-05
-8.36023e-05
1.74932e-05
-8.44684e-05
1.83278e-05
-8.54071e-05
1.91638e-05
-8.64245e-05
2.00008e-05
-8.75276e-05
2.08384e-05
-8.87242e-05
2.16764e-05
-9.00235e-05
2.25157e-05
-9.14359e-05
2.33576e-05
-9.29739e-05
2.42046e-05
-9.46516e-05
2.50607e-05
-9.64858e-05
2.59316e-05
-9.84959e-05
2.68256e-05
-0.000100704
2.77537e-05
-0.000103136
2.87305e-05
-0.000105819
2.97753e-05
-0.000108788
3.09135e-05
-0.000112075
3.21772e-05
-0.000115722
3.36075e-05
-0.000119766
3.52545e-05
-0.000124254
3.71717e-05
-0.000129196
3.94554e-05
-0.000134698
4.19975e-05
-0.000140538
4.53523e-05
-0.000146783
5.01437e-05
-0.000155269
-0.00015831
2.51319e-06
-5.87134e-05
2.84123e-06
-8.34807e-05
3.11704e-06
-7.89108e-05
3.76332e-06
-7.73252e-05
4.45889e-06
-7.74383e-05
5.14647e-06
-7.7659e-05
5.8353e-06
-7.78697e-05
6.52964e-06
-7.81114e-05
7.22891e-06
-7.83913e-05
7.93239e-06
-7.87093e-05
8.63959e-06
-7.90661e-05
9.34999e-06
-7.94629e-05
1.0063e-05
-7.99009e-05
1.0778e-05
-8.03819e-05
1.1494e-05
-8.09077e-05
1.22103e-05
-8.14808e-05
1.29255e-05
-8.21038e-05
1.36383e-05
-8.27797e-05
1.43472e-05
-8.35122e-05
1.50501e-05
-8.43052e-05
1.5745e-05
-8.51632e-05
1.64294e-05
-8.60915e-05
1.71009e-05
-8.70959e-05
1.77566e-05
-8.81833e-05
1.83937e-05
-8.93614e-05
1.90096e-05
-9.06394e-05
1.96018e-05
-9.20281e-05
2.01681e-05
-9.35402e-05
2.0707e-05
-9.51905e-05
2.1218e-05
-9.69968e-05
2.17017e-05
-9.89796e-05
2.21607e-05
-0.000101163
2.26003e-05
-0.000103575
2.3029e-05
-0.000106248
2.34604e-05
-0.000109219
2.3915e-05
-0.00011253
2.44217e-05
-0.000116229
2.50231e-05
-0.000120368
2.57725e-05
-0.000125004
2.67593e-05
-0.000130183
2.80628e-05
-0.000136001
2.98429e-05
-0.000142318
3.32746e-05
-0.000150215
3.63099e-05
-0.000158304
-0.0001457
2.54095e-06
-6.12544e-05
2.70724e-06
-8.3647e-05
2.93863e-06
-7.91422e-05
3.52859e-06
-7.79152e-05
4.15139e-06
-7.80611e-05
4.76812e-06
-7.82757e-05
5.3871e-06
-7.84887e-05
6.01077e-06
-7.87351e-05
6.63806e-06
-7.90186e-05
7.26789e-06
-7.93391e-05
7.89933e-06
-7.96975e-05
8.53139e-06
-8.00949e-05
9.16296e-06
-8.05325e-05
9.79279e-06
-8.10117e-05
1.04194e-05
-8.15344e-05
1.10411e-05
-8.21025e-05
1.16558e-05
-8.27185e-05
1.22612e-05
-8.33851e-05
1.28545e-05
-8.41055e-05
1.34326e-05
-8.48832e-05
1.39917e-05
-8.57223e-05
1.45278e-05
-8.66276e-05
1.50363e-05
-8.76044e-05
1.55123e-05
-8.86592e-05
1.59502e-05
-8.97993e-05
1.63443e-05
-9.10335e-05
1.66884e-05
-9.23722e-05
1.69761e-05
-9.38279e-05
1.72009e-05
-9.54153e-05
1.73563e-05
-9.71522e-05
1.74363e-05
-9.90595e-05
1.74356e-05
-0.000101162
1.73506e-05
-0.00010349
1.71798e-05
-0.000106077
1.69255e-05
-0.000108965
1.65959e-05
-0.000112201
1.62067e-05
-0.00011584
1.5786e-05
-0.000119947
1.53711e-05
-0.000124589
1.50335e-05
-0.000129845
1.48083e-05
-0.000135776
1.53211e-05
-0.000142831
1.74417e-05
-0.000152335
1.45221e-05
-0.000155384
-0.000119971
2.53168e-06
-6.37861e-05
2.54143e-06
-8.36567e-05
2.74199e-06
-7.93428e-05
3.27569e-06
-7.84489e-05
3.82778e-06
-7.86132e-05
4.37574e-06
-7.88237e-05
4.92643e-06
-7.90393e-05
5.48075e-06
-7.92894e-05
6.03738e-06
-7.95752e-05
6.59494e-06
-7.98967e-05
7.15214e-06
-8.02548e-05
7.70759e-06
-8.06504e-05
8.2597e-06
-8.10846e-05
8.80668e-06
-8.15587e-05
9.34647e-06
-8.20742e-05
9.87663e-06
-8.26327e-05
1.03943e-05
-8.32362e-05
1.08963e-05
-8.38871e-05
1.13787e-05
-8.45879e-05
1.18371e-05
-8.53416e-05
1.22663e-05
-8.61516e-05
1.26607e-05
-8.7022e-05
1.30137e-05
-8.79574e-05
1.33178e-05
-8.89634e-05
1.35649e-05
-9.00464e-05
1.37457e-05
-9.12143e-05
1.385e-05
-9.24766e-05
1.38666e-05
-9.38444e-05
1.37831e-05
-9.53318e-05
1.3586e-05
-9.69551e-05
1.32609e-05
-9.87345e-05
1.27928e-05
-0.000100694
1.21661e-05
-0.000102863
1.13656e-05
-0.000105277
1.03768e-05
-0.000107976
9.18707e-06
-0.000111011
7.78451e-06
-0.000114437
6.17892e-06
-0.000118341
4.36849e-06
-0.000122778
2.3462e-06
-0.000127823
2.11401e-07
-0.000133641
-1.06762e-06
-0.000141552
-2.51709e-06
-0.000150886
-1.49404e-05
-0.000142961
-8.87116e-05
2.48081e-06
-6.62669e-05
2.3461e-06
-8.3522e-05
2.52853e-06
-7.95252e-05
3.00604e-06
-7.89264e-05
3.49067e-06
-7.90978e-05
3.97263e-06
-7.93056e-05
4.45739e-06
-7.95241e-05
4.94459e-06
-7.97766e-05
5.43282e-06
-8.00634e-05
5.92055e-06
-8.03844e-05
6.4062e-06
-8.07404e-05
6.88802e-06
-8.11322e-05
7.36406e-06
-8.15607e-05
7.83206e-06
-8.20267e-05
8.28941e-06
-8.25315e-05
8.73308e-06
-8.30763e-05
9.15954e-06
-8.36627e-05
9.5647e-06
-8.42923e-05
9.94377e-06
-8.4967e-05
1.02912e-05
-8.5689e-05
1.06006e-05
-8.6461e-05
1.08646e-05
-8.7286e-05
1.10747e-05
-8.81675e-05
1.12212e-05
-8.91099e-05
1.1293e-05
-9.01183e-05
1.12775e-05
-9.11988e-05
1.11602e-05
-9.23593e-05
1.09247e-05
-9.36089e-05
1.05524e-05
-9.49594e-05
1.00222e-05
-9.64249e-05
9.31049e-06
-9.80228e-05
8.39117e-06
-9.97749e-05
7.23493e-06
-0.000101707
5.81058e-06
-0.000103853
4.08448e-06
-0.00010625
2.02369e-06
-0.00010895
-4.03252e-07
-0.00011201
-3.26081e-06
-0.000115484
-6.57568e-06
-0.000119464
-1.04045e-05
-0.000123994
-1.44933e-05
-0.000129553
-1.82487e-05
-0.000137797
-2.4687e-05
-0.000144447
-4.26208e-05
-0.000125027
-6.08036e-05
2.38502e-06
-6.86519e-05
2.1269e-06
-8.32639e-05
2.30107e-06
-7.96994e-05
2.7223e-06
-7.93477e-05
3.14308e-06
-7.95186e-05
3.56195e-06
-7.97245e-05
3.98342e-06
-7.99456e-05
4.40619e-06
-8.01994e-05
4.82887e-06
-8.04861e-05
5.24986e-06
-8.08054e-05
5.66737e-06
-8.1158e-05
6.07941e-06
-8.15443e-05
6.4837e-06
-8.1965e-05
6.87762e-06
-8.24207e-05
7.25817e-06
-8.29121e-05
7.62183e-06
-8.344e-05
7.96453e-06
-8.40054e-05
8.28153e-06
-8.46093e-05
8.56728e-06
-8.52527e-05
8.81532e-06
-8.59371e-05
9.01814e-06
-8.66638e-05
9.16699e-06
-8.74348e-05
9.2517e-06
-8.82522e-05
9.26049e-06
-8.91187e-05
9.17966e-06
-9.00374e-05
8.99331e-06
-9.10125e-05
8.68297e-06
-9.20489e-05
8.22724e-06
-9.31532e-05
7.60127e-06
-9.43335e-05
6.77646e-06
-9.56001e-05
5.71974e-06
-9.69661e-05
4.39361e-06
-9.84488e-05
2.75466e-06
-0.000100068
7.54811e-07
-0.000101853
-1.66145e-06
-0.000103833
-4.55828e-06
-0.000106053
-8.00223e-06
-0.000108566
-1.20511e-05
-0.000111435
-1.67936e-05
-0.000114721
-2.22765e-05
-0.000118511
-2.82057e-05
-0.000123623
-3.46124e-05
-0.00013139
-4.4876e-05
-0.000134184
-6.35015e-05
-0.000106402
-4.09038e-05
2.24699e-06
-7.08989e-05
1.8927e-06
-8.29096e-05
2.06219e-06
-7.98689e-05
2.42604e-06
-7.97115e-05
2.7857e-06
-7.98782e-05
3.14382e-06
-8.00826e-05
3.50424e-06
-8.0306e-05
3.86513e-06
-8.05603e-05
4.22507e-06
-8.08461e-05
4.58242e-06
-8.11628e-05
4.93527e-06
-8.15108e-05
5.28146e-06
-8.18905e-05
5.61853e-06
-8.2302e-05
5.94363e-06
-8.27458e-05
6.2535e-06
-8.32219e-05
6.54432e-06
-8.37308e-05
6.81166e-06
-8.42728e-05
7.05036e-06
-8.4848e-05
7.25437e-06
-8.54567e-05
7.4166e-06
-8.60993e-05
7.52875e-06
-8.6776e-05
7.58108e-06
-8.74871e-05
7.56218e-06
-8.82333e-05
7.45865e-06
-8.90152e-05
7.25477e-06
-8.98336e-05
6.93203e-06
-9.06897e-05
6.46866e-06
-9.15856e-05
5.839e-06
-9.25236e-05
5.01282e-06
-9.35073e-05
3.95463e-06
-9.45419e-05
2.62232e-06
-9.56338e-05
9.67406e-07
-9.67938e-05
-1.06834e-06
-9.80323e-05
-3.55127e-06
-9.93697e-05
-6.5569e-06
-0.000100828
-1.01727e-05
-0.000102438
-1.44971e-05
-0.000104242
-1.96357e-05
-0.000106296
-2.57077e-05
-0.000108649
-3.27707e-05
-0.000111448
-4.06725e-05
-0.000115722
-4.97196e-05
-0.000122343
-6.26306e-05
-0.000121273
-8.02093e-05
-8.88231e-05
-2.77257e-05
2.07717e-06
-7.29761e-05
1.6512e-06
-8.24836e-05
1.81111e-06
-8.00288e-05
2.11495e-06
-8.00153e-05
2.41474e-06
-8.0178e-05
2.71349e-06
-8.03814e-05
3.01428e-06
-8.06068e-05
3.31514e-06
-8.08612e-05
3.61447e-06
-8.11454e-05
3.91065e-06
-8.1459e-05
4.20174e-06
-8.18019e-05
4.48555e-06
-8.21743e-05
4.75954e-06
-8.2576e-05
5.02084e-06
-8.30071e-05
5.26607e-06
-8.34672e-05
5.49135e-06
-8.39561e-05
5.69215e-06
-8.44736e-05
5.86315e-06
-8.5019e-05
5.99812e-06
-8.55917e-05
6.08976e-06
-8.61909e-05
6.12943e-06
-8.68156e-05
6.10697e-06
-8.74647e-05
6.01036e-06
-8.81367e-05
5.8254e-06
-8.88302e-05
5.53529e-06
-8.95434e-05
5.12002e-06
-9.02745e-05
4.55581e-06
-9.10214e-05
3.81428e-06
-9.1782e-05
2.86155e-06
-9.25546e-05
1.65715e-06
-9.33376e-05
1.51831e-07
-9.41285e-05
-1.71364e-06
-9.49284e-05
-4.00746e-06
-9.57384e-05
-6.81413e-06
-9.6563e-05
-1.02338e-05
-9.74082e-05
-1.43846e-05
-9.82867e-05
-1.94048e-05
-9.92215e-05
-2.54616e-05
-0.00010024
-3.27414e-05
-0.000101369
-4.14315e-05
-0.000102758
-5.17014e-05
-0.000105452
-6.40756e-05
-0.000109969
-8.02244e-05
-0.000105124
-9.90067e-05
-7.00408e-05
-1.68448e-05
1.88048e-06
-7.48565e-05
1.40198e-06
-8.20051e-05
1.54286e-06
-8.01697e-05
1.78419e-06
-8.02567e-05
2.0246e-06
-8.04185e-05
2.2646e-06
-8.06214e-05
2.50637e-06
-8.08486e-05
2.74813e-06
-8.1103e-05
2.9882e-06
-8.13855e-05
3.22504e-06
-8.16958e-05
3.45676e-06
-8.20336e-05
3.68124e-06
-8.23988e-05
3.89607e-06
-8.27909e-05
4.09846e-06
-8.32094e-05
4.28521e-06
-8.36539e-05
4.45257e-06
-8.41235e-05
4.59621e-06
-8.46172e-05
4.71101e-06
-8.51338e-05
4.79099e-06
-8.56717e-05
4.82907e-06
-8.6229e-05
4.8169e-06
-8.68034e-05
4.74458e-06
-8.73924e-05
4.60036e-06
-8.79925e-05
4.37028e-06
-8.86002e-05
4.03767e-06
-8.92109e-05
3.58259e-06
-8.98194e-05
2.98112e-06
-9.04199e-05
2.20443e-06
-9.10054e-05
1.21789e-06
-9.15681e-05
-2.16442e-08
-9.2098e-05
-1.56556e-06
-9.25845e-05
-3.47444e-06
-9.30195e-05
-5.82706e-06
-9.33858e-05
-8.71899e-06
-9.36711e-05
-1.22682e-05
-9.38589e-05
-1.66209e-05
-9.3934e-05
-2.19625e-05
-9.38799e-05
-2.85185e-05
-9.36837e-05
-3.65764e-05
-9.33114e-05
-4.65385e-05
-9.27963e-05
-5.91255e-05
-9.28647e-05
-7.52087e-05
-9.38854e-05
-9.49473e-05
-8.53853e-05
-0.000119156
-4.58324e-05
1.27656e-05
1.63954e-06
-7.64961e-05
1.13973e-06
-8.15053e-05
1.25528e-06
-8.02852e-05
1.43338e-06
-8.04348e-05
1.61443e-06
-8.05995e-05
1.79578e-06
-8.08028e-05
1.97886e-06
-8.10317e-05
2.16241e-06
-8.12865e-05
2.34479e-06
-8.15679e-05
2.52443e-06
-8.18754e-05
2.69962e-06
-8.22088e-05
2.86842e-06
-8.25675e-05
3.02864e-06
-8.29511e-05
3.17783e-06
-8.33586e-05
3.31313e-06
-8.37892e-05
3.43125e-06
-8.42417e-05
3.52835e-06
-8.47143e-05
3.59993e-06
-8.52054e-05
3.64069e-06
-8.57124e-05
3.64434e-06
-8.62326e-05
3.60346e-06
-8.67625e-05
3.50921e-06
-8.72981e-05
3.35109e-06
-8.78344e-05
3.11652e-06
-8.83656e-05
2.79044e-06
-8.88848e-05
2.35473e-06
-8.93837e-05
1.78756e-06
-8.98527e-05
1.0626e-06
-9.02804e-05
1.47951e-07
-9.06535e-05
-9.97804e-07
-9.09523e-05
-2.41942e-06
-9.11629e-05
-4.18057e-06
-9.12583e-05
-6.35087e-06
-9.12155e-05
-9.02748e-06
-9.09945e-05
-1.23264e-05
-9.05601e-05
-1.63979e-05
-8.98625e-05
-2.14364e-05
-8.88413e-05
-2.76936e-05
-8.74265e-05
-3.54808e-05
-8.55243e-05
-4.526e-05
-8.30171e-05
-5.80241e-05
-8.01005e-05
-7.49724e-05
-7.69372e-05
-9.38771e-05
-6.64806e-05
-0.000109953
-2.9756e-05
2.93844e-05
1.32407e-06
-7.78201e-05
8.68669e-07
-8.10499e-05
9.52367e-07
-8.03689e-05
1.06605e-06
-8.05485e-05
1.18703e-06
-8.07205e-05
1.31054e-06
-8.09263e-05
1.43675e-06
-8.11579e-05
1.5645e-06
-8.14143e-05
1.69209e-06
-8.16954e-05
1.81798e-06
-8.20013e-05
1.94064e-06
-8.23315e-05
2.05845e-06
-8.26853e-05
2.16964e-06
-8.30623e-05
2.27225e-06
-8.34613e-05
2.36404e-06
-8.3881e-05
2.44243e-06
-8.43201e-05
2.50442e-06
-8.47763e-05
2.54647e-06
-8.52474e-05
2.56443e-06
-8.57303e-05
2.55335e-06
-8.62215e-05
2.5074e-06
-8.67166e-05
2.4196e-06
-8.72103e-05
2.28164e-06
-8.76965e-05
2.08355e-06
-8.81675e-05
1.81331e-06
-8.86146e-05
1.45642e-06
-8.90268e-05
9.95269e-07
-8.93916e-05
4.08485e-07
-8.96937e-05
-3.30766e-07
-8.99142e-05
-1.25174e-06
-9.00313e-05
-2.39494e-06
-9.00197e-05
-3.8087e-06
-8.98445e-05
-5.55662e-06
-8.94675e-05
-7.71197e-06
-8.88391e-05
-1.03716e-05
-8.79005e-05
-1.36576e-05
-8.65765e-05
-1.77257e-05
-8.47732e-05
-2.27777e-05
-8.23744e-05
-2.9069e-05
-7.9233e-05
-3.69197e-05
-7.51665e-05
-4.69146e-05
-7.01056e-05
-5.95999e-05
-6.42519e-05
-7.07128e-05
-5.53676e-05
-6.75495e-05
-3.29194e-05
1.07542e-05
9.34785e-07
-7.87549e-05
5.88583e-07
-8.07037e-05
6.23668e-07
-8.0404e-05
6.73487e-07
-8.05983e-05
7.37582e-07
-8.07846e-05
8.07585e-07
-8.09963e-05
8.81228e-07
-8.12316e-05
9.56964e-07
-8.149e-05
1.03329e-06
-8.17718e-05
1.10893e-06
-8.20769e-05
1.18274e-06
-8.24053e-05
1.25363e-06
-8.27562e-05
1.32043e-06
-8.31291e-05
1.38189e-06
-8.35227e-05
1.43657e-06
-8.39357e-05
1.48283e-06
-8.43663e-05
1.51878e-06
-8.48123e-05
1.54216e-06
-8.52708e-05
1.55033e-06
-8.57385e-05
1.54015e-06
-8.62113e-05
1.5079e-06
-8.66844e-05
1.44915e-06
-8.71516e-05
1.3586e-06
-8.7606e-05
1.22987e-06
-8.80388e-05
1.05525e-06
-8.84399e-05
8.25369e-07
-8.8797e-05
5.28834e-07
-8.90951e-05
1.51713e-07
-8.93166e-05
-3.2264e-07
-8.94399e-05
-9.13314e-07
-8.94406e-05
-1.64769e-06
-8.92853e-05
-2.55754e-06
-8.89347e-05
-3.68188e-06
-8.83432e-05
-5.06967e-06
-8.74514e-05
-6.78079e-06
-8.61893e-05
-8.89173e-06
-8.44656e-05
-1.14942e-05
-8.21707e-05
-1.47081e-05
-7.91606e-05
-1.86927e-05
-7.52484e-05
-2.36906e-05
-7.01686e-05
-3.02041e-05
-6.35921e-05
-3.93569e-05
-5.50992e-05
-5.14529e-05
-4.32716e-05
-5.84356e-05
-2.59366e-05
-1.24271e-06
4.64454e-07
2.30922e-07
2.2913e-07
2.37605e-07
2.55611e-07
2.78135e-07
3.02793e-07
3.28519e-07
3.54635e-07
3.80629e-07
4.06074e-07
4.30577e-07
4.53733e-07
4.75107e-07
4.94211e-07
5.10485e-07
5.23276e-07
5.31815e-07
5.35196e-07
5.32346e-07
5.21995e-07
5.02635e-07
4.72461e-07
4.29299e-07
3.70526e-07
2.92964e-07
1.92748e-07
6.51634e-08
-9.55412e-08
-2.96071e-07
-5.46088e-07
-8.56051e-07
-1.23999e-06
-1.71411e-06
-2.29948e-06
-3.02003e-06
-3.90444e-06
-4.98153e-06
-6.27167e-06
-7.7568e-06
-9.35285e-06
-1.09235e-05
-1.172e-05
-7.36855e-06
)
;

boundaryField
{
    leftWall
    {
        type            calculated;
        value           uniform 0;
    }
    rightWall
    {
        type            calculated;
        value           nonuniform 0();
    }
    lowerWall
    {
        type            calculated;
        value           nonuniform 0();
    }
    atmosphere
    {
        type            calculated;
        value           nonuniform List<scalar> 
45
(
-7.92194e-05
-8.04701e-05
-8.04022e-05
-8.06068e-05
-8.08026e-05
-8.10188e-05
-8.12562e-05
-8.15157e-05
-8.17979e-05
-8.21029e-05
-8.24307e-05
-8.27807e-05
-8.31522e-05
-8.35441e-05
-8.39549e-05
-8.43826e-05
-8.48251e-05
-8.52793e-05
-8.57419e-05
-8.62085e-05
-8.6674e-05
-8.71323e-05
-8.75758e-05
-8.79957e-05
-8.83812e-05
-8.87194e-05
-8.89949e-05
-8.9189e-05
-8.92792e-05
-8.92401e-05
-8.90353e-05
-8.86247e-05
-8.79593e-05
-8.69772e-05
-8.5604e-05
-8.3745e-05
-8.12863e-05
-7.80835e-05
-7.39583e-05
-6.86835e-05
-6.19961e-05
-5.35285e-05
-4.24751e-05
-3.02881e-05
-1.12418e-05
)
;
    }
    defaultFaces
    {
        type            empty;
        value           nonuniform 0();
    }
    procBoundary2to0
    {
        type            processor;
        value           nonuniform List<scalar> 
46
(
3.81163e-05
3.77525e-05
3.73758e-05
3.69848e-05
3.65775e-05
3.61517e-05
3.57048e-05
3.52341e-05
3.47372e-05
3.42116e-05
3.36554e-05
3.30674e-05
3.24467e-05
3.17934e-05
3.11084e-05
3.03932e-05
2.96498e-05
2.88806e-05
2.80877e-05
2.72722e-05
2.64337e-05
2.55684e-05
2.46679e-05
2.3716e-05
2.26869e-05
4.45236e-06
4.41358e-05
5.11107e-05
4.68197e-05
4.36304e-05
4.27071e-05
4.26552e-05
4.26698e-05
4.25736e-05
4.23997e-05
4.21919e-05
4.19684e-05
4.17325e-05
4.14839e-05
4.12225e-05
4.09487e-05
4.0663e-05
4.03657e-05
4.00568e-05
-2.17733e-05
3.97363e-05
)
;
    }
    procBoundary2to3
    {
        type            processor;
        value           nonuniform List<scalar> 
43
(
5.41652e-05
5.62979e-05
5.86507e-05
6.11843e-05
6.38683e-05
6.66804e-05
6.96065e-05
7.26419e-05
7.57915e-05
7.90691e-05
8.24953e-05
8.60926e-05
8.98762e-05
9.38372e-05
9.79285e-05
0.000102065
0.000106136
0.000110015
0.000113558
0.000116578
0.000118843
0.000120061
0.000119881
0.000117933
0.000113983
0.00010798
9.9782e-05
8.93082e-05
7.71997e-05
6.3947e-05
4.76539e-05
2.36994e-05
-1.12069e-05
-4.61994e-05
-7.05288e-05
-8.34012e-05
-9.33874e-05
-0.000109888
-0.000148766
-0.000126572
-4.89192e-05
-4.64386e-05
2.6307e-06
)
;
    }
}


// ************************************************************************* //
