/*--------------------------------*- C++ -*----------------------------------*\
| =========                 |                                                 |
| \\      /  F ield         | OpenFOAM: The Open Source CFD Toolbox           |
|  \\    /   O peration     | Version:  3.0.1                                 |
|   \\  /    A nd           | Web:      www.OpenFOAM.org                      |
|    \\/     M anipulation  |                                                 |
\*---------------------------------------------------------------------------*/
FoamFile
{
    version     2.0;
    format      ascii;
    class       volVectorField;
    location    "0.4";
    object      U;
}
// * * * * * * * * * * * * * * * * * * * * * * * * * * * * * * * * * * * * * //

dimensions      [0 1 -1 0 0 0 0];

internalField   nonuniform List<vector> 
1915
(
(0.231593 -0.418176 0)
(0.244989 -0.414344 0)
(0.258564 -0.410365 0)
(0.272303 -0.406222 0)
(0.286193 -0.401895 0)
(0.300222 -0.397361 0)
(0.314378 -0.392594 0)
(0.328652 -0.387567 0)
(0.343035 -0.382251 0)
(0.357521 -0.376623 0)
(0.372102 -0.370661 0)
(0.386766 -0.364349 0)
(0.4015 -0.357675 0)
(0.416279 -0.350636 0)
(0.43107 -0.343233 0)
(0.445822 -0.335473 0)
(0.460468 -0.327365 0)
(0.474916 -0.31892 0)
(0.489048 -0.310143 0)
(0.502715 -0.301028 0)
(0.515733 -0.291549 0)
(0.527886 -0.281643 0)
(0.538923 -0.2712 0)
(0.54857 -0.260033 0)
(0.556548 -0.247864 0)
(0.00471337 -0.05393 0)
(0.0181747 -0.483277 0)
(0.0300056 -0.55655 0)
(0.0383109 -0.509756 0)
(0.0474433 -0.475777 0)
(0.0576185 -0.466202 0)
(0.0682227 -0.465805 0)
(0.0789588 -0.466027 0)
(0.0897834 -0.465054 0)
(0.100747 -0.463267 0)
(0.111898 -0.461133 0)
(0.12326 -0.458838 0)
(0.13484 -0.456412 0)
(0.146644 -0.453851 0)
(0.158676 -0.451153 0)
(0.170937 -0.44832 0)
(0.183429 -0.445359 0)
(0.19615 -0.44227 0)
(0.209097 -0.439054 0)
(0.222264 -0.435707 0)
(0.235644 -0.432223 0)
(0.24923 -0.428593 0)
(0.263012 -0.424803 0)
(0.276979 -0.420837 0)
(0.29112 -0.416675 0)
(0.305427 -0.412295 0)
(0.319889 -0.407671 0)
(0.334497 -0.402778 0)
(0.349244 -0.397588 0)
(0.364118 -0.392075 0)
(0.379109 -0.386216 0)
(0.394202 -0.37999 0)
(0.409375 -0.37338 0)
(0.424601 -0.36637 0)
(0.439839 -0.35895 0)
(0.455039 -0.35111 0)
(0.470131 -0.34284 0)
(0.48503 -0.334127 0)
(0.499627 -0.32495 0)
(0.513793 -0.315276 0)
(0.527374 -0.305049 0)
(0.5402 -0.294182 0)
(0.552082 -0.282546 0)
(0.56283 -0.269948 0)
(0.57227 -0.25613 0)
(0.00471514 -0.0656723 0)
(0.0183186 -0.497331 0)
(0.0300353 -0.566895 0)
(0.0386177 -0.519254 0)
(0.0480889 -0.486185 0)
(0.0585909 -0.477367 0)
(0.0694837 -0.477257 0)
(0.0804726 -0.477576 0)
(0.0915266 -0.47671 0)
(0.102704 -0.475088 0)
(0.114054 -0.473157 0)
(0.125603 -0.471083 0)
(0.137361 -0.468886 0)
(0.149335 -0.46656 0)
(0.161531 -0.4641 0)
(0.173954 -0.46151 0)
(0.186607 -0.458792 0)
(0.199491 -0.455945 0)
(0.212606 -0.452968 0)
(0.225948 -0.449855 0)
(0.239516 -0.4466 0)
(0.253303 -0.44319 0)
(0.267303 -0.439611 0)
(0.28151 -0.435848 0)
(0.295916 -0.43188 0)
(0.310514 -0.427684 0)
(0.325295 -0.423235 0)
(0.340253 -0.418508 0)
(0.355378 -0.413473 0)
(0.370659 -0.408104 0)
(0.386084 -0.402373 0)
(0.401635 -0.396254 0)
(0.417288 -0.389724 0)
(0.433012 -0.382757 0)
(0.448768 -0.375331 0)
(0.464503 -0.367421 0)
(0.480152 -0.359003 0)
(0.495635 -0.350044 0)
(0.510857 -0.340504 0)
(0.525705 -0.330332 0)
(0.540056 -0.319454 0)
(0.553776 -0.307772 0)
(0.566726 -0.295154 0)
(0.57878 -0.28142 0)
(0.589838 -0.266348 0)
(0.00480968 -0.0776915 0)
(0.0185688 -0.511442 0)
(0.0301327 -0.577461 0)
(0.0389232 -0.529121 0)
(0.0486898 -0.497023 0)
(0.0594845 -0.48895 0)
(0.0706345 -0.48909 0)
(0.0818494 -0.489477 0)
(0.0931114 -0.488702 0)
(0.104485 -0.487232 0)
(0.116021 -0.485494 0)
(0.127747 -0.483632 0)
(0.139674 -0.481658 0)
(0.151812 -0.479563 0)
(0.164169 -0.477342 0)
(0.176751 -0.474996 0)
(0.189565 -0.472524 0)
(0.202613 -0.469927 0)
(0.215899 -0.467199 0)
(0.229423 -0.464334 0)
(0.243184 -0.461323 0)
(0.25718 -0.458153 0)
(0.271409 -0.45481 0)
(0.285866 -0.451276 0)
(0.300548 -0.44753 0)
(0.315449 -0.44355 0)
(0.330564 -0.43931 0)
(0.345886 -0.434781 0)
(0.361408 -0.429936 0)
(0.377117 -0.424744 0)
(0.393003 -0.419173 0)
(0.409045 -0.413192 0)
(0.425221 -0.40677 0)
(0.4415 -0.399873 0)
(0.457842 -0.392469 0)
(0.474198 -0.384521 0)
(0.490506 -0.375989 0)
(0.506696 -0.366829 0)
(0.522681 -0.356987 0)
(0.538368 -0.346397 0)
(0.553655 -0.334979 0)
(0.568437 -0.322633 0)
(0.582612 -0.309232 0)
(0.596099 -0.294622 0)
(0.608843 -0.278622 0)
(0.00499577 -0.0900893 0)
(0.0189135 -0.525609 0)
(0.0302929 -0.588184 0)
(0.0392363 -0.539311 0)
(0.0492606 -0.50826 0)
(0.0603141 -0.500919 0)
(0.0716878 -0.501277 0)
(0.0830996 -0.501709 0)
(0.0945457 -0.501012 0)
(0.106096 -0.499686 0)
(0.117802 -0.498134 0)
(0.129691 -0.496479 0)
(0.141777 -0.494724 0)
(0.15407 -0.492859 0)
(0.16658 -0.490877 0)
(0.179316 -0.488778 0)
(0.192288 -0.48656 0)
(0.2055 -0.48422 0)
(0.218958 -0.481754 0)
(0.232665 -0.479151 0)
(0.246623 -0.476403 0)
(0.260834 -0.473495 0)
(0.275298 -0.470412 0)
(0.290014 -0.467136 0)
(0.304981 -0.463645 0)
(0.320196 -0.459914 0)
(0.335657 -0.455918 0)
(0.351358 -0.451627 0)
(0.367294 -0.447009 0)
(0.383455 -0.442032 0)
(0.399829 -0.43666 0)
(0.4164 -0.430857 0)
(0.433143 -0.424583 0)
(0.450031 -0.417799 0)
(0.467027 -0.41046 0)
(0.484084 -0.40252 0)
(0.501147 -0.393928 0)
(0.518152 -0.38463 0)
(0.535023 -0.37456 0)
(0.55168 -0.363646 0)
(0.568037 -0.351803 0)
(0.58401 -0.338935 0)
(0.599521 -0.324929 0)
(0.614513 -0.309657 0)
(0.628959 -0.292981 0)
(0.00526856 -0.102962 0)
(0.0193362 -0.539831 0)
(0.0305087 -0.59901 0)
(0.0395643 -0.549786 0)
(0.0498143 -0.519865 0)
(0.0610918 -0.513244 0)
(0.0726537 -0.513788 0)
(0.0842312 -0.514247 0)
(0.0958357 -0.51362 0)
(0.107541 -0.512434 0)
(0.119399 -0.511064 0)
(0.131435 -0.509612 0)
(0.143665 -0.508075 0)
(0.1561 -0.506441 0)
(0.168754 -0.504701 0)
(0.181637 -0.502855 0)
(0.19476 -0.500899 0)
(0.208132 -0.498828 0)
(0.221759 -0.496637 0)
(0.235648 -0.494314 0)
(0.249804 -0.491849 0)
(0.264232 -0.489227 0)
(0.278935 -0.486432 0)
(0.293914 -0.483444 0)
(0.309173 -0.48024 0)
(0.324711 -0.476796 0)
(0.340529 -0.473083 0)
(0.356624 -0.46907 0)
(0.372992 -0.464724 0)
(0.389626 -0.460008 0)
(0.406517 -0.454882 0)
(0.42365 -0.449305 0)
(0.441005 -0.443231 0)
(0.458555 -0.436611 0)
(0.476268 -0.429394 0)
(0.494102 -0.421524 0)
(0.512007 -0.412941 0)
(0.529924 -0.40358 0)
(0.547788 -0.393368 0)
(0.565527 -0.382229 0)
(0.583067 -0.370076 0)
(0.600334 -0.356818 0)
(0.617263 -0.342356 0)
(0.633805 -0.326588 0)
(0.64994 -0.309416 0)
(0.00561974 -0.116396 0)
(0.0198172 -0.554105 0)
(0.0307732 -0.609899 0)
(0.0399153 -0.560521 0)
(0.050363 -0.531808 0)
(0.0618279 -0.525891 0)
(0.0735403 -0.526591 0)
(0.0852507 -0.527062 0)
(0.0969856 -0.526503 0)
(0.108821 -0.525456 0)
(0.120809 -0.524267 0)
(0.132973 -0.523018 0)
(0.145331 -0.5217 0)
(0.157894 -0.520299 0)
(0.170679 -0.518807 0)
(0.183698 -0.517222 0)
(0.196964 -0.515538 0)
(0.210487 -0.51375 0)
(0.224278 -0.511849 0)
(0.238345 -0.509826 0)
(0.252697 -0.507666 0)
(0.26734 -0.505356 0)
(0.282281 -0.502878 0)
(0.297526 -0.500211 0)
(0.31308 -0.497331 0)
(0.328946 -0.494212 0)
(0.345129 -0.490825 0)
(0.361628 -0.487137 0)
(0.378443 -0.483112 0)
(0.395571 -0.478708 0)
(0.413005 -0.473884 0)
(0.430733 -0.468591 0)
(0.448739 -0.462777 0)
(0.467001 -0.456388 0)
(0.485491 -0.449363 0)
(0.504171 -0.441637 0)
(0.522996 -0.433142 0)
(0.541915 -0.423805 0)
(0.560869 -0.413547 0)
(0.57979 -0.402284 0)
(0.598612 -0.389931 0)
(0.617263 -0.3764 0)
(0.635679 -0.361603 0)
(0.653809 -0.345461 0)
(0.671621 -0.327909 0)
(0.00603738 -0.130462 0)
(0.0203351 -0.568429 0)
(0.0310834 -0.620827 0)
(0.0402999 -0.571497 0)
(0.0509184 -0.54406 0)
(0.0625306 -0.538821 0)
(0.0743533 -0.539649 0)
(0.0861616 -0.540124 0)
(0.0979972 -0.539635 0)
(0.109937 -0.53873 0)
(0.122031 -0.537723 0)
(0.134302 -0.536679 0)
(0.146767 -0.535583 0)
(0.159441 -0.534421 0)
(0.172342 -0.533185 0)
(0.185483 -0.53187 0)
(0.198879 -0.53047 0)
(0.212543 -0.52898 0)
(0.226488 -0.527388 0)
(0.240725 -0.525685 0)
(0.255265 -0.523856 0)
(0.270118 -0.521886 0)
(0.285293 -0.519756 0)
(0.300802 -0.517444 0)
(0.31665 -0.514928 0)
(0.332847 -0.512178 0)
(0.349398 -0.509164 0)
(0.366309 -0.505851 0)
(0.383583 -0.5022 0)
(0.40122 -0.498169 0)
(0.419217 -0.493708 0)
(0.437568 -0.488766 0)
(0.456262 -0.483285 0)
(0.47528 -0.477202 0)
(0.494599 -0.470449 0)
(0.514188 -0.462955 0)
(0.534007 -0.454641 0)
(0.55401 -0.445426 0)
(0.574143 -0.435223 0)
(0.594342 -0.423943 0)
(0.614541 -0.411498 0)
(0.634667 -0.397798 0)
(0.654647 -0.382764 0)
(0.674415 -0.366328 0)
(0.693916 -0.348454 0)
(0.00650589 -0.145216 0)
(0.0208682 -0.582808 0)
(0.0314424 -0.63179 0)
(0.0407316 -0.582703 0)
(0.0514912 -0.556587 0)
(0.0632051 -0.551992 0)
(0.075095 -0.552922 0)
(0.0869651 -0.553401 0)
(0.09887 -0.552987 0)
(0.110886 -0.55223 0)
(0.123059 -0.551409 0)
(0.135413 -0.550574 0)
(0.147964 -0.549707 0)
(0.160729 -0.548791 0)
(0.173727 -0.54782 0)
(0.186973 -0.546787 0)
(0.200484 -0.545686 0)
(0.214274 -0.544509 0)
(0.22836 -0.543247 0)
(0.242755 -0.541886 0)
(0.257471 -0.540414 0)
(0.272524 -0.538813 0)
(0.287926 -0.537065 0)
(0.30369 -0.535148 0)
(0.319828 -0.533036 0)
(0.336351 -0.530702 0)
(0.35327 -0.528112 0)
(0.370594 -0.52523 0)
(0.388332 -0.522014 0)
(0.406488 -0.518419 0)
(0.425065 -0.514393 0)
(0.444061 -0.509877 0)
(0.46347 -0.50481 0)
(0.483281 -0.499121 0)
(0.503476 -0.492735 0)
(0.52403 -0.485571 0)
(0.54491 -0.477543 0)
(0.566074 -0.468559 0)
(0.587473 -0.458524 0)
(0.609045 -0.447341 0)
(0.630723 -0.434912 0)
(0.652428 -0.421144 0)
(0.674071 -0.405953 0)
(0.695565 -0.389278 0)
(0.716816 -0.371088 0)
(0.00700514 -0.160691 0)
(0.0213965 -0.597257 0)
(0.0318597 -0.642807 0)
(0.0412238 -0.594127 0)
(0.0520879 -0.569346 0)
(0.063852 -0.565353 0)
(0.0757639 -0.566369 0)
(0.0876589 -0.566855 0)
(0.099601 -0.566528 0)
(0.111664 -0.565927 0)
(0.123889 -0.5653 0)
(0.136299 -0.564681 0)
(0.148912 -0.564049 0)
(0.161746 -0.56339 0)
(0.174819 -0.562694 0)
(0.18815 -0.561957 0)
(0.201757 -0.56117 0)
(0.215656 -0.560325 0)
(0.229865 -0.559413 0)
(0.2444 -0.558419 0)
(0.259279 -0.557332 0)
(0.274517 -0.556132 0)
(0.290131 -0.554802 0)
(0.306137 -0.553319 0)
(0.322552 -0.551657 0)
(0.339392 -0.549787 0)
(0.356671 -0.547675 0)
(0.374404 -0.545284 0)
(0.392604 -0.54257 0)
(0.411282 -0.539483 0)
(0.430445 -0.535969 0)
(0.4501 -0.531965 0)
(0.470245 -0.527403 0)
(0.490877 -0.522207 0)
(0.511986 -0.516293 0)
(0.533553 -0.509573 0)
(0.555553 -0.50195 0)
(0.577951 -0.493322 0)
(0.600702 -0.483583 0)
(0.623748 -0.472622 0)
(0.647019 -0.46033 0)
(0.670429 -0.446599 0)
(0.693874 -0.431334 0)
(0.717237 -0.41446 0)
(0.74038 -0.395934 0)
(0.0075082 -0.1769 0)
(0.0219024 -0.611814 0)
(0.032345 -0.653914 0)
(0.0417835 -0.605755 0)
(0.0527062 -0.582284 0)
(0.0644646 -0.578851 0)
(0.0763535 -0.579943 0)
(0.0882371 -0.58045 0)
(0.100184 -0.580225 0)
(0.112263 -0.579791 0)
(0.124512 -0.579366 0)
(0.136952 -0.578971 0)
(0.149602 -0.578585 0)
(0.16248 -0.578192 0)
(0.175605 -0.577786 0)
(0.188998 -0.577358 0)
(0.202678 -0.576902 0)
(0.216664 -0.576409 0)
(0.230975 -0.575868 0)
(0.24563 -0.575268 0)
(0.260649 -0.574593 0)
(0.276052 -0.573828 0)
(0.291858 -0.572953 0)
(0.308088 -0.571945 0)
(0.324762 -0.57078 0)
(0.341902 -0.569427 0)
(0.359526 -0.567852 0)
(0.377654 -0.566016 0)
(0.396306 -0.563874 0)
(0.415499 -0.561374 0)
(0.435247 -0.558458 0)
(0.455562 -0.555059 0)
(0.476453 -0.551105 0)
(0.497924 -0.546511 0)
(0.519974 -0.541189 0)
(0.542593 -0.535041 0)
(0.565765 -0.527959 0)
(0.589465 -0.519831 0)
(0.613653 -0.510536 0)
(0.638279 -0.499947 0)
(0.663273 -0.487936 0)
(0.688545 -0.474372 0)
(0.713978 -0.459134 0)
(0.739427 -0.442119 0)
(0.764705 -0.423237 0)
(0.00797927 -0.193824 0)
(0.0223711 -0.626539 0)
(0.0328991 -0.665161 0)
(0.042402 -0.617558 0)
(0.0533291 -0.595341 0)
(0.0650268 -0.592428 0)
(0.0768508 -0.5936 0)
(0.0886895 -0.594149 0)
(0.100611 -0.594043 0)
(0.112677 -0.59379 0)
(0.124922 -0.593578 0)
(0.137365 -0.593417 0)
(0.150024 -0.593287 0)
(0.16292 -0.593174 0)
(0.176073 -0.593069 0)
(0.189503 -0.592966 0)
(0.203232 -0.592858 0)
(0.217279 -0.592736 0)
(0.231667 -0.59259 0)
(0.246417 -0.592409 0)
(0.261551 -0.592177 0)
(0.277093 -0.59188 0)
(0.293066 -0.591498 0)
(0.309494 -0.59101 0)
(0.326403 -0.59039 0)
(0.343818 -0.589609 0)
(0.361763 -0.588632 0)
(0.380266 -0.587419 0)
(0.39935 -0.585925 0)
(0.41904 -0.584095 0)
(0.439359 -0.581869 0)
(0.460326 -0.579177 0)
(0.481961 -0.575941 0)
(0.504275 -0.572073 0)
(0.52728 -0.567477 0)
(0.550977 -0.562046 0)
(0.575363 -0.555663 0)
(0.600423 -0.548202 0)
(0.626132 -0.539528 0)
(0.652448 -0.529493 0)
(0.679308 -0.517945 0)
(0.706627 -0.504721 0)
(0.734281 -0.489663 0)
(0.762108 -0.472612 0)
(0.789883 -0.453407 0)
(0.00837499 -0.211416 0)
(0.0227905 -0.641515 0)
(0.0335025 -0.676594 0)
(0.0430476 -0.629498 0)
(0.0539229 -0.608453 0)
(0.065512 -0.606031 0)
(0.0772365 -0.6073 0)
(0.0890016 -0.607916 0)
(0.10087 -0.607951 0)
(0.112896 -0.607893 0)
(0.125109 -0.607904 0)
(0.137528 -0.607989 0)
(0.150171 -0.608127 0)
(0.16306 -0.608305 0)
(0.176213 -0.608516 0)
(0.189654 -0.608753 0)
(0.203404 -0.609011 0)
(0.217486 -0.60928 0)
(0.231923 -0.609552 0)
(0.246739 -0.609815 0)
(0.26196 -0.610056 0)
(0.277612 -0.610261 0)
(0.293722 -0.610411 0)
(0.310318 -0.610486 0)
(0.327431 -0.610462 0)
(0.34509 -0.610308 0)
(0.363326 -0.609992 0)
(0.382172 -0.609474 0)
(0.40166 -0.608706 0)
(0.42182 -0.607635 0)
(0.442685 -0.606197 0)
(0.464283 -0.604321 0)
(0.486644 -0.601925 0)
(0.509793 -0.598918 0)
(0.533752 -0.595197 0)
(0.558539 -0.590647 0)
(0.584165 -0.585143 0)
(0.610633 -0.578546 0)
(0.637934 -0.570704 0)
(0.666045 -0.56145 0)
(0.69492 -0.5506 0)
(0.724485 -0.537955 0)
(0.754629 -0.523307 0)
(0.785187 -0.506424 0)
(0.815926 -0.487048 0)
(0.00865287 -0.229593 0)
(0.0231518 -0.656835 0)
(0.0341114 -0.688247 0)
(0.0436647 -0.641526 0)
(0.0544383 -0.621563 0)
(0.0658855 -0.619619 0)
(0.0774866 -0.621008 0)
(0.0891558 -0.621722 0)
(0.100947 -0.621919 0)
(0.112908 -0.622069 0)
(0.125065 -0.622316 0)
(0.137435 -0.622658 0)
(0.150038 -0.623075 0)
(0.162892 -0.623557 0)
(0.17602 -0.624097 0)
(0.189445 -0.62469 0)
(0.203189 -0.62533 0)
(0.217276 -0.62601 0)
(0.231733 -0.626721 0)
(0.246585 -0.627454 0)
(0.261862 -0.628198 0)
(0.277591 -0.628938 0)
(0.293804 -0.629659 0)
(0.310535 -0.630342 0)
(0.327815 -0.630962 0)
(0.345683 -0.631494 0)
(0.364173 -0.631903 0)
(0.383325 -0.63215 0)
(0.403178 -0.632191 0)
(0.423772 -0.631969 0)
(0.445147 -0.631423 0)
(0.467343 -0.630478 0)
(0.490401 -0.629053 0)
(0.51436 -0.627052 0)
(0.539258 -0.624369 0)
(0.565129 -0.620884 0)
(0.592004 -0.616464 0)
(0.619908 -0.610959 0)
(0.648856 -0.604202 0)
(0.67885 -0.596004 0)
(0.70987 -0.586153 0)
(0.741873 -0.574409 0)
(0.774775 -0.560507 0)
(0.808438 -0.544135 0)
(0.842659 -0.524934 0)
(0.00878691 -0.248248 0)
(0.0234511 -0.672577 0)
(0.0346625 -0.700122 0)
(0.0441816 -0.653589 0)
(0.0548187 -0.63463 0)
(0.0661094 -0.633164 0)
(0.0775745 -0.634704 0)
(0.0891324 -0.635541 0)
(0.100828 -0.635919 0)
(0.112703 -0.636291 0)
(0.124782 -0.636785 0)
(0.13708 -0.637395 0)
(0.149617 -0.638103 0)
(0.162413 -0.6389 0)
(0.17549 -0.639782 0)
(0.188871 -0.640744 0)
(0.202581 -0.641783 0)
(0.216646 -0.642892 0)
(0.231092 -0.644064 0)
(0.245949 -0.645292 0)
(0.261248 -0.646567 0)
(0.27702 -0.647876 0)
(0.293301 -0.649205 0)
(0.310127 -0.650538 0)
(0.327537 -0.651853 0)
(0.345572 -0.653125 0)
(0.364274 -0.654323 0)
(0.383688 -0.65541 0)
(0.403861 -0.656341 0)
(0.424843 -0.657063 0)
(0.446682 -0.657514 0)
(0.469432 -0.657622 0)
(0.493145 -0.657303 0)
(0.517876 -0.656464 0)
(0.543679 -0.654996 0)
(0.57061 -0.652777 0)
(0.598722 -0.649668 0)
(0.628067 -0.645513 0)
(0.658688 -0.640132 0)
(0.69062 -0.633318 0)
(0.723884 -0.624833 0)
(0.758476 -0.614401 0)
(0.794362 -0.601701 0)
(0.831461 -0.586344 0)
(0.869635 -0.567893 0)
(0.00878401 -0.267263 0)
(0.02369 -0.688777 0)
(0.0350885 -0.712182 0)
(0.0445257 -0.66564 0)
(0.0550106 -0.647636 0)
(0.0661478 -0.646658 0)
(0.0774741 -0.648373 0)
(0.0889106 -0.649357 0)
(0.100495 -0.64993 0)
(0.112267 -0.650536 0)
(0.124247 -0.651286 0)
(0.136452 -0.652173 0)
(0.148901 -0.653182 0)
(0.161614 -0.654305 0)
(0.174614 -0.65554 0)
(0.187924 -0.656885 0)
(0.201572 -0.658338 0)
(0.215583 -0.659893 0)
(0.229988 -0.661546 0)
(0.244817 -0.663292 0)
(0.260103 -0.665124 0)
(0.275882 -0.667033 0)
(0.292191 -0.669007 0)
(0.309072 -0.671031 0)
(0.326568 -0.673088 0)
(0.344724 -0.675156 0)
(0.363589 -0.677206 0)
(0.383215 -0.679204 0)
(0.403656 -0.681108 0)
(0.424971 -0.682867 0)
(0.44722 -0.684424 0)
(0.470467 -0.685708 0)
(0.49478 -0.686639 0)
(0.520229 -0.687124 0)
(0.546887 -0.687058 0)
(0.574833 -0.686319 0)
(0.604145 -0.684769 0)
(0.634904 -0.682246 0)
(0.667188 -0.678566 0)
(0.701072 -0.673509 0)
(0.736623 -0.666818 0)
(0.773894 -0.65819 0)
(0.812914 -0.647255 0)
(0.853681 -0.633568 0)
(0.896151 -0.616644 0)
(0.00868997 -0.286541 0)
(0.023875 -0.705406 0)
(0.0353343 -0.724348 0)
(0.0446397 -0.677641 0)
(0.0549737 -0.660582 0)
(0.0659719 -0.660107 0)
(0.0771611 -0.662011 0)
(0.0884684 -0.663153 0)
(0.099928 -0.663933 0)
(0.111579 -0.66478 0)
(0.123441 -0.665794 0)
(0.135531 -0.666966 0)
(0.147868 -0.668283 0)
(0.160473 -0.669741 0)
(0.173369 -0.67134 0)
(0.186581 -0.673079 0)
(0.200136 -0.674958 0)
(0.214062 -0.676975 0)
(0.22839 -0.679128 0)
(0.243154 -0.681413 0)
(0.258389 -0.683828 0)
(0.274133 -0.686365 0)
(0.290427 -0.689016 0)
(0.307316 -0.691772 0)
(0.324848 -0.694617 0)
(0.343072 -0.697532 0)
(0.362045 -0.700495 0)
(0.381823 -0.703474 0)
(0.402471 -0.706431 0)
(0.424055 -0.709323 0)
(0.446646 -0.712093 0)
(0.470321 -0.714677 0)
(0.495162 -0.717002 0)
(0.521257 -0.718979 0)
(0.5487 -0.720509 0)
(0.577591 -0.721474 0)
(0.608036 -0.721742 0)
(0.640147 -0.721154 0)
(0.674043 -0.719525 0)
(0.709842 -0.716632 0)
(0.747663 -0.71221 0)
(0.787627 -0.705939 0)
(0.829833 -0.697419 0)
(0.874379 -0.68617 0)
(0.92133 -0.671696 0)
(0.00857715 -0.306024 0)
(0.0240137 -0.722365 0)
(0.0353694 -0.736506 0)
(0.0444928 -0.689563 0)
(0.0546852 -0.673485 0)
(0.0655612 -0.673519 0)
(0.0766128 -0.675611 0)
(0.0877812 -0.676917 0)
(0.0991008 -0.677907 0)
(0.110612 -0.679 0)
(0.122335 -0.680282 0)
(0.134286 -0.681743 0)
(0.146484 -0.683374 0)
(0.158952 -0.685174 0)
(0.171713 -0.687145 0)
(0.184793 -0.689288 0)
(0.19822 -0.691604 0)
(0.212024 -0.694096 0)
(0.226236 -0.696763 0)
(0.240892 -0.699607 0)
(0.25603 -0.702626 0)
(0.27169 -0.705817 0)
(0.287917 -0.709177 0)
(0.304759 -0.712699 0)
(0.322266 -0.716374 0)
(0.340496 -0.720187 0)
(0.359508 -0.724119 0)
(0.379368 -0.728146 0)
(0.400146 -0.732236 0)
(0.421918 -0.736349 0)
(0.444768 -0.740439 0)
(0.468783 -0.744449 0)
(0.494061 -0.748311 0)
(0.520707 -0.751949 0)
(0.548835 -0.75527 0)
(0.57857 -0.758169 0)
(0.610046 -0.760521 0)
(0.643409 -0.76218 0)
(0.678816 -0.762968 0)
(0.716436 -0.76267 0)
(0.756445 -0.761024 0)
(0.799033 -0.757709 0)
(0.844383 -0.752311 0)
(0.892696 -0.744346 0)
(0.944174 -0.733344 0)
(0.00851675 -0.325705 0)
(0.0241094 -0.739493 0)
(0.0351866 -0.748521 0)
(0.0440809 -0.70138 0)
(0.0541393 -0.686359 0)
(0.064902 -0.6869 0)
(0.075807 -0.689165 0)
(0.0868205 -0.690627 0)
(0.0979797 -0.691828 0)
(0.109327 -0.693167 0)
(0.120884 -0.694718 0)
(0.132667 -0.696471 0)
(0.144695 -0.698419 0)
(0.156991 -0.700564 0)
(0.16958 -0.702911 0)
(0.182489 -0.705464 0)
(0.195745 -0.708226 0)
(0.20938 -0.711203 0)
(0.223428 -0.714397 0)
(0.237924 -0.717814 0)
(0.252909 -0.721455 0)
(0.268426 -0.725323 0)
(0.284522 -0.729417 0)
(0.301247 -0.733738 0)
(0.318657 -0.738279 0)
(0.336814 -0.743033 0)
(0.355782 -0.747988 0)
(0.375634 -0.753125 0)
(0.396447 -0.75842 0)
(0.418307 -0.763843 0)
(0.441306 -0.769355 0)
(0.465548 -0.774909 0)
(0.491142 -0.780451 0)
(0.518211 -0.785913 0)
(0.54689 -0.791219 0)
(0.577328 -0.796279 0)
(0.609687 -0.800985 0)
(0.644149 -0.805207 0)
(0.680912 -0.808786 0)
(0.720194 -0.811525 0)
(0.762232 -0.813181 0)
(0.80729 -0.813448 0)
(0.855638 -0.811918 0)
(0.907597 -0.80815 0)
(0.963525 -0.801731 0)
(0.00855118 -0.345612 0)
(0.0241595 -0.756601 0)
(0.0347937 -0.760253 0)
(0.04342 -0.713069 0)
(0.0533414 -0.699208 0)
(0.0639858 -0.700239 0)
(0.0747227 -0.702647 0)
(0.0855561 -0.704254 0)
(0.0965269 -0.705662 0)
(0.10768 -0.707244 0)
(0.119037 -0.709062 0)
(0.130614 -0.711104 0)
(0.142432 -0.713368 0)
(0.154515 -0.715859 0)
(0.166887 -0.718584 0)
(0.179575 -0.72155 0)
(0.192609 -0.724762 0)
(0.206021 -0.728229 0)
(0.219844 -0.731959 0)
(0.234117 -0.735958 0)
(0.248882 -0.740235 0)
(0.264182 -0.744796 0)
(0.280068 -0.749646 0)
(0.296593 -0.75479 0)
(0.313817 -0.760229 0)
(0.331803 -0.765962 0)
(0.350623 -0.771985 0)
(0.370355 -0.778287 0)
(0.391084 -0.784854 0)
(0.412903 -0.791665 0)
(0.435915 -0.798693 0)
(0.460235 -0.805904 0)
(0.485986 -0.813256 0)
(0.513309 -0.8207 0)
(0.542359 -0.828178 0)
(0.573306 -0.83562 0)
(0.606345 -0.842941 0)
(0.641689 -0.850038 0)
(0.679578 -0.856778 0)
(0.720281 -0.862997 0)
(0.764097 -0.868488 0)
(0.811368 -0.872973 0)
(0.862449 -0.876082 0)
(0.917799 -0.877479 0)
(0.977971 -0.876837 0)
(0.00868387 -0.365788 0)
(0.0241572 -0.773492 0)
(0.0342029 -0.771575 0)
(0.0425373 -0.724604 0)
(0.0523038 -0.712016 0)
(0.062809 -0.713506 0)
(0.0733423 -0.71602 0)
(0.0839608 -0.717756 0)
(0.0947065 -0.719363 0)
(0.105626 -0.721183 0)
(0.116741 -0.72326 0)
(0.128068 -0.725587 0)
(0.139629 -0.728163 0)
(0.151447 -0.730997 0)
(0.163548 -0.734098 0)
(0.17596 -0.737474 0)
(0.18871 -0.741136 0)
(0.201833 -0.745095 0)
(0.215363 -0.749362 0)
(0.229339 -0.753949 0)
(0.243802 -0.758868 0)
(0.2588 -0.764131 0)
(0.274383 -0.76975 0)
(0.290608 -0.775734 0)
(0.307537 -0.782094 0)
(0.325237 -0.788835 0)
(0.343783 -0.795962 0)
(0.363259 -0.803474 0)
(0.383756 -0.811367 0)
(0.405375 -0.819633 0)
(0.428227 -0.828257 0)
(0.452437 -0.837222 0)
(0.478143 -0.846503 0)
(0.5055 -0.856072 0)
(0.534682 -0.865893 0)
(0.565884 -0.875922 0)
(0.599326 -0.886106 0)
(0.635255 -0.896373 0)
(0.673952 -0.906633 0)
(0.715735 -0.916762 0)
(0.760963 -0.926609 0)
(0.810055 -0.935944 0)
(0.863453 -0.944469 0)
(0.921782 -0.952049 0)
(0.985809 -0.958405 0)
(0.00889341 -0.38626 0)
(0.0241001 -0.789984 0)
(0.0334274 -0.782379 0)
(0.0414652 -0.735958 0)
(0.0510438 -0.724752 0)
(0.0613744 -0.726651 0)
(0.0716573 -0.72923 0)
(0.0820172 -0.73108 0)
(0.0924937 -0.732876 0)
(0.103133 -0.734922 0)
(0.113957 -0.73725 0)
(0.124983 -0.739852 0)
(0.136233 -0.742733 0)
(0.147731 -0.745902 0)
(0.159501 -0.749371 0)
(0.17157 -0.753152 0)
(0.18397 -0.757258 0)
(0.196731 -0.761703 0)
(0.209889 -0.766504 0)
(0.223482 -0.771675 0)
(0.237554 -0.777236 0)
(0.252152 -0.783202 0)
(0.267327 -0.789593 0)
(0.283137 -0.796426 0)
(0.299646 -0.803717 0)
(0.316924 -0.811482 0)
(0.33505 -0.819735 0)
(0.35411 -0.828487 0)
(0.374199 -0.837745 0)
(0.395426 -0.847515 0)
(0.417908 -0.857797 0)
(0.441779 -0.868593 0)
(0.46719 -0.879899 0)
(0.494307 -0.891711 0)
(0.523323 -0.90402 0)
(0.554452 -0.916816 0)
(0.58794 -0.93008 0)
(0.624065 -0.943785 0)
(0.663143 -0.957889 0)
(0.705541 -0.972328 0)
(0.751673 -0.987021 0)
(0.802032 -1.0018 0)
(0.85714 -1.01652 0)
(0.917851 -1.03134 0)
(0.985051 -1.04578 0)
(0.00916142 -0.407043 0)
(0.0239971 -0.805914 0)
(0.0324845 -0.792583 0)
(0.0402403 -0.747105 0)
(0.0495842 -0.737362 0)
(0.0596939 -0.739609 0)
(0.0696716 -0.74221 0)
(0.0797231 -0.744159 0)
(0.0898811 -0.746133 0)
(0.100189 -0.748393 0)
(0.11067 -0.750959 0)
(0.12134 -0.753825 0)
(0.132221 -0.756999 0)
(0.143336 -0.760491 0)
(0.154711 -0.764317 0)
(0.166371 -0.76849 0)
(0.178346 -0.773028 0)
(0.190667 -0.777948 0)
(0.203369 -0.78327 0)
(0.21649 -0.789015 0)
(0.230073 -0.795206 0)
(0.244164 -0.801867 0)
(0.258815 -0.809022 0)
(0.274085 -0.816696 0)
(0.290036 -0.824916 0)
(0.306742 -0.833706 0)
(0.324281 -0.84309 0)
(0.342742 -0.853091 0)
(0.362224 -0.86373 0)
(0.382836 -0.875028 0)
(0.404704 -0.887005 0)
(0.427967 -0.899681 0)
(0.452784 -0.913077 0)
(0.479334 -0.927216 0)
(0.507823 -0.942122 0)
(0.538482 -0.957822 0)
(0.571577 -0.974341 0)
(0.60741 -0.991698 0)
(0.646331 -1.00992 0)
(0.68874 -1.029 0)
(0.735104 -1.04896 0)
(0.785975 -1.0697 0)
(0.841955 -1.09135 0)
(0.904206 -1.11443 0)
(0.973367 -1.13749 0)
(0.0094943 -0.428155 0)
(0.0238725 -0.821125 0)
(0.0314017 -0.802124 0)
(0.0389039 -0.758014 0)
(0.0479538 -0.749781 0)
(0.0577885 -0.752299 0)
(0.0674023 -0.754887 0)
(0.077093 -0.756921 0)
(0.0868809 -0.759062 0)
(0.0968035 -0.761522 0)
(0.106887 -0.76431 0)
(0.117144 -0.767425 0)
(0.127597 -0.770875 0)
(0.138269 -0.774675 0)
(0.149183 -0.77884 0)
(0.160364 -0.783389 0)
(0.17184 -0.788339 0)
(0.183642 -0.793714 0)
(0.195802 -0.799538 0)
(0.208357 -0.805835 0)
(0.221349 -0.812635 0)
(0.234823 -0.819968 0)
(0.24883 -0.827866 0)
(0.263425 -0.836361 0)
(0.278673 -0.845488 0)
(0.294644 -0.855283 0)
(0.311416 -0.86578 0)
(0.329079 -0.877016 0)
(0.34773 -0.889025 0)
(0.367482 -0.901846 0)
(0.388462 -0.915519 0)
(0.410813 -0.930086 0)
(0.4347 -0.945596 0)
(0.46031 -0.962102 0)
(0.487857 -0.979665 0)
(0.517582 -0.998352 0)
(0.549771 -1.01824 0)
(0.584732 -1.03939 0)
(0.622849 -1.06191 0)
(0.664527 -1.08587 0)
(0.710293 -1.1114 0)
(0.760698 -1.13846 0)
(0.816493 -1.16773 0)
(0.879071 -1.19963 0)
(0.948134 -1.23094 0)
(0.00992435 -0.449642 0)
(0.0237595 -0.835466 0)
(0.0302167 -0.810948 0)
(0.037499 -0.76865 0)
(0.0461849 -0.76193 0)
(0.0556857 -0.764637 0)
(0.0648771 -0.767182 0)
(0.0741544 -0.769293 0)
(0.0835208 -0.771587 0)
(0.0930062 -0.77423 0)
(0.102638 -0.777223 0)
(0.112427 -0.780568 0)
(0.122395 -0.784276 0)
(0.132563 -0.788362 0)
(0.142953 -0.792845 0)
(0.153587 -0.797744 0)
(0.164492 -0.803082 0)
(0.175696 -0.808884 0)
(0.18723 -0.815179 0)
(0.199127 -0.821997 0)
(0.211427 -0.829373 0)
(0.224172 -0.837342 0)
(0.237411 -0.845944 0)
(0.251196 -0.85522 0)
(0.265589 -0.865214 0)
(0.280656 -0.87597 0)
(0.296473 -0.887537 0)
(0.313126 -0.899962 0)
(0.330712 -0.913297 0)
(0.34934 -0.9276 0)
(0.369138 -0.94293 0)
(0.39025 -0.959356 0)
(0.412841 -0.976955 0)
(0.437101 -0.995814 0)
(0.463249 -1.01603 0)
(0.491529 -1.03772 0)
(0.522235 -1.06099 0)
(0.555669 -1.08599 0)
(0.592246 -1.11288 0)
(0.632331 -1.14182 0)
(0.676538 -1.17306 0)
(0.725297 -1.20668 0)
(0.779716 -1.24409 0)
(0.840853 -1.2845 0)
(0.907111 -1.32332 0)
(0.0104918 -0.471599 0)
(0.0236887 -0.84878 0)
(0.0289715 -0.819007 0)
(0.036065 -0.778966 0)
(0.0443084 -0.773721 0)
(0.0534151 -0.776532 0)
(0.0621284 -0.779015 0)
(0.0709425 -0.781196 0)
(0.0798381 -0.783631 0)
(0.0888367 -0.786439 0)
(0.0979661 -0.789618 0)
(0.107237 -0.793173 0)
(0.116666 -0.797116 0)
(0.126274 -0.801464 0)
(0.13608 -0.806236 0)
(0.146104 -0.811455 0)
(0.15637 -0.817147 0)
(0.166902 -0.82334 0)
(0.177728 -0.830067 0)
(0.18888 -0.837362 0)
(0.20039 -0.845265 0)
(0.212299 -0.853819 0)
(0.22465 -0.86307 0)
(0.237491 -0.873068 0)
(0.250877 -0.883863 0)
(0.264871 -0.895512 0)
(0.279543 -0.908074 0)
(0.294972 -0.921611 0)
(0.311251 -0.936192 0)
(0.328485 -0.951892 0)
(0.346797 -0.968797 0)
(0.366328 -0.986999 0)
(0.38724 -1.00661 0)
(0.409722 -1.02774 0)
(0.433988 -1.05054 0)
(0.46028 -1.07515 0)
(0.488884 -1.10174 0)
(0.52009 -1.13052 0)
(0.554319 -1.16171 0)
(0.591861 -1.19558 0)
(0.633433 -1.23243 0)
(0.679178 -1.2727 0)
(0.730866 -1.31839 0)
(0.787905 -1.36587 0)
(0.849008 -1.41364 0)
(0.0112198 -0.494169 0)
(0.023673 -0.860917 0)
(0.0277002 -0.826256 0)
(0.0346296 -0.788906 0)
(0.0423487 -0.785058 0)
(0.051004 -0.787897 0)
(0.0591889 -0.790312 0)
(0.0674948 -0.79256 0)
(0.0758745 -0.795122 0)
(0.0843417 -0.798076 0)
(0.092924 -0.801421 0)
(0.101629 -0.805163 0)
(0.110473 -0.809314 0)
(0.119471 -0.813894 0)
(0.12864 -0.818923 0)
(0.137997 -0.824427 0)
(0.147562 -0.830431 0)
(0.157356 -0.83697 0)
(0.167402 -0.844078 0)
(0.177727 -0.851794 0)
(0.188358 -0.860165 0)
(0.199331 -0.869236 0)
(0.210681 -0.879062 0)
(0.222451 -0.889698 0)
(0.234687 -0.901206 0)
(0.247445 -0.91365 0)
(0.260785 -0.927101 0)
(0.274781 -0.941636 0)
(0.289516 -0.957342 0)
(0.305088 -0.974314 0)
(0.321612 -0.992659 0)
(0.339221 -1.0125 0)
(0.358071 -1.03397 0)
(0.37834 -1.05723 0)
(0.400234 -1.08245 0)
(0.423985 -1.10982 0)
(0.449856 -1.13955 0)
(0.478126 -1.1719 0)
(0.509164 -1.20712 0)
(0.543209 -1.24564 0)
(0.580966 -1.28768 0)
(0.62224 -1.33439 0)
(0.669418 -1.38732 0)
(0.718684 -1.43948 0)
(0.773628 -1.5023 0)
(0.0120971 -0.517509 0)
(0.0236977 -0.871732 0)
(0.0264191 -0.832664 0)
(0.0332045 -0.798412 0)
(0.0403201 -0.795849 0)
(0.0484746 -0.798654 0)
(0.0560886 -0.801004 0)
(0.0638486 -0.803319 0)
(0.0716738 -0.805994 0)
(0.079572 -0.809077 0)
(0.0875693 -0.812566 0)
(0.0956708 -0.816468 0)
(0.103888 -0.820799 0)
(0.112234 -0.825578 0)
(0.120722 -0.830827 0)
(0.129365 -0.836571 0)
(0.138178 -0.842841 0)
(0.147178 -0.849671 0)
(0.156381 -0.8571 0)
(0.16581 -0.865171 0)
(0.175485 -0.873932 0)
(0.185433 -0.883438 0)
(0.195682 -0.893744 0)
(0.206266 -0.904915 0)
(0.217222 -0.917019 0)
(0.228594 -0.930131 0)
(0.240433 -0.944333 0)
(0.2528 -0.959716 0)
(0.265768 -0.976384 0)
(0.279424 -0.994453 0)
(0.293869 -1.01405 0)
(0.309227 -1.03534 0)
(0.32564 -1.05847 0)
(0.343274 -1.08363 0)
(0.362319 -1.11103 0)
(0.382995 -1.14089 0)
(0.405529 -1.17347 0)
(0.430205 -1.20904 0)
(0.457265 -1.24787 0)
(0.487036 -1.29047 0)
(0.519825 -1.33689 0)
(0.555597 -1.38919 0)
(0.596096 -1.44635 0)
(0.634622 -1.5008 0)
(0.684336 -1.58771 0)
(0.013074 -0.541746 0)
(0.0237189 -0.881095 0)
(0.025123 -0.838216 0)
(0.0317836 -0.807421 0)
(0.0382268 -0.806005 0)
(0.0458436 -0.80873 0)
(0.0528546 -0.81103 0)
(0.0600401 -0.813412 0)
(0.067281 -0.816187 0)
(0.0745813 -0.81938 0)
(0.0819648 -0.82299 0)
(0.0894331 -0.827027 0)
(0.0969941 -0.831506 0)
(0.104657 -0.836447 0)
(0.11243 -0.841873 0)
(0.120323 -0.847811 0)
(0.128345 -0.854291 0)
(0.136506 -0.861351 0)
(0.144819 -0.869032 0)
(0.153296 -0.877378 0)
(0.161953 -0.886443 0)
(0.170805 -0.896281 0)
(0.179872 -0.906956 0)
(0.189174 -0.918535 0)
(0.198739 -0.931094 0)
(0.208596 -0.944717 0)
(0.218785 -0.959498 0)
(0.229351 -0.975541 0)
(0.240353 -0.992966 0)
(0.251861 -1.01191 0)
(0.263962 -1.03253 0)
(0.276763 -1.055 0)
(0.290389 -1.07951 0)
(0.304989 -1.10628 0)
(0.320738 -1.13555 0)
(0.337839 -1.16758 0)
(0.356496 -1.20263 0)
(0.377013 -1.24099 0)
(0.399482 -1.28296 0)
(0.42452 -1.32892 0)
(0.451527 -1.37889 0)
(0.481985 -1.4352 0)
(0.513892 -1.49254 0)
(0.543562 -1.54972 0)
(0.590775 -1.66439 0)
(0.014073 -0.566932 0)
(0.0236728 -0.888887 0)
(0.0237891 -0.842926 0)
(0.0303467 -0.815877 0)
(0.0360647 -0.815447 0)
(0.043122 -0.818069 0)
(0.0495107 -0.820337 0)
(0.0561031 -0.822787 0)
(0.0627404 -0.825649 0)
(0.0694243 -0.828934 0)
(0.0761757 -0.832642 0)
(0.0829922 -0.836786 0)
(0.0898779 -0.84138 0)
(0.0968375 -0.846444 0)
(0.103875 -0.852002 0)
(0.110994 -0.858081 0)
(0.118199 -0.864713 0)
(0.125495 -0.871936 0)
(0.132885 -0.87979 0)
(0.140374 -0.888323 0)
(0.147968 -0.897589 0)
(0.155673 -0.907646 0)
(0.163496 -0.918558 0)
(0.171446 -0.930399 0)
(0.179535 -0.943249 0)
(0.187778 -0.9572 0)
(0.196198 -0.972354 0)
(0.204824 -0.988832 0)
(0.213693 -1.00677 0)
(0.222858 -1.02632 0)
(0.232384 -1.04766 0)
(0.242354 -1.07099 0)
(0.252873 -1.09655 0)
(0.26407 -1.12458 0)
(0.276101 -1.15535 0)
(0.289153 -1.18915 0)
(0.303438 -1.2263 0)
(0.319263 -1.26707 0)
(0.336708 -1.31183 0)
(0.356694 -1.36069 0)
(0.377688 -1.41402 0)
(0.404055 -1.47282 0)
(0.426476 -1.52895 0)
(0.456826 -1.59502 0)
(0.501674 -1.72223 0)
(0.0150014 -0.593029 0)
(0.0234868 -0.895021 0)
(0.0223854 -0.846857 0)
(0.0288639 -0.823749 0)
(0.0338241 -0.824128 0)
(0.0403146 -0.826644 0)
(0.046076 -0.828901 0)
(0.0520674 -0.831418 0)
(0.058093 -0.834354 0)
(0.0641526 -0.837712 0)
(0.0702644 -0.841495 0)
(0.0764218 -0.845717 0)
(0.0826246 -0.850391 0)
(0.0888731 -0.855538 0)
(0.0951665 -0.861181 0)
(0.101503 -0.867346 0)
(0.107882 -0.874066 0)
(0.114299 -0.881377 0)
(0.120751 -0.88932 0)
(0.127235 -0.897944 0)
(0.133746 -0.9073 0)
(0.140277 -0.917447 0)
(0.146823 -0.928452 0)
(0.153379 -0.94039 0)
(0.159941 -0.953345 0)
(0.166508 -0.967415 0)
(0.17308 -0.982711 0)
(0.179668 -0.999361 0)
(0.186284 -1.01752 0)
(0.192955 -1.03735 0)
(0.199718 -1.05906 0)
(0.206626 -1.08288 0)
(0.213753 -1.10907 0)
(0.221197 -1.13791 0)
(0.229092 -1.16973 0)
(0.237601 -1.20487 0)
(0.246954 -1.2437 0)
(0.257428 -1.28658 0)
(0.269302 -1.33395 0)
(0.283432 -1.3858 0)
(0.298454 -1.44314 0)
(0.320697 -1.50425 0)
(0.334548 -1.56459 0)
(0.377506 -1.64874 0)
(0.405666 -1.74157 0)
(0.0157632 -0.619908 0)
(0.0230918 -0.899441 0)
(0.0208792 -0.850117 0)
(0.0273015 -0.831033 0)
(0.0314953 -0.832035 0)
(0.0374226 -0.834455 0)
(0.0425662 -0.836718 0)
(0.0479583 -0.839299 0)
(0.0533749 -0.842295 0)
(0.0588129 -0.845707 0)
(0.0642879 -0.849542 0)
(0.0697894 -0.853812 0)
(0.0753132 -0.858531 0)
(0.0808551 -0.863719 0)
(0.0864092 -0.869397 0)
(0.0919688 -0.875592 0)
(0.0975257 -0.882333 0)
(0.10307 -0.889656 0)
(0.10859 -0.8976 0)
(0.114073 -0.90621 0)
(0.119503 -0.915538 0)
(0.124861 -0.92564 0)
(0.13013 -0.936582 0)
(0.135288 -0.94844 0)
(0.140314 -0.961298 0)
(0.145186 -0.975257 0)
(0.149884 -0.990432 0)
(0.154391 -1.00696 0)
(0.158691 -1.025 0)
(0.162777 -1.04474 0)
(0.166648 -1.0664 0)
(0.170317 -1.09024 0)
(0.173812 -1.11653 0)
(0.177183 -1.14563 0)
(0.180517 -1.1779 0)
(0.18393 -1.21376 0)
(0.187634 -1.25369 0)
(0.191832 -1.29819 0)
(0.197033 -1.3478 0)
(0.20354 -1.40282 0)
(0.211745 -1.46448 0)
(0.225753 -1.52974 0)
(0.234009 -1.60527 0)
(0.287265 -1.7048 0)
(0.263015 -1.67988 0)
(0.0162764 -0.647291 0)
(0.0224374 -0.902112 0)
(0.0192494 -0.852829 0)
(0.0256305 -0.837716 0)
(0.0290757 -0.839156 0)
(0.034449 -0.841499 0)
(0.038998 -0.843783 0)
(0.0438008 -0.846418 0)
(0.0486206 -0.84946 0)
(0.0534494 -0.852908 0)
(0.0583003 -0.856771 0)
(0.0631595 -0.861061 0)
(0.0680192 -0.865791 0)
(0.0728707 -0.870978 0)
(0.0777038 -0.876644 0)
(0.0825061 -0.882811 0)
(0.0872636 -0.889508 0)
(0.0919594 -0.896765 0)
(0.0965738 -0.90462 0)
(0.101084 -0.913113 0)
(0.105464 -0.922293 0)
(0.109685 -0.932212 0)
(0.113712 -0.942932 0)
(0.117509 -0.954526 0)
(0.121037 -0.967076 0)
(0.124252 -0.980682 0)
(0.127108 -0.995458 0)
(0.129558 -1.01154 0)
(0.131551 -1.0291 0)
(0.133039 -1.04832 0)
(0.133972 -1.06943 0)
(0.134308 -1.09271 0)
(0.13401 -1.11847 0)
(0.133058 -1.14708 0)
(0.131454 -1.17897 0)
(0.129226 -1.21463 0)
(0.12649 -1.25465 0)
(0.123331 -1.29969 0)
(0.120205 -1.35044 0)
(0.11692 -1.40767 0)
(0.115412 -1.4721 0)
(0.114444 -1.54447 0)
(0.119901 -1.64154 0)
(0.153681 -1.71956 0)
(0.0426821 -1.47619 0)
(0.0164806 -0.674763 0)
(0.0215014 -0.903033 0)
(0.017501 -0.855118 0)
(0.0238357 -0.843773 0)
(0.0265776 -0.845481 0)
(0.0314054 -0.84777 0)
(0.0353948 -0.850081 0)
(0.0396252 -0.852762 0)
(0.043869 -0.855836 0)
(0.0481098 -0.859303 0)
(0.0523583 -0.863173 0)
(0.056599 -0.867455 0)
(0.0608202 -0.872164 0)
(0.0650098 -0.877314 0)
(0.0691532 -0.882922 0)
(0.0732332 -0.889009 0)
(0.0772301 -0.895599 0)
(0.0811206 -0.902719 0)
(0.0848779 -0.910401 0)
(0.0884704 -0.91868 0)
(0.0918623 -0.927597 0)
(0.0950122 -0.9372 0)
(0.0978734 -0.947544 0)
(0.100393 -0.958695 0)
(0.102512 -0.970728 0)
(0.104165 -0.983735 0)
(0.105277 -0.997825 0)
(0.105768 -1.01313 0)
(0.105548 -1.0298 0)
(0.10452 -1.04803 0)
(0.102578 -1.06805 0)
(0.099611 -1.09012 0)
(0.0955025 -1.11457 0)
(0.090134 -1.14179 0)
(0.0833956 -1.17222 0)
(0.0751791 -1.20642 0)
(0.0654161 -1.245 0)
(0.0540107 -1.28881 0)
(0.0411361 -1.33857 0)
(0.0266025 -1.39519 0)
(0.0110983 -1.4594 0)
(-0.00682508 -1.54089 0)
(-0.00704273 -1.64898 0)
(-0.0354389 -1.63629 0)
(-0.220582 -1.12847 0)
(0.0163265 -0.701886 0)
(0.0202855 -0.902292 0)
(0.0156676 -0.857129 0)
(0.021916 -0.849204 0)
(0.0240269 -0.85104 0)
(0.0283137 -0.853294 0)
(0.0317864 -0.855636 0)
(0.0354677 -0.85835 0)
(0.0391623 -0.861443 0)
(0.0428435 -0.864912 0)
(0.0465194 -0.868769 0)
(0.0501738 -0.873021 0)
(0.0537919 -0.87768 0)
(0.0573585 -0.882758 0)
(0.0608553 -0.888269 0)
(0.0642612 -0.89423 0)
(0.0675515 -0.900658 0)
(0.0706978 -0.907576 0)
(0.0736666 -0.915009 0)
(0.0764192 -0.922984 0)
(0.0789107 -0.931536 0)
(0.0810894 -0.940701 0)
(0.082896 -0.950526 0)
(0.0842622 -0.961065 0)
(0.0851102 -0.972381 0)
(0.0853512 -0.984551 0)
(0.0848834 -0.99767 0)
(0.0835917 -1.01185 0)
(0.0813446 -1.02724 0)
(0.077994 -1.04399 0)
(0.0733729 -1.06233 0)
(0.067295 -1.0825 0)
(0.0595519 -1.1048 0)
(0.0499227 -1.12962 0)
(0.0381585 -1.15737 0)
(0.024006 -1.18865 0)
(0.00707265 -1.22404 0)
(-0.0128215 -1.26433 0)
(-0.0357028 -1.31033 0)
(-0.0620983 -1.36263 0)
(-0.0936364 -1.4244 0)
(-0.122829 -1.51339 0)
(-0.144129 -1.60558 0)
(-0.245001 -1.45158 0)
(-0.430901 -0.777309 0)
(0.0157776 -0.728235 0)
(0.0188127 -0.900083 0)
(0.0137987 -0.859011 0)
(0.0198813 -0.854028 0)
(0.0214534 -0.855887 0)
(0.0251974 -0.858117 0)
(0.0281972 -0.860489 0)
(0.0313567 -0.863223 0)
(0.0345315 -0.86632 0)
(0.0376857 -0.869777 0)
(0.0408234 -0.873602 0)
(0.0439287 -0.877803 0)
(0.0469848 -0.882387 0)
(0.0499738 -0.887364 0)
(0.0528748 -0.892742 0)
(0.0556636 -0.898534 0)
(0.0583119 -0.904753 0)
(0.0607871 -0.911413 0)
(0.063051 -0.918531 0)
(0.0650588 -0.926126 0)
(0.0667586 -0.934221 0)
(0.0680901 -0.942842 0)
(0.068983 -0.95202 0)
(0.0693558 -0.961795 0)
(0.069114 -0.972211 0)
(0.0681479 -0.983325 0)
(0.06633 -0.995208 0)
(0.0635127 -1.00795 0)
(0.0595245 -1.02165 0)
(0.0541683 -1.03645 0)
(0.0472143 -1.05253 0)
(0.0384022 -1.07009 0)
(0.0274294 -1.08939 0)
(0.0139691 -1.11077 0)
(-0.00239464 -1.13462 0)
(-0.0220722 -1.16146 0)
(-0.0455239 -1.19188 0)
(-0.0732954 -1.22653 0)
(-0.105654 -1.26623 0)
(-0.14383 -1.31156 0)
(-0.188194 -1.36971 0)
(-0.228036 -1.45797 0)
(-0.283857 -1.51026 0)
(-0.41185 -1.24257 0)
(-0.558026 -0.522519 0)
(0.0148577 -0.753365 0)
(0.017145 -0.896708 0)
(0.0119432 -0.86087 0)
(0.0177383 -0.85827 0)
(0.0188697 -0.860092 0)
(0.022062 -0.862304 0)
(0.0246244 -0.864703 0)
(0.0272902 -0.867444 0)
(0.0299724 -0.870533 0)
(0.0326311 -0.873964 0)
(0.0352646 -0.877744 0)
(0.0378579 -0.881876 0)
(0.0403931 -0.886365 0)
(0.0428508 -0.891217 0)
(0.0452085 -0.896437 0)
(0.0474401 -0.90203 0)
(0.0495153 -0.908004 0)
(0.0513988 -0.914364 0)
(0.0530492 -0.921119 0)
(0.0544183 -0.928276 0)
(0.0554493 -0.935847 0)
(0.0560759 -0.943842 0)
(0.0562203 -0.952277 0)
(0.0557912 -0.96117 0)
(0.0546818 -0.970543 0)
(0.0527663 -0.980426 0)
(0.0498968 -0.990855 0)
(0.0458992 -1.00188 0)
(0.0405687 -1.01357 0)
(0.0336655 -1.02601 0)
(0.0248988 -1.0393 0)
(0.0139499 -1.05361 0)
(0.0004144 -1.06909 0)
(-0.016148 -1.08605 0)
(-0.0362764 -1.10477 0)
(-0.0605713 -1.12567 0)
(-0.0896905 -1.14933 0)
(-0.124384 -1.1764 0)
(-0.165342 -1.20749 0)
(-0.214287 -1.24394 0)
(-0.269546 -1.29602 0)
(-0.325503 -1.3761 0)
(-0.409602 -1.38603 0)
(-0.542705 -1.05485 0)
(-0.658097 -0.365705 0)
(0.0136501 -0.776923 0)
(0.0153616 -0.892561 0)
(0.0101261 -0.862799 0)
(0.0154688 -0.862018 0)
(0.0162546 -0.863788 0)
(0.0188818 -0.865985 0)
(0.0210277 -0.868407 0)
(0.0232248 -0.87115 0)
(0.0254362 -0.874224 0)
(0.0276246 -0.877623 0)
(0.0297827 -0.88135 0)
(0.0318963 -0.885406 0)
(0.0339477 -0.889792 0)
(0.0359169 -0.89451 0)
(0.0377813 -0.89956 0)
(0.0395144 -0.904941 0)
(0.0410855 -0.910654 0)
(0.0424586 -0.916696 0)
(0.0435916 -0.923066 0)
(0.0444352 -0.929761 0)
(0.0449312 -0.936777 0)
(0.0450111 -0.944109 0)
(0.0445941 -0.951752 0)
(0.0435848 -0.959703 0)
(0.0418701 -0.967956 0)
(0.0393162 -0.976508 0)
(0.0357638 -0.985358 0)
(0.0310239 -0.994509 0)
(0.0248686 -1.00397 0)
(0.0170304 -1.01376 0)
(0.0071771 -1.0239 0)
(-0.00504892 -1.03446 0)
(-0.0201637 -1.0455 0)
(-0.0387054 -1.05717 0)
(-0.0613031 -1.06962 0)
(-0.088803 -1.08313 0)
(-0.122094 -1.09811 0)
(-0.162241 -1.11506 0)
(-0.210615 -1.1345 0)
(-0.269205 -1.15829 0)
(-0.336758 -1.19831 0)
(-0.41454 -1.26173 0)
(-0.527021 -1.23064 0)
(-0.670815 -0.866072 0)
(-0.78888 -0.240408 0)
(0.0121814 -0.798528 0)
(0.0134665 -0.887859 0)
(0.0083436 -0.864686 0)
(0.0130347 -0.865207 0)
(0.0135684 -0.866942 0)
(0.0156227 -0.869126 0)
(0.0173568 -0.871567 0)
(0.0191048 -0.874311 0)
(0.0208618 -0.877368 0)
(0.0225993 -0.880735 0)
(0.0243059 -0.884409 0)
(0.0259681 -0.888389 0)
(0.0275693 -0.892672 0)
(0.0290906 -0.897257 0)
(0.0305104 -0.902138 0)
(0.0318037 -0.907309 0)
(0.032941 -0.912763 0)
(0.0338883 -0.91849 0)
(0.0346055 -0.924479 0)
(0.0350452 -0.930714 0)
(0.035152 -0.937177 0)
(0.0348597 -0.943848 0)
(0.0340902 -0.950702 0)
(0.0327506 -0.957708 0)
(0.0307306 -0.964834 0)
(0.027898 -0.97204 0)
(0.0240948 -0.979284 0)
(0.019132 -0.986516 0)
(0.0127745 -0.993683 0)
(0.00476803 -1.00072 0)
(-0.00525024 -1.00755 0)
(-0.017665 -1.01413 0)
(-0.0330312 -1.02039 0)
(-0.0519341 -1.02626 0)
(-0.0750842 -1.03168 0)
(-0.103512 -1.03666 0)
(-0.138327 -1.04122 0)
(-0.180967 -1.0455 0)
(-0.233486 -1.0495 0)
(-0.29832 -1.05449 0)
(-0.376699 -1.07094 0)
(-0.478557 -1.10234 0)
(-0.618667 -1.0238 0)
(-0.767728 -0.623435 0)
(-0.959305 -0.0931843 0)
(0.01034 -0.817337 0)
(0.0113488 -0.882303 0)
(0.00660955 -0.865861 0)
(0.0104305 -0.867217 0)
(0.0107977 -0.868956 0)
(0.0122853 -0.871135 0)
(0.013603 -0.873593 0)
(0.0149192 -0.87634 0)
(0.0162401 -0.879382 0)
(0.0175474 -0.882716 0)
(0.0188285 -0.886337 0)
(0.0200706 -0.890241 0)
(0.0212591 -0.894423 0)
(0.0223772 -0.898877 0)
(0.023406 -0.903593 0)
(0.0243234 -0.908561 0)
(0.0251039 -0.913766 0)
(0.0257176 -0.919191 0)
(0.0261292 -0.924814 0)
(0.0262975 -0.93061 0)
(0.0261732 -0.936547 0)
(0.0256981 -0.942587 0)
(0.0248031 -0.948687 0)
(0.0234054 -0.954793 0)
(0.0214064 -0.960842 0)
(0.0186875 -0.966761 0)
(0.0151061 -0.972463 0)
(0.0104888 -0.977847 0)
(0.00463176 -0.982798 0)
(-0.00269211 -0.987147 0)
(-0.0118641 -0.990766 0)
(-0.0232333 -0.993455 0)
(-0.0372827 -0.994997 0)
(-0.0546011 -0.995083 0)
(-0.0759074 -0.993425 0)
(-0.102184 -0.989653 0)
(-0.134603 -0.983292 0)
(-0.174715 -0.973848 0)
(-0.224694 -0.960554 0)
(-0.286782 -0.942837 0)
(-0.364039 -0.926105 0)
(-0.471942 -0.91446 0)
(-0.614521 -0.802065 0)
(-0.718619 -0.329083 0)
(-0.816381 0.393687 0)
(0.00802977 -0.832639 0)
(0.00891437 -0.875833 0)
(0.00496831 -0.865794 0)
(0.00769862 -0.86761 0)
(0.00794603 -0.869422 0)
(0.00890023 -0.871623 0)
(0.00980407 -0.874107 0)
(0.0107119 -0.876864 0)
(0.0116254 -0.879896 0)
(0.0125326 -0.8832 0)
(0.0134219 -0.886771 0)
(0.0142823 -0.890605 0)
(0.0151018 -0.894694 0)
(0.0158672 -0.899029 0)
(0.0165637 -0.903596 0)
(0.017174 -0.908381 0)
(0.0176783 -0.913364 0)
(0.0180535 -0.918521 0)
(0.0182721 -0.923822 0)
(0.0183019 -0.929232 0)
(0.0181046 -0.934707 0)
(0.0176346 -0.940196 0)
(0.0168379 -0.945637 0)
(0.0156494 -0.950956 0)
(0.0139914 -0.956065 0)
(0.0117699 -0.960859 0)
(0.00887186 -0.965212 0)
(0.00515692 -0.968977 0)
(0.000492742 -0.971975 0)
(-0.00535467 -0.97398 0)
(-0.0126929 -0.974781 0)
(-0.0217764 -0.974026 0)
(-0.0329909 -0.971373 0)
(-0.0468179 -0.966327 0)
(-0.0638734 -0.958363 0)
(-0.0849108 -0.946773 0)
(-0.110884 -0.93069 0)
(-0.143065 -0.909029 0)
(-0.183107 -0.880371 0)
(-0.23244 -0.842767 0)
(-0.293127 -0.795659 0)
(-0.374978 -0.741177 0)
(-0.474124 -0.642242 0)
(-0.505745 -0.359893 0)
(-0.400641 0.173969 0)
(0.00540051 -0.845087 0)
(0.00617555 -0.870278 0)
(0.00331284 -0.865759 0)
(0.00482323 -0.86782 0)
(0.0049555 -0.869784 0)
(0.00545373 -0.872048 0)
(0.00596947 -0.874572 0)
(0.00650064 -0.877349 0)
(0.00703982 -0.880382 0)
(0.0075784 -0.883671 0)
(0.00810791 -0.887212 0)
(0.00862053 -0.891 0)
(0.00910832 -0.895027 0)
(0.00956277 -0.899281 0)
(0.0099744 -0.903747 0)
(0.0103324 -0.908408 0)
(0.0106243 -0.913238 0)
(0.0108354 -0.918211 0)
(0.0109485 -0.92329 0)
(0.0109432 -0.928433 0)
(0.0107953 -0.933588 0)
(0.0104761 -0.938694 0)
(0.00995125 -0.943675 0)
(0.00917981 -0.948444 0)
(0.00811229 -0.952893 0)
(0.00668897 -0.956894 0)
(0.00483794 -0.960294 0)
(0.00247183 -0.96291 0)
(-0.000489923 -0.964517 0)
(-0.00422423 -0.964865 0)
(-0.00891281 -0.963621 0)
(-0.014707 -0.960374 0)
(-0.0218665 -0.954657 0)
(-0.0307021 -0.945864 0)
(-0.0416026 -0.933281 0)
(-0.0550388 -0.91598 0)
(-0.0715977 -0.892848 0)
(-0.0920381 -0.862443 0)
(-0.117359 -0.822937 0)
(-0.148609 -0.771862 0)
(-0.18809 -0.706544 0)
(-0.243749 -0.624562 0)
(-0.31481 -0.507139 0)
(-0.377701 -0.277825 0)
(-0.415203 0.0864072 0)
(0.0023926 -0.854809 0)
(0.00274529 -0.868703 0)
(0.0012488 -0.867855 0)
(0.00168579 -0.870058 0)
(0.00172018 -0.872165 0)
(0.00186877 -0.874496 0)
(0.00203508 -0.877057 0)
(0.00221235 -0.879858 0)
(0.00239439 -0.882905 0)
(0.00257726 -0.886199 0)
(0.00275775 -0.889739 0)
(0.00293299 -0.89352 0)
(0.0031002 -0.897533 0)
(0.00325645 -0.901767 0)
(0.00339851 -0.906205 0)
(0.00352272 -0.910828 0)
(0.00362484 -0.915609 0)
(0.00369989 -0.92052 0)
(0.003742 -0.925521 0)
(0.00374427 -0.930567 0)
(0.00369849 -0.935604 0)
(0.00359497 -0.940563 0)
(0.00342212 -0.945366 0)
(0.00316609 -0.949916 0)
(0.00281016 -0.954099 0)
(0.00233417 -0.957774 0)
(0.00171388 -0.960777 0)
(0.000919715 -0.962907 0)
(-7.54675e-05 -0.963921 0)
(-0.00133487 -0.963549 0)
(-0.00291599 -0.961397 0)
(-0.0048732 -0.957035 0)
(-0.00729419 -0.949936 0)
(-0.0102851 -0.939436 0)
(-0.0139757 -0.924733 0)
(-0.0185204 -0.90481 0)
(-0.0241016 -0.878437 0)
(-0.0309212 -0.844055 0)
(-0.03916 -0.799731 0)
(-0.0488444 -0.742977 0)
(-0.0597203 -0.670906 0)
(-0.0717177 -0.579508 0)
(-0.0778573 -0.459859 0)
(-0.0825659 -0.327778 0)
(-0.0154431 -0.121152 0)
)
;

boundaryField
{
    leftWall
    {
        type            fixedValue;
        value           uniform (0 0 0);
    }
    rightWall
    {
        type            fixedValue;
        value           nonuniform 0();
    }
    lowerWall
    {
        type            fixedValue;
        value           nonuniform 0();
    }
    atmosphere
    {
        type            pressureInletOutletVelocity;
        value           nonuniform List<vector> 
45
(
(0 -0.854809 0)
(0 -0.868703 0)
(0 -0.867855 0)
(0 -0.870058 0)
(0 -0.872165 0)
(0 -0.874496 0)
(0 -0.877057 0)
(0 -0.879858 0)
(0 -0.882905 0)
(0 -0.886199 0)
(0 -0.889739 0)
(0 -0.89352 0)
(0 -0.897533 0)
(0 -0.901767 0)
(0 -0.906205 0)
(0 -0.910828 0)
(0 -0.915609 0)
(0 -0.92052 0)
(0 -0.925521 0)
(0 -0.930567 0)
(0 -0.935604 0)
(0 -0.940563 0)
(0 -0.945366 0)
(0 -0.949916 0)
(0 -0.954099 0)
(0 -0.957774 0)
(0 -0.960777 0)
(0 -0.962907 0)
(0 -0.963921 0)
(0 -0.963549 0)
(0 -0.961397 0)
(0 -0.957035 0)
(0 -0.949936 0)
(0 -0.939436 0)
(0 -0.924733 0)
(0 -0.90481 0)
(0 -0.878437 0)
(0 -0.844055 0)
(0 -0.799731 0)
(0 -0.742977 0)
(0 -0.670906 0)
(0 -0.579508 0)
(0 -0.459859 0)
(0 -0.327778 0)
(0 -0.121152 0)
)
;
    }
    defaultFaces
    {
        type            empty;
    }
    procBoundary2to0
    {
        type            processor;
        value           nonuniform List<vector> 
46
(
(0.227381 -0.404442 0)
(0.240601 -0.400425 0)
(0.253984 -0.396277 0)
(0.267512 -0.391982 0)
(0.281166 -0.387519 0)
(0.294931 -0.382862 0)
(0.308793 -0.377983 0)
(0.322743 -0.372852 0)
(0.336776 -0.36744 0)
(0.350886 -0.361722 0)
(0.365074 -0.355675 0)
(0.379334 -0.349289 0)
(0.393662 -0.342557 0)
(0.408043 -0.335485 0)
(0.422451 -0.32809 0)
(0.436844 -0.320396 0)
(0.451159 -0.312437 0)
(0.465302 -0.304252 0)
(0.479149 -0.29588 0)
(0.492532 -0.287354 0)
(0.505239 -0.27869 0)
(0.517004 -0.26987 0)
(0.527504 -0.260827 0)
(0.536362 -0.251404 0)
(0.543168 -0.241338 0)
(0.00480249 -0.0423599 0)
(0.0181436 -0.469279 0)
(0.030043 -0.546494 0)
(0.0379907 -0.500679 0)
(0.0467352 -0.465832 0)
(0.05655 -0.45548 0)
(0.0668364 -0.454756 0)
(0.0772955 -0.454848 0)
(0.0878723 -0.453744 0)
(0.0986093 -0.451777 0)
(0.10955 -0.449427 0)
(0.120716 -0.446901 0)
(0.132113 -0.444237 0)
(0.143744 -0.441436 0)
(0.15561 -0.438495 0)
(0.16771 -0.43542 0)
(0.180043 -0.432217 0)
(0.192605 -0.428891 0)
(0.20539 -0.425443 0)
(0.218389 -0.421874 0)
(0.218389 -0.421874 0)
)
;
    }
    procBoundary2to3
    {
        type            processor;
        value           nonuniform List<vector> 
43
(
(0.562577 -0.234255 0)
(0.580255 -0.240708 0)
(0.599842 -0.249626 0)
(0.620838 -0.26099 0)
(0.642873 -0.274725 0)
(0.665683 -0.290728 0)
(0.689109 -0.308889 0)
(0.713098 -0.329115 0)
(0.737711 -0.351374 0)
(0.76311 -0.375739 0)
(0.789538 -0.402441 0)
(0.817261 -0.431934 0)
(0.84647 -0.464963 0)
(0.877097 -0.502562 0)
(0.90865 -0.545886 0)
(0.940246 -0.595937 0)
(0.970784 -0.653395 0)
(0.999088 -0.718657 0)
(1.02387 -0.791936 0)
(1.04356 -0.873228 0)
(1.05609 -0.96208 0)
(1.05887 -1.05735 0)
(1.04889 -1.15718 0)
(1.02337 -1.2598 0)
(0.981657 -1.36628 0)
(0.925349 -1.48249 0)
(0.852968 -1.61024 0)
(0.758055 -1.72859 0)
(0.639124 -1.78874 0)
(0.498959 -1.73766 0)
(0.321871 -1.5444 0)
(0.0766197 -1.19696 0)
(-0.220729 -0.726469 0)
(-0.470234 -0.308341 0)
(-0.607525 -0.0418643 0)
(-0.660525 0.106351 0)
(-0.711473 0.167775 0)
(-0.820766 0.188343 0)
(-1.20747 0.167506 0)
(-1.04931 0.618298 0)
(-0.289042 0.613095 0)
(-0.333167 0.270955 0)
(0.0566707 -0.0607921 0)
)
;
    }
}


// ************************************************************************* //
