/*--------------------------------*- C++ -*----------------------------------*\
| =========                 |                                                 |
| \\      /  F ield         | OpenFOAM: The Open Source CFD Toolbox           |
|  \\    /   O peration     | Version:  3.0.1                                 |
|   \\  /    A nd           | Web:      www.OpenFOAM.org                      |
|    \\/     M anipulation  |                                                 |
\*---------------------------------------------------------------------------*/
FoamFile
{
    version     2.0;
    format      ascii;
    class       surfaceScalarField;
    location    "0.35";
    object      phi;
}
// * * * * * * * * * * * * * * * * * * * * * * * * * * * * * * * * * * * * * //

dimensions      [0 3 -1 0 0 0 0];

internalField   nonuniform List<scalar> 
3781
(
-1.28032e-06
1.28032e-06
-6.54668e-07
-6.25655e-07
1.52388e-06
-2.17855e-06
4.47099e-06
-2.94711e-06
7.55182e-06
-3.08084e-06
1.03592e-05
-2.80737e-06
1.27216e-05
-2.36237e-06
1.4635e-05
-1.91344e-06
1.61853e-05
-1.5503e-06
1.74881e-05
-1.30279e-06
1.86515e-05
-1.16344e-06
1.97578e-05
-1.10631e-06
2.08586e-05
-1.10075e-06
2.19781e-05
-1.11954e-06
2.31205e-05
-1.14235e-06
2.42766e-05
-1.15611e-06
2.54304e-05
-1.15378e-06
2.6563e-05
-1.13265e-06
2.76557e-05
-1.09263e-06
2.86906e-05
-1.03492e-06
2.96516e-05
-9.61009e-07
3.05238e-05
-8.72205e-07
3.12931e-05
-7.69276e-07
3.19454e-05
-6.52334e-07
3.24659e-05
-5.20524e-07
3.28371e-05
-3.71148e-07
3.30322e-05
-1.9518e-07
3.3021e-05
1.12383e-08
3.27264e-05
2.94562e-07
3.20672e-05
6.59285e-07
3.09395e-05
1.12767e-06
2.92239e-05
1.71559e-06
2.67714e-05
2.45249e-06
2.34085e-05
3.36286e-06
1.89683e-05
4.44022e-06
1.33905e-05
5.57787e-06
6.8855e-06
6.50495e-06
-2.97089e-08
6.91521e-06
-5.83618e-06
5.80647e-06
-8.41328e-06
2.5771e-06
-1.04965e-05
2.08319e-06
-1.68836e-05
6.38711e-06
-2.49207e-05
8.03715e-06
2.59373e-07
-1.30866e-06
2.58898e-06
-5.96383e-07
-1.33793e-06
1.61826e-06
-4.39318e-06
4.58146e-06
-5.91031e-06
7.64831e-06
-6.14769e-06
1.04235e-05
-5.58258e-06
1.27535e-05
-4.69233e-06
1.46473e-05
-3.80724e-06
1.61966e-05
-3.09957e-06
1.75163e-05
-2.62254e-06
1.871e-05
-2.35712e-06
1.9854e-05
-2.25034e-06
2.0995e-05
-2.24172e-06
2.21538e-05
-2.27834e-06
2.33325e-05
-2.32105e-06
2.45213e-05
-2.34493e-06
2.57043e-05
-2.33679e-06
2.68634e-05
-2.29173e-06
2.79805e-05
-2.20978e-06
2.9039e-05
-2.09335e-06
3.00233e-05
-1.94539e-06
3.09195e-05
-1.76838e-06
3.1714e-05
-1.56377e-06
3.23934e-05
-1.33175e-06
3.29441e-05
-1.07118e-06
3.33523e-05
-7.79416e-07
3.36117e-05
-4.5454e-07
3.37164e-05
-9.34091e-08
3.36903e-05
3.20582e-07
3.35567e-05
7.92881e-07
3.33256e-05
1.35882e-06
3.29772e-05
2.06401e-06
3.24516e-05
2.97809e-06
3.16143e-05
4.20014e-06
3.01882e-05
5.86634e-06
2.77811e-05
7.98494e-06
2.38946e-05
1.03915e-05
1.82302e-05
1.25796e-05
1.05693e-05
1.34674e-05
1.20982e-06
1.19366e-05
-7.60994e-06
1.0903e-05
-1.52461e-05
1.40233e-05
-2.06852e-05
1.34763e-05
3.42186e-07
-1.24307e-06
3.83205e-06
-5.01958e-07
-2.07904e-06
1.75268e-06
-6.64782e-06
4.70731e-06
-8.86494e-06
7.709e-06
-9.14938e-06
1.0387e-05
-8.26056e-06
1.26194e-05
-6.92478e-06
1.44402e-05
-5.628e-06
1.59525e-05
-4.61184e-06
1.72707e-05
-3.94076e-06
1.84902e-05
-3.57668e-06
1.96768e-05
-3.43692e-06
2.0867e-05
-3.43194e-06
2.20743e-05
-3.48563e-06
2.32962e-05
-3.54293e-06
2.45209e-05
-3.56962e-06
2.57323e-05
-3.54822e-06
2.69134e-05
-3.47277e-06
2.80476e-05
-3.34401e-06
2.91199e-05
-3.16568e-06
3.01166e-05
-2.94203e-06
3.10246e-05
-2.67642e-06
3.18316e-05
-2.37075e-06
3.2525e-05
-2.0252e-06
3.30922e-05
-1.63835e-06
3.35201e-05
-1.20731e-06
3.37934e-05
-7.27822e-07
3.3892e-05
-1.92066e-07
3.38093e-05
4.03308e-07
3.35255e-05
1.0767e-06
3.30435e-05
1.84078e-06
3.23835e-05
2.72401e-06
3.1594e-05
3.76766e-06
3.07595e-05
5.03464e-06
3.00029e-05
6.62289e-06
2.93237e-05
8.66414e-06
2.84424e-05
1.12727e-05
2.66446e-05
1.43774e-05
2.27315e-05
1.73806e-05
1.54943e-05
1.91737e-05
6.72909e-06
1.96682e-05
-4.76512e-07
2.12289e-05
-3.99022e-06
1.699e-05
3.06016e-06
-1.17054e-06
5.00259e-06
-3.65031e-07
-2.88455e-06
1.93028e-06
-8.94314e-06
4.85944e-06
-1.17941e-05
7.76378e-06
-1.20537e-05
1.03084e-05
-1.08051e-05
1.24147e-05
-9.03116e-06
1.41479e-05
-7.3612e-06
1.56234e-05
-6.08727e-06
1.69518e-05
-5.26924e-06
1.82162e-05
-4.84098e-06
1.9467e-05
-4.68772e-06
2.07277e-05
-4.69268e-06
2.20024e-05
-4.76028e-06
2.3283e-05
-4.82361e-06
2.4556e-05
-4.84254e-06
2.58055e-05
-4.79773e-06
2.70163e-05
-4.68357e-06
2.81743e-05
-4.50203e-06
2.92668e-05
-4.25816e-06
3.02819e-05
-3.95718e-06
3.12084e-05
-3.60295e-06
3.20351e-05
-3.19737e-06
3.27502e-05
-2.7403e-06
3.33416e-05
-2.22981e-06
3.37966e-05
-1.66229e-06
3.41014e-05
-1.03265e-06
3.42435e-05
-3.34173e-07
3.42051e-05
4.4172e-07
3.39746e-05
1.3072e-06
3.35368e-05
2.27858e-06
3.2884e-05
3.37685e-06
3.20241e-05
4.62755e-06
3.09996e-05
6.05919e-06
2.99164e-05
7.70602e-06
2.89588e-05
9.62181e-06
2.83253e-05
1.19061e-05
2.79934e-05
1.47093e-05
2.72972e-05
1.80768e-05
2.48924e-05
2.15785e-05
2.04481e-05
2.41125e-05
1.63589e-05
2.5318e-05
1.26311e-05
2.07178e-05
7.32154e-06
-1.07946e-06
6.08205e-06
-1.9016e-07
-3.77385e-06
2.13438e-06
-1.12677e-05
5.01206e-06
-1.46718e-05
7.78831e-06
-1.483e-05
1.01734e-05
-1.31902e-05
1.21395e-05
-1.09973e-05
1.37845e-05
-9.00623e-06
1.52333e-05
-7.53605e-06
1.65883e-05
-6.6243e-06
1.79156e-05
-6.16821e-06
1.92475e-05
-6.01969e-06
2.05928e-05
-6.03791e-06
2.19453e-05
-6.11281e-06
2.32922e-05
-6.17051e-06
2.46185e-05
-6.16889e-06
2.591e-05
-6.08924e-06
2.7154e-05
-5.92757e-06
2.83395e-05
-5.68744e-06
2.94562e-05
-5.37496e-06
3.04949e-05
-4.99579e-06
3.14456e-05
-4.55369e-06
3.22983e-05
-4.05007e-06
3.30421e-05
-3.48413e-06
3.36655e-05
-2.85317e-06
3.41561e-05
-2.1529e-06
3.45012e-05
-1.37774e-06
3.46878e-05
-5.20741e-07
3.47029e-05
4.26622e-07
3.45351e-05
1.4749e-06
3.41761e-05
2.63759e-06
3.36217e-05
3.9313e-06
3.28741e-05
5.3751e-06
3.19453e-05
6.98802e-06
3.08669e-05
8.7844e-06
2.97201e-05
1.07687e-05
2.86852e-05
1.2941e-05
2.80492e-05
1.53453e-05
2.80051e-05
1.81209e-05
2.81749e-05
2.14087e-05
2.76996e-05
2.45878e-05
2.65092e-05
2.65085e-05
2.37457e-05
2.34812e-05
1.30162e-05
-9.62954e-07
7.045e-06
1.99668e-08
-4.75677e-06
2.35246e-06
-1.36002e-05
5.15148e-06
-1.74708e-05
7.77525e-06
-1.74537e-05
9.98751e-06
-1.54024e-05
1.18143e-05
-1.2824e-05
1.33835e-05
-1.05754e-05
1.48238e-05
-8.97633e-06
1.6224e-05
-8.02453e-06
1.76296e-05
-7.57384e-06
1.90535e-05
-7.44362e-06
2.04894e-05
-7.47381e-06
2.19225e-05
-7.54582e-06
2.33361e-05
-7.58412e-06
2.47156e-05
-7.54841e-06
2.60492e-05
-7.42284e-06
2.73275e-05
-7.2059e-06
2.85428e-05
-6.9027e-06
2.96877e-05
-6.51988e-06
3.07548e-05
-6.06285e-06
3.17357e-05
-5.5346e-06
3.26212e-05
-4.93557e-06
3.3401e-05
-4.26393e-06
3.40639e-05
-3.51605e-06
3.45979e-05
-2.68697e-06
3.49909e-05
-1.77067e-06
3.52304e-05
-7.6023e-07
3.53047e-05
3.52321e-07
3.5204e-05
1.57556e-06
3.4922e-05
2.91958e-06
3.4457e-05
4.39632e-06
3.38145e-05
6.01757e-06
3.3008e-05
7.7945e-06
3.20587e-05
9.73379e-06
3.09969e-05
1.18304e-05
2.98831e-05
1.40549e-05
2.88708e-05
1.63576e-05
2.82874e-05
1.87042e-05
2.8476e-05
2.12202e-05
2.92168e-05
2.3847e-05
2.97799e-05
2.59454e-05
2.83624e-05
2.48987e-05
1.83239e-05
-8.24729e-07
7.86973e-06
2.2762e-07
-5.80912e-06
2.57214e-06
-1.59447e-05
5.27254e-06
-2.01712e-05
7.72836e-06
-1.99096e-05
9.76696e-06
-1.7441e-05
1.14677e-05
-1.45247e-05
1.29822e-05
-1.209e-05
1.44356e-05
-1.04297e-05
1.58978e-05
-9.4868e-06
1.73918e-05
-9.06776e-06
1.89108e-05
-8.96267e-06
2.04355e-05
-8.99854e-06
2.19445e-05
-9.05475e-06
2.34196e-05
-9.0593e-06
2.48482e-05
-8.97698e-06
2.62217e-05
-8.79633e-06
2.75344e-05
-8.51862e-06
2.87817e-05
-8.15001e-06
2.99588e-05
-7.69692e-06
3.10596e-05
-7.16371e-06
3.2077e-05
-6.552e-06
3.30023e-05
-5.8608e-06
3.38253e-05
-5.087e-06
3.45352e-05
-4.22595e-06
3.51202e-05
-3.27195e-06
3.55682e-05
-2.21867e-06
3.58674e-05
-1.05941e-06
3.60065e-05
2.13179e-07
3.59767e-05
1.60543e-06
3.5772e-05
3.12424e-06
3.53911e-05
4.7772e-06
3.48392e-05
6.56952e-06
3.41291e-05
8.50458e-06
3.32821e-05
1.05808e-05
3.23244e-05
1.2788e-05
3.1282e-05
1.50972e-05
3.01907e-05
1.74489e-05
2.91657e-05
1.97293e-05
2.85251e-05
2.18608e-05
2.85456e-05
2.38265e-05
2.89443e-05
2.55467e-05
2.80313e-05
2.58117e-05
2.29248e-05
-6.59205e-07
8.52894e-06
4.70668e-07
-6.93899e-06
2.79751e-06
-1.82715e-05
5.37892e-06
-2.27526e-05
7.65959e-06
-2.21902e-05
9.53414e-06
-1.93156e-05
1.11307e-05
-1.61213e-05
1.26157e-05
-1.3575e-05
1.4103e-05
-1.1917e-05
1.56394e-05
-1.10232e-05
1.72245e-05
-1.06529e-05
1.88343e-05
-1.05725e-05
2.04393e-05
-1.06035e-05
2.20144e-05
-1.06299e-05
2.35427e-05
-1.05876e-05
2.50145e-05
-1.04487e-05
2.64251e-05
-1.0207e-05
2.77725e-05
-9.86597e-06
2.90545e-05
-9.43207e-06
3.02682e-05
-8.9106e-06
3.14086e-05
-8.30414e-06
3.24691e-05
-7.61243e-06
3.3441e-05
-6.83275e-06
3.43146e-05
-5.96057e-06
3.50788e-05
-4.99013e-06
3.57218e-05
-3.91502e-06
3.62318e-05
-2.7286e-06
3.65968e-05
-1.4244e-06
3.68057e-05
4.29885e-09
3.68498e-05
1.56129e-06
3.67227e-05
3.25135e-06
3.64227e-05
5.07721e-06
3.59531e-05
7.03912e-06
3.53237e-05
9.13393e-06
3.45512e-05
1.13533e-05
3.36575e-05
1.36817e-05
3.26639e-05
1.60908e-05
3.15801e-05
1.85327e-05
3.0397e-05
2.09125e-05
2.91737e-05
2.3084e-05
2.81028e-05
2.48974e-05
2.72802e-05
2.63692e-05
2.58198e-05
2.72721e-05
2.70188e-05
-4.65446e-07
8.99438e-06
7.39158e-07
-8.1436e-06
3.0306e-06
-2.0563e-05
5.47833e-06
-2.52004e-05
7.58447e-06
-2.42964e-05
9.31243e-06
-2.10435e-05
1.08312e-05
-1.764e-05
1.2312e-05
-1.50558e-05
1.38497e-05
-1.34546e-05
1.54658e-05
-1.26393e-05
1.71378e-05
-1.23249e-05
1.88277e-05
-1.22624e-05
2.04999e-05
-1.22757e-05
2.2129e-05
-1.2259e-05
2.37009e-05
-1.21595e-05
2.52101e-05
-1.1958e-05
2.66558e-05
-1.16528e-05
2.80389e-05
-1.1249e-05
2.93591e-05
-1.07523e-05
3.06144e-05
-1.01659e-05
3.18003e-05
-9.49007e-06
3.29102e-05
-8.72239e-06
3.39357e-05
-7.85825e-06
3.48668e-05
-6.89165e-06
3.56924e-05
-5.81572e-06
3.64007e-05
-4.62329e-06
3.69794e-05
-3.30732e-06
3.74164e-05
-1.86139e-06
3.77007e-05
-2.80006e-07
3.78217e-05
1.4403e-06
3.7773e-05
3.30001e-06
3.75515e-05
5.29873e-06
3.71583e-05
7.43231e-06
3.66002e-05
9.69207e-06
3.58886e-05
1.2065e-05
3.50379e-05
1.45324e-05
3.40617e-05
1.7067e-05
3.29643e-05
1.96301e-05
3.17161e-05
2.21606e-05
3.02451e-05
2.4555e-05
2.84992e-05
2.66434e-05
2.65156e-05
2.83528e-05
2.4061e-05
2.97267e-05
3.11491e-05
-2.47565e-07
9.24195e-06
1.02941e-06
-9.42057e-06
3.2766e-06
-2.28102e-05
5.58217e-06
-2.75059e-05
7.51969e-06
-2.62339e-05
9.12252e-06
-2.26464e-05
1.05906e-05
-1.91081e-05
1.20887e-05
-1.6554e-05
1.36873e-05
-1.50532e-05
1.53816e-05
-1.43336e-05
1.71303e-05
-1.40736e-05
1.88855e-05
-1.40176e-05
2.06095e-05
-1.39997e-05
2.22796e-05
-1.39291e-05
2.38863e-05
-1.37662e-05
2.54284e-05
-1.35e-05
2.69083e-05
-1.31328e-05
2.83289e-05
-1.26696e-05
2.9691e-05
-1.21143e-05
3.09927e-05
-1.14676e-05
3.22297e-05
-1.0727e-05
3.33951e-05
-9.88776e-06
3.44803e-05
-8.94347e-06
3.54753e-05
-7.88671e-06
3.63691e-05
-6.70951e-06
3.71497e-05
-5.40382e-06
3.78044e-05
-3.96204e-06
3.83206e-05
-2.37763e-06
3.86863e-05
-6.45651e-07
3.8889e-05
1.23755e-06
3.89215e-05
3.26748e-06
3.87784e-05
5.44188e-06
3.84583e-05
7.7524e-06
3.79653e-05
1.0185e-05
3.73074e-05
1.27229e-05
3.64934e-05
1.53464e-05
3.55287e-05
1.80317e-05
3.44087e-05
2.07501e-05
3.31049e-05
2.34644e-05
3.15311e-05
2.61289e-05
2.9527e-05
2.86474e-05
2.69181e-05
3.09617e-05
2.36539e-05
3.2991e-05
3.5722e-05
-2.44018e-08
9.26635e-06
1.36638e-06
-1.08114e-05
3.61105e-06
-2.50548e-05
5.80919e-06
-2.97041e-05
7.6167e-06
-2.80414e-05
9.14126e-06
-2.41709e-05
1.06077e-05
-2.05745e-05
1.21667e-05
-1.8113e-05
1.38601e-05
-1.67466e-05
1.56574e-05
-1.61309e-05
1.7501e-05
-1.59172e-05
1.93375e-05
-1.5854e-05
2.11301e-05
-1.57924e-05
2.2861e-05
-1.566e-05
2.45256e-05
-1.54307e-05
2.61267e-05
-1.51012e-05
2.76693e-05
-1.46754e-05
2.91572e-05
-1.41575e-05
3.05914e-05
-1.35485e-05
3.19696e-05
-1.28458e-05
3.32868e-05
-1.20443e-05
3.4536e-05
-1.11369e-05
3.57081e-05
-1.01156e-05
3.67928e-05
-8.97151e-06
3.77789e-05
-7.69557e-06
3.86538e-05
-6.27874e-06
3.94044e-05
-4.71266e-06
4.00171e-05
-2.99033e-06
4.04783e-05
-1.10683e-06
4.07747e-05
9.41148e-07
4.08949e-05
3.14726e-06
4.08318e-05
5.50503e-06
4.05807e-05
8.00348e-06
4.01436e-05
1.06221e-05
3.95262e-05
1.33403e-05
3.87352e-05
1.61374e-05
3.77721e-05
1.89948e-05
3.6626e-05
2.18962e-05
3.5266e-05
2.48244e-05
3.36198e-05
2.77751e-05
3.15379e-05
3.07294e-05
2.87468e-05
3.37527e-05
2.5049e-05
3.66888e-05
4.06774e-05
2.36556e-07
9.02979e-06
1.72707e-06
-1.23019e-05
3.95148e-06
-2.72792e-05
6.02283e-06
-3.17754e-05
7.69294e-06
-2.97115e-05
9.14391e-06
-2.56219e-05
1.06153e-05
-2.20459e-05
1.22335e-05
-1.97312e-05
1.40079e-05
-1.8521e-05
1.58843e-05
-1.80073e-05
1.77943e-05
-1.78272e-05
1.96833e-05
-1.7743e-05
2.15198e-05
-1.76288e-05
2.32919e-05
-1.74321e-05
2.50005e-05
-1.71393e-05
2.66516e-05
-1.67523e-05
2.82515e-05
-1.62753e-05
2.98039e-05
-1.57099e-05
3.13091e-05
-1.50537e-05
3.27641e-05
-1.43008e-05
3.4163e-05
-1.34432e-05
3.54981e-05
-1.2472e-05
3.67599e-05
-1.13774e-05
3.79376e-05
-1.01492e-05
3.90191e-05
-8.77704e-06
3.99909e-05
-7.25061e-06
4.08388e-05
-5.5605e-06
4.15476e-05
-3.69919e-06
4.21028e-05
-1.66199e-06
4.24889e-05
5.55058e-07
4.26951e-05
2.941e-06
4.27102e-05
5.48998e-06
4.25281e-05
8.18553e-06
4.21487e-05
1.10016e-05
4.1577e-05
1.3912e-05
4.082e-05
1.68944e-05
3.98791e-05
1.99357e-05
3.8743e-05
2.30323e-05
3.73821e-05
2.61853e-05
3.57412e-05
2.9416e-05
3.37151e-05
3.27555e-05
3.1101e-05
3.63668e-05
2.75349e-05
4.02549e-05
4.53312e-05
4.85014e-07
8.54478e-06
2.10152e-06
-1.39184e-05
4.28489e-06
-2.94626e-05
6.24628e-06
-3.37368e-05
7.81393e-06
-3.12792e-05
9.22198e-06
-2.70299e-05
1.07187e-05
-2.35426e-05
1.24044e-05
-2.14168e-05
1.42573e-05
-2.0374e-05
1.62037e-05
-1.99536e-05
1.81691e-05
-1.97926e-05
2.01026e-05
-1.96765e-05
2.19796e-05
-1.95058e-05
2.37952e-05
-1.92477e-05
2.55547e-05
-1.88989e-05
2.72662e-05
-1.84638e-05
2.8936e-05
-1.79451e-05
3.05671e-05
-1.73409e-05
3.21584e-05
-1.6645e-05
3.37059e-05
-1.58482e-05
3.52028e-05
-1.49401e-05
3.66407e-05
-1.39099e-05
3.80099e-05
-1.27466e-05
3.92991e-05
-1.14384e-05
4.04952e-05
-9.97312e-06
4.15829e-05
-8.33837e-06
4.2545e-05
-6.52255e-06
4.33624e-05
-4.51664e-06
4.40167e-05
-2.31622e-06
4.44882e-05
8.34935e-08
4.47662e-05
2.66304e-06
4.48365e-05
5.41972e-06
4.46965e-05
8.32553e-06
4.43488e-05
1.13492e-05
4.3803e-05
1.44578e-05
4.30708e-05
1.76266e-05
4.21573e-05
2.08492e-05
4.10538e-05
2.41359e-05
3.97358e-05
2.75033e-05
3.81695e-05
3.09823e-05
3.6295e-05
3.463e-05
3.40473e-05
3.86145e-05
3.11398e-05
4.31624e-05
4.88266e-05
7.38513e-07
7.80627e-06
2.43001e-06
-1.56099e-05
4.50246e-06
-3.1535e-05
6.39239e-06
-3.56267e-05
7.93999e-06
-3.28268e-05
9.36436e-06
-2.84543e-05
1.09163e-05
-2.50945e-05
1.26791e-05
-2.31797e-05
1.46076e-05
-2.23025e-05
1.66145e-05
-2.19605e-05
1.86247e-05
-2.18028e-05
2.05939e-05
-2.16458e-05
2.25064e-05
-2.14183e-05
2.43635e-05
-2.11049e-05
2.61739e-05
-2.07092e-05
2.79456e-05
-2.02355e-05
2.9684e-05
-1.96835e-05
3.13902e-05
-1.90472e-05
3.30623e-05
-1.83171e-05
3.46955e-05
-1.74813e-05
3.62829e-05
-1.65275e-05
3.78172e-05
-1.54442e-05
3.92906e-05
-1.422e-05
4.06942e-05
-1.2842e-05
4.20172e-05
-1.12962e-05
4.32457e-05
-9.56686e-06
4.43612e-05
-7.63797e-06
4.53398e-05
-5.49532e-06
4.61543e-05
-3.13065e-06
4.67809e-05
-5.4314e-07
4.71827e-05
2.26129e-06
4.73328e-05
5.26958e-06
4.72279e-05
8.43038e-06
4.68794e-05
1.16977e-05
4.63151e-05
1.50221e-05
4.55656e-05
1.8376e-05
4.46501e-05
2.17647e-05
4.35697e-05
2.52163e-05
4.23088e-05
2.87642e-05
4.08566e-05
3.24344e-05
3.92002e-05
3.62864e-05
3.7368e-05
4.04467e-05
3.53063e-05
4.52241e-05
5.09416e-05
1.01987e-06
6.7864e-06
2.67336e-06
-1.72634e-05
4.51978e-06
-3.33815e-05
6.35512e-06
-3.74621e-05
7.9813e-06
-3.4453e-05
9.49889e-06
-2.99719e-05
1.11397e-05
-2.67354e-05
1.29822e-05
-2.50223e-05
1.49689e-05
-2.42892e-05
1.70079e-05
-2.39994e-05
1.90296e-05
-2.38245e-05
2.10003e-05
-2.36165e-05
2.29132e-05
-2.33312e-05
2.47751e-05
-2.29668e-05
2.65951e-05
-2.25292e-05
2.83796e-05
-2.20201e-05
3.01315e-05
-2.14353e-05
3.18506e-05
-2.07663e-05
3.35347e-05
-2.00013e-05
3.518e-05
-1.91266e-05
3.67812e-05
-1.81287e-05
3.83343e-05
-1.69973e-05
3.98368e-05
-1.57225e-05
4.12867e-05
-1.42919e-05
4.26813e-05
-1.26908e-05
4.4016e-05
-1.09015e-05
4.52816e-05
-8.90356e-06
4.64614e-05
-6.67512e-06
4.75291e-05
-4.19834e-06
4.84549e-05
-1.46896e-06
4.91988e-05
1.51744e-06
4.96729e-05
4.79542e-06
4.98258e-05
8.27752e-06
4.96397e-05
1.18838e-05
4.91468e-05
1.5515e-05
4.84078e-05
1.91151e-05
4.74767e-05
2.26959e-05
4.638e-05
2.6313e-05
4.51253e-05
3.00189e-05
4.37425e-05
3.38172e-05
4.22836e-05
3.77454e-05
4.08151e-05
4.19151e-05
3.94557e-05
4.65835e-05
5.20062e-05
1.42433e-06
5.36207e-06
3.03355e-06
-1.88726e-05
4.561e-06
-3.49089e-05
6.20474e-06
-3.91058e-05
7.87523e-06
-3.61235e-05
9.5013e-06
-3.1598e-05
1.12292e-05
-2.84632e-05
1.31191e-05
-2.69122e-05
1.51086e-05
-2.62787e-05
1.71117e-05
-2.60026e-05
1.90732e-05
-2.57859e-05
2.09731e-05
-2.55164e-05
2.28141e-05
-2.51722e-05
2.46065e-05
-2.47591e-05
2.63589e-05
-2.42816e-05
2.80754e-05
-2.37366e-05
2.97578e-05
-2.31177e-05
3.14067e-05
-2.24152e-05
3.30218e-05
-2.16164e-05
3.46014e-05
-2.07062e-05
3.61405e-05
-1.96678e-05
3.76376e-05
-1.84944e-05
3.90933e-05
-1.71782e-05
4.05056e-05
-1.57042e-05
4.18712e-05
-1.40564e-05
4.3187e-05
-1.22174e-05
4.4454e-05
-1.01705e-05
4.56802e-05
-7.90137e-06
4.68716e-05
-5.38972e-06
4.79824e-05
-2.57974e-06
4.90632e-05
4.36606e-07
5.00096e-05
3.84908e-06
5.07302e-05
7.55684e-06
5.11423e-05
1.14717e-05
5.12068e-05
1.54505e-05
5.09297e-05
1.93922e-05
5.03431e-05
2.32824e-05
4.94549e-05
2.72012e-05
4.82835e-05
3.11902e-05
4.69376e-05
3.51632e-05
4.55827e-05
3.91003e-05
4.4342e-05
4.31558e-05
4.34004e-05
4.75252e-05
5.2428e-05
2.17452e-06
3.18755e-06
4.17341e-06
-2.08715e-05
5.46047e-06
-3.6196e-05
6.50409e-06
-4.01494e-05
7.81074e-06
-3.74301e-05
9.35796e-06
-3.31452e-05
1.10915e-05
-3.01968e-05
1.29639e-05
-2.87846e-05
1.48894e-05
-2.82042e-05
1.67958e-05
-2.7909e-05
1.86497e-05
-2.76397e-05
2.04483e-05
-2.7315e-05
2.22038e-05
-2.69277e-05
2.39307e-05
-2.6486e-05
2.56397e-05
-2.59906e-05
2.73364e-05
-2.54333e-05
2.90251e-05
-2.48064e-05
3.07105e-05
-2.41006e-05
3.23966e-05
-2.33026e-05
3.40839e-05
-2.23934e-05
3.57639e-05
-2.13478e-05
3.74349e-05
-2.01654e-05
3.90857e-05
-1.8829e-05
4.0684e-05
-1.73025e-05
4.21841e-05
-1.55565e-05
4.35359e-05
-1.35691e-05
4.47009e-05
-1.13356e-05
4.56753e-05
-8.87572e-06
4.65195e-05
-6.23395e-06
4.73844e-05
-3.44461e-06
4.81396e-05
-3.18631e-07
4.89054e-05
3.0833e-06
4.96851e-05
6.77714e-06
5.03971e-05
1.07597e-05
5.09607e-05
1.48869e-05
5.13795e-05
1.89734e-05
5.1633e-05
2.30289e-05
5.15287e-05
2.73055e-05
5.09177e-05
3.18012e-05
4.9933e-05
3.61479e-05
4.88422e-05
4.0191e-05
4.78301e-05
4.41679e-05
4.71217e-05
4.82336e-05
5.25346e-05
3.56844e-06
-3.80896e-07
7.04251e-06
-2.43456e-05
8.58028e-06
-3.77337e-05
8.35971e-06
-3.99288e-05
8.40131e-06
-3.74717e-05
9.43292e-06
-3.41768e-05
1.10745e-05
-3.18384e-05
1.29429e-05
-3.0653e-05
1.48594e-05
-3.01207e-05
1.67628e-05
-2.98124e-05
1.86437e-05
-2.95206e-05
2.05155e-05
-2.91869e-05
2.23995e-05
-2.88117e-05
2.43146e-05
-2.84012e-05
2.62728e-05
-2.79488e-05
2.82808e-05
-2.74413e-05
3.03457e-05
-2.68713e-05
3.24746e-05
-2.62295e-05
3.46756e-05
-2.55035e-05
3.69569e-05
-2.46748e-05
3.93168e-05
-2.37078e-05
4.17002e-05
-2.25487e-05
4.40479e-05
-2.11768e-05
4.63158e-05
-1.95703e-05
4.84465e-05
-1.76873e-05
5.03697e-05
-1.54923e-05
5.20081e-05
-1.29739e-05
5.32656e-05
-1.01332e-05
5.4027e-05
-6.99535e-06
5.42358e-05
-3.65335e-06
5.43159e-05
-3.9879e-07
5.36999e-05
3.69934e-06
5.26841e-05
7.79296e-06
5.15605e-05
1.18832e-05
5.08001e-05
1.56474e-05
5.06551e-05
1.91184e-05
5.1153e-05
2.25309e-05
5.17482e-05
2.67103e-05
5.19769e-05
3.15726e-05
5.18586e-05
3.62662e-05
5.15142e-05
4.05354e-05
5.10383e-05
4.46439e-05
5.06648e-05
4.86071e-05
5.24543e-05
5.71947e-06
-6.10036e-06
1.21829e-05
-3.0809e-05
1.47173e-05
-4.02682e-05
1.24797e-05
-3.76912e-05
1.03932e-05
-3.53853e-05
1.0588e-05
-3.43715e-05
1.22157e-05
-3.34661e-05
1.42784e-05
-3.27157e-05
1.64352e-05
-3.22775e-05
1.8622e-05
-3.19991e-05
2.08353e-05
-3.1734e-05
2.30909e-05
-3.14424e-05
2.54097e-05
-3.11305e-05
2.7806e-05
-3.07974e-05
3.02789e-05
-3.04218e-05
3.28258e-05
-2.99882e-05
3.54427e-05
-2.94881e-05
3.81116e-05
-2.88984e-05
4.07959e-05
-2.81877e-05
4.34186e-05
-2.72975e-05
4.5769e-05
-2.60581e-05
4.78688e-05
-2.46486e-05
4.98536e-05
-2.31616e-05
5.17372e-05
-2.14538e-05
5.36599e-05
-1.961e-05
5.58856e-05
-1.77181e-05
5.8695e-05
-1.57833e-05
6.21895e-05
-1.36277e-05
6.61876e-05
-1.09935e-05
7.03191e-05
-7.7848e-06
7.37805e-05
-3.8602e-06
7.57478e-05
1.73205e-06
7.57862e-05
7.75451e-06
7.3695e-05
1.39744e-05
7.0051e-05
1.92914e-05
6.56704e-05
2.3499e-05
6.14091e-05
2.67922e-05
5.7468e-05
3.06513e-05
5.41944e-05
3.48462e-05
5.25597e-05
3.79009e-05
5.21293e-05
4.09658e-05
5.22632e-05
4.451e-05
5.26621e-05
4.82082e-05
5.17707e-05
8.55758e-06
-1.46579e-05
1.84053e-05
-4.06567e-05
2.18969e-05
-4.37598e-05
1.76104e-05
-3.34047e-05
1.38982e-05
-3.1673e-05
1.36395e-05
-3.41129e-05
1.5346e-05
-3.51726e-05
1.75199e-05
-3.48896e-05
1.98016e-05
-3.45593e-05
2.21469e-05
-3.43444e-05
2.45394e-05
-3.41265e-05
2.69796e-05
-3.38826e-05
2.94474e-05
-3.35984e-05
3.1906e-05
-3.3256e-05
3.43169e-05
-3.28327e-05
3.66447e-05
-3.2316e-05
3.88154e-05
-3.16589e-05
4.06222e-05
-3.07053e-05
4.159e-05
-2.91556e-05
4.03816e-05
-2.60891e-05
3.69566e-05
-2.26331e-05
3.32161e-05
-2.09081e-05
3.07366e-05
-2.06821e-05
2.82055e-05
-1.89227e-05
2.52946e-05
-1.66991e-05
2.28307e-05
-1.52542e-05
2.23236e-05
-1.52762e-05
2.47319e-05
-1.6036e-05
3.04238e-05
-1.66854e-05
3.87706e-05
-1.61316e-05
4.85387e-05
-1.36284e-05
5.97954e-05
-9.5246e-06
7.08835e-05
-3.33364e-06
7.89695e-05
5.88846e-06
8.0878e-05
1.73829e-05
7.85863e-05
2.57906e-05
7.50729e-05
3.03057e-05
7.07557e-05
3.49685e-05
6.57222e-05
3.98797e-05
6.1637e-05
4.19861e-05
5.79895e-05
4.46134e-05
5.54654e-05
4.7034e-05
5.46619e-05
4.90117e-05
5.13833e-05
1.1289e-05
-2.5947e-05
2.22683e-05
-5.1636e-05
2.38474e-05
-4.53389e-05
1.9872e-05
-2.94293e-05
1.72776e-05
-2.90786e-05
1.7269e-05
-3.41043e-05
1.77574e-05
-3.5661e-05
1.82023e-05
-3.53345e-05
1.89903e-05
-3.53473e-05
2.00975e-05
-3.54516e-05
2.13345e-05
-3.53635e-05
2.2565e-05
-3.5113e-05
2.352e-05
-3.45534e-05
2.40454e-05
-3.37813e-05
2.40944e-05
-3.28817e-05
2.37635e-05
-3.19851e-05
2.31099e-05
-3.10052e-05
2.20883e-05
-2.96837e-05
2.0769e-05
-2.78363e-05
1.99465e-05
-2.52666e-05
1.95624e-05
-2.2249e-05
1.84536e-05
-1.97993e-05
1.5757e-05
-1.79855e-05
1.28874e-05
-1.6053e-05
1.05775e-05
-1.43892e-05
9.03792e-06
-1.37146e-05
9.89918e-06
-1.61374e-05
1.40568e-05
-2.01937e-05
2.15702e-05
-2.41988e-05
3.08462e-05
-2.54076e-05
4.05916e-05
-2.33738e-05
5.11191e-05
-2.00521e-05
6.29357e-05
-1.51502e-05
7.42399e-05
-5.41574e-06
8.23661e-05
9.25661e-06
8.45931e-05
2.35637e-05
8.16772e-05
3.32216e-05
7.66037e-05
4.00419e-05
7.41825e-05
4.23009e-05
7.24035e-05
4.37652e-05
6.86546e-05
4.83622e-05
6.4562e-05
5.11267e-05
6.12454e-05
5.23282e-05
5.90306e-05
5.35981e-05
5.42047e-05
1.14086e-05
-3.73555e-05
1.40754e-05
-5.43028e-05
1.01165e-05
-4.138e-05
1.19604e-05
-3.12731e-05
1.24097e-05
-2.95279e-05
1.16446e-05
-3.33392e-05
1.14344e-05
-3.54507e-05
1.18091e-05
-3.57092e-05
1.22201e-05
-3.57583e-05
1.25504e-05
-3.57819e-05
1.28295e-05
-3.56425e-05
1.30188e-05
-3.53023e-05
1.31741e-05
-3.47087e-05
1.32972e-05
-3.39044e-05
1.33593e-05
-3.29438e-05
1.32392e-05
-3.18651e-05
1.2829e-05
-3.0595e-05
1.21341e-05
-2.89888e-05
1.12624e-05
-2.69646e-05
1.04548e-05
-2.4459e-05
9.78156e-06
-2.15757e-05
8.84706e-06
-1.88648e-05
7.64533e-06
-1.67837e-05
6.82898e-06
-1.52367e-05
6.54014e-06
-1.41003e-05
6.80665e-06
-1.39811e-05
1.05701e-05
-1.99009e-05
1.87104e-05
-2.8334e-05
2.87349e-05
-3.42233e-05
3.82369e-05
-3.49097e-05
4.75671e-05
-3.27039e-05
5.67759e-05
-2.92609e-05
6.51828e-05
-2.35572e-05
7.40584e-05
-1.42913e-05
8.45456e-05
-1.23062e-06
9.2185e-05
1.59243e-05
9.56775e-05
2.97291e-05
9.45042e-05
4.12152e-05
8.85883e-05
4.82168e-05
8.1214e-05
5.11394e-05
7.47958e-05
5.47804e-05
7.2709e-05
5.32134e-05
7.0222e-05
5.48152e-05
6.69222e-05
5.6898e-05
5.62405e-05
-4.24345e-07
-3.69312e-05
-3.73619e-06
-5.0991e-05
-5.99818e-06
-3.9118e-05
-4.78714e-07
-3.67926e-05
4.69745e-06
-3.47041e-05
6.30845e-06
-3.49501e-05
6.5729e-06
-3.57151e-05
6.84889e-06
-3.59852e-05
7.20098e-06
-3.61104e-05
7.54411e-06
-3.6125e-05
7.85561e-06
-3.5954e-05
8.11545e-06
-3.55621e-05
8.35545e-06
-3.49487e-05
8.59554e-06
-3.41445e-05
8.8249e-06
-3.31732e-05
8.98659e-06
-3.20268e-05
9.02182e-06
-3.06302e-05
8.92378e-06
-2.88908e-05
8.772e-06
-2.68128e-05
8.6717e-06
-2.43587e-05
8.62171e-06
-2.15257e-05
8.64072e-06
-1.88837e-05
9.01535e-06
-1.71583e-05
9.99632e-06
-1.62176e-05
1.1343e-05
-1.5447e-05
1.37413e-05
-1.63794e-05
2.02643e-05
-2.6424e-05
2.80587e-05
-3.61283e-05
3.43696e-05
-4.05342e-05
3.96687e-05
-4.02088e-05
4.4661e-05
-3.76962e-05
4.93796e-05
-3.39794e-05
5.49201e-05
-2.90977e-05
6.26357e-05
-2.2007e-05
7.19121e-05
-1.0507e-05
8.32364e-05
4.60002e-06
9.36846e-05
1.92809e-05
0.000103169
3.17307e-05
0.000107663
4.3723e-05
0.00010518
5.36225e-05
9.79724e-05
6.19877e-05
8.65637e-05
6.46221e-05
7.7036e-05
6.4343e-05
7.37746e-05
6.01593e-05
5.75045e-05
-7.5076e-06
-2.94236e-05
-1.19398e-05
-4.65588e-05
-5.79518e-06
-4.52626e-05
-1.22896e-06
-4.13588e-05
1.99832e-06
-3.79313e-05
3.8352e-06
-3.6787e-05
4.69881e-06
-3.65788e-05
5.32743e-06
-3.66138e-05
5.93296e-06
-3.67159e-05
6.53529e-06
-3.67273e-05
7.11842e-06
-3.65371e-05
7.68168e-06
-3.61254e-05
8.24104e-06
-3.55081e-05
8.80727e-06
-3.47107e-05
9.37796e-06
-3.37439e-05
9.92496e-06
-3.25738e-05
1.04025e-05
-3.11078e-05
1.07981e-05
-2.92864e-05
1.11757e-05
-2.71903e-05
1.16051e-05
-2.47881e-05
1.20854e-05
-2.2006e-05
1.27368e-05
-1.95352e-05
1.39552e-05
-1.83767e-05
1.60861e-05
-1.83485e-05
1.92131e-05
-1.8574e-05
2.43388e-05
-2.15051e-05
2.90896e-05
-3.11748e-05
3.13914e-05
-3.84302e-05
3.26203e-05
-4.1763e-05
3.41072e-05
-4.16956e-05
3.56518e-05
-3.92409e-05
3.70952e-05
-3.54229e-05
3.83537e-05
-3.03561e-05
3.90127e-05
-2.2666e-05
4.08459e-05
-1.23402e-05
4.89942e-05
-3.54834e-06
6.47244e-05
3.55067e-06
8.51253e-05
1.13298e-05
0.000105415
2.34334e-05
0.000120389
3.86486e-05
0.000126383
5.59937e-05
0.00012158
6.94246e-05
0.000110194
7.57288e-05
9.55146e-05
7.48391e-05
7.03055e-05
-6.4794e-06
-2.29442e-05
-6.64145e-06
-4.63967e-05
-3.77444e-06
-4.81296e-05
-9.56655e-07
-4.41765e-05
1.44776e-06
-4.03357e-05
3.09802e-06
-3.84373e-05
4.28757e-06
-3.77683e-05
5.31939e-06
-3.76457e-05
6.27211e-06
-3.76686e-05
7.15497e-06
-3.76102e-05
7.97953e-06
-3.73617e-05
8.76317e-06
-3.6909e-05
9.52683e-06
-3.62717e-05
1.02855e-05
-3.54694e-05
1.10417e-05
-3.45001e-05
1.17823e-05
-3.33144e-05
1.24861e-05
-3.18116e-05
1.3153e-05
-2.99532e-05
1.38413e-05
-2.78786e-05
1.46462e-05
-2.5593e-05
1.56292e-05
-2.29889e-05
1.6901e-05
-2.0807e-05
1.88109e-05
-2.02866e-05
2.17308e-05
-2.12684e-05
2.5978e-05
-2.28212e-05
3.04117e-05
-2.59387e-05
3.15111e-05
-3.22742e-05
3.12856e-05
-3.82047e-05
2.99747e-05
-4.04521e-05
2.81525e-05
-3.98735e-05
2.64948e-05
-3.75831e-05
2.54848e-05
-3.44129e-05
2.50586e-05
-2.993e-05
2.56839e-05
-2.32914e-05
2.88268e-05
-1.54831e-05
3.77167e-05
-1.24382e-05
5.16839e-05
-1.04165e-05
6.83422e-05
-5.32859e-06
8.83472e-05
3.4285e-06
0.000111245
1.57507e-05
0.000133419
3.38193e-05
0.000147623
5.52209e-05
0.00014957
7.37822e-05
0.000139095
8.53138e-05
8.67816e-05
-4.96703e-06
-1.79771e-05
-4.88989e-06
-4.64738e-05
-2.90099e-06
-5.01184e-05
-6.69438e-07
-4.64081e-05
1.2869e-06
-4.22921e-05
2.86862e-06
-4.0019e-05
4.23966e-06
-3.91394e-05
5.50582e-06
-3.89118e-05
6.66626e-06
-3.8829e-05
7.71341e-06
-3.86573e-05
8.66827e-06
-3.83165e-05
9.56338e-06
-3.78041e-05
1.04301e-05
-3.71384e-05
1.129e-05
-3.63293e-05
1.21533e-05
-3.53634e-05
1.3024e-05
-3.41851e-05
1.39129e-05
-3.27005e-05
1.48435e-05
-3.08838e-05
1.58661e-05
-2.89013e-05
1.71084e-05
-2.68353e-05
1.87385e-05
-2.4619e-05
2.08357e-05
-2.29043e-05
2.34185e-05
-2.28694e-05
2.64304e-05
-2.42802e-05
2.98105e-05
-2.62013e-05
3.2218e-05
-2.83462e-05
3.20048e-05
-3.20609e-05
3.01716e-05
-3.63715e-05
2.82622e-05
-3.85426e-05
2.74326e-05
-3.90439e-05
2.79709e-05
-3.81215e-05
2.9211e-05
-3.5653e-05
3.09073e-05
-3.16263e-05
3.38768e-05
-2.62609e-05
3.9811e-05
-2.14173e-05
4.73074e-05
-1.99346e-05
5.48429e-05
-1.7952e-05
6.43219e-05
-1.48076e-05
7.788e-05
-1.01296e-05
9.59025e-05
-2.27186e-06
0.000118399
1.13233e-05
0.00014285
3.07696e-05
0.00016165
5.49817e-05
0.00016877
7.81942e-05
9.26714e-05
-4.37944e-06
-1.35977e-05
-4.19347e-06
-4.66598e-05
-2.23294e-06
-5.20789e-05
-2.3656e-07
-4.84045e-05
1.41919e-06
-4.39478e-05
2.92651e-06
-4.15263e-05
4.35775e-06
-4.05706e-05
5.70772e-06
-4.02618e-05
6.94844e-06
-4.00697e-05
8.07437e-06
-3.97832e-05
9.1111e-06
-3.93533e-05
1.00946e-05
-3.87876e-05
1.10576e-05
-3.81014e-05
1.20237e-05
-3.72954e-05
1.30096e-05
-3.63493e-05
1.40359e-05
-3.52113e-05
1.51424e-05
-3.3807e-05
1.63769e-05
-3.21182e-05
1.77762e-05
-3.03006e-05
1.94557e-05
-2.85148e-05
2.1639e-05
-2.68023e-05
2.43521e-05
-2.56173e-05
2.71938e-05
-2.57111e-05
2.98124e-05
-2.68988e-05
3.21174e-05
-2.85063e-05
3.4123e-05
-3.03518e-05
3.50605e-05
-3.29983e-05
3.46512e-05
-3.59621e-05
3.40897e-05
-3.79811e-05
3.37227e-05
-3.86769e-05
3.36601e-05
-3.80589e-05
3.41755e-05
-3.61684e-05
3.58202e-05
-3.3271e-05
3.92617e-05
-2.97025e-05
4.42155e-05
-2.63711e-05
4.888e-05
-2.45991e-05
5.44606e-05
-2.35326e-05
6.1386e-05
-2.1733e-05
6.97741e-05
-1.85177e-05
8.24646e-05
-1.49624e-05
0.000101281
-7.49351e-06
0.000124206
7.84527e-06
0.000148004
3.11831e-05
0.000167105
5.90936e-05
8.43715e-05
-3.4513e-06
-1.01464e-05
-3.13834e-06
-4.69727e-05
-1.40846e-06
-5.38088e-05
2.59195e-07
-5.00721e-05
1.76279e-06
-4.54514e-05
3.21393e-06
-4.29775e-05
4.65228e-06
-4.2009e-05
6.02677e-06
-4.16363e-05
7.30175e-06
-4.13447e-05
8.48013e-06
-4.09616e-05
9.59022e-06
-4.04633e-05
1.0665e-05
-3.98624e-05
1.17316e-05
-3.9168e-05
1.28117e-05
-3.83755e-05
1.39263e-05
-3.7464e-05
1.51082e-05
-3.63932e-05
1.64139e-05
-3.51126e-05
1.79078e-05
-3.36121e-05
1.96186e-05
-3.20114e-05
2.16037e-05
-3.04999e-05
2.4016e-05
-2.92145e-05
2.68189e-05
-2.84203e-05
2.95806e-05
-2.84728e-05
3.19487e-05
-2.92669e-05
3.39448e-05
-3.05024e-05
3.57877e-05
-3.21947e-05
3.71227e-05
-3.43333e-05
3.76742e-05
-3.65136e-05
3.77022e-05
-3.80092e-05
3.74596e-05
-3.84342e-05
3.7228e-05
-3.78273e-05
3.74582e-05
-3.63987e-05
3.86623e-05
-3.44751e-05
4.12231e-05
-3.22633e-05
4.50946e-05
-3.02425e-05
4.9434e-05
-2.89385e-05
5.399e-05
-2.80886e-05
5.94241e-05
-2.71671e-05
6.70814e-05
-2.61749e-05
7.68933e-05
-2.47744e-05
9.02267e-05
-2.08269e-05
0.000107981
-9.90919e-06
0.000128519
1.06451e-05
0.000148855
3.87575e-05
6.84739e-05
-2.33406e-06
-7.81229e-06
-1.91591e-06
-4.73908e-05
-4.85877e-07
-5.52388e-05
9.22187e-07
-5.14802e-05
2.28096e-06
-4.68102e-05
3.67125e-06
-4.43678e-05
5.08616e-06
-4.34239e-05
6.45706e-06
-4.30072e-05
7.74902e-06
-4.26367e-05
8.9686e-06
-4.21812e-05
1.01419e-05
-4.16366e-05
1.12962e-05
-4.10167e-05
1.24533e-05
-4.03252e-05
1.36326e-05
-3.95548e-05
1.48574e-05
-3.86887e-05
1.61652e-05
-3.77009e-05
1.76156e-05
-3.65631e-05
1.92773e-05
-3.52739e-05
2.1182e-05
-3.39161e-05
2.33353e-05
-3.26532e-05
2.57712e-05
-3.16504e-05
2.84213e-05
-3.10704e-05
3.10166e-05
-3.10681e-05
3.3377e-05
-3.16273e-05
3.55023e-05
-3.26277e-05
3.73044e-05
-3.39967e-05
3.85892e-05
-3.56181e-05
3.92527e-05
-3.71771e-05
3.94531e-05
-3.82095e-05
3.94477e-05
-3.84288e-05
3.94948e-05
-3.78744e-05
3.98863e-05
-3.67902e-05
4.08791e-05
-3.54679e-05
4.26837e-05
-3.40678e-05
4.53103e-05
-3.28691e-05
4.85493e-05
-3.21776e-05
5.25439e-05
-3.20832e-05
5.76003e-05
-3.22235e-05
6.38877e-05
-3.24623e-05
7.1831e-05
-3.27177e-05
8.27809e-05
-3.17768e-05
9.65039e-05
-2.36322e-05
0.000112492
-5.34312e-06
0.000129139
2.21105e-05
5.278e-05
-1.17145e-06
-6.64082e-06
-6.1212e-07
-4.79501e-05
5.62033e-07
-5.64129e-05
1.69123e-06
-5.26094e-05
2.90157e-06
-4.80205e-05
4.22022e-06
-4.56864e-05
5.59215e-06
-4.47958e-05
6.94218e-06
-4.43572e-05
8.23895e-06
-4.39334e-05
9.48919e-06
-4.34314e-05
1.0714e-05
-4.28614e-05
1.19343e-05
-4.2237e-05
1.31674e-05
-4.15583e-05
1.44305e-05
-4.08178e-05
1.57462e-05
-4.00044e-05
1.71501e-05
-3.91047e-05
1.86948e-05
-3.81077e-05
2.04416e-05
-3.70207e-05
2.2426e-05
-3.59004e-05
2.46365e-05
-3.48638e-05
2.70354e-05
-3.40493e-05
2.95464e-05
-3.35814e-05
3.20291e-05
-3.35509e-05
3.4357e-05
-3.39552e-05
3.64387e-05
-3.47094e-05
3.81621e-05
-3.57201e-05
3.9405e-05
-3.6861e-05
4.01358e-05
-3.79078e-05
4.05013e-05
-3.8575e-05
4.07506e-05
-3.86781e-05
4.1114e-05
-3.82378e-05
4.17621e-05
-3.74383e-05
4.27977e-05
-3.65035e-05
4.43098e-05
-3.55799e-05
4.62269e-05
-3.47862e-05
4.84124e-05
-3.4363e-05
5.0948e-05
-3.46188e-05
5.43673e-05
-3.56429e-05
5.90556e-05
-3.71506e-05
6.51982e-05
-3.88604e-05
7.34494e-05
-4.0028e-05
8.50663e-05
-3.52491e-05
9.80457e-05
-1.83225e-05
0.000111589
8.56759e-06
3.98579e-05
-1.3278e-07
-6.50802e-06
5.74311e-07
-4.86572e-05
1.59921e-06
-5.74378e-05
2.49169e-06
-5.35018e-05
3.55898e-06
-4.90878e-05
4.80674e-06
-4.69342e-05
6.13324e-06
-4.61223e-05
7.4584e-06
-4.56823e-05
8.7551e-06
-4.52302e-05
1.00291e-05
-4.47055e-05
1.12963e-05
-4.41286e-05
1.25721e-05
-4.35128e-05
1.38701e-05
-4.28563e-05
1.52048e-05
-4.21526e-05
1.65958e-05
-4.13954e-05
1.80719e-05
-4.05808e-05
1.96738e-05
-3.97096e-05
2.14486e-05
-3.87955e-05
2.34278e-05
-3.78796e-05
2.56037e-05
-3.70397e-05
2.79273e-05
-3.6373e-05
3.03168e-05
-3.59708e-05
3.26616e-05
-3.58957e-05
3.48561e-05
-3.61496e-05
3.68173e-05
-3.66705e-05
3.8463e-05
-3.73659e-05
3.97204e-05
-3.81184e-05
4.05866e-05
-3.8774e-05
4.11785e-05
-3.91669e-05
4.16924e-05
-3.91919e-05
4.23106e-05
-3.88561e-05
4.31389e-05
-3.82666e-05
4.42159e-05
-3.75806e-05
4.55511e-05
-3.6915e-05
4.71049e-05
-3.634e-05
4.87888e-05
-3.60469e-05
5.04809e-05
-3.63109e-05
5.22754e-05
-3.74375e-05
5.46614e-05
-3.95366e-05
5.82105e-05
-4.24095e-05
6.3379e-05
-4.51965e-05
7.19475e-05
-4.38176e-05
8.31197e-05
-2.94947e-05
9.4857e-05
-3.16975e-06
2.90298e-05
7.86092e-07
-7.29409e-06
1.58274e-06
-4.94538e-05
2.48322e-06
-5.83383e-05
3.23361e-06
-5.42522e-05
4.2055e-06
-5.00597e-05
5.39733e-06
-4.8126e-05
6.68582e-06
-4.74108e-05
7.99024e-06
-4.69868e-05
9.28749e-06
-4.65274e-05
1.05822e-05
-4.60002e-05
1.18855e-05
-4.5432e-05
1.32085e-05
-4.48357e-05
1.45614e-05
-4.42093e-05
1.59562e-05
-4.35474e-05
1.74082e-05
-4.28474e-05
1.89384e-05
-4.2111e-05
2.05746e-05
-4.13458e-05
2.2348e-05
-4.05688e-05
2.42807e-05
-3.98124e-05
2.63687e-05
-3.91277e-05
2.85735e-05
-3.85778e-05
3.08245e-05
-3.82218e-05
3.3029e-05
-3.81001e-05
3.5096e-05
-3.82167e-05
3.69542e-05
-3.85287e-05
3.8548e-05
-3.89597e-05
3.98443e-05
-3.94147e-05
4.08597e-05
-3.97895e-05
4.16795e-05
-3.99867e-05
4.24328e-05
-3.99452e-05
4.32404e-05
-3.96637e-05
4.4174e-05
-3.92001e-05
4.52437e-05
-3.86502e-05
4.64374e-05
-3.81087e-05
4.77557e-05
-3.76583e-05
4.91272e-05
-3.74184e-05
5.03752e-05
-3.75589e-05
5.12729e-05
-3.83352e-05
5.18207e-05
-4.00844e-05
5.23382e-05
-4.2927e-05
5.37942e-05
-4.66525e-05
5.82078e-05
-4.82311e-05
6.72013e-05
-3.84882e-05
7.77998e-05
-1.37683e-05
1.89857e-05
1.37869e-06
-8.67277e-06
2.43245e-06
-5.05075e-05
3.196e-06
-5.91018e-05
3.87923e-06
-5.49354e-05
4.80847e-06
-5.09889e-05
5.96684e-06
-4.92844e-05
7.22924e-06
-4.86732e-05
8.52086e-06
-4.82784e-05
9.82236e-06
-4.78289e-05
1.11371e-05
-4.73149e-05
1.24726e-05
-4.67675e-05
1.38362e-05
-4.61993e-05
1.52356e-05
-4.56087e-05
1.668e-05
-4.49918e-05
1.81808e-05
-4.43483e-05
1.97524e-05
-4.36826e-05
2.14118e-05
-4.30052e-05
2.31763e-05
-4.23334e-05
2.50575e-05
-4.16935e-05
2.70505e-05
-4.11207e-05
2.91272e-05
-4.06545e-05
3.12359e-05
-4.03305e-05
3.33076e-05
-4.01718e-05
3.52694e-05
-4.01784e-05
3.70606e-05
-4.03199e-05
3.86415e-05
-4.05406e-05
3.99991e-05
-4.07723e-05
4.11542e-05
-4.09446e-05
4.21627e-05
-4.09951e-05
4.31008e-05
-4.08833e-05
4.40414e-05
-4.06043e-05
4.50315e-05
-4.01902e-05
4.60815e-05
-3.97002e-05
4.71784e-05
-3.92056e-05
4.82991e-05
-3.8779e-05
4.93861e-05
-3.85054e-05
5.03102e-05
-3.8483e-05
5.08118e-05
-3.88368e-05
5.05152e-05
-3.97878e-05
4.92256e-05
-4.16374e-05
4.721e-05
-4.46369e-05
4.67343e-05
-4.77554e-05
5.20791e-05
-4.3833e-05
6.21945e-05
-2.38837e-05
7.79907e-06
1.73577e-06
-1.04085e-05
3.0648e-06
-5.18366e-05
3.76575e-06
-5.98028e-05
4.42446e-06
-5.55941e-05
5.34998e-06
-5.19144e-05
6.498e-06
-5.04324e-05
7.74879e-06
-4.9924e-05
9.03754e-06
-4.95671e-05
1.03488e-05
-4.91401e-05
1.16848e-05
-4.8651e-05
1.30502e-05
-4.8133e-05
1.44498e-05
-4.75988e-05
1.58888e-05
-4.70477e-05
1.73742e-05
-4.64772e-05
1.89143e-05
-4.58884e-05
2.05182e-05
-4.52866e-05
2.21955e-05
-4.46825e-05
2.39539e-05
-4.40918e-05
2.5796e-05
-4.35357e-05
2.77146e-05
-4.30392e-05
2.96879e-05
-4.26278e-05
3.16799e-05
-4.23224e-05
3.36417e-05
-4.21337e-05
3.55203e-05
-4.20571e-05
3.72699e-05
-4.20695e-05
3.88614e-05
-4.21321e-05
4.02864e-05
-4.21973e-05
4.15582e-05
-4.22164e-05
4.27092e-05
-4.21461e-05
4.37833e-05
-4.19574e-05
4.48234e-05
-4.16444e-05
4.58587e-05
-4.12254e-05
4.68961e-05
-4.07376e-05
4.79194e-05
-4.02288e-05
4.88924e-05
-3.9752e-05
4.97525e-05
-3.93655e-05
5.03963e-05
-3.91268e-05
5.06431e-05
-3.90835e-05
5.01434e-05
-3.92882e-05
4.83717e-05
-3.98657e-05
4.47785e-05
-4.10437e-05
4.00507e-05
-4.30275e-05
3.94182e-05
-4.32005e-05
4.7443e-05
-3.19085e-05
-5.7232e-06
1.97487e-06
-1.23834e-05
3.49188e-06
-5.33536e-05
4.19559e-06
-6.05065e-05
4.87271e-06
-5.62713e-05
5.82383e-06
-5.28656e-05
6.98189e-06
-5.15904e-05
8.23579e-06
-5.11779e-05
9.53206e-06
-5.08634e-05
1.08591e-05
-5.04672e-05
1.22185e-05
-5.00104e-05
1.36131e-05
-4.95276e-05
1.50455e-05
-4.90312e-05
1.65193e-05
-4.85214e-05
1.80392e-05
-4.79972e-05
1.96111e-05
-4.74603e-05
2.12406e-05
-4.69161e-05
2.29324e-05
-4.63743e-05
2.46886e-05
-4.5848e-05
2.65066e-05
-4.53536e-05
2.83768e-05
-4.49094e-05
3.02813e-05
-4.45322e-05
3.2193e-05
-4.42341e-05
3.4078e-05
-4.40187e-05
3.58998e-05
-4.38789e-05
3.76263e-05
-4.3796e-05
3.92357e-05
-4.37415e-05
4.07194e-05
-4.3681e-05
4.20825e-05
-4.35795e-05
4.33421e-05
-4.34057e-05
4.45232e-05
-4.31385e-05
4.565e-05
-4.27711e-05
4.67376e-05
-4.2313e-05
4.77856e-05
-4.17856e-05
4.87739e-05
-4.12172e-05
4.96607e-05
-4.06388e-05
5.03773e-05
-4.00821e-05
5.08248e-05
-3.95743e-05
5.08676e-05
-3.91264e-05
5.02988e-05
-3.87194e-05
4.87249e-05
-3.82918e-05
4.54637e-05
-3.77825e-05
3.9638e-05
-3.72019e-05
3.28437e-05
-3.64062e-05
3.3437e-05
-3.25019e-05
-1.69311e-05
2.10793e-06
-1.44913e-05
3.73578e-06
-5.49814e-05
4.49666e-06
-6.12674e-05
5.23337e-06
-5.7008e-05
6.23184e-06
-5.3864e-05
7.41605e-06
-5.27746e-05
8.68621e-06
-5.2448e-05
9.99958e-06
-5.21768e-05
1.13483e-05
-5.18159e-05
1.27337e-05
-5.13959e-05
1.41576e-05
-5.09515e-05
1.5621e-05
-5.04947e-05
1.71262e-05
-5.00266e-05
1.86762e-05
-4.95472e-05
2.02747e-05
-4.90588e-05
2.19251e-05
-4.85665e-05
2.36291e-05
-4.80783e-05
2.53858e-05
-4.76046e-05
2.71902e-05
-4.7158e-05
2.90321e-05
-4.67514e-05
3.08958e-05
-4.63959e-05
3.27599e-05
-4.60982e-05
3.45998e-05
-4.58586e-05
3.63901e-05
-4.56692e-05
3.81084e-05
-4.55142e-05
3.97382e-05
-4.53713e-05
4.12714e-05
-4.52142e-05
4.27083e-05
-4.50164e-05
4.40571e-05
-4.47545e-05
4.53306e-05
-4.44119e-05
4.65405e-05
-4.3981e-05
4.76914e-05
-4.34639e-05
4.87759e-05
-4.28701e-05
4.97715e-05
-4.22128e-05
5.0637e-05
-4.15043e-05
5.1308e-05
-4.07531e-05
5.16928e-05
-3.99591e-05
5.16713e-05
-3.91048e-05
5.10938e-05
-3.81419e-05
4.9769e-05
-3.69669e-05
4.7367e-05
-3.53805e-05
4.32379e-05
-3.30727e-05
3.65272e-05
-2.96954e-05
2.87797e-05
-2.47545e-05
-1.61107e-05
2.16064e-06
-1.6652e-05
3.85558e-06
-5.66764e-05
4.69853e-06
-6.21103e-05
5.52057e-06
-5.783e-05
6.58053e-06
-5.4924e-05
7.80255e-06
-5.39967e-05
9.09956e-06
-5.3745e-05
1.04381e-05
-5.35154e-05
1.18136e-05
-5.31913e-05
1.32277e-05
-5.28099e-05
1.46812e-05
-5.2405e-05
1.61748e-05
-5.19882e-05
1.77094e-05
-5.15612e-05
1.92868e-05
-5.11246e-05
2.09091e-05
-5.06811e-05
2.25778e-05
-5.02353e-05
2.42931e-05
-4.97935e-05
2.60525e-05
-4.9364e-05
2.78503e-05
-4.89558e-05
2.96768e-05
-4.85779e-05
3.15183e-05
-4.82374e-05
3.33579e-05
-4.79378e-05
3.51766e-05
-4.76774e-05
3.69558e-05
-4.74484e-05
3.86791e-05
-4.72375e-05
4.0334e-05
-4.70262e-05
4.19135e-05
-4.67937e-05
4.34161e-05
-4.65189e-05
4.48445e-05
-4.61829e-05
4.62039e-05
-4.57713e-05
4.74979e-05
-4.5275e-05
4.87245e-05
-4.46905e-05
4.98726e-05
-4.40182e-05
5.09191e-05
-4.32593e-05
5.18273e-05
-4.24124e-05
5.25435e-05
-4.14693e-05
5.29942e-05
-4.04097e-05
5.30836e-05
-3.91943e-05
5.26951e-05
-3.77534e-05
5.17006e-05
-3.59724e-05
4.99887e-05
-3.36687e-05
4.74727e-05
-3.05567e-05
4.39798e-05
-2.62025e-05
3.92627e-05
-2.00374e-05
-1.14046e-05
2.15953e-06
-1.88115e-05
3.89532e-06
-5.84122e-05
4.83082e-06
-6.30458e-05
5.74951e-06
-5.87487e-05
6.87848e-06
-5.60529e-05
8.14607e-06
-5.52642e-05
9.47771e-06
-5.50767e-05
1.08477e-05
-5.48854e-05
1.22541e-05
-5.45977e-05
1.36989e-05
-5.42547e-05
1.51829e-05
-5.38891e-05
1.67062e-05
-5.35115e-05
1.82692e-05
-5.31241e-05
1.98726e-05
-5.27281e-05
2.15175e-05
-5.2326e-05
2.32041e-05
-5.19219e-05
2.49315e-05
-5.15209e-05
2.66966e-05
-5.11291e-05
2.84937e-05
-5.07529e-05
3.03141e-05
-5.03984e-05
3.21464e-05
-5.00697e-05
3.39769e-05
-4.97683e-05
3.57909e-05
-4.94914e-05
3.75741e-05
-4.92316e-05
3.9314e-05
-4.89774e-05
4.1001e-05
-4.87133e-05
4.26293e-05
-4.84221e-05
4.41963e-05
-4.80859e-05
4.5702e-05
-4.76886e-05
4.7147e-05
-4.72163e-05
4.85306e-05
-4.66585e-05
4.98474e-05
-4.60073e-05
5.10855e-05
-4.52563e-05
5.22243e-05
-4.43981e-05
5.32329e-05
-4.34211e-05
5.40697e-05
-4.2306e-05
5.4681e-05
-4.10211e-05
5.50024e-05
-3.95157e-05
5.49618e-05
-3.77127e-05
5.44874e-05
-3.54981e-05
5.35264e-05
-3.27077e-05
5.20854e-05
-2.91157e-05
5.0312e-05
-2.44291e-05
4.85713e-05
-1.82967e-05
-1.03577e-05
2.12638e-06
-2.09379e-05
3.88783e-06
-6.01736e-05
4.91777e-06
-6.40758e-05
5.93454e-06
-5.97654e-05
7.13472e-06
-5.72531e-05
8.45229e-06
-5.65818e-05
9.82372e-06
-5.64481e-05
1.12295e-05
-5.62911e-05
1.26697e-05
-5.6038e-05
1.41469e-05
-5.5732e-05
1.56621e-05
-5.54042e-05
1.72151e-05
-5.50645e-05
1.8806e-05
-5.47151e-05
2.04351e-05
-5.43572e-05
2.21025e-05
-5.39934e-05
2.38078e-05
-5.36272e-05
2.55494e-05
-5.32625e-05
2.7324e-05
-5.29037e-05
2.91265e-05
-5.25554e-05
3.09493e-05
-5.22212e-05
3.27829e-05
-5.19033e-05
3.46163e-05
-5.16017e-05
3.64381e-05
-5.13131e-05
3.82371e-05
-5.10306e-05
4.00037e-05
-5.0744e-05
4.17306e-05
-5.04402e-05
4.34127e-05
-5.01042e-05
4.50472e-05
-4.97204e-05
4.66327e-05
-4.9274e-05
4.81678e-05
-4.87514e-05
4.96497e-05
-4.81403e-05
5.10723e-05
-4.74299e-05
5.24248e-05
-4.66089e-05
5.36906e-05
-4.56638e-05
5.48461e-05
-4.45766e-05
5.58614e-05
-4.33213e-05
5.67009e-05
-4.18606e-05
5.73265e-05
-4.01412e-05
5.77023e-05
-3.80886e-05
5.78052e-05
-3.5601e-05
5.76431e-05
-3.25455e-05
5.72835e-05
-2.87562e-05
5.68964e-05
-2.4042e-05
5.68139e-05
-1.82143e-05
-1.11513e-05
2.07755e-06
-2.30154e-05
3.85692e-06
-6.1953e-05
4.9774e-06
-6.51962e-05
6.08764e-06
-6.08757e-05
7.35766e-06
-5.85231e-05
8.72697e-06
-5.79511e-05
1.01411e-05
-5.78622e-05
1.15852e-05
-5.77353e-05
1.30612e-05
-5.75139e-05
1.4572e-05
-5.72428e-05
1.61188e-05
-5.6951e-05
1.77017e-05
-5.66474e-05
1.93205e-05
-5.63339e-05
2.09753e-05
-5.6012e-05
2.26658e-05
-5.56839e-05
2.43912e-05
-5.53525e-05
2.61496e-05
-5.50209e-05
2.79381e-05
-5.46922e-05
2.97519e-05
-5.43693e-05
3.15848e-05
-5.40541e-05
3.34291e-05
-5.37476e-05
3.52758e-05
-5.34485e-05
3.7116e-05
-5.31533e-05
3.8941e-05
-5.28557e-05
4.07436e-05
-5.25466e-05
4.25178e-05
-5.22144e-05
4.42597e-05
-5.18461e-05
4.59667e-05
-5.14274e-05
4.7637e-05
-5.09444e-05
4.92688e-05
-5.03831e-05
5.08589e-05
-4.97304e-05
5.24021e-05
-4.89731e-05
5.38898e-05
-4.80966e-05
5.53099e-05
-4.70839e-05
5.66464e-05
-4.59131e-05
5.78805e-05
-4.45553e-05
5.89922e-05
-4.29722e-05
5.99635e-05
-4.11126e-05
6.0785e-05
-3.89101e-05
6.14649e-05
-3.62808e-05
6.20427e-05
-3.31233e-05
6.26094e-05
-2.93229e-05
6.33317e-05
-2.47643e-05
6.4475e-05
-1.93576e-05
-1.30804e-05
2.02431e-06
-2.50398e-05
3.81853e-06
-6.37472e-05
5.02225e-06
-6.64e-05
6.21825e-06
-6.20717e-05
7.55456e-06
-5.98594e-05
8.97536e-06
-5.93719e-05
1.04332e-05
-5.932e-05
1.19169e-05
-5.9219e-05
1.34295e-05
-5.90265e-05
1.49745e-05
-5.87878e-05
1.65534e-05
-5.85298e-05
1.81663e-05
-5.82603e-05
1.98132e-05
-5.79809e-05
2.14941e-05
-5.76929e-05
2.32086e-05
-5.73983e-05
2.49556e-05
-5.70995e-05
2.67336e-05
-5.67989e-05
2.85397e-05
-5.64984e-05
3.03703e-05
-5.61998e-05
3.222e-05
-5.59038e-05
3.40827e-05
-5.56103e-05
3.59515e-05
-5.53172e-05
3.78192e-05
-5.5021e-05
3.96793e-05
-5.47158e-05
4.1526e-05
-5.43933e-05
4.33548e-05
-5.40433e-05
4.51628e-05
-5.3654e-05
4.69479e-05
-5.32125e-05
4.87088e-05
-5.27052e-05
5.04441e-05
-5.21184e-05
5.21517e-05
-5.1438e-05
5.38279e-05
-5.06493e-05
5.54672e-05
-4.97358e-05
5.70621e-05
-4.86787e-05
5.86035e-05
-4.74545e-05
6.00821e-05
-4.6034e-05
6.14903e-05
-4.43803e-05
6.28252e-05
-4.24475e-05
6.40944e-05
-4.01793e-05
6.53227e-05
-3.75091e-05
6.65618e-05
-3.43625e-05
6.79021e-05
-3.06631e-05
6.94827e-05
-2.6345e-05
7.14965e-05
-2.13715e-05
-1.5761e-05
1.97432e-06
-2.70141e-05
3.78264e-06
-6.55555e-05
5.06055e-06
-6.76779e-05
6.33334e-06
-6.33445e-05
7.73129e-06
-6.12574e-05
9.20198e-06
-6.08426e-05
1.07032e-05
-6.08213e-05
1.22265e-05
-6.07423e-05
1.37759e-05
-6.05759e-05
1.53552e-05
-6.03672e-05
1.69661e-05
-6.01408e-05
1.86091e-05
-5.99033e-05
2.02844e-05
-5.96562e-05
2.19919e-05
-5.94004e-05
2.37313e-05
-5.91377e-05
2.55017e-05
-5.887e-05
2.73017e-05
-5.85989e-05
2.91291e-05
-5.83258e-05
3.09807e-05
-5.80514e-05
3.28525e-05
-5.77757e-05
3.47399e-05
-5.74976e-05
3.66375e-05
-5.72149e-05
3.854e-05
-5.69235e-05
4.04424e-05
-5.66181e-05
4.23402e-05
-5.62911e-05
4.42302e-05
-5.59333e-05
4.61103e-05
-5.55341e-05
4.79793e-05
-5.50815e-05
4.98366e-05
-5.45625e-05
5.16819e-05
-5.39637e-05
5.35145e-05
-5.32707e-05
5.53332e-05
-5.2468e-05
5.71358e-05
-5.15385e-05
5.89194e-05
-5.04623e-05
6.06809e-05
-4.9216e-05
6.24186e-05
-4.77717e-05
6.41341e-05
-4.60958e-05
6.58345e-05
-4.41479e-05
6.75369e-05
-4.18818e-05
6.92738e-05
-3.92461e-05
7.10985e-05
-3.61872e-05
7.30907e-05
-3.26552e-05
7.53586e-05
-2.86129e-05
7.80368e-05
-2.40497e-05
-1.89974e-05
1.93326e-06
-2.89473e-05
3.75547e-06
-6.73777e-05
5.09764e-06
-6.902e-05
6.43806e-06
-6.46849e-05
7.89247e-06
-6.27118e-05
9.41048e-06
-6.23606e-05
1.09538e-05
-6.23646e-05
1.25159e-05
-6.23044e-05
1.41015e-05
-6.21615e-05
1.57147e-05
-6.19804e-05
1.73574e-05
-6.17835e-05
1.90305e-05
-6.15764e-05
2.07343e-05
-6.13599e-05
2.24689e-05
-6.1135e-05
2.42342e-05
-6.0903e-05
2.60295e-05
-6.06653e-05
2.78538e-05
-6.04232e-05
2.97053e-05
-6.01773e-05
3.15817e-05
-5.99278e-05
3.34801e-05
-5.96741e-05
3.5397e-05
3.73285e-05
3.9271e-05
4.12207e-05
4.31749e-05
4.51311e-05
4.70882e-05
4.9046e-05
5.10051e-05
5.29664e-05
5.49307e-05
5.6899e-05
5.88725e-05
6.08526e-05
6.28413e-05
6.48428e-05
6.68651e-05
6.89222e-05
7.10363e-05
7.32412e-05
7.55852e-05
7.81337e-05
8.09684e-05
8.4181e-05
1.90503e-06
3.74061e-06
5.13705e-06
6.5364e-06
8.04203e-06
9.60422e-06
1.11874e-05
1.27868e-05
1.44076e-05
1.60539e-05
1.7728e-05
1.94308e-05
2.11629e-05
2.29249e-05
2.47168e-05
2.65382e-05
2.83886e-05
3.02666e-05
3.21708e-05
)
;

boundaryField
{
    leftWall
    {
        type            calculated;
        value           uniform 0;
    }
    rightWall
    {
        type            calculated;
        value           nonuniform 0();
    }
    lowerWall
    {
        type            calculated;
        value           uniform 0;
    }
    atmosphere
    {
        type            calculated;
        value           nonuniform 0();
    }
    defaultFaces
    {
        type            empty;
        value           nonuniform 0();
    }
    procBoundary0to1
    {
        type            processor;
        value           nonuniform List<scalar> 
44
(
-2.51801e-05
-2.0768e-05
-6.70818e-06
8.36973e-06
1.80511e-05
2.30547e-05
2.34304e-05
2.17258e-05
1.99307e-05
1.9081e-05
2.00935e-05
2.28812e-05
2.76443e-05
3.31913e-05
3.83911e-05
4.29785e-05
4.70151e-05
5.0745e-05
5.33458e-05
5.50494e-05
-5.39429e-05
5.87688e-05
6.48864e-05
7.25106e-05
8.27137e-05
0.000122619
0.00016288
0.000175405
0.000164753
0.000144833
0.000124511
0.000105685
8.78439e-05
7.33812e-05
6.09653e-05
4.46449e-05
2.79593e-05
3.45566e-05
4.75245e-05
5.76075e-05
6.64041e-05
7.41771e-05
8.12733e-05
8.7862e-05
)
;
    }
    procBoundary0to2
    {
        type            processor;
        value           nonuniform List<scalar> 
46
(
-5.94145e-05
-5.91465e-05
-5.8866e-05
-5.85678e-05
-5.82451e-05
-5.78895e-05
-5.74913e-05
-5.70393e-05
-5.65216e-05
-5.59248e-05
-5.52349e-05
-5.44363e-05
-5.35118e-05
-5.24421e-05
-5.12047e-05
-4.97733e-05
-4.8118e-05
-4.62048e-05
-4.39958e-05
-4.1451e-05
-3.85313e-05
-3.52037e-05
-3.14475e-05
-2.72624e-05
-2.26784e-05
-3.08523e-05
-6.92133e-05
-7.04165e-05
-6.60842e-05
-6.42174e-05
-6.39228e-05
-6.39478e-05
-6.39038e-05
-6.37823e-05
-6.36268e-05
-6.34577e-05
-6.32793e-05
-6.30921e-05
-6.28969e-05
-6.26948e-05
-6.24868e-05
-6.22736e-05
-6.20554e-05
-6.1832e-05
3.40991e-05
-6.16024e-05
)
;
    }
}


// ************************************************************************* //
