/*--------------------------------*- C++ -*----------------------------------*\
| =========                 |                                                 |
| \\      /  F ield         | OpenFOAM: The Open Source CFD Toolbox           |
|  \\    /   O peration     | Version:  3.0.1                                 |
|   \\  /    A nd           | Web:      www.OpenFOAM.org                      |
|    \\/     M anipulation  |                                                 |
\*---------------------------------------------------------------------------*/
FoamFile
{
    version     2.0;
    format      ascii;
    class       volVectorField;
    location    "0.35";
    object      U;
}
// * * * * * * * * * * * * * * * * * * * * * * * * * * * * * * * * * * * * * //

dimensions      [0 1 -1 0 0 0 0];

internalField   nonuniform List<vector> 
1935
(
(-0.016926 0.0069659 0)
(-0.0205289 -0.00316726 0)
(0.00289799 -0.0115981 0)
(0.041957 -0.0157817 0)
(0.0856096 -0.0165424 0)
(0.128232 -0.015084 0)
(0.165665 -0.012675 0)
(0.196345 -0.0102284 0)
(0.220889 -0.00823985 0)
(0.240921 -0.00687927 0)
(0.2582 -0.00611138 0)
(0.274159 -0.00579726 0)
(0.289762 -0.00576898 0)
(0.305539 -0.00587612 0)
(0.321672 -0.0060062 0)
(0.338103 -0.00608697 0)
(0.354634 -0.00607962 0)
(0.371004 -0.00596918 0)
(0.386938 -0.00575511 0)
(0.402171 -0.00544394 0)
(0.416462 -0.00504407 0)
(0.429588 -0.00456267 0)
(0.441346 -0.00400406 0)
(0.451535 -0.00336894 0)
(0.459953 -0.00265273 0)
(0.466367 -0.0018429 0)
(0.470487 -0.000883371 0)
(0.472023 0.000419832 0)
(0.470161 0.00218435 0)
(0.463695 0.00480263 0)
(0.451312 0.00839927 0)
(0.431564 0.0130118 0)
(0.402577 0.0187421 0)
(0.362059 0.025591 0)
(0.307491 0.0332743 0)
(0.236583 0.0406394 0)
(0.149583 0.04545 0)
(0.0501625 0.0422402 0)
(-0.0511844 0.0201217 0)
(-0.117714 -0.0199816 0)
(-0.114782 -0.00550583 0)
(-0.177002 0.0388999 0)
(-0.326654 0.0599092 0)
(-0.399313 0.0186211 0)
(-0.0185694 0.0208582 0)
(-0.0198344 -0.0105808 0)
(0.0038819 -0.0354691 0)
(0.0435474 -0.0478955 0)
(0.0872507 -0.0500233 0)
(0.129512 -0.0455762 0)
(0.166402 -0.0383756 0)
(0.196639 -0.0311209 0)
(0.221003 -0.0252542 0)
(0.241149 -0.0212521 0)
(0.25878 -0.0189922 0)
(0.275241 -0.0180583 0)
(0.291415 -0.017958 0)
(0.307771 -0.0182531 0)
(0.324449 -0.0186155 0)
(0.341375 -0.0188337 0)
(0.358348 -0.0187939 0)
(0.375113 -0.0184517 0)
(0.391408 -0.0178054 0)
(0.406981 -0.0168738 0)
(0.421603 -0.0156813 0)
(0.435065 -0.0142487 0)
(0.447172 -0.0125887 0)
(0.457733 -0.0107035 0)
(0.466558 -0.00858286 0)
(0.473457 -0.00619869 0)
(0.478265 -0.00348089 0)
(0.480783 -0.000269855 0)
(0.481227 0.00352341 0)
(0.480023 0.00826037 0)
(0.477475 0.0141925 0)
(0.473501 0.0216809 0)
(0.467662 0.0313163 0)
(0.458788 0.0437755 0)
(0.444202 0.0595232 0)
(0.41908 0.0783453 0)
(0.376415 0.0982808 0)
(0.308654 0.113053 0)
(0.209655 0.111122 0)
(0.0863453 0.0798122 0)
(-0.0452257 0.0575252 0)
(-0.164399 0.108284 0)
(-0.295772 0.106553 0)
(-0.314925 -0.0167647 0)
(-0.0176492 0.0346671 0)
(-0.018869 -0.0184115 0)
(0.00554907 -0.0595513 0)
(0.0455835 -0.0798373 0)
(0.0887819 -0.0828333 0)
(0.129832 -0.0750926 0)
(0.165214 -0.0630713 0)
(0.194136 -0.0511993 0)
(0.217673 -0.0417577 0)
(0.237548 -0.0354258 0)
(0.255379 -0.0319232 0)
(0.272361 -0.0305276 0)
(0.289222 -0.0304265 0)
(0.306298 -0.0309141 0)
(0.323644 -0.0314713 0)
(0.34114 -0.0317692 0)
(0.358571 -0.0316357 0)
(0.375692 -0.0310077 0)
(0.39226 -0.0298874 0)
(0.408049 -0.0283078 0)
(0.422853 -0.0263081 0)
(0.436483 -0.0239211 0)
(0.44876 -0.0211657 0)
(0.459508 -0.0180449 0)
(0.468548 -0.0145454 0)
(0.475695 -0.0106359 0)
(0.480754 -0.00627918 0)
(0.483475 -0.00147651 0)
(0.48365 0.00385984 0)
(0.481087 0.00974711 0)
(0.475649 0.0164689 0)
(0.467453 0.0245262 0)
(0.456948 0.0346565 0)
(0.445073 0.0479486 0)
(0.433452 0.0657813 0)
(0.423587 0.0895311 0)
(0.414283 0.119145 0)
(0.398863 0.150861 0)
(0.362408 0.174963 0)
(0.287361 0.177846 0)
(0.164506 0.16868 0)
(0.0410829 0.186213 0)
(-0.0605969 0.166474 0)
(-0.0636638 0.020302 0)
(-0.0170733 0.0477151 0)
(-0.0173747 -0.0267275 0)
(0.00784727 -0.0841249 0)
(0.0481556 -0.111658 0)
(0.0904741 -0.114805 0)
(0.129791 -0.103378 0)
(0.163182 -0.0865615 0)
(0.190474 -0.0704143 0)
(0.213085 -0.0578792 0)
(0.232785 -0.0496803 0)
(0.251049 -0.0452851 0)
(0.268856 -0.0436361 0)
(0.286719 -0.0436133 0)
(0.304807 -0.0442772 0)
(0.323069 -0.0449555 0)
(0.341332 -0.0452355 0)
(0.359377 -0.0449106 0)
(0.376976 -0.0439138 0)
(0.393918 -0.0422582 0)
(0.410012 -0.0399913 0)
(0.425086 -0.0371654 0)
(0.438976 -0.033821 0)
(0.451522 -0.02998 0)
(0.462561 -0.0256436 0)
(0.471927 -0.0207943 0)
(0.479441 -0.0153975 0)
(0.484914 -0.00940378 0)
(0.48816 -0.00274327 0)
(0.488965 0.00472653 0)
(0.487125 0.0131153 0)
(0.482444 0.0226137 0)
(0.47474 0.0334328 0)
(0.463973 0.0458464 0)
(0.450405 0.0602783 0)
(0.434935 0.0774615 0)
(0.419589 0.0984502 0)
(0.407544 0.12482 0)
(0.401571 0.157814 0)
(0.398273 0.195331 0)
(0.383427 0.228654 0)
(0.332477 0.2477 0)
(0.260823 0.259053 0)
(0.185646 0.208947 0)
(0.16043 0.0542072 0)
(-0.0165175 0.0598792 0)
(-0.0153633 -0.0358744 0)
(0.0106104 -0.109084 0)
(0.050933 -0.143058 0)
(0.0919493 -0.145528 0)
(0.129095 -0.130022 0)
(0.160194 -0.108541 0)
(0.185757 -0.0886097 0)
(0.207523 -0.0736006 0)
(0.227252 -0.0640947 0)
(0.246209 -0.0592072 0)
(0.265101 -0.0575218 0)
(0.28419 -0.057637 0)
(0.303465 -0.0584266 0)
(0.322768 -0.0591152 0)
(0.341887 -0.0592469 0)
(0.360606 -0.0586089 0)
(0.378732 -0.0571457 0)
(0.396098 -0.0548865 0)
(0.412553 -0.0518925 0)
(0.427961 -0.0482242 0)
(0.442186 -0.0439243 0)
(0.455087 -0.0390124 0)
(0.466516 -0.0334845 0)
(0.476312 -0.0273161 0)
(0.484306 -0.0204651 0)
(0.490319 -0.0128738 0)
(0.494166 -0.00446535 0)
(0.495664 0.00484323 0)
(0.494641 0.0151907 0)
(0.490948 0.0267312 0)
(0.484491 0.0396804 0)
(0.475251 0.0542935 0)
(0.46331 0.0708128 0)
(0.448906 0.0894259 0)
(0.432685 0.110273 0)
(0.416233 0.133753 0)
(0.403136 0.161222 0)
(0.397978 0.194942 0)
(0.402946 0.235107 0)
(0.403473 0.271326 0)
(0.390199 0.290778 0)
(0.355139 0.247948 0)
(0.311514 0.115007 0)
(-0.015794 0.0709337 0)
(-0.0128243 -0.0459878 0)
(0.0137444 -0.13426 0)
(0.0537135 -0.173751 0)
(0.0930374 -0.174711 0)
(0.127717 -0.154833 0)
(0.156437 -0.128967 0)
(0.180381 -0.105886 0)
(0.201541 -0.0891161 0)
(0.221577 -0.0788989 0)
(0.241482 -0.0739094 0)
(0.261648 -0.0723685 0)
(0.282084 -0.0726364 0)
(0.302604 -0.0734605 0)
(0.322965 -0.0740188 0)
(0.342935 -0.0738556 0)
(0.362326 -0.0727786 0)
(0.380986 -0.070756 0)
(0.398799 -0.0678352 0)
(0.41566 -0.0640869 0)
(0.431466 -0.0595728 0)
(0.446105 -0.0543312 0)
(0.459454 -0.0483737 0)
(0.471371 -0.0416868 0)
(0.481705 -0.0342369 0)
(0.49029 -0.0259742 0)
(0.496952 -0.0168359 0)
(0.501516 -0.00674686 0)
(0.503809 0.00438184 0)
(0.503679 0.0166553 0)
(0.501002 0.0302001 0)
(0.495714 0.0451697 0)
(0.487835 0.0617322 0)
(0.477495 0.0800553 0)
(0.464936 0.100253 0)
(0.450512 0.122291 0)
(0.434694 0.145887 0)
(0.418753 0.170773 0)
(0.405602 0.197533 0)
(0.402246 0.228829 0)
(0.410569 0.262493 0)
(0.423689 0.286898 0)
(0.420157 0.266182 0)
(0.384553 0.175519 0)
(-0.0148565 0.08063 0)
(-0.0097288 -0.056974 0)
(0.017215 -0.159543 0)
(0.0563724 -0.203475 0)
(0.0937133 -0.202134 0)
(0.125791 -0.177734 0)
(0.152232 -0.147926 0)
(0.17483 -0.122436 0)
(0.195711 -0.104651 0)
(0.216346 -0.0942901 0)
(0.237394 -0.0895287 0)
(0.258927 -0.088246 0)
(0.28071 -0.0886246 0)
(0.302421 -0.0893546 0)
(0.323764 -0.0896256 0)
(0.344516 -0.0890217 0)
(0.36453 -0.0873921 0)
(0.383709 -0.0847354 0)
(0.401987 -0.0811143 0)
(0.419299 -0.0766016 0)
(0.435571 -0.0712522 0)
(0.450709 -0.0650928 0)
(0.464599 -0.0581213 0)
(0.477108 -0.0503117 0)
(0.488086 -0.0416196 0)
(0.497368 -0.0319874 0)
(0.504785 -0.0213484 0)
(0.510165 -0.00962874 0)
(0.513344 0.00325169 0)
(0.514176 0.0173781 0)
(0.51255 0.0328465 0)
(0.508406 0.0497532 0)
(0.501763 0.0681908 0)
(0.492742 0.0882355 0)
(0.481578 0.109915 0)
(0.468629 0.133156 0)
(0.454261 0.15764 0)
(0.438868 0.182664 0)
(0.422931 0.207067 0)
(0.409423 0.230858 0)
(0.403924 0.25458 0)
(0.409769 0.275415 0)
(0.412308 0.272734 0)
(0.38669 0.223843 0)
(-0.0135964 0.0887215 0)
(-0.00615816 -0.0687434 0)
(0.0209338 -0.184777 0)
(0.0589532 -0.232004 0)
(0.0940792 -0.227678 0)
(0.123564 -0.198784 0)
(0.147972 -0.165623 0)
(0.169589 -0.138529 0)
(0.190546 -0.12045 0)
(0.212026 -0.110436 0)
(0.234324 -0.10614 0)
(0.257203 -0.105149 0)
(0.280231 -0.105543 0)
(0.302993 -0.106028 0)
(0.325181 -0.105858 0)
(0.346609 -0.104689 0)
(0.367183 -0.102422 0)
(0.386865 -0.0990865 0)
(0.405631 -0.094753 0)
(0.423447 -0.0894871 0)
(0.44026 -0.0833282 0)
(0.455986 -0.0762848 0)
(0.470517 -0.0683375 0)
(0.483719 -0.0594452 0)
(0.495444 -0.0495519 0)
(0.505527 -0.0385921 0)
(0.5138 -0.0264958 0)
(0.52009 -0.0131919 0)
(0.524234 0.00138845 0)
(0.526087 0.017316 0)
(0.52554 0.0346463 0)
(0.522523 0.0534299 0)
(0.517042 0.0736974 0)
(0.509185 0.0954483 0)
(0.499133 0.118626 0)
(0.487164 0.143087 0)
(0.473605 0.168528 0)
(0.458744 0.194378 0)
(0.442505 0.2194 0)
(0.424753 0.241927 0)
(0.406957 0.260803 0)
(0.393783 0.276586 0)
(0.381984 0.283195 0)
(0.355729 0.268001 0)
(-0.0119297 0.0948942 0)
(-0.00218153 -0.0813515 0)
(0.0248997 -0.209708 0)
(0.061517 -0.25915 0)
(0.0942945 -0.251316 0)
(0.121319 -0.218144 0)
(0.144037 -0.182337 0)
(0.165073 -0.15445 0)
(0.186424 -0.136723 0)
(0.208913 -0.127435 0)
(0.232464 -0.123733 0)
(0.256571 -0.122989 0)
(0.280663 -0.123266 0)
(0.304284 -0.123354 0)
(0.327156 -0.122612 0)
(0.349148 -0.120788 0)
(0.370229 -0.117838 0)
(0.390408 -0.113814 0)
(0.409696 -0.108783 0)
(0.42808 -0.102794 0)
(0.445513 -0.0958634 0)
(0.461917 -0.0879772 0)
(0.477183 -0.0790959 0)
(0.491178 -0.0691627 0)
(0.50375 -0.0581094 0)
(0.514737 -0.0458626 0)
(0.523965 -0.0323486 0)
(0.53126 -0.0174983 0)
(0.536455 -0.00125159 0)
(0.539394 0.0164438 0)
(0.539953 0.0356074 0)
(0.538055 0.0562487 0)
(0.53368 0.0783472 0)
(0.526881 0.101839 0)
(0.517784 0.126607 0)
(0.506575 0.152459 0)
(0.493465 0.179091 0)
(0.478622 0.206041 0)
(0.461977 0.232496 0)
(0.442804 0.256992 0)
(0.419587 0.277395 0)
(0.392753 0.293245 0)
(0.362388 0.304943 0)
(0.325683 0.312503 0)
(-0.00983466 0.0988927 0)
(0.00209729 -0.0947566 0)
(0.0291662 -0.234195 0)
(0.0641841 -0.284798 0)
(0.0945564 -0.273099 0)
(0.11933 -0.236041 0)
(0.140738 -0.198367 0)
(0.161573 -0.17046 0)
(0.183564 -0.153619 0)
(0.207125 -0.145306 0)
(0.231832 -0.142224 0)
(0.256973 -0.141622 0)
(0.281899 -0.141635 0)
(0.306171 -0.14119 0)
(0.329569 -0.139785 0)
(0.352031 -0.137262 0)
(0.373582 -0.133625 0)
(0.394268 -0.128934 0)
(0.41412 -0.123244 0)
(0.433134 -0.116576 0)
(0.451263 -0.108921 0)
(0.468427 -0.100238 0)
(0.484515 -0.0904675 0)
(0.499392 -0.0795376 0)
(0.512908 -0.0673678 0)
(0.524896 -0.0538757 0)
(0.535183 -0.0389829 0)
(0.543585 -0.0226199 0)
(0.549927 -0.00473205 0)
(0.554032 0.0147086 0)
(0.555755 0.0357073 0)
(0.554997 0.058228 0)
(0.551707 0.0821992 0)
(0.545899 0.107505 0)
(0.537659 0.133984 0)
(0.527112 0.161425 0)
(0.514376 0.189551 0)
(0.499478 0.217991 0)
(0.482251 0.246233 0)
(0.46209 0.273519 0)
(0.437128 0.298324 0)
(0.404811 0.319524 0)
(0.363041 0.33726 0)
(0.312436 0.360137 0)
(-0.00750719 0.100466 0)
(0.00658805 -0.109086 0)
(0.0338905 -0.258408 0)
(0.0671659 -0.309086 0)
(0.0951061 -0.293269 0)
(0.117837 -0.252849 0)
(0.138284 -0.214132 0)
(0.159231 -0.186912 0)
(0.182017 -0.171374 0)
(0.206621 -0.164168 0)
(0.232319 -0.161647 0)
(0.25826 -0.161046 0)
(0.283788 -0.160647 0)
(0.308523 -0.159565 0)
(0.332324 -0.157447 0)
(0.355199 -0.15422 0)
(0.377218 -0.149924 0)
(0.39845 -0.144612 0)
(0.41893 -0.138312 0)
(0.438651 -0.131015 0)
(0.457562 -0.122679 0)
(0.475575 -0.113242 0)
(0.492577 -0.102623 0)
(0.50843 -0.0907355 0)
(0.522984 -0.0774865 0)
(0.536071 -0.0627841 0)
(0.547511 -0.0465424 0)
(0.557115 -0.0286887 0)
(0.564693 -0.00917079 0)
(0.570055 0.0120317 0)
(0.573024 0.0348951 0)
(0.573463 0.0593557 0)
(0.57128 0.0852914 0)
(0.566456 0.112528 0)
(0.559042 0.140864 0)
(0.549136 0.170084 0)
(0.536812 0.199959 0)
(0.522031 0.230245 0)
(0.504539 0.260646 0)
(0.483723 0.290936 0)
(0.45834 0.320581 0)
(0.425052 0.34952 0)
(0.381817 0.376147 0)
(0.317767 0.412708 0)
(-0.00547176 0.0992237 0)
(0.0111601 -0.124384 0)
(0.0391448 -0.282494 0)
(0.0705547 -0.332079 0)
(0.0961443 -0.311969 0)
(0.117069 -0.268835 0)
(0.136864 -0.229928 0)
(0.158154 -0.204029 0)
(0.1818 -0.190092 0)
(0.20735 -0.18402 0)
(0.233841 -0.181939 0)
(0.260362 -0.18118 0)
(0.286305 -0.180249 0)
(0.311383 -0.178471 0)
(0.335544 -0.175638 0)
(0.358855 -0.171747 0)
(0.381414 -0.166849 0)
(0.403297 -0.16098 0)
(0.424533 -0.15413 0)
(0.445102 -0.146257 0)
(0.464942 -0.137287 0)
(0.483956 -0.127135 0)
(0.502022 -0.115704 0)
(0.519 -0.102892 0)
(0.53473 -0.0885929 0)
(0.549035 -0.0727044 0)
(0.561721 -0.0551311 0)
(0.572582 -0.0357948 0)
(0.581411 -0.0146431 0)
(0.587996 0.00834908 0)
(0.59216 0.0331304 0)
(0.59374 0.0596155 0)
(0.592609 0.0876235 0)
(0.588714 0.116921 0)
(0.582091 0.147267 0)
(0.572833 0.178438 0)
(0.561016 0.21026 0)
(0.546596 0.242625 0)
(0.529346 0.275446 0)
(0.508615 0.308836 0)
(0.483878 0.342932 0)
(0.451643 0.379172 0)
(0.413938 0.416414 0)
(0.345764 0.466387 0)
(-0.00373792 0.0953317 0)
(0.015881 -0.141135 0)
(0.0442618 -0.306353 0)
(0.0737837 -0.353771 0)
(0.0975401 -0.329305 0)
(0.117157 -0.284158 0)
(0.136665 -0.245886 0)
(0.158495 -0.22184 0)
(0.183016 -0.209677 0)
(0.209398 -0.204674 0)
(0.236513 -0.202877 0)
(0.263459 -0.201822 0)
(0.289724 -0.200286 0)
(0.315129 -0.197814 0)
(0.339706 -0.194321 0)
(0.363565 -0.18985 0)
(0.386815 -0.184445 0)
(0.409522 -0.178103 0)
(0.431701 -0.170779 0)
(0.453313 -0.162391 0)
(0.474284 -0.152839 0)
(0.494507 -0.142014 0)
(0.513855 -0.129805 0)
(0.532185 -0.116094 0)
(0.54933 -0.10076 0)
(0.565096 -0.0836855 0)
(0.579258 -0.0647625 0)
(0.591566 -0.0439092 0)
(0.601755 -0.0210837 0)
(0.609543 0.00371049 0)
(0.614751 0.0304895 0)
(0.61719 0.0591126 0)
(0.616731 0.08932 0)
(0.61337 0.120775 0)
(0.6072 0.153169 0)
(0.598368 0.186291 0)
(0.587013 0.220059 0)
(0.573123 0.254505 0)
(0.556551 0.289724 0)
(0.536693 0.326024 0)
(0.513667 0.363927 0)
(0.484345 0.405439 0)
(0.454306 0.451862 0)
(0.398867 0.511349 0)
(-0.00200479 0.0887387 0)
(0.0206975 -0.1591 0)
(0.0477565 -0.329511 0)
(0.0752999 -0.374396 0)
(0.0984574 -0.345804 0)
(0.117816 -0.299211 0)
(0.13761 -0.262217 0)
(0.160217 -0.240401 0)
(0.185624 -0.230075 0)
(0.212716 -0.226017 0)
(0.240288 -0.224344 0)
(0.267509 -0.22289 0)
(0.293992 -0.220734 0)
(0.319673 -0.217626 0)
(0.344648 -0.213579 0)
(0.369047 -0.208649 0)
(0.392966 -0.20285 0)
(0.416449 -0.196142 0)
(0.439489 -0.188437 0)
(0.462038 -0.179619 0)
(0.484015 -0.169562 0)
(0.505322 -0.158144 0)
(0.525853 -0.145237 0)
(0.545496 -0.130703 0)
(0.56412 -0.114395 0)
(0.581563 -0.0961586 0)
(0.597606 -0.0758515 0)
(0.611966 -0.0533654 0)
(0.624287 -0.0286645 0)
(0.6342 -0.00182312 0)
(0.641282 0.0270807 0)
(0.645123 0.0580279 0)
(0.645462 0.0907576 0)
(0.642336 0.124795 0)
(0.636041 0.159621 0)
(0.626988 0.194881 0)
(0.615561 0.23058 0)
(0.601906 0.266959 0)
(0.586003 0.304282 0)
(0.567424 0.342866 0)
(0.54666 0.383407 0)
(0.521822 0.427585 0)
(0.498167 0.47863 0)
(0.463892 0.541023 0)
(0.000139149 0.0792852 0)
(0.0255238 -0.177443 0)
(0.0488982 -0.350733 0)
(0.0736717 -0.394362 0)
(0.0974896 -0.362617 0)
(0.117981 -0.31484 0)
(0.138773 -0.279335 0)
(0.162342 -0.259848 0)
(0.188486 -0.251261 0)
(0.215939 -0.24795 0)
(0.243524 -0.246228 0)
(0.270549 -0.244299 0)
(0.296777 -0.24155 0)
(0.322248 -0.237904 0)
(0.347093 -0.233425 0)
(0.371427 -0.228154 0)
(0.39531 -0.222067 0)
(0.418756 -0.215082 0)
(0.44175 -0.207079 0)
(0.46425 -0.197919 0)
(0.486192 -0.187461 0)
(0.507511 -0.175587 0)
(0.528158 -0.162173 0)
(0.548104 -0.147071 0)
(0.567321 -0.130109 0)
(0.585766 -0.111084 0)
(0.603357 -0.0897642 0)
(0.619932 -0.0659118 0)
(0.635217 -0.0393284 0)
(0.648843 -0.00992653 0)
(0.660272 0.0216719 0)
(0.668657 0.0552099 0)
(0.673084 0.0902485 0)
(0.67295 0.1264 0)
(0.668288 0.16322 0)
(0.659758 0.200397 0)
(0.648263 0.237956 0)
(0.63441 0.276286 0)
(0.61848 0.315786 0)
(0.600521 0.356582 0)
(0.581399 0.399209 0)
(0.561025 0.444788 0)
(0.542209 0.49645 0)
(0.524774 0.557066 0)
(0.00347543 0.0662622 0)
(0.0317826 -0.195245 0)
(0.0517922 -0.369254 0)
(0.0712292 -0.414178 0)
(0.0943401 -0.381222 0)
(0.116251 -0.332255 0)
(0.138229 -0.297862 0)
(0.162503 -0.28036 0)
(0.188745 -0.273135 0)
(0.215688 -0.270215 0)
(0.242328 -0.268195 0)
(0.268189 -0.265672 0)
(0.293202 -0.262308 0)
(0.317488 -0.258139 0)
(0.341193 -0.253232 0)
(0.364402 -0.247576 0)
(0.387145 -0.241107 0)
(0.409435 -0.233716 0)
(0.431276 -0.225267 0)
(0.45266 -0.215605 0)
(0.473542 -0.204568 0)
(0.493871 -0.19207 0)
(0.51364 -0.178042 0)
(0.53284 -0.162374 0)
(0.551436 -0.14494 0)
(0.569376 -0.125588 0)
(0.586631 -0.104106 0)
(0.603248 -0.0802165 0)
(0.619364 -0.0535776 0)
(0.63484 -0.0236592 0)
(0.649779 0.0107357 0)
(0.663454 0.0488746 0)
(0.674885 0.089894 0)
(0.682844 0.132254 0)
(0.686273 0.174187 0)
(0.684841 0.214799 0)
(0.678861 0.254333 0)
(0.66875 0.293705 0)
(0.654774 0.333601 0)
(0.637614 0.373943 0)
(0.619133 0.415296 0)
(0.60136 0.459226 0)
(0.585945 0.508065 0)
(0.576928 0.564133 0)
(0.00900857 0.0472931 0)
(0.0442248 -0.214127 0)
(0.0685604 -0.385568 0)
(0.0787157 -0.431002 0)
(0.0933414 -0.399361 0)
(0.113207 -0.350306 0)
(0.135094 -0.316853 0)
(0.159221 -0.300822 0)
(0.184671 -0.294361 0)
(0.21023 -0.291322 0)
(0.235201 -0.288662 0)
(0.259397 -0.285349 0)
(0.282921 -0.281243 0)
(0.305973 -0.27643 0)
(0.328735 -0.270938 0)
(0.351303 -0.264715 0)
(0.373734 -0.257677 0)
(0.396088 -0.249709 0)
(0.418429 -0.240671 0)
(0.440797 -0.230377 0)
(0.463126 -0.218587 0)
(0.485388 -0.205265 0)
(0.5075 -0.19043 0)
(0.529171 -0.17384 0)
(0.549878 -0.15529 0)
(0.568952 -0.134619 0)
(0.585722 -0.111776 0)
(0.599864 -0.0868392 0)
(0.611668 -0.0600639 0)
(0.622462 -0.0319045 0)
(0.632796 -0.00223915 0)
(0.643118 0.0322799 0)
(0.653822 0.0702992 0)
(0.664041 0.111071 0)
(0.672664 0.153541 0)
(0.679413 0.197019 0)
(0.684067 0.241678 0)
(0.685273 0.288519 0)
(0.680753 0.336833 0)
(0.669866 0.383923 0)
(0.655194 0.428531 0)
(0.640537 0.472194 0)
(0.628197 0.51725 0)
(0.622385 0.566525 0)
(0.017229 0.0190973 0)
(0.0701255 -0.240571 0)
(0.115813 -0.398678 0)
(0.114365 -0.435014 0)
(0.105045 -0.407323 0)
(0.114197 -0.363934 0)
(0.133723 -0.333854 0)
(0.157522 -0.319548 0)
(0.182677 -0.313567 0)
(0.207834 -0.310229 0)
(0.232657 -0.307004 0)
(0.257254 -0.3032 0)
(0.28186 -0.298822 0)
(0.306774 -0.293974 0)
(0.332199 -0.288654 0)
(0.35824 -0.282771 0)
(0.384966 -0.27626 0)
(0.412491 -0.269044 0)
(0.440917 -0.261002 0)
(0.470344 -0.251958 0)
(0.500699 -0.241692 0)
(0.532344 -0.230123 0)
(0.563557 -0.216584 0)
(0.593992 -0.20073 0)
(0.623083 -0.182107 0)
(0.649985 -0.160107 0)
(0.673632 -0.13446 0)
(0.692947 -0.105391 0)
(0.706586 -0.0732697 0)
(0.713309 -0.0385904 0)
(0.714331 -0.00207993 0)
(0.710306 0.0371708 0)
(0.699239 0.0805498 0)
(0.684357 0.129151 0)
(0.6715 0.178464 0)
(0.665213 0.223464 0)
(0.667442 0.264194 0)
(0.675484 0.306485 0)
(0.682498 0.350745 0)
(0.683863 0.393396 0)
(0.680141 0.435629 0)
(0.673987 0.479187 0)
(0.667538 0.523214 0)
(0.66462 0.567344 0)
(0.0249994 -0.0281589 0)
(0.116476 -0.287043 0)
(0.199813 -0.412519 0)
(0.187595 -0.422068 0)
(0.139007 -0.39848 0)
(0.129202 -0.372488 0)
(0.146452 -0.352822 0)
(0.172075 -0.341935 0)
(0.199845 -0.336821 0)
(0.228143 -0.333815 0)
(0.256725 -0.33102 0)
(0.285758 -0.327964 0)
(0.315454 -0.324746 0)
(0.346137 -0.321431 0)
(0.377843 -0.31788 0)
(0.410543 -0.313864 0)
(0.44418 -0.30929 0)
(0.478655 -0.304108 0)
(0.513673 -0.298171 0)
(0.548606 -0.291203 0)
(0.581627 -0.282673 0)
(0.609842 -0.271197 0)
(0.636602 -0.257138 0)
(0.661567 -0.24009 0)
(0.68567 -0.219564 0)
(0.711578 -0.195539 0)
(0.743584 -0.167941 0)
(0.78472 -0.136147 0)
(0.834525 -0.0996303 0)
(0.888957 -0.058396 0)
(0.941994 -0.0135355 0)
(0.978734 0.0260842 0)
(0.991113 0.0647461 0)
(0.978103 0.101146 0)
(0.941693 0.135165 0)
(0.886688 0.172349 0)
(0.826578 0.215009 0)
(0.770382 0.272402 0)
(0.723233 0.340076 0)
(0.691002 0.398409 0)
(0.67808 0.44468 0)
(0.678208 0.484828 0)
(0.682786 0.523111 0)
(0.689365 0.562265 0)
(0.034833 -0.104973 0)
(0.178041 -0.372491 0)
(0.29209 -0.451555 0)
(0.272354 -0.399149 0)
(0.189495 -0.373155 0)
(0.16678 -0.376863 0)
(0.184646 -0.377022 0)
(0.211709 -0.371832 0)
(0.240511 -0.367585 0)
(0.270362 -0.364918 0)
(0.30091 -0.362629 0)
(0.332083 -0.360184 0)
(0.363891 -0.357449 0)
(0.395764 -0.354249 0)
(0.427326 -0.350226 0)
(0.457948 -0.345337 0)
(0.487356 -0.339479 0)
(0.513904 -0.332013 0)
(0.533875 -0.322053 0)
(0.539464 -0.307429 0)
(0.500226 -0.280751 0)
(0.439301 -0.255523 0)
(0.422178 -0.242527 0)
(0.393079 -0.220465 0)
(0.352395 -0.193394 0)
(0.310733 -0.170007 0)
(0.28663 -0.1525 0)
(0.296998 -0.136094 0)
(0.349555 -0.116238 0)
(0.440259 -0.0899096 0)
(0.557258 -0.0548815 0)
(0.682842 0.00701791 0)
(0.83973 0.0782005 0)
(0.995592 0.157295 0)
(1.05263 0.226421 0)
(1.03765 0.277466 0)
(0.99124 0.310113 0)
(0.939199 0.340856 0)
(0.882673 0.373672 0)
(0.825064 0.399031 0)
(0.768424 0.43608 0)
(0.726677 0.482404 0)
(0.705523 0.524546 0)
(0.704131 0.558833 0)
(0.0591074 -0.210833 0)
(0.21703 -0.500763 0)
(0.32723 -0.520346 0)
(0.294674 -0.332283 0)
(0.224934 -0.312926 0)
(0.214249 -0.361797 0)
(0.225766 -0.388201 0)
(0.227283 -0.387428 0)
(0.235967 -0.384846 0)
(0.248591 -0.383068 0)
(0.265718 -0.38037 0)
(0.282498 -0.376391 0)
(0.29779 -0.370547 0)
(0.307557 -0.36282 0)
(0.311507 -0.353469 0)
(0.30918 -0.343694 0)
(0.302643 -0.333068 0)
(0.291819 -0.31877 0)
(0.276496 -0.296853 0)
(0.261839 -0.25732 0)
(0.253355 -0.216248 0)
(0.244012 -0.198038 0)
(0.219196 -0.188173 0)
(0.182363 -0.167746 0)
(0.147828 -0.148198 0)
(0.120535 -0.140028 0)
(0.112882 -0.156851 0)
(0.143644 -0.18753 0)
(0.223529 -0.218039 0)
(0.334135 -0.230348 0)
(0.452209 -0.210466 0)
(0.584071 -0.17547 0)
(0.727682 -0.12197 0)
(0.877711 0.00908083 0)
(1.02142 0.195522 0)
(1.07901 0.313489 0)
(1.071 0.368082 0)
(1.00791 0.398967 0)
(0.966864 0.439252 0)
(0.939232 0.457806 0)
(0.905887 0.480158 0)
(0.856479 0.500775 0)
(0.8034 0.519018 0)
(0.763527 0.549484 0)
(0.747134 0.581061 0)
(0.0652304 -0.327805 0)
(0.17236 -0.612435 0)
(0.161934 -0.513959 0)
(0.157664 -0.306455 0)
(0.154488 -0.297101 0)
(0.152165 -0.358454 0)
(0.146025 -0.374848 0)
(0.145919 -0.370678 0)
(0.151614 -0.370951 0)
(0.156851 -0.372161 0)
(0.160922 -0.371137 0)
(0.16409 -0.368581 0)
(0.166316 -0.362807 0)
(0.168083 -0.35509 0)
(0.169324 -0.346713 0)
(0.169171 -0.337774 0)
(0.165913 -0.326767 0)
(0.158886 -0.311596 0)
(0.148785 -0.290933 0)
(0.138084 -0.263623 0)
(0.128624 -0.233715 0)
(0.117596 -0.207109 0)
(0.102605 -0.186491 0)
(0.0891981 -0.168194 0)
(0.0825673 -0.154483 0)
(0.0770016 -0.151484 0)
(0.100114 -0.1914 0)
(0.173761 -0.259736 0)
(0.305436 -0.32201 0)
(0.428849 -0.336248 0)
(0.536265 -0.31562 0)
(0.662397 -0.282551 0)
(0.772313 -0.225178 0)
(0.889413 -0.125595 0)
(0.99642 0.0378246 0)
(1.12516 0.232526 0)
(1.21003 0.371284 0)
(1.2285 0.486523 0)
(1.15408 0.513692 0)
(1.07379 0.510333 0)
(0.978123 0.530354 0)
(0.938297 0.555879 0)
(0.9075 0.565768 0)
(0.871584 0.570981 0)
(0.8356 0.568712 0)
(-0.0349151 -0.47959 0)
(0.021759 -0.586471 0)
(-0.100869 -0.302515 0)
(-0.0477962 -0.345101 0)
(0.0354749 -0.353379 0)
(0.0760341 -0.371534 0)
(0.082559 -0.381913 0)
(0.0835225 -0.384918 0)
(0.0875778 -0.386716 0)
(0.0924634 -0.387435 0)
(0.0966976 -0.38612 0)
(0.100278 -0.382364 0)
(0.103435 -0.376001 0)
(0.106439 -0.367374 0)
(0.109373 -0.356683 0)
(0.111905 -0.34417 0)
(0.113335 -0.329275 0)
(0.112969 -0.310811 0)
(0.111233 -0.288285 0)
(0.109739 -0.261215 0)
(0.108619 -0.230242 0)
(0.107081 -0.201542 0)
(0.108186 -0.181454 0)
(0.117134 -0.168557 0)
(0.133552 -0.158546 0)
(0.140041 -0.160941 0)
(0.209796 -0.249358 0)
(0.308916 -0.36026 0)
(0.398764 -0.421637 0)
(0.466131 -0.424547 0)
(0.52825 -0.398908 0)
(0.587825 -0.359691 0)
(0.649973 -0.302066 0)
(0.725452 -0.210999 0)
(0.836748 -0.0780269 0)
(0.985751 0.0783319 0)
(1.10774 0.252579 0)
(1.24469 0.420705 0)
(1.34487 0.53972 0)
(1.36153 0.602987 0)
(1.28508 0.673307 0)
(1.1496 0.634614 0)
(1.00782 0.617014 0)
(0.946414 0.620535 0)
(0.917387 0.606688 0)
(-0.0570413 -0.342822 0)
(-0.151762 -0.475792 0)
(-0.12101 -0.497571 0)
(-0.0328415 -0.428992 0)
(0.00486522 -0.395661 0)
(0.0409208 -0.387211 0)
(0.055234 -0.388365 0)
(0.0624322 -0.390401 0)
(0.0696593 -0.392049 0)
(0.0774151 -0.392339 0)
(0.084889 -0.390362 0)
(0.0920022 -0.385954 0)
(0.0989645 -0.379224 0)
(0.10597 -0.370516 0)
(0.113046 -0.360085 0)
(0.120064 -0.347649 0)
(0.126614 -0.332222 0)
(0.132062 -0.313018 0)
(0.136692 -0.290528 0)
(0.1418 -0.264308 0)
(0.147274 -0.233972 0)
(0.153014 -0.206445 0)
(0.163277 -0.190893 0)
(0.184233 -0.185034 0)
(0.217991 -0.180649 0)
(0.249573 -0.203762 0)
(0.351152 -0.332593 0)
(0.386348 -0.420307 0)
(0.396971 -0.455611 0)
(0.413512 -0.451596 0)
(0.432228 -0.426025 0)
(0.449489 -0.385632 0)
(0.468562 -0.330969 0)
(0.484988 -0.247952 0)
(0.484258 -0.124721 0)
(0.536255 0.0265524 0)
(0.694475 0.15139 0)
(0.926001 0.26076 0)
(1.19275 0.393892 0)
(1.42377 0.541332 0)
(1.57089 0.697587 0)
(1.57283 0.76315 0)
(1.4574 0.77941 0)
(1.2624 0.715811 0)
(1.09553 0.662425 0)
(-0.0802688 -0.26973 0)
(-0.0876565 -0.510532 0)
(-0.0686081 -0.505953 0)
(-0.0253144 -0.465746 0)
(0.00298433 -0.424882 0)
(0.0300097 -0.406626 0)
(0.0465871 -0.400444 0)
(0.059464 -0.399546 0)
(0.0714503 -0.400337 0)
(0.082806 -0.400328 0)
(0.0933201 -0.398154 0)
(0.103179 -0.393618 0)
(0.112667 -0.386938 0)
(0.122024 -0.378363 0)
(0.131368 -0.367953 0)
(0.140646 -0.355256 0)
(0.14964 -0.339186 0)
(0.158069 -0.319216 0)
(0.166235 -0.296571 0)
(0.175298 -0.270968 0)
(0.186033 -0.241311 0)
(0.198924 -0.215728 0)
(0.217607 -0.206731 0)
(0.247276 -0.212448 0)
(0.29121 -0.222616 0)
(0.34618 -0.260619 0)
(0.388189 -0.344625 0)
(0.397532 -0.420465 0)
(0.379758 -0.452818 0)
(0.359034 -0.446261 0)
(0.333923 -0.411463 0)
(0.314514 -0.364751 0)
(0.30808 -0.307881 0)
(0.309038 -0.228486 0)
(0.315057 -0.136017 0)
(0.400549 -0.088412 0)
(0.549684 -0.0574345 0)
(0.732824 0.0105258 0)
(0.95471 0.137422 0)
(1.22032 0.307225 0)
(1.51955 0.513377 0)
(1.76163 0.715232 0)
(1.87214 0.861547 0)
(1.80839 0.902584 0)
(1.6223 0.850229 0)
(-0.0721255 -0.220704 0)
(-0.0568226 -0.501049 0)
(-0.0555415 -0.529759 0)
(-0.0181084 -0.489455 0)
(0.00296916 -0.44676 0)
(0.0262431 -0.423551 0)
(0.043885 -0.414666 0)
(0.0597724 -0.412664 0)
(0.0745336 -0.412389 0)
(0.088008 -0.411221 0)
(0.100158 -0.408106 0)
(0.111356 -0.402932 0)
(0.122038 -0.395909 0)
(0.132537 -0.3872 0)
(0.143047 -0.376726 0)
(0.153634 -0.363894 0)
(0.164349 -0.347604 0)
(0.175409 -0.327513 0)
(0.187189 -0.305383 0)
(0.200601 -0.281625 0)
(0.217597 -0.255091 0)
(0.239598 -0.233805 0)
(0.269139 -0.231649 0)
(0.303755 -0.246578 0)
(0.343514 -0.26781 0)
(0.38197 -0.292603 0)
(0.394505 -0.340053 0)
(0.387338 -0.394959 0)
(0.356523 -0.417168 0)
(0.33505 -0.415763 0)
(0.335003 -0.40186 0)
(0.346906 -0.375733 0)
(0.364542 -0.33184 0)
(0.393042 -0.268137 0)
(0.430259 -0.205158 0)
(0.530695 -0.202378 0)
(0.630683 -0.194144 0)
(0.720035 -0.142456 0)
(0.856578 -0.0701256 0)
(1.05449 0.0443949 0)
(1.28581 0.229832 0)
(1.59425 0.480707 0)
(1.88576 0.732243 0)
(2.05673 0.926916 0)
(2.05805 1.01241 0)
(-0.0601159 -0.168952 0)
(-0.0508725 -0.502264 0)
(-0.045244 -0.55258 0)
(-0.0110579 -0.512714 0)
(0.00586534 -0.465923 0)
(0.0264617 -0.440192 0)
(0.044301 -0.430051 0)
(0.0611404 -0.427085 0)
(0.0768143 -0.425592 0)
(0.0910966 -0.423091 0)
(0.104086 -0.418888 0)
(0.116203 -0.413025 0)
(0.127896 -0.405694 0)
(0.139513 -0.396946 0)
(0.151285 -0.38658 0)
(0.163397 -0.373992 0)
(0.176167 -0.358249 0)
(0.190244 -0.339118 0)
(0.206114 -0.318448 0)
(0.224258 -0.297637 0)
(0.246942 -0.276432 0)
(0.276165 -0.261006 0)
(0.312404 -0.262366 0)
(0.346113 -0.277453 0)
(0.375344 -0.296799 0)
(0.400068 -0.317265 0)
(0.420575 -0.349574 0)
(0.425083 -0.385034 0)
(0.417534 -0.40882 0)
(0.409866 -0.419333 0)
(0.406215 -0.414137 0)
(0.407605 -0.391558 0)
(0.419323 -0.353807 0)
(0.449384 -0.304853 0)
(0.502979 -0.258741 0)
(0.558083 -0.229186 0)
(0.617231 -0.209793 0)
(0.701925 -0.20317 0)
(0.790656 -0.172626 0)
(0.905754 -0.105012 0)
(1.09434 -0.000196048 0)
(1.35273 0.187921 0)
(1.64025 0.45789 0)
(1.92882 0.758417 0)
(2.108 0.98683 0)
(-0.0482647 -0.126699 0)
(-0.0383314 -0.505722 0)
(-0.0321154 -0.572215 0)
(-0.00360198 -0.532336 0)
(0.0111248 -0.482888 0)
(0.029575 -0.456149 0)
(0.0472307 -0.445633 0)
(0.0642233 -0.441893 0)
(0.0801049 -0.439229 0)
(0.0947489 -0.43555 0)
(0.108373 -0.430479 0)
(0.12138 -0.424137 0)
(0.134145 -0.416657 0)
(0.146958 -0.408009 0)
(0.160052 -0.397955 0)
(0.173712 -0.385983 0)
(0.188439 -0.371418 0)
(0.205092 -0.354104 0)
(0.22429 -0.335557 0)
(0.246181 -0.317839 0)
(0.272086 -0.302062 0)
(0.303407 -0.29173 0)
(0.338315 -0.292482 0)
(0.370634 -0.302979 0)
(0.395262 -0.31785 0)
(0.417395 -0.337657 0)
(0.437708 -0.363698 0)
(0.450762 -0.39112 0)
(0.454116 -0.410032 0)
(0.45129 -0.415895 0)
(0.446935 -0.408976 0)
(0.445324 -0.391387 0)
(0.453036 -0.36663 0)
(0.474945 -0.336968 0)
(0.513783 -0.308476 0)
(0.565201 -0.291412 0)
(0.619735 -0.277043 0)
(0.670271 -0.250671 0)
(0.746848 -0.234285 0)
(0.865523 -0.228962 0)
(0.989692 -0.167025 0)
(1.17046 -0.028924 0)
(1.40885 0.208241 0)
(1.66089 0.514627 0)
(1.89996 0.830903 0)
(-0.0355041 -0.0947954 0)
(-0.0231648 -0.509431 0)
(-0.0181204 -0.589069 0)
(0.00528946 -0.548693 0)
(0.0183222 -0.498304 0)
(0.0348808 -0.471529 0)
(0.0519662 -0.461102 0)
(0.0687009 -0.456773 0)
(0.0845167 -0.453126 0)
(0.0993648 -0.448527 0)
(0.113496 -0.442842 0)
(0.127248 -0.436214 0)
(0.140917 -0.428712 0)
(0.154739 -0.420259 0)
(0.168943 -0.410647 0)
(0.183861 -0.399517 0)
(0.200057 -0.386456 0)
(0.218378 -0.371398 0)
(0.239539 -0.355404 0)
(0.263638 -0.340486 0)
(0.29075 -0.328484 0)
(0.321147 -0.321413 0)
(0.353041 -0.321349 0)
(0.383006 -0.327991 0)
(0.409595 -0.340194 0)
(0.432838 -0.357263 0)
(0.451701 -0.377895 0)
(0.463931 -0.397791 0)
(0.468891 -0.410816 0)
(0.469088 -0.413832 0)
(0.468225 -0.407408 0)
(0.469805 -0.394233 0)
(0.477762 -0.377623 0)
(0.493923 -0.359411 0)
(0.52049 -0.344033 0)
(0.555343 -0.334818 0)
(0.597408 -0.330463 0)
(0.652902 -0.326971 0)
(0.713052 -0.31594 0)
(0.792559 -0.308424 0)
(0.91847 -0.29229 0)
(1.05247 -0.189793 0)
(1.23151 0.0156353 0)
(1.43399 0.316865 0)
(1.62848 0.644255 0)
(-0.0220153 -0.0748429 0)
(-0.00824034 -0.514457 0)
(-0.00345267 -0.602994 0)
(0.0145657 -0.562224 0)
(0.0265131 -0.512079 0)
(0.0413872 -0.486139 0)
(0.0576008 -0.476157 0)
(0.0738192 -0.471476 0)
(0.0894023 -0.467116 0)
(0.104329 -0.461878 0)
(0.118829 -0.45581 0)
(0.133162 -0.449059 0)
(0.147551 -0.441641 0)
(0.162187 -0.433471 0)
(0.177288 -0.424399 0)
(0.193178 -0.41422 0)
(0.210369 -0.402737 0)
(0.229577 -0.389984 0)
(0.251484 -0.376674 0)
(0.276256 -0.364321 0)
(0.303473 -0.354647 0)
(0.332497 -0.349175 0)
(0.362226 -0.349089 0)
(0.390951 -0.354301 0)
(0.417142 -0.363722 0)
(0.439713 -0.376482 0)
(0.45745 -0.391226 0)
(0.469236 -0.404979 0)
(0.475356 -0.413826 0)
(0.478207 -0.415356 0)
(0.481085 -0.409903 0)
(0.486502 -0.399878 0)
(0.496312 -0.388225 0)
(0.511375 -0.376477 0)
(0.531851 -0.366452 0)
(0.556273 -0.361237 0)
(0.583549 -0.363538 0)
(0.616447 -0.371893 0)
(0.666028 -0.383386 0)
(0.718375 -0.390632 0)
(0.805393 -0.395712 0)
(0.926335 -0.326472 0)
(1.06976 -0.134878 0)
(1.23623 0.155169 0)
(1.38998 0.488406 0)
(-0.00962051 -0.0674499 0)
(0.00547227 -0.520635 0)
(0.0109592 -0.614837 0)
(0.0235647 -0.572949 0)
(0.0346211 -0.524225 0)
(0.048273 -0.499924 0)
(0.0635941 -0.490688 0)
(0.0792282 -0.485895 0)
(0.0945274 -0.481106 0)
(0.109467 -0.475507 0)
(0.124234 -0.469274 0)
(0.139018 -0.46255 0)
(0.153983 -0.455325 0)
(0.169286 -0.447519 0)
(0.185115 -0.439044 0)
(0.201741 -0.429817 0)
(0.219564 -0.419796 0)
(0.239121 -0.409103 0)
(0.260946 -0.398238 0)
(0.285234 -0.38821 0)
(0.311616 -0.380289 0)
(0.339284 -0.375672 0)
(0.367141 -0.37516 0)
(0.39389 -0.378702 0)
(0.418344 -0.385525 0)
(0.439554 -0.39462 0)
(0.456636 -0.404612 0)
(0.46902 -0.413461 0)
(0.477207 -0.418868 0)
(0.483092 -0.419424 0)
(0.489204 -0.415305 0)
(0.497432 -0.407995 0)
(0.508413 -0.399488 0)
(0.522775 -0.391409 0)
(0.539787 -0.384384 0)
(0.55897 -0.380762 0)
(0.579285 -0.384251 0)
(0.598943 -0.397833 0)
(0.62212 -0.420403 0)
(0.653955 -0.447535 0)
(0.691116 -0.468202 0)
(0.779592 -0.436142 0)
(0.89485 -0.26325 0)
(1.04317 0.0244498 0)
(1.17771 0.367651 0)
(-0.00079366 -0.071905 0)
(0.0165841 -0.527975 0)
(0.0238152 -0.625015 0)
(0.0319669 -0.581643 0)
(0.0420982 -0.535081 0)
(0.0549908 -0.51301 0)
(0.0695951 -0.504756 0)
(0.084704 -0.500057 0)
(0.0997444 -0.495089 0)
(0.114681 -0.489367 0)
(0.129652 -0.483154 0)
(0.144791 -0.47659 0)
(0.160215 -0.469652 0)
(0.176049 -0.462277 0)
(0.192445 -0.454419 0)
(0.209607 -0.446076 0)
(0.227815 -0.437307 0)
(0.247422 -0.428285 0)
(0.268778 -0.419393 0)
(0.292034 -0.411293 0)
(0.316952 -0.40482 0)
(0.342874 -0.400771 0)
(0.368833 -0.39969 0)
(0.393732 -0.401624 0)
(0.416583 -0.406032 0)
(0.436641 -0.411977 0)
(0.453391 -0.418276 0)
(0.466684 -0.42356 0)
(0.477061 -0.426524 0)
(0.485806 -0.426381 0)
(0.494519 -0.423168 0)
(0.504453 -0.417697 0)
(0.51608 -0.411253 0)
(0.52922 -0.404876 0)
(0.543866 -0.399563 0)
(0.559786 -0.396888 0)
(0.575699 -0.39908 0)
(0.589121 -0.409689 0)
(0.596713 -0.432299 0)
(0.603291 -0.466922 0)
(0.600108 -0.504155 0)
(0.627333 -0.510454 0)
(0.711457 -0.373235 0)
(0.842986 -0.0911659 0)
(0.972553 0.263315 0)
(0.00528649 -0.0843494 0)
(0.0246301 -0.538256 0)
(0.0337367 -0.633718 0)
(0.0394102 -0.589218 0)
(0.0487278 -0.545223 0)
(0.0612061 -0.525614 0)
(0.0753226 -0.51847 0)
(0.0900301 -0.514031 0)
(0.104877 -0.509092 0)
(0.119826 -0.503442 0)
(0.134967 -0.497398 0)
(0.15039 -0.491098 0)
(0.166177 -0.484521 0)
(0.182421 -0.477619 0)
(0.199241 -0.470377 0)
(0.216782 -0.462836 0)
(0.235223 -0.455101 0)
(0.254768 -0.447364 0)
(0.275603 -0.439939 0)
(0.297793 -0.433269 0)
(0.321166 -0.427876 0)
(0.345255 -0.424248 0)
(0.369351 -0.422716 0)
(0.392614 -0.423302 0)
(0.414235 -0.425627 0)
(0.43361 -0.428985 0)
(0.450434 -0.432506 0)
(0.464752 -0.435279 0)
(0.476999 -0.436496 0)
(0.487953 -0.435653 0)
(0.498531 -0.432718 0)
(0.509493 -0.428127 0)
(0.521198 -0.422655 0)
(0.53358 -0.41721 0)
(0.546406 -0.412636 0)
(0.559313 -0.409964 0)
(0.571407 -0.4105 0)
(0.580751 -0.41615 0)
(0.583224 -0.430407 0)
(0.574154 -0.456908 0)
(0.552617 -0.497444 0)
(0.512565 -0.527581 0)
(0.544491 -0.455866 0)
(0.646543 -0.205969 0)
(0.79749 0.151887 0)
(0.00961954 -0.101801 0)
(0.0299403 -0.551509 0)
(0.0405734 -0.641431 0)
(0.0454986 -0.596299 0)
(0.0544361 -0.555139 0)
(0.0667451 -0.537993 0)
(0.0805916 -0.531981 0)
(0.0950517 -0.527919 0)
(0.109794 -0.523168 0)
(0.124787 -0.517735 0)
(0.140087 -0.511972 0)
(0.155747 -0.506013 0)
(0.171821 -0.499849 0)
(0.188379 -0.493444 0)
(0.205508 -0.486804 0)
(0.223307 -0.479985 0)
(0.241885 -0.473106 0)
(0.261342 -0.46635 0)
(0.281749 -0.459972 0)
(0.30309 -0.454284 0)
(0.325212 -0.449619 0)
(0.347787 -0.44626 0)
(0.370325 -0.444374 0)
(0.39223 -0.44393 0)
(0.412907 -0.444649 0)
(0.431908 -0.446041 0)
(0.449018 -0.447506 0)
(0.464271 -0.448422 0)
(0.477933 -0.448239 0)
(0.490448 -0.446598 0)
(0.502337 -0.44344 0)
(0.514051 -0.439022 0)
(0.525823 -0.433837 0)
(0.537596 -0.428505 0)
(0.549062 -0.423713 0)
(0.559689 -0.420232 0)
(0.568598 -0.418833 0)
(0.574355 -0.420207 0)
(0.57434 -0.425484 0)
(0.562937 -0.437267 0)
(0.534141 -0.460158 0)
(0.475186 -0.492534 0)
(0.414096 -0.486745 0)
(0.474129 -0.309603 0)
(0.615809 0.0123978 0)
(0.01232 -0.122332 0)
(0.0330462 -0.567136 0)
(0.0449226 -0.64891 0)
(0.0501421 -0.603378 0)
(0.0591921 -0.565195 0)
(0.0715471 -0.550387 0)
(0.0853124 -0.545454 0)
(0.0996773 -0.541835 0)
(0.114408 -0.537383 0)
(0.129487 -0.532268 0)
(0.144946 -0.526861 0)
(0.160815 -0.521296 0)
(0.177125 -0.515572 0)
(0.193924 -0.509671 0)
(0.211273 -0.503607 0)
(0.22924 -0.497442 0)
(0.247884 -0.491286 0)
(0.267247 -0.485296 0)
(0.287329 -0.479674 0)
(0.308068 -0.474648 0)
(0.329314 -0.470437 0)
(0.350815 -0.467205 0)
(0.372223 -0.465018 0)
(0.393132 -0.463804 0)
(0.413139 -0.463344 0)
(0.431924 -0.463287 0)
(0.449314 -0.463211 0)
(0.465291 -0.462677 0)
(0.479984 -0.461296 0)
(0.493638 -0.458804 0)
(0.506549 -0.455135 0)
(0.518964 -0.450434 0)
(0.530984 -0.445002 0)
(0.542504 -0.439229 0)
(0.553179 -0.433562 0)
(0.562395 -0.428475 0)
(0.569223 -0.424415 0)
(0.572367 -0.421657 0)
(0.570044 -0.420157 0)
(0.559416 -0.419688 0)
(0.534022 -0.420612 0)
(0.485379 -0.426991 0)
(0.39725 -0.430121 0)
(0.323301 -0.374466 0)
(0.426942 -0.14008 0)
(0.0137099 -0.144775 0)
(0.0345444 -0.5843 0)
(0.047418 -0.656771 0)
(0.0534772 -0.610933 0)
(0.0630331 -0.575672 0)
(0.0756224 -0.562991 0)
(0.0894619 -0.55904 0)
(0.103864 -0.555889 0)
(0.11867 -0.551802 0)
(0.133877 -0.547069 0)
(0.149504 -0.542065 0)
(0.165564 -0.536922 0)
(0.182075 -0.531649 0)
(0.199066 -0.526241 0)
(0.216576 -0.52072 0)
(0.234647 -0.515144 0)
(0.253309 -0.509607 0)
(0.272571 -0.504237 0)
(0.2924 -0.499189 0)
(0.312716 -0.494626 0)
(0.333374 -0.490695 0)
(0.354168 -0.48749 0)
(0.374838 -0.485025 0)
(0.3951 -0.483215 0)
(0.414677 -0.481877 0)
(0.433347 -0.480741 0)
(0.450966 -0.479491 0)
(0.467493 -0.477804 0)
(0.482976 -0.475393 0)
(0.497541 -0.472063 0)
(0.511338 -0.467738 0)
(0.524475 -0.462476 0)
(0.536945 -0.456434 0)
(0.54859 -0.449821 0)
(0.559064 -0.442855 0)
(0.567787 -0.435731 0)
(0.573893 -0.42858 0)
(0.576195 -0.421361 0)
(0.573168 -0.413725 0)
(0.562948 -0.40467 0)
(0.543154 -0.392179 0)
(0.508534 -0.37288 0)
(0.450311 -0.345888 0)
(0.356186 -0.304082 0)
(0.27943 -0.201414 0)
(0.0141757 -0.16808 0)
(0.0349137 -0.602347 0)
(0.0486007 -0.665411 0)
(0.0557787 -0.619316 0)
(0.0660685 -0.586759 0)
(0.0790287 -0.575952 0)
(0.0930626 -0.572869 0)
(0.107606 -0.570179 0)
(0.12256 -0.566487 0)
(0.137932 -0.562165 0)
(0.153738 -0.557585 0)
(0.169982 -0.552875 0)
(0.186671 -0.54805 0)
(0.203821 -0.543116 0)
(0.221456 -0.538099 0)
(0.239596 -0.533051 0)
(0.258253 -0.52805 0)
(0.277417 -0.523196 0)
(0.297043 -0.518603 0)
(0.317048 -0.514386 0)
(0.337302 -0.510639 0)
(0.357636 -0.507416 0)
(0.377849 -0.504703 0)
(0.397728 -0.502417 0)
(0.417077 -0.5004 0)
(0.43573 -0.498436 0)
(0.453577 -0.496274 0)
(0.470573 -0.493665 0)
(0.486725 -0.490385 0)
(0.502085 -0.486272 0)
(0.516708 -0.481238 0)
(0.530614 -0.47527 0)
(0.543738 -0.468415 0)
(0.555894 -0.460739 0)
(0.566758 -0.45229 0)
(0.575837 -0.44305 0)
(0.582429 -0.432889 0)
(0.5856 -0.421475 0)
(0.58416 -0.408152 0)
(0.5767 -0.391788 0)
(0.561786 -0.370492 0)
(0.538494 -0.341191 0)
(0.505882 -0.298356 0)
(0.461646 -0.234959 0)
(0.4046 -0.141186 0)
(0.0140331 -0.191549 0)
(0.0345639 -0.620925 0)
(0.0489299 -0.675009 0)
(0.0573186 -0.628709 0)
(0.0684374 -0.598567 0)
(0.0818498 -0.589374 0)
(0.0961628 -0.587037 0)
(0.110924 -0.584779 0)
(0.126078 -0.581486 0)
(0.141644 -0.577583 0)
(0.157639 -0.573431 0)
(0.174063 -0.56915 0)
(0.190918 -0.564762 0)
(0.20821 -0.560277 0)
(0.22595 -0.555725 0)
(0.244146 -0.55115 0)
(0.262797 -0.546616 0)
(0.281881 -0.542198 0)
(0.301353 -0.537978 0)
(0.321134 -0.534034 0)
(0.341112 -0.530426 0)
(0.36115 -0.527176 0)
(0.38109 -0.52426 0)
(0.400771 -0.521597 0)
(0.420043 -0.51905 0)
(0.438783 -0.51644 0)
(0.456904 -0.513564 0)
(0.474362 -0.510216 0)
(0.491146 -0.50621 0)
(0.507262 -0.501396 0)
(0.522715 -0.495667 0)
(0.537476 -0.48896 0)
(0.551458 -0.481236 0)
(0.564484 -0.472453 0)
(0.576275 -0.462533 0)
(0.586434 -0.451316 0)
(0.594439 -0.438506 0)
(0.599638 -0.423604 0)
(0.60127 -0.405806 0)
(0.598524 -0.383866 0)
(0.590676 -0.355892 0)
(0.57737 -0.319146 0)
(0.559333 -0.269985 0)
(0.539404 -0.203513 0)
(0.523001 -0.113557 0)
(0.0135328 -0.214749 0)
(0.033814 -0.639825 0)
(0.0487565 -0.685629 0)
(0.0583261 -0.63917 0)
(0.0702785 -0.611142 0)
(0.0841784 -0.603321 0)
(0.0988217 -0.601614 0)
(0.113849 -0.599749 0)
(0.129238 -0.59684 0)
(0.145019 -0.593345 0)
(0.16121 -0.58961 0)
(0.177813 -0.585747 0)
(0.194825 -0.581778 0)
(0.212248 -0.577717 0)
(0.230087 -0.573592 0)
(0.24834 -0.569445 0)
(0.266998 -0.565323 0)
(0.286035 -0.561282 0)
(0.305406 -0.557379 0)
(0.325043 -0.553665 0)
(0.344852 -0.550174 0)
(0.364722 -0.54691 0)
(0.384528 -0.543841 0)
(0.404147 -0.54089 0)
(0.423464 -0.537939 0)
(0.442385 -0.534836 0)
(0.460842 -0.531408 0)
(0.478796 -0.527477 0)
(0.496223 -0.522877 0)
(0.513113 -0.517462 0)
(0.529445 -0.511108 0)
(0.545173 -0.503711 0)
(0.56021 -0.495172 0)
(0.574407 -0.485373 0)
(0.587549 -0.474147 0)
(0.599343 -0.461241 0)
(0.60943 -0.446277 0)
(0.617401 -0.428685 0)
(0.622842 -0.40764 0)
(0.625412 -0.381984 0)
(0.624995 -0.35015 0)
(0.62196 -0.310093 0)
(0.617532 -0.259265 0)
(0.61434 -0.19489 0)
(0.617084 -0.114712 0)
(0.0128622 -0.237453 0)
(0.032894 -0.65894 0)
(0.0483278 -0.697256 0)
(0.0589776 -0.650675 0)
(0.0717141 -0.624486 0)
(0.0861028 -0.617822 0)
(0.101099 -0.616643 0)
(0.116418 -0.615123 0)
(0.132061 -0.612572 0)
(0.148068 -0.609466 0)
(0.16446 -0.60613 0)
(0.181239 -0.602666 0)
(0.198404 -0.599095 0)
(0.215955 -0.595433 0)
(0.233892 -0.591706 0)
(0.252209 -0.587947 0)
(0.270892 -0.584196 0)
(0.289918 -0.580492 0)
(0.309243 -0.576873 0)
(0.328811 -0.573367 0)
(0.348545 -0.569991 0)
(0.368354 -0.566738 0)
(0.388142 -0.56357 0)
(0.407812 -0.560415 0)
(0.427277 -0.557171 0)
(0.446465 -0.553704 0)
(0.465324 -0.549864 0)
(0.48382 -0.545492 0)
(0.50193 -0.540431 0)
(0.519636 -0.534535 0)
(0.536915 -0.527667 0)
(0.553721 -0.519693 0)
(0.569982 -0.510471 0)
(0.585587 -0.499832 0)
(0.600385 -0.487557 0)
(0.614189 -0.473347 0)
(0.626782 -0.456786 0)
(0.637955 -0.437311 0)
(0.647545 -0.414163 0)
(0.65553 -0.386352 0)
(0.662145 -0.352626 0)
(0.668065 -0.311499 0)
(0.674634 -0.261382 0)
(0.684136 -0.200868 0)
(0.699886 -0.12926 0)
(0.01215 -0.25957 0)
(0.0319553 -0.678216 0)
(0.0478047 -0.70982 0)
(0.0594013 -0.663145 0)
(0.0728449 -0.638563 0)
(0.0877004 -0.632882 0)
(0.103051 -0.63214 0)
(0.118668 -0.63092 0)
(0.134571 -0.628695 0)
(0.150807 -0.625951 0)
(0.167398 -0.622992 0)
(0.184352 -0.619905 0)
(0.201668 -0.616712 0)
(0.219345 -0.613426 0)
(0.237382 -0.610071 0)
(0.255773 -0.606675 0)
(0.274503 -0.603267 0)
(0.29355 -0.599873 0)
(0.312878 -0.596519 0)
(0.332441 -0.593217 0)
(0.352175 -0.589971 0)
(0.372011 -0.586763 0)
(0.391876 -0.583556 0)
(0.411693 -0.58028 0)
(0.431394 -0.576843 0)
(0.450927 -0.573129 0)
(0.47025 -0.569004 0)
(0.489339 -0.564321 0)
(0.508176 -0.558932 0)
(0.526748 -0.552689 0)
(0.545038 -0.545445 0)
(0.563015 -0.537047 0)
(0.58063 -0.527328 0)
(0.597814 -0.516087 0)
(0.614477 -0.503077 0)
(0.630521 -0.487984 0)
(0.64585 -0.470399 0)
(0.660402 -0.449797 0)
(0.674192 -0.425521 0)
(0.687378 -0.396772 0)
(0.700356 -0.362627 0)
(0.713867 -0.322091 0)
(0.729114 -0.274226 0)
(0.747857 -0.218402 0)
(0.772323 -0.15467 0)
(0.0114794 -0.2811 0)
(0.0310927 -0.697639 0)
(0.047284 -0.723228 0)
(0.059685 -0.676486 0)
(0.0737484 -0.653326 0)
(0.0890351 -0.648486 0)
(0.104726 -0.648106 0)
(0.120634 -0.647143 0)
(0.136792 -0.645214 0)
(0.153251 -0.642807 0)
(0.170039 -0.6402 0)
(0.187163 -0.63747 0)
(0.204626 -0.634635 0)
(0.222429 -0.631706 0)
(0.240571 -0.628703 0)
(0.259047 -0.625649 0)
(0.277843 -0.622565 0)
(0.296941 -0.619468 0)
(0.316312 -0.616372 0)
(0.335918 -0.613281 0)
(0.355712 -0.610188 0)
(0.375642 -0.607067 0)
(0.395654 -0.603879 0)
(0.415691 -0.600563 0)
(0.4357 -0.597033 0)
(0.45564 -0.593183 0)
(0.475484 -0.588893 0)
(0.495215 -0.58403 0)
(0.514826 -0.578451 0)
(0.534311 -0.572006 0)
(0.553664 -0.564542 0)
(0.572877 -0.555895 0)
(0.591931 -0.545886 0)
(0.6108 -0.534305 0)
(0.62945 -0.520897 0)
(0.647853 -0.50535 0)
(0.666008 -0.487284 0)
(0.683954 -0.466237 0)
(0.701812 -0.441658 0)
(0.719833 -0.412917 0)
(0.73846 -0.379337 0)
(0.75839 -0.340269 0)
(0.780612 -0.295191 0)
(0.806412 -0.243882 0)
(0.837247 -0.186633 0)
(0.0109045 -0.302143 0)
(0.0303672 -0.717228 0)
(0.0468219 -0.737396 0)
(0.0598891 -0.690615 0)
(0.0744843 -0.668735 0)
(0.090158 -0.664623 0)
(0.106163 -0.66454 0)
(0.122345 -0.663797 0)
(0.138745 -0.662134 0)
(0.155418 -0.660036 0)
(0.172393 -0.657758 0)
(0.189682 -0.655364 0)
(0.207289 -0.652867 0)
(0.225217 -0.650277 0)
(0.243469 -0.647611 0)
(0.262039 -0.644886 0)
(0.280918 -0.642117 0)
(0.300091 -0.639314 0)
(0.319537 -0.636481 0)
(0.339226 -0.633616 0)
(0.359127 -0.630704 0)
(0.379201 -0.627717 0)
(0.399409 -0.624612 0)
(0.419713 -0.621331 0)
(0.440076 -0.617799 0)
(0.46047 -0.613921 0)
(0.480875 -0.609585 0)
(0.501286 -0.604668 0)
(0.521706 -0.599036 0)
(0.542144 -0.592545 0)
(0.562609 -0.585037 0)
(0.583108 -0.576343 0)
(0.603651 -0.566276 0)
(0.624251 -0.554626 0)
(0.644929 -0.541147 0)
(0.665715 -0.525548 0)
(0.68667 -0.507485 0)
(0.707901 -0.486562 0)
(0.729597 -0.462331 0)
(0.752047 -0.434309 0)
(0.775673 -0.402003 0)
(0.801064 -0.364975 0)
(0.828987 -0.322933 0)
(0.860371 -0.275847 0)
(0.896158 -0.224071 0)
(0.0104599 -0.322819 0)
(0.0298124 -0.736975 0)
(0.0464491 -0.752211 0)
(0.0600564 -0.705433 0)
(0.0751003 -0.684731 0)
(0.0911134 -0.681261 0)
(0.1074 -0.681424 0)
(0.12383 -0.680866 0)
(0.140454 -0.679443 0)
(0.157326 -0.677631 0)
(0.174477 -0.675659 0)
(0.191922 -0.673582 0)
(0.209666 -0.671406 0)
(0.227718 -0.66914 0)
(0.246079 -0.666797 0)
(0.26475 -0.664392 0)
(0.283723 -0.661934 0)
(0.30299 -0.659428 0)
(0.322535 -0.656872 0)
(0.342338 -0.654257 0)
)
;

boundaryField
{
    leftWall
    {
        type            fixedValue;
        value           uniform (0 0 0);
    }
    rightWall
    {
        type            fixedValue;
        value           nonuniform 0();
    }
    lowerWall
    {
        type            fixedValue;
        value           uniform (0 0 0);
    }
    atmosphere
    {
        type            pressureInletOutletVelocity;
        value           nonuniform 0();
    }
    defaultFaces
    {
        type            empty;
    }
    procBoundary0to1
    {
        type            processor;
        value           nonuniform List<vector> 
44
(
(-0.293765 -0.0565643 0)
(-0.259352 -0.1904 0)
(-0.120242 -0.216207 0)
(0.0729008 -0.162705 0)
(0.199641 -0.0979126 0)
(0.274955 0.0181789 0)
(0.287312 0.119073 0)
(0.269952 0.215644 0)
(0.247638 0.302513 0)
(0.238527 0.377911 0)
(0.259731 0.448159 0)
(0.305809 0.520457 0)
(0.373286 0.582561 0)
(0.445642 0.617369 0)
(0.513366 0.627645 0)
(0.574054 0.626028 0)
(0.625176 0.619482 0)
(0.669362 0.6118 0)
(0.700253 0.601821 0)
(0.716035 0.58844 0)
(0.716035 0.58844 0)
(0.75438 0.605528 0)
(0.811117 0.581898 0)
(0.900542 0.596354 0)
(0.979813 0.634687 0)
(1.3863 0.769992 0)
(1.91286 0.997761 0)
(2.13787 1.10353 0)
(2.04912 1.05947 0)
(1.80566 0.938579 0)
(1.53611 0.806439 0)
(1.28786 0.691948 0)
(1.06295 0.587674 0)
(0.899671 0.499662 0)
(0.788404 0.3678 0)
(0.606747 0.202481 0)
(0.35127 0.0423638 0)
(0.368391 -0.00497549 0)
(0.521158 0.00401384 0)
(0.632763 -0.0183227 0)
(0.726168 -0.0476166 0)
(0.805188 -0.0842474 0)
(0.874726 -0.124467 0)
(0.937247 -0.168366 0)
)
;
    }
    procBoundary0to2
    {
        type            processor;
        value           nonuniform List<vector> 
46
(
(0.362378 -0.651562 0)
(0.382633 -0.648759 0)
(0.403076 -0.645805 0)
(0.423681 -0.642643 0)
(0.444426 -0.639203 0)
(0.465298 -0.635399 0)
(0.486289 -0.631133 0)
(0.507403 -0.626288 0)
(0.528651 -0.620739 0)
(0.550055 -0.614349 0)
(0.571645 -0.606967 0)
(0.59345 -0.598427 0)
(0.615505 -0.588544 0)
(0.637853 -0.577109 0)
(0.66055 -0.563888 0)
(0.683677 -0.548616 0)
(0.707343 -0.53099 0)
(0.731694 -0.510671 0)
(0.756942 -0.487295 0)
(0.783386 -0.460487 0)
(0.811423 -0.429893 0)
(0.841546 -0.395211 0)
(0.874323 -0.356263 0)
(0.910375 -0.313062 0)
(0.950314 -0.26591 0)
(0.0101412 -0.343244 0)
(0.0294131 -0.756846 0)
(0.0461677 -0.767545 0)
(0.0602071 -0.720828 0)
(0.0756256 -0.701241 0)
(0.0919306 -0.698348 0)
(0.108463 -0.698718 0)
(0.125112 -0.698322 0)
(0.141935 -0.697119 0)
(0.158987 -0.695573 0)
(0.1763 -0.693892 0)
(0.193889 -0.692117 0)
(0.211765 -0.69025 0)
(0.229935 -0.6883 0)
(0.248405 -0.686276 0)
(0.267177 -0.684188 0)
(0.286251 -0.682042 0)
(0.305621 -0.679839 0)
(0.32528 -0.677573 0)
(0.362378 -0.651562 0)
(0.345218 -0.675232 0)
)
;
    }
}


// ************************************************************************* //
