/*--------------------------------*- C++ -*----------------------------------*\
| =========                 |                                                 |
| \\      /  F ield         | OpenFOAM: The Open Source CFD Toolbox           |
|  \\    /   O peration     | Version:  3.0.1                                 |
|   \\  /    A nd           | Web:      www.OpenFOAM.org                      |
|    \\/     M anipulation  |                                                 |
\*---------------------------------------------------------------------------*/
FoamFile
{
    version     2.0;
    format      ascii;
    class       surfaceScalarField;
    location    "0.1";
    object      alphaPhi;
}
// * * * * * * * * * * * * * * * * * * * * * * * * * * * * * * * * * * * * * //

dimensions      [0 3 -1 0 0 0 0];

internalField   nonuniform List<scalar> 
3731
(
3.05055e-09
5.20275e-09
3.69056e-10
1.10369e-08
6.08229e-08
8.72443e-09
1.81174e-08
7.98564e-08
1.50372e-08
1.21218e-09
3.88711e-08
7.37024e-09
-1.95429e-10
1.75541e-08
3.40824e-09
-7.08804e-11
6.35397e-09
1.63137e-09
1.54885e-11
1.84095e-09
8.17835e-10
1.97373e-11
7.71859e-10
3.941e-10
2.29577e-11
3.32567e-10
1.73438e-10
1.60298e-11
1.39606e-10
7.89063e-11
2.73369e-30
-2.12586e-28
3.11948e-28
-1.42637e-26
1.9206e-28
-5.8405e-27
4.87211e-29
-1.03906e-27
7.94254e-30
-1.22391e-28
9.70477e-31
-1.08538e-29
9.6471e-32
-7.74234e-31
8.19527e-33
-4.57791e-32
6.13557e-34
-2.23289e-33
4.12324e-35
-8.31483e-35
2.50816e-36
-1.41447e-36
1.4536e-37
9.70161e-40
8.2322e-39
1.28149e-40
4.52806e-40
1.01986e-41
2.40704e-41
6.81512e-43
1.23135e-42
4.10313e-44
6.03893e-44
2.28122e-45
2.82956e-45
1.18396e-46
1.26252e-46
5.76485e-48
5.34733e-48
2.63883e-49
2.14306e-49
1.13598e-50
8.10049e-51
4.59552e-52
2.87794e-52
1.74434e-53
9.57519e-54
6.19931e-55
2.97142e-55
2.05747e-56
8.56224e-57
6.35611e-58
2.27939e-58
1.82064e-59
5.57347e-60
4.81328e-61
1.24322e-61
1.16813e-62
2.50932e-63
2.58552e-64
4.53809e-65
5.17823e-66
7.26422e-67
9.29406e-68
1.01332e-68
1.4771e-69
1.20686e-70
2.04697e-71
1.19319e-72
2.4235e-73
9.39944e-75
2.38352e-75
5.52751e-77
1.86923e-77
2.15257e-79
1.09504e-79
4.13062e-82
4.24588e-82
7.92191e-85
2.16809e-28
-1.59591e-26
2.64458e-26
-1.13049e-24
1.73487e-26
-4.90099e-25
4.47213e-27
-8.73178e-26
7.40288e-28
-1.02911e-26
9.25069e-29
-9.19288e-28
9.47799e-30
-6.64136e-29
8.35973e-31
-3.98703e-30
6.54799e-32
-1.97536e-31
4.6504e-33
-7.51494e-33
3.03762e-34
-1.44005e-34
1.89939e-35
1.88738e-37
1.16216e-36
3.11108e-38
6.91311e-38
2.81282e-39
3.9764e-39
2.08359e-40
2.2015e-40
1.37568e-41
1.16844e-41
8.34324e-43
5.92327e-43
4.70898e-44
2.85831e-44
2.48831e-45
1.30866e-45
1.23418e-46
5.6664e-47
5.7494e-48
2.31269e-48
2.51416e-49
8.86667e-50
1.03062e-50
3.18155e-51
3.95255e-52
1.06418e-52
1.41446e-53
3.30329e-54
4.7082e-55
9.46782e-56
1.45216e-56
2.49117e-57
4.13151e-58
5.97668e-59
1.07844e-59
1.29689e-60
2.56606e-61
2.52042e-62
5.52237e-63
4.33382e-64
1.06468e-64
6.49174e-66
1.81692e-66
8.29985e-68
2.70268e-68
8.80644e-70
3.43371e-70
7.44341e-72
3.62316e-72
4.69555e-74
3.04807e-74
1.96069e-76
1.91556e-76
4.01847e-79
7.97403e-79
1.58275e-81
7.20883e-27
-5.68765e-25
9.87751e-25
-4.22683e-23
7.06313e-25
-1.95262e-23
1.85075e-25
-3.47237e-24
3.08682e-26
-4.07816e-25
3.89562e-27
-3.65888e-26
4.04476e-28
-2.67196e-27
3.62287e-29
-1.62489e-28
2.88395e-30
-8.13319e-30
2.08096e-31
-3.08539e-31
1.37924e-32
-5.31641e-33
8.75971e-34
1.51278e-35
5.42115e-35
2.29459e-36
3.25093e-36
2.05305e-37
1.88021e-37
1.51889e-38
1.04455e-38
1.00318e-39
5.55399e-40
6.08524e-41
2.81701e-41
3.43316e-42
1.35867e-42
1.81217e-43
6.21221e-44
8.97252e-45
2.68442e-45
4.17012e-46
1.09282e-46
1.81848e-47
4.17722e-48
7.43079e-49
1.49385e-49
2.83976e-50
4.97849e-51
1.01237e-51
1.53937e-52
3.35623e-53
4.39415e-54
1.03083e-54
1.1513e-55
2.92002e-56
2.75006e-57
7.58785e-58
5.94069e-59
1.79718e-59
1.14924e-60
3.84965e-61
1.9669e-62
7.38675e-63
2.93234e-64
1.25452e-64
3.73105e-66
1.857e-66
3.93947e-68
2.34765e-68
3.31327e-70
2.46487e-70
2.07962e-72
2.06325e-72
8.63922e-75
1.29011e-74
1.76275e-77
5.34336e-77
1.05513e-79
1.3668e-25
-1.33861e-23
2.29378e-23
-1.00321e-21
1.84733e-23
-4.94948e-22
4.95473e-24
-8.74721e-23
8.33931e-25
-1.01957e-23
1.06394e-25
-9.17056e-25
1.12106e-26
-6.76654e-26
1.02149e-27
-4.16474e-27
8.2796e-29
-2.09804e-28
6.08238e-30
-7.82007e-30
4.10088e-31
-1.03058e-31
2.66013e-32
7.38465e-34
1.67524e-33
1.01119e-34
1.01923e-34
8.91873e-36
5.96616e-36
6.59641e-37
3.34791e-37
4.37218e-38
1.79511e-38
2.6643e-39
9.16904e-40
1.51009e-40
4.44838e-41
8.00497e-42
2.04394e-42
3.9785e-43
8.86848e-44
1.85518e-44
3.62259e-45
8.11278e-46
1.38858e-46
3.32293e-47
4.97711e-48
1.27236e-48
1.66172e-49
4.54311e-50
5.14546e-51
1.50802e-51
1.47038e-52
4.63607e-53
3.8555e-54
1.31413e-54
9.21427e-56
3.41629e-56
1.99103e-57
8.0932e-58
3.85199e-59
1.73365e-59
6.59186e-61
3.32604e-61
9.82463e-63
5.64688e-63
1.24952e-64
8.35483e-65
1.31856e-66
1.0556e-66
1.10819e-68
1.10752e-68
6.94998e-71
9.26302e-71
2.88458e-73
5.78662e-73
5.88235e-76
2.39429e-75
4.72449e-78
1.06286e-24
-2.4739e-22
3.50691e-22
-1.68765e-20
3.44038e-22
-8.87254e-21
9.57056e-23
-1.55136e-21
1.62872e-23
-1.78538e-22
2.10358e-24
-1.60758e-23
2.25424e-25
-1.199e-24
2.09509e-26
-7.46522e-26
1.7341e-27
-3.76688e-27
1.30077e-28
-1.34795e-28
8.95649e-30
-7.90115e-31
5.96366e-31
2.51625e-32
3.83897e-32
3.12457e-33
2.37922e-33
2.716e-34
1.41459e-34
2.01042e-35
8.04339e-36
1.33945e-36
4.36122e-37
8.21419e-38
2.24881e-38
4.68534e-39
1.0998e-39
2.49845e-40
5.0878e-41
1.2484e-41
2.22027e-42
5.8489e-43
9.1134e-44
2.56826e-44
3.50752e-45
1.05565e-45
1.2615e-46
4.05429e-47
4.22374e-48
1.45131e-48
1.31092e-49
4.82757e-50
3.75322e-51
1.48668e-51
9.8563e-53
4.21992e-53
2.35833e-54
1.09823e-54
5.10041e-56
2.60383e-56
9.87381e-58
5.58089e-58
1.69036e-59
1.07107e-59
2.51981e-61
1.81871e-61
3.20475e-63
2.6908e-63
3.38128e-65
3.39912e-65
2.84092e-67
3.56515e-67
1.78088e-69
2.98043e-69
7.38749e-72
1.8608e-71
1.5057e-74
7.69418e-74
1.51738e-76
-1.44476e-21
-2.96625e-21
3.10367e-21
-2.13904e-19
4.71836e-21
-1.17342e-19
1.40235e-21
-2.03272e-20
2.42202e-22
-2.2926e-21
3.17072e-23
-2.06116e-22
3.46343e-24
-1.55559e-23
3.29281e-25
-9.7918e-25
2.79211e-26
-4.91127e-26
2.1458e-27
-1.61724e-27
1.52485e-28
1.09011e-30
1.04631e-29
6.41148e-31
6.90422e-31
7.31751e-32
4.3676e-32
6.271e-33
2.64153e-33
4.64541e-34
1.52358e-34
3.11111e-35
8.36056e-36
1.92016e-36
4.35462e-37
1.10236e-37
2.14778e-38
5.91398e-39
1.0007e-39
2.97118e-40
4.39321e-41
1.39871e-41
1.81234e-42
6.16729e-43
7.0046e-44
2.54404e-44
2.52805e-45
9.80007e-46
8.48877e-47
3.51697e-47
2.64083e-48
1.17229e-48
7.57493e-50
3.61616e-50
1.99215e-51
1.02779e-51
4.7719e-53
2.67746e-53
1.03284e-54
6.35256e-55
2.00046e-56
1.36215e-56
3.42556e-58
2.61471e-58
5.10658e-60
4.43979e-60
6.49352e-62
6.56739e-62
6.84875e-64
8.29305e-64
5.75125e-66
8.69343e-66
3.60286e-68
7.26263e-68
1.49336e-70
4.53067e-70
3.04117e-73
1.87167e-72
3.68787e-75
-4.70374e-20
-1.0868e-20
1.28135e-20
-2.11591e-18
4.90028e-20
-1.14524e-18
1.59173e-20
-1.99893e-19
2.80914e-21
-2.2013e-20
3.73543e-22
-1.96417e-21
4.16907e-23
-1.49982e-22
4.06746e-24
-9.52897e-24
3.54574e-25
-4.68359e-25
2.80255e-26
-1.28875e-26
2.07099e-27
5.47753e-29
1.46716e-28
1.25472e-29
9.94085e-30
1.33779e-30
6.42873e-31
1.13227e-31
3.96048e-32
8.39891e-33
2.31996e-33
5.6571e-34
1.28975e-34
3.51593e-35
6.79181e-36
2.03267e-36
3.38099e-37
1.09766e-37
1.5876e-38
5.54724e-39
7.01565e-40
2.62502e-40
2.91013e-41
1.16269e-41
1.12993e-42
4.81476e-43
4.09364e-44
1.86081e-44
1.37889e-45
6.69615e-46
4.30057e-47
2.23698e-47
1.23607e-48
6.91278e-49
3.25587e-50
1.96752e-50
7.80807e-52
5.13086e-52
1.69137e-53
1.21822e-53
3.27756e-55
2.61326e-55
5.61366e-57
5.01705e-57
8.36817e-59
8.51832e-59
1.06382e-60
1.25967e-60
1.1215e-62
1.58989e-62
9.41169e-65
1.66554e-64
5.89114e-67
1.39027e-66
2.43953e-69
8.66458e-69
4.96283e-72
3.57556e-71
7.03743e-74
-2.96615e-19
5.6382e-21
2.93809e-19
-1.6477e-17
4.5346e-19
-8.02329e-18
1.43569e-19
-1.4298e-18
2.56465e-20
-1.56403e-19
3.46928e-21
-1.38212e-20
3.96598e-22
-1.06487e-21
3.98403e-23
-6.79498e-23
3.58429e-24
-3.17476e-24
2.92671e-25
-5.23866e-26
2.2552e-26
1.19598e-27
1.65392e-27
1.90669e-28
1.1534e-28
1.93134e-29
7.64138e-30
1.62031e-30
4.80428e-31
1.2057e-31
2.86304e-32
8.17883e-33
1.61503e-33
5.12501e-34
8.61071e-35
2.98715e-35
4.33179e-36
1.6254e-36
2.05234e-37
8.27108e-38
9.1385e-39
3.93801e-39
3.8152e-40
1.75362e-40
1.48943e-41
7.29566e-42
5.42078e-43
2.83086e-43
1.83289e-44
1.02212e-44
5.73455e-46
3.4242e-46
1.65245e-47
1.06061e-47
4.36156e-49
3.0243e-49
1.04763e-50
7.89806e-51
2.272e-52
1.87722e-52
4.40626e-54
4.02981e-54
7.55043e-56
7.73977e-56
1.12573e-57
1.31429e-57
1.43098e-59
1.94329e-59
1.50805e-61
2.45182e-61
1.26486e-63
2.56699e-63
7.9113e-66
2.14108e-65
3.27307e-68
1.33314e-67
6.65141e-71
5.49537e-70
1.08034e-72
2.19918e-18
-3.62774e-17
7.95857e-18
-1.04806e-16
4.09234e-18
-3.90904e-17
1.05564e-18
-6.89526e-18
1.83724e-19
-7.74891e-19
2.52204e-20
-6.90128e-20
2.96102e-21
-5.35118e-21
3.07471e-22
-3.38188e-22
2.86836e-23
-1.38729e-23
2.44799e-24
2.6195e-26
1.97376e-25
1.71729e-26
1.50271e-26
2.26448e-27
1.08102e-27
2.21332e-28
7.3497e-29
1.84833e-29
4.72201e-30
1.38215e-30
2.86553e-31
9.45119e-32
1.64125e-32
5.97404e-33
8.86323e-34
3.51138e-34
4.50705e-35
1.92542e-35
2.15475e-36
9.86518e-37
9.6674e-38
4.72523e-38
4.06159e-39
2.11507e-39
1.59396e-40
8.8381e-41
5.82632e-42
3.44198e-42
1.97694e-43
1.24654e-43
6.2027e-45
4.18628e-45
1.79129e-46
1.29915e-46
4.73586e-48
3.70986e-48
1.13887e-49
9.69822e-50
2.47172e-51
2.30651e-51
4.79533e-53
4.95271e-53
8.21732e-55
9.51186e-55
1.22481e-56
1.61465e-56
1.55604e-58
2.38595e-58
1.6385e-60
3.00775e-60
1.37283e-62
3.14566e-62
8.57596e-65
2.62042e-64
3.54301e-67
1.62924e-66
7.18844e-70
6.70518e-69
1.31593e-71
1.35753e-16
-3.08919e-16
8.86721e-17
-4.96773e-16
2.80478e-17
-1.26422e-16
5.99295e-18
-2.08087e-17
9.96796e-19
-2.43827e-18
1.38747e-19
-2.26076e-19
1.68204e-20
-1.76051e-20
1.816e-21
-1.05362e-21
1.76855e-22
-2.76736e-23
1.5949e-23
8.43216e-25
1.34405e-24
1.72067e-25
1.06156e-25
2.0346e-26
7.87433e-27
1.94082e-27
5.49289e-28
1.61768e-28
3.60598e-29
1.21659e-29
2.22833e-30
8.38784e-31
1.29594e-31
5.34849e-32
7.08904e-33
3.17021e-33
3.64407e-34
1.75175e-34
1.75808e-35
9.03685e-36
7.94788e-37
4.35434e-37
3.36035e-38
1.95904e-38
1.32566e-39
8.22145e-40
4.86632e-41
3.2133e-41
1.65687e-42
1.16711e-42
5.21249e-44
3.92855e-44
1.50841e-45
1.22129e-45
3.99383e-47
3.49185e-47
9.6134e-49
9.1354e-49
2.08746e-50
2.17344e-50
4.05018e-52
4.66688e-52
6.93846e-54
8.95967e-54
1.03355e-55
1.51988e-55
1.31184e-57
2.24372e-57
1.37971e-59
2.82496e-59
1.15434e-61
2.95015e-61
7.1991e-64
2.45343e-63
2.96864e-66
1.52255e-65
6.01064e-69
6.25318e-68
1.22453e-70
-1.08764e-12
5.60324e-11
4.38871e-11
9.16205e-12
7.77275e-12
1.31587e-11
2.3504e-11
1.48431e-12
9.3887e-12
3.1556e-12
3.46102e-12
3.29875e-12
4.67112e-12
9.59416e-13
6.73161e-13
2.60862e-12
1.77142e-12
2.32033e-13
1.72392e-13
9.73541e-13
4.7244e-13
7.94225e-14
5.92826e-14
2.72956e-13
1.24671e-13
3.00569e-14
2.79716e-14
7.47994e-14
3.31143e-14
2.00423e-14
1.35534e-14
2.1708e-14
1.04672e-14
8.10965e-15
4.40488e-15
5.6894e-15
2.49813e-15
1.36638e-15
1.46232e-15
9.99528e-16
7.07428e-16
3.57759e-16
2.40024e-16
1.24582e-16
7.90202e-17
4.19142e-17
2.50781e-17
1.35765e-17
7.64618e-18
4.23546e-18
2.24016e-18
1.27639e-18
6.32344e-19
3.73199e-19
1.72658e-19
1.064e-19
4.58056e-20
2.9728e-20
1.18585e-20
8.17563e-21
3.00638e-21
2.21998e-21
7.47835e-22
5.95854e-22
1.82452e-22
1.57894e-22
4.35177e-23
4.11622e-23
1.00836e-23
1.05002e-23
2.24865e-24
2.60394e-24
4.76563e-25
6.23377e-25
9.43925e-26
1.43068e-25
1.70563e-26
3.12707e-26
2.69717e-27
6.47011e-27
3.38769e-28
1.26033e-27
2.18838e-29
-7.12175e-31
-3.74708e-15
9.23176e-12
-9.13215e-15
1.87513e-15
-1.11169e-15
-2.50889e-14
-8.05301e-15
1.29175e-15
7.99049e-13
6.87575e-12
2.58932e-14
7.69442e-13
-2.73628e-15
-2.40472e-14
-3.35444e-14
8.21089e-15
1.0955e-12
3.03153e-12
3.53357e-13
7.21547e-13
8.6769e-14
4.6535e-14
-1.41734e-14
2.06385e-14
8.65745e-13
6.31262e-13
1.71404e-13
2.55857e-13
6.52465e-14
4.07148e-14
1.89649e-15
2.03546e-14
4.80153e-13
2.96983e-14
1.49103e-13
8.2099e-14
4.08763e-14
2.46087e-14
3.92423e-15
1.14814e-14
1.43963e-13
2.99668e-14
7.07685e-14
2.5027e-14
1.97999e-14
9.68962e-15
1.97772e-15
4.47529e-15
4.229e-14
1.91363e-14
1.99082e-14
9.20938e-15
5.75571e-15
2.92271e-15
7.02858e-16
1.51731e-15
1.19167e-14
6.98958e-15
4.74439e-15
2.73336e-15
1.49535e-15
9.05442e-16
4.98313e-16
8.29977e-16
2.8077e-15
1.895e-15
1.46189e-15
9.79052e-16
7.65276e-16
5.997e-16
2.42246e-16
3.52288e-16
9.31626e-16
7.85439e-16
6.99349e-16
6.8744e-16
3.01917e-16
2.63598e-16
8.69411e-17
1.10792e-16
4.31345e-16
5.13189e-16
2.17095e-16
2.31603e-16
9.2493e-17
8.91461e-17
2.96027e-17
3.36348e-17
1.36263e-16
1.73142e-16
6.61397e-17
7.63308e-17
2.74754e-17
2.90143e-17
9.57723e-18
9.81778e-18
4.21352e-17
5.71992e-17
1.95682e-17
2.43714e-17
7.87376e-18
9.06033e-18
2.94863e-18
2.7502e-18
1.26018e-17
1.82829e-17
5.58801e-18
7.49727e-18
2.17141e-18
2.71189e-18
8.65832e-19
7.39168e-19
3.62918e-18
5.63038e-18
1.53663e-18
2.21857e-18
5.75992e-19
7.78673e-19
2.43135e-19
1.90773e-19
1.00596e-18
1.67058e-18
4.06932e-19
6.32061e-19
1.47079e-19
2.14896e-19
6.54809e-20
4.73481e-20
2.68856e-19
4.78659e-19
1.03935e-19
1.73751e-19
3.62092e-20
5.71466e-20
1.6963e-20
1.13199e-20
6.94836e-20
1.32898e-19
2.56603e-20
4.62247e-20
8.61102e-21
1.46848e-20
4.23884e-21
2.61168e-21
1.74242e-20
3.59007e-20
6.13982e-21
1.19414e-20
1.98228e-21
3.65714e-21
1.02458e-21
5.82516e-22
4.25432e-21
9.47571e-21
1.42758e-21
3.00599e-21
4.42638e-22
8.85327e-22
2.40181e-22
1.25816e-22
1.01446e-21
2.45334e-21
3.23331e-22
7.39837e-22
9.60565e-23
2.08926e-22
5.47395e-23
2.63541e-23
2.36734e-22
6.25051e-22
7.14631e-23
1.7855e-22
2.02871e-23
4.81846e-23
1.21557e-23
5.35942e-24
5.40845e-23
1.56993e-22
1.54236e-23
4.23386e-23
4.17251e-24
1.08815e-23
2.63467e-24
1.05863e-24
1.20742e-23
3.8873e-23
3.24715e-24
9.87115e-24
8.35172e-25
2.40855e-24
5.57942e-25
2.03011e-25
2.62193e-24
9.4694e-24
6.64684e-25
2.26066e-24
1.62303e-25
5.22393e-25
1.15453e-25
3.77257e-26
5.49647e-25
2.2603e-24
1.31517e-25
5.07186e-25
3.04843e-26
1.10833e-25
2.33197e-26
6.76926e-27
1.10053e-25
5.25773e-25
2.49336e-26
1.10999e-25
5.49477e-27
2.29308e-26
4.58746e-27
1.16609e-27
2.07429e-26
1.18429e-25
4.47402e-27
2.35704e-26
9.4084e-28
4.60667e-27
8.76006e-28
1.91232e-28
3.60556e-27
2.56605e-26
7.4679e-28
4.82742e-27
1.50831e-28
8.94061e-28
1.61704e-28
2.94981e-29
5.59182e-28
5.31374e-27
1.12893e-28
9.47814e-28
2.21509e-29
1.66723e-28
2.87197e-29
4.204e-30
7.22792e-29
1.0453e-27
1.46996e-29
1.77356e-28
2.86833e-30
2.97102e-29
4.88394e-30
5.37315e-31
6.2329e-30
1.94271e-28
1.44264e-30
3.14586e-29
2.9996e-31
5.03339e-30
7.91458e-31
5.79145e-32
-3.35827e-32
4.1523e-32
1.76291e-32
4.34389e-33
6.55298e-16
-4.39783e-15
4.72312e-16
-8.83149e-16
1.20448e-16
-2.86156e-16
2.36674e-17
-4.01514e-17
3.87124e-18
-4.65738e-18
5.51094e-19
-4.47364e-19
6.94975e-20
-3.39232e-20
7.85263e-21
-1.61992e-21
8.07052e-22
1.59569e-23
7.65914e-23
7.85391e-24
6.73339e-24
1.1677e-24
5.50826e-25
1.29241e-25
4.20689e-26
1.21267e-26
3.00668e-27
1.01016e-27
2.01402e-28
7.6362e-29
1.26556e-29
5.30207e-30
7.46262e-31
3.40565e-31
4.12893e-32
2.03249e-32
2.1423e-33
1.12993e-33
1.04138e-34
5.85941e-35
4.73637e-36
2.83549e-36
2.01205e-37
1.28011e-37
7.96632e-39
5.38644e-39
2.9321e-40
2.10929e-40
1.00013e-41
7.6708e-42
3.14978e-43
2.5837e-43
9.11893e-45
8.03297e-45
2.41412e-46
2.29586e-46
5.8073e-48
6.00151e-48
1.25966e-49
1.42611e-49
2.44052e-51
3.05742e-51
4.17345e-53
5.85874e-53
6.20375e-55
9.91704e-55
7.85561e-57
1.46048e-56
8.24065e-59
1.83398e-58
6.8754e-61
1.90986e-60
4.27516e-63
1.58354e-62
1.75739e-65
9.79625e-65
3.54644e-68
4.01014e-67
7.82608e-70
3.43185e-15
-1.0068e-14
4.77571e-16
-1.71311e-15
3.35833e-16
-3.42878e-16
6.11383e-17
-4.57097e-17
9.95907e-18
-5.12958e-18
1.45145e-18
-4.66586e-19
1.89731e-19
-2.86908e-20
2.23838e-20
-6.82185e-23
2.4079e-21
2.02013e-22
2.3682e-22
3.77222e-23
2.14395e-23
4.83293e-24
1.79629e-24
5.0977e-25
1.39861e-25
4.69806e-26
1.0151e-26
3.88857e-27
6.88254e-28
2.93469e-28
4.36547e-29
2.03807e-29
2.59237e-30
1.31006e-30
1.44161e-31
7.82315e-32
7.50536e-33
4.34992e-33
3.65569e-34
2.25487e-34
1.66399e-35
1.09012e-35
7.06711e-37
4.91372e-37
2.79497e-38
2.06321e-38
1.0268e-39
8.05806e-40
3.49354e-41
2.92134e-41
1.09686e-42
9.80497e-43
3.1642e-44
3.03651e-44
8.3434e-46
8.64153e-46
1.99833e-47
2.24865e-47
4.31439e-49
5.31763e-49
8.31772e-51
1.13428e-50
1.41505e-52
2.16213e-52
2.09218e-54
3.63995e-54
2.63467e-56
5.33067e-56
2.74822e-58
6.65587e-58
2.27974e-60
6.89116e-60
1.40928e-62
5.68027e-62
5.75888e-65
3.49317e-64
1.1552e-67
1.42141e-66
2.75719e-69
4.65985e-15
-5.4392e-15
9.97306e-16
-9.57431e-16
5.71259e-16
-1.80103e-16
1.0064e-16
-2.34484e-17
1.60482e-17
-2.41924e-18
2.31238e-18
-1.72645e-19
3.01406e-19
-8.37138e-22
3.55728e-20
2.82824e-21
3.81336e-21
5.8773e-22
3.7398e-22
8.28072e-23
3.37639e-23
9.52631e-24
2.82056e-24
9.5066e-25
2.18896e-25
8.47313e-26
1.58298e-26
6.85736e-27
1.06906e-27
5.09118e-28
6.75242e-29
3.49099e-29
3.99219e-30
2.22071e-30
2.20996e-31
1.31438e-31
1.14524e-32
7.25136e-33
5.55208e-34
3.73242e-34
2.51533e-35
1.79276e-35
1.06328e-36
8.03219e-37
4.18565e-38
3.35346e-38
1.53064e-39
1.30267e-39
5.18422e-41
4.69838e-41
1.62043e-42
1.56915e-42
4.65413e-44
4.83645e-44
1.22195e-45
1.37009e-45
2.91441e-47
3.54943e-47
6.26646e-49
8.35789e-49
1.20328e-50
1.77542e-50
2.03912e-52
3.37073e-52
3.0035e-54
5.65272e-54
3.76844e-56
8.2475e-56
3.91698e-58
1.02609e-57
3.2382e-60
1.0587e-59
1.99522e-62
8.69791e-62
8.12754e-65
5.33202e-64
1.62541e-67
2.16311e-66
4.18277e-69
4.10866e-15
-7.55457e-16
7.84233e-16
-1.82695e-16
5.08653e-16
-3.77469e-17
8.80089e-17
-4.47819e-18
1.37968e-17
-2.58072e-19
1.95046e-18
5.58724e-20
2.48937e-19
2.41551e-20
2.89123e-20
4.76132e-21
3.07189e-21
7.01566e-22
3.00121e-22
8.63469e-23
2.70858e-23
9.28523e-24
2.26673e-24
8.92889e-25
1.76451e-25
7.79035e-26
1.28074e-26
6.22686e-27
8.68341e-28
4.59007e-28
5.50592e-29
3.13495e-29
3.26721e-30
1.99025e-30
1.81475e-31
1.17705e-31
9.43284e-33
6.4932e-33
4.58527e-34
3.34327e-34
2.08215e-35
1.6067e-35
8.81914e-37
7.20298e-37
3.47748e-38
3.0091e-38
1.27343e-39
1.16955e-39
4.3179e-41
4.22028e-41
1.35085e-42
1.41003e-42
3.88254e-44
4.34731e-44
1.01989e-45
1.23179e-45
2.43342e-47
3.19156e-47
5.23357e-49
7.51568e-49
1.0051e-50
1.59652e-50
1.7034e-52
3.03096e-52
2.50907e-54
5.08258e-54
3.14807e-56
7.41506e-56
3.27211e-58
9.22457e-58
2.70504e-60
9.51725e-60
1.66671e-62
7.81882e-62
6.78958e-65
4.79321e-64
1.35794e-67
1.94468e-66
3.75953e-69
2.08741e-15
4.36285e-16
9.84514e-16
6.92563e-17
2.6905e-16
1.22738e-17
4.65684e-17
2.8626e-18
7.22834e-18
7.16956e-19
1.01307e-18
1.47373e-19
1.29337e-19
2.54998e-20
1.51e-20
3.79826e-21
1.61811e-21
4.94012e-22
1.5976e-22
5.7058e-23
1.45848e-23
5.93224e-24
1.23497e-24
5.60604e-25
9.72466e-26
4.8515e-26
7.13612e-27
3.86719e-27
4.8878e-28
2.85186e-28
3.1283e-29
1.95211e-29
1.87208e-30
1.24327e-30
1.04774e-31
7.37943e-32
5.48282e-33
4.08612e-33
2.68107e-34
2.11159e-34
1.22382e-35
1.01829e-35
5.20725e-37
4.57958e-37
2.0614e-38
1.91867e-38
7.57449e-40
7.47655e-40
2.57589e-41
2.70403e-41
8.07895e-43
9.05243e-43
2.327e-44
2.79585e-44
6.12398e-46
7.9339e-46
1.46344e-47
2.05836e-47
3.15163e-49
4.85265e-49
6.05959e-51
1.03184e-50
1.02796e-52
1.9606e-52
1.51547e-54
3.29022e-54
1.9029e-56
4.8035e-56
1.97929e-58
5.97958e-58
1.63737e-60
6.17317e-60
1.00952e-62
5.07467e-62
4.11511e-65
3.11294e-64
8.23592e-68
1.26382e-66
2.44406e-69
1.04122e-15
4.16981e-16
5.58653e-16
1.31115e-16
1.10841e-16
2.27377e-17
1.96851e-17
4.02712e-18
3.1435e-18
7.07661e-19
4.52487e-19
1.16236e-19
5.89785e-20
1.74385e-20
6.99879e-21
2.37251e-21
7.59901e-22
2.91783e-22
7.58393e-23
3.25361e-23
6.98598e-24
3.3072e-24
5.96047e-25
3.08019e-25
4.72392e-26
2.64072e-26
3.48567e-27
2.0923e-27
2.39871e-28
1.53704e-28
1.54134e-29
1.04956e-29
9.25467e-31
6.67435e-31
5.19378e-32
3.95777e-32
2.72396e-33
2.1901e-33
1.33434e-34
1.13125e-34
6.09893e-36
5.45311e-36
2.59752e-37
2.45145e-37
1.02892e-38
1.0266e-38
3.78195e-40
3.99829e-40
1.28624e-41
1.44519e-41
4.03354e-43
4.83486e-43
1.16141e-44
1.49213e-44
3.05503e-46
4.23081e-46
7.29621e-48
1.09668e-47
1.5702e-49
2.58311e-49
3.01669e-51
5.48746e-51
5.11345e-53
1.04169e-52
7.53228e-55
1.7465e-54
9.45018e-57
2.54747e-56
9.82168e-59
3.16845e-58
8.11885e-61
3.2684e-60
5.00218e-63
2.68483e-62
2.03777e-65
1.6459e-64
4.07619e-68
6.67859e-67
1.29049e-69
8.88672e-16
3.92881e-16
2.09463e-16
7.93857e-17
4.31956e-17
1.48701e-17
7.88273e-18
2.63297e-18
1.28391e-18
4.40067e-19
1.87747e-19
6.8242e-20
2.47958e-20
9.724e-21
2.97574e-21
1.2689e-21
3.26274e-22
1.51342e-22
3.28417e-23
1.65133e-23
3.04757e-24
1.65305e-24
2.61646e-25
1.52313e-25
2.08443e-26
1.29591e-26
1.54452e-27
1.02113e-27
1.06637e-28
7.47033e-29
6.86888e-30
5.08437e-30
4.1312e-31
3.22435e-31
2.32077e-32
1.90729e-32
1.21764e-33
1.05299e-33
5.9638e-35
5.42667e-35
2.72426e-36
2.60989e-36
1.15909e-37
1.17052e-37
4.58515e-39
4.88998e-39
1.68258e-40
1.89977e-40
5.71169e-42
6.84918e-42
1.78742e-43
2.28537e-43
5.13519e-45
7.03424e-45
1.34761e-46
1.98911e-46
3.21058e-48
5.14199e-48
6.89213e-50
1.20784e-49
1.32077e-51
2.55891e-51
2.2331e-53
4.84461e-53
3.28117e-55
8.10112e-55
4.10647e-57
1.17861e-56
4.25763e-59
1.46228e-58
3.51127e-61
1.50482e-60
2.15854e-63
1.23334e-62
8.77486e-66
7.54469e-65
1.75176e-68
3.05534e-67
5.89065e-70
3.0711e-16
1.75068e-16
7.44475e-17
3.77909e-17
1.5709e-17
7.38374e-18
2.91841e-18
1.32366e-18
4.82082e-19
2.18827e-19
7.13439e-20
3.3257e-20
9.52303e-21
4.63595e-21
1.15383e-21
5.92683e-22
1.27612e-22
6.95062e-23
1.29458e-23
7.4863e-24
1.20968e-24
7.42195e-25
1.04485e-25
6.79011e-26
8.36672e-27
5.74699e-27
6.22571e-28
4.51057e-28
4.31265e-29
3.28958e-29
2.78479e-30
2.23307e-30
1.67766e-31
1.41281e-31
9.43318e-33
8.33814e-33
4.9505e-34
4.59277e-34
2.42377e-35
2.36122e-35
1.10616e-36
1.1327e-36
4.69975e-38
5.06633e-38
1.85575e-39
2.11042e-39
6.79505e-41
8.17416e-41
2.30089e-42
2.93763e-42
7.18062e-44
9.76958e-44
2.05684e-45
2.99675e-45
5.38077e-47
8.44441e-47
1.27774e-48
2.17517e-48
2.73369e-50
5.09099e-50
5.22074e-52
1.07467e-51
8.79647e-54
2.02724e-53
1.28802e-55
3.37779e-55
1.60645e-57
4.89686e-57
1.65993e-59
6.05437e-59
1.36439e-61
6.20941e-61
8.36039e-64
5.0725e-63
3.38803e-66
3.09322e-65
6.7432e-69
1.24888e-67
2.39998e-70
1.01415e-16
6.97541e-17
2.49866e-17
1.56533e-17
5.34334e-18
3.13666e-18
1.00377e-18
5.68238e-19
1.67382e-19
9.3783e-20
2.49847e-20
1.41391e-20
3.3622e-21
1.95048e-21
4.10528e-22
2.46675e-22
4.57357e-23
2.86492e-23
4.67132e-24
3.06128e-24
4.39209e-25
3.0161e-25
3.81464e-26
2.74618e-26
3.06924e-27
2.31585e-27
2.29302e-28
1.81245e-28
1.59355e-29
1.31876e-29
1.03152e-30
8.93398e-31
6.22491e-32
5.64142e-32
3.50364e-33
3.323e-33
1.8393e-34
1.8266e-34
9.00264e-36
9.36998e-36
4.10512e-37
4.484e-37
1.74179e-38
2.00033e-38
6.86525e-40
8.30884e-40
2.50825e-41
3.20839e-41
8.47155e-43
1.14929e-42
2.63625e-44
3.80908e-44
7.52789e-46
1.16424e-45
1.96277e-47
3.26852e-47
4.64459e-49
8.38727e-49
9.90083e-51
1.95542e-50
1.88377e-52
4.11149e-52
3.1619e-54
7.72506e-54
4.612e-56
1.28203e-55
5.73e-58
1.85122e-57
5.898e-60
2.27982e-59
4.82945e-62
2.32915e-61
2.94821e-64
1.89549e-63
1.19038e-66
1.15162e-65
2.36073e-69
4.63301e-68
8.86893e-71
3.20578e-17
2.56393e-17
7.94179e-18
5.87129e-18
1.70783e-18
1.19264e-18
3.22625e-19
2.17446e-19
5.40988e-20
3.58905e-20
8.12125e-21
5.39071e-21
1.09932e-21
7.39506e-22
1.35025e-22
9.29454e-23
1.51307e-23
1.0731e-23
1.55406e-24
1.14076e-24
1.46881e-25
1.11917e-25
1.28174e-26
1.01554e-26
1.03557e-27
8.54057e-28
7.76393e-29
6.66906e-29
5.41101e-30
4.84307e-30
3.51027e-31
3.27508e-31
2.12155e-32
2.06444e-32
1.19513e-33
1.2138e-33
6.27566e-35
6.65895e-35
3.07068e-36
3.40852e-36
1.399e-37
1.6273e-37
5.92793e-39
7.24068e-39
2.33231e-40
2.99915e-40
8.50253e-42
1.15459e-41
2.86441e-43
4.12253e-43
8.88828e-45
1.36166e-44
2.53016e-46
4.14694e-46
6.57488e-48
1.15988e-47
1.55033e-49
2.96486e-49
3.2926e-51
6.88496e-51
6.24068e-53
1.4418e-52
1.04339e-54
2.69791e-54
1.51586e-56
4.45893e-56
1.87577e-58
6.41205e-58
1.923e-60
7.86413e-60
1.5683e-62
8.00159e-62
9.53603e-65
6.48567e-64
3.8353e-67
3.92493e-66
7.57668e-70
1.57296e-68
2.99849e-71
9.68408e-18
8.80041e-18
2.39398e-18
2.03164e-18
5.14776e-19
4.15059e-19
9.73861e-20
7.58748e-20
1.63704e-20
1.25185e-20
2.46555e-21
1.87562e-21
3.35039e-22
2.56379e-22
4.13265e-23
3.20926e-23
4.65131e-24
3.69034e-24
4.79809e-25
3.9087e-25
4.55361e-26
3.82251e-26
3.98872e-27
3.45915e-27
3.23345e-28
2.90235e-28
2.43109e-29
2.26174e-29
1.6982e-30
1.63942e-30
1.10355e-31
1.10665e-31
6.67716e-33
6.963e-33
3.76352e-34
4.0861e-34
1.97622e-35
2.23701e-35
9.66454e-37
1.14249e-36
4.39868e-38
5.44109e-38
1.86109e-39
2.41456e-39
7.30851e-41
9.97247e-41
2.65831e-42
3.82724e-42
8.9322e-44
1.36204e-43
2.76362e-45
4.48312e-45
7.84206e-47
1.36037e-46
2.03092e-48
3.79048e-48
4.77165e-50
9.65121e-50
1.00961e-51
2.23219e-51
1.90616e-53
4.65533e-53
3.17428e-55
8.6749e-55
4.59299e-57
1.42772e-56
5.66024e-59
2.04445e-58
5.77891e-61
2.4969e-60
4.69367e-63
2.52993e-62
2.84237e-65
2.04218e-64
1.13857e-67
1.23085e-66
2.24026e-70
4.91317e-69
9.32473e-72
2.79367e-18
2.84024e-18
6.85587e-19
6.55769e-19
1.46824e-19
1.34012e-19
2.77294e-20
2.44868e-20
4.66117e-21
4.03366e-21
7.02854e-22
6.0286e-22
9.57075e-23
8.21575e-23
1.18366e-23
1.02509e-23
1.33616e-24
1.17495e-24
1.38254e-25
1.24071e-25
1.31601e-26
1.21e-26
1.15595e-27
1.09226e-27
9.39356e-29
9.1438e-29
7.07703e-30
7.11065e-30
4.9514e-31
5.14378e-31
3.22113e-32
3.46525e-32
1.95015e-33
2.17585e-33
1.09929e-34
1.2741e-34
5.77011e-36
6.95922e-36
2.8194e-37
3.54541e-37
1.28154e-38
1.68399e-38
5.41292e-40
7.45153e-40
2.12119e-41
3.06814e-41
7.69644e-43
1.17365e-42
2.57894e-44
4.16238e-44
7.95495e-46
1.36508e-45
2.24988e-47
4.12663e-47
5.80627e-49
1.14534e-48
1.35915e-50
2.90449e-50
2.86469e-52
6.68999e-52
5.38714e-54
1.38937e-53
8.93467e-56
2.578e-55
1.28745e-57
4.22469e-57
1.57998e-59
6.02361e-59
1.60634e-61
7.32507e-61
1.29922e-63
7.39032e-63
7.83501e-66
5.94034e-65
3.12554e-68
3.56548e-67
6.12455e-71
1.41742e-69
2.67789e-72
7.7003e-19
8.66432e-19
1.86933e-19
1.98999e-19
3.9755e-20
4.05206e-20
7.47715e-21
7.38171e-21
1.25421e-21
1.21235e-21
1.88997e-22
1.80631e-22
2.57458e-23
2.45378e-23
3.18765e-24
3.05181e-24
3.6039e-25
3.48709e-25
3.73559e-26
3.67131e-26
3.56222e-27
3.57051e-27
3.13424e-28
3.21469e-28
2.55071e-29
2.68454e-29
1.92392e-30
2.08269e-30
1.34714e-31
1.5031e-31
8.76737e-33
1.01023e-32
5.30787e-34
6.32806e-34
2.99068e-35
3.69617e-35
1.56842e-36
2.01353e-36
7.6538e-38
1.02292e-37
3.47315e-39
4.8442e-39
1.46397e-40
2.13675e-40
5.72317e-42
8.76861e-42
2.07094e-43
3.34246e-43
6.91857e-45
1.18106e-44
2.12715e-46
3.85855e-46
5.99521e-48
1.16181e-47
1.54149e-49
3.21139e-49
3.59448e-51
8.1097e-51
7.5459e-53
1.85994e-52
1.41321e-54
3.84594e-54
2.33402e-56
7.10489e-56
3.34893e-58
1.15917e-57
4.09223e-60
1.64545e-59
4.14259e-62
1.99214e-61
3.33615e-64
2.00108e-63
2.0033e-66
1.60151e-65
7.95776e-69
9.57158e-68
1.55276e-71
3.78916e-70
7.12505e-73
2.03068e-19
2.50962e-19
4.86431e-20
5.71213e-20
1.02501e-20
1.15549e-20
1.91597e-21
2.09407e-21
3.2011e-22
3.42389e-22
4.81235e-23
5.08055e-23
6.54769e-24
6.87525e-24
8.10374e-25
8.51977e-25
9.16334e-26
9.70122e-26
9.50249e-27
1.01802e-26
9.0668e-28
9.86975e-28
7.98202e-29
8.85972e-29
6.49883e-30
7.37741e-30
4.90302e-31
5.70744e-31
3.43299e-32
4.10767e-32
2.23343e-33
2.75304e-33
1.35119e-34
1.71956e-34
7.60511e-36
1.00141e-35
3.98272e-37
5.43855e-37
1.94009e-38
2.75406e-38
8.78506e-40
1.29984e-39
3.69391e-41
5.71337e-41
1.44011e-42
2.336e-42
5.19525e-44
8.87045e-44
1.72991e-45
3.12195e-45
5.29995e-47
1.01577e-46
1.48819e-48
3.04561e-48
3.81149e-50
8.3821e-50
8.85165e-52
2.1074e-51
1.85047e-53
4.81163e-53
3.45076e-55
9.90432e-55
5.67436e-57
1.82136e-56
8.10588e-59
2.95797e-58
9.86102e-61
4.17964e-60
9.938e-63
5.03721e-62
7.96793e-65
5.03697e-64
4.76356e-67
4.01324e-66
1.884e-69
2.38804e-68
3.66022e-72
9.41295e-71
1.76134e-73
5.13271e-20
6.93012e-20
1.21089e-20
1.55871e-20
2.52353e-21
3.12482e-21
4.67966e-22
5.62269e-22
7.77432e-23
9.13838e-23
1.1641e-23
1.34889e-23
1.57954e-24
1.81673e-24
1.9513e-25
2.2414e-25
2.20369e-26
2.54173e-26
2.2833e-27
2.65685e-27
2.17721e-28
2.56631e-28
1.91563e-29
2.29551e-29
1.55872e-30
1.90488e-30
1.1751e-31
1.46872e-31
8.22017e-33
1.05351e-32
5.34161e-34
7.03717e-34
3.22694e-35
4.38051e-35
1.81313e-36
2.54222e-36
9.4759e-38
1.37573e-37
4.60523e-39
6.94103e-39
2.07987e-40
3.26354e-40
8.72e-42
1.42884e-41
3.38882e-43
5.81835e-43
1.21837e-44
2.20016e-44
4.04218e-46
7.71022e-46
1.23367e-47
2.49759e-47
3.45014e-49
7.45483e-49
8.79954e-51
2.0423e-50
2.03479e-52
5.11075e-52
4.23506e-54
1.1614e-53
7.86213e-56
2.37929e-55
1.28695e-57
4.35456e-57
1.82998e-59
7.0383e-59
2.21595e-61
9.89788e-61
2.22296e-63
1.18724e-62
1.77412e-65
1.18163e-64
1.05582e-67
9.37134e-67
4.15705e-70
5.5511e-69
8.04013e-73
2.17837e-71
4.05544e-74
1.24581e-20
1.8311e-20
2.89005e-21
4.06032e-21
5.94697e-22
8.05005e-22
1.09228e-22
1.43555e-22
1.80145e-23
2.31564e-23
2.68252e-24
3.39574e-24
3.62439e-25
4.54676e-25
4.46264e-26
5.57963e-26
5.02662e-27
6.29581e-27
5.19691e-28
6.55019e-28
4.94612e-29
6.29885e-29
4.34434e-30
5.61016e-30
3.52896e-31
4.63622e-31
2.65583e-32
3.56021e-32
1.85438e-33
2.54353e-33
1.20258e-34
1.69224e-34
7.24887e-36
1.04917e-35
4.06301e-37
6.06424e-37
2.11777e-38
3.2682e-38
1.02622e-39
1.64201e-39
4.62011e-41
7.6874e-41
1.93045e-42
3.35095e-42
7.47519e-44
1.35843e-43
2.67727e-45
5.1133e-45
8.84681e-47
1.78354e-46
2.68874e-48
5.75003e-48
7.48692e-50
1.70799e-49
1.90102e-51
4.65629e-51
4.37579e-53
1.15946e-52
9.06508e-55
2.62174e-54
1.67494e-56
5.34425e-56
2.72863e-58
9.73219e-58
3.86136e-60
1.56519e-59
4.65332e-62
2.1902e-61
4.64569e-64
2.61422e-63
3.69005e-66
2.58926e-65
2.18572e-68
2.04372e-67
8.56574e-71
1.20493e-69
1.64904e-73
4.70673e-72
8.7161e-75
2.9092e-21
4.64451e-21
6.62669e-22
1.01325e-21
1.34434e-22
1.98286e-22
2.44175e-23
3.49825e-23
3.99163e-24
5.59178e-24
5.90197e-25
8.13518e-25
7.92857e-26
1.08157e-25
9.71605e-27
1.31871e-26
1.09002e-27
1.47909e-27
1.12302e-28
1.53023e-28
1.06549e-29
1.46368e-29
9.33147e-31
1.29701e-30
7.55897e-32
1.06656e-31
5.67307e-33
8.15092e-33
3.95004e-34
5.79578e-34
2.55424e-35
3.83797e-35
1.53499e-36
2.36843e-36
8.57637e-38
1.36256e-37
4.4553e-39
7.30877e-39
2.1513e-40
3.65466e-40
9.64923e-42
1.70278e-41
4.01606e-43
7.38634e-43
1.54876e-44
2.97955e-44
5.52338e-46
1.11594e-45
1.81711e-47
3.87275e-47
5.49748e-49
1.24216e-48
1.52365e-50
3.67065e-50
3.85024e-52
9.95473e-52
8.81951e-54
2.46586e-53
1.8181e-55
5.54648e-55
3.34256e-57
1.12468e-56
5.4181e-59
2.0374e-58
7.62888e-61
3.2596e-60
9.14755e-63
4.53769e-62
9.08709e-65
5.38853e-64
7.18226e-67
5.31026e-66
4.23353e-69
4.17072e-68
1.65113e-71
2.44708e-70
3.1635e-74
9.51354e-73
1.75204e-75
6.54758e-22
1.13422e-21
1.46236e-22
2.42971e-22
2.92032e-23
4.68435e-23
5.23724e-24
8.16179e-24
8.47311e-25
1.29073e-24
1.24211e-25
1.86027e-25
1.65661e-26
2.45251e-26
2.0176e-27
2.96738e-27
2.25134e-28
3.3047e-28
2.30843e-29
3.39626e-29
2.18064e-30
3.22815e-30
1.90201e-31
2.84335e-31
1.53475e-32
2.32462e-32
1.14749e-33
1.76653e-33
7.95977e-35
1.24919e-34
5.12766e-36
8.22734e-36
3.06969e-37
5.04991e-37
1.70837e-38
2.88974e-38
8.8388e-40
1.5418e-39
4.25011e-41
7.66848e-41
1.89808e-42
3.55378e-42
7.86476e-44
1.53327e-43
3.01909e-45
6.15152e-45
1.07163e-46
2.2914e-46
3.50848e-48
7.90849e-48
1.05622e-49
2.52263e-49
2.91262e-51
7.41327e-51
7.32262e-53
1.99932e-52
1.66869e-54
4.92501e-54
3.42202e-56
1.10165e-55
6.25844e-58
2.22155e-57
1.00914e-59
4.00233e-59
1.41346e-61
6.36844e-61
1.686e-63
8.81782e-63
1.6662e-65
1.04157e-64
1.3102e-67
1.02109e-66
7.68394e-70
7.97872e-69
2.98195e-72
4.65796e-71
5.68512e-75
1.80203e-73
3.2996e-76
1.42259e-22
2.6739e-22
3.11058e-23
5.61325e-23
6.10529e-24
1.06415e-23
1.0794e-24
1.82787e-24
1.72561e-25
2.85519e-25
2.50422e-26
4.07042e-26
3.31102e-27
5.31391e-27
4.00203e-28
6.37214e-28
4.43567e-29
7.03784e-29
4.52054e-30
7.17684e-30
4.24644e-31
6.77163e-31
3.68451e-32
5.92277e-32
2.95828e-33
4.80971e-33
2.20119e-34
3.63124e-34
1.51971e-35
2.55156e-35
9.74424e-37
1.67008e-36
5.80621e-38
1.01884e-37
3.21613e-39
5.79503e-39
1.65606e-40
3.07342e-40
7.92461e-42
1.51954e-41
3.52171e-43
7.00025e-43
1.45193e-44
3.00237e-44
5.54522e-46
1.19744e-45
1.95809e-47
4.43403e-47
6.37695e-49
1.5213e-48
1.90951e-50
4.82392e-50
5.23727e-52
1.40924e-51
1.30954e-53
3.77827e-53
2.96787e-55
9.25258e-55
6.05284e-57
2.05759e-56
1.1009e-58
4.12522e-58
1.76539e-60
7.38931e-60
2.4592e-62
1.1691e-61
2.91748e-64
1.6097e-63
2.86775e-66
1.89092e-65
2.2431e-68
1.84373e-67
1.30866e-70
1.43308e-69
5.05254e-73
8.32315e-72
9.5837e-76
3.20377e-74
5.83114e-77
2.98808e-23
6.10007e-23
6.38593e-24
1.25227e-23
1.22988e-24
2.32981e-24
2.14015e-25
3.93793e-25
3.37558e-26
6.06536e-26
4.84209e-27
8.5397e-27
6.33744e-28
1.10237e-27
7.59147e-29
1.30834e-28
8.34629e-30
1.43128e-29
8.44349e-31
1.44655e-30
7.87762e-32
1.35339e-31
6.79161e-33
1.17426e-32
5.41992e-34
9.46255e-34
4.00935e-35
7.09112e-35
2.7524e-36
4.94691e-36
1.75501e-37
3.21523e-37
1.04e-38
1.94801e-38
5.72917e-40
1.10054e-39
2.93393e-41
5.79794e-41
1.39625e-42
2.84775e-42
6.17067e-44
1.30336e-43
2.52989e-45
5.55392e-45
9.60795e-47
2.20086e-46
3.37349e-48
8.09753e-48
1.09239e-49
2.76058e-49
3.25228e-51
8.69825e-51
8.8687e-53
2.52511e-52
2.20473e-54
6.72776e-54
4.96776e-56
1.63736e-55
1.00729e-57
3.61882e-57
1.82151e-59
7.21124e-59
2.90421e-61
1.28397e-60
4.02257e-63
2.01943e-62
4.74533e-65
2.76433e-64
4.63856e-67
3.22877e-66
3.60835e-69
3.13064e-68
2.09386e-71
2.42009e-70
8.0414e-74
1.39811e-72
1.51731e-76
5.3538e-75
9.68366e-78
6.0749e-24
1.34964e-23
1.2666e-24
2.70321e-24
2.38944e-25
4.92519e-25
4.08561e-26
8.17595e-26
6.34764e-27
1.23952e-26
8.98644e-28
1.72072e-27
1.16259e-28
2.19304e-28
1.37825e-29
2.57249e-29
1.50109e-30
2.78384e-30
1.50551e-31
2.7851e-31
1.39339e-32
2.58088e-32
1.19228e-33
2.21897e-33
9.447e-35
1.77261e-34
6.94064e-36
1.31729e-35
4.73326e-37
9.11558e-37
2.99865e-38
5.87826e-38
1.76574e-39
3.53427e-39
9.66656e-41
1.98179e-40
4.91972e-42
1.03641e-41
2.32689e-43
5.0538e-43
1.02206e-44
2.29659e-44
4.16464e-46
9.71764e-46
1.57195e-47
3.8241e-47
5.48548e-49
1.39733e-48
1.76538e-50
4.73134e-50
5.22368e-52
1.48075e-51
1.41572e-53
4.27001e-53
3.4979e-55
1.13018e-54
7.8335e-57
2.73264e-56
1.57873e-58
6.00072e-58
2.83765e-60
1.18818e-59
4.49731e-62
2.10236e-61
6.19238e-64
3.2863e-63
7.26247e-66
4.47144e-65
7.05834e-68
5.19194e-67
5.45977e-70
5.00519e-69
3.1507e-72
3.84752e-71
1.20346e-74
2.21064e-73
2.25857e-77
8.42034e-76
1.51317e-78
1.19642e-24
2.90151e-24
2.42873e-25
5.65593e-25
4.47966e-26
1.00692e-25
7.51338e-27
1.6383e-26
1.14798e-27
2.44023e-27
1.60154e-28
3.33442e-28
2.04506e-29
4.18918e-29
2.39605e-30
4.84978e-30
2.58176e-31
5.18461e-31
2.56391e-32
5.12814e-32
2.35124e-33
4.70132e-33
1.99458e-34
4.00105e-34
1.5675e-35
3.16527e-35
1.14264e-36
2.33038e-36
7.73384e-38
1.59817e-37
4.86388e-39
1.02167e-38
2.84369e-40
6.09102e-40
1.54592e-41
3.38745e-41
7.8138e-43
1.75734e-42
3.67064e-44
8.50198e-44
1.60145e-45
3.8338e-45
6.48198e-47
1.60993e-46
2.43041e-48
6.2882e-48
8.42525e-50
2.28084e-49
2.6937e-51
7.66704e-51
7.91851e-53
2.38241e-52
2.13215e-54
6.82179e-54
5.23405e-56
1.79306e-55
1.16466e-57
4.30579e-57
2.33231e-59
9.39172e-59
4.16586e-61
1.84733e-60
6.56145e-63
3.24746e-62
8.97933e-65
5.04404e-64
1.04677e-66
6.82041e-66
1.01135e-68
7.87138e-68
7.7777e-71
7.54341e-70
4.4629e-73
5.76536e-72
1.69523e-75
3.29412e-74
3.164e-78
1.24793e-76
2.22753e-79
2.2833e-25
6.07034e-25
4.50326e-26
1.14856e-25
8.1052e-27
1.99324e-26
1.33111e-27
3.17188e-27
1.99687e-28
4.63277e-28
2.74104e-29
6.22014e-29
3.44977e-30
7.69104e-30
3.98919e-31
8.77452e-31
4.24714e-32
9.25399e-32
4.17129e-33
9.03796e-33
3.78599e-34
8.1875e-34
3.18064e-35
6.88971e-35
2.47671e-36
5.39222e-36
1.78964e-37
3.92929e-37
1.20112e-38
2.66819e-38
7.49262e-40
1.68951e-39
4.34607e-41
9.98002e-41
2.34449e-42
5.50075e-42
1.17609e-43
2.82889e-43
5.48395e-45
1.35702e-44
2.37513e-46
6.0685e-46
9.54434e-48
2.52768e-47
3.55318e-49
9.79432e-49
1.22308e-50
3.52485e-50
3.88314e-52
1.1758e-51
1.13363e-53
3.6261e-53
3.03159e-55
1.03062e-54
7.39174e-57
2.68923e-56
1.63379e-58
6.41177e-58
3.2502e-60
1.38874e-59
5.76759e-62
2.71291e-61
9.0261e-64
4.73709e-63
1.22744e-65
7.30954e-65
1.42206e-67
9.82056e-67
1.36561e-69
1.12632e-68
1.044e-71
1.07286e-70
5.95591e-74
8.15168e-73
2.24957e-76
4.63113e-75
4.17512e-79
1.74478e-77
3.09272e-80
4.22068e-26
1.23711e-25
8.07035e-27
2.26579e-26
1.41469e-27
3.82357e-27
2.27097e-28
5.93786e-28
3.33951e-29
8.48751e-29
4.50368e-30
1.11772e-29
5.57888e-31
1.35796e-30
6.35895e-32
1.52448e-31
6.68129e-33
1.58396e-32
6.48224e-34
1.52557e-33
5.81676e-35
1.36403e-34
4.83457e-36
1.13369e-35
3.72656e-37
8.76896e-37
2.66683e-38
6.3185e-38
1.77332e-39
4.24461e-39
1.09637e-40
2.65999e-40
6.30471e-42
1.55564e-41
3.37263e-43
8.49174e-43
1.67804e-44
4.32627e-44
7.76203e-46
2.05646e-45
3.33548e-47
9.11496e-47
1.33004e-48
3.76382e-48
4.91402e-50
1.44611e-49
1.6789e-51
5.16145e-51
5.2912e-53
1.70782e-52
1.53351e-54
5.22524e-54
4.07165e-56
1.47364e-55
9.85775e-58
3.81609e-57
2.16373e-59
9.03102e-59
4.27507e-61
1.94187e-60
7.53536e-63
3.76659e-62
1.17149e-64
6.5315e-64
1.5828e-66
1.00105e-65
1.82216e-68
1.33612e-67
1.739e-70
1.52264e-69
1.32143e-72
1.44141e-71
7.49435e-75
1.08866e-73
2.81442e-77
6.14925e-76
5.19378e-80
2.3038e-78
4.05423e-81
7.54545e-27
2.45651e-26
1.39606e-27
4.34337e-27
2.37917e-28
7.10981e-28
3.72701e-29
1.07514e-28
5.3643e-30
1.50099e-29
7.09763e-31
1.93528e-30
8.6425e-32
2.30653e-31
9.69836e-33
2.54418e-32
1.00449e-33
2.60071e-33
9.61712e-35
2.46708e-34
8.52344e-36
2.17462e-35
7.00209e-37
1.78323e-36
5.33809e-38
1.36181e-37
3.78017e-39
9.69394e-39
2.48852e-40
6.43683e-40
1.52376e-41
3.98903e-41
8.68117e-43
2.30797e-42
4.60216e-44
1.24686e-43
2.26979e-45
6.28898e-45
1.04099e-46
2.96051e-46
4.43612e-48
1.29988e-47
1.75453e-49
5.31855e-49
6.43066e-51
2.02529e-50
2.17987e-52
7.16598e-52
6.81723e-54
2.35104e-53
1.96086e-55
7.13386e-55
5.16768e-57
1.99571e-56
1.24201e-58
5.12741e-58
2.70664e-60
1.20413e-59
5.31016e-62
2.56979e-61
9.29538e-64
4.94822e-63
1.43536e-65
8.51969e-65
1.92651e-67
1.29677e-66
2.20355e-69
1.71923e-68
2.08977e-71
1.94653e-70
1.57826e-73
1.83113e-72
8.89769e-76
1.37463e-74
3.32208e-78
7.71936e-77
6.09543e-81
2.87575e-79
5.02312e-82
1.30078e-27
4.74968e-27
2.32537e-28
8.08722e-28
3.84709e-29
1.28116e-28
5.87285e-30
1.88248e-29
8.26262e-31
2.56194e-30
1.07129e-31
3.22843e-31
1.28082e-32
3.76857e-32
1.41355e-33
4.07839e-33
1.44179e-34
4.09622e-34
1.3609e-35
3.8225e-35
1.19023e-36
3.31794e-36
9.65647e-38
2.68163e-37
7.27522e-39
2.01998e-38
5.09441e-40
1.41926e-39
3.3179e-41
9.30735e-41
2.0108e-42
5.69958e-42
1.13429e-43
3.26014e-43
5.95591e-45
1.74196e-44
2.91032e-46
8.69332e-46
1.32277e-47
4.05052e-47
5.58759e-49
1.76088e-48
2.19109e-50
7.13563e-50
7.96379e-52
2.69192e-51
2.67756e-53
9.43843e-53
8.30683e-55
3.06933e-54
2.37063e-56
9.23358e-56
6.19974e-58
2.56157e-57
1.47888e-59
6.52782e-59
3.19915e-61
1.5209e-60
6.23131e-63
3.22091e-62
1.08312e-64
6.15572e-64
1.66102e-66
1.05219e-65
2.21443e-68
1.59027e-67
2.51631e-70
2.09401e-69
2.37121e-72
2.35526e-71
1.77976e-74
2.20158e-73
9.9736e-77
1.64265e-75
3.7021e-79
9.17039e-78
6.75343e-82
3.39698e-80
5.88801e-83
2.15231e-28
8.92784e-28
3.71503e-29
1.46088e-28
5.96122e-30
2.23514e-29
8.85974e-31
3.18499e-30
1.2173e-31
4.21785e-31
1.54518e-32
5.18626e-32
1.81232e-33
5.92052e-33
1.96542e-34
6.2777e-34
1.97263e-35
6.18725e-35
1.83429e-36
5.6733e-36
1.58194e-37
4.84414e-37
1.26666e-38
3.85503e-38
9.4249e-40
2.8617e-39
6.52204e-41
1.98294e-40
4.19997e-42
1.28331e-41
2.51796e-43
7.76002e-43
1.40567e-44
4.38531e-44
7.30711e-46
2.3161e-45
3.53607e-47
1.14301e-46
1.59212e-48
5.26856e-48
6.66414e-50
2.26668e-49
2.5901e-51
9.09329e-51
9.33276e-53
3.39718e-52
3.11141e-54
1.17993e-53
9.57342e-56
3.80208e-55
2.71016e-57
1.13368e-56
7.03206e-59
3.11802e-58
1.66456e-60
7.87965e-60
3.57387e-62
1.82102e-61
6.91029e-64
3.82624e-63
1.19256e-65
7.25701e-65
1.81614e-67
1.2313e-66
2.40482e-69
1.84772e-68
2.71465e-71
2.41626e-70
2.54176e-73
2.69967e-72
1.89595e-75
2.50742e-74
1.0561e-77
1.85938e-76
3.89726e-80
1.03194e-78
7.06822e-83
3.80097e-81
6.536e-84
3.39458e-29
1.62725e-28
5.65997e-30
2.55511e-29
8.8089e-31
3.76937e-30
1.27429e-31
5.20037e-31
1.70916e-32
6.69078e-32
2.12303e-33
8.01566e-33
2.44158e-34
8.93661e-34
2.60056e-35
9.27251e-35
2.56703e-36
8.95771e-36
2.35033e-37
8.0621e-37
1.99781e-38
6.76496e-38
1.57795e-39
5.29624e-39
1.15904e-40
3.87126e-40
7.92266e-42
2.6435e-41
5.04246e-43
1.68716e-42
2.9893e-44
1.00675e-43
1.6509e-45
5.61756e-45
8.49318e-47
2.93104e-46
4.06899e-48
1.42969e-47
1.81436e-49
6.51639e-49
7.52323e-51
2.77336e-50
2.89738e-52
1.10104e-51
1.03476e-53
4.07213e-53
3.42001e-55
1.40064e-54
1.04346e-56
4.47093e-56
2.9298e-58
1.321e-57
7.54135e-60
3.60129e-59
1.77124e-61
9.02349e-61
3.7741e-63
2.06818e-62
7.24357e-65
4.31093e-64
1.24109e-66
8.11326e-66
1.87681e-68
1.36633e-67
2.46825e-70
2.03559e-69
2.76787e-72
2.6435e-71
2.57502e-74
2.93389e-73
1.90888e-76
2.70754e-75
1.05694e-78
1.9955e-77
3.87768e-81
1.101e-79
6.99197e-84
4.03248e-82
6.87728e-85
5.05297e-30
2.86634e-29
8.15607e-31
4.31523e-30
1.23282e-31
6.13106e-31
1.73721e-32
8.17926e-32
2.27561e-33
1.02108e-32
2.76666e-34
1.19038e-33
3.12001e-35
1.2946e-34
3.26368e-36
1.31302e-35
3.16804e-37
1.24203e-36
2.85556e-38
1.0962e-37
2.39184e-39
9.03166e-39
1.86314e-40
6.95049e-40
1.35064e-41
4.99887e-41
9.11746e-43
3.36162e-42
5.73393e-44
2.11451e-43
3.36051e-45
1.24441e-44
1.83559e-46
6.85257e-46
9.34379e-48
3.53053e-47
4.43096e-49
1.70138e-48
1.95632e-50
7.66515e-50
8.03456e-52
3.22603e-51
3.0657e-53
1.26705e-52
1.08504e-54
4.63782e-54
3.55493e-56
1.57935e-55
1.07543e-57
4.993e-57
2.99462e-59
1.46158e-58
7.64629e-61
3.94888e-60
1.78185e-62
9.80886e-62
3.76782e-64
2.22942e-63
7.17799e-66
4.60956e-65
1.221e-67
8.6078e-67
1.83353e-69
1.43874e-68
2.39498e-71
2.12801e-70
2.66806e-73
2.74434e-72
2.46641e-75
3.02554e-74
1.81714e-77
2.77433e-76
1.00017e-79
2.03228e-78
3.64823e-82
1.11478e-80
6.54034e-85
4.06014e-83
6.86575e-86
6.99663e-31
4.86024e-30
1.09852e-31
7.0142e-31
1.61812e-32
9.59239e-32
2.22643e-33
1.2364e-32
2.85316e-34
1.49627e-33
3.39938e-35
1.69583e-34
3.7624e-36
1.79741e-35
3.86762e-37
1.78032e-36
3.69353e-38
1.64762e-37
3.27852e-39
1.42488e-38
2.70661e-40
1.15186e-39
2.07956e-41
8.70769e-41
1.48794e-42
6.15832e-42
9.91975e-44
4.07606e-43
6.16439e-45
2.52558e-44
3.57159e-46
1.4652e-45
1.92949e-47
7.95906e-47
9.71789e-49
4.04754e-48
4.56132e-50
1.92638e-49
1.994e-51
8.57581e-51
8.11102e-53
3.56819e-52
3.06619e-54
1.38611e-53
1.07546e-55
5.02019e-55
3.49277e-57
1.69224e-56
1.04766e-58
5.2977e-58
2.89326e-60
1.5362e-59
7.32832e-62
4.11287e-61
1.69445e-63
1.0127e-62
3.55588e-65
2.28236e-64
6.72439e-67
4.68076e-66
1.13567e-68
8.67255e-68
1.69358e-70
1.43868e-69
2.19735e-72
2.11258e-71
2.43202e-74
2.70562e-73
2.2341e-76
2.96313e-75
1.63602e-78
2.69994e-77
8.95204e-81
1.96587e-79
3.24678e-83
1.07217e-81
5.78742e-86
3.8834e-84
6.50923e-87
8.80581e-32
7.89961e-31
1.35785e-32
1.09335e-31
1.9627e-33
1.43915e-32
2.65041e-34
1.7916e-33
3.33536e-35
2.10067e-34
3.90535e-36
2.31316e-35
4.25132e-37
2.38777e-36
4.30175e-38
2.30821e-37
4.04682e-39
2.08857e-38
3.54097e-40
1.76876e-39
2.8835e-41
1.40213e-40
2.18661e-42
1.04067e-41
1.54499e-43
7.23369e-43
1.01764e-44
4.71024e-44
6.25079e-46
2.87372e-45
3.58131e-47
1.64286e-46
1.91395e-48
8.80019e-48
9.53952e-50
4.41603e-49
4.43262e-51
2.07517e-50
1.91889e-52
9.12637e-52
7.73191e-54
3.75324e-53
2.89615e-55
1.44178e-54
1.0068e-56
5.16607e-56
3.24163e-58
1.72356e-57
9.64195e-60
5.34255e-59
2.64111e-61
1.53452e-60
6.63679e-63
4.07093e-62
1.52277e-64
9.93582e-64
3.17178e-66
2.22038e-65
5.95462e-68
4.51673e-67
9.9861e-70
8.30346e-69
1.47906e-71
1.36716e-70
1.90639e-73
1.99319e-72
2.09657e-75
2.53524e-74
1.91411e-77
2.75838e-76
1.39337e-79
2.49771e-78
7.58054e-82
1.80784e-80
2.73401e-84
9.80421e-83
4.84601e-87
3.53186e-85
5.86602e-88
9.64408e-33
1.22548e-31
1.49153e-33
1.6282e-32
2.14675e-34
2.06374e-33
2.87494e-35
2.48162e-34
3.58e-36
2.81877e-35
4.143e-37
3.01478e-36
4.45504e-38
3.02972e-37
4.45211e-39
2.85715e-38
4.13656e-40
2.52659e-39
3.57538e-41
2.09446e-40
2.87668e-42
1.62747e-41
2.15591e-43
1.18548e-42
1.50592e-44
8.09609e-44
9.80893e-46
5.18468e-45
5.96003e-47
3.11368e-46
3.37888e-48
1.75362e-47
1.78734e-49
9.26086e-49
8.82022e-51
4.5847e-50
4.05893e-52
2.12679e-51
1.74068e-53
9.23873e-53
6.95005e-55
3.75489e-54
2.58028e-56
1.42622e-55
8.89288e-58
5.05534e-57
2.83933e-59
1.66922e-58
8.37674e-61
5.12291e-60
2.27641e-62
1.45746e-61
5.67639e-64
3.83123e-63
1.29269e-65
9.26891e-65
2.67301e-67
2.05393e-66
4.98294e-69
4.14446e-68
8.29958e-71
7.56022e-70
1.22115e-72
1.23558e-71
1.5639e-74
1.78863e-73
1.70928e-76
2.25969e-75
1.5512e-78
2.44277e-77
1.12267e-80
2.19839e-79
6.07373e-83
1.58195e-81
2.17866e-85
8.5319e-84
3.8404e-88
3.05728e-86
5.02956e-89
8.2221e-34
1.35547e-34
2.01571e-35
2.74236e-36
3.43524e-37
3.9755e-38
4.25926e-39
4.23107e-40
3.90203e-41
3.34454e-42
2.66697e-43
1.98027e-44
1.37023e-45
8.84082e-47
5.32128e-48
2.98866e-49
1.56639e-50
7.65994e-52
3.49368e-53
1.48523e-54
5.87966e-56
2.16476e-57
7.40036e-59
2.34413e-60
6.86244e-62
1.85086e-63
4.58137e-65
1.03586e-66
2.12708e-68
3.9385e-70
6.5171e-72
9.52811e-74
1.21276e-75
1.31761e-77
1.18888e-79
8.55665e-82
4.6043e-84
1.6429e-86
2.88046e-89
)
;

boundaryField
{
    leftWall
    {
        type            calculated;
        value           nonuniform 0();
    }
    rightWall
    {
        type            calculated;
        value           uniform 0;
    }
    lowerWall
    {
        type            calculated;
        value           uniform 0;
    }
    atmosphere
    {
        type            calculated;
        value           nonuniform 0();
    }
    defaultFaces
    {
        type            empty;
        value           nonuniform 0();
    }
    procBoundary1to0
    {
        type            processor;
        value           nonuniform List<scalar> 
44
(
-1.07576e-08
-7.88442e-08
-6.3094e-08
1.73117e-08
5.42807e-09
-1.01675e-09
-1.36697e-10
-5.29222e-11
-6.82848e-11
-6.96185e-11
-6.50509e-11
-5.02311e-11
-2.56775e-11
-9.82139e-12
-3.13616e-12
-8.31541e-13
-2.12907e-13
-5.28982e-14
-1.42828e-14
-3.82507e-15
2.14051e-15
-8.64329e-16
-3.82587e-16
-1.3421e-16
-4.56421e-17
-1.49061e-17
-4.67098e-18
-1.40915e-18
-4.11378e-19
-1.16865e-19
-3.24688e-20
-8.85373e-21
-2.37235e-21
-6.23514e-22
-1.59937e-22
-3.9716e-23
-9.44274e-24
-2.11921e-24
-4.40489e-25
-8.23899e-26
-1.31306e-26
-1.53274e-27
-3.15059e-29
7.9571e-30
)
;
    }
    procBoundary1to3
    {
        type            processor;
        value           nonuniform List<scalar> 
45
(
2.3632e-28
3.44353e-29
5.28212e-30
8.06902e-31
1.21679e-31
1.807e-32
2.30785e-33
2.81934e-34
3.27642e-35
3.60606e-36
3.74622e-37
3.66489e-38
3.3711e-39
2.91283e-40
2.36304e-41
1.79942e-42
1.2861e-43
8.62779e-45
5.43284e-46
3.21111e-47
1.78136e-48
9.27336e-50
4.52866e-51
2.07366e-52
8.89693e-54
3.57342e-55
1.34201e-56
4.70566e-58
1.53774e-59
4.67281e-61
1.31683e-62
3.43014e-64
8.22641e-66
1.80774e-67
3.6186e-69
6.55066e-71
1.0628e-72
1.52782e-74
1.91742e-76
2.05973e-78
1.8426e-80
1.31842e-82
7.07258e-85
2.52135e-87
4.10668e-90
)
;
    }
}


// ************************************************************************* //
