/*--------------------------------*- C++ -*----------------------------------*\
| =========                 |                                                 |
| \\      /  F ield         | OpenFOAM: The Open Source CFD Toolbox           |
|  \\    /   O peration     | Version:  3.0.1                                 |
|   \\  /    A nd           | Web:      www.OpenFOAM.org                      |
|    \\/     M anipulation  |                                                 |
\*---------------------------------------------------------------------------*/
FoamFile
{
    version     2.0;
    format      ascii;
    class       volScalarField;
    location    "0.1";
    object      p_rgh;
}
// * * * * * * * * * * * * * * * * * * * * * * * * * * * * * * * * * * * * * //

dimensions      [1 -1 -2 0 0 0 0];

internalField   nonuniform List<scalar> 
1915
(
7.29518
7.25054
7.19308
7.16427
6.51564
6.6468
5.34933
5.63951
4.24065
4.56026
3.37368
3.65295
2.74742
2.94566
2.29277
2.37737
1.93005
1.86413
1.62813
1.32429
0.668373
0.669512
0.67017
0.669951
0.668565
0.665953
0.662261
0.657704
0.652492
0.646805
0.640797
0.634584
0.628247
0.62187
0.615521
0.609252
0.603102
0.597107
0.591293
0.585682
0.580292
0.575137
0.570232
0.565583
0.561196
0.557075
0.553225
0.54965
0.54635
0.543326
0.540578
0.538107
0.535914
0.533999
0.532359
0.530996
0.529908
0.529097
0.528565
0.528306
0.667704
0.669161
0.670114
0.670121
0.668847
0.666261
0.662549
0.657951
0.652689
0.646949
0.64088
0.634604
0.62823
0.62183
0.615463
0.609177
0.603014
0.597008
0.591184
0.585565
0.580169
0.575011
0.570102
0.56545
0.56106
0.556937
0.553087
0.549511
0.54621
0.543186
0.540437
0.537966
0.535774
0.533858
0.532219
0.530854
0.529767
0.528957
0.528426
0.528168
0.666297
0.668432
0.670015
0.670512
0.669465
0.666923
0.663163
0.658476
0.653108
0.647259
0.64109
0.634729
0.628272
0.621801
0.615374
0.609039
0.602837
0.596798
0.590948
0.585309
0.579897
0.574727
0.569809
0.565149
0.560754
0.556628
0.552776
0.549198
0.545897
0.542872
0.540124
0.537654
0.535462
0.533548
0.531909
0.530545
0.529458
0.52865
0.528119
0.52786
0.663961
0.667211
0.66988
0.671194
0.670483
0.667979
0.664128
0.659291
0.65375
0.64773
0.641402
0.634897
0.628317
0.62174
0.615225
0.608817
0.602554
0.596466
0.590578
0.584908
0.579473
0.574285
0.569352
0.564683
0.56028
0.55615
0.552294
0.548715
0.545412
0.542387
0.53964
0.537171
0.534981
0.533068
0.53143
0.530068
0.528982
0.528175
0.527644
0.527385
0.660327
0.665244
0.669729
0.672275
0.671965
0.669458
0.665451
0.660389
0.654603
0.648345
0.641797
0.6351
0.628354
0.621638
0.615005
0.608501
0.602158
0.596007
0.590069
0.58436
0.578894
0.573682
0.568732
0.56405
0.559638
0.555501
0.551642
0.54806
0.544757
0.541732
0.538986
0.53652
0.534332
0.53242
0.530784
0.529424
0.52834
0.527533
0.527003
0.526744
0.654734
0.661666
0.669469
0.673897
0.674
0.671386
0.667132
0.661759
0.655647
0.649081
0.642256
0.635318
0.628366
0.621476
0.6147
0.608078
0.601641
0.595414
0.589415
0.583659
0.578156
0.572916
0.567945
0.563247
0.558825
0.554681
0.550818
0.547234
0.54393
0.540906
0.538163
0.535699
0.533513
0.531605
0.529971
0.528613
0.527531
0.526725
0.526196
0.525938
0.644307
0.654858
0.668469
0.675971
0.676623
0.673778
0.669158
0.663374
0.65685
0.649907
0.642752
0.635522
0.628328
0.621235
0.614292
0.607534
0.600988
0.594674
0.588607
0.582796
0.577252
0.571981
0.566987
0.562272
0.557839
0.553688
0.54982
0.546235
0.542932
0.53991
0.537169
0.534708
0.532526
0.530621
0.528991
0.527636
0.526556
0.525752
0.525223
0.524966
0.627619
0.643427
0.666693
0.678373
0.67971
0.676606
0.671501
0.66519
0.658168
0.650778
0.643234
0.635677
0.628207
0.620888
0.61376
0.606852
0.600186
0.593777
0.587634
0.581765
0.576177
0.570872
0.565854
0.561123
0.556678
0.55252
0.548648
0.545062
0.541761
0.538742
0.536004
0.533548
0.53137
0.52947
0.527844
0.526492
0.525415
0.524613
0.524086
0.52383
0.613275
0.633368
0.665959
0.681415
0.683081
0.679718
0.674104
0.667151
0.659539
0.651638
0.643661
0.63574
0.627971
0.620406
0.613079
0.606011
0.599218
0.592708
0.586486
0.580557
0.574923
0.569584
0.564542
0.559793
0.555338
0.551173
0.5473
0.543715
0.540417
0.537401
0.534668
0.532217
0.530046
0.528151
0.52653
0.525182
0.524108
0.52331
0.522785
0.52253
0.585069
0.626059
0.666957
0.685083
0.686787
0.682985
0.67684
0.66918
0.660889
0.652429
0.643976
0.635666
0.627579
0.619756
0.612222
0.604989
0.598065
0.591453
0.585152
0.579162
0.573482
0.568111
0.563045
0.558281
0.553816
0.549648
0.545775
0.542193
0.538898
0.535888
0.533161
0.530717
0.528552
0.526664
0.525049
0.523707
0.522638
0.521843
0.521321
0.521067
1.36675
0.741076
1.20999
0.793391
1.16582
0.980561
1.14422
1.04891
1.10986
1.04246
1.06951
1.0199
1.02989
0.993948
0.990522
0.963611
0.950705
0.930196
0.911256
0.895877
0.861639
0.827793
0.794575
0.762086
0.730335
0.699335
0.669091
0.639585
0.610785
0.582657
0.555173
0.5283
0.502011
0.476283
0.451104
0.426463
0.402351
0.378762
0.3557
0.333181
0.311232
0.289876
0.269152
-0.483915
-0.0797725
0.09688
0.366426
0.019071
-0.00767728
0.163307
0.394874
0.513912
0.330599
0.401606
0.52937
0.792641
0.634374
0.62345
0.665399
0.904155
0.797647
0.759821
0.756117
0.940502
0.869242
0.827481
0.804859
0.943193
0.892433
0.853606
0.825442
0.927817
0.890108
0.85696
0.829462
0.903848
0.875449
0.848211
0.82339
0.876319
0.854669
0.832421
0.81073
0.847036
0.830332
0.812243
0.793741
0.816901
0.803998
0.789436
0.773949
0.786584
0.776722
0.765134
0.752354
0.756465
0.749092
0.740012
0.729626
0.726712
0.721425
0.714493
0.706224
0.697425
0.693925
0.688856
0.682458
0.668671
0.666723
0.663283
0.658545
0.640474
0.639889
0.637887
0.634629
0.612836
0.613462
0.612743
0.610814
0.585753
0.587466
0.5879
0.587169
0.559214
0.561911
0.563389
0.563747
0.533207
0.536801
0.539233
0.540584
0.507717
0.51214
0.515447
0.517711
0.482736
0.487927
0.492045
0.495154
0.458258
0.464168
0.469041
0.472933
0.434283
0.440868
0.446446
0.451069
0.410809
0.418033
0.424275
0.429581
0.387838
0.395672
0.40254
0.408489
0.365374
0.373795
0.38126
0.387815
0.343436
0.352421
0.360453
0.367581
0.322049
0.331573
0.340145
0.347813
0.301241
0.311282
0.320364
0.328538
0.281043
0.291579
0.301141
0.309787
0.539302
0.622457
0.670822
0.690125
0.691337
0.686614
0.679653
0.671189
0.662148
0.653067
0.644117
0.6354
0.626982
0.618896
0.611152
0.603753
0.596698
0.589984
0.583605
0.577556
0.571833
0.566431
0.561344
0.556566
0.552094
0.547925
0.544054
0.540477
0.537189
0.534186
0.531467
0.529032
0.526876
0.524996
0.523388
0.522052
0.520988
0.520198
0.519679
0.519426
0.560989
0.645731
0.685546
0.699298
0.697701
0.690922
0.682544
0.673066
0.663224
0.653475
0.644003
0.634871
0.626124
0.617775
0.609824
0.602262
0.595081
0.588269
0.581816
0.575713
0.569951
0.564521
0.559416
0.554629
0.550154
0.545987
0.542122
0.538553
0.535273
0.53228
0.529572
0.527148
0.525002
0.523131
0.521531
0.520203
0.519147
0.518361
0.517846
0.517594
0.634217
0.686304
0.706629
0.710934
0.705158
0.695593
0.685315
0.674729
0.663973
0.653541
0.643548
0.634012
0.624947
0.61635
0.608204
0.600491
0.593193
0.586293
0.579774
0.573622
0.567828
0.562377
0.55726
0.552468
0.547995
0.543835
0.539979
0.536419
0.533151
0.530171
0.527478
0.525066
0.522933
0.521072
0.519483
0.518165
0.517116
0.516336
0.515824
0.515573
0.706181
0.724175
0.726592
0.721679
0.71171
0.69965
0.687616
0.675781
0.664207
0.653138
0.642657
0.632749
0.623395
0.614572
0.606252
0.598406
0.591007
0.58403
0.577457
0.571268
0.565449
0.559985
0.554863
0.550074
0.545608
0.541459
0.537616
0.534071
0.530819
0.527856
0.525179
0.522783
0.520664
0.518817
0.51724
0.515932
0.514892
0.514118
0.513609
0.513361
0.757128
0.751934
0.742139
0.730327
0.716804
0.702628
0.689006
0.676081
0.663767
0.652145
0.641241
0.63101
0.621408
0.612395
0.60393
0.595975
0.588494
0.581459
0.574846
0.568633
0.562801
0.557333
0.552215
0.547436
0.542984
0.538851
0.535027
0.531502
0.52827
0.525328
0.522671
0.520294
0.518191
0.51636
0.514796
0.513501
0.51247
0.511704
0.5112
0.510953
0.787058
0.769574
0.75258
0.736109
0.719853
0.704041
0.689216
0.675422
0.662511
0.650451
0.639211
0.628726
0.618932
0.609774
0.601201
0.593166
0.585629
0.578557
0.571923
0.565701
0.55987
0.55441
0.549306
0.544545
0.540115
0.536006
0.532205
0.528706
0.5255
0.522583
0.51995
0.517594
0.515511
0.513697
0.51215
0.510868
0.509849
0.50909
0.508591
0.508348
0.801047
0.778242
0.757498
0.738382
0.72046
0.70362
0.688025
0.673646
0.660323
0.647963
0.636495
0.625839
0.615918
0.606668
0.59803
0.589951
0.582388
0.575304
0.568669
0.562457
0.556642
0.551203
0.546125
0.541392
0.536993
0.532914
0.529146
0.525678
0.522503
0.519615
0.517009
0.514679
0.512618
0.510825
0.509297
0.50803
0.507023
0.506273
0.505781
0.50554
0.803923
0.779553
0.757457
0.737264
0.718593
0.701274
0.685317
0.670648
0.657118
0.64461
0.633033
0.622299
0.612326
0.603043
0.594387
0.586304
0.578748
0.571681
0.56507
0.558887
0.553105
0.547702
0.542662
0.537969
0.53361
0.529572
0.525842
0.522412
0.519274
0.516421
0.513847
0.511545
0.509511
0.507741
0.506233
0.504984
0.503991
0.503251
0.502765
0.502528
0.799001
0.775135
0.753209
0.733009
0.71431
0.697004
0.681053
0.666377
0.652846
0.640347
0.628784
0.61807
0.608122
0.59887
0.590248
0.582204
0.574692
0.567672
0.561111
0.554979
0.549248
0.543898
0.53891
0.53427
0.529961
0.525971
0.522288
0.518904
0.515808
0.512995
0.510457
0.508188
0.506184
0.504441
0.502957
0.501727
0.500749
0.500021
0.499542
0.499309
0.78855
0.766292
0.745433
0.725946
0.707775
0.69089
0.675263
0.660829
0.647492
0.635153
0.623726
0.613128
0.603286
0.594128
0.585595
0.577636
0.570205
0.563265
0.556781
0.550722
0.545062
0.539782
0.534862
0.530286
0.526039
0.522108
0.518481
0.515149
0.512103
0.509335
0.506838
0.504607
0.502636
0.500923
0.499464
0.498256
0.497295
0.496579
0.496109
0.49588
0.774195
0.754052
0.734765
0.716464
0.699218
0.683067
0.668019
0.65404
0.641067
0.629028
0.61785
0.607465
0.597804
0.588806
0.580416
0.572587
0.565277
0.558449
0.552069
0.546107
0.54054
0.535348
0.530511
0.526014
0.52184
0.517978
0.514416
0.511144
0.508154
0.505437
0.502987
0.500797
0.498864
0.497184
0.495753
0.494568
0.493626
0.492925
0.492464
0.492239
0.757079
0.739232
0.721781
0.70495
0.688889
0.673698
0.659425
0.646072
0.63361
0.621993
0.611168
0.601081
0.591675
0.582898
0.574705
0.567052
0.559901
0.553217
0.546969
0.54113
0.535677
0.530591
0.525854
0.521448
0.51736
0.513577
0.510089
0.506886
0.503959
0.5013
0.498901
0.496757
0.494866
0.493222
0.491823
0.490663
0.489742
0.489055
0.488604
0.488384
0.738028
0.722488
0.706972
0.691754
0.677035
0.662957
0.649602
0.637007
0.625174
0.614082
0.603701
0.593989
0.584905
0.576409
0.568463
0.561029
0.554074
0.547567
0.541479
0.535787
0.530469
0.525509
0.520886
0.516587
0.512597
0.508904
0.5055
0.502374
0.499516
0.49692
0.494578
0.492486
0.49064
0.489036
0.487671
0.486539
0.48564
0.48497
0.484529
0.484315
0.717652
0.70433
0.690746
0.677191
0.663892
0.651018
0.638679
0.626938
0.615825
0.605344
0.595481
0.586212
0.577511
0.569349
0.561696
0.554522
0.547799
0.541499
0.535599
0.530078
0.524917
0.520099
0.515608
0.511428
0.507548
0.503958
0.500646
0.497605
0.494825
0.492298
0.490019
0.487983
0.486187
0.484626
0.483297
0.482196
0.48132
0.480667
0.480239
0.48003
0.696389
0.685149
0.673433
0.661531
0.649675
0.63805
0.626785
0.615964
0.605639
0.595833
0.586549
0.577781
0.569515
0.561734
0.554416
0.547539
0.54108
0.535017
0.529331
0.524005
0.519021
0.514364
0.510019
0.505973
0.502215
0.498737
0.495528
0.49258
0.489883
0.487433
0.485222
0.483247
0.481505
0.479991
0.478701
0.477632
0.476781
0.476148
0.475732
0.47553
0.674558
0.665245
0.655301
0.645001
0.634574
0.624209
0.614046
0.604186
0.594694
0.585609
0.576953
0.568732
0.560945
0.553585
0.54664
0.540093
0.533929
0.52813
0.522683
0.517573
0.512784
0.508305
0.504121
0.500222
0.496599
0.493244
0.490146
0.487298
0.484693
0.482325
0.480188
0.47828
0.476595
0.475131
0.473883
0.472848
0.472025
0.471413
0.471011
0.470815
0.652388
0.644846
0.636563
0.627793
0.618756
0.609637
0.600581
0.591699
0.583067
0.574737
0.566743
0.559106
0.551834
0.54493
0.538388
0.5322
0.526358
0.520849
0.515663
0.510788
0.506213
0.501926
0.497918
0.49418
0.490703
0.48748
0.484502
0.481763
0.479256
0.476976
0.474919
0.473081
0.471458
0.470047
0.468844
0.467846
0.467053
0.466462
0.466074
0.465886
0.630045
0.624125
0.617389
0.610066
0.602363
0.594459
0.586499
0.578596
0.570836
0.563281
0.555975
0.548948
0.542218
0.535796
0.529684
0.523881
0.518384
0.513186
0.508281
0.50366
0.499314
0.495235
0.491416
0.48785
0.48453
0.481449
0.4786
0.475976
0.473574
0.471389
0.469416
0.467653
0.466096
0.464741
0.463585
0.462627
0.461865
0.461297
0.460925
0.460745
0.607653
0.603218
0.597915
0.591952
0.58552
0.578789
0.571899
0.564965
0.558078
0.551307
0.544703
0.538304
0.532136
0.526217
0.520556
0.515159
0.510027
0.505159
0.500552
0.4962
0.492097
0.48824
0.484622
0.481239
0.478086
0.475155
0.472442
0.469942
0.467651
0.465566
0.463683
0.461999
0.460511
0.459215
0.45811
0.457193
0.456464
0.455921
0.455565
0.455393
0.585301
0.582225
0.57825
0.573561
0.568333
0.562724
0.556872
0.550888
0.544865
0.538877
0.532982
0.527221
0.521629
0.516228
0.511034
0.506058
0.501308
0.496785
0.49249
0.48842
0.484574
0.48095
0.477545
0.474355
0.471377
0.468605
0.466036
0.463666
0.461492
0.459512
0.457723
0.456122
0.454706
0.453472
0.45242
0.451547
0.450853
0.450336
0.449998
0.449834
0.563056
0.56123
0.558483
0.554984
0.550892
0.546354
0.5415
0.53644
0.531267
0.526055
0.520866
0.515747
0.510737
0.505863
0.501148
0.496606
0.49225
0.488084
0.484112
0.480336
0.476758
0.473378
0.470194
0.467206
0.464411
0.461805
0.459386
0.457152
0.455101
0.453231
0.45154
0.450025
0.448685
0.447517
0.44652
0.445692
0.445034
0.444545
0.444225
0.444069
0.540973
0.540295
0.538687
0.536299
0.533277
0.529756
0.52586
0.521693
0.517346
0.512897
0.508407
0.503928
0.499502
0.495161
0.49093
0.486831
0.482876
0.479076
0.475437
0.471965
0.468663
0.465535
0.462582
0.459803
0.457197
0.454764
0.452501
0.450409
0.448485
0.44673
0.44514
0.443715
0.442453
0.441353
0.440413
0.439633
0.439013
0.438552
0.43825
0.438104
0.519093
0.519476
0.518924
0.517574
0.515558
0.513001
0.510018
0.50671
0.503165
0.499459
0.495656
0.49181
0.487965
0.484156
0.480414
0.476761
0.473213
0.469785
0.466486
0.463324
0.460306
0.457437
0.45472
0.452156
0.449746
0.44749
0.445389
0.443442
0.44165
0.440013
0.438529
0.437197
0.436016
0.434986
0.434105
0.433374
0.432793
0.432361
0.432078
0.431942
0.497452
0.498817
0.499248
0.498867
0.497796
0.49615
0.494036
0.49155
0.488777
0.485793
0.482662
0.479437
0.476166
0.472887
0.469631
0.466424
0.463286
0.460234
0.457279
0.454432
0.451703
0.449098
0.446621
0.444277
0.442067
0.439994
0.438058
0.436261
0.434605
0.433089
0.431713
0.430476
0.429379
0.428421
0.427601
0.42692
0.426379
0.425977
0.425714
0.425587
0.476082
0.478359
0.479705
0.48023
0.480046
0.479259
0.477969
0.476267
0.474236
0.471949
0.46947
0.466853
0.464146
0.461388
0.458614
0.455852
0.453123
0.450446
0.447838
0.445309
0.442872
0.440534
0.438302
0.43618
0.434174
0.432286
0.430519
0.428875
0.427357
0.425965
0.4247
0.423561
0.422549
0.421664
0.420906
0.420277
0.419777
0.419405
0.419163
0.419046
0.45501
0.458137
0.460336
0.461708
0.462356
0.462378
0.461868
0.460912
0.45959
0.457974
0.456125
0.454098
0.451941
0.449695
0.447396
0.445072
0.442749
0.440448
0.438185
0.435975
0.433831
0.431761
0.429775
0.427879
0.426078
0.424378
0.422782
0.421294
0.419916
0.41865
0.417497
0.416458
0.415533
0.414723
0.414028
0.413451
0.412993
0.412653
0.412431
0.412324
0.434263
0.438183
0.441178
0.443342
0.44477
0.445552
0.445778
0.445531
0.444885
0.443911
0.442669
0.441212
0.43959
0.437843
0.436008
0.434116
0.432193
0.430263
0.428344
0.426451
0.424598
0.422797
0.421058
0.419388
0.417794
0.416282
0.414859
0.413527
0.412291
0.411153
0.410114
0.409176
0.408338
0.407604
0.406974
0.40645
0.406034
0.405725
0.405524
0.405427
0.413865
0.418526
0.422265
0.42517
0.427327
0.428824
0.429744
0.430166
0.430164
0.429802
0.429141
0.428233
0.427127
0.425863
0.424481
0.423011
0.421482
0.419917
0.418336
0.416757
0.415194
0.41366
0.412165
0.410721
0.409334
0.408012
0.406761
0.405587
0.404494
0.403484
0.40256
0.401722
0.400973
0.400315
0.39975
0.39928
0.398907
0.39863
0.39845
0.398363
0.393841
0.399196
0.40363
0.407225
0.410065
0.412232
0.413805
0.41486
0.415465
0.415686
0.415579
0.415196
0.414586
0.41379
0.412846
0.411787
0.410641
0.409433
0.408184
0.406913
0.405636
0.404365
0.403115
0.401894
0.400713
0.39958
0.398502
0.397486
0.396535
0.395653
0.394843
0.394106
0.393446
0.392865
0.392365
0.39195
0.391619
0.391374
0.391215
0.391138
0.374218
0.38022
0.385302
0.389543
0.39302
0.395814
0.397999
0.399648
0.400827
0.401598
0.402017
0.402136
0.402001
0.401654
0.401132
0.40047
0.399696
0.398836
0.397911
0.396942
0.395944
0.394933
0.393922
0.392923
0.391946
0.391
0.390094
0.389234
0.388424
0.387669
0.386973
0.386338
0.385766
0.385263
0.384829
0.384467
0.384179
0.383966
0.383827
0.383761
0.355021
0.361628
0.367313
0.372153
0.376225
0.379603
0.38236
0.384566
0.386284
0.387573
0.38849
0.389084
0.389402
0.389484
0.389368
0.389088
0.388673
0.388149
0.387538
0.386862
0.386138
0.385381
0.384605
0.383824
0.383048
0.382287
0.38155
0.380843
0.380173
0.379544
0.378961
0.378426
0.377944
0.377517
0.377149
0.376841
0.376595
0.376413
0.376294
0.376238
0.33628
0.343448
0.349692
0.355088
0.359711
0.363632
0.366922
0.369646
0.371867
0.373643
0.375029
0.376072
0.376819
0.377309
0.377581
0.377667
0.377596
0.377395
0.377088
0.376696
0.376236
0.375726
0.375181
0.374613
0.374034
0.373455
0.372883
0.372327
0.371794
0.371289
0.370817
0.370382
0.369988
0.369638
0.369334
0.369079
0.368875
0.368724
0.368625
0.368579
0.318024
0.32571
0.332469
0.338377
0.343508
0.347931
0.351714
0.354919
0.357608
0.359838
0.361664
0.36313
0.364281
0.365157
0.365796
0.36623
0.366488
0.366598
0.366582
0.366462
0.366258
0.365987
0.365664
0.365304
0.364918
0.364515
0.364106
0.363698
0.363299
0.362915
0.362553
0.362217
0.361909
0.361634
0.361394
0.361191
0.361028
0.360907
0.360828
0.360792
)
;

boundaryField
{
    leftWall
    {
        type            fixedFluxPressure;
        gradient        nonuniform 0();
        value           nonuniform 0();
    }
    rightWall
    {
        type            fixedFluxPressure;
        gradient        uniform 0;
        value           nonuniform List<scalar> 
43
(
0.528306
0.528168
0.52786
0.527385
0.526744
0.525938
0.524966
0.52383
0.52253
0.521067
0.519426
0.517594
0.515573
0.513361
0.510953
0.508348
0.50554
0.502528
0.499309
0.49588
0.492239
0.488384
0.484315
0.48003
0.47553
0.470815
0.465886
0.460745
0.455393
0.449834
0.444069
0.438104
0.431942
0.425587
0.419046
0.412324
0.405427
0.398363
0.391138
0.383761
0.376238
0.368579
0.360792
)
;
    }
    lowerWall
    {
        type            fixedFluxPressure;
        gradient        uniform 0;
        value           nonuniform List<scalar> 
66
(
7.29518
7.25054
7.25054
7.16427
6.6468
5.63951
4.56026
3.65295
2.94566
2.37737
1.86413
1.32429
-0.483915
-0.0797725
0.09688
0.366426
0.668373
0.667704
0.666297
0.663961
0.660327
0.654734
0.644307
0.627619
0.613275
0.585069
0.668373
0.669512
0.67017
0.669951
0.668565
0.665953
0.662261
0.657704
0.652492
0.646805
0.640797
0.634584
0.628247
0.62187
0.615521
0.609252
0.603102
0.597107
0.591293
0.585682
0.580292
0.575137
0.570232
0.565583
0.561196
0.557075
0.553225
0.54965
0.54635
0.543326
0.540578
0.538107
0.535914
0.533999
0.532359
0.530996
0.529908
0.529097
0.528565
0.528306
)
;
    }
    atmosphere
    {
        type            totalPressure;
        rho             rho;
        psi             none;
        gamma           1;
        p0              nonuniform 0();
        value           nonuniform 0();
    }
    defaultFaces
    {
        type            empty;
    }
    procBoundary1to0
    {
        type            processor;
        value           nonuniform List<scalar> 
44
(
7.40058
7.22393
6.14701
4.71047
3.58198
2.76218
2.28277
2.04085
1.83742
1.6456
1.46956
1.33592
1.26188
1.21275
1.16096
1.10676
1.05604
1.00902
0.96409
0.920895
0.87291
0.87291
0.835874
0.800129
0.765517
0.731942
0.699371
0.667759
0.637041
0.607153
0.578038
0.54965
0.521949
0.494894
0.46845
0.442589
0.417293
0.392548
0.368347
0.344681
0.321558
0.299
0.277051
0.255757
)
;
    }
    procBoundary1to3
    {
        type            processor;
        value           nonuniform List<scalar> 
45
(
0.249137
0.261516
0.272508
0.282513
0.291593
0.30028
0.308441
0.315672
0.322049
0.327644
0.332525
0.336759
0.340408
0.343531
0.346184
0.348418
0.350279
0.351811
0.353052
0.354039
0.354802
0.355372
0.355777
0.356041
0.356186
0.356229
0.35619
0.356082
0.355921
0.35572
0.355488
0.355235
0.35497
0.354702
0.354437
0.354182
0.353941
0.353718
0.353515
0.353337
0.353185
0.353063
0.352971
0.352913
0.352885
)
;
    }
}


// ************************************************************************* //
