/*--------------------------------*- C++ -*----------------------------------*\
| =========                 |                                                 |
| \\      /  F ield         | OpenFOAM: The Open Source CFD Toolbox           |
|  \\    /   O peration     | Version:  3.0.1                                 |
|   \\  /    A nd           | Web:      www.OpenFOAM.org                      |
|    \\/     M anipulation  |                                                 |
\*---------------------------------------------------------------------------*/
FoamFile
{
    version     2.0;
    format      ascii;
    class       volScalarField;
    location    "0.5";
    object      p;
}
// * * * * * * * * * * * * * * * * * * * * * * * * * * * * * * * * * * * * * //

dimensions      [0 2 -2 0 0 0 0];

internalField   nonuniform List<scalar> 
400
(
-6.00303e-09
-0.000546106
-0.00113249
-0.00154902
-0.00169033
-0.00151137
-0.000997673
-0.000150258
0.00101244
0.00244272
0.00405076
0.00569747
0.00720476
0.00838016
0.00906113
0.00916641
0.00873909
0.00796211
0.00712484
0.00660798
0.000540659
-2.71641e-05
-0.000477024
-0.000744614
-0.000800779
-0.000616496
-0.00017726
0.000520435
0.0014664
0.00262628
0.00393055
0.00527239
0.00650647
0.00747767
0.00805469
0.00817273
0.0078672
0.00728025
0.00662027
0.00609779
0.00116306
0.000382903
-9.37387e-05
-0.000324824
-0.000364094
-0.000205069
0.000162146
0.000745756
0.00154763
0.00255029
0.00370325
0.00491489
0.00605337
0.00696719
0.00751989
0.00763438
0.00733028
0.00672877
0.00598543
0.00523838
0.00160941
0.000553585
-2.51706e-05
-0.00028533
-0.000356226
-0.000252403
3.23455e-05
0.000513474
0.00120881
0.00212109
0.00321866
0.00442263
0.00559922
0.00658001
0.00719719
0.00733611
0.00698668
0.0062566
0.00527771
0.00416807
0.00167099
0.000343886
-0.000354968
-0.000673837
-0.000808936
-0.000791106
-0.000613794
-0.000249964
0.000339188
0.00118214
0.00227114
0.00354532
0.00486472
0.0060335
0.00683182
0.00708
0.00671377
0.00581906
0.00451772
0.00294023
0.00117071
-0.000402969
-0.00122485
-0.00162442
-0.00185637
-0.00196329
-0.00193414
-0.00172559
-0.00127171
-0.000508945
0.000591885
0.00199145
0.00355825
0.00506358
0.0062147
0.00673018
0.00644984
0.00540971
0.00371763
0.00154265
-4.22409e-05
-0.00182895
-0.00277186
-0.00327414
-0.00364178
-0.00392641
-0.00410988
-0.00412877
-0.00388312
-0.00326234
-0.00218201
-0.000636958
0.00127062
0.00328808
0.00503375
0.00607774
0.0060969
0.00501538
0.00289011
-5.61316e-05
-0.00209373
-0.00405398
-0.00511389
-0.00574301
-0.00629322
-0.00682535
-0.00731464
-0.00767608
-0.00776974
-0.0074245
-0.00647755
-0.00483521
-0.00253724
0.000172775
0.00282478
0.00479086
0.00548796
0.00461355
0.00207568
-0.00185973
-0.00507838
-0.0071691
-0.00833963
-0.0091186
-0.00990111
-0.0107615
-0.0116732
-0.0125323
-0.0131563
-0.0133009
-0.0126964
-0.0111152
-0.00847077
-0.00493385
-0.00102748
0.00239146
0.00436228
0.00417163
0.00137716
-0.00378748
-0.00904993
-0.011228
-0.0124948
-0.0134327
-0.0144831
-0.0157439
-0.0171963
-0.0187255
-0.0201101
-0.0210253
-0.0210701
-0.0198347
-0.0170314
-0.0126558
-0.00719367
-0.00170601
0.00236721
0.00365273
0.00100539
-0.00558829
-0.0140158
-0.016244
-0.0175713
-0.0186378
-0.0199462
-0.021635
-0.0237081
-0.0260526
-0.0284169
-0.0303984
-0.0314524
-0.0309498
-0.0283303
-0.023294
-0.0161398
-0.00801121
-0.000843595
0.00306693
0.00135196
-0.0066953
-0.0199461
-0.0221997
-0.0235063
-0.0245912
-0.0260571
-0.0281104
-0.0307948
-0.0340125
-0.0374938
-0.0407672
-0.0431501
-0.0437883
-0.0417758
-0.0364407
-0.0277102
-0.0165821
-0.0053396
0.0026316
0.00311854
-0.0059831
-0.0268115
-0.0290794
-0.0301936
-0.0310496
-0.0324319
-0.034651
-0.0378046
-0.0418169
-0.0464053
-0.051039
-0.0549091
-0.0569447
-0.0559142
-0.0507015
-0.0407209
-0.0265452
-0.0104723
0.0030921
0.0075598
-0.00138915
-0.0346779
-0.0369317
-0.0375071
-0.037676
-0.0385508
-0.040583
-0.0439231
-0.0485058
-0.0540251
-0.0598871
-0.065165
-0.0685956
-0.0686552
-0.0637993
-0.0528745
-0.0358032
-0.0144599
0.00612958
0.0168685
0.0105695
-0.043918
-0.0459765
-0.0453203
-0.044046
-0.0437969
-0.0451651
-0.048315
-0.053151
-0.0593063
-0.0660961
-0.0724668
-0.076975
-0.0778446
-0.0731512
-0.0612253
-0.0412646
-0.0143469
0.0145916
0.0344977
0.0350653
-0.0556841
-0.0567757
-0.0534952
-0.0496423
-0.0475128
-0.0477071
-0.050297
-0.0550758
-0.06155
-0.0688911
-0.0758856
-0.0808962
-0.0819061
-0.0766605
-0.0630472
-0.0396151
-0.00649531
0.0323584
0.0650604
0.0785984
-0.0730449
-0.0705369
-0.0619286
-0.053962
-0.0491645
-0.0477603
-0.0495362
-0.0540477
-0.0605838
-0.0681138
-0.0752186
-0.0800392
-0.0803021
-0.0734077
-0.0567941
-0.0284202
0.0124692
0.0638477
0.114227
0.150116
-0.104556
-0.0893299
-0.0705556
-0.0566345
-0.0484315
-0.0451715
-0.0460796
-0.0502896
-0.0567662
-0.064226
-0.0710312
-0.0750999
-0.073894
-0.0644128
-0.043552
-0.00831471
0.0434775
0.111442
0.189357
0.269789
-0.176704
-0.113381
-0.0743826
-0.0533301
-0.0422156
-0.0378369
-0.0386107
-0.0431032
-0.049897
-0.0574963
-0.0641356
-0.0676229
-0.065268
-0.053639
-0.0291925
0.012582
0.0768385
0.169164
0.296873
0.471158
-0.343548
-0.134767
-0.055251
-0.0322049
-0.0233903
-0.0211174
-0.0240278
-0.0304851
-0.0388584
-0.0476368
-0.0551241
-0.0592113
-0.0573352
-0.0464942
-0.0220616
0.0212454
0.0923609
0.209291
0.407241
0.73656
)
;

boundaryField
{
    movingWall
    {
        type            zeroGradient;
    }
    fixedWalls
    {
        type            zeroGradient;
    }
    frontAndBack
    {
        type            empty;
    }
}


// ************************************************************************* //
