/*--------------------------------*- C++ -*----------------------------------*\
| =========                 |                                                 |
| \\      /  F ield         | OpenFOAM: The Open Source CFD Toolbox           |
|  \\    /   O peration     | Version:  3.0.1                                 |
|   \\  /    A nd           | Web:      www.OpenFOAM.org                      |
|    \\/     M anipulation  |                                                 |
\*---------------------------------------------------------------------------*/
FoamFile
{
    version     2.0;
    format      ascii;
    class       surfaceScalarField;
    location    "0.5";
    object      phi;
}
// * * * * * * * * * * * * * * * * * * * * * * * * * * * * * * * * * * * * * //

dimensions      [0 3 -1 0 0 0 0];

internalField   nonuniform List<scalar> 
760
(
8.83533e-09
-8.83505e-09
-2.98855e-08
3.8721e-08
-1.14386e-07
8.45009e-08
-2.28413e-07
1.14028e-07
-3.57016e-07
1.28604e-07
-4.88174e-07
1.31157e-07
-6.11626e-07
1.23451e-07
-7.175e-07
1.05874e-07
-7.95596e-07
7.80961e-08
-8.35777e-07
4.01823e-08
-8.29414e-07
-6.36308e-09
-7.71898e-07
-5.75158e-08
-6.65076e-07
-1.06822e-07
-5.19304e-07
-1.45772e-07
-3.5362e-07
-1.65684e-07
-1.93444e-07
-1.60175e-07
-6.55689e-08
-1.27875e-07
8.9621e-09
-7.45307e-08
2.40356e-08
-1.50733e-08
2.40356e-08
-3.98954e-08
3.10602e-08
-1.83337e-07
1.82162e-07
-4.15392e-07
3.16555e-07
-7.06687e-07
4.05321e-07
-1.02732e-06
4.49234e-07
-1.34997e-06
4.53809e-07
-1.64945e-06
4.22928e-07
-1.90142e-06
3.57851e-07
-2.08209e-06
2.58765e-07
-2.16952e-06
1.27608e-07
-2.14699e-06
-2.88858e-08
-2.00678e-06
-1.97725e-07
-1.75549e-06
-3.58112e-07
-1.41652e-06
-4.84741e-07
-1.03011e-06
-5.52099e-07
-6.4855e-07
-5.41734e-07
-3.26326e-07
-4.50099e-07
-1.06495e-07
-2.94362e-07
-6.736e-09
-1.14832e-07
1.72994e-08
-9.68458e-08
1.27906e-07
-3.51543e-07
4.3686e-07
-7.23387e-07
6.88399e-07
-1.16984e-06
8.51771e-07
-1.65053e-06
9.29923e-07
-2.12827e-06
9.31551e-07
-2.56805e-06
8.62706e-07
-2.93585e-06
7.25659e-07
-3.19878e-06
5.2169e-07
-3.32707e-06
2.55898e-07
-3.29814e-06
-5.7812e-08
-3.10176e-06
-3.94104e-07
-2.7458e-06
-7.14072e-07
-2.26012e-06
-9.70425e-07
-1.69712e-06
-1.11509e-06
-1.12677e-06
-1.11209e-06
-6.24668e-07
-9.52203e-07
-2.54643e-07
-6.64386e-07
-5.00276e-08
-3.19448e-07
-3.27285e-08
-1.4923e-07
2.77136e-07
-5.10519e-07
7.98149e-07
-1.01459e-06
1.19247e-06
-1.60352e-06
1.4407e-06
-2.2277e-06
1.5541e-06
-2.84312e-06
1.54697e-06
-3.4086e-06
1.42818e-06
-3.88388e-06
1.20095e-06
-4.22963e-06
8.67432e-07
-4.4095e-06
4.35775e-07
-4.3946e-06
-7.27171e-08
-4.1689e-06
-6.19796e-07
-3.73664e-06
-1.14633e-06
-3.12784e-06
-1.57923e-06
-2.40146e-06
-1.84147e-06
-1.64234e-06
-1.87122e-06
-9.49086e-07
-1.64545e-06
-4.1302e-07
-1.20045e-06
-9.349e-08
-6.38979e-07
-1.26219e-07
-1.95924e-07
4.7306e-07
-6.55341e-07
1.25757e-06
-1.28193e-06
1.81906e-06
-2.0026e-06
2.16136e-06
-2.75962e-06
2.31112e-06
-3.50437e-06
2.29173e-06
-4.19218e-06
2.11599e-06
-4.77906e-06
1.78783e-06
-5.22083e-06
1.3092e-06
-5.47462e-06
6.89563e-07
-5.50333e-06
-4.40084e-08
-5.28064e-06
-8.42487e-07
-4.80103e-06
-1.62594e-06
-4.08767e-06
-2.29259e-06
-3.20042e-06
-2.72872e-06
-2.23744e-06
-2.8342e-06
-1.32518e-06
-2.55771e-06
-5.93328e-07
-1.93231e-06
-1.39731e-07
-1.09258e-06
-2.65949e-07
-2.36846e-07
7.09906e-07
-7.83768e-07
1.80449e-06
-1.52083e-06
2.55613e-06
-2.3615e-06
3.00202e-06
-3.24161e-06
3.19124e-06
-4.10997e-06
3.16009e-06
-4.92076e-06
2.92678e-06
-5.62844e-06
2.49551e-06
-6.18539e-06
1.86615e-06
-6.54228e-06
1.04645e-06
-6.65116e-06
6.48725e-08
-6.47202e-06
-1.02163e-06
-5.98214e-06
-2.11582e-06
-5.18947e-06
-3.08525e-06
-4.14672e-06
-3.77148e-06
-2.96123e-06
-4.01968e-06
-1.79115e-06
-3.72778e-06
-8.18061e-07
-2.9054e-06
-1.96496e-07
-1.71414e-06
-4.62446e-07
-2.71342e-07
9.81248e-07
-8.92854e-07
2.426e-06
-1.72507e-06
3.38835e-06
-2.6705e-06
3.94745e-06
-3.6605e-06
4.18123e-06
-4.6434e-06
4.14299e-06
-5.57461e-06
3.85798e-06
-6.40938e-06
3.33028e-06
-7.09864e-06
2.55541e-06
-7.58754e-06
1.53535e-06
-7.81671e-06
2.94042e-07
-7.72914e-06
-1.1092e-06
-7.27877e-06
-2.56619e-06
-6.44856e-06
-3.91546e-06
-5.27209e-06
-4.94795e-06
-3.85562e-06
-5.43615e-06
-2.38732e-06
-5.19609e-06
-1.1141e-06
-4.17862e-06
-2.73322e-07
-2.55492e-06
-7.35769e-07
-2.98203e-07
1.27945e-06
-9.78531e-07
3.10633e-06
-1.88619e-06
4.29601e-06
-2.91517e-06
4.97643e-06
-3.99427e-06
5.26034e-06
-5.07346e-06
5.22218e-06
-6.11182e-06
4.89634e-06
-7.06831e-06
4.28677e-06
-7.89544e-06
3.38255e-06
-8.5357e-06
2.17561e-06
-8.92076e-06
6.79101e-07
-8.97562e-06
-1.05434e-06
-8.62754e-06
-2.91427e-06
-7.82499e-06
-4.71801e-06
-6.56672e-06
-6.20622e-06
-4.93885e-06
-7.06402e-06
-3.14653e-06
-6.9884e-06
-1.50928e-06
-5.81587e-06
-3.81119e-07
-3.68308e-06
-1.11689e-06
-3.16161e-07
1.59561e-06
-1.03669e-06
3.82685e-06
-1.99502e-06
5.25434e-06
-3.07846e-06
6.05986e-06
-4.21481e-06
6.39669e-06
-5.35758e-06
6.36495e-06
-6.47212e-06
6.01088e-06
-7.52453e-06
5.33918e-06
-8.47335e-06
4.33136e-06
-9.26363e-06
2.96589e-06
-9.82355e-06
1.23903e-06
-1.00648e-05
-8.13138e-07
-9.88871e-06
-3.09031e-06
-9.20334e-06
-5.40338e-06
-7.95582e-06
-7.45374e-06
-6.18441e-06
-8.83544e-06
-4.08119e-06
-9.09162e-06
-2.0286e-06
-7.86845e-06
-5.32469e-07
-5.17922e-06
-1.64936e-06
-3.24912e-07
1.92052e-06
-1.06558e-06
4.56752e-06
-2.04542e-06
6.23418e-06
-3.14562e-06
7.16006e-06
-4.29411e-06
7.54518e-06
-5.44968e-06
7.52053e-06
-6.58658e-06
7.14778e-06
-7.68186e-06
6.43447e-06
-8.70552e-06
5.35502e-06
-9.61262e-06
3.87298e-06
-1.03369e-05
1.96333e-06
-1.07865e-05
-3.63582e-07
-1.08453e-05
-3.03147e-06
-1.03819e-05
-5.86681e-06
-9.27963e-06
-8.55599e-06
-7.49716e-06
-1.06179e-05
-5.16473e-06
-1.14241e-05
-2.68742e-06
-1.03458e-05
-7.42073e-07
-7.12456e-06
-2.39143e-06
-3.26658e-07
2.24718e-06
-1.06951e-06
5.31037e-06
-2.03965e-06
7.20432e-06
-3.11124e-06
8.23165e-06
-4.2133e-06
8.64724e-06
-5.31195e-06
8.61918e-06
-6.39306e-06
8.2289e-06
-7.4485e-06
7.4899e-06
-8.46544e-06
6.37195e-06
-9.41724e-06
4.82478e-06
-1.02548e-05
2.80093e-06
-1.0897e-05
2.78586e-07
-1.12261e-05
-2.70237e-06
-1.10832e-05
-6.00968e-06
-1.0288e-05
-9.35124e-06
-8.69372e-06
-1.22122e-05
-6.30813e-06
-1.38096e-05
-3.4787e-06
-1.31752e-05
-1.02639e-06
-9.57687e-06
-3.41782e-06
-3.28332e-07
2.57551e-06
-1.06351e-06
6.04555e-06
-1.99481e-06
8.13562e-06
-2.98705e-06
9.22389e-06
-3.97254e-06
9.63273e-06
-4.92805e-06
9.57468e-06
-5.85433e-06
9.15518e-06
-6.76167e-06
8.39724e-06
-7.65923e-06
7.26952e-06
-8.54602e-06
5.71157e-06
-9.40095e-06
3.65585e-06
-1.01715e-05
1.04909e-06
-1.07565e-05
-2.11731e-06
-1.09958e-05
-5.77036e-06
-1.0663e-05
-9.68409e-06
-9.50049e-06
-1.33747e-05
-7.33878e-06
-1.59714e-05
-4.35274e-06
-1.61612e-05
-1.40058e-06
-1.2529e-05
-4.81839e-06
-3.4503e-07
2.92054e-06
-1.07937e-06
6.77989e-06
-1.94921e-06
9.00547e-06
-2.80806e-06
1.00827e-05
-3.5977e-06
1.04224e-05
-4.31194e-06
1.02889e-05
-4.97104e-06
9.81428e-06
-5.60682e-06
9.03302e-06
-6.25341e-06
7.91611e-06
-6.93958e-06
6.39774e-06
-7.67984e-06
4.39612e-06
-8.46204e-06
1.83128e-06
-9.22617e-06
-1.35318e-06
-9.84129e-06
-5.15524e-06
-1.00736e-05
-9.45178e-06
-9.58152e-06
-1.38667e-05
-7.99453e-06
-1.75583e-05
-5.19257e-06
-1.89632e-05
-1.86928e-06
-1.58523e-05
-6.68768e-06
-4.05845e-07
3.32639e-06
-1.17271e-06
7.54675e-06
-1.96596e-06
9.79872e-06
-2.63177e-06
1.07485e-05
-3.13638e-06
1.0927e-05
-3.50251e-06
1.06551e-05
-3.77656e-06
1.00883e-05
-4.01462e-06
9.27108e-06
-4.27607e-06
8.17756e-06
-4.61904e-06
6.74071e-06
-5.09459e-06
4.87166e-06
-5.7366e-06
2.4733e-06
-6.54208e-06
-5.47696e-07
-7.44124e-06
-4.25608e-06
-8.24565e-06
-8.64737e-06
-8.59272e-06
-1.35197e-05
-7.94186e-06
-1.82092e-05
-5.79321e-06
-2.11119e-05
-2.40624e-06
-1.92393e-05
-9.09392e-06
-5.63945e-07
3.89033e-06
-1.42939e-06
8.4122e-06
-2.12592e-06
1.04953e-05
-2.51762e-06
1.11402e-05
-2.62704e-06
1.10364e-05
-2.52487e-06
1.05529e-05
-2.2923e-06
9.85575e-06
-2.01156e-06
8.99034e-06
-1.7649e-06
7.9309e-06
-1.6348e-06
6.6106e-06
-1.70296e-06
4.93982e-06
-2.04531e-06
2.81565e-06
-2.7199e-06
1.26893e-07
-3.73753e-06
-3.23846e-06
-5.00751e-06
-7.37739e-06
-6.23593e-06
-1.22913e-05
-6.80981e-06
-1.76353e-05
-5.84977e-06
-2.20719e-05
-2.91879e-06
-2.21703e-05
-1.20127e-05
-9.10125e-07
4.80046e-06
-1.9561e-06
9.45817e-06
-2.47885e-06
1.1018e-05
-2.44612e-06
1.11075e-05
-1.99582e-06
1.05861e-05
-1.27227e-06
9.82934e-06
-3.99505e-07
8.98299e-06
5.15324e-07
8.07551e-06
1.37358e-06
7.07265e-06
2.07729e-06
5.90689e-06
2.52499e-06
4.49213e-06
2.61025e-06
2.73039e-06
2.22466e-06
5.12481e-07
1.2769e-06
-2.29069e-06
-2.67731e-07
-5.83276e-06
-2.27295e-06
-1.0286e-05
-4.2157e-06
-1.56926e-05
-4.94963e-06
-2.1338e-05
-3.20367e-06
-2.39162e-05
-1.52164e-05
-1.57149e-06
6.37194e-06
-2.77657e-06
1.06633e-05
-2.83617e-06
1.10776e-05
-2.04905e-06
1.03204e-05
-7.59359e-07
9.29641e-06
7.95907e-07
8.27407e-06
2.45532e-06
7.32357e-06
4.09961e-06
6.43123e-06
5.62833e-06
5.54393e-06
6.94394e-06
4.59128e-06
7.9409e-06
3.49518e-06
8.49919e-06
2.17211e-06
8.47938e-06
5.32286e-07
7.73047e-06
-1.54178e-06
6.10186e-06
-4.20415e-06
3.53035e-06
-7.71452e-06
2.97095e-07
-1.24593e-05
-2.55045e-06
-1.84904e-05
-2.92033e-06
-2.35463e-05
-1.81367e-05
-2.60229e-06
8.97423e-06
-3.29542e-06
1.13564e-05
-2.02685e-06
9.80904e-06
1.60587e-07
8.13296e-06
2.67978e-06
6.77722e-06
5.26104e-06
5.69282e-06
7.76608e-06
4.81853e-06
1.01089e-05
4.08845e-06
1.2221e-05
3.43182e-06
1.40309e-05
2.78137e-06
1.54508e-05
2.07528e-06
1.63677e-05
1.25521e-06
1.66354e-05
2.64534e-07
1.60803e-05
-9.86644e-07
1.44703e-05
-2.59419e-06
1.15514e-05
-4.79557e-06
7.20356e-06
-8.11153e-06
2.12691e-06
-1.34138e-05
-1.25992e-06
-2.01595e-05
-1.93966e-05
-2.61544e-06
1.15897e-05
-6.25051e-08
8.80345e-06
4.19711e-06
5.54942e-06
8.33198e-06
3.99809e-06
1.20663e-05
3.04288e-06
1.53957e-05
2.36345e-06
1.83405e-05
1.87368e-06
2.09208e-05
1.50814e-06
2.31428e-05
1.20983e-06
2.49884e-05
9.35782e-07
2.641e-05
6.5368e-07
2.73259e-05
3.39389e-07
2.76074e-05
-1.7006e-08
2.71172e-05
-4.96447e-07
2.55946e-05
-1.07155e-06
2.26873e-05
-1.88835e-06
1.7881e-05
-3.30515e-06
1.08682e-05
-6.40098e-06
3.1599e-06
-1.24512e-05
-1.62367e-05
1.15897e-05
2.03931e-05
2.59425e-05
2.99406e-05
3.29835e-05
3.5347e-05
3.72206e-05
3.87288e-05
3.99386e-05
4.08744e-05
4.15281e-05
4.18675e-05
4.18505e-05
4.1354e-05
4.02825e-05
3.83941e-05
3.5089e-05
2.8688e-05
1.62367e-05
)
;

boundaryField
{
    movingWall
    {
        type            calculated;
        value           uniform 0;
    }
    fixedWalls
    {
        type            calculated;
        value           uniform 0;
    }
    frontAndBack
    {
        type            empty;
        value           nonuniform 0();
    }
}


// ************************************************************************* //
