/*--------------------------------*- C++ -*----------------------------------*\
| =========                 |                                                 |
| \\      /  F ield         | OpenFOAM: The Open Source CFD Toolbox           |
|  \\    /   O peration     | Version:  3.0.1                                 |
|   \\  /    A nd           | Web:      www.OpenFOAM.org                      |
|    \\/     M anipulation  |                                                 |
\*---------------------------------------------------------------------------*/
FoamFile
{
    version     2.0;
    format      ascii;
    class       surfaceScalarField;
    location    "0.15";
    object      phi;
}
// * * * * * * * * * * * * * * * * * * * * * * * * * * * * * * * * * * * * * //

dimensions      [0 3 -1 0 0 0 0];

internalField   nonuniform List<scalar> 
3781
(
1.7425e-06
-1.7425e-06
4.582e-06
-2.8395e-06
7.43418e-06
-2.85218e-06
1.01051e-05
-2.67092e-06
1.26739e-05
-2.56884e-06
1.52264e-05
-2.55244e-06
1.78054e-05
-2.57898e-06
2.04257e-05
-2.62037e-06
2.30911e-05
-2.66538e-06
2.58028e-05
-2.71174e-06
2.85632e-05
-2.76032e-06
3.13753e-05
-2.81217e-06
3.4243e-05
-2.86769e-06
3.71698e-05
-2.92678e-06
4.01589e-05
-2.98911e-06
4.32131e-05
-3.05419e-06
4.63345e-05
-3.12141e-06
4.95246e-05
-3.19002e-06
5.27836e-05
-3.25905e-06
5.61109e-05
-3.32729e-06
5.95041e-05
-3.39322e-06
6.2959e-05
-3.45492e-06
6.6469e-05
-3.50999e-06
7.00245e-05
-3.55546e-06
7.36121e-05
-3.58765e-06
7.72138e-05
-3.60168e-06
8.08051e-05
-3.59129e-06
8.43538e-05
-3.54865e-06
8.78181e-05
-3.46432e-06
9.11444e-05
-3.3263e-06
9.42628e-05
-3.11842e-06
9.70809e-05
-2.8181e-06
9.9475e-05
-2.39405e-06
0.000101275
-1.80015e-06
0.000102229
-9.54164e-07
0.000101965
2.64706e-07
9.97812e-05
2.18332e-06
9.50173e-05
4.76396e-06
8.68748e-05
8.14253e-06
7.4518e-05
1.23568e-05
5.73346e-05
1.71834e-05
3.5601e-05
2.17335e-05
1.15463e-05
2.40547e-05
2.2706e-05
1.75691e-06
-3.49941e-06
4.59952e-06
-5.68211e-06
7.45764e-06
-5.71031e-06
1.01373e-05
-5.35056e-06
1.27145e-05
-5.14604e-06
1.52753e-05
-5.11331e-06
1.78632e-05
-5.16681e-06
2.04923e-05
-5.24949e-06
2.3166e-05
-5.33907e-06
2.58857e-05
-5.43144e-06
2.86538e-05
-5.5284e-06
3.14736e-05
-5.63198e-06
3.43488e-05
-5.74296e-06
3.72832e-05
-5.86113e-06
4.02799e-05
-5.98583e-06
4.33418e-05
-6.11611e-06
4.64712e-05
-6.25077e-06
4.96695e-05
-6.3883e-06
5.29372e-05
-6.52681e-06
5.62739e-05
-6.66393e-06
5.96774e-05
-6.7967e-06
6.31438e-05
-6.92132e-06
6.66668e-05
-7.03308e-06
7.02376e-05
-7.12625e-06
7.38436e-05
-7.19362e-06
7.74675e-05
-7.22557e-06
8.10858e-05
-7.20958e-06
8.46674e-05
-7.13028e-06
8.81724e-05
-6.96931e-06
9.15498e-05
-6.70367e-06
9.47335e-05
-6.30209e-06
9.76361e-05
-5.72073e-06
0.000100142
-4.90016e-06
0.000102106
-3.76434e-06
0.000103376
-2.22394e-06
0.000103863
-2.22352e-07
0.000103625
2.42144e-06
0.000102502
5.88705e-06
0.00010014
1.0505e-05
9.58281e-05
1.66682e-05
8.83109e-05
2.47006e-05
7.58332e-05
3.42113e-05
5.73438e-05
4.25441e-05
4.41122e-05
1.76545e-06
-5.26486e-06
4.59842e-06
-8.51508e-06
7.44148e-06
-8.55337e-06
1.01092e-05
-8.01833e-06
1.26783e-05
-7.71511e-06
1.52333e-05
-7.66832e-06
1.78163e-05
-7.74973e-06
2.04404e-05
-7.87358e-06
2.31085e-05
-8.00721e-06
2.58222e-05
-8.14516e-06
2.85841e-05
-8.29033e-06
3.13978e-05
-8.44567e-06
3.42671e-05
-8.61226e-06
3.71958e-05
-8.7898e-06
4.01873e-05
-8.97729e-06
4.32445e-05
-9.17332e-06
4.63699e-05
-9.37615e-06
4.95651e-05
-9.58357e-06
5.28312e-05
-9.79282e-06
5.61677e-05
-1.00005e-05
5.95732e-05
-1.02022e-05
6.30443e-05
-1.03924e-05
6.65756e-05
-1.05644e-05
7.01591e-05
-1.07098e-05
7.37836e-05
-1.08181e-05
7.7433e-05
-1.0875e-05
8.10856e-05
-1.08622e-05
8.4713e-05
-1.07577e-05
8.82795e-05
-1.05358e-05
9.17395e-05
-1.01636e-05
9.50324e-05
-9.59496e-06
9.80765e-05
-8.76484e-06
0.000100764
-7.5878e-06
0.000102961
-5.96102e-06
0.000104506
-3.76898e-06
0.000105172
-8.88278e-07
0.000104746
2.84694e-06
0.000103006
7.62736e-06
9.98394e-05
1.36716e-05
9.53062e-05
2.12014e-05
8.95933e-05
3.04135e-05
8.2481e-05
4.13235e-05
7.22941e-05
5.2731e-05
6.01817e-05
1.77746e-06
-7.04232e-06
4.59965e-06
-1.13373e-05
7.42138e-06
-1.13751e-05
1.00711e-05
-1.06681e-05
1.26285e-05
-1.02725e-05
1.51758e-05
-1.02156e-05
1.77524e-05
-1.03263e-05
2.03699e-05
-1.04911e-05
2.30307e-05
-1.06681e-05
2.57367e-05
-1.08512e-05
2.84908e-05
-1.10444e-05
3.12969e-05
-1.12517e-05
3.41588e-05
-1.14742e-05
3.70807e-05
-1.17117e-05
4.0066e-05
-1.19626e-05
4.3118e-05
-1.22253e-05
4.62394e-05
-1.24975e-05
4.94321e-05
-1.27763e-05
5.26975e-05
-1.30583e-05
5.6036e-05
-1.33389e-05
5.94465e-05
-1.36127e-05
6.29267e-05
-1.38726e-05
6.64723e-05
-1.411e-05
7.00768e-05
-1.43143e-05
7.37304e-05
-1.44717e-05
7.7419e-05
-1.45636e-05
8.11235e-05
-1.45667e-05
8.48203e-05
-1.44544e-05
8.84796e-05
-1.41952e-05
9.20625e-05
-1.37465e-05
9.55141e-05
-1.30465e-05
9.87581e-05
-1.20088e-05
0.000101695
-1.0525e-05
0.000104205
-8.47068e-06
0.000106143
-5.70735e-06
0.000107327
-2.07192e-06
0.000107532
2.64148e-06
0.000106453
8.70645e-06
0.000103727
1.63976e-05
9.90149e-05
2.59139e-05
9.22097e-05
3.72187e-05
8.36276e-05
4.99057e-05
7.31447e-05
6.32139e-05
7.49374e-05
1.7923e-06
-8.83462e-06
4.60082e-06
-1.41458e-05
7.39474e-06
-1.4169e-05
1.00205e-05
-1.32938e-05
1.25624e-05
-1.28143e-05
1.50995e-05
-1.27528e-05
1.76674e-05
-1.28942e-05
2.02759e-05
-1.30996e-05
2.29271e-05
-1.33192e-05
2.56229e-05
-1.3547e-05
2.83667e-05
-1.37883e-05
3.11627e-05
-1.40477e-05
3.40152e-05
-1.43267e-05
3.69282e-05
-1.46247e-05
3.99057e-05
-1.49401e-05
4.2951e-05
-1.52706e-05
4.60672e-05
-1.56137e-05
4.92569e-05
-1.59659e-05
5.25217e-05
-1.63231e-05
5.58629e-05
-1.66801e-05
5.92803e-05
-1.70301e-05
6.27726e-05
-1.73649e-05
6.6337e-05
-1.76743e-05
6.99687e-05
-1.7946e-05
7.36598e-05
-1.81628e-05
7.73986e-05
-1.83024e-05
8.11703e-05
-1.83384e-05
8.49571e-05
-1.82412e-05
8.87365e-05
-1.79747e-05
9.24757e-05
-1.74857e-05
9.61242e-05
-1.66951e-05
9.9613e-05
-1.54976e-05
0.000102858
-1.37702e-05
0.000105767
-1.13798e-05
0.000108234
-8.17435e-06
0.000110117
-3.95489e-06
0.000111207
1.55136e-06
0.000111196
8.7182e-06
0.000109633
1.79607e-05
0.000105861
2.96858e-05
9.90675e-05
4.40118e-05
8.86773e-05
6.02959e-05
7.47687e-05
7.71225e-05
9.22657e-05
1.80959e-06
-1.06442e-05
4.60093e-06
-1.69371e-05
7.36097e-06
-1.69291e-05
9.95766e-06
-1.58905e-05
1.24806e-05
-1.53373e-05
1.5005e-05
-1.52772e-05
1.7562e-05
-1.54512e-05
2.01591e-05
-1.56966e-05
2.27979e-05
-1.59581e-05
2.5481e-05
-1.623e-05
2.82121e-05
-1.65194e-05
3.09958e-05
-1.68314e-05
3.38365e-05
-1.71675e-05
3.67387e-05
-1.75269e-05
3.97065e-05
-1.79078e-05
4.27436e-05
-1.83077e-05
4.58535e-05
-1.87236e-05
4.90392e-05
-1.91517e-05
5.23034e-05
-1.95873e-05
5.56477e-05
-2.00245e-05
5.90732e-05
-2.04556e-05
6.25799e-05
-2.08715e-05
6.61666e-05
-2.12611e-05
6.98305e-05
-2.16099e-05
7.35658e-05
-2.18981e-05
7.73642e-05
-2.21008e-05
8.12159e-05
-2.21902e-05
8.51106e-05
-2.21359e-05
8.90321e-05
-2.18962e-05
9.29516e-05
-2.14052e-05
9.68235e-05
-2.0567e-05
0.000100591
-1.92655e-05
0.000104201
-1.73795e-05
0.000107602
-1.47812e-05
0.000110736
-1.1308e-05
0.000113496
-6.7154e-06
0.000115693
-6.44935e-07
0.000117021
7.38965e-06
0.000117017
1.79652e-05
0.000114704
3.19987e-05
0.000108787
4.99281e-05
9.80085e-05
7.10749e-05
8.18791e-05
9.32519e-05
0.000113037
1.82877e-06
-1.2473e-05
4.59901e-06
-1.97074e-05
7.31946e-06
-1.96495e-05
9.88264e-06
-1.84537e-05
1.23836e-05
-1.78382e-05
1.48929e-05
-1.77865e-05
1.74364e-05
-1.79947e-05
2.00194e-05
-1.82796e-05
2.26433e-05
-1.8582e-05
2.5311e-05
-1.88977e-05
2.80269e-05
-1.92353e-05
3.07958e-05
-1.96003e-05
3.36225e-05
-1.99942e-05
3.65117e-05
-2.04161e-05
3.94677e-05
-2.08638e-05
4.24948e-05
-2.13348e-05
4.55969e-05
-2.18257e-05
4.87776e-05
-2.23324e-05
5.20402e-05
-2.28499e-05
5.53876e-05
-2.33718e-05
5.88216e-05
-2.38897e-05
6.2344e-05
-2.43939e-05
6.59553e-05
-2.48724e-05
6.96547e-05
-2.53092e-05
7.34388e-05
-2.56823e-05
7.73035e-05
-2.59655e-05
8.12457e-05
-2.61323e-05
8.52615e-05
-2.61517e-05
8.93392e-05
-2.59739e-05
9.34522e-05
-2.55182e-05
9.75631e-05
-2.46779e-05
0.00010164
-2.33428e-05
0.000105673
-2.14121e-05
0.000109662
-1.87705e-05
0.000113587
-1.5233e-05
0.000117368
-1.04959e-05
0.000120845
-4.12212e-06
0.000123778
4.45689e-06
0.000125807
1.5936e-05
0.00012561
3.21956e-05
0.000121726
5.38115e-05
0.000112263
8.05386e-05
9.56359e-05
0.000109879
0.000137384
1.84927e-06
-1.43223e-05
4.59413e-06
-2.24522e-05
7.26971e-06
-2.23251e-05
9.79557e-06
-2.09796e-05
1.22719e-05
-2.03145e-05
1.47636e-05
-2.02782e-05
1.7291e-05
-2.05221e-05
1.98571e-05
-2.08457e-05
2.24631e-05
-2.11881e-05
2.51127e-05
-2.15473e-05
2.78107e-05
-2.19332e-05
3.05622e-05
-2.23518e-05
3.33724e-05
-2.28044e-05
3.62462e-05
-2.32898e-05
3.91882e-05
-2.38058e-05
4.22031e-05
-2.43497e-05
4.52955e-05
-2.4918e-05
4.84695e-05
-2.55065e-05
5.17293e-05
-2.61097e-05
5.50786e-05
-2.67211e-05
5.85208e-05
-2.73319e-05
6.20589e-05
-2.7932e-05
6.56956e-05
-2.85091e-05
6.94318e-05
-2.90454e-05
7.32672e-05
-2.95177e-05
7.72027e-05
-2.99011e-05
8.12421e-05
-3.01717e-05
8.53864e-05
-3.0296e-05
8.96252e-05
-3.02127e-05
9.39347e-05
-2.98277e-05
9.8295e-05
-2.90381e-05
0.000102714
-2.77617e-05
0.000107231
-2.5929e-05
0.000111884
-2.34242e-05
0.000116674
-2.00224e-05
0.000121547
-1.53687e-05
0.000126404
-8.97944e-06
0.000131168
-3.0751e-07
0.000136034
1.10706e-05
0.000139277
2.89519e-05
0.000138647
5.44415e-05
0.000129932
8.92542e-05
0.000111051
0.00012876
0.000166782
1.87044e-06
-1.61927e-05
4.58538e-06
-2.51672e-05
7.21123e-06
-2.49509e-05
9.69656e-06
-2.34649e-05
1.21458e-05
-2.27638e-05
1.46174e-05
-2.27498e-05
1.71257e-05
-2.30305e-05
1.96719e-05
-2.33918e-05
2.22572e-05
-2.37734e-05
2.48857e-05
-2.41759e-05
2.7563e-05
-2.46105e-05
3.02944e-05
-2.50832e-05
3.30853e-05
-2.55953e-05
3.59409e-05
-2.61454e-05
3.88663e-05
-2.67313e-05
4.18666e-05
-2.73501e-05
4.49469e-05
-2.79983e-05
4.8112e-05
-2.86716e-05
5.1367e-05
-2.93647e-05
5.47166e-05
-3.00707e-05
5.81654e-05
-3.07807e-05
6.17182e-05
-3.14849e-05
6.53794e-05
-3.21702e-05
6.91519e-05
-3.28179e-05
7.3039e-05
-3.34048e-05
7.70475e-05
-3.39096e-05
8.11868e-05
-3.4311e-05
8.54599e-05
-3.45691e-05
8.98554e-05
-3.46081e-05
9.43584e-05
-3.43307e-05
9.89802e-05
-3.36599e-05
0.000103776
-3.25574e-05
0.00010882
-3.09736e-05
0.000114164
-2.87676e-05
0.00011982
-2.56782e-05
0.000125804
-2.13528e-05
0.000132156
-1.53316e-05
0.000138887
-7.03878e-06
0.000146604
3.35368e-06
0.000151502
2.40546e-05
0.000151289
5.46538e-05
0.00014006
0.000100483
0.000116263
0.000152557
0.000201074
1.8916e-06
-1.80843e-05
4.57178e-06
-2.78473e-05
7.14363e-06
-2.75228e-05
9.5858e-06
-2.59071e-05
1.20058e-05
-2.51838e-05
1.44545e-05
-2.51984e-05
1.69407e-05
-2.55167e-05
1.94637e-05
-2.59148e-05
2.20251e-05
-2.63347e-05
2.46296e-05
-2.67804e-05
2.72832e-05
-2.7264e-05
2.99915e-05
-2.77915e-05
3.27602e-05
-2.8364e-05
3.55948e-05
-2.898e-05
3.85007e-05
-2.96372e-05
4.14836e-05
-3.03329e-05
4.45489e-05
-3.10636e-05
4.77025e-05
-3.18252e-05
5.09501e-05
-3.26123e-05
5.42974e-05
-3.3418e-05
5.77505e-05
-3.42338e-05
6.13157e-05
-3.50501e-05
6.4999e-05
-3.58535e-05
6.88056e-05
-3.66245e-05
7.27429e-05
-3.73421e-05
7.68237e-05
-3.79903e-05
8.10607e-05
-3.8548e-05
8.54551e-05
-3.89635e-05
8.99965e-05
-3.91495e-05
9.46905e-05
-3.90248e-05
9.95905e-05
-3.85599e-05
0.000104788
-3.77548e-05
0.000110363
-3.65484e-05
0.000116359
-3.47639e-05
0.00012283
-3.21489e-05
0.000129878
-2.84008e-05
0.000137551
-2.30045e-05
0.000145254
-1.47424e-05
0.000150777
-2.16896e-06
0.000152906
2.1926e-05
0.000150387
5.7172e-05
0.000135318
0.000115553
0.00010778
0.000180094
0.000237507
1.94594e-06
-2.00302e-05
4.63427e-06
-3.05357e-05
7.19269e-06
-3.00812e-05
9.63193e-06
-2.83463e-05
1.2063e-05
-2.76149e-05
1.45293e-05
-2.76647e-05
1.70341e-05
-2.80215e-05
1.95751e-05
-2.84558e-05
2.21545e-05
-2.89141e-05
2.47778e-05
-2.94037e-05
2.74513e-05
-2.99375e-05
3.01813e-05
-3.05215e-05
3.29736e-05
-3.11563e-05
3.58342e-05
-3.18406e-05
3.8769e-05
-3.2572e-05
4.17841e-05
-3.3348e-05
4.48858e-05
-3.41654e-05
4.80808e-05
-3.50201e-05
5.13756e-05
-3.59071e-05
5.47772e-05
-3.68196e-05
5.8293e-05
-3.77496e-05
6.19313e-05
-3.86883e-05
6.56994e-05
-3.96217e-05
6.96052e-05
-4.05303e-05
7.36612e-05
-4.1398e-05
7.78852e-05
-4.22143e-05
8.22902e-05
-4.2953e-05
8.68734e-05
-4.35467e-05
9.16335e-05
-4.39096e-05
9.66105e-05
-4.40018e-05
0.000101899
-4.38481e-05
0.000107599
-4.3455e-05
0.00011377
-4.27191e-05
0.000120459
-4.1453e-05
0.000127751
-3.94414e-05
0.000135598
-3.62477e-05
0.000143249
-3.06551e-05
0.000149099
-2.05927e-05
0.000151576
-4.64635e-06
0.000150733
2.27697e-05
0.000140984
6.69202e-05
0.000121836
0.000134701
9.36403e-05
0.00020829
0.000269671
1.98353e-06
-2.20138e-05
4.65048e-06
-3.32026e-05
7.16855e-06
-3.25993e-05
9.58089e-06
-3.07587e-05
1.19994e-05
-3.00334e-05
1.44586e-05
-3.01238e-05
1.69564e-05
-3.05194e-05
1.94896e-05
-3.0989e-05
2.20609e-05
-3.14854e-05
2.46766e-05
-3.20194e-05
2.73434e-05
-3.26043e-05
3.00678e-05
-3.32459e-05
3.28559e-05
-3.39445e-05
3.57141e-05
-3.46987e-05
3.86487e-05
-3.55066e-05
4.16664e-05
-3.63657e-05
4.47742e-05
-3.72731e-05
4.79793e-05
-3.82252e-05
5.12894e-05
-3.92172e-05
5.47124e-05
-4.02426e-05
5.82574e-05
-4.12946e-05
6.19338e-05
-4.23647e-05
6.57505e-05
-4.34385e-05
6.97186e-05
-4.44984e-05
7.38556e-05
-4.5535e-05
7.81825e-05
-4.65412e-05
8.27078e-05
-4.74783e-05
8.74278e-05
-4.82667e-05
9.23634e-05
-4.88452e-05
9.75961e-05
-4.92345e-05
0.000103239
-4.94911e-05
0.000109367
-4.95831e-05
0.000116014
-4.93664e-05
0.000123247
-4.86852e-05
0.000131019
-4.72137e-05
0.000138568
-4.37969e-05
0.000144344
-3.64305e-05
0.000146574
-2.28229e-05
0.000141769
1.58742e-07
0.000134099
3.04395e-05
0.000120456
8.05632e-05
0.000101439
0.000153718
7.97599e-05
0.000229969
0.000294849
2.01955e-06
-2.40333e-05
4.65884e-06
-3.58419e-05
7.13197e-06
-3.50724e-05
9.51469e-06
-3.31414e-05
1.19176e-05
-3.24364e-05
1.43658e-05
-3.25719e-05
1.68523e-05
-3.30059e-05
1.93732e-05
-3.35099e-05
2.19321e-05
-3.40443e-05
2.45359e-05
-3.46232e-05
2.71916e-05
-3.52601e-05
2.99061e-05
-3.59603e-05
3.26856e-05
-3.67241e-05
3.55369e-05
-3.755e-05
3.84668e-05
-3.84365e-05
4.14824e-05
-3.93814e-05
4.45915e-05
-4.03822e-05
4.7802e-05
-4.14357e-05
5.11223e-05
-4.25376e-05
5.45616e-05
-4.3682e-05
5.81302e-05
-4.48632e-05
6.18388e-05
-4.60732e-05
6.56977e-05
-4.72974e-05
6.97217e-05
-4.85223e-05
7.39331e-05
-4.97465e-05
7.83518e-05
-5.09599e-05
8.298e-05
-5.21065e-05
8.7822e-05
-5.31087e-05
9.29337e-05
-5.3957e-05
9.84283e-05
-5.4729e-05
0.000104402
-5.54647e-05
0.000110886
-5.60673e-05
0.000117924
-5.64041e-05
0.000125536
-5.62975e-05
0.000133081
-5.47592e-05
0.000138903
-4.96185e-05
0.000138309
-3.58362e-05
0.000130055
-1.45688e-05
0.000116471
1.37423e-05
9.74091e-05
4.95014e-05
8.13476e-05
9.66248e-05
7.09355e-05
0.00016413
6.07938e-05
0.000240111
0.000308727
2.0532e-06
-2.60865e-05
4.6584e-06
-3.84471e-05
7.08239e-06
-3.74964e-05
9.43293e-06
-3.54919e-05
1.18172e-05
-3.48206e-05
1.42501e-05
-3.50049e-05
1.67205e-05
-3.54763e-05
1.92245e-05
-3.60138e-05
2.17664e-05
-3.65862e-05
2.43537e-05
-3.72105e-05
2.69938e-05
-3.79002e-05
2.96936e-05
-3.86601e-05
3.24597e-05
-3.94902e-05
3.52992e-05
-4.03895e-05
3.82192e-05
-4.13565e-05
4.12276e-05
-4.23898e-05
4.43325e-05
-4.34871e-05
4.75427e-05
-4.46459e-05
5.08673e-05
-4.58622e-05
5.43167e-05
-4.71313e-05
5.79022e-05
-4.84487e-05
6.16354e-05
-4.98065e-05
6.55285e-05
-5.11905e-05
6.96002e-05
-5.2594e-05
7.3876e-05
-5.40223e-05
7.83702e-05
-5.54541e-05
8.30812e-05
-5.68174e-05
8.80347e-05
-5.80622e-05
9.33255e-05
-5.92478e-05
9.90685e-05
-6.0472e-05
0.00010531
-6.17059e-05
0.00011207
-6.28279e-05
0.000119419
-6.37524e-05
0.000126928
-6.38065e-05
0.000133054
-6.0886e-05
0.000132193
-4.87573e-05
0.000123115
-2.67578e-05
0.000104891
3.65552e-06
8.01426e-05
3.84904e-05
5.56788e-05
7.39652e-05
3.9801e-05
0.000112503
3.72954e-05
0.000166635
3.79783e-05
0.000239428
0.000308896
2.08378e-06
-2.81703e-05
4.64831e-06
-4.10116e-05
7.01929e-06
-3.98674e-05
9.33519e-06
-3.78078e-05
1.16973e-05
-3.71827e-05
1.41105e-05
-3.74181e-05
1.65599e-05
-3.79258e-05
1.9042e-05
-3.84958e-05
2.1562e-05
-3.91063e-05
2.4128e-05
-3.97765e-05
2.67475e-05
-4.05198e-05
2.94276e-05
-4.13401e-05
3.2175e-05
-4.22377e-05
3.49972e-05
-4.32116e-05
3.79018e-05
-4.42611e-05
4.0897e-05
-4.5385e-05
4.39916e-05
-4.65817e-05
4.7195e-05
-4.78493e-05
5.05172e-05
-4.91844e-05
5.39692e-05
-5.05833e-05
5.75636e-05
-5.20431e-05
6.13125e-05
-5.35554e-05
6.52302e-05
-5.51081e-05
6.93397e-05
-5.67035e-05
7.3666e-05
-5.83486e-05
7.82148e-05
-6.00029e-05
8.29893e-05
-6.1592e-05
8.80499e-05
-6.31227e-05
9.35148e-05
-6.47127e-05
9.94579e-05
-6.64151e-05
0.000105888
-6.81363e-05
0.000112919
-6.98581e-05
0.000120368
-7.12016e-05
0.000126931
-7.03698e-05
0.000127036
-6.09905e-05
0.000118111
-3.9833e-05
9.83341e-05
-6.98071e-06
7.12882e-05
3.07014e-05
4.39064e-05
6.58721e-05
2.25831e-05
9.52885e-05
1.05982e-05
0.000124487
1.12428e-05
0.000165991
1.82657e-05
0.000232405
0.000298019
2.11057e-06
-3.02809e-05
4.6278e-06
-4.35289e-05
6.94223e-06
-4.21818e-05
9.22105e-06
-4.00866e-05
1.15574e-05
-3.95191e-05
1.3946e-05
-3.98067e-05
1.63693e-05
-4.03491e-05
1.88243e-05
-4.09508e-05
2.13174e-05
-4.15994e-05
2.38569e-05
-4.23161e-05
2.64505e-05
-4.31134e-05
2.91053e-05
-4.39949e-05
3.18283e-05
-4.49607e-05
3.46273e-05
-4.60106e-05
3.75102e-05
-4.71441e-05
4.04858e-05
-4.83606e-05
4.35633e-05
-4.96592e-05
4.67526e-05
-5.10386e-05
5.00644e-05
-5.24962e-05
5.35108e-05
-5.40296e-05
5.71048e-05
-5.56371e-05
6.0859e-05
-5.73097e-05
6.47904e-05
-5.90395e-05
6.89256e-05
-6.08387e-05
7.32841e-05
-6.27072e-05
7.78645e-05
-6.45833e-05
8.26885e-05
-6.6416e-05
8.78535e-05
-6.82877e-05
9.34613e-05
-7.03206e-05
9.95198e-05
-7.24736e-05
0.00010611
-7.47267e-05
0.000113361
-7.71093e-05
0.000120299
-7.81391e-05
0.00012225
-7.23209e-05
0.000114233
-5.29734e-05
9.3992e-05
-1.95922e-05
6.49659e-05
2.20455e-05
3.60018e-05
5.96654e-05
1.41068e-05
8.77672e-05
-2.02159e-07
0.000109597
-7.16308e-06
0.000131448
-4.90236e-06
0.00016373
7.12701e-06
0.000220376
0.000283782
2.13292e-06
-3.24138e-05
4.59619e-06
-4.59921e-05
6.8508e-06
-4.44364e-05
9.09006e-06
-4.23259e-05
1.13967e-05
-4.18257e-05
1.37556e-05
-4.21656e-05
1.61473e-05
-4.27408e-05
1.85699e-05
-4.33735e-05
2.10308e-05
-4.40603e-05
2.35384e-05
-4.48237e-05
2.61004e-05
-4.56753e-05
2.87239e-05
-4.66184e-05
3.14164e-05
-4.76532e-05
3.41857e-05
-4.87799e-05
3.70402e-05
-4.99985e-05
3.99889e-05
-5.13093e-05
4.30417e-05
-5.27119e-05
4.62088e-05
-5.42058e-05
4.95016e-05
-5.5789e-05
5.29329e-05
-5.74609e-05
5.6516e-05
-5.92203e-05
6.02641e-05
-6.10578e-05
6.41973e-05
-6.29727e-05
6.83433e-05
-6.49847e-05
7.27123e-05
-6.70762e-05
7.73024e-05
-6.91734e-05
8.21688e-05
-7.12824e-05
8.74259e-05
-7.35447e-05
9.31106e-05
-7.60053e-05
9.92226e-05
-7.85856e-05
0.000105976
-8.148e-05
0.000112863
-8.39967e-05
0.000117092
-8.23674e-05
0.000111096
-6.63251e-05
9.25225e-05
-3.44002e-05
6.15288e-05
1.14015e-05
2.99793e-05
5.35949e-05
6.83228e-06
8.28125e-05
-7.54617e-06
0.000102146
-1.53809e-05
0.000117432
-1.76937e-05
0.000133761
-1.34558e-05
0.000159492
2.57021e-07
0.000206663
0.000269816
2.15024e-06
-3.4564e-05
4.55291e-06
-4.83948e-05
6.74465e-06
-4.66282e-05
8.94173e-06
-4.4523e-05
1.12143e-05
-4.40983e-05
1.35382e-05
-4.44895e-05
1.58927e-05
-4.50953e-05
1.82775e-05
-4.57582e-05
2.07005e-05
-4.64833e-05
2.31704e-05
-4.72935e-05
2.56947e-05
-4.81997e-05
2.82807e-05
-4.92044e-05
3.0936e-05
-5.03085e-05
3.36686e-05
-5.15125e-05
3.64872e-05
-5.28172e-05
3.94013e-05
-5.42235e-05
4.2421e-05
-5.57316e-05
4.55572e-05
-5.73419e-05
4.88214e-05
-5.90532e-05
5.22272e-05
-6.08667e-05
5.57881e-05
-6.27811e-05
5.95175e-05
-6.47873e-05
6.34395e-05
-6.68946e-05
6.75786e-05
-6.91238e-05
7.1934e-05
-7.14316e-05
7.65176e-05
-7.37569e-05
8.14217e-05
-7.61866e-05
8.67303e-05
-7.88533e-05
9.24171e-05
-8.1692e-05
9.86598e-05
-8.48284e-05
0.000105467
-8.82874e-05
0.000111469
-8.99982e-05
0.000108467
-7.93652e-05
9.33613e-05
-5.12197e-05
6.17523e-05
-2.79121e-06
2.69583e-05
4.61953e-05
1.68255e-06
7.88708e-05
-1.34101e-05
9.79052e-05
-2.17364e-05
0.000110472
-2.53848e-05
0.000121081
-2.49083e-05
0.000133285
-1.91206e-05
0.000153705
-4.8149e-06
0.000192358
0.000254918
2.162e-06
-3.6726e-05
4.49743e-06
-5.07302e-05
6.62343e-06
-4.87542e-05
8.77554e-06
-4.66751e-05
1.10096e-05
-4.63323e-05
1.32927e-05
-4.67727e-05
1.56044e-05
-4.74069e-05
1.79455e-05
-4.80994e-05
2.03248e-05
-4.88626e-05
2.27509e-05
-4.97196e-05
2.52312e-05
-5.068e-05
2.77729e-05
-5.17462e-05
3.03838e-05
-5.29194e-05
3.30722e-05
-5.42008e-05
3.58471e-05
-5.5592e-05
3.87181e-05
-5.70945e-05
4.16957e-05
-5.87093e-05
4.47912e-05
-6.04374e-05
4.80166e-05
-6.22787e-05
5.13859e-05
-6.4236e-05
5.49119e-05
-6.63071e-05
5.86098e-05
-6.84851e-05
6.25062e-05
-7.0791e-05
6.66177e-05
-7.32353e-05
7.09365e-05
-7.57504e-05
7.55048e-05
-7.83253e-05
8.04293e-05
-8.11111e-05
8.57121e-05
-8.4136e-05
9.13763e-05
-8.73562e-05
9.77924e-05
-9.12445e-05
0.000104251
-9.47459e-05
0.00010515
-9.08969e-05
9.42678e-05
-6.84834e-05
6.48035e-05
-2.17554e-05
2.7177e-05
3.48354e-05
-9.59046e-07
7.43313e-05
-1.69974e-05
9.49092e-05
-2.56601e-05
0.000106568
-3.01142e-05
0.000114926
-3.15681e-05
0.000122535
-3.00967e-05
0.000131813
-2.40279e-05
0.000147636
-1.03829e-05
0.000178713
0.000239019
2.16772e-06
-3.88938e-05
4.42934e-06
-5.29918e-05
6.48686e-06
-5.08117e-05
8.59095e-06
-4.87792e-05
1.07814e-05
-4.85228e-05
1.30181e-05
-4.90094e-05
1.5281e-05
-4.96698e-05
1.75726e-05
-5.0391e-05
1.99022e-05
-5.11922e-05
2.2278e-05
-5.20955e-05
2.47075e-05
-5.31094e-05
2.71978e-05
-5.42365e-05
2.97568e-05
-5.54783e-05
3.23929e-05
-5.6837e-05
3.51155e-05
-5.83146e-05
3.79344e-05
-5.99134e-05
4.08604e-05
-6.16353e-05
4.39049e-05
-6.34819e-05
4.70805e-05
-6.54543e-05
5.04013e-05
-6.75568e-05
5.38795e-05
-6.97853e-05
5.75324e-05
-7.21381e-05
6.13874e-05
-7.4646e-05
6.54481e-05
-7.7296e-05
6.97126e-05
-8.00149e-05
7.42617e-05
-8.28744e-05
7.91619e-05
-8.60113e-05
8.43537e-05
-8.93278e-05
9.00953e-05
-9.30978e-05
9.62472e-05
-9.73965e-05
0.000100771
-9.92699e-05
9.41028e-05
-8.42284e-05
7.06497e-05
-4.50304e-05
3.14573e-05
1.74371e-05
-9.58108e-07
6.72508e-05
-1.86902e-05
9.20633e-05
-2.74423e-05
0.000103661
-3.19245e-05
0.00011105
-3.40814e-05
0.000117083
-3.45955e-05
0.000123049
-3.32738e-05
0.000130492
-2.82289e-05
0.000142591
-1.63002e-05
0.000166784
0.000222823
2.16698e-06
-4.10607e-05
4.34829e-06
-5.51732e-05
6.33469e-06
-5.27981e-05
8.38749e-06
-5.0832e-05
1.05292e-05
-5.06645e-05
1.27135e-05
-5.11936e-05
1.49215e-05
-5.18778e-05
1.71576e-05
-5.26271e-05
1.94311e-05
-5.34656e-05
2.175e-05
-5.44144e-05
2.41215e-05
-5.54809e-05
2.65529e-05
-5.66678e-05
2.9052e-05
-5.79774e-05
3.16274e-05
-5.94124e-05
3.42885e-05
-6.09758e-05
3.70457e-05
-6.26705e-05
3.99097e-05
-6.44993e-05
4.28924e-05
-6.64646e-05
4.60066e-05
-6.85685e-05
4.92664e-05
-7.08166e-05
5.26833e-05
-7.32022e-05
5.62779e-05
-7.57327e-05
6.00734e-05
-7.84416e-05
6.40602e-05
-8.12828e-05
6.82613e-05
-8.4216e-05
7.27752e-05
-8.73883e-05
7.75759e-05
-9.08119e-05
8.26921e-05
-9.4444e-05
8.86361e-05
-9.90419e-05
9.46431e-05
-0.000103403
9.30598e-05
-9.76866e-05
7.76168e-05
-6.87855e-05
4.00535e-05
-7.46702e-06
2.23429e-06
5.52564e-05
-1.8841e-05
8.83261e-05
-2.79827e-05
0.000101205
-3.21122e-05
0.000107791
-3.40293e-05
0.000112967
-3.48115e-05
0.000117865
-3.48904e-05
0.000123127
-3.40362e-05
0.000129638
-3.07449e-05
0.0001393
-2.12972e-05
0.000157337
-2.81784e-06
0.000204343
0.000227825
2.15939e-06
-4.32201e-05
4.25401e-06
-5.72678e-05
6.16678e-06
-5.47108e-05
8.16473e-06
-5.28299e-05
1.02522e-05
-5.2752e-05
1.23779e-05
-5.33193e-05
1.45251e-05
-5.4025e-05
1.66995e-05
-5.48015e-05
1.89103e-05
-5.56765e-05
2.11654e-05
-5.66695e-05
2.34716e-05
-5.77871e-05
2.58361e-05
-5.90323e-05
2.82668e-05
-6.04081e-05
3.07725e-05
-6.19181e-05
3.33627e-05
-6.35659e-05
3.60478e-05
-6.53556e-05
3.8839e-05
-6.72905e-05
4.17483e-05
-6.93739e-05
4.4789e-05
-7.16093e-05
4.79746e-05
-7.40022e-05
5.13167e-05
-7.65442e-05
5.48392e-05
-7.92552e-05
5.85549e-05
-8.21572e-05
6.24494e-05
-8.51774e-05
6.65848e-05
-8.83513e-05
7.10195e-05
-9.1823e-05
7.56531e-05
-9.54456e-05
8.07831e-05
-9.95739e-05
8.62664e-05
-0.000104525
8.95559e-05
-0.000106693
8.08221e-05
-8.89528e-05
5.05304e-05
-3.84937e-05
8.7628e-06
3.43005e-05
-1.74949e-05
8.15141e-05
-2.79398e-05
9.8771e-05
-3.17093e-05
0.000104975
-3.31103e-05
0.000109192
-3.34446e-05
0.000113301
-3.32978e-05
0.000117719
-3.29266e-05
0.000122756
-3.21889e-05
0.0001289
-3.01118e-05
0.000137223
-2.34447e-05
0.00015067
-3.46384e-06
0.000184363
0.000207091
2.14462e-06
-4.53647e-05
4.14638e-06
-5.92696e-05
5.98308e-06
-5.65475e-05
7.92237e-06
-5.47692e-05
9.9499e-06
-5.47796e-05
1.20109e-05
-5.53802e-05
1.40911e-05
-5.61052e-05
1.61974e-05
-5.69078e-05
1.8339e-05
-5.78181e-05
2.0523e-05
-5.88535e-05
2.27562e-05
-6.00203e-05
2.50455e-05
-6.13217e-05
2.73991e-05
-6.27616e-05
2.98256e-05
-6.43446e-05
3.23346e-05
-6.6075e-05
3.49369e-05
-6.79579e-05
3.76437e-05
-6.99973e-05
4.04676e-05
-7.21977e-05
4.34221e-05
-7.45638e-05
4.65199e-05
-7.71e-05
4.97741e-05
-7.97984e-05
5.32099e-05
-8.2691e-05
5.68242e-05
-8.57715e-05
6.06174e-05
-8.89706e-05
6.46787e-05
-9.24126e-05
6.89586e-05
-9.61029e-05
7.343e-05
-9.9917e-05
7.87042e-05
-0.000104848
8.40357e-05
-0.000109857
8.11201e-05
-0.000103777
6.22709e-05
-7.01037e-05
2.04306e-05
3.34659e-06
-1.38675e-05
6.85985e-05
-2.76264e-05
9.5273e-05
-3.1374e-05
0.000102519
-3.21969e-05
0.000105797
-3.20046e-05
0.000109
-3.13308e-05
0.000112627
-3.04325e-05
0.00011682
-2.93954e-05
0.000121719
-2.81324e-05
0.000127637
-2.5962e-05
0.000135052
-2.05616e-05
0.000145269
-2.73584e-06
0.000166537
0.000183388
2.12239e-06
-4.74871e-05
4.02538e-06
-6.11725e-05
5.78371e-06
-5.83059e-05
7.66026e-06
-5.66458e-05
9.62195e-06
-5.67412e-05
1.1612e-05
-5.73703e-05
1.36191e-05
-5.81123e-05
1.56511e-05
-5.89398e-05
1.77165e-05
-5.98835e-05
1.98221e-05
-6.09592e-05
2.19743e-05
-6.21724e-05
2.418e-05
-6.35274e-05
2.64471e-05
-6.50288e-05
2.87844e-05
-6.66819e-05
3.12017e-05
-6.84922e-05
3.37097e-05
-7.04659e-05
3.632e-05
-7.26077e-05
3.90456e-05
-7.49233e-05
4.19006e-05
-7.74188e-05
4.48966e-05
-8.0096e-05
4.80504e-05
-8.29522e-05
5.13831e-05
-8.60237e-05
5.48781e-05
-8.92665e-05
5.85724e-05
-9.26649e-05
6.2527e-05
-9.63672e-05
6.65773e-05
-0.000100153
7.09697e-05
-0.000104309
7.57218e-05
-0.0001096
7.83174e-05
-0.000112452
6.86094e-05
-9.40694e-05
3.41919e-05
-3.56861e-05
-7.1034e-06
4.4642e-05
-2.67275e-05
8.82227e-05
-3.14539e-05
9.99995e-05
-3.17266e-05
0.000102791
-3.10129e-05
0.000105084
-2.98977e-05
0.000107885
-2.8546e-05
0.000111276
-2.69924e-05
0.000115267
-2.51862e-05
0.000119913
-2.29947e-05
0.000125445
-1.99579e-05
0.000132016
-1.44009e-05
0.000139712
-7.24645e-07
0.000152861
0.000161325
2.09244e-06
-4.95796e-05
3.89111e-06
-6.29712e-05
5.5689e-06
-5.99837e-05
7.37842e-06
-5.84553e-05
9.26832e-06
-5.86311e-05
1.11814e-05
-5.92834e-05
1.31093e-05
-6.00402e-05
1.50604e-05
-6.08909e-05
1.70427e-05
-6.18658e-05
1.90624e-05
-6.29788e-05
2.11255e-05
-6.42355e-05
2.32387e-05
-6.56406e-05
2.54098e-05
-6.71999e-05
2.76476e-05
-6.89197e-05
2.99617e-05
-7.08063e-05
3.23634e-05
-7.28676e-05
3.48642e-05
-7.51085e-05
3.74782e-05
-7.75373e-05
4.02192e-05
-8.01599e-05
4.30995e-05
-8.29762e-05
4.61402e-05
-8.5993e-05
4.93513e-05
-8.92348e-05
5.27191e-05
-9.26343e-05
5.63222e-05
-9.6268e-05
6.01014e-05
-0.000100146
6.3909e-05
-0.000103961
6.84429e-05
-0.000108843
7.31504e-05
-0.000114308
7.00387e-05
-0.000109341
4.96637e-05
-7.36943e-05
6.56623e-06
7.41133e-06
-2.36246e-05
7.48327e-05
-3.18791e-05
9.64772e-05
-3.19283e-05
0.000100049
-3.06572e-05
0.00010152
-2.91443e-05
0.000103571
-2.74825e-05
0.000106223
-2.5633e-05
0.000109426
-2.35144e-05
0.000113148
-2.10063e-05
0.000117405
-1.7909e-05
0.000122348
-1.39304e-05
0.000128037
-8.0217e-06
0.000133804
2.32312e-06
0.000142516
0.00014532
2.05432e-06
-5.16339e-05
3.74379e-06
-6.46607e-05
5.33904e-06
-6.15789e-05
7.07707e-06
-6.01933e-05
8.88923e-06
-6.04433e-05
1.07193e-05
-6.11135e-05
1.2562e-05
-6.18829e-05
1.44259e-05
-6.27547e-05
1.63181e-05
-6.37581e-05
1.82443e-05
-6.4905e-05
2.021e-05
-6.62012e-05
2.22217e-05
-6.76524e-05
2.42869e-05
-6.92651e-05
2.64142e-05
-7.1047e-05
2.86134e-05
-7.30055e-05
3.08957e-05
-7.51499e-05
3.32731e-05
-7.74859e-05
3.57609e-05
-8.00251e-05
3.83725e-05
-8.27714e-05
4.11229e-05
-8.57266e-05
4.40367e-05
-8.89068e-05
4.71076e-05
-9.23057e-05
5.03558e-05
-9.58825e-05
5.38544e-05
-9.97665e-05
5.73725e-05
-0.000103664
6.1028e-05
-0.000107616
6.52132e-05
-0.000113028
6.78192e-05
-0.000116914
5.82984e-05
-9.98199e-05
2.2592e-05
-3.79878e-05
-1.75156e-05
4.75189e-05
-3.20373e-05
8.93542e-05
-3.28486e-05
9.72886e-05
-3.09924e-05
9.81926e-05
-2.90709e-05
9.95988e-05
-2.7138e-05
0.000101638
-2.51144e-05
0.000104199
-2.28708e-05
0.000107182
-2.02887e-05
0.000110566
-1.72298e-05
0.000114346
-1.34683e-05
0.000118587
-8.77841e-06
0.000123347
-2.66692e-06
0.000127692
5.91582e-06
0.000133933
0.000135142
2.00803e-06
-5.36419e-05
3.58385e-06
-6.62365e-05
5.09471e-06
-6.30898e-05
6.7567e-06
-6.18553e-05
8.48526e-06
-6.21719e-05
1.02266e-05
-6.28549e-05
1.19782e-05
-6.36345e-05
1.37485e-05
-6.4525e-05
1.55438e-05
-6.55533e-05
1.73688e-05
-6.673e-05
1.92288e-05
-6.80612e-05
2.11297e-05
-6.95533e-05
2.30788e-05
-7.12142e-05
2.50843e-05
-7.30525e-05
2.71559e-05
-7.50771e-05
2.9305e-05
-7.72989e-05
3.15438e-05
-7.97248e-05
3.38894e-05
-8.23706e-05
3.63541e-05
-8.52362e-05
3.89608e-05
-8.83333e-05
4.17313e-05
-9.16773e-05
4.46509e-05
-9.52253e-05
4.78004e-05
-9.9032e-05
5.11259e-05
-0.000103092
5.43124e-05
-0.000106851
5.80352e-05
-0.000111339
6.20509e-05
-0.000117044
6.02567e-05
-0.00011512
4.04235e-05
-7.99866e-05
-3.01012e-06
5.44598e-06
-2.99249e-05
7.44337e-05
-3.4296e-05
9.37253e-05
-3.20405e-05
9.50332e-05
-2.96309e-05
9.57829e-05
-2.74109e-05
9.73789e-05
-2.52292e-05
9.94558e-05
-2.29268e-05
0.000101897
-2.0365e-05
0.000104621
-1.74246e-05
0.000107626
-1.39717e-05
0.000110893
-9.80428e-06
0.000114419
-4.71976e-06
0.000118263
1.35884e-06
0.000121614
9.33717e-06
0.000125955
0.000127225
1.9537e-06
-5.55956e-05
3.41193e-06
-6.76947e-05
4.83667e-06
-6.45145e-05
6.41802e-06
-6.34367e-05
8.0573e-06
-6.38112e-05
9.70442e-06
-6.4502e-05
1.13593e-05
-6.52894e-05
1.30298e-05
-6.61956e-05
1.47212e-05
-6.72447e-05
1.64376e-05
-6.84464e-05
1.81834e-05
-6.9807e-05
1.99643e-05
-7.13342e-05
2.17867e-05
-7.30366e-05
2.36585e-05
-7.49243e-05
2.55892e-05
-7.70078e-05
2.759e-05
-7.92997e-05
2.9674e-05
-8.18088e-05
3.18595e-05
-8.45561e-05
3.41591e-05
-8.75358e-05
3.66078e-05
-9.07819e-05
3.92149e-05
-9.42844e-05
4.19883e-05
-9.79988e-05
4.5057e-05
-0.000102101
4.812e-05
-0.000106155
5.10274e-05
-0.000109758
5.46164e-05
-0.000114928
5.7556e-05
-0.000119984
4.95561e-05
-0.00010712
1.5655e-05
-4.60854e-05
-2.34447e-05
4.45456e-05
-3.53589e-05
8.63478e-05
-3.3713e-05
9.20795e-05
-3.07133e-05
9.20335e-05
-2.81915e-05
9.32609e-05
-2.58315e-05
9.50189e-05
-2.34711e-05
9.70954e-05
-2.09443e-05
9.93702e-05
-1.81378e-05
0.000101814
-1.49397e-05
0.000104428
-1.12306e-05
0.000107184
-6.84795e-06
0.000110037
-1.59328e-06
0.000113008
4.49886e-06
0.000115521
1.20904e-05
0.000118363
0.000119489
1.8915e-06
-5.74871e-05
3.22883e-06
-6.90321e-05
4.56587e-06
-6.58515e-05
6.06196e-06
-6.49328e-05
7.60653e-06
-6.53557e-05
9.15416e-06
-6.60496e-05
1.07068e-05
-6.6842e-05
1.22716e-05
-6.77603e-05
1.38525e-05
-6.88256e-05
1.54528e-05
-7.00466e-05
1.70762e-05
-7.14305e-05
1.87276e-05
-7.29855e-05
2.04127e-05
-7.47218e-05
2.21387e-05
-7.66504e-05
2.39148e-05
-7.87838e-05
2.57518e-05
-8.11368e-05
2.76641e-05
-8.3721e-05
2.96708e-05
-8.65629e-05
3.17874e-05
-8.96524e-05
3.40614e-05
-9.30559e-05
3.64824e-05
-9.67054e-05
3.91236e-05
-0.00010064
4.20726e-05
-0.00010505
4.48107e-05
-0.000108893
4.77132e-05
-0.000112661
5.10607e-05
-0.000118276
5.15648e-05
-0.000120488
3.458e-05
-9.01349e-05
-7.94585e-06
-3.55983e-06
-3.33777e-05
6.99774e-05
-3.58044e-05
8.87743e-05
-3.22279e-05
8.8503e-05
-2.93318e-05
8.91372e-05
-2.67867e-05
9.07158e-05
-2.43508e-05
9.25831e-05
-2.18508e-05
9.45954e-05
-1.91595e-05
9.66789e-05
-1.61849e-05
9.88395e-05
-1.28266e-05
0.000101069
-8.97874e-06
0.000103336
-4.51785e-06
0.000105576
7.2375e-07
0.000107766
6.71211e-06
0.000109533
1.38828e-05
0.000111193
0.000111765
1.82158e-06
-5.93087e-05
3.03553e-06
-7.0246e-05
4.28345e-06
-6.70995e-05
5.68966e-06
-6.6339e-05
7.13433e-06
-6.68004e-05
8.57756e-06
-6.74928e-05
1.00229e-05
-6.82874e-05
1.14761e-05
-6.92136e-05
1.29402e-05
-7.02897e-05
1.44173e-05
-7.15238e-05
1.59105e-05
-7.29237e-05
1.74236e-05
-7.44986e-05
1.89615e-05
-7.62596e-05
2.05305e-05
-7.82194e-05
2.21392e-05
-8.03925e-05
2.37981e-05
-8.27957e-05
2.55228e-05
-8.54457e-05
2.73314e-05
-8.83715e-05
2.92463e-05
-9.15672e-05
3.13166e-05
-9.51261e-05
3.35216e-05
-9.89104e-05
3.60153e-05
-0.000103134
3.87287e-05
-0.000107763
4.12269e-05
-0.000111391
4.45416e-05
-0.000115975
4.82821e-05
-0.000122016
4.231e-05
-0.000114516
1.19931e-05
-5.9818e-05
-2.68953e-05
3.53287e-05
-3.75064e-05
8.05885e-05
-3.42803e-05
8.55481e-05
-3.06935e-05
8.49163e-05
-2.79521e-05
8.63958e-05
-2.5424e-05
8.81876e-05
-2.29427e-05
9.01018e-05
-2.03522e-05
9.2005e-05
-1.75651e-05
9.38919e-05
-1.44998e-05
9.5774e-05
-1.10687e-05
9.76385e-05
-7.18427e-06
9.94516e-05
-2.75189e-06
0.000101144
2.35091e-06
0.000102664
8.11365e-06
0.00010377
1.47725e-05
0.000104534
0.000104451
1.74375e-06
-6.10525e-05
2.83324e-06
-7.13355e-05
3.99106e-06
-6.82573e-05
5.30263e-06
-6.76506e-05
6.64258e-06
-6.81403e-05
7.977e-06
-6.88273e-05
9.31036e-06
-6.96207e-05
1.06471e-05
-7.05503e-05
1.19889e-05
-7.16314e-05
1.33371e-05
-7.2872e-05
1.46937e-05
-7.42803e-05
1.60615e-05
-7.58664e-05
1.74444e-05
-7.76426e-05
1.88478e-05
-7.96227e-05
2.02792e-05
-8.18239e-05
2.17483e-05
-8.42648e-05
2.32701e-05
-8.69675e-05
2.48582e-05
-8.99596e-05
2.65406e-05
-9.32497e-05
2.83421e-05
-9.69277e-05
3.02634e-05
-0.000100832
3.24785e-05
-0.000105349
3.4816e-05
-0.000110101
3.74224e-05
-0.000113998
4.09391e-05
-0.000119492
4.33432e-05
-0.00012442
3.01521e-05
-0.000101325
-9.49655e-06
-2.01693e-05
-3.52026e-05
6.10348e-05
-3.69426e-05
8.23285e-05
-3.22635e-05
8.0869e-05
-2.92149e-05
8.18678e-05
-2.65564e-05
8.37374e-05
-2.40812e-05
8.57123e-05
-2.15884e-05
8.7609e-05
-1.89717e-05
8.93882e-05
-1.6159e-05
9.10793e-05
-1.30766e-05
9.26915e-05
-9.65165e-06
9.42135e-05
-5.81225e-06
9.56123e-05
-1.49169e-06
9.6823e-05
3.39225e-06
9.77798e-05
8.83904e-06
9.83234e-05
1.49526e-05
9.84204e-05
9.77781e-05
1.65754e-06
-6.271e-05
2.62418e-06
-7.23021e-05
3.69153e-06
-6.93246e-05
4.90376e-06
-6.88628e-05
6.13502e-06
-6.93716e-05
7.35732e-06
-7.00496e-05
8.57544e-06
-7.08388e-05
9.79229e-06
-7.17672e-05
1.10084e-05
-7.28475e-05
1.22243e-05
-7.40879e-05
1.3441e-05
-7.54969e-05
1.46598e-05
-7.70853e-05
1.58837e-05
-7.88664e-05
1.71161e-05
-8.08552e-05
1.83624e-05
-8.30702e-05
1.96289e-05
-8.55313e-05
2.09245e-05
-8.8263e-05
2.22511e-05
-9.12862e-05
2.36305e-05
-9.4629e-05
2.50325e-05
-9.83298e-05
2.65167e-05
-0.000102316
2.81433e-05
-0.000106975
3.00517e-05
-0.000112009
3.34228e-05
-0.000117369
3.76946e-05
-0.000123764
3.43193e-05
-0.000121045
9.36083e-06
-7.6366e-05
-2.84794e-05
1.76709e-05
-3.87196e-05
7.12749e-05
-3.45276e-05
7.81365e-05
-3.02964e-05
7.66376e-05
-2.76164e-05
7.91879e-05
-2.51041e-05
8.1225e-05
-2.27291e-05
8.33373e-05
-2.02864e-05
8.51663e-05
-1.77139e-05
8.68157e-05
-1.49423e-05
8.83077e-05
-1.19087e-05
8.9658e-05
-8.55469e-06
9.08596e-05
-4.82683e-06
9.18846e-05
-6.77055e-07
9.26733e-05
3.93781e-06
9.31648e-05
9.0183e-06
9.32428e-05
1.45939e-05
9.28447e-05
9.17823e-05
1.56297e-06
-6.4273e-05
2.41255e-06
-7.31517e-05
3.38998e-06
-7.03021e-05
4.49893e-06
-6.99717e-05
5.61943e-06
-7.04921e-05
6.72855e-06
-7.11587e-05
7.83071e-06
-7.1941e-05
8.92725e-06
-7.28637e-05
1.00176e-05
-7.39378e-05
1.11011e-05
-7.51715e-05
1.21775e-05
-7.65733e-05
1.32463e-05
-7.81541e-05
1.43079e-05
-7.99281e-05
1.53618e-05
-8.1909e-05
1.64067e-05
-8.41151e-05
1.74395e-05
-8.65641e-05
1.84534e-05
-8.92769e-05
1.94294e-05
-9.22623e-05
2.03638e-05
-9.55633e-05
2.11698e-05
-9.91358e-05
2.19876e-05
-0.000103134
2.27001e-05
-0.000107688
2.43536e-05
-0.000113662
2.8352e-05
-0.000121367
3.0449e-05
-0.000125861
2.22477e-05
-0.000112844
-1.04777e-05
-4.36405e-05
-3.56989e-05
4.2892e-05
-3.71935e-05
7.27695e-05
-3.14667e-05
7.24098e-05
-2.83367e-05
7.35073e-05
-2.58443e-05
7.66956e-05
-2.35828e-05
7.89633e-05
-2.13629e-05
8.11175e-05
-1.90493e-05
8.28528e-05
-1.65885e-05
8.4355e-05
-1.39181e-05
8.56375e-05
-1.09891e-05
8.67292e-05
-7.75794e-06
8.76285e-05
-4.18777e-06
8.83144e-05
-2.54809e-07
8.87403e-05
4.06644e-06
8.88436e-05
8.76306e-06
8.85462e-05
1.38264e-05
8.77814e-05
8.64207e-05
1.46252e-06
-6.57355e-05
2.20547e-06
-7.38947e-05
3.0942e-06
-7.11908e-05
4.09843e-06
-7.0976e-05
5.10939e-06
-7.15031e-05
6.10757e-06
-7.21568e-05
7.0963e-06
-7.29297e-05
8.0751e-06
-7.38425e-05
9.04165e-06
-7.49044e-05
9.99315e-06
-7.6123e-05
1.09269e-05
-7.7507e-05
1.18387e-05
-7.90659e-05
1.27232e-05
-8.08126e-05
1.35701e-05
-8.27559e-05
1.43637e-05
-8.49087e-05
1.50829e-05
-8.72833e-05
1.56989e-05
-8.9893e-05
1.61719e-05
-9.27352e-05
1.64745e-05
-9.58659e-05
1.65322e-05
-9.91935e-05
1.65708e-05
-0.000103172
1.64591e-05
-0.000107576
1.82003e-05
-0.000115404
2.16747e-05
-0.000124842
1.9033e-05
-0.000123219
4.20823e-06
-9.80192e-05
-2.58838e-05
-1.35485e-05
-3.71966e-05
5.42049e-05
-3.30364e-05
6.86092e-05
-2.81361e-05
6.75097e-05
-2.60395e-05
7.14106e-05
-2.38886e-05
7.45448e-05
-2.19928e-05
7.70675e-05
-2.00084e-05
7.91333e-05
-1.79018e-05
8.07461e-05
-1.56113e-05
8.20644e-05
-1.30928e-05
8.3119e-05
-1.03126e-05
8.39489e-05
-7.24312e-06
8.4559e-05
-3.86451e-06
8.49358e-05
-1.69672e-07
8.50454e-05
3.84881e-06
8.48251e-05
8.16535e-06
8.42297e-05
1.27522e-05
8.31946e-05
8.16308e-05
1.36637e-06
-6.71018e-05
2.01176e-06
-7.45401e-05
2.81158e-06
-7.19906e-05
3.71395e-06
-7.18783e-05
4.61955e-06
-7.24087e-05
5.51096e-06
-7.30483e-05
6.38928e-06
-7.3808e-05
7.25099e-06
-7.47042e-05
8.09027e-06
-7.57437e-05
8.89873e-06
-7.69314e-05
9.66976e-06
-7.8278e-05
1.03919e-05
-7.9788e-05
1.10482e-05
-8.14689e-05
1.1612e-05
-8.33198e-05
1.20473e-05
-8.5344e-05
1.23181e-05
-8.75541e-05
1.23939e-05
-8.99688e-05
1.22553e-05
-9.25966e-05
1.19156e-05
-9.55262e-05
1.14588e-05
-9.87368e-05
1.12236e-05
-0.000102937
1.14181e-05
-0.000107771
1.35038e-05
-0.000117489
1.32458e-05
-0.000124584
6.78111e-06
-0.000116754
-9.38149e-06
-8.18565e-05
-2.93835e-05
6.45345e-06
-3.27085e-05
5.75298e-05
-2.75264e-05
6.34271e-05
-2.46356e-05
6.46188e-05
-2.33418e-05
7.01168e-05
-2.17999e-05
7.30029e-05
-2.0364e-05
7.56315e-05
-1.87139e-05
7.74831e-05
-1.68795e-05
7.89118e-05
-1.48072e-05
7.9992e-05
-1.2479e-05
8.07908e-05
-9.87822e-06
8.13482e-05
-6.99463e-06
8.16753e-05
-3.82313e-06
8.17643e-05
-3.68032e-07
8.15903e-05
3.34417e-06
8.11129e-05
7.29806e-06
8.02759e-05
1.14513e-05
7.90415e-05
7.73458e-05
1.29379e-06
-6.83956e-05
1.83139e-06
-7.50777e-05
2.53599e-06
-7.26952e-05
3.34223e-06
-7.26846e-05
4.1435e-06
-7.32099e-05
4.9263e-06
-7.38311e-05
5.68707e-06
-7.45688e-05
6.41665e-06
-7.54338e-05
7.103e-06
-7.643e-05
7.72812e-06
-7.75566e-05
8.28043e-06
-7.88303e-05
8.73968e-06
-8.02473e-05
9.07739e-06
-8.18066e-05
9.25675e-06
-8.34991e-05
9.23899e-06
-8.53262e-05
9.01268e-06
-8.73277e-05
8.61961e-06
-8.95757e-05
8.17904e-06
-9.2156e-05
7.86974e-06
-9.5217e-05
8.13845e-06
-9.90055e-05
9.49435e-06
-0.000104293
1.26457e-05
-0.000110922
1.49757e-05
-0.000119819
8.2728e-06
-0.000117881
7.15861e-06
-0.00011564
-6.38556e-06
-6.83122e-05
-2.17146e-05
2.17824e-05
-2.39055e-05
5.97205e-05
-2.12135e-05
6.07353e-05
-2.0815e-05
6.42202e-05
-2.03995e-05
6.97013e-05
-1.96948e-05
7.22982e-05
-1.87897e-05
7.47264e-05
-1.7554e-05
7.62474e-05
-1.60344e-05
7.73923e-05
-1.42119e-05
7.81695e-05
-1.20958e-05
7.86747e-05
-9.69045e-06
7.89428e-05
-7.00384e-06
7.89888e-05
-4.04724e-06
7.88077e-05
-8.39055e-07
7.83821e-05
2.59429e-06
7.76796e-05
6.21669e-06
7.66536e-05
9.98383e-06
7.52744e-05
7.34989e-05
1.25069e-06
-6.96463e-05
1.63417e-06
-7.54612e-05
2.22645e-06
-7.32875e-05
2.93633e-06
-7.33945e-05
3.61871e-06
-7.38923e-05
4.27155e-06
-7.44839e-05
4.88388e-06
-7.51811e-05
5.43958e-06
-7.59895e-05
5.92103e-06
-7.69115e-05
6.30415e-06
-7.79397e-05
6.577e-06
-7.91032e-05
6.72316e-06
-8.03934e-05
6.7281e-06
-8.18116e-05
6.5898e-06
-8.33608e-05
6.351e-06
-8.50874e-05
6.13424e-06
-8.7111e-05
6.19067e-06
-8.96322e-05
6.95641e-06
-9.29218e-05
8.91718e-06
-9.71777e-05
1.32002e-05
-0.000103288
2.03389e-05
-0.000111432
3.07144e-05
-0.000121297
2.93489e-05
-0.000118454
1.143e-05
-9.99619e-05
9.35088e-06
-0.000113561
6.94374e-06
-6.5905e-05
-1.01875e-05
3.89136e-05
-1.41666e-05
6.36995e-05
-1.4906e-05
6.14749e-05
-1.68483e-05
6.61625e-05
-1.75174e-05
7.03704e-05
-1.77489e-05
7.25297e-05
-1.74185e-05
7.4396e-05
-1.66309e-05
7.54599e-05
-1.54377e-05
7.61992e-05
-1.38722e-05
7.6604e-05
-1.19705e-05
7.6773e-05
-9.75957e-06
7.6732e-05
-7.26562e-06
7.64949e-05
-4.51464e-06
7.60567e-05
-1.53489e-06
7.54023e-05
1.63918e-06
7.45055e-05
4.96457e-06
7.33282e-05
8.39404e-06
7.18451e-05
7.00264e-05
1.23508e-06
-7.08814e-05
1.35504e-06
-7.55811e-05
1.79889e-06
-7.37313e-05
2.39168e-06
-7.39873e-05
2.92001e-06
-7.44206e-05
3.40157e-06
-7.49655e-05
3.82231e-06
-7.56019e-05
4.16992e-06
-7.63371e-05
4.43609e-06
-7.71777e-05
4.62258e-06
-7.81262e-05
4.74275e-06
-7.92234e-05
4.8354e-06
-8.04861e-05
4.9735e-06
-8.19497e-05
5.31999e-06
-8.37073e-05
6.20118e-06
-8.59686e-05
8.11307e-06
-8.90229e-05
1.17242e-05
-9.32433e-05
1.77947e-05
-9.89923e-05
2.67727e-05
-0.000106156
4.14974e-05
-0.000118013
5.83757e-05
-0.00012831
6.61207e-05
-0.000129042
5.17639e-05
-0.000104097
1.59246e-05
-6.41225e-05
7.90509e-06
-0.000105542
1.17409e-05
-6.9741e-05
3.15402e-07
5.03391e-05
-5.85548e-06
6.98704e-05
-9.6002e-06
6.52198e-05
-1.33491e-05
6.99112e-05
-1.51206e-05
7.21419e-05
-1.6207e-05
7.36162e-05
-1.64338e-05
7.46229e-05
-1.60665e-05
7.50925e-05
-1.51742e-05
7.53069e-05
-1.38434e-05
7.52732e-05
-1.21355e-05
7.50651e-05
-1.01003e-05
7.46968e-05
-7.78016e-06
7.41748e-05
-5.21367e-06
7.34902e-05
-2.43754e-06
7.26262e-05
5.07917e-07
7.15601e-05
3.57358e-06
7.02625e-05
6.71342e-06
6.87052e-05
6.68688e-05
1.26107e-06
-7.21425e-05
8.86125e-07
-7.52062e-05
1.18234e-06
-7.40275e-05
1.64382e-06
-7.44487e-05
2.0089e-06
-7.47857e-05
2.32612e-06
-7.52827e-05
2.60993e-06
-7.58857e-05
2.8918e-06
-7.6619e-05
3.21885e-06
-7.75047e-05
3.70658e-06
-7.86139e-05
4.49598e-06
-8.00128e-05
5.80592e-06
-8.1796e-05
7.90356e-06
-8.40473e-05
1.12585e-05
-8.70623e-05
1.68572e-05
-9.15673e-05
2.60919e-05
-9.82576e-05
4.09949e-05
-0.000108146
5.78023e-05
-0.0001158
7.18202e-05
-0.000120174
7.70415e-05
-0.000123234
7.12384e-05
-0.000122507
5.72015e-05
-0.000115005
4.09719e-05
-8.78674e-05
1.8502e-05
-4.16527e-05
5.52075e-06
-9.25604e-05
7.72893e-06
-7.19492e-05
6.63745e-06
5.14305e-05
-1.42315e-07
7.66503e-05
-6.13649e-06
7.1214e-05
-1.09085e-05
7.46831e-05
-1.36021e-05
7.48356e-05
-1.53419e-05
7.5356e-05
-1.60285e-05
7.53096e-05
-1.59904e-05
7.50544e-05
-1.53327e-05
7.46491e-05
-1.41827e-05
7.41231e-05
-1.26247e-05
7.35073e-05
-1.07283e-05
7.28004e-05
-8.54941e-06
7.19959e-05
-6.13627e-06
7.10771e-05
-3.53305e-06
7.0023e-05
-7.83325e-07
6.88103e-05
2.06583e-06
6.74134e-05
4.96447e-06
6.58065e-05
6.39718e-05
1.19347e-06
-7.33359e-05
2.81011e-07
-7.42937e-05
5.42187e-07
-7.42887e-05
9.3421e-07
-7.48408e-05
1.28996e-06
-7.51415e-05
1.68397e-06
-7.56767e-05
2.23122e-06
-7.6433e-05
3.09064e-06
-7.74784e-05
4.47974e-06
-7.88938e-05
6.80913e-06
-8.09433e-05
1.08255e-05
-8.40292e-05
1.70907e-05
-8.80612e-05
2.495e-05
-9.19065e-05
3.40767e-05
-9.61891e-05
4.42786e-05
-0.000101769
5.4452e-05
-0.000108431
6.20136e-05
-0.000115708
6.80454e-05
-0.000121831
7.27683e-05
-0.000124897
7.32752e-05
-0.000123741
6.71472e-05
-0.000116379
5.32367e-05
-0.000101095
4.02983e-05
-7.49289e-05
3.05023e-05
-3.18566e-05
4.54658e-06
-6.66047e-05
4.80378e-06
-7.22064e-05
1.34656e-05
4.27687e-05
3.67205e-06
8.6444e-05
-4.57931e-06
7.94652e-05
-9.84014e-06
7.99439e-05
-1.32587e-05
7.82543e-05
-1.54011e-05
7.74985e-05
-1.63774e-05
7.62859e-05
-1.65243e-05
7.52011e-05
-1.59946e-05
7.41193e-05
-1.49412e-05
7.30697e-05
-1.34674e-05
7.20336e-05
-1.16566e-05
7.09897e-05
-9.57407e-06
6.99134e-05
-7.27427e-06
6.87773e-05
-4.8054e-06
6.75541e-05
-2.21227e-06
6.62172e-05
4.59845e-07
6.47413e-05
3.1631e-06
6.31033e-05
6.12853e-05
5.53984e-07
-7.38899e-05
-3.2798e-08
-7.3707e-05
7.85724e-07
-7.51072e-05
1.32834e-06
-7.53834e-05
2.30802e-06
-7.61212e-05
3.52406e-06
-7.68927e-05
5.24637e-06
-7.81553e-05
7.62879e-06
-7.98608e-05
1.08175e-05
-8.20825e-05
1.48823e-05
-8.50081e-05
1.94667e-05
-8.86135e-05
2.4259e-05
-9.28534e-05
2.99281e-05
-9.75757e-05
3.66379e-05
-0.000102899
4.397e-05
-0.000109101
5.14901e-05
-0.000115951
5.86851e-05
-0.000122903
6.56305e-05
-0.000128777
7.18927e-05
-0.000131159
7.52574e-05
-0.000127106
7.32929e-05
-0.000114414
6.3692e-05
-9.14942e-05
5.04522e-05
-6.16891e-05
4.08182e-05
-2.22225e-05
5.21165e-06
-3.09982e-05
2.23333e-06
-6.92281e-05
1.54146e-05
2.95873e-05
5.23219e-06
9.66265e-05
-4.71814e-06
8.94157e-05
-1.05077e-05
8.57335e-05
-1.43636e-05
8.21103e-05
-1.65965e-05
7.97314e-05
-1.76239e-05
7.73134e-05
-1.7766e-05
7.5343e-05
-1.72219e-05
7.35752e-05
-1.61556e-05
7.20034e-05
-1.4682e-05
7.056e-05
-1.28904e-05
6.91981e-05
-1.08498e-05
6.78728e-05
-8.61667e-06
6.65442e-05
-6.23959e-06
6.5177e-05
-3.76256e-06
6.37402e-05
-1.22791e-06
6.22067e-05
1.32183e-06
6.05537e-05
5.87642e-05
-2.05786e-08
-7.38693e-05
6.27088e-07
-7.43547e-05
1.69854e-06
-7.61787e-05
2.57641e-06
-7.62612e-05
3.73829e-06
-7.7283e-05
5.21477e-06
-7.83692e-05
6.98273e-06
-7.99232e-05
9.19882e-06
-8.20769e-05
1.18525e-05
-8.47362e-05
1.49834e-05
-8.81389e-05
1.84437e-05
-9.20739e-05
2.22446e-05
-9.66542e-05
2.66203e-05
-0.000101951
3.1745e-05
-0.000108023
3.76184e-05
-0.000114975
4.44014e-05
-0.000122734
5.25534e-05
-0.000131055
6.21207e-05
-0.000138344
7.16397e-05
-0.000140678
7.80326e-05
-0.000133499
7.86471e-05
-0.000115029
7.21471e-05
-8.49942e-05
5.82668e-05
-4.78088e-05
4.29598e-05
-6.91553e-06
9.72846e-06
2.23319e-06
2.15404e-06
-6.16536e-05
1.18044e-05
1.9937e-05
2.62193e-06
0.000105809
-7.59778e-06
9.96356e-05
-1.34729e-05
9.16087e-05
-1.71789e-05
8.58162e-05
-1.90967e-05
8.16492e-05
-1.98666e-05
7.80832e-05
-1.97736e-05
7.52501e-05
-1.90447e-05
7.28462e-05
-1.78384e-05
7.07971e-05
-1.62689e-05
6.89904e-05
-1.4422e-05
6.73512e-05
-1.23637e-05
6.58145e-05
-1.01473e-05
6.43278e-05
-7.81807e-06
6.28478e-05
-5.41622e-06
6.13384e-05
-2.97971e-06
5.97703e-05
-5.45526e-07
5.81197e-05
5.63696e-05
-2.44277e-07
-7.3625e-05
9.41025e-07
-7.554e-05
1.73096e-06
-7.69687e-05
2.60838e-06
-7.71386e-05
3.62878e-06
-7.83034e-05
4.82731e-06
-7.95678e-05
6.26199e-06
-8.13579e-05
7.87323e-06
-8.36882e-05
9.74501e-06
-8.6608e-05
1.18174e-05
-9.02114e-05
1.41348e-05
-9.43913e-05
1.68156e-05
-9.93351e-05
2.00107e-05
-0.000105147
2.39242e-05
-0.000111937
2.88098e-05
-0.00011986
3.53087e-05
-0.000129233
4.42858e-05
-0.000140032
5.52896e-05
-0.000149348
6.59233e-05
-0.000151312
7.18664e-05
-0.000139442
7.14101e-05
6.63219e-05
5.4707e-05
3.90247e-05
1.40557e-05
2.2015e-06
3.31565e-06
-6.01154e-06
-1.46943e-05
-1.92635e-05
-2.18986e-05
-2.29872e-05
-2.31285e-05
-2.25442e-05
-2.14472e-05
-1.99681e-05
-1.82041e-05
-1.62267e-05
-1.40913e-05
-1.18426e-05
-9.51851e-06
-7.1531e-06
-4.77824e-06
-2.42488e-06
-2.63291e-07
5.93892e-07
9.89437e-07
1.61045e-06
2.24183e-06
3.00355e-06
3.8736e-06
4.83666e-06
5.89231e-06
7.01762e-06
8.31859e-06
9.89854e-06
1.18615e-05
1.43966e-05
1.79222e-05
2.33664e-05
3.14419e-05
4.11788e-05
4.94093e-05
)
;

boundaryField
{
    leftWall
    {
        type            calculated;
        value           uniform 0;
    }
    rightWall
    {
        type            calculated;
        value           nonuniform 0();
    }
    lowerWall
    {
        type            calculated;
        value           uniform 0;
    }
    atmosphere
    {
        type            calculated;
        value           nonuniform 0();
    }
    defaultFaces
    {
        type            empty;
        value           nonuniform 0();
    }
    procBoundary0to1
    {
        type            processor;
        value           nonuniform List<scalar> 
44
(
-1.11596e-05
3.59376e-05
5.62245e-05
5.8389e-05
5.74404e-05
6.11078e-05
7.12885e-05
8.16533e-05
8.19713e-05
7.1347e-05
6.14768e-05
5.45816e-05
4.69162e-05
3.78094e-05
2.91425e-05
2.13639e-05
1.42233e-05
1.00829e-05
5.516e-06
-1.04979e-07
-0.000245051
1.44074e-05
1.727e-05
2.09666e-05
2.13376e-05
1.83291e-05
1.6093e-05
1.72547e-05
1.9826e-05
2.1607e-05
2.20868e-05
2.16252e-05
2.05899e-05
1.91881e-05
1.75419e-05
1.57361e-05
1.38307e-05
1.18668e-05
9.87127e-06
7.8616e-06
5.84944e-06
3.84277e-06
1.84905e-06
-1.23216e-07
)
;
    }
    procBoundary0to2
    {
        type            processor;
        value           nonuniform List<scalar> 
46
(
-0.000114572
-7.9906e-05
-3.61939e-05
8.7668e-06
2.72022e-05
-4.97994e-05
1.88228e-05
0.000115136
0.000108318
9.61778e-05
8.84513e-05
8.27376e-05
7.82244e-05
7.46657e-05
7.17493e-05
6.93181e-05
6.72266e-05
6.5374e-05
6.36792e-05
6.2079e-05
6.05235e-05
5.89728e-05
5.73952e-05
5.57662e-05
5.4068e-05
-7.33618e-05
-7.63972e-05
-7.73642e-05
-7.77597e-05
-7.89348e-05
-8.03295e-05
-8.22279e-05
-8.46512e-05
-8.76636e-05
-9.13366e-05
-9.56922e-05
-0.000100915
-0.000107109
-0.000114472
-0.000123386
-0.000134677
-0.000148108
-0.000159085
-0.000159542
5.08371e-05
-0.00014087
)
;
    }
}


// ************************************************************************* //
