/*--------------------------------*- C++ -*----------------------------------*\
| =========                 |                                                 |
| \\      /  F ield         | OpenFOAM: The Open Source CFD Toolbox           |
|  \\    /   O peration     | Version:  3.0.1                                 |
|   \\  /    A nd           | Web:      www.OpenFOAM.org                      |
|    \\/     M anipulation  |                                                 |
\*---------------------------------------------------------------------------*/
FoamFile
{
    version     2.0;
    format      ascii;
    class       volVectorField;
    location    "0.15";
    object      U;
}
// * * * * * * * * * * * * * * * * * * * * * * * * * * * * * * * * * * * * * //

dimensions      [0 1 -1 0 0 0 0];

internalField   nonuniform List<vector> 
1935
(
(0.010321 -0.00936986 0)
(0.0433041 -0.0152841 0)
(0.0852936 -0.0153472 0)
(0.125456 -0.014355 0)
(0.162805 -0.0137991 0)
(0.199091 -0.0137116 0)
(0.235582 -0.0138549 0)
(0.272668 -0.014077 0)
(0.310383 -0.014319 0)
(0.348737 -0.0145686 0)
(0.387764 -0.01483 0)
(0.427509 -0.015109 0)
(0.468019 -0.0154076 0)
(0.509346 -0.0157253 0)
(0.551541 -0.0160604 0)
(0.594645 -0.0164103 0)
(0.638695 -0.0167715 0)
(0.683715 -0.0171401 0)
(0.729719 -0.0175107 0)
(0.776706 -0.0178769 0)
(0.824652 -0.0182304 0)
(0.873514 -0.0185609 0)
(0.923215 -0.0188554 0)
(0.973639 -0.0190976 0)
(1.02463 -0.0192672 0)
(1.07595 -0.0193377 0)
(1.12732 -0.0192754 0)
(1.17834 -0.0190386 0)
(1.22846 -0.018576 0)
(1.27704 -0.0178208 0)
(1.32319 -0.0166816 0)
(1.36577 -0.0150322 0)
(1.40328 -0.0127023 0)
(1.43365 -0.00944884 0)
(1.45388 -0.00485408 0)
(1.46115 0.00244918 0)
(1.44589 0.0131961 0)
(1.39922 0.0289471 0)
(1.31117 0.0506056 0)
(1.17052 0.0786369 0)
(0.965674 0.111629 0)
(0.69118 0.142282 0)
(0.351506 0.152679 0)
(0.0131197 0.12666 0)
(0.0103451 -0.0282665 0)
(0.0435671 -0.046008 0)
(0.0857147 -0.0462479 0)
(0.125902 -0.0433152 0)
(0.163305 -0.0416498 0)
(0.199711 -0.0413819 0)
(0.236339 -0.0418127 0)
(0.273552 -0.0424818 0)
(0.311387 -0.043209 0)
(0.349857 -0.0439588 0)
(0.388998 -0.044745 0)
(0.428852 -0.045584 0)
(0.469471 -0.0464825 0)
(0.510907 -0.0474389 0)
(0.553209 -0.0484478 0)
(0.596423 -0.0495014 0)
(0.640585 -0.0505901 0)
(0.685721 -0.0517014 0)
(0.731847 -0.0528197 0)
(0.778962 -0.0539257 0)
(0.827049 -0.0549952 0)
(0.876066 -0.0559969 0)
(0.925941 -0.0568921 0)
(0.976567 -0.0576337 0)
(1.02779 -0.0581623 0)
(1.07941 -0.0584001 0)
(1.13113 -0.0582453 0)
(1.18257 -0.057571 0)
(1.23322 -0.0562242 0)
(1.28244 -0.0540133 0)
(1.32942 -0.0506811 0)
(1.37306 -0.0458705 0)
(1.41197 -0.0390929 0)
(1.44429 -0.0296866 0)
(1.46795 -0.0167153 0)
(1.47972 0.00154063 0)
(1.48166 0.0264019 0)
(1.47287 0.0601394 0)
(1.45038 0.104867 0)
(1.40783 0.162734 0)
(1.33219 0.234024 0)
(1.20218 0.31245 0)
(0.982053 0.374393 0)
(0.676205 0.377272 0)
(0.0103593 -0.0472722 0)
(0.0436656 -0.0766365 0)
(0.0857143 -0.0770215 0)
(0.125623 -0.0721841 0)
(0.162821 -0.0694282 0)
(0.199133 -0.0689895 0)
(0.235701 -0.0697138 0)
(0.272845 -0.0708279 0)
(0.310603 -0.0720332 0)
(0.348991 -0.0732768 0)
(0.388045 -0.0745833 0)
(0.427812 -0.0759797 0)
(0.468344 -0.0774765 0)
(0.509697 -0.0790708 0)
(0.551922 -0.0807537 0)
(0.595065 -0.0825124 0)
(0.639164 -0.084331 0)
(0.68425 -0.0861892 0)
(0.730341 -0.0880617 0)
(0.777443 -0.0899171 0)
(0.825542 -0.0917156 0)
(0.874606 -0.0934065 0)
(0.924572 -0.0949271 0)
(0.975345 -0.0962014 0)
(1.02679 -0.097133 0)
(1.07872 -0.0975928 0)
(1.13087 -0.0974127 0)
(1.18287 -0.0963876 0)
(1.23428 -0.0942755 0)
(1.28451 -0.090773 0)
(1.33284 -0.085465 0)
(1.37828 -0.0777676 0)
(1.41947 -0.0668954 0)
(1.45471 -0.0518639 0)
(1.48187 -0.0315204 0)
(1.49827 -0.00485015 0)
(1.50078 0.0297028 0)
(1.48623 0.0741026 0)
(1.45199 0.131225 0)
(1.39743 0.204645 0)
(1.32479 0.297526 0)
(1.23787 0.40898 0)
(1.12465 0.519746 0)
(0.950376 0.573684 0)
(0.0104176 -0.0663856 0)
(0.0438204 -0.107158 0)
(0.0856919 -0.107604 0)
(0.125231 -0.100893 0)
(0.162163 -0.0971 0)
(0.198348 -0.0965261 0)
(0.234832 -0.0975568 0)
(0.271886 -0.099114 0)
(0.309543 -0.100791 0)
(0.347824 -0.102524 0)
(0.386767 -0.10435 0)
(0.426423 -0.106305 0)
(0.466848 -0.108404 0)
(0.508099 -0.110641 0)
(0.550232 -0.113004 0)
(0.593293 -0.115477 0)
(0.637326 -0.118037 0)
(0.682365 -0.120656 0)
(0.728433 -0.123301 0)
(0.775542 -0.125929 0)
(0.823691 -0.128487 0)
(0.872853 -0.130905 0)
(0.922983 -0.1331 0)
(0.974005 -0.13497 0)
(1.02581 -0.136383 0)
(1.07822 -0.13716 0)
(1.13101 -0.137074 0)
(1.18386 -0.135858 0)
(1.23641 -0.1332 0)
(1.28817 -0.128695 0)
(1.33851 -0.121764 0)
(1.38649 -0.111593 0)
(1.43087 -0.0971178 0)
(1.47006 -0.0770817 0)
(1.50219 -0.0500805 0)
(1.52498 -0.0145697 0)
(1.53572 0.0315081 0)
(1.5308 0.0905234 0)
(1.50545 0.165053 0)
(1.4541 0.257159 0)
(1.3725 0.367258 0)
(1.26123 0.493268 0)
(1.12772 0.626013 0)
(0.966991 0.730458 0)
(0.010521 -0.0856434 0)
(0.0440107 -0.137549 0)
(0.0856117 -0.13792 0)
(0.12469 -0.129371 0)
(0.161296 -0.124623 0)
(0.197313 -0.123966 0)
(0.233679 -0.12532 0)
(0.270611 -0.127317 0)
(0.308132 -0.129459 0)
(0.34627 -0.131676 0)
(0.385067 -0.13402 0)
(0.424577 -0.136537 0)
(0.464863 -0.139242 0)
(0.505983 -0.142128 0)
(0.547996 -0.145181 0)
(0.590953 -0.148379 0)
(0.634901 -0.151695 0)
(0.67988 -0.155094 0)
(0.725921 -0.158536 0)
(0.773045 -0.161968 0)
(0.821259 -0.165324 0)
(0.870554 -0.168518 0)
(0.9209 -0.171452 0)
(0.972247 -0.173999 0)
(1.02451 -0.175992 0)
(1.07754 -0.177209 0)
(1.13115 -0.177377 0)
(1.18511 -0.176187 0)
(1.23914 -0.173274 0)
(1.29287 -0.16813 0)
(1.34572 -0.159998 0)
(1.39684 -0.147832 0)
(1.44511 -0.130348 0)
(1.48924 -0.106112 0)
(1.52786 -0.0735311 0)
(1.55931 -0.030658 0)
(1.58126 0.0251204 0)
(1.59018 0.0971958 0)
(1.58083 0.189441 0)
(1.54559 0.305047 0)
(1.474 0.443155 0)
(1.3539 0.59677 0)
(1.17953 0.754818 0)
(0.962309 0.898154 0)
(0.0106677 -0.105073 0)
(0.0442256 -0.167772 0)
(0.0854624 -0.167901 0)
(0.123998 -0.157561 0)
(0.160228 -0.151958 0)
(0.196038 -0.151282 0)
(0.232252 -0.152977 0)
(0.269026 -0.15541 0)
(0.306377 -0.158007 0)
(0.344335 -0.160703 0)
(0.382949 -0.163566 0)
(0.422281 -0.166647 0)
(0.462394 -0.169964 0)
(0.503353 -0.173509 0)
(0.545219 -0.177262 0)
(0.588047 -0.1812 0)
(0.631891 -0.18529 0)
(0.676795 -0.189494 0)
(0.722801 -0.193764 0)
(0.76994 -0.198039 0)
(0.818233 -0.202241 0)
(0.867685 -0.206276 0)
(0.918289 -0.210028 0)
(0.97002 -0.213351 0)
(1.02282 -0.216047 0)
(1.07658 -0.217856 0)
(1.13118 -0.21848 0)
(1.18646 -0.217593 0)
(1.24226 -0.214781 0)
(1.29829 -0.209411 0)
(1.35402 -0.200534 0)
(1.40868 -0.186921 0)
(1.46142 -0.167201 0)
(1.51152 -0.139933 0)
(1.55829 -0.103427 0)
(1.60068 -0.0553381 0)
(1.63675 0.00775062 0)
(1.66302 0.0905727 0)
(1.67415 0.198522 0)
(1.66103 0.338173 0)
(1.6078 0.512338 0)
(1.49498 0.714419 0)
(1.30531 0.92344 0)
(1.04361 1.10763 0)
(0.0108537 -0.1247 0)
(0.0444525 -0.197789 0)
(0.0852325 -0.197484 0)
(0.123153 -0.18541 0)
(0.158962 -0.17907 0)
(0.19453 -0.178447 0)
(0.230556 -0.180502 0)
(0.267135 -0.183364 0)
(0.304278 -0.186408 0)
(0.342018 -0.189579 0)
(0.380414 -0.192961 0)
(0.41953 -0.196612 0)
(0.459437 -0.200548 0)
(0.500203 -0.204761 0)
(0.541891 -0.209229 0)
(0.584564 -0.213923 0)
(0.628279 -0.218811 0)
(0.67309 -0.223847 0)
(0.719047 -0.228981 0)
(0.766195 -0.234144 0)
(0.814566 -0.239252 0)
(0.864187 -0.244199 0)
(0.915074 -0.248861 0)
(0.96723 -0.253074 0)
(1.02062 -0.25661 0)
(1.0752 -0.259188 0)
(1.13089 -0.26051 0)
(1.18766 -0.260248 0)
(1.24544 -0.25792 0)
(1.30397 -0.252737 0)
(1.36276 -0.243583 0)
(1.42123 -0.229178 0)
(1.47905 -0.208277 0)
(1.53624 -0.179581 0)
(1.59278 -0.141285 0)
(1.64807 -0.0904772 0)
(1.70052 -0.0227822 0)
(1.74714 0.0677215 0)
(1.78358 0.188069 0)
(1.79974 0.352475 0)
(1.77647 0.570117 0)
(1.69071 0.831376 0)
(1.51374 1.10307 0)
(1.23155 1.34705 0)
(0.0110747 -0.144541 0)
(0.0446785 -0.227555 0)
(0.0849114 -0.226609 0)
(0.122152 -0.212875 0)
(0.157505 -0.20593 0)
(0.192796 -0.205434 0)
(0.228596 -0.207868 0)
(0.264941 -0.211152 0)
(0.301834 -0.214632 0)
(0.339318 -0.218274 0)
(0.377455 -0.222177 0)
(0.416319 -0.226402 0)
(0.455984 -0.230967 0)
(0.496521 -0.23586 0)
(0.537998 -0.241056 0)
(0.580483 -0.246527 0)
(0.62404 -0.252236 0)
(0.668732 -0.258138 0)
(0.71462 -0.264176 0)
(0.761759 -0.270278 0)
(0.810199 -0.276354 0)
(0.859985 -0.282294 0)
(0.911161 -0.287967 0)
(0.963756 -0.29319 0)
(1.01777 -0.297717 0)
(1.0732 -0.301265 0)
(1.13007 -0.303561 0)
(1.18844 -0.304266 0)
(1.2483 -0.302794 0)
(1.30937 -0.298189 0)
(1.37127 -0.289265 0)
(1.43381 -0.274926 0)
(1.49738 -0.254253 0)
(1.56271 -0.226087 0)
(1.63017 -0.188302 0)
(1.69935 -0.137271 0)
(1.76931 -0.0678433 0)
(1.83795 0.0266536 0)
(1.90578 0.154588 0)
(1.96579 0.334118 0)
(1.99264 0.564991 0)
(1.94138 0.85664 0)
(1.75879 1.21642 0)
(1.43156 1.59118 0)
(0.0113259 -0.16461 0)
(0.0448902 -0.257022 0)
(0.0844885 -0.255223 0)
(0.120995 -0.239919 0)
(0.155859 -0.23251 0)
(0.190842 -0.232219 0)
(0.226375 -0.235044 0)
(0.262443 -0.238742 0)
(0.299044 -0.242649 0)
(0.336228 -0.246759 0)
(0.374066 -0.251185 0)
(0.412638 -0.255992 0)
(0.452021 -0.261194 0)
(0.492291 -0.266778 0)
(0.533519 -0.27272 0)
(0.57578 -0.278988 0)
(0.619145 -0.285546 0)
(0.663686 -0.292346 0)
(0.709474 -0.299331 0)
(0.756577 -0.306426 0)
(0.805062 -0.313538 0)
(0.854997 -0.320556 0)
(0.906448 -0.327345 0)
(0.959472 -0.333706 0)
(1.0141 -0.339384 0)
(1.0704 -0.344124 0)
(1.12849 -0.347687 0)
(1.18851 -0.349692 0)
(1.25041 -0.349403 0)
(1.31394 -0.345747 0)
(1.37895 -0.337682 0)
(1.44589 -0.32454 0)
(1.51587 -0.305768 0)
(1.58991 -0.280097 0)
(1.66846 -0.24483 0)
(1.75148 -0.195888 0)
(1.83912 -0.12842 0)
(1.93077 -0.0372268 0)
(2.03142 0.0805409 0)
(2.12471 0.230353 0)
(2.16853 0.465749 0)
(2.1009 0.847524 0)
(1.86801 1.35075 0)
(1.47813 1.88163 0)
(0.0116013 -0.184907 0)
(0.0450729 -0.286142 0)
(0.0839532 -0.283277 0)
(0.119682 -0.266511 0)
(0.154032 -0.258787 0)
(0.188671 -0.258772 0)
(0.223895 -0.262 0)
(0.259641 -0.2661 0)
(0.295904 -0.270425 0)
(0.332744 -0.275002 0)
(0.370241 -0.279954 0)
(0.408479 -0.285349 0)
(0.447538 -0.291198 0)
(0.487499 -0.297487 0)
(0.528437 -0.30419 0)
(0.570433 -0.311277 0)
(0.613566 -0.318711 0)
(0.657916 -0.326446 0)
(0.703566 -0.334422 0)
(0.750597 -0.342566 0)
(0.799093 -0.350783 0)
(0.849142 -0.358968 0)
(0.900836 -0.366978 0)
(0.954255 -0.374605 0)
(1.00947 -0.381604 0)
(1.06662 -0.387772 0)
(1.12593 -0.392892 0)
(1.18753 -0.396484 0)
(1.25133 -0.397651 0)
(1.31716 -0.395359 0)
(1.38536 -0.388986 0)
(1.45708 -0.378398 0)
(1.53376 -0.363142 0)
(1.6163 -0.341462 0)
(1.70517 -0.310267 0)
(1.80086 -0.266643 0)
(1.90347 -0.209955 0)
(2.00739 -0.140808 0)
(2.09945 -0.0340118 0)
(2.16577 0.169356 0)
(2.17176 0.527292 0)
(2.04366 1.07967 0)
(1.76969 1.69502 0)
(1.35168 2.28254 0)
(0.0118951 -0.205613 0)
(0.0452135 -0.315122 0)
(0.0832912 -0.310968 0)
(0.1182 -0.292855 0)
(0.152009 -0.284967 0)
(0.186266 -0.285298 0)
(0.221133 -0.288939 0)
(0.256505 -0.293432 0)
(0.29238 -0.298171 0)
(0.328828 -0.303217 0)
(0.365935 -0.308705 0)
(0.403791 -0.3147 0)
(0.442479 -0.321212 0)
(0.482082 -0.328224 0)
(0.522683 -0.335713 0)
(0.564366 -0.343648 0)
(0.607218 -0.351995 0)
(0.65133 -0.360708 0)
(0.696794 -0.369731 0)
(0.743706 -0.378989 0)
(0.792164 -0.388393 0)
(0.842279 -0.397843 0)
(0.894166 -0.407193 0)
(0.947925 -0.416227 0)
(1.00368 -0.424739 0)
(1.06165 -0.43259 0)
(1.1221 -0.439543 0)
(1.18514 -0.444961 0)
(1.25061 -0.447855 0)
(1.31866 -0.447499 0)
(1.39025 -0.443897 0)
(1.46699 -0.437248 0)
(1.55013 -0.426684 0)
(1.64027 -0.409887 0)
(1.7375 -0.384937 0)
(1.84011 -0.353148 0)
(1.94085 -0.314173 0)
(2.02738 -0.235164 0)
(2.10032 -0.0664778 0)
(2.14009 0.200449 0)
(2.06366 0.56542 0)
(1.84957 1.28508 0)
(1.51625 2.11056 0)
(1.15275 2.73912 0)
(0.012199 -0.226817 0)
(0.0452996 -0.34403 0)
(0.0824925 -0.338369 0)
(0.116541 -0.319037 0)
(0.149781 -0.311139 0)
(0.183615 -0.311881 0)
(0.218072 -0.315941 0)
(0.253014 -0.32082 0)
(0.288446 -0.325972 0)
(0.324448 -0.331494 0)
(0.361114 -0.337529 0)
(0.398535 -0.344139 0)
(0.436799 -0.351331 0)
(0.475991 -0.35909 0)
(0.516199 -0.367391 0)
(0.557514 -0.376209 0)
(0.600031 -0.385509 0)
(0.643847 -0.39525 0)
(0.689068 -0.405379 0)
(0.7358 -0.415823 0)
(0.784159 -0.426502 0)
(0.834277 -0.437323 0)
(0.886286 -0.448132 0)
(0.940308 -0.458725 0)
(0.996526 -0.468958 0)
(1.05524 -0.478748 0)
(1.11672 -0.487768 0)
(1.18095 -0.495199 0)
(1.24788 -0.500167 0)
(1.31815 -0.502543 0)
(1.3933 -0.502911 0)
(1.47493 -0.501242 0)
(1.56379 -0.495861 0)
(1.65952 -0.485156 0)
(1.75935 -0.47101 0)
(1.85617 -0.452048 0)
(1.94294 -0.394385 0)
(2.01105 -0.258939 0)
(2.04783 -0.0293571 0)
(1.94499 0.307247 0)
(1.75095 0.858868 0)
(1.54035 1.6486 0)
(1.25285 2.42897 0)
(0.968845 3.09995 0)
(0.0125056 -0.248419 0)
(0.0453182 -0.372674 0)
(0.0815503 -0.365307 0)
(0.114709 -0.344913 0)
(0.147355 -0.337159 0)
(0.180723 -0.338367 0)
(0.214715 -0.342844 0)
(0.249171 -0.3481 0)
(0.284105 -0.353662 0)
(0.319608 -0.359665 0)
(0.355778 -0.366256 0)
(0.39271 -0.373494 0)
(0.430493 -0.381382 0)
(0.469218 -0.389906 0)
(0.508975 -0.399044 0)
(0.549862 -0.408773 0)
(0.59198 -0.419064 0)
(0.635437 -0.429878 0)
(0.680347 -0.441166 0)
(0.726828 -0.452863 0)
(0.775014 -0.464898 0)
(0.825053 -0.477185 0)
(0.87709 -0.489564 0)
(0.931276 -0.501863 0)
(0.98786 -0.514023 0)
(1.0472 -0.525972 0)
(1.10947 -0.537208 0)
(1.17461 -0.546822 0)
(1.24283 -0.554359 0)
(1.31537 -0.560434 0)
(1.39405 -0.565752 0)
(1.48001 -0.569373 0)
(1.57275 -0.569607 0)
(1.66885 -0.568378 0)
(1.76235 -0.565331 0)
(1.85003 -0.528175 0)
(1.91806 -0.418852 0)
(1.88975 -0.205451 0)
(1.75148 0.0627828 0)
(1.47788 0.466542 0)
(1.17121 1.08575 0)
(1.03077 1.88187 0)
(0.886257 2.63985 0)
(0.75596 3.31532 0)
(0.0128073 -0.2704 0)
(0.0452574 -0.400984 0)
(0.0804581 -0.391737 0)
(0.112703 -0.370455 0)
(0.144731 -0.362994 0)
(0.177587 -0.364712 0)
(0.211057 -0.3696 0)
(0.244968 -0.375222 0)
(0.279347 -0.381194 0)
(0.314294 -0.387684 0)
(0.349912 -0.394841 0)
(0.386298 -0.402718 0)
(0.423542 -0.411315 0)
(0.461737 -0.420622 0)
(0.50098 -0.430619 0)
(0.541372 -0.441289 0)
(0.583024 -0.452604 0)
(0.626049 -0.464535 0)
(0.670571 -0.477035 0)
(0.71672 -0.490047 0)
(0.764643 -0.503516 0)
(0.814504 -0.517357 0)
(0.866457 -0.531412 0)
(0.920687 -0.545566 0)
(0.977514 -0.559847 0)
(1.03729 -0.574112 0)
(1.10008 -0.58765 0)
(1.16582 -0.599683 0)
(1.23524 -0.610479 0)
(1.31008 -0.621187 0)
(1.392 -0.631802 0)
(1.4809 -0.640651 0)
(1.57296 -0.64891 0)
(1.6624 -0.658736 0)
(1.75009 -0.642862 0)
(1.82129 -0.56021 0)
(1.78913 -0.347281 0)
(1.61058 -0.0696966 0)
(1.28514 0.282054 0)
(0.913766 0.696193 0)
(0.587623 1.17974 0)
(0.495628 1.86143 0)
(0.48129 2.67622 0)
(0.506705 3.39802 0)
(0.0130969 -0.292728 0)
(0.0451067 -0.428892 0)
(0.079211 -0.417614 0)
(0.110523 -0.395636 0)
(0.141909 -0.38861 0)
(0.174205 -0.390869 0)
(0.207093 -0.396156 0)
(0.240398 -0.402134 0)
(0.274164 -0.408516 0)
(0.308498 -0.4155 0)
(0.343505 -0.423231 0)
(0.379283 -0.431756 0)
(0.415924 -0.441076 0)
(0.453524 -0.451182 0)
(0.492183 -0.462059 0)
(0.53201 -0.473695 0)
(0.573119 -0.486068 0)
(0.615632 -0.499155 0)
(0.65968 -0.512915 0)
(0.705403 -0.527301 0)
(0.752961 -0.542275 0)
(0.802529 -0.557751 0)
(0.854267 -0.57358 0)
(0.908405 -0.589734 0)
(0.965321 -0.6063 0)
(1.02529 -0.622963 0)
(1.08826 -0.638868 0)
(1.15439 -0.653709 0)
(1.22498 -0.668582 0)
(1.30205 -0.684433 0)
(1.38635 -0.700058 0)
(1.47453 -0.71553 0)
(1.56016 -0.734502 0)
(1.64658 -0.738629 0)
(1.72299 -0.68436 0)
(1.70545 -0.496315 0)
(1.52342 -0.201868 0)
(1.17445 0.175629 0)
(0.761447 0.575516 0)
(0.434329 0.935835 0)
(0.165918 1.29406 0)
(0.123089 1.80259 0)
(0.175667 2.5902 0)
(0.29984 3.30753 0)
(0.0133673 -0.315368 0)
(0.0448573 -0.456324 0)
(0.0778053 -0.442899 0)
(0.108172 -0.42043 0)
(0.138888 -0.413967 0)
(0.17057 -0.416788 0)
(0.202816 -0.422459 0)
(0.235455 -0.428783 0)
(0.268548 -0.435576 0)
(0.302208 -0.443058 0)
(0.336542 -0.45137 0)
(0.371648 -0.460552 0)
(0.407619 -0.470605 0)
(0.444554 -0.481524 0)
(0.482557 -0.4933 0)
(0.52174 -0.505926 0)
(0.562223 -0.519386 0)
(0.604135 -0.533664 0)
(0.647613 -0.548727 0)
(0.692805 -0.564542 0)
(0.739885 -0.581084 0)
(0.789029 -0.59826 0)
(0.840408 -0.615956 0)
(0.894304 -0.634251 0)
(0.951117 -0.653211 0)
(1.01099 -0.672277 0)
(1.07381 -0.690672 0)
(1.14017 -0.708901 0)
(1.21195 -0.728495 0)
(1.29089 -0.749232 0)
(1.37471 -0.770178 0)
(1.45636 -0.795555 0)
(1.5388 -0.816809 0)
(1.61977 -0.790181 0)
(1.63079 -0.636461 0)
(1.45986 -0.341316 0)
(1.10133 0.0707678 0)
(0.658126 0.500838 0)
(0.30401 0.852983 0)
(0.0814819 1.12804 0)
(-0.0965351 1.39828 0)
(-0.0903373 1.78614 0)
(-0.00934012 2.45595 0)
(0.175521 3.14274 0)
(0.0136121 -0.338274 0)
(0.0445017 -0.48321 0)
(0.076239 -0.467556 0)
(0.105648 -0.44481 0)
(0.135666 -0.439026 0)
(0.166681 -0.442414 0)
(0.19822 -0.448449 0)
(0.230131 -0.455112 0)
(0.26249 -0.462317 0)
(0.295415 -0.470302 0)
(0.329013 -0.479199 0)
(0.363379 -0.489044 0)
(0.398609 -0.499839 0)
(0.434804 -0.511582 0)
(0.472071 -0.524272 0)
(0.510527 -0.537907 0)
(0.550295 -0.55248 0)
(0.591509 -0.56798 0)
(0.634312 -0.584383 0)
(0.678861 -0.601672 0)
(0.725337 -0.619834 0)
(0.773914 -0.638768 0)
(0.824777 -0.658418 0)
(0.878265 -0.678971 0)
(0.934747 -0.70036 0)
(0.994191 -0.721798 0)
(1.05658 -0.74296 0)
(1.12312 -0.765236 0)
(1.19617 -0.789577 0)
(1.27541 -0.814616 0)
(1.3533 -0.843306 0)
(1.42769 -0.877674 0)
(1.50776 -0.879191 0)
(1.55256 -0.773108 0)
(1.42217 -0.496694 0)
(1.07461 -0.0589684 0)
(0.588376 0.423477 0)
(0.21088 0.794679 0)
(-0.0307377 1.04845 0)
(-0.162395 1.24307 0)
(-0.253591 1.44549 0)
(-0.210715 1.75531 0)
(-0.119148 2.30843 0)
(0.0992597 2.99994 0)
(0.0138254 -0.361395 0)
(0.0440339 -0.509478 0)
(0.0745108 -0.49155 0)
(0.102954 -0.46875 0)
(0.13224 -0.463742 0)
(0.16253 -0.467691 0)
(0.193301 -0.474069 0)
(0.224421 -0.481061 0)
(0.255984 -0.488679 0)
(0.288111 -0.49717 0)
(0.320904 -0.506655 0)
(0.35446 -0.517166 0)
(0.388875 -0.528707 0)
(0.424251 -0.541283 0)
(0.460698 -0.554898 0)
(0.498336 -0.569558 0)
(0.537293 -0.585262 0)
(0.577706 -0.60201 0)
(0.619723 -0.619783 0)
(0.663507 -0.638586 0)
(0.709244 -0.658406 0)
(0.757101 -0.679142 0)
(0.807284 -0.700831 0)
(0.860186 -0.723721 0)
(0.916071 -0.747491 0)
(0.974738 -0.771311 0)
(1.03648 -0.795712 0)
(1.10339 -0.822432 0)
(1.17727 -0.850872 0)
(1.25276 -0.88127 0)
(1.32198 -0.920107 0)
(1.39855 -0.94711 0)
(1.47048 -0.898592 0)
(1.39783 -0.663626 0)
(1.0935 -0.229946 0)
(0.570392 0.325055 0)
(0.146165 0.743021 0)
(-0.102767 0.998894 0)
(-0.248497 1.16284 0)
(-0.319554 1.2973 0)
(-0.353592 1.44792 0)
(-0.29055 1.69521 0)
(-0.208946 2.15316 0)
(0.0620798 2.83277 0)
(0.0140025 -0.384674 0)
(0.0434495 -0.535055 0)
(0.0726209 -0.514849 0)
(0.100091 -0.49222 0)
(0.128609 -0.488066 0)
(0.158114 -0.49256 0)
(0.188052 -0.499257 0)
(0.21832 -0.506571 0)
(0.249024 -0.514602 0)
(0.280286 -0.523599 0)
(0.312206 -0.533671 0)
(0.344879 -0.544847 0)
(0.378399 -0.557135 0)
(0.412873 -0.570548 0)
(0.448412 -0.585095 0)
(0.485138 -0.60079 0)
(0.523182 -0.617641 0)
(0.562685 -0.635654 0)
(0.603796 -0.654821 0)
(0.646686 -0.675166 0)
(0.691542 -0.696672 0)
(0.738518 -0.719245 0)
(0.787856 -0.74305 0)
(0.839979 -0.768291 0)
(0.894967 -0.794335 0)
(0.952511 -0.820695 0)
(1.0136 -0.848858 0)
(1.0811 -0.879688 0)
(1.15339 -0.911788 0)
(1.21945 -0.950956 0)
(1.28622 -0.994678 0)
(1.36251 -0.991727 0)
(1.35953 -0.821975 0)
(1.1295 -0.425973 0)
(0.606849 0.18468 0)
(0.12117 0.681419 0)
(-0.14842 0.962866 0)
(-0.293785 1.11869 0)
(-0.373805 1.22482 0)
(-0.409556 1.31908 0)
(-0.416727 1.43228 0)
(-0.35337 1.62605 0)
(-0.286068 2.00046 0)
(0.0136238 2.66832 0)
(0.014139 -0.408049 0)
(0.0427451 -0.559871 0)
(0.0705699 -0.537424 0)
(0.0970593 -0.515188 0)
(0.124769 -0.511948 0)
(0.153427 -0.516959 0)
(0.182469 -0.52395 0)
(0.211822 -0.531579 0)
(0.241604 -0.540021 0)
(0.271934 -0.54952 0)
(0.30291 -0.560175 0)
(0.334622 -0.572012 0)
(0.367168 -0.585045 0)
(0.400653 -0.599293 0)
(0.43519 -0.614774 0)
(0.470904 -0.63151 0)
(0.507929 -0.649515 0)
(0.546406 -0.668805 0)
(0.586488 -0.689382 0)
(0.628351 -0.711289 0)
(0.672178 -0.734493 0)
(0.718107 -0.758935 0)
(0.766437 -0.784912 0)
(0.817575 -0.812439 0)
(0.871317 -0.840664 0)
(0.927477 -0.869919 0)
(0.988279 -0.902047 0)
(1.05583 -0.936073 0)
(1.12162 -0.973337 0)
(1.17851 -1.02231 0)
(1.24884 -1.05279 0)
(1.3002 -0.970482 0)
(1.15865 -0.645797 0)
(0.706305 -0.0268188 0)
(0.144369 0.584077 0)
(-0.168246 0.926176 0)
(-0.315043 1.08806 0)
(-0.392455 1.18311 0)
(-0.431401 1.25667 0)
(-0.448274 1.32689 0)
(-0.447382 1.41456 0)
(-0.39846 1.56272 0)
(-0.351285 1.86131 0)
(-0.0703543 2.49926 0)
(0.0142315 -0.431451 0)
(0.0419184 -0.583855 0)
(0.0683598 -0.559245 0)
(0.0938607 -0.537621 0)
(0.120718 -0.535333 0)
(0.148468 -0.540823 0)
(0.17655 -0.548084 0)
(0.204926 -0.55602 0)
(0.233722 -0.564869 0)
(0.263052 -0.574864 0)
(0.293009 -0.586093 0)
(0.323683 -0.598582 0)
(0.35517 -0.612352 0)
(0.387576 -0.62743 0)
(0.421015 -0.643841 0)
(0.455613 -0.661615 0)
(0.491506 -0.680777 0)
(0.528839 -0.701348 0)
(0.567762 -0.723344 0)
(0.608463 -0.746822 0)
(0.651107 -0.771723 0)
(0.695822 -0.798068 0)
(0.742993 -0.826235 0)
(0.792909 -0.855903 0)
(0.845014 -0.88634 0)
(0.899799 -0.918919 0)
(0.960789 -0.954486 0)
(1.02559 -0.991362 0)
(1.08013 -1.03759 0)
(1.13911 -1.08869 0)
(1.2126 -1.08131 0)
(1.17152 -0.855809 0)
(0.84982 -0.319397 0)
(0.227818 0.422676 0)
(-0.163656 0.87209 0)
(-0.321042 1.06188 0)
(-0.393437 1.15043 0)
(-0.427814 1.21397 0)
(-0.442387 1.2706 0)
(-0.448328 1.32927 0)
(-0.446349 1.4023 0)
(-0.41443 1.5162 0)
(-0.389464 1.74334 0)
(-0.161026 2.31347 0)
(0.11198 2.56424 0)
(0.0142767 -0.454808 0)
(0.0409682 -0.606937 0)
(0.0659938 -0.580284 0)
(0.0904981 -0.559482 0)
(0.116456 -0.558162 0)
(0.143234 -0.564089 0)
(0.170295 -0.571594 0)
(0.197633 -0.579828 0)
(0.225378 -0.589076 0)
(0.253639 -0.599557 0)
(0.282503 -0.611346 0)
(0.312058 -0.624474 0)
(0.342398 -0.638968 0)
(0.373633 -0.654863 0)
(0.405873 -0.672195 0)
(0.439248 -0.691001 0)
(0.473894 -0.711313 0)
(0.509956 -0.733163 0)
(0.547589 -0.75658 0)
(0.58699 -0.781627 0)
(0.628292 -0.808219 0)
(0.671637 -0.836499 0)
(0.717511 -0.86681 0)
(0.7659 -0.898447 0)
(0.81603 -0.931335 0)
(0.869938 -0.967381 0)
(0.930658 -1.00528 0)
(0.987267 -1.04664 0)
(1.03249 -1.10245 0)
(1.09617 -1.13795 0)
(1.13012 -1.03146 0)
(0.947857 -0.616404 0)
(0.380379 0.167703 0)
(-0.129332 0.775606 0)
(-0.319624 1.03255 0)
(-0.387711 1.12307 0)
(-0.415434 1.17599 0)
(-0.423845 1.22397 0)
(-0.423483 1.27306 0)
(-0.420666 1.32791 0)
(-0.415749 1.39503 0)
(-0.394225 1.48941 0)
(-0.377539 1.65445 0)
(-0.220651 2.09429 0)
(0.157052 2.34154 0)
(0.0142721 -0.478046 0)
(0.0398947 -0.62905 0)
(0.0634765 -0.600516 0)
(0.0869754 -0.580732 0)
(0.111984 -0.580375 0)
(0.137728 -0.586689 0)
(0.163707 -0.594414 0)
(0.189946 -0.602936 0)
(0.216576 -0.612572 0)
(0.243698 -0.623522 0)
(0.271393 -0.635853 0)
(0.299748 -0.6496 0)
(0.328854 -0.664799 0)
(0.358821 -0.681494 0)
(0.389757 -0.699729 0)
(0.421797 -0.719551 0)
(0.455076 -0.741002 0)
(0.489739 -0.764121 0)
(0.525948 -0.788955 0)
(0.563909 -0.815558 0)
(0.603701 -0.843835 0)
(0.645547 -0.874077 0)
(0.689981 -0.906402 0)
(0.736444 -0.939917 0)
(0.784561 -0.97563 0)
(0.838365 -1.01455 0)
(0.895966 -1.05412 0)
(0.939714 -1.10364 0)
(0.98839 -1.16115 0)
(1.0552 -1.15511 0)
(0.99359 -0.89326 0)
(0.601892 -0.210653 0)
(-0.035838 0.59539 0)
(-0.312155 0.983026 0)
(-0.38279 1.0993 0)
(-0.403605 1.14248 0)
(-0.405104 1.1801 0)
(-0.398541 1.2208 0)
(-0.387909 1.26689 0)
(-0.376233 1.32053 0)
(-0.363174 1.3855 0)
(-0.339325 1.46941 0)
(-0.31657 1.59216 0)
(-0.19498 1.87737 0)
(0.140105 2.10722 0)
(0.0142155 -0.501085 0)
(0.0386993 -0.650128 0)
(0.0608139 -0.619914 0)
(0.0832981 -0.601326 0)
(0.107304 -0.60191 0)
(0.131953 -0.608558 0)
(0.156793 -0.616479 0)
(0.181874 -0.625277 0)
(0.207325 -0.635284 0)
(0.233238 -0.646681 0)
(0.259688 -0.65953 0)
(0.28676 -0.67387 0)
(0.314541 -0.689749 0)
(0.343142 -0.707218 0)
(0.372668 -0.726331 0)
(0.403257 -0.747148 0)
(0.435045 -0.769717 0)
(0.468173 -0.79409 0)
(0.502825 -0.820329 0)
(0.539196 -0.848466 0)
(0.577314 -0.878434 0)
(0.617572 -0.910636 0)
(0.660363 -0.944783 0)
(0.704485 -0.980297 0)
(0.751163 -1.01903 0)
(0.804915 -1.05943 0)
(0.8536 -1.10188 0)
(0.886855 -1.16031 0)
(0.942171 -1.2022 0)
(0.967284 -1.09144 0)
(0.76687 -0.612813 0)
(0.136904 0.299252 0)
(-0.286389 0.882362 0)
(-0.383226 1.07171 0)
(-0.397372 1.11372 0)
(-0.392071 1.14033 0)
(-0.379593 1.17169 0)
(-0.364142 1.20913 0)
(-0.345735 1.2533 0)
(-0.325362 1.30504 0)
(-0.301933 1.36711 0)
(-0.266054 1.44223 0)
(-0.233647 1.53611 0)
(-0.11585 1.70733 0)
(0.10403 1.84336 0)
(0.0141061 -0.523843 0)
(0.0373854 -0.670109 0)
(0.0580139 -0.638454 0)
(0.0794734 -0.621222 0)
(0.102423 -0.622702 0)
(0.125918 -0.629629 0)
(0.149563 -0.637721 0)
(0.17343 -0.646779 0)
(0.197639 -0.657137 0)
(0.222274 -0.668954 0)
(0.247403 -0.68229 0)
(0.273109 -0.697191 0)
(0.299474 -0.713715 0)
(0.326609 -0.731925 0)
(0.354613 -0.751883 0)
(0.383634 -0.773665 0)
(0.413799 -0.797322 0)
(0.445252 -0.82293 0)
(0.478211 -0.850554 0)
(0.512829 -0.880201 0)
(0.54912 -0.911884 0)
(0.587736 -0.945984 0)
(0.628548 -0.981792 0)
(0.670179 -1.01969 0)
(0.716575 -1.06095 0)
(0.767908 -1.1015 0)
(0.802484 -1.15029 0)
(0.839895 -1.21178 0)
(0.900524 -1.21421 0)
(0.83824 -0.943266 0)
(0.408315 -0.156875 0)
(-0.208982 0.686158 0)
(-0.384544 1.02195 0)
(-0.398654 1.08771 0)
(-0.387324 1.10458 0)
(-0.368835 1.12702 0)
(-0.349352 1.15603 0)
(-0.327985 1.19153 0)
(-0.303455 1.23325 0)
(-0.275366 1.28145 0)
(-0.242589 1.33825 0)
(-0.194649 1.40425 0)
(-0.15098 1.47503 0)
(-0.0388737 1.58529 0)
(0.0975541 1.63192 0)
(0.0139437 -0.546234 0)
(0.0359582 -0.688936 0)
(0.055086 -0.656114 0)
(0.0755103 -0.64037 0)
(0.0973482 -0.642688 0)
(0.119636 -0.649836 0)
(0.142034 -0.658076 0)
(0.16463 -0.667375 0)
(0.187537 -0.678056 0)
(0.210826 -0.690259 0)
(0.234561 -0.704044 0)
(0.258818 -0.719466 0)
(0.283675 -0.736593 0)
(0.309243 -0.7555 0)
(0.335612 -0.77626 0)
(0.362939 -0.798965 0)
(0.391343 -0.823673 0)
(0.420974 -0.850488 0)
(0.452097 -0.879469 0)
(0.484769 -0.910608 0)
(0.519129 -0.944046 0)
(0.556026 -0.979909 0)
(0.594387 -1.01743 0)
(0.634057 -1.05812 0)
(0.680908 -1.10042 0)
(0.723852 -1.14176 0)
(0.746553 -1.19894 0)
(0.794298 -1.24862 0)
(0.823641 -1.15073 0)
(0.625998 -0.643833 0)
(-0.0225362 0.341267 0)
(-0.379763 0.919396 0)
(-0.407814 1.05906 0)
(-0.390919 1.07196 0)
(-0.366923 1.08596 0)
(-0.343039 1.10781 0)
(-0.319472 1.13587 0)
(-0.29372 1.16929 0)
(-0.264359 1.20769 0)
(-0.230152 1.25109 0)
(-0.190284 1.3007 0)
(-0.134908 1.35704 0)
(-0.0810496 1.41038 0)
(0.0212995 1.48858 0)
(0.121923 1.50334 0)
(0.0137275 -0.568169 0)
(0.0344237 -0.70656 0)
(0.052042 -0.672873 0)
(0.0714197 -0.658723 0)
(0.0920929 -0.661803 0)
(0.113122 -0.669117 0)
(0.134225 -0.67748 0)
(0.1555 -0.686995 0)
(0.177046 -0.697966 0)
(0.198925 -0.710514 0)
(0.221192 -0.724702 0)
(0.243918 -0.740596 0)
(0.267176 -0.758273 0)
(0.291073 -0.777822 0)
(0.315689 -0.799329 0)
(0.341194 -0.822903 0)
(0.367686 -0.848611 0)
(0.39534 -0.8766 0)
(0.424468 -0.906893 0)
(0.454973 -0.939537 0)
(0.487372 -0.974756 0)
(0.522335 -1.01222 0)
(0.557875 -1.0519 0)
(0.596974 -1.09517 0)
(0.642462 -1.13639 0)
(0.670771 -1.18162 0)
(0.695897 -1.24469 0)
(0.749496 -1.26298 0)
(0.709907 -1.00802 0)
(0.283421 -0.168608 0)
(-0.310453 0.6999 0)
(-0.424753 1.01056 0)
(-0.401035 1.04224 0)
(-0.373283 1.04684 0)
(-0.344446 1.06314 0)
(-0.318444 1.08532 0)
(-0.291806 1.11239 0)
(-0.262671 1.14322 0)
(-0.229585 1.17768 0)
(-0.191025 1.21565 0)
(-0.146349 1.25744 0)
(-0.0879831 1.30381 0)
(-0.0264037 1.34481 0)
(0.0658792 1.40112 0)
(0.159296 1.41459 0)
(0.0134581 -0.589562 0)
(0.0327894 -0.722935 0)
(0.0488954 -0.688712 0)
(0.0672152 -0.67623 0)
(0.0866719 -0.679984 0)
(0.106397 -0.687408 0)
(0.126161 -0.695869 0)
(0.146066 -0.70557 0)
(0.166197 -0.71679 0)
(0.186604 -0.729634 0)
(0.207334 -0.744172 0)
(0.228449 -0.760478 0)
(0.250017 -0.778642 0)
(0.272137 -0.798764 0)
(0.294878 -0.820949 0)
(0.318427 -0.845323 0)
(0.342842 -0.871968 0)
(0.368363 -0.901083 0)
(0.395303 -0.932633 0)
(0.423423 -0.966838 0)
(0.453904 -1.00381 0)
(0.486453 -1.04288 0)
(0.51942 -1.08549 0)
(0.559501 -1.12984 0)
(0.598135 -1.16892 0)
(0.612351 -1.22104 0)
(0.649314 -1.27909 0)
(0.689047 -1.22028 0)
(0.52627 -0.718589 0)
(-0.106752 0.31357 0)
(-0.43063 0.899347 0)
(-0.419388 1.01279 0)
(-0.384913 1.00924 0)
(-0.352512 1.01991 0)
(-0.323215 1.0382 0)
(-0.29572 1.06069 0)
(-0.266692 1.0862 0)
(-0.23502 1.11407 0)
(-0.199258 1.14434 0)
(-0.157953 1.17675 0)
(-0.110415 1.21099 0)
(-0.0515237 1.24759 0)
(0.0137612 1.27905 0)
(0.098516 1.3172 0)
(0.191213 1.33195 0)
(0.0131367 -0.610323 0)
(0.0310636 -0.73802 0)
(0.0456611 -0.703611 0)
(0.0629116 -0.692841 0)
(0.0811028 -0.69717 0)
(0.0994847 -0.704652 0)
(0.117871 -0.713182 0)
(0.136361 -0.723035 0)
(0.155026 -0.734455 0)
(0.173902 -0.74754 0)
(0.193028 -0.762364 0)
(0.212457 -0.779011 0)
(0.232244 -0.797585 0)
(0.252484 -0.818197 0)
(0.27323 -0.840973 0)
(0.294687 -0.866058 0)
(0.316857 -0.893561 0)
(0.3401 -0.923739 0)
(0.364618 -0.956492 0)
(0.390203 -0.992361 0)
(0.418759 -1.03097 0)
(0.448138 -1.07204 0)
(0.479751 -1.11815 0)
(0.520444 -1.16091 0)
(0.545904 -1.19996 0)
(0.560128 -1.25947 0)
(0.607779 -1.29795 0)
(0.600941 -1.10133 0)
(0.236049 -0.279438 0)
(-0.364562 0.656317 0)
(-0.444422 0.96509 0)
(-0.400027 0.97592 0)
(-0.365147 0.976586 0)
(-0.332255 0.992571 0)
(-0.303519 1.0122 0)
(-0.27463 1.03437 0)
(-0.243993 1.05788 0)
(-0.210617 1.08268 0)
(-0.173224 1.10874 0)
(-0.130549 1.13573 0)
(-0.081815 1.16303 0)
(-0.0238115 1.19063 0)
(0.0417253 1.21358 0)
(0.12054 1.23718 0)
(0.20955 1.24716 0)
(0.012763 -0.630372 0)
(0.0292543 -0.751784 0)
(0.0423566 -0.717556 0)
(0.0585256 -0.708507 0)
(0.0754052 -0.713305 0)
(0.0924093 -0.720795 0)
(0.109383 -0.729364 0)
(0.12642 -0.739326 0)
(0.143573 -0.750892 0)
(0.160866 -0.764154 0)
(0.178328 -0.779191 0)
(0.196002 -0.796098 0)
(0.213931 -0.814989 0)
(0.232199 -0.835992 0)
(0.250844 -0.859253 0)
(0.270087 -0.884941 0)
(0.289862 -0.913207 0)
(0.310704 -0.944356 0)
(0.332516 -0.978277 0)
(0.35552 -1.01589 0)
(0.381742 -1.05601 0)
(0.407155 -1.09993 0)
(0.439007 -1.14908 0)
(0.475819 -1.18841 0)
(0.487478 -1.23237 0)
(0.519274 -1.29618 0)
(0.57325 -1.28971 0)
(0.452671 -0.846125 0)
(-0.13437 0.217284 0)
(-0.465023 0.843566 0)
(-0.4208 0.94958 0)
(-0.380436 0.933858 0)
(-0.344136 0.946617 0)
(-0.313358 0.965106 0)
(-0.284677 0.98561 0)
(-0.254966 1.00678 0)
(-0.223529 1.02815 0)
(-0.189313 1.04991 0)
(-0.151288 1.07191 0)
(-0.108387 1.09381 0)
(-0.0598269 1.11485 0)
(-0.00365297 1.13461 0)
(0.0597914 1.14991 0)
(0.132969 1.16238 0)
(0.215224 1.16491 0)
(0.0123308 -0.649627 0)
(0.0273686 -0.764209 0)
(0.0390061 -0.730535 0)
(0.0540772 -0.723179 0)
(0.069603 -0.728338 0)
(0.0852023 -0.735789 0)
(0.100736 -0.744363 0)
(0.116288 -0.754386 0)
(0.131895 -0.766038 0)
(0.147568 -0.779405 0)
(0.163325 -0.794574 0)
(0.179196 -0.811649 0)
(0.195214 -0.830755 0)
(0.21145 -0.852037 0)
(0.227925 -0.875664 0)
(0.244868 -0.901831 0)
(0.262136 -0.930749 0)
(0.280445 -0.962734 0)
(0.299176 -0.997783 0)
(0.319484 -1.037 0)
(0.342002 -1.07852 0)
(0.362888 -1.12601 0)
(0.394623 -1.17664 0)
(0.420184 -1.21527 0)
(0.432265 -1.26853 0)
(0.480244 -1.32447 0)
(0.506963 -1.19835 0)
(0.214218 -0.451583 0)
(-0.375326 0.555072 0)
(-0.464434 0.898962 0)
(-0.391723 0.898605 0)
(-0.359306 0.898323 0)
(-0.32343 0.917747 0)
(-0.295066 0.938017 0)
(-0.266317 0.958694 0)
(-0.23666 0.978536 0)
(-0.2052 0.99779 0)
(-0.171004 1.01658 0)
(-0.133239 1.03477 0)
(-0.0910378 1.05198 0)
(-0.043703 1.06748 0)
(0.00994096 1.0806 0)
(0.0699548 1.08928 0)
(0.137369 1.09346 0)
(0.211859 1.08918 0)
(0.011824 -0.667994 0)
(0.0254183 -0.775287 0)
(0.0356492 -0.742534 0)
(0.0495987 -0.736803 0)
(0.0637374 -0.742214 0)
(0.0779177 -0.749584 0)
(0.0919994 -0.75813 0)
(0.106055 -0.768164 0)
(0.120103 -0.779838 0)
(0.134144 -0.793238 0)
(0.148189 -0.808455 0)
(0.162248 -0.825604 0)
(0.176345 -0.844821 0)
(0.19053 -0.866265 0)
(0.204806 -0.890132 0)
(0.219373 -0.916636 0)
(0.234001 -0.94604 0)
(0.249472 -0.978617 0)
(0.264502 -1.01458 0)
(0.281436 -1.05472 0)
(0.297582 -1.09745 0)
(0.31364 -1.14768 0)
(0.340006 -1.19913 0)
(0.350955 -1.24635 0)
(0.385775 -1.31255 0)
(0.441705 -1.3451 0)
(0.377654 -1.00005 0)
(-0.128452 0.0419242 0)
(-0.478767 0.74473 0)
(-0.423881 0.874801 0)
(-0.368235 0.846603 0)
(-0.334714 0.868339 0)
(-0.303243 0.889654 0)
(-0.276367 0.911767 0)
(-0.248471 0.931925 0)
(-0.219704 0.950386 0)
(-0.188986 0.96753 0)
(-0.155597 0.983461 0)
(-0.118838 0.998077 0)
(-0.0780597 1.01105 0)
(-0.0327119 1.02169 0)
(0.0178896 1.0293 0)
(0.0738168 1.03243 0)
(0.135412 1.03046 0)
(0.202279 1.02091 0)
(0.0112226 -0.685374 0)
(0.0234334 -0.785053 0)
(0.0323487 -0.753555 0)
(0.0451503 -0.749327 0)
(0.0578883 -0.754896 0)
(0.0706611 -0.762155 0)
(0.0833058 -0.77064 0)
(0.0958831 -0.780637 0)
(0.108397 -0.792273 0)
(0.120835 -0.805638 0)
(0.133196 -0.820823 0)
(0.14547 -0.837948 0)
(0.157658 -0.857164 0)
(0.169777 -0.87863 0)
(0.181772 -0.902556 0)
(0.193746 -0.929154 0)
(0.205342 -0.958686 0)
(0.217176 -0.991322 0)
(0.227363 -1.02748 0)
(0.239124 -1.0671 0)
(0.245694 -1.11042 0)
(0.25667 -1.16057 0)
(0.268561 -1.21727 0)
(0.273424 -1.28525 0)
(0.326747 -1.34846 0)
(0.355786 -1.28572 0)
(0.168411 -0.648972 0)
(-0.350861 0.364258 0)
(-0.476906 0.799817 0)
(-0.372815 0.814103 0)
(-0.344507 0.807385 0)
(-0.307391 0.840837 0)
(-0.282839 0.863635 0)
(-0.257053 0.886861 0)
(-0.231338 0.906083 0)
(-0.20416 0.92309 0)
(-0.174923 0.938051 0)
(-0.142996 0.95119 0)
(-0.107842 0.962464 0)
(-0.0690307 0.971603 0)
(-0.0261717 0.978027 0)
(0.0210779 0.981063 0)
(0.0726706 0.979684 0)
(0.128591 0.973148 0)
(0.188347 0.959801 0)
(0.010529 -0.701705 0)
(0.0214864 -0.793604 0)
(0.0291824 -0.763616 0)
(0.0408333 -0.760721 0)
(0.0521901 -0.766381 0)
(0.0636068 -0.773506 0)
(0.0748655 -0.781901 0)
(0.0860211 -0.791814 0)
(0.0970572 -0.803353 0)
(0.107937 -0.816606 0)
(0.118634 -0.831664 0)
(0.129111 -0.848643 0)
(0.13931 -0.867695 0)
(0.149175 -0.888954 0)
(0.15851 -0.912603 0)
(0.167219 -0.938813 0)
(0.174765 -0.967766 0)
(0.181416 -0.999473 0)
(0.185085 -1.03443 0)
(0.189222 -1.0717 0)
(0.185194 -1.11471 0)
(0.191503 -1.16245 0)
(0.185761 -1.23582 0)
(0.201405 -1.33334 0)
(0.241245 -1.36217 0)
(0.216714 -1.17113 0)
(-0.0988151 -0.273811 0)
(-0.438729 0.551741 0)
(-0.418766 0.772739 0)
(-0.325688 0.751722 0)
(-0.313451 0.780512 0)
(-0.278756 0.815432 0)
(-0.261177 0.841046 0)
(-0.237646 0.864001 0)
(-0.215166 0.882063 0)
(-0.190224 0.897328 0)
(-0.163096 0.909952 0)
(-0.133136 0.920307 0)
(-0.100028 0.928409 0)
(-0.0635432 0.934073 0)
(-0.0234779 0.936853 0)
(0.0202929 0.936086 0)
(0.067581 0.931107 0)
(0.118139 0.9212 0)
(0.17143 0.905219 0)
(0.00983098 -0.71698 0)
(0.0197279 -0.801082 0)
(0.0261924 -0.77273 0)
(0.0367632 -0.770993 0)
(0.0467862 -0.776706 0)
(0.0569321 -0.783686 0)
(0.0668667 -0.791965 0)
(0.0766533 -0.801744 0)
(0.0862245 -0.813113 0)
(0.0955073 -0.826146 0)
(0.104391 -0.840943 0)
(0.112832 -0.857589 0)
(0.120617 -0.876206 0)
(0.127577 -0.896843 0)
(0.133277 -0.919595 0)
(0.137404 -0.944567 0)
(0.139348 -0.971875 0)
(0.139291 -1.00148 0)
(0.13585 -1.034 0)
(0.13254 -1.0685 0)
(0.123988 -1.11165 0)
(0.130561 -1.15929 0)
(0.123578 -1.25706 0)
(0.153976 -1.35933 0)
(0.0911703 -1.29939 0)
(0.105052 -0.950902 0)
(-0.267456 0.0056144 0)
(-0.408601 0.624684 0)
(-0.33109 0.713648 0)
(-0.281588 0.708249 0)
(-0.273838 0.762651 0)
(-0.24995 0.794782 0)
(-0.238139 0.822882 0)
(-0.21898 0.844153 0)
(-0.200313 0.86065 0)
(-0.17823 0.873677 0)
(-0.153655 0.88372 0)
(-0.126008 0.891217 0)
(-0.0952262 0.896254 0)
(-0.0612496 0.898717 0)
(-0.0241143 0.898294 0)
(0.0162076 0.894423 0)
(0.0594055 0.886568 0)
(0.105027 0.874181 0)
(0.152558 0.856453 0)
(0.00931849 -0.73123 0)
(0.01832 -0.807564 0)
(0.0232478 -0.780906 0)
(0.0329212 -0.780214 0)
(0.0416141 -0.785945 0)
(0.050538 -0.792762 0)
(0.0591145 -0.800872 0)
(0.067451 -0.810424 0)
(0.0753548 -0.821476 0)
(0.0827252 -0.834062 0)
(0.0892804 -0.848318 0)
(0.0950262 -0.864263 0)
(0.0995106 -0.881938 0)
(0.102524 -0.901267 0)
(0.103481 -0.922221 0)
(0.102185 -0.944955 0)
(0.0984797 -0.969817 0)
(0.0936195 -0.997198 0)
(0.0882725 -1.02811 0)
(0.0868298 -1.06316 0)
(0.0934541 -1.11031 0)
(0.119169 -1.16611 0)
(0.157537 -1.27508 0)
(0.163291 -1.32526 0)
(0.0163178 -1.24245 0)
(0.148246 -0.754392 0)
(-0.248571 0.175617 0)
(-0.295643 0.641776 0)
(-0.228864 0.665655 0)
(-0.234513 0.690877 0)
(-0.229212 0.753006 0)
(-0.221826 0.782111 0)
(-0.21505 0.81001 0)
(-0.202068 0.828356 0)
(-0.18741 0.842434 0)
(-0.168647 0.852578 0)
(-0.14684 0.859689 0)
(-0.121676 0.86418 0)
(-0.0933331 0.866193 0)
(-0.0619166 0.865667 0)
(-0.0276227 0.862388 0)
(0.00941478 0.855937 0)
(0.0487826 0.845793 0)
(0.089983 0.831593 0)
(0.132482 0.812771 0)
(0.00917868 -0.744714 0)
(0.0171378 -0.812584 0)
(0.0198367 -0.787863 0)
(0.0288887 -0.788295 0)
(0.0360646 -0.79391 0)
(0.0436387 -0.800505 0)
(0.0505756 -0.808318 0)
(0.057109 -0.817438 0)
(0.0628334 -0.827888 0)
(0.0677117 -0.839614 0)
(0.0713084 -0.852845 0)
(0.0737503 -0.867498 0)
(0.0745549 -0.883516 0)
(0.0738024 -0.900744 0)
(0.071464 -0.919221 0)
(0.0685336 -0.939691 0)
(0.0666395 -0.963321 0)
(0.070358 -0.991417 0)
(0.0826136 -1.0265 0)
(0.112559 -1.0735 0)
(0.178629 -1.13802 0)
(0.268603 -1.22208 0)
(0.408407 -1.29431 0)
(0.232957 -1.2087 0)
(0.0323041 -1.2428 0)
(0.21406 -0.632392 0)
(-0.100365 0.339844 0)
(-0.156919 0.663136 0)
(-0.134165 0.652736 0)
(-0.184957 0.699539 0)
(-0.185919 0.753492 0)
(-0.19579 0.779276 0)
(-0.194251 0.803119 0)
(-0.188111 0.817302 0)
(-0.177386 0.82773 0)
(-0.162064 0.834261 0)
(-0.142985 0.838001 0)
(-0.120268 0.83928 0)
(-0.0942941 0.838265 0)
(-0.0653252 0.834911 0)
(-0.0336976 0.829055 0)
(0.000313081 0.820374 0)
(0.0362477 0.80842 0)
(0.0735563 0.79291 0)
(0.111727 0.773459 0)
(0.00989205 -0.758303 0)
(0.015705 -0.815439 0)
(0.0150464 -0.793465 0)
(0.0236632 -0.795406 0)
(0.0289169 -0.800526 0)
(0.0347516 -0.806711 0)
(0.0395946 -0.813947 0)
(0.0439046 -0.822278 0)
(0.0471899 -0.831731 0)
(0.0496853 -0.842198 0)
(0.0512816 -0.854048 0)
(0.0523629 -0.867158 0)
(0.0533619 -0.881559 0)
(0.0552295 -0.897632 0)
(0.0607954 -0.916539 0)
(0.0743844 -0.939954 0)
(0.102453 -0.970484 0)
(0.154838 -1.01215 0)
(0.231999 -1.06867 0)
(0.352451 -1.15116 0)
(0.55003 -1.26889 0)
(0.724798 -1.38732 0)
(0.753577 -1.26641 0)
(0.312842 -0.897777 0)
(0.0717593 -1.18636 0)
(0.124663 -0.791036 0)
(0.0675634 0.479465 0)
(-0.0483241 0.708645 0)
(-0.0673772 0.676523 0)
(-0.139158 0.730245 0)
(-0.151051 0.765939 0)
(-0.174424 0.786303 0)
(-0.178488 0.802426 0)
(-0.178506 0.811049 0)
(-0.171344 0.816485 0)
(-0.159142 0.818661 0)
(-0.142484 0.818565 0)
(-0.12196 0.816419 0)
(-0.0981042 0.812348 0)
(-0.0713351 0.806286 0)
(-0.0420846 0.79807 0)
(-0.0107678 0.787457 0)
(0.0221809 0.774058 0)
(0.0561476 0.757603 0)
(0.0906515 0.737848 0)
(0.0122587 -0.772408 0)
(0.0127225 -0.816022 0)
(0.00836499 -0.798296 0)
(0.0162722 -0.802099 0)
(0.019732 -0.806271 0)
(0.0235971 -0.811876 0)
(0.026763 -0.81842 0)
(0.0297054 -0.826013 0)
(0.0328437 -0.834775 0)
(0.0367602 -0.844871 0)
(0.0433461 -0.856823 0)
(0.0540489 -0.870944 0)
(0.0716542 -0.888426 0)
(0.0988828 -0.911063 0)
(0.144652 -0.941273 0)
(0.220112 -0.984037 0)
(0.342882 -1.0483 0)
(0.543174 -1.1476 0)
(0.718515 -1.23526 0)
(0.823423 -1.35103 0)
(0.828654 -1.43263 0)
(0.717685 -1.3884 0)
(0.558577 -1.02084 0)
(0.293684 -0.557623 0)
(0.114632 -1.087 0)
(0.0218644 -0.794429 0)
(0.119439 0.54473 0)
(0.0314769 0.781259 0)
(-0.0345407 0.727351 0)
(-0.10349 0.776183 0)
(-0.130051 0.789818 0)
(-0.160829 0.801648 0)
(-0.1703 0.807386 0)
(-0.174741 0.808968 0)
(-0.170387 0.808222 0)
(-0.160542 0.805378 0)
(-0.145734 0.801042 0)
(-0.126927 0.795298 0)
(-0.104774 0.788163 0)
(-0.0798274 0.779509 0)
(-0.0525871 0.76914 0)
(-0.0235406 0.756823 0)
(0.00686766 0.74226 0)
(0.0380422 0.725155 0)
(0.069493 0.705323 0)
(0.0164564 -0.785726 0)
(0.00538009 -0.811068 0)
(0.00279385 -0.802047 0)
(0.00793997 -0.807125 0)
(0.0122075 -0.810409 0)
(0.015392 -0.815601 0)
(0.0206885 -0.822196 0)
(0.0271336 -0.830585 0)
(0.0390549 -0.841203 0)
(0.0569276 -0.855521 0)
(0.0888894 -0.874831 0)
(0.14187 -0.903184 0)
(0.225229 -0.942743 0)
(0.314176 -0.983402 0)
(0.417928 -1.04339 0)
(0.528676 -1.12808 0)
(0.625645 -1.24199 0)
(0.701873 -1.31389 0)
(0.761902 -1.34483 0)
(0.794748 -1.35149 0)
(0.771272 -1.29364 0)
(0.671898 -1.15415 0)
(0.499611 -0.856697 0)
(0.419792 -0.376653 0)
(0.155639 -0.908342 0)
(-0.036383 -0.78471 0)
(0.140433 0.577269 0)
(0.111831 0.879594 0)
(-0.0204794 0.80426 0)
(-0.0820037 0.831038 0)
(-0.125503 0.82303 0)
(-0.157753 0.822909 0)
(-0.171654 0.816619 0)
(-0.178194 0.809811 0)
(-0.175448 0.802026 0)
(-0.166827 0.793673 0)
(-0.15305 0.784841 0)
(-0.135293 0.775431 0)
(-0.11429 0.76529 0)
(-0.0906806 0.754191 0)
(-0.0650089 0.741881 0)
(-0.0377766 0.728097 0)
(-0.00945222 0.712579 0)
(0.0194448 0.695053 0)
(0.0484187 0.675326 0)
(0.0197737 -0.798554 0)
(-0.00896831 -0.793458 0)
(0.0094182 -0.803261 0)
(0.00735578 -0.808935 0)
(0.0205835 -0.813207 0)
(0.0291115 -0.819599 0)
(0.046217 -0.829954 0)
(0.0660409 -0.844366 0)
(0.0969322 -0.864299 0)
(0.134125 -0.892718 0)
(0.180975 -0.933077 0)
(0.230617 -0.982238 0)
(0.286875 -1.02588 0)
(0.35256 -1.07975 0)
(0.427079 -1.14491 0)
(0.505905 -1.21744 0)
(0.583286 -1.29171 0)
(0.658853 -1.34829 0)
(0.732206 -1.36974 0)
(0.790172 -1.33671 0)
(0.804706 -1.22779 0)
(0.762679 -1.02087 0)
(0.604303 -0.725962 0)
(0.545909 -0.28637 0)
(0.20066 -0.485987 0)
(-0.032826 -0.777931 0)
(0.0996365 0.369603 0)
(0.16671 0.987221 0)
(-0.0261251 0.905674 0)
(-0.0820517 0.891402 0)
(-0.138431 0.862974 0)
(-0.167829 0.847172 0)
(-0.183976 0.827965 0)
(-0.189948 0.811795 0)
(-0.187162 0.796565 0)
(-0.17836 0.782502 0)
(-0.164596 0.769152 0)
(-0.147073 0.756168 0)
(-0.126566 0.74319 0)
(-0.103739 0.729861 0)
(-0.079142 0.71585 0)
(-0.0532611 0.700851 0)
(-0.0265448 0.684587 0)
(0.000530251 0.666815 0)
(0.0275427 0.647342 0)
(0.0102638 -0.795672 0)
(-0.00983565 -0.793633 0)
(0.0203973 -0.814501 0)
(0.0182959 -0.815957 0)
(0.0344393 -0.825795 0)
(0.0455928 -0.836095 0)
(0.0638734 -0.851697 0)
(0.083884 -0.873551 0)
(0.110086 -0.900611 0)
(0.140137 -0.935591 0)
(0.175184 -0.977594 0)
(0.213106 -1.02591 0)
(0.256169 -1.07987 0)
(0.305935 -1.14087 0)
(0.363187 -1.21089 0)
(0.428623 -1.28783 0)
(0.504501 -1.36677 0)
(0.599126 -1.43467 0)
(0.703512 -1.45922 0)
(0.796853 -1.4025 0)
(0.839672 -1.23788 0)
(0.822463 -0.948187 0)
(0.698833 -0.58548 0)
(0.582807 -0.163763 0)
(0.223995 -0.148636 0)
(0.0155671 -0.723135 0)
(0.0445749 0.248089 0)
(0.153236 1.08303 0)
(-0.0675168 1.01946 0)
(-0.110897 0.955186 0)
(-0.170621 0.905258 0)
(-0.193643 0.870649 0)
(-0.208083 0.838479 0)
(-0.210597 0.812659 0)
(-0.205742 0.790143 0)
(-0.195197 0.770577 0)
(-0.1803 0.75299 0)
(-0.16212 0.736739 0)
(-0.141407 0.721239 0)
(-0.118782 0.705991 0)
(-0.0947506 0.690578 0)
(-0.0697586 0.674637 0)
(-0.0442049 0.657867 0)
(-0.0185095 0.640019 0)
(0.00696993 0.620913 0)
(-0.00172357 -0.795596 0)
(-0.0015931 -0.809193 0)
(0.0186489 -0.827239 0)
(0.0196699 -0.828046 0)
(0.0333171 -0.840292 0)
(0.043289 -0.853155 0)
(0.0575265 -0.871402 0)
(0.0732352 -0.895964 0)
(0.0915492 -0.92652 0)
(0.112015 -0.964719 0)
(0.134792 -1.00882 0)
(0.160644 -1.06048 0)
(0.191091 -1.12049 0)
(0.227858 -1.18999 0)
(0.272638 -1.27002 0)
(0.329729 -1.36141 0)
(0.407729 -1.46359 0)
(0.515857 -1.55384 0)
(0.630312 -1.58085 0)
(0.733338 -1.48531 0)
(0.757794 -1.24999 0)
(0.727849 -0.889031 0)
(0.651536 -0.449545 0)
(0.538456 0.00806675 0)
(0.247797 0.170827 0)
(0.0500612 -0.612524 0)
(-0.00887055 0.16552 0)
(0.0623236 1.18066 0)
(-0.161137 1.12408 0)
(-0.173918 1.01445 0)
(-0.224919 0.941903 0)
(-0.236544 0.88832 0)
(-0.24384 0.844436 0)
(-0.23998 0.809723 0)
(-0.230828 0.780804 0)
(-0.21697 0.756458 0)
(-0.199787 0.735278 0)
(-0.180076 0.716315 0)
(-0.158474 0.698776 0)
(-0.135491 0.682034 0)
(-0.111546 0.665585 0)
(-0.087009 0.649017 0)
(-0.0622118 0.632 0)
(-0.037499 0.614274 0)
(-0.0131694 0.595653 0)
(-0.0045436 -0.793258 0)
(0.000477148 -0.821087 0)
(0.0102032 -0.833864 0)
(0.01176 -0.836767 0)
(0.0204608 -0.849569 0)
(0.0266647 -0.863965 0)
(0.0353522 -0.884065 0)
(0.0449507 -0.909823 0)
(0.055495 -0.942084 0)
(0.0666245 -0.981562 0)
(0.0789521 -1.02794 0)
(0.0938004 -1.0834 0)
(0.112074 -1.14891 0)
(0.135004 -1.2262 0)
(0.165076 -1.31777 0)
(0.208761 -1.42998 0)
(0.278381 -1.56286 0)
(0.373275 -1.67605 0)
(0.467108 -1.69588 0)
(0.54495 -1.53708 0)
)
;

boundaryField
{
    leftWall
    {
        type            fixedValue;
        value           uniform (0 0 0);
    }
    rightWall
    {
        type            fixedValue;
        value           nonuniform 0();
    }
    lowerWall
    {
        type            fixedValue;
        value           uniform (0 0 0);
    }
    atmosphere
    {
        type            pressureInletOutletVelocity;
        value           nonuniform 0();
    }
    defaultFaces
    {
        type            empty;
    }
    procBoundary0to1
    {
        type            processor;
        value           nonuniform List<vector> 
44
(
(-0.37313 -0.0688366 0)
(0.30342 0.264897 0)
(0.648972 0.49447 0)
(0.714978 0.730857 0)
(0.690561 0.982838 0)
(0.709521 1.25108 0)
(0.813712 1.55009 0)
(0.9244 1.89913 0)
(0.929654 2.2887 0)
(0.828668 2.66552 0)
(0.746228 2.95357 0)
(0.698047 3.13022 0)
(0.651502 3.2462 0)
(0.561788 3.34988 0)
(0.474731 3.38763 0)
(0.387215 3.34958 0)
(0.312929 3.23319 0)
(0.245336 3.05044 0)
(0.167791 2.89663 0)
(0.0851082 2.73988 0)
(0.0851082 2.73988 0)
(0.300398 2.98638 0)
(0.331162 2.80218 0)
(0.44115 2.57021 0)
(0.46814 2.2228 0)
(0.378576 1.86315 0)
(0.284654 1.60629 0)
(0.264749 1.4562 0)
(0.287112 1.34965 0)
(0.305197 1.25181 0)
(0.305495 1.15942 0)
(0.293038 1.07614 0)
(0.273887 1.00283 0)
(0.251218 0.938616 0)
(0.22665 0.882302 0)
(0.201194 0.832733 0)
(0.175523 0.788854 0)
(0.150065 0.749732 0)
(0.125076 0.714551 0)
(0.1007 0.682602 0)
(0.0770139 0.653272 0)
(0.0540622 0.626029 0)
(0.0318716 0.600404 0)
(0.0104819 0.576001 0)
)
;
    }
    procBoundary0to2
    {
        type            processor;
        value           nonuniform List<vector> 
46
(
(0.4954 -1.23871 0)
(0.451396 -0.866 0)
(0.412734 -0.375928 0)
(0.343573 0.156475 0)
(0.197341 0.36146 0)
(0.0189074 -0.460794 0)
(-0.0845805 0.207973 0)
(-0.149071 1.2896 0)
(-0.299474 1.19947 0)
(-0.2724 1.05265 0)
(-0.300604 0.962313 0)
(-0.294709 0.894276 0)
(-0.289661 0.841655 0)
(-0.276862 0.800196 0)
(-0.261338 0.766584 0)
(-0.242804 0.738744 0)
(-0.222326 0.714986 0)
(-0.200334 0.694115 0)
(-0.17726 0.675189 0)
(-0.153441 0.657484 0)
(-0.129171 0.640436 0)
(-0.104715 0.623596 0)
(-0.0803227 0.606615 0)
(-0.056255 0.589222 0)
(-0.0327457 0.571227 0)
(-0.00395186 -0.789922 0)
(-0.00169128 -0.827164 0)
(0.000693883 -0.835957 0)
(0.000332368 -0.840958 0)
(0.00342679 -0.853772 0)
(0.00535925 -0.869369 0)
(0.0082702 -0.890199 0)
(0.0114885 -0.9166 0)
(0.0145393 -0.949294 0)
(0.0173078 -0.989036 0)
(0.0201107 -1.03681 0)
(0.0234571 -1.09427 0)
(0.0277178 -1.16274 0)
(0.0332926 -1.24468 0)
(0.0424584 -1.34609 0)
(0.0621467 -1.47884 0)
(0.102635 -1.63779 0)
(0.150392 -1.76513 0)
(0.201904 -1.75936 0)
(0.4954 -1.23871 0)
(0.213397 -1.52446 0)
)
;
    }
}


// ************************************************************************* //
