/*--------------------------------*- C++ -*----------------------------------*\
| =========                 |                                                 |
| \\      /  F ield         | OpenFOAM: The Open Source CFD Toolbox           |
|  \\    /   O peration     | Version:  3.0.1                                 |
|   \\  /    A nd           | Web:      www.OpenFOAM.org                      |
|    \\/     M anipulation  |                                                 |
\*---------------------------------------------------------------------------*/
FoamFile
{
    version     2.0;
    format      ascii;
    class       surfaceScalarField;
    location    "0.4";
    object      alphaPhi;
}
// * * * * * * * * * * * * * * * * * * * * * * * * * * * * * * * * * * * * * //

dimensions      [0 3 -1 0 0 0 0];

internalField   nonuniform List<scalar> 
3731
(
-1.24691e-05
-9.43021e-06
-1.24606e-05
-1.17108e-05
-1.49372e-05
-2.41629e-05
-5.68544e-06
-1.51554e-05
-3.01753e-05
2.22751e-06
-1.13859e-05
-2.79455e-05
7.82124e-06
-5.53011e-06
-2.02881e-05
1.23104e-05
4.02207e-06
-7.97742e-06
1.39175e-05
1.39102e-05
5.94032e-06
1.4487e-05
2.31401e-05
2.04272e-05
1.57974e-05
3.08117e-05
3.62242e-05
1.80962e-05
3.70753e-05
5.43202e-05
9.55191e-23
-3.01788e-21
1.3352e-22
-1.91533e-21
5.93295e-23
-3.83643e-22
3.65088e-23
-1.41451e-22
2.21722e-23
-3.77134e-23
1.59691e-23
2.75267e-25
1.18905e-23
1.01123e-24
7.53055e-24
1.15704e-24
3.79472e-24
9.00906e-25
1.47328e-24
5.52083e-25
4.14282e-25
2.76267e-25
5.39416e-26
1.22151e-25
-1.00502e-26
4.80417e-26
-9.94748e-27
1.77659e-26
-5.45381e-27
6.09238e-27
-2.40901e-27
1.94165e-27
-9.52418e-28
5.77729e-28
-3.63977e-28
1.63836e-28
-1.411e-28
4.63816e-29
-5.42257e-29
1.35567e-29
-2.07439e-29
3.96464e-30
-7.74984e-30
1.15301e-30
-2.9397e-30
3.17015e-31
-1.16192e-30
8.02286e-32
-4.76289e-31
1.63844e-32
-1.96504e-31
6.71504e-34
-7.83922e-32
-1.30918e-31
-3.0248e-32
-1.0745e-31
-1.12528e-32
-6.32949e-32
-4.02087e-33
-3.24492e-32
-1.36944e-33
-1.52686e-32
-4.43765e-34
-6.70962e-33
-1.35923e-34
-2.7899e-33
-3.90243e-35
-1.10078e-33
-1.01738e-35
-4.10905e-34
-2.39185e-36
-1.41439e-34
-6.3355e-37
-4.54855e-35
-2.63886e-37
-1.82214e-35
-9.51029e-40
-1.34134e-35
-8.92397e-38
1.93529e-21
-1.03037e-19
2.62844e-21
-6.36865e-20
9.68751e-22
-1.0595e-20
6.7188e-22
-3.39328e-21
4.98134e-22
-1.00143e-21
3.96298e-22
1.40885e-23
2.95916e-22
6.54142e-23
1.76657e-22
7.7659e-23
7.82058e-23
6.07113e-23
2.3434e-23
3.66358e-23
2.10731e-24
1.85522e-23
-1.266e-24
8.31794e-24
-1.14983e-24
3.43893e-24
-6.66187e-25
1.31805e-24
-3.17839e-25
4.70746e-25
-1.34794e-25
1.5737e-25
-5.35022e-26
4.96453e-26
-2.09059e-26
1.5099e-26
-8.12418e-27
4.57667e-27
-3.14451e-27
1.37906e-27
-1.22488e-27
4.08826e-28
-4.73208e-28
1.18119e-28
-1.83359e-28
3.17285e-29
-7.09731e-29
7.38735e-30
-2.76588e-29
1.08156e-30
-1.07213e-29
-7.01521e-30
-4.12879e-30
-9.98411e-30
-1.56956e-30
-6.80889e-30
-5.83237e-31
-3.82759e-30
-2.10393e-31
-1.94857e-30
-7.32264e-32
-9.28611e-31
-2.44906e-32
-4.20082e-31
-7.82263e-33
-1.81907e-31
-2.35287e-33
-7.54638e-32
-6.44069e-34
-2.96769e-32
-1.59186e-34
-1.07607e-32
-4.4703e-35
-3.64644e-33
-1.94645e-35
-1.55488e-33
-7.25954e-38
-1.19648e-33
-8.30934e-36
4.55892e-20
-2.30607e-18
5.99423e-20
-1.37071e-18
1.81751e-20
-1.98038e-19
1.04236e-20
-4.68132e-20
7.79575e-21
-1.29134e-20
6.60038e-21
2.69657e-22
5.25655e-21
1.51384e-21
3.3579e-21
1.8772e-21
1.60231e-21
1.51186e-21
5.57602e-22
9.23501e-22
1.14849e-22
4.76173e-22
-8.36425e-24
2.18855e-22
-1.59586e-23
9.30295e-23
-1.09506e-23
3.68198e-23
-5.74024e-24
1.35802e-23
-2.60865e-24
4.68611e-24
-1.09871e-24
1.52648e-24
-4.53214e-25
4.80536e-25
-1.84286e-25
1.50986e-25
-7.45482e-26
4.69135e-26
-3.01867e-26
1.43214e-26
-1.21425e-26
4.22886e-27
-4.87083e-27
1.15382e-27
-1.94154e-27
2.6645e-28
-7.73543e-28
3.40207e-29
-3.05829e-28
-2.49265e-28
-1.20574e-28
-2.96537e-28
-4.71523e-29
-1.99718e-28
-1.81157e-29
-1.13849e-28
-6.79498e-30
-5.95382e-29
-2.47629e-30
-2.94362e-29
-8.73182e-31
-1.39459e-29
-2.95641e-31
-6.37352e-30
-9.42565e-32
-2.8024e-30
-2.73482e-32
-1.16536e-30
-7.1474e-33
-4.46352e-31
-2.13171e-33
-1.59668e-31
-9.65518e-34
-7.24596e-32
-3.80048e-36
-5.79881e-32
-4.22921e-34
8.57095e-19
-3.92889e-17
1.05995e-18
-2.65758e-17
2.72566e-19
-3.06658e-18
1.11424e-19
-4.99428e-19
7.61645e-20
-1.05489e-19
6.78989e-20
4.19984e-21
5.74498e-20
2.06804e-20
3.83762e-20
2.64309e-20
1.89158e-20
2.15237e-20
6.8875e-21
1.32851e-20
1.61258e-21
6.99579e-21
-4.60875e-23
3.3238e-21
-1.8366e-22
1.46837e-21
-1.38887e-22
6.05436e-22
-7.72301e-23
2.32289e-22
-3.68163e-23
8.32502e-23
-1.62009e-23
2.81559e-23
-6.95308e-24
9.20717e-24
-2.92758e-24
2.99907e-24
-1.22408e-24
9.62287e-25
-5.09896e-25
3.02765e-25
-2.10663e-25
9.16685e-26
-8.65269e-26
2.55701e-26
-3.53119e-26
5.98325e-27
-1.44029e-26
7.41708e-28
-5.83822e-27
-4.7677e-27
-2.36805e-27
-5.54868e-27
-9.57387e-28
-3.80613e-27
-3.82631e-28
-2.23418e-27
-1.50204e-28
-1.21416e-27
-5.7752e-29
-6.2832e-28
-2.16219e-29
-3.14102e-28
-7.79445e-30
-1.52295e-28
-2.63921e-30
-7.10783e-29
-8.11149e-31
-3.12176e-29
-2.24293e-31
-1.26024e-29
-7.11678e-32
-4.75735e-30
-3.34589e-32
-2.30105e-30
-1.38314e-34
-1.91102e-30
-1.46432e-32
1.20557e-17
-4.49438e-16
1.69167e-17
-5.63512e-16
3.50211e-18
-4.61052e-17
9.84948e-19
-5.68837e-18
5.35623e-19
-6.64731e-19
4.93291e-19
4.97107e-20
4.36391e-19
1.99324e-19
2.99165e-19
2.55286e-19
1.48426e-19
2.07825e-19
5.41501e-20
1.29608e-19
1.26577e-20
7.0015e-20
-5.87411e-22
3.47847e-20
-1.83766e-21
1.6188e-20
-1.41992e-21
7.00572e-21
-8.13852e-22
2.80544e-21
-4.01343e-22
1.04592e-21
-1.82967e-22
3.67708e-22
-8.11533e-23
1.2495e-22
-3.51971e-23
4.21323e-23
-1.51219e-23
1.39324e-23
-6.4504e-24
4.50161e-24
-2.72735e-24
1.39331e-24
-1.14461e-24
3.9633e-25
-4.77409e-25
9.39357e-26
-1.99169e-25
1.13394e-26
-8.27838e-26
-6.60913e-26
-3.45578e-26
-7.64841e-26
-1.44529e-26
-5.37782e-26
-6.01802e-27
-3.26712e-26
-2.48051e-27
-1.85446e-26
-1.00749e-27
-1.01008e-26
-4.00635e-28
-5.34002e-27
-1.53434e-28
-2.74772e-27
-5.49314e-29
-1.35756e-27
-1.7806e-29
-6.2678e-28
-5.19671e-30
-2.65751e-28
-1.75551e-30
-1.05774e-28
-8.5526e-31
-5.46354e-29
-3.70698e-33
-4.69856e-29
-3.7896e-31
1.06239e-16
-9.81391e-16
2.99008e-16
-1.11853e-15
4.52026e-17
1.51178e-16
9.82978e-18
-8.19577e-17
3.22048e-18
-4.22976e-18
2.81255e-18
4.34203e-19
2.53815e-18
1.45001e-18
1.75379e-18
1.81742e-18
8.65997e-19
1.46307e-18
3.16261e-19
9.23684e-19
7.29013e-20
5.18728e-19
-6.31829e-21
2.74241e-19
-1.50222e-20
1.36362e-19
-1.16981e-20
6.21757e-20
-6.848e-21
2.58917e-20
-3.46801e-21
9.98233e-21
-1.62895e-21
3.62926e-21
-7.43215e-22
1.27591e-21
-3.30931e-22
4.43593e-22
-1.45685e-22
1.50745e-22
-6.3551e-23
4.9892e-23
-2.75025e-23
1.57677e-23
-1.18161e-23
4.57222e-24
-5.05438e-24
1.09813e-24
-2.16522e-24
1.27216e-25
-9.2622e-25
-7.21491e-25
-3.99323e-25
-8.30749e-25
-1.73417e-25
-6.01111e-25
-7.55546e-26
-3.79793e-25
-3.27966e-26
-2.26359e-25
-1.40929e-26
-1.30143e-25
-5.94744e-27
-7.27694e-26
-2.4109e-27
-3.96546e-26
-9.07243e-28
-2.06493e-26
-3.0882e-28
-9.96283e-27
-9.49795e-29
-4.42228e-27
-3.42153e-29
-1.8558e-27
-1.72351e-29
-1.02616e-27
-7.8418e-32
-9.11085e-28
-7.7667e-30
3.50782e-15
-5.32193e-15
1.51052e-14
-1.79402e-14
2.5036e-16
1.47698e-14
1.28476e-16
1.38964e-17
2.13784e-17
-3.9366e-17
1.31772e-17
3.03404e-18
1.15477e-17
8.12078e-18
7.92324e-18
9.74864e-18
3.86487e-18
7.75682e-18
1.42477e-18
5.01114e-18
3.23483e-19
2.99926e-18
-5.42386e-20
1.73212e-18
-1.03846e-19
9.34e-19
-8.00974e-20
4.47423e-19
-4.71156e-20
1.91133e-19
-2.4213e-20
7.51325e-20
-1.16217e-20
2.79393e-20
-5.42537e-21
1.00855e-20
-2.47401e-21
3.59821e-21
-1.11548e-21
1.25383e-21
-4.98671e-22
4.25023e-22
-2.2169e-22
1.37393e-22
-9.80775e-23
4.07418e-23
-4.32809e-23
9.93331e-24
-1.91584e-23
1.08598e-24
-8.48598e-24
-6.43905e-24
-3.79924e-24
-7.40297e-24
-1.72313e-24
-5.53643e-24
-7.89692e-25
-3.65793e-24
-3.62219e-25
-2.29967e-24
-1.64719e-25
-1.39729e-24
-7.36227e-26
-8.24335e-25
-3.14521e-26
-4.73963e-25
-1.23672e-26
-2.58825e-25
-4.4067e-27
-1.29731e-25
-1.42808e-27
-6.01576e-26
-5.49885e-28
-2.66493e-26
-2.85537e-28
-1.58133e-26
-1.36944e-30
-1.44369e-26
-1.30931e-28
1.32721e-13
-1.56235e-13
3.97715e-13
-5.37818e-13
1.78507e-14
-6.48742e-13
1.07801e-16
1.00546e-14
2.27151e-16
2.6975e-16
5.69937e-17
2.07694e-17
4.1012e-17
3.52766e-17
2.71632e-17
3.96205e-17
1.31154e-17
3.12352e-17
5.00671e-18
2.13342e-17
1.10482e-18
1.41901e-17
-3.9587e-19
9.21975e-18
-6.25135e-19
5.43834e-18
-4.6354e-19
2.7041e-18
-2.67557e-19
1.15577e-18
-1.37339e-19
4.53358e-19
-6.67587e-20
1.69985e-19
-3.17659e-20
6.24955e-20
-1.48446e-20
2.28036e-20
-6.88139e-21
8.15531e-21
-3.17176e-21
2.84147e-21
-1.45988e-21
9.44987e-22
-6.70378e-22
2.88321e-22
-3.07849e-22
7.17481e-23
-1.41875e-22
7.18138e-24
-6.54953e-23
-4.84724e-23
-3.06247e-23
-5.58057e-23
-1.45916e-23
-4.32866e-23
-7.07527e-24
-3.00424e-23
-3.43385e-24
-1.99997e-23
-1.64898e-24
-1.28192e-23
-7.77959e-25
-7.9392e-24
-3.48608e-25
-4.79407e-24
-1.4243e-25
-2.73232e-24
-5.30178e-26
-1.4152e-24
-1.81315e-26
-6.85022e-25
-7.48218e-27
-3.21136e-25
-3.98892e-27
-2.04891e-25
-2.03019e-29
-1.91382e-25
-1.86287e-27
2.22297e-12
-3.11422e-12
1.90017e-11
-6.51343e-10
4.74451e-14
-4.85727e-12
1.13335e-14
-3.07601e-15
1.02389e-15
9.39298e-15
1.8696e-16
9.60067e-16
1.0768e-16
1.1797e-16
6.7444e-17
1.17728e-16
3.32694e-17
9.51866e-17
1.37507e-17
7.27881e-17
2.72989e-18
5.66475e-17
-2.48598e-18
4.23687e-17
-3.27528e-18
2.72996e-17
-2.24582e-18
1.3812e-17
-1.239e-18
5.70089e-18
-6.27046e-19
2.1791e-18
-3.07442e-19
8.14275e-19
-1.49471e-19
3.03958e-19
-7.20781e-20
1.13745e-19
-3.46872e-20
4.20481e-20
-1.6668e-20
1.51983e-20
-8.02637e-21
5.25187e-21
-3.86672e-21
1.66435e-21
-1.86369e-21
4.25056e-22
-9.00876e-22
3.68603e-23
-4.35881e-22
-3.15669e-22
-2.13947e-22
-3.64302e-22
-1.07656e-22
-2.93744e-22
-5.54399e-23
-2.14856e-22
-2.84419e-23
-1.51606e-22
-1.43556e-23
-1.0205e-22
-7.11858e-24
-6.58923e-23
-3.33097e-24
-4.15929e-23
-1.40689e-24
-2.46429e-23
-5.47082e-25
-1.31298e-23
-1.97952e-25
-6.64002e-24
-8.7696e-26
-3.30572e-24
-4.77628e-26
-2.26962e-24
-2.6039e-28
-2.15644e-24
-2.2774e-26
1.18706e-09
-8.05672e-09
-2.25855e-12
-1.86815e-09
2.24566e-12
-2.33175e-11
3.2906e-12
-2.72542e-12
1.68215e-13
1.01926e-12
5.35929e-15
1.18935e-13
2.43842e-16
5.25416e-15
1.284e-16
2.80176e-16
6.29509e-17
2.21957e-16
2.66205e-17
1.84377e-16
2.61681e-18
1.50866e-16
-1.27231e-17
1.3045e-16
-1.45131e-17
1.12701e-16
-8.72887e-18
5.83532e-17
-4.51223e-18
2.21048e-17
-2.25261e-18
8.08398e-18
-1.12568e-18
3.01507e-18
-5.67702e-19
1.1554e-18
-2.87247e-19
4.50351e-19
-1.45804e-19
1.74939e-19
-7.4106e-20
6.66249e-20
-3.78152e-20
2.42453e-20
-1.92869e-20
8.0569e-21
-9.82981e-21
2.11974e-21
-5.00687e-21
1.39921e-22
-2.54834e-21
-1.81115e-21
-1.31743e-21
-2.09385e-21
-7.03295e-22
-1.75521e-21
-3.85203e-22
-1.35602e-21
-2.08033e-22
-1.01217e-21
-1.09652e-22
-7.10616e-22
-5.69059e-23
-4.74828e-22
-2.77075e-23
-3.12066e-22
-1.2052e-23
-1.91678e-22
-4.89988e-24
-1.04717e-22
-1.88268e-24
-5.54528e-23
-8.96132e-25
-2.94426e-23
-4.95785e-25
-2.17393e-23
-2.92897e-27
-2.08807e-23
-2.4229e-25
2.72442e-05
3.80931e-05
5.30998e-05
2.84646e-05
3.5461e-05
3.55226e-05
4.65699e-05
4.19909e-05
3.8762e-05
3.28945e-05
3.91199e-05
4.6212e-05
3.99892e-05
3.103e-05
3.35813e-05
4.55278e-05
4.06497e-05
2.99065e-05
3.05359e-05
4.36951e-05
4.11324e-05
2.93678e-05
2.93819e-05
4.22864e-05
4.15678e-05
2.93201e-05
2.94191e-05
4.15307e-05
4.22352e-05
2.9684e-05
3.01576e-05
4.14968e-05
4.32368e-05
3.00606e-05
3.11006e-05
4.22938e-05
4.40457e-05
3.16625e-05
4.34838e-05
3.18388e-05
4.4347e-05
3.26143e-05
4.53601e-05
3.393e-05
4.81385e-05
2.64618e-05
5.06452e-05
6.70352e-07
2.85533e-05
2.53186e-08
7.68183e-07
-2.99287e-09
4.27965e-08
3.51235e-10
8.16587e-09
-2.5649e-12
1.30281e-09
1.63121e-13
1.71116e-11
-8.23148e-16
3.01397e-13
-5.96708e-15
4.32952e-14
-4.63433e-16
1.4077e-14
3.63399e-18
6.27788e-16
1.31732e-17
-1.41043e-17
1.02112e-17
-3.99794e-17
7.75661e-19
-2.64707e-17
-6.37388e-18
-1.84399e-18
-5.38576e-18
1.46395e-17
-4.77318e-18
1.23278e-17
-4.54956e-18
1.11117e-17
-4.67964e-18
1.0885e-17
1.15343e-17
-2.30647e-08
2.84438e-05
-2.04434e-08
2.56072e-09
1.47447e-08
-3.85256e-08
6.10111e-09
4.53437e-09
3.08109e-05
3.99791e-05
3.31479e-06
2.40258e-05
-1.34977e-07
2.09709e-06
-1.53168e-07
-5.95167e-09
5.00524e-05
3.61394e-05
4.53427e-05
2.8733e-05
2.34807e-05
1.77187e-05
4.89177e-06
1.08234e-06
5.05099e-05
3.11574e-05
5.27315e-05
2.65113e-05
5.23303e-05
1.81174e-05
8.90055e-06
3.76237e-05
4.66858e-05
2.81666e-05
4.80172e-05
2.518e-05
4.92203e-05
1.69142e-05
5.96021e-06
3.54048e-05
4.33332e-05
2.71198e-05
4.30049e-05
2.55083e-05
4.22008e-05
1.77183e-05
3.39274e-06
1.29045e-05
4.12734e-05
2.7377e-05
3.96914e-05
2.70903e-05
3.4672e-05
2.27377e-05
7.01802e-06
4.59436e-06
4.03895e-05
2.84843e-05
3.83987e-05
2.9081e-05
3.17413e-05
2.93952e-05
1.96682e-05
7.63022e-06
4.08225e-05
2.99556e-05
3.89724e-05
3.09311e-05
3.46706e-05
3.3697e-05
3.41494e-05
2.01896e-05
4.22736e-05
3.11658e-05
4.07249e-05
3.24798e-05
3.89669e-05
3.5455e-05
3.98639e-05
3.32524e-05
4.38406e-05
3.16721e-05
4.29601e-05
3.33603e-05
4.25908e-05
3.58243e-05
4.02633e-05
4.21914e-05
4.50679e-05
3.19643e-05
4.48977e-05
3.35305e-05
4.51742e-05
3.55478e-05
3.86883e-05
4.67493e-05
4.71337e-05
3.29691e-05
4.67901e-05
3.38741e-05
4.71253e-05
3.52127e-05
3.7122e-05
4.86915e-05
5.08827e-05
3.27324e-05
5.01396e-05
3.46173e-05
4.9815e-05
3.55372e-05
3.64776e-05
5.04594e-05
4.57627e-05
9.0957e-06
5.28919e-05
2.74842e-05
5.38024e-05
3.46131e-05
3.63564e-05
5.39234e-05
7.82358e-06
1.24614e-07
3.01862e-05
6.49272e-07
4.82325e-05
7.87036e-06
2.70635e-05
5.60045e-05
1.68753e-07
-1.08459e-09
7.79091e-07
3.79278e-08
6.63775e-06
1.39117e-07
4.12786e-07
2.60994e-05
7.89852e-09
-6.75948e-10
4.49636e-08
9.12185e-10
1.75201e-07
8.39615e-09
3.62166e-08
5.48131e-07
7.1351e-10
5.11674e-12
1.59629e-09
3.02357e-11
9.56799e-09
2.61219e-10
1.3773e-09
4.40365e-08
2.00181e-11
7.11132e-14
4.64112e-11
7.81438e-13
3.17943e-10
7.79099e-12
8.66286e-11
1.60722e-09
3.50431e-13
-2.12489e-15
1.15778e-12
-5.87806e-16
8.90603e-12
9.2982e-14
8.21291e-13
1.02089e-10
5.95544e-15
-1.16251e-15
5.93109e-15
-9.61859e-17
9.87046e-14
-1.45112e-16
-3.32182e-11
3.41135e-11
1.251e-15
-2.32e-16
7.5442e-16
1.43146e-16
2.81326e-15
-3.05725e-15
-2.29976e-09
2.26655e-09
5.41031e-16
1.28175e-17
-5.48879e-16
2.27644e-17
2.12881e-13
-2.16499e-13
-2.11151e-09
3.65336e-08
-4.40813e-17
2.64355e-17
-6.07013e-17
3.83734e-17
5.83624e-12
-6.05281e-12
-9.73603e-12
1.45176e-08
-7.40727e-17
2.14864e-17
-8.48455e-17
3.12119e-17
1.04491e-11
3.1273e-17
1.80769e-17
7.12913e-13
-5.29012e-17
4.91111e-18
-6.38012e-17
8.33133e-18
-4.88643e-17
8.25725e-18
4.05828e-18
-2.2394e-17
-1.12836e-17
-8.81319e-18
-1.67237e-17
-1.18298e-17
-1.33554e-17
-1.35852e-17
-1.20782e-17
-4.94395e-18
2.00313e-17
-7.73163e-18
2.44118e-17
-1.1385e-17
2.45026e-17
-1.51898e-17
-1.7191e-17
1.77887e-17
1.80897e-17
-6.61334e-18
2.52181e-17
-9.58924e-18
3.13544e-17
-1.40999e-17
-2.02766e-17
3.257e-17
1.62382e-17
-6.08713e-18
2.32774e-17
-8.28252e-18
3.37741e-17
-1.08426e-17
-1.37296e-17
4.88028e-17
1.58085e-17
-6.0743e-18
2.20941e-17
-7.96648e-18
3.00282e-17
-9.89988e-18
-1.15409e-17
4.05148e-17
1.66451e-17
2.31178e-17
3.10053e-17
4.04119e-17
2.10889e-10
2.06905e-09
-3.34647e-11
1.07962e-09
1.16072e-10
-2.19264e-10
3.07421e-10
-2.4212e-10
1.65473e-11
1.66292e-10
2.42065e-13
1.01154e-11
2.36465e-15
2.41756e-13
3.03248e-16
2.23644e-15
8.04367e-17
3.9985e-16
2.30819e-17
2.29155e-16
-1.83314e-17
2.86165e-16
-6.00522e-17
1.04869e-15
-4.30615e-17
4.25113e-16
-2.5606e-17
1.59525e-16
-1.25175e-17
6.25561e-17
-6.3725e-18
2.212e-17
-3.36364e-18
8.52046e-18
-1.81523e-18
3.47591e-18
-9.87201e-19
1.45614e-18
-5.37973e-19
6.08726e-19
-2.92884e-19
2.48405e-19
-1.5971e-19
9.62303e-20
-8.67473e-20
3.37125e-20
-4.68746e-20
9.0966e-21
-2.51909e-20
2.96051e-22
-1.35065e-20
-9.39259e-21
-7.36595e-21
-1.08577e-20
-4.18235e-21
-9.44937e-21
-2.43377e-21
-7.71005e-21
-1.37497e-21
-6.06075e-21
-7.51635e-22
-4.40475e-21
-4.06838e-22
-3.02643e-21
-2.05675e-22
-2.06539e-21
-9.1855e-23
-1.31345e-21
-3.91521e-23
-7.3426e-22
-1.6045e-23
-4.08747e-22
-8.19998e-24
-2.32568e-22
-4.58093e-24
-1.84282e-22
-2.9718e-26
-1.77858e-22
-2.30062e-24
-4.49951e-09
-1.86798e-08
-2.07506e-11
-2.02773e-08
1.2542e-09
-1.90311e-09
7.89345e-09
-3.24476e-08
3.22563e-10
3.5328e-09
2.74072e-12
1.5869e-10
4.89231e-14
2.7918e-12
-2.26502e-15
4.94112e-14
2.79321e-16
2.31387e-15
6.4135e-16
1.73509e-14
-1.91257e-16
2.9412e-14
-7.90158e-17
1.80981e-15
-6.90968e-17
4.55103e-16
-4.56425e-17
2.34692e-16
-2.46226e-17
1.06995e-16
-1.41639e-17
4.27212e-17
-8.4099e-18
1.88451e-17
-5.04112e-18
8.7216e-18
-3.00768e-18
4.07693e-18
-1.7791e-18
1.87157e-18
-1.04324e-18
8.26374e-19
-6.09045e-19
3.4182e-19
-3.52155e-19
1.25909e-19
-2.01454e-19
3.434e-20
-1.14069e-19
-2.72543e-21
-6.44346e-20
-4.37368e-20
-3.70876e-20
-5.05011e-20
-2.24222e-20
-4.55282e-20
-1.38129e-20
-3.91378e-20
-8.10783e-21
-3.21876e-20
-4.57031e-21
-2.40549e-20
-2.57474e-21
-1.69243e-20
-1.35034e-21
-1.19748e-20
-6.18277e-22
-7.88104e-21
-2.7748e-22
-4.50555e-21
-1.21887e-22
-2.65048e-21
-6.67313e-23
-1.62368e-21
-3.74309e-23
-1.37533e-21
-2.70913e-25
-1.32711e-21
-1.9468e-23
-5.92998e-08
-1.40909e-06
-1.26871e-09
-3.48915e-07
1.78431e-08
-5.52756e-08
8.12324e-08
-4.49398e-07
5.11078e-10
1.30136e-08
1.44262e-11
6.3428e-10
6.94363e-13
1.61297e-11
6.53375e-15
7.29132e-13
-1.33179e-17
1.0259e-14
1.72438e-17
4.65865e-14
-7.4195e-16
4.39975e-14
-8.6735e-17
2.66057e-15
-8.66577e-17
4.10868e-16
-6.4063e-17
2.68132e-16
-4.22688e-17
1.4273e-16
-2.88047e-17
7.12764e-17
-1.95346e-17
3.77613e-17
-1.30298e-17
2.01453e-17
-8.4943e-18
1.05266e-17
-5.42353e-18
5.28261e-18
-3.40654e-18
2.50578e-18
-2.117e-18
1.09671e-18
-1.29684e-18
4.19652e-19
-7.82324e-19
1.12642e-19
-4.65697e-19
-4.12199e-20
-2.77195e-19
-1.82212e-19
-1.6827e-19
-2.10344e-19
-1.08211e-19
-1.95781e-19
-7.01821e-20
-1.76354e-19
-4.25519e-20
-1.50625e-19
-2.46506e-20
-1.15249e-19
-1.44405e-20
-8.29644e-20
-7.8585e-21
-6.08121e-20
-3.68889e-21
-4.14201e-20
-1.75304e-21
-2.42453e-20
-8.29322e-22
-1.51696e-20
-4.84563e-22
-1.00469e-20
-2.71727e-22
-9.04976e-21
-2.23589e-24
-8.71996e-21
-1.49059e-22
2.84387e-07
1.64238e-06
-1.27429e-07
-3.12656e-07
-7.16609e-09
-4.07914e-07
-2.2966e-10
-4.24549e-07
-6.0721e-10
7.3666e-09
-7.50481e-12
4.95189e-11
5.7445e-13
7.64691e-11
2.25979e-13
3.81778e-11
1.97087e-16
2.32138e-13
-3.04784e-15
3.24175e-14
-2.47961e-16
4.84424e-14
-1.11397e-16
1.64818e-15
-1.12629e-16
4.44362e-16
-9.44409e-17
3.16537e-16
-7.4684e-17
1.98548e-16
-5.79777e-17
1.21505e-16
-4.35341e-17
7.43048e-17
-3.16254e-17
4.43317e-17
-2.21893e-17
2.53387e-17
-1.5135e-17
1.36846e-17
-1.01065e-17
6.88785e-18
-6.64507e-18
3.14856e-18
-4.29587e-18
1.23177e-18
-2.72724e-18
3.12443e-19
-1.70555e-18
-2.4748e-19
-1.07137e-18
-6.7492e-19
-6.84926e-19
-7.81541e-19
-4.66675e-19
-7.47736e-19
-3.16697e-19
-6.99205e-19
-1.97718e-19
-6.16019e-19
-1.17713e-19
-4.81857e-19
-7.17049e-20
-3.56073e-19
-4.0521e-20
-2.70188e-19
-1.9536e-20
-1.90403e-19
-9.90029e-21
-1.14524e-19
-5.06746e-21
-7.67691e-20
-3.14356e-21
-5.51446e-20
-1.76166e-21
-5.25372e-20
-1.69694e-23
-5.12855e-20
-1.10788e-21
1.08412e-06
2.6035e-07
-1.28009e-07
3.04818e-07
-1.25515e-07
-3.21364e-07
-7.31567e-09
-4.35054e-07
-2.47612e-11
7.81634e-11
-1.56102e-12
2.32677e-11
1.78229e-12
8.56459e-11
-3.14105e-12
8.6966e-11
-3.58455e-14
2.29803e-11
-5.02326e-15
1.5134e-15
-3.83734e-16
1.11743e-14
-1.52026e-16
1.05692e-15
-1.5122e-16
5.15753e-16
-1.41776e-16
3.95369e-16
-1.26646e-16
2.83452e-16
-1.07802e-16
1.97444e-16
-8.77599e-17
1.34038e-16
-6.87188e-17
8.79633e-17
-5.16157e-17
5.4373e-17
-3.75114e-17
3.13765e-17
-2.66128e-17
1.66779e-17
-1.85135e-17
7.87886e-18
-1.26648e-17
3.10532e-18
-8.49545e-18
6.96206e-19
-5.56322e-18
-1.08947e-18
-3.70037e-18
-2.20628e-18
-2.48509e-18
-2.58255e-18
-1.78016e-18
-2.52251e-18
-1.25749e-18
-2.41574e-18
-8.08168e-19
-2.18563e-18
-4.96708e-19
-1.74793e-18
-3.14717e-19
-1.33659e-18
-1.84793e-19
-1.04824e-18
-9.19265e-20
-7.63314e-19
-5.00719e-20
-4.75086e-19
-2.78192e-20
-3.43796e-19
-1.8232e-20
-2.68295e-19
-1.03739e-20
-2.70446e-19
-1.27213e-22
-2.90565e-19
-1.06605e-20
-9.51263e-08
6.53803e-08
-8.18613e-09
9.53391e-08
-4.08905e-08
-7.43924e-10
-1.79438e-10
-7.41603e-08
-5.07221e-12
-9.89191e-11
8.26918e-13
1.49381e-11
-2.06027e-11
1.12312e-10
-8.10172e-12
7.97016e-11
-2.02609e-15
1.77739e-11
-6.43366e-16
9.7012e-17
-2.38428e-16
1.19558e-15
-1.96054e-16
8.66207e-16
-2.01041e-16
5.79948e-16
-1.98657e-16
4.73692e-16
-1.89022e-16
3.72308e-16
-1.73221e-16
2.84339e-16
-1.52039e-16
2.10229e-16
-1.28115e-16
1.50031e-16
-1.03101e-16
9.96211e-17
-8.00727e-17
6.14909e-17
-6.09356e-17
3.46616e-17
-4.54149e-17
1.67626e-17
-3.32727e-17
6.55049e-18
-2.37943e-17
1.11747e-18
-1.60313e-17
-3.94762e-18
-1.13709e-17
-6.31881e-18
-7.98299e-18
-7.61146e-18
-5.94041e-18
-7.47079e-18
-4.35614e-18
-7.21474e-18
-2.88702e-18
-6.69897e-18
-1.84916e-18
-5.47017e-18
-1.21835e-18
-4.38494e-18
-7.43324e-19
-3.5413e-18
-3.84558e-19
-2.65873e-18
-2.27027e-19
-1.73223e-18
-1.37182e-19
-1.36238e-18
-9.50691e-20
-1.15692e-18
-5.97858e-20
-1.27912e-18
-1.25899e-21
-2.03343e-18
-1.94076e-19
-5.52755e-08
1.82073e-07
-4.05658e-09
7.79644e-08
1.75631e-09
5.16175e-09
-9.1659e-10
-6.34562e-09
-7.47358e-10
-1.04079e-08
-2.17137e-11
1.65068e-09
-4.59153e-11
8.52372e-11
-1.02479e-11
3.41636e-11
-3.68042e-16
2.66461e-13
-2.98754e-16
1.87303e-17
-2.18756e-16
9.44439e-16
-2.19462e-16
7.90061e-16
-2.21433e-16
6.14733e-16
-2.4149e-16
5.51911e-16
-2.54854e-16
4.61927e-16
-2.44634e-16
3.53042e-16
-2.25564e-16
2.8115e-16
-2.05087e-16
2.2405e-16
-1.75932e-16
1.59142e-16
-1.45581e-16
1.02859e-16
-1.21982e-16
6.15802e-17
-1.0077e-16
3.02028e-17
-7.91355e-17
1.14797e-17
-6.0256e-17
7.49423e-19
-4.04715e-17
-1.13781e-17
-3.11349e-17
-1.58284e-17
-2.25415e-17
-2.01944e-17
-1.71878e-17
-1.91811e-17
-1.31025e-17
-1.85258e-17
-8.95965e-18
-1.77389e-17
-6.0683e-18
-1.46991e-17
-4.14916e-18
-1.25645e-17
-2.62821e-18
-1.03739e-17
-1.43241e-18
-8.01615e-18
-9.23492e-19
-5.56357e-18
-6.08055e-19
-4.77632e-18
-4.62295e-19
-4.4713e-18
-4.33146e-19
-6.58613e-18
-2.41007e-20
-2.32828e-17
-5.09622e-18
-4.2259e-09
1.82477e-06
1.17943e-08
4.89316e-08
4.68351e-09
3.1325e-09
-7.61969e-09
3.01025e-09
-2.37746e-07
1.14118e-07
-2.09643e-11
9.2601e-08
-2.08926e-12
2.57777e-11
-1.88912e-13
3.21707e-11
-1.97308e-16
9.45937e-14
-1.86842e-16
8.33612e-18
-1.75815e-16
4.1575e-16
-3.56759e-17
4.28852e-16
-2.63821e-16
7.40883e-16
-2.74276e-16
4.7243e-16
-3.00705e-16
4.84439e-16
-2.84575e-16
4.04424e-16
-2.78603e-16
3.32293e-16
-2.68703e-16
2.93414e-16
-2.44777e-16
1.99676e-16
-2.30702e-16
1.39417e-16
-2.31962e-16
9.99407e-17
-2.20775e-16
5.27324e-17
-1.61312e-16
1.46721e-17
-1.27727e-16
-3.00966e-18
-8.91749e-17
-2.1743e-17
-7.63695e-17
-3.41789e-17
-5.51004e-17
-4.63327e-17
-4.27809e-17
-4.14174e-17
-3.41954e-17
-4.05288e-17
-2.4052e-17
-4.04553e-17
-1.75577e-17
-3.38343e-17
-1.23888e-17
-3.14025e-17
-8.14779e-18
-2.6166e-17
-4.7677e-18
-2.08825e-17
-3.37398e-18
-1.5813e-17
-2.45299e-18
-1.48533e-17
-2.48776e-18
-1.67639e-17
-5.23678e-18
-5.35545e-17
-6.81972e-19
-3.53935e-16
-1.32999e-16
2.70213e-07
1.79755e-05
8.34187e-09
3.0158e-07
2.04474e-09
6.41457e-09
-2.86204e-09
4.94233e-09
-5.76967e-09
1.14777e-07
-2.33461e-09
8.8397e-08
-2.33322e-08
2.09939e-08
-1.51261e-11
-2.32936e-08
1.62068e-16
-1.73054e-11
7.34288e-16
-8.89417e-16
5.66626e-15
-5.86187e-15
1.72649e-14
-2.4812e-14
8.18171e-16
-3.10186e-14
5.96963e-16
-1.30864e-15
-1.00939e-16
-7.24946e-16
-3.14455e-16
6.83842e-17
-3.36773e-16
3.16662e-16
-3.17328e-16
3.84044e-16
-3.18293e-16
2.32643e-16
-3.04159e-16
1.61246e-16
-3.21982e-16
1.2997e-16
-2.61193e-16
4.87914e-17
-2.18176e-16
1.19481e-18
-1.85875e-16
-6.42153e-18
-1.69807e-16
-4.52267e-17
-1.5992e-16
-4.87362e-17
-1.12293e-16
-7.40526e-17
-9.00515e-17
-7.48102e-17
-7.68311e-17
-7.31932e-17
-5.56388e-17
-7.66084e-17
-4.47647e-17
-6.66978e-17
-3.22646e-17
-6.81532e-17
-2.21616e-17
-5.61432e-17
-1.4285e-17
-4.71014e-17
-1.11297e-17
-4.00435e-17
-9.7688e-18
-4.205e-17
-2.15345e-17
-8.27171e-17
-8.59458e-17
-4.63265e-16
-1.96933e-17
-4.90348e-16
-3.28722e-16
9.52866e-06
4.61403e-05
-1.49229e-08
2.17018e-05
-9.29731e-08
7.51541e-08
-1.59007e-06
1.49897e-06
-6.48429e-06
1.53528e-05
-2.46814e-06
2.58642e-05
-1.02249e-06
7.30478e-06
-1.85073e-09
-5.41411e-07
7.94813e-16
-1.90737e-09
1.98619e-15
-2.54373e-16
9.06519e-15
-4.86463e-15
1.68231e-14
-1.55405e-14
1.64126e-14
-1.62027e-14
4.35268e-15
-6.82938e-14
1.0308e-14
-9.11248e-15
7.03564e-15
-5.60422e-15
-1.40263e-16
-5.17147e-15
-4.9525e-17
4.30567e-17
-3.99764e-17
3.20211e-17
-3.84777e-17
4.10706e-17
-4.66436e-17
2.15949e-17
-1.79073e-16
6.59018e-17
-2.70899e-16
2.26156e-16
-3.07291e-16
-6.89522e-17
-2.17751e-16
-2.73396e-16
-2.30283e-16
-7.30498e-17
-1.89821e-16
-1.63146e-16
-1.53769e-16
-2.02296e-16
-1.41628e-16
-9.62086e-17
-1.0977e-16
-1.09259e-16
-9.96167e-17
-1.10118e-16
-7.24023e-17
-1.2568e-16
-5.31353e-17
-1.0044e-16
-3.89407e-17
-9.24245e-17
-3.41422e-17
-9.10694e-17
-5.22709e-17
-1.26052e-16
-1.74283e-16
-4.06025e-16
-1.15804e-15
1.93767e-18
-3.33865e-16
-4.00637e-15
-2.41107e-15
3.74627e-05
5.08679e-05
1.8234e-05
5.45305e-05
2.77105e-06
3.90031e-05
3.42001e-06
3.34873e-05
1.25079e-05
4.8346e-05
1.2518e-05
5.0984e-05
2.91991e-07
4.10195e-05
-6.39193e-08
2.53234e-05
-7.74128e-08
1.06505e-08
-1.32559e-10
-7.72803e-08
-1.53328e-09
1.40073e-09
-2.06893e-08
1.91561e-08
2.92799e-14
-2.06894e-08
2.02524e-14
-2.07856e-14
7.41552e-15
-1.1334e-14
4.40999e-16
-6.99631e-17
-8.68136e-17
-7.4233e-16
-1.4848e-15
1.09044e-15
-2.66881e-14
1.40046e-14
-7.60431e-13
1.56426e-13
-3.2861e-12
2.30076e-12
-2.04735e-13
1.39924e-13
-5.91536e-15
-1.92992e-13
-2.39553e-15
-1.95168e-15
-3.00057e-16
-2.61662e-15
-4.72693e-16
-5.27521e-16
-4.97026e-16
-2.55979e-16
-1.90703e-16
-6.22239e-16
-1.93925e-16
-4.24796e-16
-1.79143e-16
-2.35252e-16
-1.86867e-16
-1.28707e-16
-1.36189e-16
-1.75695e-16
-1.12517e-16
-1.46136e-16
-9.74198e-17
-1.5693e-16
-1.13558e-16
-1.91526e-16
-2.96281e-16
-5.90737e-16
-5.01775e-16
-3.64413e-16
-2.50151e-14
1.76354e-14
-1.30891e-14
-6.92955e-14
-5.52991e-14
4.95731e-05
4.80437e-05
5.16525e-05
5.24514e-05
4.72036e-05
5.63273e-05
4.82112e-05
5.9341e-05
5.63105e-05
5.75888e-05
5.71056e-05
5.03335e-05
5.21199e-05
4.6054e-05
3.5077e-05
4.50224e-05
3.25694e-07
3.95675e-05
-5.01534e-06
1.94162e-05
-4.31633e-06
1.52635e-05
-3.82907e-06
1.54091e-05
-1.81861e-08
1.0298e-05
-1.21448e-07
1.03262e-07
-1.10473e-07
-5.2712e-08
7.80872e-13
-1.10474e-07
-2.93324e-15
-2.85338e-13
-7.45419e-14
7.26997e-14
-1.63399e-12
1.53138e-12
-2.18441e-12
-9.36377e-12
-1.51129e-11
2.93812e-11
-2.31743e-12
8.86833e-12
-3.61847e-12
-6.52605e-12
-2.62472e-13
1.46335e-12
-1.14925e-14
-2.63582e-13
-9.73025e-15
-1.74505e-15
-1.62751e-14
8.90853e-15
-1.21812e-15
-1.53203e-14
-4.22851e-16
-9.87407e-16
-2.14602e-16
-6.89828e-16
-2.64303e-16
-1.54429e-16
-2.07901e-16
-3.86541e-16
-2.07933e-16
-1.7673e-16
-2.29547e-16
-2.21525e-16
-6.04176e-16
-4.47811e-16
-2.34934e-16
-4.58816e-16
-8.04925e-15
4.07361e-17
-4.48793e-13
3.43357e-13
-4.32868e-13
-1.08784e-12
-1.49398e-12
5.23016e-05
4.44336e-05
5.69867e-05
4.7766e-05
6.22051e-05
5.11373e-05
6.81636e-05
5.34506e-05
7.33309e-05
5.24704e-05
7.53291e-05
4.83483e-05
7.60295e-05
4.53575e-05
7.4945e-05
4.61106e-05
6.48115e-05
4.97014e-05
3.99612e-05
5.06815e-05
2.64325e-05
5.04237e-05
2.12902e-05
4.79796e-05
1.26618e-05
4.34137e-05
3.84599e-07
3.82993e-05
-7.54218e-06
2.64221e-05
-3.29422e-09
8.85316e-06
-1.12183e-08
7.92377e-09
-1.10832e-07
9.9615e-08
-1.89833e-08
-9.18239e-08
-1.6865e-10
-1.82221e-08
-1.51515e-09
1.40229e-09
-2.07231e-11
4.71518e-09
-1.5325e-10
7.12708e-12
-4.18058e-11
6.36341e-11
-1.08549e-12
-4.15574e-11
-1.00223e-12
-3.63155e-15
-2.05333e-12
1.22482e-12
-9.99195e-14
-1.94811e-12
-2.44529e-14
-6.97243e-14
-6.63567e-16
-2.40422e-14
-6.27724e-16
-2.83379e-16
-2.73571e-16
-8.752e-16
-3.30874e-16
-1.90533e-16
-6.22836e-16
-2.57495e-16
-2.95949e-16
-3.87348e-16
-2.58325e-15
-3.78931e-15
-9.33414e-14
1.56716e-14
-6.98632e-12
5.53666e-12
-1.15327e-11
-1.28602e-11
-3.45048e-11
5.27008e-05
4.21921e-05
5.63906e-05
4.40761e-05
6.14718e-05
4.60579e-05
6.75271e-05
4.73996e-05
7.29291e-05
4.70721e-05
7.62577e-05
4.50207e-05
7.85601e-05
4.30553e-05
8.13554e-05
4.33156e-05
8.41619e-05
4.6895e-05
8.39238e-05
5.09246e-05
8.22571e-05
5.21346e-05
8.04262e-05
4.9862e-05
7.77528e-05
4.61288e-05
7.18972e-05
4.41941e-05
5.7639e-05
4.28576e-05
3.26676e-05
4.06269e-05
9.60851e-06
3.75877e-05
-2.54313e-06
3.06177e-05
-3.36994e-06
1.76867e-05
-3.13131e-08
4.83684e-06
-2.17967e-07
1.88089e-07
-5.86347e-11
9.26851e-08
-1.97949e-10
9.37692e-10
-1.70037e-09
2.04656e-09
-2.23775e-11
-1.65145e-09
-4.71862e-11
2.91484e-11
-1.72074e-10
1.19042e-10
-8.82202e-12
-1.55179e-10
-1.71579e-12
-1.89533e-11
-2.71646e-14
-1.68545e-12
-1.82872e-14
-8.6064e-15
-5.15634e-16
-1.83295e-14
-5.05683e-16
-3.71539e-16
-4.19099e-16
-4.77411e-16
-1.27137e-15
-1.40736e-15
-2.2865e-14
-2.33758e-14
-1.25993e-12
2.45281e-13
-9.56265e-11
7.94258e-11
-2.5029e-10
-8.42927e-11
-6.58471e-10
5.47129e-05
4.14025e-05
5.66698e-05
4.21193e-05
5.99147e-05
4.28135e-05
6.40936e-05
4.32212e-05
6.82745e-05
4.28916e-05
7.15112e-05
4.17842e-05
7.39785e-05
4.05881e-05
7.69169e-05
4.03772e-05
8.17011e-05
4.21108e-05
8.76145e-05
4.50118e-05
9.28791e-05
4.68722e-05
9.63818e-05
4.63601e-05
9.82018e-05
4.43114e-05
9.92011e-05
4.31976e-05
9.82922e-05
4.37694e-05
9.37451e-05
4.51785e-05
8.49555e-05
4.63924e-05
7.15505e-05
4.56287e-05
5.13856e-05
4.23771e-05
2.53383e-05
3.86922e-05
3.68848e-06
3.42301e-05
-3.37804e-06
1.9967e-05
-6.49967e-07
3.68818e-06
-3.78279e-08
-2.06141e-06
-3.60113e-10
-3.20631e-08
-3.14126e-09
3.11318e-09
-9.1638e-09
6.2145e-09
-4.8226e-10
-9.25668e-09
-1.18404e-10
-1.91911e-11
-2.46421e-12
-1.1662e-10
-2.43886e-12
-1.32822e-15
-1.99209e-14
-2.40008e-12
-3.29741e-15
-1.70682e-14
-3.943e-15
-9.54939e-16
-1.31316e-14
-1.04317e-14
-4.55948e-13
-8.2791e-14
-1.59742e-11
1.40996e-12
-1.15805e-09
8.60723e-10
-4.53728e-09
6.86835e-10
-1.03268e-08
5.82378e-05
3.9169e-05
5.94687e-05
4.08891e-05
6.12447e-05
4.1038e-05
6.36378e-05
4.08285e-05
6.62979e-05
4.02317e-05
6.87546e-05
3.93276e-05
7.08711e-05
3.84716e-05
7.31163e-05
3.81321e-05
7.65198e-05
3.87074e-05
8.14835e-05
4.00482e-05
8.70933e-05
4.12626e-05
9.20224e-05
4.14312e-05
9.57123e-05
4.06217e-05
9.89148e-05
3.99953e-05
0.000102156
4.05277e-05
0.000104986
4.23492e-05
0.000106667
4.47131e-05
0.000105978
4.63202e-05
0.000101746
4.66144e-05
9.40438e-05
4.64095e-05
8.26692e-05
4.56187e-05
6.29275e-05
4.21059e-05
3.32691e-05
3.70971e-05
1.8308e-06
3.06213e-05
-1.36609e-06
1.2527e-05
-2.25247e-07
2.0323e-06
-8.26727e-08
-5.51835e-07
-4.22018e-09
-8.63565e-08
-1.28869e-09
-1.53865e-10
-3.88211e-11
-1.35099e-09
-8.76792e-11
-2.94888e-11
-1.09824e-12
-9.43054e-11
-9.75214e-14
-9.8094e-13
-1.05957e-13
-1.20162e-14
-1.81842e-13
-2.49715e-13
-2.55485e-11
1.77676e-11
-8.77902e-10
7.19504e-10
-1.2344e-08
2.17775e-09
-6.59308e-08
2.99042e-08
-1.29327e-07
4.87186e-05
4.75141e-06
5.66434e-05
2.06312e-05
6.3175e-05
3.4506e-05
6.55627e-05
3.84413e-05
6.75338e-05
3.82609e-05
6.94445e-05
3.74169e-05
7.12613e-05
3.66548e-05
7.30983e-05
3.62951e-05
7.53534e-05
3.64523e-05
7.83964e-05
3.70053e-05
8.20748e-05
3.75843e-05
8.57384e-05
3.77677e-05
8.88655e-05
3.74948e-05
9.16655e-05
3.71954e-05
9.4766e-05
3.74273e-05
9.8597e-05
3.85184e-05
0.000103028
4.02821e-05
0.000107262
4.20863e-05
0.0001104
4.34769e-05
0.000112293
4.45168e-05
0.000112313
4.55992e-05
0.000108043
4.63784e-05
9.79214e-05
4.72215e-05
8.18011e-05
4.67391e-05
5.6937e-05
4.12423e-05
3.09104e-05
3.3524e-05
2.71411e-06
1.6094e-05
-2.11248e-07
-3.44732e-06
-3.66253e-08
-1.72142e-07
-1.09473e-09
-3.62012e-08
-2.79943e-09
1.57062e-10
-4.97603e-11
-2.85744e-09
-3.59959e-12
-5.74128e-11
-3.16017e-12
-7.79388e-13
-6.85162e-12
-5.54874e-13
-4.06367e-10
3.56324e-10
-1.24256e-08
1.12256e-08
-1.93132e-07
-8.97079e-08
-2.91806e-07
-1.31212e-06
-8.16781e-07
3.34658e-06
1.11094e-07
1.63874e-05
2.90166e-07
3.60876e-05
6.74088e-07
5.21874e-05
5.94789e-06
6.1826e-05
1.46684e-05
6.8185e-05
2.12416e-05
7.1196e-05
2.60637e-05
7.43415e-05
3.31497e-05
7.65358e-05
3.42581e-05
7.88216e-05
3.47195e-05
8.13094e-05
3.50966e-05
8.3799e-05
3.52782e-05
8.60336e-05
3.52603e-05
8.80048e-05
3.52243e-05
9.00013e-05
3.54309e-05
9.24693e-05
3.60505e-05
9.56822e-05
3.70693e-05
9.95286e-05
3.824e-05
0.000103656
3.93497e-05
0.000107813
4.03598e-05
0.00011172
4.16921e-05
0.000114479
4.36199e-05
0.000115586
4.61144e-05
0.0001139
4.84249e-05
0.000106397
4.87496e-05
9.25743e-05
4.73526e-05
6.49442e-05
4.21618e-05
1.82001e-05
3.22259e-05
-4.35701e-08
1.11853e-05
-8.33903e-08
2.0001e-06
-8.86619e-08
4.91982e-09
-2.42277e-09
-9.05826e-08
-1.39246e-10
-2.29554e-09
-2.86009e-11
-1.14444e-10
-1.38344e-10
1.111e-11
-1.40261e-09
1.52042e-09
-2.9715e-08
3.71391e-08
-5.4876e-07
-1.64769e-07
-9.4955e-07
-6.58802e-06
-3.90106e-06
1.54951e-07
3.78669e-09
4.05872e-07
3.24736e-08
9.80091e-07
8.80188e-08
3.84647e-06
2.00057e-07
1.07658e-05
3.16487e-07
1.9832e-05
1.55616e-07
2.99963e-05
6.07412e-08
4.17748e-05
7.73491e-07
5.25716e-05
4.07158e-06
6.22459e-05
8.47414e-06
7.04589e-05
1.32668e-05
7.71526e-05
1.76243e-05
8.27455e-05
2.1219e-05
8.59824e-05
2.51201e-05
8.88904e-05
3.2523e-05
9.07135e-05
3.42275e-05
9.26451e-05
3.51379e-05
9.49173e-05
3.5968e-05
9.7541e-05
3.67261e-05
0.000100476
3.74252e-05
0.000103777
3.83906e-05
0.000107479
3.99187e-05
0.000111508
4.20848e-05
0.000115225
4.47088e-05
0.00011673
4.72432e-05
0.000114476
4.96071e-05
0.000104832
5.18044e-05
8.47969e-05
5.22434e-05
4.8371e-05
4.75343e-05
1.69776e-05
3.6189e-05
8.00288e-07
1.25336e-05
-1.28428e-07
-3.06351e-06
-4.2234e-09
-1.27216e-07
-1.82027e-11
-4.28714e-09
-1.46724e-10
3.42497e-11
9.42437e-10
5.2124e-10
3.05906e-08
1.11018e-08
3.41062e-07
-9.40802e-08
-2.10791e-06
-3.93903e-06
-9.3117e-05
9.07582e-09
1.29762e-09
4.40232e-08
1.19622e-09
1.1849e-07
6.51672e-09
3.19409e-07
-2.44085e-08
5.44584e-07
5.11512e-08
6.71973e-07
6.62307e-09
6.94335e-07
1.82064e-08
1.00526e-06
2.90547e-08
2.57083e-06
5.05441e-08
5.79569e-06
8.48002e-08
1.08736e-05
1.52062e-07
1.72903e-05
1.78281e-07
2.4878e-05
1.11712e-07
3.46773e-05
3.61587e-08
4.85528e-05
7.09891e-07
6.24848e-05
4.10026e-06
7.47846e-05
9.46971e-06
8.46523e-05
1.56188e-05
9.00757e-05
2.26138e-05
9.59324e-05
3.15686e-05
9.86021e-05
3.57211e-05
0.000101151
3.73702e-05
0.000104312
3.89239e-05
0.000108052
4.09681e-05
0.000111886
4.34095e-05
0.000115118
4.6375e-05
0.000116519
5.04035e-05
0.000114208
5.45523e-05
0.000105638
5.60859e-05
8.96748e-05
5.21449e-05
5.92484e-05
4.34522e-05
1.12326e-05
2.59794e-05
-1.56271e-08
1.51894e-06
2.60563e-08
-5.30144e-08
4.74714e-10
2.57066e-08
1.88127e-10
3.4476e-10
1.755e-08
3.39805e-09
2.04288e-07
-5.77343e-09
5.51664e-07
-3.27799e-07
-0.000157215
1.392e-09
5.54852e-12
9.5035e-08
4.08646e-09
1.74918e-07
1.87649e-08
9.85959e-08
-1.21488e-09
6.28331e-08
1.90376e-08
5.21492e-08
8.87499e-09
5.69989e-08
6.54366e-09
8.01731e-08
1.63815e-09
1.25696e-07
1.87082e-09
2.01943e-07
4.56519e-09
3.22554e-07
2.0002e-08
4.61676e-07
1.95098e-08
5.41731e-07
1.22715e-08
5.58641e-07
8.53609e-09
9.21448e-07
1.97731e-08
2.89367e-06
4.8284e-08
7.65167e-06
1.20631e-07
1.57374e-05
1.92448e-07
2.79358e-05
1.67493e-07
4.66102e-05
3.45293e-07
6.75368e-05
3.22722e-06
8.55418e-05
1.10815e-05
9.57119e-05
2.51761e-05
0.000101618
3.50617e-05
0.000105253
3.97738e-05
0.000108993
4.26354e-05
0.000113235
4.61613e-05
0.000117496
5.02889e-05
0.000119508
5.40711e-05
0.000115646
5.60009e-05
0.000103134
5.5958e-05
7.67625e-05
5.23267e-05
2.89878e-05
4.08311e-05
1.52981e-07
1.62512e-05
6.67131e-08
4.1057e-07
6.8405e-09
5.93061e-08
9.69073e-09
1.62426e-08
3.95125e-08
-2.40529e-08
3.5637e-07
-2.92191e-07
-0.000146481
1.79379e-08
-3.41148e-09
1.14881e-07
-3.81588e-09
1.26806e-07
9.24976e-09
9.8979e-08
2.78359e-08
2.93701e-08
4.40755e-08
8.19877e-09
2.26748e-08
6.23555e-09
2.95191e-09
4.39773e-09
7.88601e-10
4.94362e-09
7.52219e-10
6.88588e-09
2.47696e-09
1.92659e-08
1.09691e-09
1.88872e-08
8.76502e-09
2.12434e-08
8.37133e-11
2.72814e-08
8.20385e-10
4.52426e-08
7.54967e-10
9.1778e-08
8.23271e-10
2.07507e-07
2.32673e-09
3.90471e-07
5.40969e-09
5.40702e-07
1.17077e-08
8.54503e-07
2.33658e-08
2.76163e-06
5.64502e-08
1.08971e-05
1.5331e-07
3.1569e-05
2.5298e-07
5.98638e-05
1.03105e-06
8.64435e-05
8.63216e-06
9.95796e-05
2.8474e-05
0.000106113
3.96264e-05
0.000111195
4.52041e-05
0.000115879
4.93811e-05
0.000118638
5.32341e-05
0.000117328
5.72601e-05
0.00010915
6.04977e-05
9.0928e-05
5.9032e-05
5.57532e-05
5.00609e-05
1.24155e-05
3.1428e-05
1.77812e-08
5.30216e-06
1.11596e-07
-6.58737e-08
1.76413e-07
-9.1309e-08
1.28886e-06
-1.45622e-06
-0.000130102
9.00453e-08
-9.36704e-09
1.06004e-07
-1.77185e-08
1.15721e-07
1.20333e-09
1.22132e-07
2.54869e-08
1.19766e-07
5.08086e-08
1.41691e-08
4.92646e-08
1.53999e-09
4.93872e-09
9.0444e-10
8.42661e-10
1.06511e-09
3.28732e-10
3.08744e-09
5.7034e-10
2.86425e-08
8.33132e-09
2.06276e-08
2.36006e-08
1.85674e-09
9.39862e-09
1.00813e-09
6.10543e-10
1.08445e-09
1.10854e-10
1.65145e-09
1.00537e-10
3.85587e-09
4.21364e-11
9.24966e-09
1.37062e-10
2.04598e-08
2.43797e-10
4.30381e-08
4.2947e-10
9.7734e-08
1.13071e-09
2.45127e-07
4.45729e-09
4.77594e-07
1.55116e-08
1.41154e-06
4.37441e-08
8.98356e-06
1.41818e-07
3.59012e-05
4.01026e-07
7.2863e-05
2.51353e-06
9.66142e-05
2.27383e-05
0.000107243
3.87444e-05
0.000112818
4.76503e-05
0.000116512
5.35588e-05
0.000118039
5.8962e-05
0.000114772
6.2287e-05
0.000103622
6.11867e-05
8.13948e-05
5.3613e-05
3.9733e-05
3.72226e-05
1.42063e-06
1.36659e-05
5.57668e-07
-2.07083e-06
3.96122e-06
-4.97288e-06
-0.000114117
9.2683e-08
-2.37021e-08
6.09712e-08
-1.75353e-08
5.69142e-08
-1.79328e-09
8.13893e-08
2.57431e-09
9.30355e-08
3.85215e-08
8.34139e-09
2.11211e-08
7.78937e-10
3.71998e-09
5.89072e-10
7.6727e-10
4.69371e-10
2.69225e-10
8.66736e-10
1.93056e-10
4.79085e-08
2.45785e-08
4.85136e-08
2.59984e-08
1.1822e-08
2.54777e-08
3.44535e-10
2.07293e-09
8.83491e-11
2.09384e-10
8.30012e-11
7.3143e-12
1.06799e-10
4.38004e-12
2.37804e-10
1.60066e-12
4.69756e-10
7.6804e-12
8.8241e-10
1.19758e-11
1.96835e-09
3.09279e-11
6.34623e-09
1.02627e-10
2.15158e-08
3.11608e-10
6.44274e-08
8.61835e-10
2.02157e-07
4.13769e-09
5.83827e-07
2.04889e-08
3.02132e-06
7.61081e-08
2.60229e-05
4.00428e-07
6.58362e-05
2.13467e-06
9.70081e-05
2.14149e-05
0.000109005
4.15508e-05
0.000114768
5.31873e-05
0.000117874
5.91558e-05
0.000116958
6.20747e-05
0.000109462
6.1083e-05
9.35519e-05
5.30919e-05
6.30231e-05
3.52986e-05
1.48125e-05
6.45594e-06
8.89794e-06
-2.96804e-05
-0.000125339
2.37678e-08
-3.80497e-11
6.97718e-09
-4.48918e-09
2.05828e-09
-4.84076e-10
3.18684e-09
-1.07637e-10
1.3307e-08
3.59097e-10
1.12855e-08
2.19333e-10
3.37471e-10
3.10046e-09
5.01614e-10
3.48064e-10
3.22832e-10
2.79973e-10
2.8747e-10
1.59242e-10
5.72805e-08
4.36983e-08
5.43243e-08
2.59934e-08
1.9443e-08
1.48041e-08
1.14214e-10
2.72068e-09
2.04518e-11
2.26247e-10
7.15302e-12
9.30958e-12
6.07217e-12
3.83743e-13
6.96285e-12
1.74081e-13
1.43467e-11
1.26444e-13
2.58307e-11
4.00968e-13
5.55081e-11
9.63332e-13
1.54782e-10
2.95902e-12
4.5819e-10
8.8104e-12
1.2997e-09
2.50436e-11
5.35269e-09
9.72759e-11
2.55254e-08
4.12905e-10
1.00082e-07
1.81092e-09
4.88131e-07
1.4011e-08
2.56422e-06
6.67987e-08
2.57666e-05
4.61466e-07
7.3621e-05
3.79944e-06
0.000102523
3.14098e-05
0.000111675
4.9971e-05
0.000114693
5.90291e-05
0.000113782
6.1968e-05
0.000107701
5.91527e-05
9.70066e-05
4.59621e-05
7.44423e-05
2.09295e-05
3.57845e-05
-2.70676e-05
-0.000102519
2.50547e-12
-3.92581e-11
1.76336e-09
-1.06088e-09
3.33388e-10
-2.22107e-10
1.23162e-10
-2.28763e-12
4.6539e-10
1.21606e-11
5.80321e-10
6.95783e-11
8.40245e-10
2.76722e-10
3.89473e-10
4.01554e-10
2.30681e-10
1.95273e-10
5.3996e-08
3.90398e-08
6.87817e-08
3.90438e-08
6.30709e-08
3.19622e-08
4.33738e-09
5.39556e-09
-1.42199e-10
7.04597e-10
-6.88266e-13
4.83182e-11
1.18813e-12
3.74554e-12
4.78592e-13
2.86486e-13
4.34248e-13
5.44793e-14
5.18521e-13
3.02848e-14
8.8251e-13
4.05743e-14
1.77056e-12
6.80383e-14
4.59945e-12
1.19904e-13
1.31674e-11
2.88716e-13
3.77077e-11
7.69965e-13
1.33238e-10
3.0008e-12
5.39105e-10
1.1506e-11
2.31372e-09
3.77596e-11
1.62402e-08
2.32017e-10
8.1984e-08
1.37028e-09
5.31191e-07
1.44882e-08
4.23697e-06
1.1079e-07
3.98239e-05
1.1706e-06
9.25981e-05
1.24875e-05
0.000105781
4.58545e-05
0.000106782
6.0946e-05
0.000103329
6.25739e-05
9.5002e-05
5.42798e-05
8.09373e-05
3.49706e-05
4.94602e-05
1.28769e-06
-5.59858e-05
1.73785e-10
-2.14004e-19
4.41416e-10
-3.21306e-10
9.82826e-11
-1.14884e-10
5.4562e-12
3.65409e-12
1.33596e-11
3.05448e-12
5.09345e-11
2.94889e-11
1.3509e-10
1.41219e-10
1.24582e-10
2.59522e-10
3.79754e-08
3.82248e-08
6.67055e-08
4.83191e-08
6.23644e-08
4.31715e-08
1.85975e-08
1.71565e-08
-4.69693e-10
6.12708e-10
-2.52414e-11
1.38514e-10
-1.23558e-12
1.28708e-11
1.58442e-13
1.20122e-12
1.73709e-13
1.41044e-13
1.24803e-13
5.15067e-14
1.19162e-13
3.8496e-14
1.20959e-13
3.87273e-14
1.42271e-13
4.16172e-14
2.15146e-13
3.90296e-14
4.5715e-13
3.26205e-14
1.21076e-12
2.73666e-14
4.15277e-12
1.18395e-13
1.54639e-11
4.09683e-13
5.27852e-11
1.13212e-12
2.82806e-10
4.98707e-12
1.61921e-09
1.91292e-11
1.59767e-08
2.24954e-10
1.24627e-07
2.74e-09
1.26101e-06
4.27387e-08
1.81534e-05
5.82284e-07
7.7375e-05
8.95105e-06
9.49796e-05
4.77863e-05
9.11581e-05
6.63627e-05
8.21472e-05
6.32669e-05
6.74067e-05
4.96624e-05
4.17526e-05
2.617e-05
-1.32473e-05
2.97005e-18
-8.12696e-18
1.16212e-10
-5.63063e-18
7.59877e-11
-3.71502e-11
1.39331e-12
3.25703e-12
2.34137e-12
6.44329e-13
2.95059e-11
1.97545e-12
2.57322e-09
1.9928e-10
6.27857e-08
3.32483e-08
6.2528e-08
5.51858e-08
6.30141e-08
4.76653e-08
6.16545e-08
4.34628e-08
1.35588e-09
1.65628e-08
3.98702e-12
9.99282e-10
8.00666e-13
1.03919e-10
2.07954e-13
9.25557e-12
1.29354e-13
8.92508e-13
1.08056e-13
1.26098e-13
1.05322e-13
5.52588e-14
1.01517e-13
4.76135e-14
9.46905e-14
4.59277e-14
8.79925e-14
4.29e-14
7.99693e-14
3.8767e-14
6.79398e-14
2.70589e-14
7.56518e-14
1.44178e-14
1.73393e-13
2.15155e-14
5.5957e-13
3.73037e-14
1.6731e-12
6.81468e-14
6.73994e-12
1.61311e-13
2.5758e-11
3.08947e-13
2.45667e-10
2.14575e-12
3.00024e-09
2.94238e-11
4.47114e-08
6.24566e-10
6.18952e-07
1.52085e-08
9.29299e-06
3.0408e-07
6.84608e-05
5.732e-06
7.57552e-05
6.21516e-05
6.68851e-05
7.21275e-05
5.32453e-05
6.3257e-05
3.23949e-05
4.69836e-05
1.59962e-05
8.37636e-18
-1.71828e-17
5.94509e-18
-5.56525e-18
1.70002e-11
-1.3896e-16
5.60245e-12
1.46462e-12
4.58122e-13
5.82944e-13
2.0571e-12
1.92465e-13
1.89909e-10
1.1592e-11
4.82512e-08
1.78383e-08
6.47331e-08
3.85467e-08
6.70535e-08
4.41985e-08
7.00094e-08
4.19163e-08
2.36967e-09
1.8156e-08
4.64097e-11
1.17312e-09
5.05212e-12
1.1348e-10
6.12557e-13
1.05786e-11
1.60423e-13
1.04444e-12
1.12576e-13
1.47016e-13
1.03766e-13
6.22444e-14
1.039e-13
5.36752e-14
1.00319e-13
5.5161e-14
9.20489e-14
5.337e-14
7.49323e-14
4.84715e-14
4.8171e-14
3.42918e-14
3.56722e-14
2.29673e-14
3.40539e-14
1.94736e-14
4.88333e-14
2.19091e-14
9.13365e-14
2.75311e-14
2.26686e-13
3.11974e-14
5.3251e-13
2.45175e-14
2.72459e-12
3.28185e-14
2.7274e-11
1.67212e-13
6.45379e-10
1.11527e-11
1.54413e-08
5.43709e-10
2.99223e-07
2.13178e-08
1.324e-05
1.45813e-06
5.64033e-05
3.10703e-05
5.106e-05
7.74656e-05
3.99535e-05
7.43263e-05
2.4074e-05
6.28261e-05
3.57204e-05
2.58523e-17
-3.18504e-17
8.20171e-18
-2.39587e-17
2.00887e-17
-1.18331e-17
3.23302e-12
1.59168e-14
6.69556e-13
6.41818e-13
5.27002e-13
1.62659e-13
1.17395e-11
6.49185e-13
1.2601e-08
3.08243e-10
4.84279e-08
7.72452e-10
5.8317e-08
1.15756e-08
6.57795e-08
3.57493e-08
1.31503e-09
8.98986e-09
3.64485e-11
1.29533e-09
5.13287e-12
1.18986e-10
6.47449e-13
1.24576e-11
1.64629e-13
1.25373e-12
1.11962e-13
1.70979e-13
9.96109e-14
6.6659e-14
1.0014e-13
5.55249e-14
1.00684e-13
6.20766e-14
9.50513e-14
6.18538e-14
8.17705e-14
5.8244e-14
5.23627e-14
4.68362e-14
3.16191e-14
2.79209e-14
2.64613e-14
2.0307e-14
2.57826e-14
2.2056e-14
2.63723e-14
2.6222e-14
2.91778e-14
2.87753e-14
3.13454e-14
2.46779e-14
5.24766e-14
1.73164e-14
2.30543e-13
3.40929e-15
1.08481e-11
7.4584e-14
5.49378e-10
7.31069e-12
2.14412e-08
4.68594e-10
1.38498e-06
9.57458e-08
3.29696e-05
1.33716e-05
3.54456e-05
7.74601e-05
2.78216e-05
8.19114e-05
1.62171e-05
7.43892e-05
4.88606e-05
7.06822e-17
-2.58787e-17
6.09929e-17
-3.90199e-17
2.48633e-16
-2.13641e-17
1.57846e-14
4.50271e-16
2.21751e-13
6.71991e-14
1.39285e-13
7.46555e-14
6.57471e-13
1.15416e-13
3.12861e-10
-2.67848e-12
1.03522e-09
4.752e-11
6.65386e-09
1.99503e-10
1.22643e-08
5.40611e-11
9.79932e-09
-5.70581e-10
3.52562e-10
2.6916e-09
1.72109e-11
2.72249e-10
1.78087e-12
2.3826e-11
2.47421e-13
2.38288e-12
1.0502e-13
2.63633e-13
8.22768e-14
6.78454e-14
8.73889e-14
4.97087e-14
9.8911e-14
6.19842e-14
9.47627e-14
6.86e-14
8.66021e-14
6.74909e-14
5.68905e-14
5.52186e-14
2.8787e-14
3.30443e-14
2.30969e-14
2.20138e-14
2.1847e-14
2.31574e-14
2.08086e-14
2.67163e-14
1.87108e-14
3.01623e-14
1.49961e-14
2.93475e-14
9.89943e-15
2.54486e-14
6.52152e-15
1.62468e-14
7.50352e-14
1.47116e-14
6.25886e-12
1.23018e-12
3.74006e-10
1.06565e-10
9.17695e-08
4.39027e-09
1.20384e-05
1.07448e-05
2.09803e-05
7.19302e-05
1.73484e-05
8.54902e-05
9.95384e-06
8.174e-05
5.49332e-05
7.79867e-17
-1.47378e-17
1.66603e-16
-1.49584e-17
1.86049e-16
-9.4196e-18
6.46019e-16
1.55648e-17
6.6991e-14
8.85804e-16
2.56254e-12
8.95001e-13
1.67559e-11
6.83693e-12
1.21617e-11
-6.6582e-13
5.91082e-11
3.31933e-13
2.45815e-10
6.78454e-12
2.76245e-10
9.75674e-12
6.3019e-10
2.12664e-11
1.58483e-09
3.08151e-11
3.7369e-11
3.66453e-10
9.95106e-13
2.71454e-11
2.10052e-13
2.54831e-12
9.45471e-14
2.93128e-13
6.08351e-14
5.66315e-14
6.7287e-14
3.79193e-14
9.08543e-14
5.02167e-14
9.16615e-14
6.8278e-14
8.16081e-14
6.86042e-14
5.47551e-14
5.85525e-14
2.77027e-14
3.70517e-14
2.08154e-14
2.44918e-14
1.89845e-14
2.50516e-14
1.78603e-14
2.83396e-14
1.59964e-14
3.23967e-14
1.25381e-14
3.41081e-14
7.79491e-15
3.28539e-14
3.12356e-16
2.626e-14
-1.0917e-13
1.26548e-13
-1.05736e-11
1.16647e-11
-1.12432e-09
1.21679e-09
-7.80328e-08
8.10937e-08
3.92976e-06
9.37845e-06
1.00311e-05
6.83484e-05
9.27899e-06
8.61849e-05
5.29696e-06
8.56685e-05
5.43661e-05
5.60531e-17
8.34342e-17
1.27867e-16
1.5248e-16
1.01993e-15
3.21279e-12
5.04086e-12
9.43683e-13
1.18197e-12
7.95768e-12
1.67325e-11
3.71324e-11
6.29496e-11
1.49076e-10
1.88608e-14
5.27433e-14
7.23685e-14
4.04466e-14
4.38833e-14
6.20989e-14
7.36039e-14
6.63704e-14
4.85316e-14
2.59316e-14
1.90266e-14
1.66212e-14
1.68362e-14
1.41287e-14
1.01086e-14
9.4956e-15
-6.74187e-14
-6.16764e-12
-1.83215e-10
-4.28635e-09
-2.39742e-07
-2.3142e-06
2.28431e-06
2.93569e-06
1.63667e-06
)
;

boundaryField
{
    leftWall
    {
        type            calculated;
        value           nonuniform 0();
    }
    rightWall
    {
        type            calculated;
        value           uniform 0;
    }
    lowerWall
    {
        type            calculated;
        value           uniform 0;
    }
    atmosphere
    {
        type            calculated;
        value           nonuniform 0();
    }
    defaultFaces
    {
        type            empty;
        value           nonuniform 0();
    }
    procBoundary1to0
    {
        type            processor;
        value           nonuniform List<scalar> 
44
(
2.1975e-05
1.68919e-05
5.89689e-06
-6.00566e-06
-1.46065e-05
-2.18624e-05
-2.38054e-05
-2.3717e-05
-2.3469e-05
-2.43598e-05
-2.8262e-05
-3.28905e-05
-3.6134e-05
-3.81246e-05
-3.95263e-05
-4.05937e-05
-4.15201e-05
-4.25992e-05
-4.36134e-05
-4.40315e-05
3.00465e-05
-4.45233e-05
-4.61356e-05
-4.94542e-05
-4.31774e-05
-4.7635e-06
-1.19209e-07
-1.29962e-08
-9.1312e-09
-1.23453e-09
-2.00192e-11
-2.60913e-13
-1.59974e-13
-5.69739e-14
-2.10356e-16
-5.7566e-18
7.43588e-18
2.36806e-18
-5.37741e-18
-9.6399e-18
-7.88656e-18
-7.09699e-18
-6.98398e-18
-7.44344e-18
)
;
    }
    procBoundary1to3
    {
        type            processor;
        value           nonuniform List<scalar> 
45
(
-5.18364e-18
-6.56891e-18
-8.38048e-18
-1.00968e-17
-1.1356e-17
-1.3171e-17
-1.12969e-17
-5.96966e-18
7.76186e-18
3.51126e-17
7.87281e-14
2.30287e-14
3.70875e-14
7.69449e-15
2.32943e-13
4.23499e-13
9.67688e-13
3.1411e-12
1.4494e-12
2.82243e-11
1.78974e-12
1.8435e-13
4.02327e-14
2.37448e-14
3.04481e-14
4.60674e-14
5.16843e-14
4.90582e-14
3.61495e-14
2.52873e-14
2.59475e-14
3.55787e-14
3.96359e-14
3.93002e-14
3.73148e-14
1.08451e-13
6.26884e-12
1.91221e-10
5.53965e-09
2.00554e-07
7.66301e-06
6.54062e-05
8.54791e-05
8.69096e-05
5.17958e-05
)
;
    }
}


// ************************************************************************* //
