/*--------------------------------*- C++ -*----------------------------------*\
| =========                 |                                                 |
| \\      /  F ield         | OpenFOAM: The Open Source CFD Toolbox           |
|  \\    /   O peration     | Version:  3.0.1                                 |
|   \\  /    A nd           | Web:      www.OpenFOAM.org                      |
|    \\/     M anipulation  |                                                 |
\*---------------------------------------------------------------------------*/
FoamFile
{
    version     2.0;
    format      ascii;
    class       volScalarField;
    location    "0.4";
    object      p_rgh;
}
// * * * * * * * * * * * * * * * * * * * * * * * * * * * * * * * * * * * * * //

dimensions      [1 -1 -2 0 0 0 0];

internalField   nonuniform List<scalar> 
1915
(
1048.94
1075.78
1005.74
1057.59
969.278
1037.77
970.958
1043.62
1008.65
1071.93
1069.8
1114.22
1100
1141.47
1107.26
1144.99
1093.77
1119.07
1066.85
1055.55
262.878
262.873
262.861
262.843
262.82
262.792
262.762
262.729
262.696
262.661
262.625
262.59
262.554
262.519
262.485
262.452
262.42
262.389
262.36
262.333
262.307
262.284
262.263
262.245
262.228
262.215
262.203
262.194
262.188
262.184
262.181
262.181
262.182
262.184
262.187
262.191
262.194
262.197
262.199
262.199
262.88
262.875
262.863
262.845
262.822
262.794
262.763
262.73
262.696
262.661
262.625
262.589
262.554
262.519
262.484
262.451
262.419
262.388
262.359
262.332
262.306
262.283
262.262
262.243
262.227
262.213
262.202
262.193
262.187
262.183
262.18
262.18
262.181
262.184
262.187
262.19
262.194
262.197
262.199
262.2
262.885
262.88
262.869
262.85
262.826
262.797
262.765
262.732
262.697
262.661
262.625
262.589
262.553
262.517
262.483
262.449
262.417
262.386
262.357
262.33
262.304
262.281
262.26
262.241
262.225
262.211
262.2
262.191
262.184
262.18
262.178
262.178
262.18
262.183
262.186
262.19
262.194
262.197
262.199
262.2
262.891
262.888
262.877
262.858
262.832
262.802
262.768
262.733
262.698
262.661
262.624
262.588
262.551
262.516
262.481
262.447
262.415
262.384
262.354
262.327
262.301
262.278
262.256
262.237
262.221
262.207
262.196
262.187
262.181
262.177
262.175
262.176
262.178
262.181
262.185
262.19
262.194
262.198
262.2
262.201
262.9
262.899
262.889
262.869
262.841
262.808
262.772
262.735
262.698
262.661
262.624
262.586
262.549
262.513
262.478
262.444
262.411
262.38
262.35
262.323
262.297
262.273
262.252
262.233
262.216
262.202
262.191
262.182
262.176
262.173
262.171
262.172
262.175
262.179
262.184
262.189
262.194
262.199
262.202
262.203
262.908
262.912
262.905
262.883
262.851
262.814
262.776
262.737
262.699
262.661
262.622
262.584
262.547
262.51
262.474
262.44
262.407
262.375
262.345
262.317
262.291
262.267
262.246
262.226
262.21
262.196
262.184
262.176
262.17
262.167
262.166
262.168
262.172
262.177
262.183
262.189
262.195
262.2
262.204
262.205
262.916
262.929
262.926
262.901
262.863
262.821
262.779
262.739
262.699
262.66
262.62
262.581
262.543
262.506
262.47
262.435
262.402
262.37
262.339
262.311
262.285
262.26
262.238
262.219
262.202
262.188
262.176
262.168
262.162
262.16
262.16
262.163
262.167
262.174
262.181
262.189
262.196
262.202
262.207
262.209
262.921
262.949
262.952
262.923
262.875
262.826
262.781
262.739
262.698
262.658
262.617
262.578
262.539
262.501
262.464
262.429
262.395
262.363
262.332
262.304
262.277
262.252
262.23
262.21
262.193
262.178
262.167
262.159
262.153
262.151
262.152
262.156
262.162
262.17
262.179
262.188
262.197
262.205
262.21
262.213
262.912
262.971
262.988
262.946
262.884
262.827
262.78
262.738
262.696
262.655
262.614
262.573
262.533
262.495
262.458
262.422
262.388
262.355
262.324
262.295
262.268
262.243
262.22
262.2
262.182
262.168
262.156
262.148
262.143
262.141
262.143
262.148
262.156
262.165
262.176
262.188
262.199
262.208
262.215
262.218
262.993
263.04
263.051
262.971
262.883
262.819
262.775
262.733
262.693
262.651
262.609
262.567
262.527
262.488
262.45
262.414
262.379
262.346
262.315
262.285
262.258
262.232
262.209
262.188
262.17
262.155
262.143
262.135
262.13
262.13
262.132
262.139
262.148
262.16
262.174
262.188
262.201
262.213
262.221
262.225
1027.45
939.974
1001.95
935.403
1000.47
968.786
1009.08
992.008
1020.22
1009.75
1033.3
1029.22
1048.29
1050.31
1064.35
1071.47
1080.7
1091.96
1097.11
1111.62
1130.67
1149.19
1167.72
1187.32
322.856
2.99233
2.70168
2.72891
2.51987
2.48137
2.46206
2.42847
2.38589
2.3396
2.29402
2.25217
2.21581
2.1851
2.15907
2.1363
2.11518
2.09416
2.07186
656.407
263.759
263.164
263.392
798.867
591.4
285.348
262.82
888.842
837.502
768.191
446.907
951.779
919.239
912.117
888.856
991.45
978.317
979.193
946.266
1022.46
1019.5
1024.25
811.333
1051.09
1054.92
1063
749.865
1078.28
1087.53
1102.28
922.859
1103.52
1116.54
1134.93
1144.94
1126.52
1142.58
1162.34
1184.56
1147.68
1165.57
1185.38
1208.57
1167.54
1186.05
1205.52
1226.18
1186.31
1204.98
1224.11
1243.19
1205.24
1223.58
1241.67
1259.79
879.53
1243.19
1259.59
1276.76
60.8747
368.488
865.866
1295.89
2.59339
2.97309
50.9136
309.561
2.54916
2.59957
2.65709
2.93893
2.54714
2.58046
2.62617
2.68311
2.53011
2.57601
2.61217
2.63688
2.50755
2.54879
2.57818
2.58833
2.46605
2.49773
2.51519
2.50936
2.4129
2.43181
2.43373
2.40793
2.35591
2.36163
2.34807
2.40164
2.30208
2.2978
2.27177
2.28177
2.25569
2.24737
2.21922
2.15705
2.21837
2.21129
2.18935
2.14378
2.18951
2.18687
2.17477
2.14939
2.16707
2.17058
2.16877
2.16096
2.14869
2.15876
2.16673
2.17301
2.1321
2.14835
2.16474
2.18211
2.1153
2.13693
2.16018
2.18591
2.09668
2.12276
2.15139
2.18331
263.248
263.09
263.114
262.978
262.849
262.794
262.762
262.726
262.687
262.646
262.603
262.56
262.519
262.479
262.441
262.404
262.37
262.336
262.305
262.274
262.246
262.22
262.196
262.174
262.156
262.14
262.128
262.12
262.116
262.116
262.119
262.127
262.139
262.153
262.17
262.188
262.204
262.219
262.229
262.234
262.894
263.014
263.114
262.95
262.765
262.752
262.742
262.715
262.68
262.64
262.595
262.552
262.51
262.469
262.43
262.394
262.359
262.325
262.293
262.262
262.233
262.206
262.181
262.159
262.14
262.124
262.111
262.103
262.099
262.099
262.104
262.114
262.128
262.146
262.166
262.187
262.208
262.226
262.239
262.245
271.47
264.294
263.37
266.684
263.166
262.693
262.707
262.704
262.672
262.634
262.584
262.542
262.498
262.457
262.418
262.382
262.346
262.312
262.28
262.249
262.219
262.191
262.165
262.142
262.122
262.105
262.092
262.083
262.079
262.08
262.086
262.098
262.115
262.136
262.161
262.187
262.213
262.236
262.252
262.26
493.43
265.604
267.794
269.154
262.978
262.7
262.674
262.7
262.664
262.625
262.576
262.53
262.485
262.443
262.404
262.368
262.333
262.299
262.266
262.234
262.203
262.174
262.147
262.123
262.101
262.084
262.07
262.06
262.056
262.057
262.065
262.078
262.098
262.124
262.154
262.187
262.22
262.248
262.27
262.28
467.362
268.237
272.3
269.925
262.771
262.752
262.676
262.712
262.657
262.618
262.566
262.517
262.47
262.427
262.389
262.353
262.318
262.284
262.25
262.218
262.186
262.156
262.127
262.102
262.079
262.06
262.045
262.035
262.03
262.031
262.039
262.055
262.078
262.109
262.146
262.187
262.228
262.264
262.292
262.305
310.479
265.352
267.995
266.341
262.977
262.809
262.689
262.731
262.662
262.609
262.554
262.502
262.452
262.407
262.37
262.336
262.301
262.267
262.234
262.2
262.167
262.136
262.106
262.078
262.054
262.033
262.016
262.005
261.999
262.001
262.009
262.027
262.054
262.09
262.135
262.185
262.238
262.285
262.321
262.338
277.673
264.384
264.522
263.644
263.165
262.923
262.625
262.749
262.67
262.601
262.543
262.484
262.428
262.38
262.35
262.32
262.284
262.25
262.217
262.182
262.147
262.114
262.082
262.052
262.026
262.003
261.985
261.972
261.965
261.965
261.974
261.993
262.023
262.066
262.12
262.183
262.249
262.311
262.358
262.381
305.578
264.147
263.982
263.739
266.275
267.528
262.499
262.787
262.673
262.586
262.537
262.473
262.405
262.345
262.327
262.304
262.264
262.233
262.201
262.163
262.125
262.09
262.055
262.023
261.995
261.97
261.949
261.934
261.925
261.923
261.931
261.951
261.985
262.034
262.099
262.177
262.263
262.345
262.407
262.439
465.62
264.383
264.1
263.835
263.167
262.513
262.38
262.738
262.632
262.553
262.525
262.434
262.353
262.288
262.311
262.3
262.239
262.211
262.185
262.144
262.104
262.066
262.028
261.994
261.962
261.933
261.91
261.892
261.88
261.875
261.881
261.9
261.936
261.992
262.069
262.166
262.277
262.386
262.473
262.515
1051.44
379.213
264.344
263.924
297.022
419.168
278.386
267.223
262.496
262.565
262.553
262.44
262.3
262.169
262.279
262.296
262.205
262.2
262.179
262.119
262.071
262.033
261.99
261.96
261.927
261.893
261.866
261.846
261.83
261.821
261.822
261.839
261.875
261.936
262.026
262.146
262.29
262.439
262.559
262.618
1230.12
1078.54
492.07
409.915
603.351
992.277
976.045
663.003
262.213
262.572
262.657
262.442
262.18
262.097
262.396
262.369
262.13
262.172
262.165
262.1
262.046
262.012
261.948
261.915
261.89
261.847
261.817
261.795
261.775
261.759
261.753
261.764
261.797
261.861
261.964
262.11
262.297
262.502
262.675
262.758
1247.46
1262.92
1189.19
1130.95
1169.6
1183.64
1215.16
1247.54
1071.09
452.247
337.864
326.541
303.026
261.666
262.498
262.287
262.007
262.177
262.209
262.085
261.988
261.933
261.88
261.9
261.861
261.791
261.76
261.743
261.717
261.689
261.672
261.673
261.699
261.761
261.872
262.046
262.288
262.576
262.832
262.952
1262.85
1279.76
1291.37
1296.97
1283.53
1260.97
1272.3
1293.76
1333.71
1249.06
1097.61
1024.83
1035.01
951.287
721.952
356.225
261.801
262.069
262.324
261.988
261.922
261.966
261.781
261.869
261.826
261.702
261.691
261.697
261.659
261.613
261.579
261.566
261.575
261.628
261.739
261.934
262.242
262.652
263.044
263.22
1278.19
1294.89
1308.29
1316.4
1314.22
1306.09
1311.29
1326.65
1352.8
1371.09
1369.48
1342.72
1322.44
1347.65
1343.5
1264.68
1066.61
791.141
548.731
288.394
261.652
262.27
261.804
261.892
261.822
261.563
261.621
261.668
261.597
261.53
261.472
261.439
261.423
261.452
261.546
261.744
262.12
262.708
263.327
263.601
1293.55
1309.47
1322.77
1331.91
1334.65
1334.04
1339.08
1350.18
1365.04
1378.37
1383.88
1379.69
1374.58
1382.36
1392.6
1405.04
1429.61
1425.4
1361.38
1264.97
993.256
664.381
305.98
269.033
262.053
261.735
261.562
261.636
261.538
261.443
261.347
261.297
261.243
261.228
261.275
261.431
261.839
262.676
263.75
264.158
1310.37
1325.1
1337.5
1347.03
1353.24
1357.5
1363.71
1372.91
1384.46
1396.15
1404.12
1406.4
1406.06
1409.54
1417.43
1428.55
1442.84
1449.71
1448.75
1464.77
1476.58
1425.06
1367.71
1182.6
495.327
273.559
264.455
261.626
261.494
261.363
261.207
261.155
261.045
260.958
260.917
260.943
261.23
262.343
264.121
264.99
764.158
1201.07
1356.01
1365.3
1372.56
1378.49
1385.2
1393.32
1403.08
1412.83
1420.14
1423.87
1425.81
1429.81
1436.55
1445.32
1455.68
1464.98
1474.14
1485.75
1494.09
1495.37
1525.06
1545.75
1424.67
1452.94
921.423
369.72
261.412
261.341
261.11
260.997
260.84
260.647
260.473
260.208
259.868
261.06
265.688
267.394
21.3684
173.81
493.612
863.493
1140.21
1300.96
1403.92
1414.65
1421.73
1429.13
1435.62
1440.4
1444.17
1448.87
1454.96
1462.56
1471.57
1480.9
1490.07
1499.72
1509.67
1521.5
1541.22
1554.21
1555.78
1579.62
1599.82
1478.19
427.319
316.644
260.596
260.747
260.65
260.316
259.984
259.317
257.664
259.012
284.959
278.574
2.74676
2.88293
3.25014
30.7938
124.892
273.857
444.164
652.242
853.471
1036.87
1190.92
1306.11
1386.56
1463.93
1474.07
1480.81
1488.67
1496.88
1505.23
1514.03
1523.78
1534.83
1549
1564.46
1582.21
1607.01
1636.08
1665.61
1518.28
1319.46
621.976
338.33
260.427
260.023
259.526
258.651
256.102
254.151
283.861
583.599
2.65329
2.66972
2.70739
2.98403
2.93967
2.52284
2.87641
4.7648
21.7407
64.9164
138.172
235.061
345.364
471.852
662.786
884.121
1104.48
1287.4
1452.31
1530.38
1539.26
1549.87
1563.05
1577.56
1594.22
1613.99
1638.26
1662.66
1673.58
1671.7
1679.39
1324.41
346.154
259.766
259.259
258.467
256.385
255.121
259.628
1229.42
2.57488
2.75215
3.23932
3.40087
2.82895
2.3586
2.46525
2.57876
2.61221
2.67212
2.9635
3.37936
3.45497
3.36822
4.53291
22.8647
76.2952
172.889
313.952
545.386
851.235
1173.58
1544.17
1591.92
1606.19
1623.26
1642.44
1664.27
1686.93
1705.13
1738.4
1777.67
1669.1
662.23
271.978
258.374
257.415
256.933
257.306
1306.57
2.46523
3.42999
3.5515
3.38684
2.93186
2.25992
2.41506
2.51244
2.58007
2.63777
2.84258
3.1698
3.14588
3.03139
3.04508
3.10999
3.24009
3.41697
3.59805
3.81281
16.822
84.5125
293.712
644.108
1096.33
1627.3
1655.51
1676.92
1699.26
1723.07
1755.63
1793.33
1818.68
1774.32
1346.29
398.808
258.381
258.666
260.008
1325.78
2.81452
3.65926
3.41212
3.25023
3.29813
3.04239
2.31261
2.46081
2.56322
2.62179
2.87493
3.55851
3.15728
3.03976
3.06819
3.12569
3.20067
3.27522
3.34151
3.40411
3.47664
3.60849
3.84069
4.4164
53.9221
295.23
766.645
1527.26
1709.77
1731.86
1758.16
1791.1
1823.19
1847.7
1867.26
1735.23
764.763
274.369
272.032
1351.26
3.1467
3.20642
2.48136
2.7333
3.21657
2.88994
2.2
2.39884
2.53272
2.61063
3.08697
4.11191
3.88511
3.0926
3.08769
3.14915
3.21786
3.28904
3.35816
3.42402
3.48986
3.56165
3.63491
3.71144
3.79677
4.0942
6.82357
182.697
625.502
1505.44
1769.84
1799.83
1835.22
1874.1
1914.66
1952.86
1912.99
1171.67
533.109
1797.2
2.72173
2.2853
1.76753
1.66415
1.85151
2.08462
2.212
2.3629
2.52535
2.62845
3.59017
4.21042
4.21679
3.15504
3.10724
3.17003
3.23838
3.30923
3.38002
3.44886
3.51694
3.58612
3.65373
3.72343
3.79053
3.8687
3.95546
4.11011
4.93383
161.317
718.261
1716
1848.47
1896.33
1962.58
2049.29
2142.33
2145.67
2043.64
2570.79
2.04946
1.96495
1.82246
1.71933
1.74234
1.8901
2.15161
2.37589
2.54765
2.88048
4.19136
4.30743
3.80895
3.07953
3.12163
3.18747
3.2577
3.32991
3.40201
3.47272
3.54225
3.6116
3.68124
3.75308
3.82297
3.8934
3.97043
4.04971
4.13294
4.28129
5.32585
267.121
1247.41
1907.91
1994.58
2134.61
2325.51
2568.48
2831.93
3087.35
2.0663
1.98759
1.90146
1.85379
1.88837
2.01597
2.21806
2.42472
2.69093
4.09785
4.31921
4.18137
3.12937
3.06733
3.13307
3.20297
3.27636
3.35113
3.42521
3.49765
3.56862
3.63883
3.70856
3.77889
3.85079
3.92648
4.00884
4.08273
4.15458
4.22691
4.31031
4.64386
69.8701
850.562
1960.96
2163.85
2415.24
2709.55
2977.3
3202.62
2.10408
2.05119
2.01217
2.00423
2.05501
2.16894
2.32223
3.01231
4.13688
4.29119
4.39888
3.7108
3.01522
3.07678
3.14628
3.22022
3.29679
3.37384
3.4496
3.52347
3.59562
3.66623
3.73544
3.80446
3.87637
3.95371
4.03723
4.11827
4.19775
4.26125
4.31539
4.37752
4.59629
6.9869
917.928
2089.74
2404.85
2707.51
2966.01
2987.05
2.14521
2.12475
2.11845
2.14044
2.20128
2.30241
2.41905
3.43898
4.27329
4.37429
4.46827
3.84708
3.03334
3.09146
3.16362
3.24061
3.31897
3.39699
3.47362
3.54854
3.62175
3.69309
3.76238
3.83039
3.9001
3.97562
4.05942
4.14656
4.22932
4.29777
4.35494
4.40455
4.46892
4.8249
19.262
1479.87
2333.14
2632.36
2856.51
2779.71
2.17885
2.18742
2.20645
2.24571
2.31008
2.39955
2.49933
2.70917
3.13288
4.20635
4.53947
3.81821
3.04507
3.10829
3.18247
3.26073
3.33953
3.41777
3.49497
3.57087
3.6453
3.71787
3.78801
3.85573
3.92308
3.99481
4.07571
4.16429
4.25108
4.32541
4.38036
4.41767
4.46371
4.56863
4.83177
859.2
2228.31
2544.07
2732.87
2534.63
2.20286
2.23026
2.26735
2.31798
2.38364
2.46343
2.55104
2.63833
2.71766
2.87161
3.09791
3.3137
3.22344
3.1227
3.19791
3.27662
3.35583
3.43456
3.51254
3.5895
3.66516
3.73907
3.81047
3.87876
3.94479
4.01253
4.088
4.17361
4.26273
4.3424
4.39955
4.42355
4.44616
4.53077
4.57954
436.46
2083.45
2481.35
2628.4
2389.26
2.21695
2.2561
2.3039
2.36154
2.42921
2.50454
2.58426
2.66312
2.73988
2.8147
2.89167
2.97108
3.09917
3.15687
3.20986
3.28898
3.36868
3.44806
3.52681
3.60462
3.68116
3.75599
3.82843
3.8976
3.96331
4.028
4.09746
4.177
4.26472
4.34881
4.41552
4.4282
4.4299
4.50731
4.6557
485.737
2019.54
2457.69
2555.95
2254.06
2.22149
2.26816
2.32239
2.38436
2.4535
2.52782
2.60466
2.68111
2.75655
2.83135
2.90735
2.98495
3.06381
3.14723
3.22348
3.30061
3.38019
3.45968
3.53867
3.61674
3.69347
3.76846
3.84115
3.91072
3.97639
4.03906
4.10316
4.17507
4.25723
4.34188
4.41854
4.43396
4.41524
4.46179
5.52325
904.72
2099.82
2462.73
2519.05
1939.41
)
;

boundaryField
{
    leftWall
    {
        type            fixedFluxPressure;
        gradient        nonuniform 0();
        value           nonuniform 0();
    }
    rightWall
    {
        type            fixedFluxPressure;
        gradient        uniform 0;
        value           nonuniform List<scalar> 
43
(
262.199
262.2
262.2
262.201
262.203
262.205
262.209
262.213
262.218
262.225
262.234
262.245
262.26
262.28
262.305
262.338
262.381
262.439
262.515
262.618
262.758
262.952
263.22
263.601
264.158
264.99
267.394
278.574
583.599
1229.42
1306.57
1325.78
1351.26
1797.2
2570.79
3087.35
3202.62
2987.05
2779.71
2534.63
2389.26
2254.06
1939.41
)
;
    }
    lowerWall
    {
        type            fixedFluxPressure;
        gradient        uniform 0;
        value           nonuniform List<scalar> 
66
(
1048.94
1075.78
1075.78
1057.59
1037.77
1043.62
1071.93
1114.22
1141.47
1144.99
1119.07
1055.55
656.407
263.759
263.164
263.392
262.878
262.88
262.885
262.891
262.9
262.908
262.916
262.921
262.912
262.993
262.878
262.873
262.861
262.843
262.82
262.792
262.762
262.729
262.696
262.661
262.625
262.59
262.554
262.519
262.485
262.452
262.42
262.389
262.36
262.333
262.307
262.284
262.263
262.245
262.228
262.215
262.203
262.194
262.188
262.184
262.181
262.181
262.182
262.184
262.187
262.191
262.194
262.197
262.199
262.199
)
;
    }
    atmosphere
    {
        type            totalPressure;
        rho             rho;
        psi             none;
        gamma           1;
        p0              nonuniform 0();
        value           nonuniform 0();
    }
    defaultFaces
    {
        type            empty;
    }
    procBoundary1to0
    {
        type            processor;
        value           nonuniform List<scalar> 
44
(
1015.48
973.677
945.864
952.129
991.046
1039.95
1065.62
1074.26
1068.91
1055.05
1036.38
1022.05
1018.2
1021.27
1027.15
1035.07
1045.11
1056.7
1069.14
1082.32
1113.71
1113.71
1130.5
1147.9
687.766
22.008
2.74258
2.71398
2.71021
2.46823
2.43356
2.41733
2.39001
2.35562
2.31739
2.27824
2.24062
2.20607
2.17505
2.1472
2.12167
2.09739
2.07322
2.04804
)
;
    }
    procBoundary1to3
    {
        type            processor;
        value           nonuniform List<scalar> 
45
(
2.04714
2.07496
2.10455
2.13724
2.17367
2.21684
2.26856
2.32697
2.39192
2.46256
2.53733
2.61426
2.69158
2.76839
2.84489
2.92186
2.99953
3.07767
3.15575
3.23411
3.31237
3.39108
3.46992
3.54834
3.62584
3.7019
3.77609
3.84798
3.91692
3.982
4.04304
4.10259
4.16634
4.23906
4.317
4.39478
4.41428
4.38962
4.41401
4.66531
851.307
2281.54
2474.59
2518.86
1799.22
)
;
    }
}


// ************************************************************************* //
