/*--------------------------------*- C++ -*----------------------------------*\
| =========                 |                                                 |
| \\      /  F ield         | OpenFOAM: The Open Source CFD Toolbox           |
|  \\    /   O peration     | Version:  3.0.1                                 |
|   \\  /    A nd           | Web:      www.OpenFOAM.org                      |
|    \\/     M anipulation  |                                                 |
\*---------------------------------------------------------------------------*/
FoamFile
{
    version     2.0;
    format      ascii;
    class       surfaceScalarField;
    location    "0.3";
    object      alphaPhi;
}
// * * * * * * * * * * * * * * * * * * * * * * * * * * * * * * * * * * * * * //

dimensions      [0 3 -1 0 0 0 0];

internalField   nonuniform List<scalar> 
3782
(
-1.08173e-15
3.32351e-15
-1.72775e-15
4.73148e-15
-3.17958e-15
8.89513e-15
-5.59531e-15
1.42466e-14
-8.99578e-15
2.09129e-14
-1.42079e-14
2.95048e-14
-2.39243e-14
4.33844e-14
-3.67012e-14
6.22312e-14
-4.65249e-14
7.45633e-14
-5.41664e-14
7.95799e-14
-6.42004e-14
8.43715e-14
-8.7538e-14
1.00475e-13
-2.30016e-13
1.80742e-13
-7.6853e-13
4.79404e-13
-9.91124e-13
1.01211e-12
-8.67423e-13
1.50065e-12
-1.21623e-12
2.00988e-12
-4.19636e-12
4.18257e-12
-1.52301e-11
1.4535e-11
-5.03001e-11
4.59502e-11
-1.5019e-10
1.40341e-10
-4.12074e-10
4.14542e-10
-8.31529e-10
1.37681e-09
-2.56807e-09
3.05063e-09
-5.5645e-09
5.31753e-09
-1.07766e-08
7.46685e-09
-1.62663e-08
1.41571e-08
-2.47986e-08
2.2968e-08
-3.70185e-08
2.71178e-08
-4.93655e-08
1.11329e-08
-6.19465e-08
3.06932e-09
-6.94197e-08
7.263e-09
-3.53315e-08
-4.94917e-08
-6.76026e-09
-4.04125e-08
-5.33652e-10
-8.2097e-09
-2.49374e-11
-6.57437e-10
-9.04132e-13
-3.07945e-11
-2.43314e-14
-1.10384e-12
-5.82904e-16
-2.94098e-14
-1.44215e-17
-7.82867e-16
-4.00876e-19
-1.22035e-16
-1.42038e-21
-3.82667e-18
-1.46935e-20
5.69365e-15
-1.54501e-15
1.13007e-14
-2.58548e-15
1.95755e-14
-3.93637e-15
-5.21337e-15
3.02562e-14
1.01653e-14
-3.0447e-15
1.82239e-14
-5.00722e-15
2.82868e-14
-6.84097e-15
-7.98889e-15
3.99393e-14
1.7e-14
-5.53497e-15
2.7119e-14
-7.92785e-15
3.76676e-14
-9.59526e-15
-1.1598e-14
4.95454e-14
2.44471e-14
-8.63078e-15
3.42781e-14
-1.09602e-14
4.47635e-14
-1.33413e-14
-2.00548e-14
6.93609e-14
3.20881e-14
-1.28177e-14
4.1939e-14
-1.66565e-14
5.89613e-14
-2.20009e-14
-2.77154e-14
1.10768e-13
4.39197e-14
-2.1089e-14
5.90252e-14
-2.81407e-14
7.9126e-14
-2.94099e-14
-3.66153e-14
1.40355e-13
6.3288e-14
-3.43623e-14
7.38307e-14
-3.47339e-14
9.41192e-14
-3.61429e-14
-2.39775e-13
3.08822e-13
7.56123e-14
-4.35626e-14
8.59129e-14
-4.13932e-14
1.02982e-13
-4.38469e-14
-2.01473e-12
1.86655e-12
8.21443e-14
-4.97466e-14
9.61913e-14
-5.00624e-14
1.20561e-13
-6.24899e-14
-1.45395e-11
1.24532e-11
8.59859e-14
-5.57528e-14
9.6664e-14
-5.99366e-14
1.40283e-13
-1.12307e-13
-7.19848e-11
5.75295e-11
9.13306e-14
-6.46416e-14
1.04733e-13
-7.56419e-14
2.3016e-13
-2.42192e-13
-7.17066e-10
8.43659e-10
1.16739e-13
-8.62255e-14
1.94432e-13
-1.55344e-13
1.80418e-12
-1.85639e-12
-9.11623e-10
1.25093e-09
2.2267e-13
-1.42556e-13
5.0046e-13
-4.24381e-13
7.59339e-12
-8.90998e-12
-1.64537e-10
1.3185e-09
5.41828e-13
-2.96174e-13
1.5142e-12
-1.35657e-12
2.50053e-11
-3.2269e-11
-1.07213e-10
3.88246e-10
1.1214e-12
-8.3232e-13
4.3968e-12
-3.93786e-12
6.31306e-11
-9.0306e-11
-1.09632e-10
1.90079e-10
3.20011e-12
-2.44301e-12
1.37135e-11
-1.39444e-11
2.37307e-10
-2.82812e-10
-3.20167e-10
5.503e-10
9.65578e-12
-9.08956e-12
4.34262e-11
-5.64876e-11
8.64873e-10
-9.88648e-10
-1.05093e-09
1.95496e-09
3.21791e-11
-3.59311e-11
2.06924e-10
-2.53823e-10
4.46714e-09
-5.65426e-09
-6.00488e-09
9.92602e-09
1.45021e-10
-1.63769e-10
1.16216e-09
-1.27631e-09
3.07331e-08
-1.27577e-08
-4.5673e-08
7.10425e-08
5.06346e-10
-6.15199e-10
4.02306e-09
-4.8295e-09
7.70001e-08
-3.73171e-08
-5.52931e-08
1.46171e-07
1.56797e-09
-2.00425e-09
1.1047e-08
-1.35461e-08
5.50301e-08
-3.99345e-08
3.54806e-08
-1.81538e-07
3.8053e-09
-5.16056e-09
2.36251e-08
-1.85429e-08
2.77999e-09
-1.6737e-08
3.71363e-08
-1.06926e-07
1.80856e-08
-3.01286e-08
2.20498e-08
-4.41784e-08
4.07126e-09
2.21791e-09
1.28229e-08
-1.58216e-08
2.99554e-08
-5.10959e-08
2.15496e-08
-3.51797e-08
8.61205e-09
1.56311e-08
2.497e-08
-2.10785e-09
3.1474e-08
-3.4873e-08
2.12081e-08
-2.62673e-08
7.54448e-09
1.89502e-08
3.28796e-08
7.66195e-10
2.77461e-08
-2.10487e-08
1.60903e-08
-1.54942e-08
2.9496e-11
2.48507e-08
3.35062e-08
1.19557e-09
3.06264e-08
-2.42875e-08
2.22524e-08
-1.29257e-08
6.71991e-09
4.80837e-08
4.39496e-08
7.20177e-09
5.43269e-08
-4.84309e-08
3.41229e-08
-1.17554e-08
3.70727e-08
8.12755e-08
7.52836e-08
2.1948e-08
6.65532e-08
-5.99582e-08
6.77455e-08
-2.21659e-08
3.14414e-07
2.78142e-07
5.52178e-06
4.9931e-07
5.69289e-08
-9.87996e-08
1.8063e-07
-1.34948e-07
3.876e-06
2.81301e-06
3.70415e-05
6.69088e-06
1.39827e-08
-1.90781e-07
1.72885e-07
-4.16899e-07
-2.76898e-06
5.33241e-06
4.00884e-05
-3.82331e-06
2.0117e-08
-2.15294e-07
1.70096e-07
-5.48086e-07
-4.41504e-06
1.63089e-06
1.24039e-05
-9.64508e-06
-1.75879e-07
-1.14908e-07
-4.29612e-07
-2.47538e-07
-1.78043e-06
-3.70764e-07
-6.95149e-07
-6.51196e-06
-1.40774e-07
-2.413e-08
-4.02273e-07
-5.34316e-08
-1.26794e-06
-1.49601e-07
-1.77015e-08
-2.45811e-06
-3.08899e-08
-1.86934e-09
-8.17436e-08
-4.95608e-09
-3.07641e-07
-1.06092e-08
-1.64413e-08
-4.40881e-07
-2.42534e-09
-9.06239e-11
-7.14426e-09
-2.74709e-10
-1.93414e-08
-5.80205e-10
-8.45075e-10
-5.33362e-08
-1.1573e-10
-3.53515e-12
-3.77362e-10
-1.2162e-11
-9.94686e-10
-2.69067e-11
-2.30554e-11
-3.26549e-09
-4.44105e-12
-1.11655e-13
-1.61063e-11
-4.42616e-13
-4.80015e-11
-1.04205e-12
-5.93818e-15
-1.5731e-10
-1.36733e-13
-2.03771e-15
-5.64125e-13
-1.20264e-14
-2.06475e-12
-3.35961e-14
-4.22118e-14
-5.70282e-12
-3.05782e-15
-7.2715e-17
-1.44281e-14
-2.69665e-16
-6.20577e-14
-6.33722e-16
-1.39798e-15
-2.19712e-13
-5.35106e-16
-1.87983e-18
-8.43409e-16
-5.93979e-18
-3.14279e-15
-4.57731e-18
2.08587e-16
-1.38953e-14
-2.51717e-17
-1.64426e-20
-1.42639e-16
-9.46976e-20
-7.01609e-16
1.07637e-17
1.66253e-16
-1.19731e-15
-2.556e-19
-3.58028e-18
-3.21032e-17
-1.89024e-16
4.21975e-14
-6.77907e-15
5.03231e-14
-6.8963e-15
5.40426e-14
-6.37923e-15
6.79474e-14
-3.93765e-15
3.81649e-13
-7.3346e-16
1.01239e-12
3.84332e-14
1.33017e-12
1.11631e-13
1.10132e-12
1.53565e-13
1.33819e-12
1.61558e-13
6.29428e-12
-2.0284e-13
1.51508e-11
1.00179e-12
2.89548e-11
2.53026e-12
2.99168e-09
2.76469e-10
2.43236e-07
2.84551e-08
2.78519e-07
3.72936e-08
1.72754e-07
7.21852e-08
4.62949e-08
5.11421e-08
1.23271e-08
5.80536e-08
8.17617e-09
1.52428e-08
5.93235e-09
7.50329e-09
5.68536e-09
3.46631e-09
7.51477e-09
2.12377e-09
1.46012e-07
2.17686e-08
9.00899e-05
1.11051e-05
0.000124402
6.9462e-05
0.000122482
7.25238e-05
0.000107613
6.78809e-05
1.55915e-05
4.23707e-05
1.44261e-06
5.97154e-06
3.9105e-07
2.06016e-06
9.19394e-08
7.48323e-07
1.63916e-08
2.41088e-07
2.27701e-09
5.44816e-08
2.57026e-10
9.36819e-09
2.49647e-11
1.32339e-09
1.96442e-12
1.57234e-10
1.23412e-13
1.50451e-11
9.89145e-15
1.06366e-12
3.87863e-15
5.64585e-14
3.88638e-15
5.4676e-14
-9.8896e-15
7.39277e-14
-1.09137e-14
9.93748e-14
-1.18723e-14
1.11132e-13
-1.06347e-14
1.30489e-13
-4.98381e-15
4.80409e-13
2.45844e-15
1.20821e-12
5.80424e-14
1.4524e-12
1.64655e-13
1.50239e-12
2.44673e-13
8.83103e-13
4.91323e-14
1.75636e-12
1.52363e-13
3.45842e-12
2.9855e-13
2.611e-10
2.44193e-11
2.76466e-08
2.37378e-09
2.75884e-07
2.67092e-08
3.32886e-07
5.60695e-08
3.08038e-07
1.00074e-07
1.21011e-07
9.86655e-08
2.20043e-08
6.06645e-08
1.15387e-08
1.5821e-08
7.94802e-09
7.77039e-09
7.87101e-09
4.12893e-09
2.48545e-08
6.03876e-09
7.23355e-05
1.16846e-05
0.000116871
6.94063e-05
0.00011837
7.19336e-05
0.000114161
6.90452e-05
2.04681e-05
4.1957e-05
1.3091e-06
6.32782e-06
3.37073e-07
2.26278e-06
7.00549e-08
8.30423e-07
1.10521e-08
2.61241e-07
1.39792e-09
5.71432e-08
1.45549e-10
9.55954e-09
9.00917e-12
1.32704e-09
1.92242e-13
1.52789e-10
-1.29486e-14
1.42691e-11
1.33075e-15
9.98723e-13
3.01705e-15
5.3385e-14
3.88591e-15
7.00678e-14
-1.83128e-14
1.02312e-13
-2.49919e-14
1.39915e-13
-2.59121e-14
1.67371e-13
-1.70204e-14
1.83514e-13
-7.09372e-15
2.05868e-13
-1.36635e-15
3.12076e-13
1.19583e-14
5.56338e-13
4.10485e-14
5.98987e-13
1.12913e-13
3.53253e-13
1.09776e-13
3.30963e-13
8.78055e-14
5.76274e-13
8.47403e-14
2.52243e-11
2.77347e-12
2.25286e-09
2.37915e-10
1.25114e-07
9.93271e-09
3.28041e-07
4.14663e-08
3.42156e-07
9.98218e-08
3.3454e-07
1.39502e-07
5.12385e-08
1.84259e-07
2.13519e-08
3.67765e-08
1.34437e-08
1.51163e-08
1.16269e-08
7.431e-09
1.24514e-08
5.80182e-09
7.34675e-05
1.49714e-05
0.000110364
7.16639e-05
0.000116647
7.17625e-05
0.000108524
6.83256e-05
1.85689e-05
4.01009e-05
1.20949e-06
6.45337e-06
2.81253e-07
2.38962e-06
4.07101e-08
8.80245e-07
1.93596e-09
2.61596e-07
-4.28193e-10
5.29089e-08
-1.31404e-10
8.29932e-09
-1.9948e-11
1.10017e-09
-2.23511e-12
1.24562e-10
-1.74149e-13
1.14964e-11
-7.06095e-15
8.05105e-13
1.89075e-15
4.17447e-14
3.39522e-15
1.43619e-13
-4.61432e-14
1.86711e-13
-5.26706e-14
2.00932e-13
-3.8037e-14
2.12935e-13
-2.18559e-14
3.14752e-13
-1.17277e-13
3.03148e-13
8.2106e-14
3.34095e-13
4.641e-14
3.1267e-13
1.28681e-13
2.49455e-13
1.65479e-13
1.96858e-13
1.26269e-13
1.65312e-13
8.18901e-14
1.47824e-13
4.37918e-14
2.36732e-12
4.45239e-13
2.28539e-10
2.00934e-11
1.39029e-08
1.42039e-09
3.35851e-07
4.51799e-08
3.56962e-07
1.10109e-07
3.70574e-07
1.59969e-07
1.67578e-07
1.63851e-07
2.96732e-08
9.23749e-08
1.94999e-08
2.4777e-08
1.53662e-08
1.2409e-08
1.92429e-08
8.18601e-09
7.8485e-05
2.31139e-05
0.000107361
7.30753e-05
0.000114616
7.14055e-05
0.000106675
6.74804e-05
1.83612e-05
3.69878e-05
9.16832e-07
6.15158e-06
1.32898e-07
2.37766e-06
-1.10764e-08
8.48541e-07
-7.64269e-09
2.2503e-07
-1.64446e-09
4.11934e-08
-2.52908e-10
6.10238e-09
-3.15597e-11
7.89572e-10
-3.1369e-12
8.78945e-11
-2.28195e-13
8.04083e-12
-9.87723e-15
5.68264e-13
1.08671e-15
3.03824e-14
2.65904e-15
2.51431e-13
-5.17368e-14
2.95207e-13
-6.98115e-14
3.19868e-13
-7.73405e-14
7.9239e-13
-8.80013e-13
6.92238e-12
-3.43203e-12
7.59922e-12
-5.63832e-13
7.3903e-12
1.24576e-13
7.52008e-11
2.16191e-12
6.20295e-10
6.51292e-11
6.22641e-10
3.41044e-10
1.44115e-10
4.49939e-10
6.50731e-11
7.956e-11
4.27325e-11
3.38186e-11
6.01461e-11
1.82463e-11
1.19671e-08
1.48164e-09
3.33885e-07
7.27965e-08
3.45463e-07
1.29964e-07
3.53249e-07
1.76337e-07
3.17967e-07
2.10807e-07
4.93023e-08
1.51449e-07
3.20973e-08
3.72821e-08
2.55017e-08
1.76009e-08
4.51977e-07
5.45758e-08
9.09972e-05
4.25025e-05
0.000105654
6.98337e-05
0.000113437
7.03334e-05
9.83456e-05
6.23901e-05
1.30195e-05
2.67482e-05
3.78861e-07
5.38764e-06
-5.69356e-08
2.0893e-06
-4.68994e-08
6.9774e-07
-1.11022e-08
1.62896e-07
-1.82213e-09
2.79048e-08
-2.50388e-10
4.00055e-09
-2.9374e-11
5.0743e-10
-2.78863e-12
5.56581e-11
-1.92671e-13
5.05578e-12
-4.59324e-15
3.62612e-13
5.82987e-16
2.1837e-14
1.90131e-15
3.22732e-13
-1.149e-13
6.0469e-13
-2.94322e-13
1.10663e-12
-5.82759e-13
1.33676e-11
-1.52751e-11
1.00037e-10
-9.30481e-11
1.16926e-10
-1.78866e-11
9.28446e-11
5.85549e-12
1.10238e-10
1.84429e-11
4.19084e-10
4.09466e-11
2.68664e-09
5.21188e-10
1.88439e-09
6.29202e-10
4.86509e-10
8.22637e-10
3.17495e-10
2.48097e-10
3.16819e-10
5.57126e-11
5.88173e-08
9.29945e-09
3.38759e-07
1.25002e-07
3.38289e-07
1.56713e-07
3.31078e-07
2.01569e-07
3.15889e-07
2.44365e-07
5.69874e-08
1.27322e-07
3.88274e-08
4.79146e-08
3.25798e-08
1.86029e-08
1.81709e-05
3.33464e-06
0.000101877
6.63082e-05
0.000105346
6.96967e-05
0.00011331
7.05089e-05
7.12565e-05
4.72233e-05
8.81241e-07
1.12758e-05
-4.52319e-07
3.72545e-06
-1.94574e-07
1.3124e-06
-4.01055e-08
4.50973e-07
-6.58924e-09
1.07646e-07
-1.04657e-09
1.81078e-08
-1.43023e-10
2.51317e-09
-1.64996e-11
3.10902e-10
-1.53169e-12
3.35096e-11
-9.32784e-14
3.02145e-12
-1.26627e-15
2.30784e-13
3.04988e-16
1.531e-14
1.26231e-15
1.5217e-12
-1.17257e-12
3.27562e-12
-2.01571e-12
6.88749e-12
-4.18072e-12
1.83841e-10
-2.04463e-10
1.54435e-09
-1.44981e-09
2.0329e-09
-5.21796e-10
1.72603e-09
1.48926e-10
9.66769e-10
7.20692e-10
7.68324e-10
2.63159e-10
8.34335e-10
3.27562e-10
8.02308e-09
3.70249e-09
2.72257e-09
6.86301e-09
1.16628e-09
1.81533e-09
9.4438e-10
2.67504e-10
8.56046e-08
1.42664e-08
3.15058e-07
1.19938e-07
3.1556e-07
1.81238e-07
3.03274e-07
2.36874e-07
1.96687e-07
2.25872e-07
6.27952e-08
8.41535e-08
4.00808e-08
5.05921e-08
4.99675e-07
1.23757e-07
5.13993e-05
2.76777e-05
9.5125e-05
6.93198e-05
0.000100291
6.4729e-05
8.91705e-05
5.6679e-05
2.38124e-05
1.93325e-05
-1.12879e-06
3.55679e-06
-4.18577e-07
1.75054e-06
-8.31107e-08
7.05233e-07
-1.46118e-08
2.88443e-07
-2.8156e-09
6.95362e-08
-4.72033e-10
1.07818e-08
-6.37679e-11
1.45264e-09
-7.26797e-12
1.78588e-10
-6.55983e-13
1.92652e-11
-3.41383e-14
1.77765e-12
-2.77571e-17
1.50188e-13
1.53647e-16
9.38065e-15
7.88134e-16
9.6943e-12
-9.10998e-12
1.92804e-11
-1.14338e-11
3.93922e-11
-2.35731e-11
1.98886e-09
-2.34968e-09
1.84475e-08
-1.75408e-08
2.5517e-08
-7.67068e-09
2.15374e-08
2.10299e-09
6.51185e-09
1.52443e-08
3.53121e-09
2.75382e-09
2.1846e-09
1.53908e-09
9.27963e-09
3.01744e-09
2.46334e-08
4.02801e-08
1.09453e-08
3.77948e-08
7.13583e-09
4.39886e-09
2.0085e-08
4.92397e-09
2.77081e-07
9.24812e-08
2.66663e-07
1.95126e-07
2.44782e-07
2.83352e-07
6.21902e-08
1.31322e-07
4.56131e-08
9.82371e-08
9.12422e-08
6.85214e-08
2.15725e-05
1.14443e-05
9.32728e-05
6.77375e-05
9.47026e-05
6.53512e-05
9.72547e-05
6.61151e-05
4.79252e-05
3.06868e-05
3.90884e-07
3.50691e-06
-2.80017e-07
1.7972e-06
-1.16574e-07
8.06849e-07
-2.27669e-08
4.03089e-07
-4.16444e-09
1.60663e-07
-9.71866e-10
3.52511e-08
-1.70833e-10
5.53403e-09
-2.38407e-11
7.55524e-10
-2.76862e-12
9.33802e-11
-2.45541e-13
1.01724e-11
-1.00513e-14
9.82579e-13
1.53513e-16
8.85337e-14
6.97265e-17
5.25082e-15
4.6606e-16
5.31576e-11
-4.96464e-11
8.69042e-11
-4.78619e-11
1.41785e-10
-7.89481e-11
1.08172e-08
-1.3098e-08
1.57887e-07
-8.92239e-08
4.86652e-07
-2.02156e-07
3.97155e-07
-6.10422e-08
7.64925e-08
9.15554e-08
3.86354e-08
3.20076e-08
2.00884e-08
1.99686e-08
2.06727e-08
9.75432e-09
9.1311e-08
7.62334e-08
6.06269e-08
6.37678e-08
2.31054e-08
3.90117e-08
3.69374e-08
1.74901e-08
2.06762e-07
3.06254e-08
2.03462e-07
1.05309e-07
8.23643e-08
1.04352e-07
4.35781e-08
9.84621e-08
1.77624e-07
1.90477e-07
9.99796e-06
5.95648e-06
6.97374e-05
5.88053e-05
8.32757e-05
6.22702e-05
8.51154e-05
6.15424e-05
5.95267e-05
4.067e-05
4.04446e-06
5.62981e-06
5.37162e-08
1.94324e-06
-7.20614e-08
9.0084e-07
-2.58078e-08
3.78911e-07
-3.64894e-09
2.02193e-07
-6.81253e-10
7.28274e-08
-2.0076e-10
1.62299e-08
-4.32036e-11
2.60422e-09
-6.70849e-12
3.62281e-10
-8.21972e-13
4.52334e-11
-7.08168e-14
5.02831e-12
-1.76011e-15
5.20727e-13
9.04743e-17
4.71567e-14
2.80064e-17
3.2763e-15
2.63739e-16
2.73632e-10
-4.73576e-10
4.18545e-10
-2.02643e-10
6.17166e-10
-2.88553e-10
1.35352e-07
-1.47915e-07
8.09469e-07
-2.05067e-07
8.74519e-07
-1.85681e-07
8.9179e-07
-5.5797e-08
9.13955e-08
5.97466e-08
5.63535e-08
5.40985e-08
2.4107e-08
4.41113e-08
4.94328e-08
4.95679e-08
8.49546e-08
7.84805e-08
7.75957e-08
8.0648e-08
2.78436e-08
6.34291e-08
2.56616e-08
4.00444e-08
3.94659e-08
4.2629e-08
5.58659e-08
5.97911e-08
6.54565e-08
9.67835e-08
1.58995e-07
2.06171e-07
5.20028e-06
3.9518e-06
5.5458e-05
4.89555e-05
6.86133e-05
5.92148e-05
7.68355e-05
6.01308e-05
6.29665e-05
4.60023e-05
1.27364e-05
1.009e-05
3.58921e-07
1.94178e-06
4.57186e-08
9.42181e-07
-2.21043e-08
4.12784e-07
-2.8125e-09
1.72243e-07
-2.26411e-09
7.67468e-08
-1.22479e-09
2.7972e-08
-9.32739e-11
6.42379e-09
-1.43821e-12
1.08948e-09
-8.02097e-13
1.58165e-10
-1.34367e-13
2.02453e-11
-1.16949e-14
2.35561e-12
-2.05233e-17
2.63809e-13
2.48321e-17
2.30527e-14
6.72261e-18
1.96015e-15
1.43036e-16
1.66057e-09
-1.89192e-09
1.52473e-09
-7.15594e-10
1.70527e-09
-5.087e-10
5.82239e-07
-1.24842e-07
5.80148e-07
-1.20694e-07
5.72721e-07
-1.07937e-07
5.41077e-08
-7.42895e-08
1.43958e-08
6.94504e-09
3.01918e-08
4.18399e-08
5.0901e-08
6.95843e-08
7.31056e-08
8.03926e-08
7.40642e-08
8.52798e-08
6.79113e-08
8.97136e-08
5.02415e-08
8.9471e-08
1.9258e-08
5.98072e-08
2.14956e-08
5.47402e-08
3.12961e-08
6.57613e-08
5.11609e-08
8.68488e-08
3.58257e-06
3.98191e-06
4.64702e-05
4.32537e-05
6.18505e-05
5.63779e-05
6.85172e-05
5.57294e-05
6.43519e-05
5.02259e-05
2.0701e-05
1.51318e-05
6.64889e-07
1.52545e-06
1.53953e-07
8.51819e-07
2.33773e-08
3.95161e-07
-1.63774e-09
1.7831e-07
-9.51229e-09
8.44044e-08
-6.55359e-09
2.92741e-08
-1.38427e-09
7.84184e-09
-1.76166e-10
2.2052e-09
-1.71162e-11
3.99196e-10
-1.38024e-12
5.96703e-11
-8.8191e-14
8.14905e-12
-3.62506e-15
1.04905e-12
-7.05022e-17
1.26059e-13
-2.0188e-18
1.04979e-14
-8.49835e-20
1.4141e-15
7.48741e-17
2.55034e-09
-1.73876e-09
2.91049e-09
-1.20081e-09
2.81098e-09
-5.03956e-10
6.29018e-07
-5.63956e-08
5.2061e-07
-1.16964e-08
4.99809e-07
-1.61662e-08
3.29434e-08
-3.8514e-08
1.63703e-08
5.44238e-09
3.88644e-08
2.14227e-08
5.30831e-08
6.83386e-08
5.63398e-08
8.36347e-08
5.35707e-08
9.32581e-08
4.4569e-08
1.02931e-07
1.2861e-08
6.18818e-08
9.53161e-09
6.21041e-08
2.10673e-08
5.33804e-08
3.25392e-08
6.3841e-08
4.62436e-06
7.08765e-06
4.50992e-05
4.51989e-05
5.48299e-05
5.37423e-05
6.1478e-05
5.36113e-05
5.65613e-05
4.68614e-05
2.2234e-05
1.61045e-05
9.37669e-07
1.05305e-06
2.75913e-07
5.86315e-07
6.13808e-08
3.19404e-07
4.97609e-09
1.70529e-07
-1.55119e-08
9.32401e-08
-1.13831e-08
4.09972e-08
-3.83777e-09
1.36319e-08
-7.55004e-10
3.53363e-09
-1.11821e-10
6.87821e-10
-1.31987e-11
1.39422e-10
-1.33374e-12
2.21364e-11
-1.11042e-13
3.20396e-12
-6.03397e-15
4.62498e-13
-1.95364e-16
5.71229e-14
-1.01041e-17
4.71899e-15
-1.95761e-19
7.81407e-16
3.86629e-17
2.30092e-09
-1.24418e-09
3.31694e-09
-1.16875e-09
3.31397e-09
-5.49021e-10
5.7081e-07
2.42456e-09
5.32531e-07
7.88243e-08
4.43321e-07
7.06279e-08
2.10729e-08
-5.5873e-09
8.58282e-10
8.18424e-09
3.19566e-08
2.60882e-08
3.80303e-08
6.86359e-08
3.64764e-08
9.04654e-08
2.36159e-08
8.66779e-08
9.59268e-09
7.01992e-08
9.49485e-09
6.64943e-08
1.66779e-08
6.16115e-08
2.70725e-08
5.00625e-08
8.07451e-06
1.29515e-05
4.74167e-05
4.85715e-05
4.85821e-05
5.23685e-05
5.48448e-05
5.2972e-05
4.82136e-05
4.22115e-05
1.82481e-05
1.36905e-05
1.1129e-06
6.88325e-07
3.54754e-07
3.98668e-07
8.62782e-08
2.29358e-07
8.66795e-09
1.31324e-07
-2.34131e-08
9.08854e-08
-1.63929e-08
4.56205e-08
-6.30515e-09
1.78379e-08
-1.81353e-09
5.74852e-09
-3.85964e-10
1.41973e-09
-5.43635e-11
2.75678e-10
-6.91616e-12
4.60737e-11
-7.49921e-13
7.87271e-12
-6.37438e-14
1.2861e-12
-3.38512e-15
2.09873e-13
-1.66147e-16
2.54264e-14
-7.86338e-18
2.75778e-15
-1.6792e-19
4.22463e-16
1.9655e-17
1.71505e-09
-3.49516e-10
1.58923e-09
-3.04475e-10
3.60364e-09
-1.95482e-09
8.36251e-08
7.68306e-09
6.23814e-07
9.76965e-08
2.86782e-07
7.15977e-08
2.45216e-08
8.45855e-09
1.76075e-08
1.2723e-08
1.8712e-08
2.68417e-08
2.11698e-08
6.29646e-08
8.95721e-09
5.63272e-08
5.12163e-09
6.56741e-08
5.71851e-09
6.37897e-08
1.51477e-08
5.91696e-08
8.80494e-08
4.07424e-07
1.45023e-05
2.17794e-05
4.30253e-05
4.46992e-05
4.3394e-05
5.04144e-05
4.86722e-05
5.09735e-05
3.73675e-05
3.36504e-05
1.18788e-05
8.65905e-06
1.11327e-06
3.17399e-07
3.76651e-07
2.66031e-07
8.72002e-08
1.8681e-07
6.91549e-09
1.03036e-07
-2.98972e-08
7.52182e-08
-2.06389e-08
4.2952e-08
-8.72253e-09
1.98175e-08
-2.87351e-09
7.3062e-09
-7.43228e-10
2.21559e-09
-1.48517e-10
5.54032e-10
-2.45758e-11
1.06463e-10
-3.06271e-12
1.6649e-11
-3.42225e-13
2.90782e-12
-2.83393e-14
5.56317e-13
-1.57423e-15
9.56857e-14
-8.91014e-17
1.1106e-14
-4.35798e-18
1.74024e-15
-1.1322e-19
2.23605e-16
9.82098e-18
3.01252e-10
-3.21218e-10
9.86257e-10
-7.59181e-10
4.65753e-08
1.77052e-09
3.19079e-07
2.40739e-07
1.83168e-07
1.8138e-07
2.6219e-08
1.13809e-08
2.08789e-08
9.0687e-09
1.91771e-08
1.64317e-08
1.03386e-08
3.04297e-08
5.83931e-09
4.44087e-08
2.32474e-09
5.71766e-08
5.22941e-09
6.00699e-08
1.46409e-08
5.14702e-08
1.20375e-06
2.48853e-06
2.29976e-05
3.06162e-05
3.44202e-05
3.9891e-05
3.87092e-05
3.53698e-05
4.12785e-05
4.51e-05
2.54756e-05
2.23285e-05
4.94615e-06
2.10843e-06
1.03891e-06
6.80917e-08
3.30521e-07
1.66483e-07
7.011e-08
1.42821e-07
1.12865e-09
9.20608e-08
-3.2839e-08
6.04693e-08
-2.2311e-08
3.50832e-08
-1.04006e-08
1.7958e-08
-3.85664e-09
7.83606e-09
-1.19543e-09
2.78923e-09
-2.99059e-10
8.28162e-10
-5.92048e-11
2.04122e-10
-9.48808e-12
4.07047e-11
-1.26293e-12
6.48139e-12
-1.3855e-13
1.16904e-12
-1.12869e-14
2.54056e-13
-7.01186e-16
4.24147e-14
-6.84883e-17
4.84316e-15
-2.4636e-18
1.16217e-15
-6.7502e-20
1.15937e-16
4.81675e-18
1.44859e-09
-9.89342e-10
1.25687e-08
-1.16836e-08
4.46203e-07
2.05224e-07
4.10734e-07
3.64348e-07
4.88717e-08
1.83708e-07
3.00426e-08
2.13154e-08
2.23362e-08
1.73246e-08
1.54491e-08
2.61927e-08
8.7252e-09
3.95025e-08
4.85019e-09
5.03786e-08
7.06448e-09
5.62367e-08
1.49454e-08
5.05366e-08
2.81971e-06
5.7244e-06
2.49796e-05
3.41498e-05
2.48115e-05
3.75083e-05
2.99025e-05
3.77837e-05
2.29227e-05
1.88419e-05
1.11874e-05
6.45054e-06
2.10094e-06
-1.00575e-08
8.89166e-07
9.44985e-08
2.48777e-07
1.29709e-07
4.08495e-08
1.06458e-07
-1.97638e-08
7.81944e-08
-3.29002e-08
4.83776e-08
-2.11502e-08
2.71411e-08
-1.05881e-08
1.4236e-08
-4.36257e-09
6.8421e-09
-1.53188e-09
2.91067e-09
-4.63093e-10
1.0196e-09
-1.14754e-10
3.02122e-10
-2.26909e-11
7.32069e-11
-3.59171e-12
1.46806e-11
-4.85017e-13
2.51898e-12
-5.24863e-14
5.12029e-13
-4.41731e-15
1.16704e-13
-3.31079e-16
1.7981e-14
-3.65118e-17
2.185e-15
-1.45375e-18
6.02983e-16
-3.71879e-20
5.89012e-17
2.31622e-18
6.73761e-09
-5.60191e-09
2.26546e-07
2.63494e-08
4.29716e-07
3.6719e-07
5.49722e-07
3.7772e-07
5.2414e-08
8.07044e-08
4.02936e-08
3.68049e-08
2.74922e-08
3.28873e-08
1.66419e-08
3.89682e-08
1.09818e-08
4.6122e-08
1.01413e-08
5.04933e-08
1.58667e-08
5.03e-08
3.76367e-06
8.00399e-06
2.12104e-05
3.23807e-05
2.21188e-05
3.27865e-05
2.15824e-05
2.9604e-05
1.22059e-05
1.01598e-05
2.36884e-06
5.25965e-07
1.36642e-06
9.67339e-08
5.4289e-07
8.68244e-08
1.33422e-07
1.13159e-07
1.17303e-08
8.49686e-08
-3.29291e-08
5.97879e-08
-3.04756e-08
3.69612e-08
-1.84575e-08
2.05127e-08
-9.44075e-09
1.05791e-08
-4.2327e-09
5.25579e-09
-1.65772e-09
2.45514e-09
-5.71201e-10
1.03625e-09
-1.70823e-10
3.61367e-10
-4.24613e-11
1.06394e-10
-8.33942e-12
2.56901e-11
-1.31933e-12
5.22039e-12
-1.76193e-13
9.32299e-13
-1.9019e-14
2.38446e-13
-1.77392e-15
5.11743e-14
-1.49371e-16
7.33495e-15
-1.44694e-17
1.5708e-15
-8.07917e-19
3.06224e-16
-1.93208e-20
2.93224e-17
1.09098e-18
5.81011e-08
-5.37189e-08
2.31963e-07
4.15945e-07
3.82646e-07
3.90237e-07
2.57864e-07
7.79485e-08
6.22412e-10
3.82462e-09
5.86421e-08
1.96982e-09
3.32241e-08
5.81738e-08
1.98923e-08
5.41775e-08
1.47115e-08
4.94559e-08
1.63451e-08
4.88107e-08
4.43353e-06
1.02414e-05
1.69149e-05
2.93243e-05
1.72484e-05
3.14908e-05
1.83639e-05
3.01576e-05
5.62693e-06
7.35844e-06
9.55402e-07
5.74444e-07
5.47721e-07
1.60559e-07
1.97003e-07
9.11605e-08
4.26522e-08
6.74017e-08
-1.90746e-08
5.94534e-08
-3.49814e-08
4.2138e-08
-2.58043e-08
2.61631e-08
-1.50711e-08
1.46476e-08
-7.70249e-09
7.59804e-09
-3.60032e-09
3.76685e-09
-1.54507e-09
1.83161e-09
-5.95674e-10
8.48728e-10
-2.04338e-10
3.57488e-10
-6.08092e-11
1.24989e-10
-1.50821e-11
3.66432e-11
-2.94679e-12
8.87715e-12
-4.63869e-13
1.84895e-12
-6.04689e-14
3.85863e-13
-7.025e-15
1.10049e-13
-7.00025e-16
2.1031e-14
-1.02262e-16
2.88198e-15
-6.82223e-18
9.94709e-16
-4.2805e-19
1.52036e-16
-9.57414e-21
1.43026e-17
5.0294e-19
1.8903e-07
2.73617e-07
9.2014e-08
5.52588e-07
1.1046e-07
3.68841e-08
2.14905e-08
-1.90431e-08
4.02408e-08
-6.81854e-10
5.35223e-08
8.40275e-09
1.38754e-07
8.95389e-07
2.79792e-08
1.6579e-07
1.78681e-08
5.54531e-08
4.81087e-06
1.38372e-05
1.35826e-05
3.14496e-05
1.53189e-05
3.08896e-05
1.56814e-05
2.95572e-05
6.14185e-06
1.06726e-05
3.1917e-07
8.59188e-07
1.73657e-07
1.88605e-07
5.48857e-08
7.51372e-08
1.15703e-09
4.7686e-08
-2.96582e-08
3.54973e-08
-2.92146e-08
2.6356e-08
-1.99693e-08
1.71027e-08
-1.14258e-08
9.80098e-09
-5.8624e-09
5.18612e-09
-2.79639e-09
2.6042e-09
-1.26418e-09
1.27393e-09
-5.36173e-10
6.17094e-10
-2.06527e-10
2.86088e-10
-7.08255e-11
1.20721e-10
-2.09823e-11
4.23489e-11
-5.17192e-12
1.23706e-11
-9.9549e-13
3.034e-12
-1.55155e-13
6.59243e-13
-2.07872e-14
1.82936e-13
-2.68254e-15
4.66283e-14
-2.66442e-16
8.12783e-15
-3.83646e-17
2.0244e-15
-3.52588e-18
4.97903e-16
-2.1781e-19
7.37959e-17
-4.55646e-21
6.83467e-18
2.26771e-19
-5.1243e-08
5.42352e-07
-3.48848e-10
5.41688e-07
-3.09198e-09
-1.05533e-08
2.25152e-08
-2.63095e-08
3.93982e-08
-4.36509e-09
4.30575e-08
1.23827e-08
1.92534e-06
3.20654e-06
2.86319e-06
1.69704e-05
1.02151e-05
2.92274e-05
1.30136e-05
3.33816e-05
1.35944e-05
3.23122e-05
1.485e-05
3.13326e-05
8.32661e-06
1.76598e-05
6.68302e-08
8.84897e-07
1.63699e-08
3.2475e-07
1.09171e-08
7.63441e-08
-1.69973e-08
4.03598e-08
-2.43816e-08
2.27898e-08
-2.04253e-08
1.50015e-08
-1.39084e-08
1.01333e-08
-8.04095e-09
6.13603e-09
-4.17866e-09
3.3499e-09
-2.03302e-09
1.72215e-09
-9.46353e-10
8.55184e-10
-4.24785e-10
4.18455e-10
-1.80371e-10
2.03441e-10
-6.97195e-11
9.46434e-11
-2.38969e-11
4.01313e-11
-7.02009e-12
1.41043e-11
-1.69938e-12
4.06427e-12
-3.19169e-13
1.04261e-12
-4.98562e-14
2.66102e-13
-7.48261e-15
8.39736e-14
-9.59703e-16
1.82446e-14
-1.87045e-16
3.16371e-15
-1.63404e-17
1.30332e-15
-1.75578e-18
2.43196e-16
-1.06958e-19
3.5018e-17
-2.09229e-21
3.19917e-18
9.99493e-20
-2.67142e-07
6.60093e-07
-2.06557e-08
1.32398e-07
-4.94749e-09
-1.57191e-08
3.8092e-09
-2.12628e-08
2.54377e-08
-7.96804e-09
3.63724e-08
1.19433e-08
5.74559e-06
2.77543e-06
1.19417e-05
2.67201e-05
1.13866e-05
3.32519e-05
1.26253e-05
3.41906e-05
1.36761e-05
3.28847e-05
1.14635e-05
2.54895e-05
3.10883e-07
2.10508e-06
-2.84555e-08
3.57411e-07
7.68125e-10
1.13097e-07
-2.17321e-08
4.49661e-08
-1.79049e-08
1.86922e-08
-1.2976e-08
9.47661e-09
-8.72994e-09
5.68086e-09
-5.23382e-09
3.55469e-09
-2.8033e-09
2.04833e-09
-1.39598e-09
1.08698e-09
-6.66274e-10
5.52063e-10
-3.08953e-10
2.74092e-10
-1.39068e-10
1.34908e-10
-5.92891e-11
6.60337e-11
-2.29739e-11
3.08347e-11
-7.83707e-12
1.31376e-11
-2.26454e-12
4.60506e-12
-5.22906e-13
1.37946e-12
-9.94454e-14
3.64989e-13
-1.66577e-14
1.23728e-13
-2.72439e-15
3.31404e-14
-4.86597e-16
6.74564e-15
-8.29531e-17
1.69552e-15
-8.07383e-18
6.39076e-16
-8.45231e-19
1.15916e-16
-5.08549e-20
1.62449e-17
-9.30087e-22
1.46661e-18
4.30403e-20
-1.61997e-07
2.55572e-08
-4.60815e-08
-8.26034e-09
-2.5837e-08
-1.25242e-08
-1.426e-08
-2.3276e-08
3.47429e-10
-2.02986e-08
3.84336e-08
2.49737e-09
2.97219e-06
1.22791e-06
6.82634e-06
1.36018e-05
1.02783e-05
3.09554e-05
1.19015e-05
3.4434e-05
9.88054e-06
2.60201e-05
9.13248e-07
3.47813e-06
-3.09537e-08
4.02375e-07
-2.2285e-08
1.92505e-07
-2.77339e-08
6.67543e-08
-1.47481e-08
2.0437e-08
-8.57958e-09
7.44441e-09
-5.26693e-09
3.49356e-09
-3.17394e-09
1.96859e-09
-1.77292e-09
1.16928e-09
-9.12753e-10
6.53283e-10
-4.46516e-10
3.41861e-10
-2.12257e-10
1.73168e-10
-9.87394e-11
8.64337e-11
-4.4633e-11
4.29195e-11
-1.907e-11
2.11747e-11
-7.36216e-12
9.90952e-12
-2.47737e-12
4.22192e-12
-6.91129e-13
1.50544e-12
-1.57297e-13
4.80142e-13
-3.14606e-14
1.59597e-13
-5.85419e-15
5.34065e-14
-9.60648e-16
1.21705e-14
-2.31437e-16
2.59924e-15
-2.74111e-17
1.30636e-15
-3.86038e-18
3.05102e-16
-3.94291e-19
5.39178e-17
-2.34668e-20
7.36729e-18
-4.01246e-22
6.58414e-19
1.80999e-20
-2.58242e-08
7.81676e-10
-3.56222e-08
2.52958e-09
-3.35044e-08
-2.36465e-09
-4.32526e-08
-2.30051e-08
-1.78916e-08
-4.6462e-08
4.06344e-08
-4.99479e-08
1.33792e-08
1.36675e-07
3.08697e-06
3.30778e-07
6.91523e-06
8.26478e-06
4.22606e-06
9.64366e-06
4.6511e-07
1.92364e-06
8.88005e-09
6.77938e-07
-9.27979e-08
3.03052e-07
-4.33954e-08
1.01689e-07
-1.6124e-08
2.76565e-08
-6.69361e-09
7.52224e-09
-3.36267e-09
2.58843e-09
-1.87763e-09
1.1676e-09
-1.06001e-09
6.35823e-10
-5.6852e-10
3.66708e-10
-2.86976e-10
2.01695e-10
-1.3951e-10
1.05101e-10
-6.63855e-11
5.34464e-11
-3.09954e-11
2.69044e-11
-1.40251e-11
1.35211e-11
-5.96686e-12
6.70112e-12
-2.26645e-12
3.12958e-12
-7.43388e-13
1.3476e-12
-1.9939e-13
5.19309e-13
-4.93715e-14
1.84331e-13
-1.06934e-14
7.33901e-14
-2.05119e-15
1.92445e-14
-3.27714e-16
4.34436e-15
-7.64018e-17
1.78551e-15
-1.2999e-17
6.20095e-16
-1.78923e-18
1.41875e-16
-1.78538e-19
2.44774e-17
-1.05277e-20
3.26631e-18
-1.68292e-22
2.89443e-19
7.43024e-21
-1.26064e-08
2.40836e-08
-2.57634e-08
2.73073e-08
-2.8423e-08
1.12872e-08
-6.58345e-08
-6.44787e-09
-1.07616e-07
-2.423e-08
-1.27364e-07
-5.1666e-08
-2.10382e-07
-5.79162e-08
-1.21522e-06
-1.06566e-07
-8.56084e-07
-3.14999e-07
-6.29842e-07
5.89269e-07
-3.93812e-07
6.69218e-07
-2.12346e-07
3.29802e-07
-7.65339e-08
1.1779e-07
-2.22385e-08
3.51522e-08
-6.67687e-09
8.80126e-09
-2.49518e-09
2.33552e-09
-1.16574e-09
7.98904e-10
-6.17343e-10
3.58579e-10
-3.35825e-10
1.93642e-10
-1.76194e-10
1.10517e-10
-8.81215e-11
6.05918e-11
-4.27619e-11
3.16624e-11
-2.03722e-11
1.62695e-11
-9.50301e-12
8.25209e-12
-4.27757e-12
4.22576e-12
-1.78786e-12
2.07853e-12
-6.62814e-13
1.03195e-12
-2.11659e-13
4.64794e-13
-6.10899e-14
1.88008e-13
-1.63788e-14
7.96902e-14
-3.63854e-15
2.68808e-14
-6.91464e-16
6.64731e-15
-2.12005e-16
1.82406e-15
-3.21693e-17
1.06571e-15
-5.97493e-18
2.8729e-16
-8.04885e-19
6.42836e-17
-7.85661e-20
1.08464e-17
-4.59777e-21
1.41571e-18
-6.8675e-23
1.24594e-19
2.97632e-21
9.01299e-10
4.16671e-08
-7.05847e-09
4.63365e-08
-2.10752e-08
3.07797e-08
-6.26376e-08
1.42919e-08
-7.7839e-08
-2.87334e-08
-9.26499e-08
-2.57327e-08
-3.63689e-07
-2.88153e-08
-6.96053e-07
-1.47064e-08
-1.05986e-06
-9.04528e-08
-7.46943e-07
9.61371e-08
-3.25473e-07
1.36148e-07
-1.07496e-07
7.85031e-08
-3.0435e-08
2.9952e-08
-7.82591e-09
9.08498e-09
-2.22325e-09
2.3123e-09
-8.06673e-10
6.30309e-10
-3.67762e-10
2.22634e-10
-1.90632e-10
1.02489e-10
-1.01977e-10
5.6097e-11
-5.2975e-11
3.21483e-11
-2.64017e-11
1.77785e-11
-1.27822e-11
9.34765e-12
-6.07847e-12
4.88579e-12
-2.80181e-12
2.4668e-12
-1.24862e-12
1.33351e-12
-5.08198e-13
7.09994e-13
-1.90906e-13
3.59154e-13
-6.37912e-14
1.70845e-13
-2.0337e-14
7.82996e-14
-5.52169e-15
3.1415e-14
-1.20778e-15
9.07731e-15
-2.78447e-16
2.79203e-15
-7.56944e-17
1.31807e-15
-1.46758e-17
4.9528e-16
-2.66485e-18
1.29872e-16
-3.51743e-19
2.83905e-17
-3.36258e-20
4.69169e-18
-1.95665e-21
5.99893e-19
-2.72397e-23
5.25185e-20
1.16293e-21
3.85946e-09
5.78895e-08
8.08447e-09
5.62424e-08
3.0307e-09
5.00941e-08
-1.02908e-07
1.28094e-05
-4.84731e-08
1.38496e-06
-5.62213e-08
5.11065e-11
-9.20397e-08
-1.70513e-10
-1.40845e-07
-5.55452e-10
-2.37422e-07
-1.45656e-08
-1.83554e-07
1.129e-08
-8.53673e-08
2.02345e-08
-2.96589e-08
1.39527e-08
-8.42208e-09
5.94112e-09
-2.17511e-09
1.95055e-09
-6.28534e-10
5.33723e-10
-2.32143e-10
1.54563e-10
-1.0692e-10
5.75995e-11
-5.55869e-11
2.77327e-11
-2.96761e-11
1.5642e-11
-1.53642e-11
9.06548e-12
-7.6453e-12
5.10043e-12
-3.67301e-12
2.69957e-12
-1.73498e-12
1.46518e-12
-7.83884e-13
8.20903e-13
-3.54073e-13
4.62079e-13
-1.48094e-13
2.46438e-13
-5.81417e-14
1.39388e-13
-2.12981e-14
7.05676e-14
-6.82867e-15
3.09258e-14
-1.82479e-15
1.03483e-14
-3.88972e-16
3.1511e-15
-1.24782e-16
1.70906e-15
-2.98222e-17
7.44583e-16
-6.50604e-18
2.24047e-16
-1.1542e-18
5.72661e-17
-1.49421e-19
1.22254e-17
-1.40047e-20
1.98129e-18
-8.11746e-22
2.48539e-19
-1.0473e-23
2.1678e-20
4.43119e-22
1.56238e-08
7.21034e-08
2.7798e-08
6.42906e-08
4.60674e-07
9.62382e-07
1.96702e-06
7.34547e-05
-2.26002e-09
6.11184e-05
-7.66732e-09
3.02659e-09
-1.08616e-08
3.44609e-09
-1.54249e-08
-2.86391e-10
-3.24347e-08
-4.76156e-10
-2.98244e-08
8.51503e-10
-1.60794e-08
2.5077e-09
-6.1378e-09
2.11315e-09
-1.87493e-09
1.0459e-09
-5.18932e-10
3.82888e-10
-1.58524e-10
1.1413e-10
-6.11747e-11
3.5626e-11
-2.90113e-11
1.42254e-11
-1.53246e-11
7.2208e-12
-8.22888e-12
4.25706e-12
-4.24468e-12
2.48768e-12
-2.10329e-12
1.45129e-12
-1.00221e-12
8.42542e-13
-4.78124e-13
4.9288e-13
-2.26472e-13
2.83312e-13
-1.04147e-13
1.75133e-13
-4.67226e-14
1.05166e-13
-1.96783e-14
5.77936e-14
-7.15054e-15
2.70242e-14
-2.18355e-15
1.01273e-14
-6.02024e-16
3.43224e-15
-2.37595e-16
1.61844e-15
-5.16218e-17
9.8052e-16
-1.31549e-17
3.37127e-16
-2.80284e-18
9.86708e-17
-4.8574e-19
2.46247e-17
-6.17282e-20
5.13447e-18
-5.67828e-21
8.16943e-19
-3.28265e-22
1.00689e-19
-3.88922e-24
8.76231e-21
1.64643e-22
1.93378e-08
9.21441e-08
2.04928e-08
8.57987e-08
9.7639e-06
4.61602e-05
1.19358e-05
7.37509e-05
4.27266e-06
7.09472e-05
-1.49765e-06
4.76974e-05
-3.2821e-09
6.39096e-07
-2.45338e-09
1.97661e-11
-3.54746e-09
8.4244e-12
-3.7189e-09
1.4594e-10
-2.49909e-09
2.74283e-10
-1.09378e-09
3.1075e-10
-3.73371e-10
1.79461e-10
-1.12603e-10
7.32592e-11
-3.69594e-11
2.37292e-11
-1.5046e-11
7.97588e-12
-7.40712e-12
3.43626e-12
-3.97436e-12
1.81085e-12
-2.15149e-12
1.16786e-12
-1.1058e-12
7.50928e-13
-5.5592e-13
4.71006e-13
-2.77493e-13
2.82681e-13
-1.37559e-13
1.80134e-13
-6.97502e-14
1.20275e-13
-3.50857e-14
7.57313e-14
-1.62476e-14
4.40149e-14
-6.53506e-15
2.11673e-14
-2.2569e-15
8.7271e-15
-7.30472e-16
3.33535e-15
-3.0595e-16
1.77138e-15
-7.64584e-17
1.16222e-15
-2.26358e-17
4.42141e-16
-5.6321e-18
1.48082e-16
-1.17345e-18
4.23114e-17
-1.98719e-19
1.0325e-17
-2.48069e-20
2.10377e-18
-2.24212e-21
3.28937e-19
-1.2935e-22
3.98925e-20
-1.39152e-24
3.46814e-21
5.96595e-23
4.06773e-06
3.29025e-05
1.14994e-05
6.19312e-05
1.15864e-05
6.91195e-05
1.20701e-05
7.47705e-05
1.12549e-05
7.42651e-05
4.18262e-06
6.87389e-05
-2.37706e-10
8.07816e-06
-2.38867e-10
7.02471e-11
-4.42267e-10
1.7231e-10
-4.66299e-10
4.24544e-11
-3.67197e-10
3.97194e-11
-1.8553e-10
5.1627e-11
-7.07713e-11
3.28327e-11
-2.33076e-11
1.43898e-11
-8.18888e-12
4.92823e-12
-3.49161e-12
1.76956e-12
-1.78176e-12
8.46228e-13
-9.66217e-13
5.37461e-13
-5.44895e-13
3.76361e-13
-2.94764e-13
2.45449e-13
-1.5429e-13
1.66984e-13
-8.30639e-14
1.17801e-13
-4.5739e-14
7.99443e-14
-2.45988e-14
5.19838e-14
-1.21018e-14
2.98093e-14
-5.2829e-15
1.47818e-14
-2.05732e-15
6.65391e-15
-7.58622e-16
2.94112e-15
-3.57224e-16
1.77669e-15
-1.0075e-16
1.26177e-15
-3.3268e-17
5.23621e-16
-9.61434e-18
1.93308e-16
-2.34085e-18
6.31968e-17
-4.77476e-19
1.76694e-17
-7.90582e-20
4.22144e-18
-9.70065e-21
8.41174e-19
-8.6251e-22
1.29353e-19
-4.96482e-23
1.54584e-20
-4.79451e-25
1.34405e-21
2.10897e-23
5.9031e-06
5.74002e-05
5.62884e-06
6.57345e-05
6.85139e-06
6.94786e-05
8.85326e-06
7.40178e-05
1.14485e-05
7.29884e-05
6.27777e-06
4.75314e-05
2.15861e-07
7.94707e-06
-2.05413e-10
2.17812e-07
-8.05351e-11
4.11602e-11
-6.23771e-11
1.11054e-11
-5.70418e-11
8.23532e-12
-3.24463e-11
1.07542e-11
-1.34667e-11
6.69395e-12
-4.71992e-12
2.95752e-12
-1.73037e-12
1.01499e-12
-7.75268e-13
4.34955e-13
-4.22138e-13
2.58097e-13
-2.51179e-13
1.71354e-13
-1.46928e-13
1.40352e-13
-8.58279e-14
1.04295e-13
-5.01814e-14
7.45614e-14
-2.93475e-14
5.15186e-14
-1.62234e-14
3.27271e-14
-8.31161e-15
1.84419e-14
-3.82494e-15
9.63222e-15
-1.61149e-15
4.59876e-15
-7.06887e-16
2.77788e-15
-3.68438e-16
1.56316e-15
-1.19601e-16
1.23693e-15
-4.36038e-17
5.65649e-16
-1.40164e-17
2.28405e-16
-3.95937e-18
8.20857e-17
-9.44713e-19
2.62312e-17
-1.88851e-19
7.18776e-18
-3.05965e-20
1.68322e-18
-3.69223e-21
3.28303e-19
-3.23363e-22
4.96882e-20
-1.85634e-23
5.85921e-21
-1.59369e-25
5.09946e-22
7.27651e-24
-2.59195e-06
5.8297e-05
-2.24872e-07
6.4871e-05
2.54983e-06
6.55261e-05
5.82137e-06
7.19456e-05
4.64867e-06
3.77716e-05
3.55076e-07
5.08042e-06
-1.80248e-07
2.65223e-06
-3.77858e-11
1.04457e-07
-1.32929e-11
1.58733e-11
-1.13557e-11
4.33519e-12
-1.04775e-11
2.74299e-12
-6.213e-12
2.60211e-12
-2.62151e-12
1.45679e-12
-9.39364e-13
6.38239e-13
-3.54677e-13
2.54377e-13
-1.83297e-13
1.29437e-13
-1.12402e-13
1.05278e-13
-7.41791e-14
8.22794e-14
-4.80093e-14
6.31563e-14
-3.01076e-14
4.57959e-14
-1.79048e-14
3.07096e-14
-9.98104e-15
1.86406e-14
-5.22813e-15
1.05376e-14
-2.61167e-15
5.74919e-15
-1.18455e-15
3.12768e-15
-5.4347e-16
2.21325e-15
-2.78192e-16
1.6317e-15
-1.27595e-16
1.10817e-15
-5.13752e-17
5.55106e-16
-1.82483e-17
2.45659e-16
-5.72331e-18
9.66432e-17
-1.582e-18
3.3889e-17
-3.70304e-19
1.05976e-17
-7.26171e-20
2.84915e-18
-1.15223e-20
6.54664e-19
-1.36824e-21
1.25106e-19
-1.18186e-22
1.86478e-20
-6.76354e-24
2.17246e-21
-5.12635e-26
1.89395e-22
2.45183e-24
-8.59983e-06
3.83597e-05
-5.02652e-06
3.89266e-05
-1.23034e-06
1.82247e-05
1.04651e-06
1.42402e-05
1.23529e-07
1.99724e-06
1.69328e-08
9.54876e-07
-1.29426e-08
3.00375e-07
-1.73766e-11
4.95573e-08
-4.86192e-12
2.81353e-12
-2.95763e-12
1.09181e-12
-2.3978e-12
8.18958e-13
-1.27557e-12
6.87327e-13
-5.13087e-13
3.7156e-13
-1.89739e-13
1.60946e-13
-8.7424e-14
8.10208e-14
-5.54924e-14
5.96473e-14
-3.91653e-14
4.82809e-14
-2.65889e-14
3.71588e-14
-1.69826e-14
2.53044e-14
-1.01488e-14
1.62384e-14
-5.72605e-15
9.78498e-15
-3.07739e-15
5.71368e-15
-1.5968e-15
3.34148e-15
-8.47765e-16
2.38659e-15
-5.41631e-16
1.52437e-15
-2.4936e-16
1.5382e-15
-1.23461e-16
9.27608e-16
-5.44658e-17
4.98879e-16
-2.13233e-17
2.40355e-16
-7.39261e-18
1.03424e-16
-2.26624e-18
3.97141e-17
-6.13566e-19
1.36127e-17
-1.41011e-19
4.16999e-18
-2.71503e-20
1.10092e-18
-4.22315e-21
2.48433e-19
-4.93765e-22
4.65611e-20
-4.21178e-23
6.83896e-21
-2.40223e-24
7.88015e-22
-1.60036e-26
6.88496e-23
8.07316e-25
-5.89898e-06
-1.65875e-07
-3.19074e-06
1.4792e-06
-1.65185e-06
1.09624e-06
-8.13019e-07
1.34417e-06
-4.58163e-07
8.43577e-07
-2.01664e-07
4.21856e-07
-2.61199e-08
1.23275e-07
-1.8677e-12
8.74185e-09
-9.43353e-13
8.57715e-13
-7.35274e-13
4.1089e-13
-5.55716e-13
2.82743e-13
-2.78982e-13
1.96718e-13
-1.11329e-13
9.60617e-14
-4.86171e-14
5.15198e-14
-2.92617e-14
3.38851e-14
-2.0318e-14
2.61379e-14
-1.37927e-14
1.8343e-14
-8.85858e-15
1.22836e-14
-5.34356e-15
7.88691e-15
-3.08373e-15
4.92426e-15
-1.72409e-15
3.09793e-15
-9.99242e-16
2.32234e-15
-5.60043e-16
1.55506e-15
-3.54848e-16
1.42522e-15
-2.06661e-16
1.15391e-15
-1.09154e-16
7.23678e-16
-5.23789e-17
4.13276e-16
-2.24059e-17
2.15419e-16
-8.55743e-18
1.00639e-16
-2.90096e-18
4.22481e-17
-8.70509e-19
1.58644e-17
-2.31065e-19
5.32346e-18
-5.21755e-20
1.59901e-18
-9.87128e-21
4.14856e-19
-1.50666e-21
9.20142e-20
-1.73549e-22
1.69291e-20
-1.46347e-23
2.45159e-21
-8.31833e-25
2.79658e-22
-4.85721e-27
2.44958e-23
2.59941e-25
-2.69312e-06
-3.09548e-07
-1.90901e-06
1.86615e-07
-1.43429e-06
2.14256e-07
-7.86339e-07
3.33784e-07
-3.50585e-07
2.34918e-07
-9.91276e-08
1.14932e-07
-6.99411e-09
3.16214e-08
-8.18706e-13
1.91174e-09
-3.45818e-13
2.41386e-13
-2.15014e-13
1.29965e-13
-1.40355e-13
9.38463e-14
-6.56772e-14
5.87404e-14
-2.96119e-14
3.21978e-14
-1.60527e-14
1.91023e-14
-1.01765e-14
1.26327e-14
-6.67863e-15
8.24815e-15
-4.26857e-15
5.55505e-15
-2.6202e-15
3.70502e-15
-1.60757e-15
2.87009e-15
-1.22484e-15
2.18147e-15
-6.01888e-16
1.59396e-15
-4.29784e-16
1.38431e-15
-2.75586e-16
1.24308e-15
-1.61968e-16
8.52591e-16
-9.04717e-17
5.37745e-16
-4.58571e-17
3.2351e-16
-2.13526e-17
1.77322e-16
-8.8966e-18
8.97014e-17
-3.32266e-18
4.08238e-17
-1.10319e-18
1.67611e-17
-3.24452e-19
6.16523e-18
-8.45104e-20
2.02796e-18
-1.87608e-20
5.97857e-19
-3.49022e-21
1.52528e-19
-5.23218e-22
3.32754e-20
-5.9411e-23
6.01528e-21
-4.95737e-24
8.59251e-22
-2.80778e-25
9.71136e-23
-1.43391e-27
8.52956e-24
8.19014e-26
-7.37649e-07
-2.43674e-08
-6.20288e-07
3.0814e-09
-4.89054e-07
2.00991e-08
-2.72268e-07
5.24363e-08
-1.11072e-07
4.23164e-08
-2.75281e-08
2.16454e-08
-1.59387e-09
5.87455e-09
-2.67321e-13
3.54205e-10
-1.10875e-13
5.98733e-14
-6.22157e-14
3.80529e-14
-3.81341e-14
3.51271e-14
-1.85264e-14
1.90474e-14
-9.1667e-15
1.06771e-14
-5.06207e-15
6.01939e-15
-3.01036e-15
3.67378e-15
-1.98126e-15
2.82158e-15
-1.33198e-15
2.27336e-15
-8.36524e-16
1.51998e-15
-6.12981e-16
1.61363e-15
-4.47999e-16
1.50334e-15
-3.06483e-16
1.16661e-15
-2.01114e-16
8.49588e-16
-1.2439e-16
5.95064e-16
-7.02669e-17
3.93976e-16
-3.78027e-17
2.38974e-16
-1.85251e-17
1.38533e-16
-8.38662e-18
7.34412e-17
-3.4132e-18
3.61326e-17
-1.24877e-18
1.60671e-17
-4.06663e-19
6.46392e-18
-1.17352e-19
2.33257e-18
-3.0021e-20
7.53008e-19
-6.55579e-21
2.18077e-19
-1.20004e-21
5.4743e-20
-1.76846e-22
1.17543e-20
-1.9806e-23
2.08953e-21
-1.63658e-24
2.94539e-22
-9.23463e-26
3.30033e-23
-4.11597e-28
2.90679e-24
2.52707e-26
-9.53742e-08
-1.79201e-09
-9.66361e-08
-3.32158e-09
-8.91604e-08
1.39295e-09
-5.34293e-08
5.42932e-09
-2.20501e-08
5.5175e-09
-5.32738e-09
3.09496e-09
-3.03775e-10
8.78095e-10
-7.32489e-14
5.70471e-11
-3.10603e-14
1.38217e-14
-1.89939e-14
1.10916e-14
-1.0887e-14
1.07645e-14
-5.17659e-15
5.3817e-15
-2.59177e-15
2.95202e-15
-1.51266e-15
2.16099e-15
-9.33997e-16
1.43405e-15
-7.54864e-16
1.54891e-15
-6.00708e-16
1.57953e-15
-4.40826e-16
1.33272e-15
-3.0574e-16
1.03795e-15
-2.13877e-16
7.65033e-16
-1.40269e-16
5.69691e-16
-8.88965e-17
3.98503e-16
-5.32612e-17
2.69969e-16
-2.90804e-17
1.7334e-16
-1.51329e-17
1.01718e-16
-7.20479e-18
5.7077e-17
-3.1783e-18
2.94147e-17
-1.26605e-18
1.41086e-17
-4.54411e-19
6.14307e-18
-1.45326e-19
2.42534e-18
-4.11905e-20
8.5979e-19
-1.03577e-20
2.72697e-19
-2.22615e-21
7.765e-20
-4.01188e-22
1.91899e-20
-5.81657e-23
4.05778e-21
-6.42839e-24
7.0989e-22
-5.26332e-25
9.87801e-23
-2.95784e-26
1.09785e-23
-1.14803e-28
9.69568e-25
7.64184e-27
-6.70544e-09
-1.86091e-10
-1.06125e-08
-4.20024e-10
-1.07191e-08
2.52206e-11
-7.28312e-09
4.69004e-10
-3.23626e-09
6.03041e-10
-8.15267e-10
3.80597e-10
-4.98911e-11
1.1479e-10
-1.7617e-14
8.23029e-12
-8.1827e-15
3.36823e-15
-5.01549e-15
3.09157e-15
-2.78273e-15
2.55918e-15
-1.47838e-15
1.89735e-15
-8.15938e-16
1.16953e-15
-6.5996e-16
1.20055e-15
-5.09584e-16
1.22322e-15
-3.84555e-16
1.01002e-15
-2.93219e-16
8.13424e-16
-2.07536e-16
6.6125e-16
-1.42055e-16
4.98885e-16
-9.57784e-17
3.64151e-16
-6.07768e-17
2.62071e-16
-3.72988e-17
1.77751e-16
-2.17068e-17
1.16806e-16
-1.15087e-17
7.29479e-17
-5.81529e-18
4.16123e-17
-2.69953e-18
2.26932e-17
-1.163e-18
1.14112e-17
-4.54171e-19
5.34854e-18
-1.60108e-19
2.28424e-18
-5.03441e-20
8.86172e-19
-1.40284e-20
3.0899e-19
-3.4701e-21
9.638e-20
-7.34439e-22
2.70055e-20
-1.30376e-22
6.57406e-21
-1.86105e-23
1.3697e-21
-2.03053e-24
2.35985e-22
-1.64813e-25
3.2425e-23
-9.22077e-27
3.57554e-24
-3.10911e-29
3.16573e-25
2.26671e-27
-4.6064e-10
-1.39585e-11
-9.64468e-10
-3.64183e-11
-1.10172e-09
-1.2194e-11
-8.34777e-10
3.92302e-11
-4.03421e-10
5.9065e-11
-1.0845e-10
4.2455e-11
-7.33452e-12
1.35146e-11
-4.17679e-15
1.05384e-12
-1.9197e-15
1.01048e-15
-1.36548e-15
1.01964e-15
-8.03383e-16
9.27933e-16
-6.21087e-16
1.00306e-15
-4.36881e-16
9.90961e-16
-3.2223e-16
7.56771e-16
-2.4287e-16
6.02727e-16
-1.8143e-16
4.88607e-16
-1.33644e-16
3.91503e-16
-9.22929e-17
3.08789e-16
-6.19208e-17
2.28129e-16
-4.04669e-17
1.63707e-16
-2.49896e-17
1.1448e-16
-1.48938e-17
7.57169e-17
-8.43968e-18
4.84015e-17
-4.36213e-18
2.94728e-17
-2.14756e-18
1.64084e-17
-9.74809e-19
8.72676e-18
-4.11013e-19
4.29429e-18
-1.57572e-19
1.9712e-18
-5.46175e-20
8.2693e-19
-1.69027e-20
3.15587e-19
-4.63457e-21
1.08349e-19
-1.12857e-21
3.32679e-20
-2.35334e-22
9.17967e-21
-4.11708e-23
2.20234e-21
-5.79002e-24
4.5234e-22
-6.23885e-25
7.67991e-23
-5.02173e-26
1.04226e-23
-2.79571e-27
1.14047e-24
-8.166e-30
1.01199e-25
6.60067e-28
-2.76599e-11
-8.76051e-13
-7.50833e-11
-2.59542e-12
-1.0301e-10
-1.83305e-12
-8.53747e-11
3.22527e-12
-4.51678e-11
5.40361e-12
-1.2941e-11
4.41404e-12
-9.6306e-13
1.42658e-12
-1.10972e-15
1.13515e-13
-6.76644e-16
4.54361e-16
-5.674e-16
8.16428e-16
-3.92177e-16
7.63118e-16
-2.7839e-16
5.82531e-16
-1.99314e-16
4.53158e-16
-1.46073e-16
3.53277e-16
-1.08319e-16
2.80484e-16
-7.95537e-17
2.24436e-16
-5.70212e-17
1.77354e-16
-3.86307e-17
1.36504e-16
-2.54066e-17
9.91876e-17
-1.61739e-17
6.9931e-17
-9.76047e-18
4.77294e-17
-5.66731e-18
3.09013e-17
-3.13449e-18
1.92721e-17
-1.58473e-18
1.14683e-17
-7.62431e-19
6.25202e-18
-3.39212e-19
3.25236e-18
-1.40252e-19
1.56992e-18
-5.28511e-20
7.07152e-19
-1.80296e-20
2.91765e-19
-5.49687e-21
1.09645e-19
-1.48431e-21
3.71019e-20
-3.56069e-22
1.12234e-20
-7.31889e-23
3.05192e-21
-1.26243e-23
7.21982e-22
-1.75021e-24
1.46247e-22
-1.86302e-25
2.44827e-23
-1.4874e-26
3.2824e-24
-8.23703e-28
3.56396e-25
-2.07761e-30
3.168e-26
1.88872e-28
-1.68125e-12
-3.83392e-14
-5.46108e-12
-1.47019e-13
-8.98163e-12
-1.48565e-13
-7.99948e-12
3.03845e-13
-4.61814e-12
4.97584e-13
-1.37716e-12
4.36443e-13
-1.06586e-13
1.31783e-13
-5.39811e-16
9.28746e-15
-2.84389e-16
1.97258e-16
-2.2667e-16
3.61372e-16
-1.60018e-16
3.1977e-16
-1.14885e-16
2.48717e-16
-8.36706e-17
1.95469e-16
-6.12446e-17
1.54993e-16
-4.4961e-17
1.22975e-16
-3.25169e-17
9.75167e-17
-2.28279e-17
7.59807e-17
-1.52315e-17
5.73596e-17
-9.84187e-18
4.11077e-17
-6.12983e-18
2.85144e-17
-3.62696e-18
1.90659e-17
-2.05825e-18
1.21176e-17
-1.11383e-18
7.39445e-18
-5.52444e-19
4.30969e-18
-2.60417e-19
2.30699e-18
-1.13796e-19
1.17684e-18
-4.62209e-20
5.58348e-19
-1.71394e-20
2.47231e-19
-5.75958e-21
1.00437e-19
-1.73139e-21
3.72e-20
-4.60787e-22
1.24174e-20
-1.08963e-22
3.70373e-21
-2.2088e-23
9.9315e-22
-3.75802e-24
2.31779e-22
-5.13893e-25
4.63231e-23
-5.40547e-26
7.65025e-24
-4.28149e-27
1.01341e-24
-2.3566e-28
1.09165e-25
-5.09082e-31
9.71472e-27
5.31557e-29
-1.08769e-13
4.8026e-16
-3.7383e-13
-6.6722e-15
-7.012e-13
-4.64846e-15
-6.59423e-13
5.19005e-14
-4.14572e-13
7.27406e-14
-1.22231e-13
5.15537e-14
-7.86786e-15
1.42822e-14
-1.07692e-16
1.55525e-15
-1.04319e-16
1.04969e-16
-8.22089e-17
1.45235e-16
-5.95551e-17
1.26137e-16
-4.35596e-17
1.0012e-16
-3.22358e-17
7.98372e-17
-2.36797e-17
6.41455e-17
-1.72964e-17
5.09826e-17
-1.23672e-17
4.01828e-17
-8.55346e-18
3.09387e-17
-5.64012e-18
2.30088e-17
-3.5908e-18
1.62999e-17
-2.19659e-18
1.11451e-17
-1.278e-18
7.32335e-18
-7.11033e-19
4.57971e-18
-3.77407e-19
2.74171e-18
-1.84107e-19
1.5684e-18
-8.52323e-20
8.26308e-19
-3.66467e-20
4.14237e-19
-1.46462e-20
1.93498e-19
-5.34997e-21
8.43537e-20
-1.77245e-21
3.37752e-20
-5.25777e-22
1.23393e-20
-1.38015e-22
4.06627e-21
-3.21914e-23
1.19674e-21
-6.43848e-24
3.16637e-22
-1.08095e-24
7.29322e-23
-1.45867e-25
1.4387e-23
-1.51637e-26
2.34504e-24
-1.19144e-27
3.06964e-25
-6.52535e-29
3.27955e-26
-1.20812e-31
2.91944e-27
1.47274e-29
-6.4582e-15
3.20049e-16
-2.34632e-14
1.50624e-15
-5.41427e-14
5.2786e-15
-5.56903e-14
2.09653e-14
-4.0086e-14
2.47502e-14
-1.13894e-14
1.05768e-14
-7.22379e-16
2.76283e-15
-3.19805e-17
6.03302e-16
-3.51471e-17
4.50402e-17
-2.79632e-17
5.42585e-17
-2.08298e-17
4.71108e-17
-1.55886e-17
3.81554e-17
-1.17204e-17
3.09478e-17
-8.6676e-18
2.51507e-17
-6.32135e-18
2.00603e-17
-4.48476e-18
1.57518e-17
-3.06909e-18
1.20169e-17
-2.00504e-18
8.83566e-18
-1.26076e-18
6.1995e-18
-7.59709e-19
4.18676e-18
-4.3557e-19
2.71072e-18
-2.38191e-19
1.67126e-18
-1.24261e-19
9.83996e-19
-5.97362e-20
5.53612e-19
-2.72097e-20
2.87632e-19
-1.15275e-20
1.41973e-19
-4.539e-21
6.53913e-20
-1.63465e-21
2.81047e-20
-5.34276e-22
1.11016e-20
-1.5649e-22
4.00364e-21
-4.05418e-23
1.30344e-21
-9.33185e-24
3.7879e-22
-1.84226e-24
9.89464e-23
-3.0531e-25
2.2504e-23
-4.0677e-26
4.38339e-24
-4.18239e-27
7.05494e-25
-3.26542e-28
9.12676e-26
-1.77428e-29
9.66656e-27
-2.62797e-32
8.5981e-28
4.02191e-30
-6.78496e-16
-1.46654e-15
-4.97196e-15
-5.59853e-15
-3.63228e-15
-7.74454e-16
-1.38399e-16
-8.90844e-18
-9.43254e-18
-7.74015e-18
-5.985e-18
-4.62366e-18
-3.5551e-18
-2.66617e-18
-1.9553e-18
-1.38585e-18
-9.44539e-19
-6.14196e-19
-3.83029e-19
-2.28274e-19
-1.29375e-19
-6.9761e-20
-3.5865e-20
-1.7028e-20
-7.64659e-21
-3.19673e-21
-1.24175e-21
-4.41282e-22
-1.42385e-22
-4.12031e-23
-1.05407e-23
-2.39529e-24
-4.66882e-25
-7.63931e-26
-1.00488e-26
-1.02036e-27
-7.88753e-29
-4.26099e-30
-6.43861e-33
)
;

boundaryField
{
    leftWall
    {
        type            calculated;
        value           nonuniform 0();
    }
    rightWall
    {
        type            calculated;
        value           uniform 0;
    }
    lowerWall
    {
        type            calculated;
        value           nonuniform 0();
    }
    atmosphere
    {
        type            calculated;
        value           nonuniform List<scalar> 
45
(
0
0
0
1.39878e-18
2.3078e-17
1.95533e-16
7.18433e-16
2.80114e-15
7.07232e-15
8.31157e-15
4.20193e-15
1.20008e-15
2.10319e-16
1.71077e-17
1.93315e-17
1.69322e-17
1.39766e-17
1.15275e-17
9.46356e-18
7.57925e-18
5.93766e-18
4.49755e-18
3.27794e-18
2.28116e-18
1.52397e-18
9.74151e-19
5.93024e-19
3.44063e-19
1.90713e-19
9.78602e-20
4.76301e-20
2.16554e-20
9.1856e-21
3.58202e-21
1.27586e-21
4.10562e-22
1.17866e-22
3.04073e-23
6.83028e-24
1.31389e-24
2.08843e-25
2.66988e-26
2.80158e-27
2.48789e-28
1.08268e-30
)
;
    }
    defaultFaces
    {
        type            empty;
        value           nonuniform 0();
    }
    procBoundary3to1
    {
        type            processor;
        value           nonuniform List<scalar> 
45
(
7.88905e-16
9.77053e-16
1.37302e-15
2.16352e-15
3.07064e-15
4.04585e-15
3.74747e-15
2.49923e-15
9.92065e-16
-1.24788e-15
-3.77552e-14
-4.58901e-14
-6.62952e-14
-1.48693e-14
-5.14546e-12
-9.80795e-12
-1.63627e-11
-3.70532e-09
-2.58707e-08
-3.69123e-08
-3.1976e-08
-1.37064e-08
-2.52558e-08
-1.62867e-08
-4.72604e-09
-2.00865e-09
-1.36218e-09
-1.58962e-07
-1.77213e-05
-7.17897e-05
-7.32196e-05
-6.51181e-05
-3.44826e-05
-4.84848e-06
-1.68511e-06
-6.12177e-07
-2.00829e-07
-4.69615e-08
-8.37938e-09
-1.22364e-09
-1.47706e-10
-1.42102e-11
-1.0012e-12
-5.44693e-14
-3.29168e-15
)
;
    }
    procBoundary3to2
    {
        type            processor;
        value           nonuniform List<scalar> 
43
(
-2.09475e-15
-2.52153e-15
-3.69246e-15
-6.45714e-15
-1.05791e-14
-1.62452e-14
-2.37093e-14
-3.49889e-14
-4.92461e-14
-6.08797e-14
-6.89276e-14
-8.11195e-14
-1.50187e-13
-4.71543e-13
-9.31688e-13
-9.94244e-13
-6.78587e-13
-9.07622e-13
-2.96733e-12
-9.57221e-12
-2.92441e-11
-7.5451e-11
-2.49748e-10
-9.47736e-10
-1.65485e-09
-1.99286e-09
-3.90649e-09
-5.00698e-09
-4.06403e-09
-1.71796e-10
-2.79431e-09
-2.30755e-09
1.02744e-08
8.88002e-09
1.81405e-09
1.52227e-10
7.09081e-12
2.4767e-13
6.2711e-15
4.62457e-16
2.33902e-17
4.7743e-19
6.60362e-22
)
;
    }
}


// ************************************************************************* //
