/*--------------------------------*- C++ -*----------------------------------*\
| =========                 |                                                 |
| \\      /  F ield         | OpenFOAM: The Open Source CFD Toolbox           |
|  \\    /   O peration     | Version:  3.0.1                                 |
|   \\  /    A nd           | Web:      www.OpenFOAM.org                      |
|    \\/     M anipulation  |                                                 |
\*---------------------------------------------------------------------------*/
FoamFile
{
    version     2.0;
    format      ascii;
    class       surfaceScalarField;
    location    "0.3";
    object      phi;
}
// * * * * * * * * * * * * * * * * * * * * * * * * * * * * * * * * * * * * * //

dimensions      [0 3 -1 0 0 0 0];

internalField   nonuniform List<scalar> 
3782
(
-5.38678e-05
0.000175492
-6.29311e-05
0.000180645
-7.24339e-05
0.00018584
-8.24071e-05
0.000190949
-9.28466e-05
0.000195803
-0.000103704
0.000200204
-0.000114885
0.000203934
-0.000126253
0.000206794
-0.000137684
0.000208724
-0.000149152
0.000209875
-0.000160795
0.00021052
-0.000172885
0.00021088
-0.000185735
0.000210975
-0.000199514
0.000210483
-0.000214084
0.000208723
-0.00022894
0.000204806
-0.00024322
0.000197737
-0.000255671
0.000186381
-0.000264574
0.000169652
-0.000267944
0.000147691
-0.000265294
0.000124432
-0.000258849
0.000105579
-0.000251626
9.30202e-05
-0.000245147
8.42205e-05
-0.000239847
7.69717e-05
-0.000236452
7.10619e-05
-0.000235959
6.60898e-05
-0.000240325
6.15491e-05
-0.000253794
5.45789e-05
-0.000276782
3.18381e-05
-0.000297073
-2.87129e-05
-0.000301105
-0.000124911
-0.000279683
-0.000229032
-0.000228109
-0.000306495
-0.000172488
-0.000312832
-0.00013216
-0.000279175
-0.000103467
-0.000241726
-8.28586e-05
-0.000204128
-6.78668e-05
-0.000167883
-5.67878e-05
-0.000133018
-4.85287e-05
-9.86751e-05
-4.24657e-05
-6.30324e-05
-2.22386e-05
0.000183677
-4.81703e-05
0.000191847
-4.51544e-05
0.000199954
-4.17315e-05
-3.78113e-05
0.000207947
0.000189311
-5.68367e-05
0.000198081
-5.39245e-05
0.000206899
-5.05498e-05
-4.66111e-05
0.000215699
0.000195048
-6.60447e-05
0.000204463
-6.33395e-05
0.000214042
-6.01284e-05
-5.63001e-05
0.000223731
0.000200718
-7.58136e-05
0.000210806
-7.34275e-05
0.000221181
-7.05034e-05
-6.69965e-05
0.000231877
0.00020611
-8.61215e-05
0.000216845
-8.41617e-05
0.000228045
-8.17042e-05
-7.89018e-05
0.000239951
0.00021099
-9.69073e-05
0.000222335
-9.55065e-05
0.000234452
-9.38221e-05
-9.23223e-05
0.000247873
0.000215106
-0.000108079
0.000227033
-0.000107434
0.000240185
-0.000106974
-0.000107502
0.000255365
0.000218219
-0.000119504
0.000230628
-0.000119843
0.000244709
-0.000121054
-0.000124133
0.000261339
0.00022025
-0.00013103
0.000232909
-0.000132502
0.000247335
-0.000135481
-0.000140793
0.000263996
0.000221461
-0.000142615
0.000234169
-0.00014521
0.000248148
-0.00014946
-0.00015533
0.000262684
0.000222352
-0.000154448
0.000235178
-0.000158036
0.000248311
-0.000162592
-0.00016641
0.000259391
0.000223303
-0.000166871
0.0002365
-0.000171232
0.000248797
-0.00017489
-0.000174189
0.000256577
0.000224268
-0.000180165
0.000237934
-0.000184898
0.000249272
-0.000186228
-0.000179267
0.00025435
0.000224632
-0.000194314
0.000238393
-0.000198659
0.000248094
-0.000195929
-0.000181496
0.000250324
0.000223265
-0.000208857
0.000236106
-0.0002115
0.000242684
-0.000202507
-0.000179692
0.00024088
0.000218824
-0.000222875
0.000229187
-0.000221862
0.000230756
-0.000204077
-0.00017248
0.000223544
0.000209924
-0.000235061
0.000216048
-0.000227987
0.000211419
-0.000199447
-0.000159995
0.000198933
0.000195069
-0.000243749
0.000195267
-0.000228185
0.000184054
-0.000188234
-0.000140549
0.000164609
0.000172912
-0.000247009
0.000165894
-0.000221168
0.00014664
-0.00016898
-0.000102173
0.000108265
0.000143173
-0.000242491
0.000127508
-0.000205503
9.81168e-05
-0.000139589
-4.21097e-05
3.80532e-05
0.000111016
-0.000229076
8.22439e-05
-0.000176731
3.44085e-05
-9.17535e-05
1.7504e-05
-2.52052e-05
8.70601e-05
-0.000210557
5.16051e-05
-0.000141276
-4.59638e-07
-3.96887e-05
6.0536e-05
-4.34916e-05
7.42586e-05
-0.000191795
4.19189e-05
-0.000108936
3.54937e-06
-1.31925e-06
9.40295e-05
-2.99442e-05
6.84065e-05
-0.000175981
4.20924e-05
-8.26218e-05
1.54121e-05
2.53609e-05
0.000116239
-6.79694e-06
6.39845e-05
-0.000162994
4.21072e-05
-6.07446e-05
2.4051e-05
4.34173e-05
0.000125918
1.43713e-05
5.97959e-05
-0.000151728
4.13555e-05
-4.23042e-05
3.09331e-05
5.38397e-05
0.000125267
3.15848e-05
5.63557e-05
-0.000141994
4.23049e-05
-2.82535e-05
4.13059e-05
5.48386e-05
0.000118009
4.85638e-05
5.66438e-05
-0.000137088
4.96724e-05
-2.1282e-05
5.80956e-05
4.64153e-05
0.00011197
6.41349e-05
6.11828e-05
-0.000143692
7.25745e-05
-3.26736e-05
7.42391e-05
4.47507e-05
0.000121715
6.44934e-05
5.42257e-05
-0.00016608
7.17656e-05
-5.02135e-05
4.6253e-05
7.02633e-05
0.000140891
2.70777e-05
-2.56988e-06
-0.000192223
1.23646e-05
-6.5148e-05
-2.14138e-06
8.47693e-05
0.000144551
-5.80201e-06
-0.00010108
-0.000216054
-7.33207e-05
-9.29074e-05
-4.65028e-05
5.79515e-05
0.000133011
-3.49628e-05
-0.000216727
-0.000228359
-0.000172881
-0.000136754
-0.000106797
-8.13242e-06
9.402e-05
-6.78057e-05
-0.000333176
-0.000201678
-0.000317261
-0.000152668
-0.000257238
-6.81557e-05
2.28472e-05
-0.000186065
-0.000365933
-0.000148577
-0.000397382
-0.00012122
-0.000389699
-7.58389e-05
-1.73252e-05
-0.000349526
-0.000320369
-0.000107383
-0.000358243
-8.33462e-05
-0.000381832
-5.22499e-05
-1.57528e-05
-0.000383404
-0.000268639
-8.04697e-05
-0.000292651
-5.9334e-05
-0.000310665
-3.4236e-05
-6.70665e-06
-0.000319711
-0.000222607
-6.19909e-05
-0.000238405
-4.35362e-05
-0.000249815
-2.2826e-05
-1.11341e-06
-0.000255408
-0.000181036
-4.88383e-05
-0.000192197
-3.2375e-05
-0.000200338
-1.46852e-05
3.7224e-06
-0.000205174
-0.000142781
-3.90749e-05
-0.000151291
-2.38648e-05
-0.000157964
-8.01258e-06
8.17489e-06
-0.000162416
-0.000106236
-3.15137e-05
-0.000113224
-1.68772e-05
-0.00011928
-1.95613e-06
1.28716e-05
-0.000123977
-6.93308e-05
-2.52153e-05
-7.63923e-05
-9.81573e-06
-8.37335e-05
5.38504e-06
1.92828e-05
-9.01446e-05
-2.56706e-05
-3.05313e-05
-3.68377e-05
-4.349e-05
0.000216652
-3.68363e-05
0.000224966
-3.01857e-05
0.00023269
-2.24501e-05
0.000239625
-1.35933e-05
0.000245504
-3.56856e-06
0.000250066
7.46685e-06
0.000252939
1.92242e-05
0.000254198
3.09346e-05
0.000254417
4.25159e-05
0.000253828
5.50635e-05
0.000251671
6.88518e-05
0.000247132
7.99614e-05
0.000240641
8.08624e-05
0.000236044
6.87106e-05
0.000237753
5.43131e-05
0.000242235
5.07706e-05
0.000244989
5.98045e-05
0.00024417
7.45835e-05
0.000239713
8.91072e-05
0.000231847
0.000100768
0.000219765
0.000101467
0.000202968
8.93282e-05
0.000188569
8.64506e-05
0.000182073
0.000110267
0.000178408
0.000108788
0.000175569
0.000101675
0.000172709
9.34834e-05
0.000169746
8.69203e-05
0.000166155
8.35964e-05
0.000161427
9.48114e-05
0.000152726
0.000144373
0.000136033
0.000224858
0.000114798
0.000278893
9.41515e-05
0.000291646
7.5598e-05
0.000287672
5.87639e-05
0.000282289
4.31197e-05
0.000278408
2.82864e-05
0.000275732
1.39508e-05
0.000274274
0.000270425
0.000225417
-4.65536e-05
0.000234878
-3.96476e-05
0.000243856
-3.14277e-05
0.000252062
-2.17995e-05
0.000259228
-1.07345e-05
0.000264937
1.75834e-06
0.000268716
1.54446e-05
0.000270283
2.93682e-05
0.000270329
4.24693e-05
0.00027031
5.50826e-05
0.000270698
6.84641e-05
0.000269525
8.11344e-05
0.000263791
8.65959e-05
0.000254355
7.81471e-05
0.000249383
5.92844e-05
0.000249989
5.0165e-05
0.000250832
5.89614e-05
0.000248723
7.66929e-05
0.000243886
9.39443e-05
0.000236082
0.000108572
0.000225274
0.000112275
0.000209704
0.000104898
0.000188748
0.000107407
0.00017993
0.000119084
0.000176715
0.000112004
0.000174675
0.000103714
0.000172608
9.555e-05
0.000170233
8.9295e-05
0.000166987
8.68425e-05
0.000161099
0.000100699
0.000149187
0.000156285
0.000129199
0.000244846
0.000107385
0.000300708
8.77583e-05
0.000311273
7.04899e-05
0.00030494
5.48276e-05
0.000297951
4.02477e-05
0.000292988
2.64051e-05
0.000289574
1.30126e-05
0.000287666
0.000283438
0.00023465
-5.74726e-05
0.00024557
-5.05684e-05
0.000256236
-4.20929e-05
0.000266276
-3.18399e-05
0.000275242
-1.97007e-05
0.000282494
-5.4932e-06
0.000287388
1.05507e-05
0.00028939
2.7366e-05
0.000288894
4.29654e-05
0.000287692
5.62844e-05
0.000287539
6.86168e-05
0.000287373
8.13003e-05
0.000283426
9.05438e-05
0.00027377
8.78023e-05
0.000262465
7.059e-05
0.0002563
5.63301e-05
0.000252859
6.24026e-05
0.00024827
8.12818e-05
0.000241628
0.000100586
0.000233946
0.000116254
0.000223466
0.000122755
0.00020638
0.000121984
0.000184123
0.000129664
0.000176847
0.00012636
0.00017468
0.000114172
0.000173378
0.000105016
0.000171962
9.69654e-05
0.000170047
9.12107e-05
0.00016699
8.98994e-05
0.00015948
0.000108209
0.000142422
0.000173343
0.000118031
0.000269237
9.63318e-05
0.000322407
7.87754e-05
0.000328829
6.35678e-05
0.000320147
4.9609e-05
0.00031191
3.64938e-05
0.000306103
2.39664e-05
0.000302102
1.1802e-05
0.00029983
0.00029524
0.00024431
-6.99058e-05
0.000257139
-6.3397e-05
0.00027004
-5.49935e-05
0.000282651
-4.44512e-05
0.000294281
-3.13307e-05
0.000303744
-1.49559e-05
0.000309787
4.50765e-06
0.000311775
2.53776e-05
0.000309972
4.47685e-05
0.000306184
6.00727e-05
0.000302945
7.18554e-05
0.000300674
8.35717e-05
0.000296153
9.50649e-05
0.000285902
9.8053e-05
0.000271201
8.52912e-05
0.000258959
6.85723e-05
0.000250259
7.11018e-05
0.000242567
8.89741e-05
0.000233514
0.000109638
0.000224198
0.000125571
0.000210989
0.000135964
0.000191893
0.00014108
0.000176072
0.000145484
0.000173462
0.00012897
0.000172568
0.000115065
0.000171887
0.000105698
0.000170971
9.78808e-05
0.000169487
9.26947e-05
0.000166376
9.30106e-05
0.000155425
0.00011916
0.000129959
0.00019881
0.000101675
0.00029752
8.18655e-05
0.000342217
6.75747e-05
0.00034312
5.50827e-05
0.00033264
4.32731e-05
0.000323719
3.19695e-05
0.000317407
2.10437e-05
0.000313028
1.03572e-05
0.000310517
0.000305597
0.000254348
-8.4303e-05
0.00026967
-7.8719e-05
0.000285699
-7.10224e-05
0.000302458
-6.12103e-05
0.000318778
-4.76513e-05
0.000331826
-2.80038e-05
0.000338979
-2.64548e-06
0.000339708
2.46491e-05
0.000334538
4.99381e-05
0.000325709
6.89024e-05
0.000316715
8.08484e-05
0.000309461
9.08263e-05
0.000301536
0.00010299
0.000289033
0.000110557
0.000272347
0.000101977
0.000256208
8.4711e-05
0.000243159
8.41514e-05
0.000232279
9.98539e-05
0.000220904
0.000121013
0.000207923
0.000138552
0.000190365
0.000153522
0.000173198
0.000158247
0.000169005
0.000149678
0.000170253
0.000127722
0.000170394
0.000114925
0.000170292
0.0001058
0.000170057
9.81156e-05
0.000169449
9.33031e-05
0.000164112
9.83478e-05
0.000143654
0.000139618
0.000108581
0.000233883
8.04331e-05
0.000325668
6.51122e-05
0.000357538
5.49666e-05
0.000353265
4.55433e-05
0.000342063
3.61595e-05
0.000333103
2.69008e-05
0.000326666
1.77743e-05
0.000322154
8.74259e-06
0.000319549
0.00031434
0.000264734
-0.000101164
0.000283357
-9.73425e-05
0.000304354
-9.20186e-05
0.000328272
-8.51283e-05
0.000352395
-7.17749e-05
0.000370739
-4.63476e-05
0.000378793
-1.07e-05
0.000375882
2.75602e-05
0.000363849
6.19711e-05
0.000346021
8.67305e-05
0.000327582
9.92874e-05
0.000312519
0.00010589
0.000299534
0.000115974
0.000284298
0.000125793
0.000266227
0.000120047
0.000248074
0.000102864
0.000232086
0.000100139
0.000217971
0.000113969
0.000202991
0.000135993
0.000184319
0.000157224
0.000165168
0.000172673
0.000158051
0.000165364
0.000164368
0.000143361
0.000167338
0.000124751
0.000168146
0.000114117
0.000168618
0.000105327
0.000168976
9.77574e-05
0.000167859
9.44207e-05
0.000152456
0.00011375
0.000118499
0.000173575
7.96792e-05
0.000272703
5.72463e-05
0.000348101
4.79681e-05
0.000366816
4.19759e-05
0.000359258
3.55819e-05
0.000348457
2.86767e-05
0.000340008
2.15441e-05
0.000333798
1.43093e-05
0.000329389
7.03006e-06
0.000326828
0.00032137
0.000274945
-0.000120744
0.000297651
-0.000120049
0.000325795
-0.000120163
0.000358792
-0.000118125
0.000389892
-0.000102875
0.000411622
-6.80779e-05
0.000419602
-1.86796e-05
0.000412316
3.48458e-05
0.000391872
8.24154e-05
0.000362851
0.000115752
0.000332964
0.000129174
0.000309204
0.00012965
0.000290897
0.000134281
0.000273399
0.000143291
0.000253891
0.000139556
0.000234107
0.000122647
0.000215658
0.000118588
0.000197056
0.000132571
0.000175557
0.000157492
0.000153165
0.000179616
0.000144211
0.000181627
0.000152978
0.000156597
0.000161992
0.000134348
0.000164559
0.000122184
0.000165813
0.000112864
0.000166608
0.000104532
0.000166404
9.79614e-05
0.000157785
0.00010304
0.000128963
0.000142572
8.6202e-05
0.000216336
5.086e-05
0.000308045
3.6144e-05
0.000362817
3.22392e-05
0.000370721
2.96045e-05
0.000361892
2.58577e-05
0.000352204
2.12606e-05
0.000344605
1.61818e-05
0.000338877
1.08183e-05
0.000334752
5.29931e-06
0.000332347
0.000326669
0.000282854
-0.000142258
0.000308591
-0.000145786
0.000341467
-0.000153039
0.000375499
-0.000152157
0.000399778
-0.000127154
0.000413182
-8.14822e-05
0.000419079
-2.45758e-05
0.000414083
3.98419e-05
0.000393433
0.000103065
0.000360227
0.000148958
0.000323956
0.000165446
0.000295084
0.000158521
0.000274146
0.00015522
0.000256603
0.000160834
0.000236583
0.000159576
0.000213972
0.000145258
0.000191007
0.000141552
0.000165474
0.000158105
0.000139143
0.000183823
0.000127612
0.000191147
0.000140363
0.000168877
0.000154106
0.000142853
0.000159128
0.000129326
0.000161495
0.000119818
0.000163121
0.000111237
0.000163699
0.000103953
0.000159646
0.000102015
0.000138298
0.000124388
9.88549e-05
0.000182015
5.43111e-05
0.00026088
2.64755e-05
0.00033588
1.88448e-05
0.000370448
1.87051e-05
0.00037086
1.84529e-05
0.000362145
1.68394e-05
0.000353817
1.42538e-05
0.000347191
1.10513e-05
0.000342079
7.44955e-06
0.000338354
3.62023e-06
0.000336176
0.000330289
0.000284556
-0.000162818
0.000307895
-0.000169126
0.000333985
-0.000179129
0.000345454
-0.000163626
0.000335556
-0.000117256
0.000323449
-6.93753e-05
0.000326634
-2.77609e-05
0.000338532
2.79437e-05
0.000336258
0.000105339
0.00031678
0.000168436
0.000290024
0.000192201
0.000265482
0.000183064
0.000246512
0.000174189
0.000231468
0.000175879
0.000214298
0.000176745
0.000189489
0.000170067
0.000158893
0.000172149
0.000127911
0.000189086
0.000113717
0.000198017
0.000126759
0.000178105
0.000145067
0.000150569
0.000152331
0.000135589
0.000155723
0.000125934
0.000158263
0.000117278
0.000159919
0.000109581
0.000158815
0.000105057
0.0001446
0.00011623
0.000110759
0.000158228
6.47023e-05
0.000228072
2.54057e-05
0.000300177
6.75538e-06
0.000354531
4.88041e-06
0.000372323
7.21099e-06
0.00036853
8.64668e-06
0.000360709
8.73312e-06
0.000353731
7.85459e-06
0.00034807
6.31011e-06
0.000343624
4.30835e-06
0.000340356
2.03736e-06
0.000338447
0.000332327
0.000277631
-0.000177765
0.000288796
-0.000180291
0.000291026
-0.000181359
0.000265295
-0.000137895
0.000226268
-7.82283e-05
0.000202144
-4.52517e-05
0.000202923
-2.85404e-05
0.000222072
8.7955e-06
0.000236871
9.05396e-05
0.000238916
0.000166391
0.000232926
0.00019819
0.000221461
0.000194529
0.000208616
0.000187035
0.000195247
0.000189247
0.000177043
0.00019495
0.000149128
0.000197982
0.000118076
0.000203201
0.000101969
0.000205193
0.00011508
0.000184905
0.000136112
0.000157073
0.000145258
0.000141423
0.000149271
0.000131576
0.000152403
0.000122801
0.000154884
0.000114797
0.000155458
0.000109008
0.000146166
0.000114349
0.0001192
0.000143196
7.53858e-05
0.000202042
3.02067e-05
0.000273251
6.5662e-08
0.000330318
-9.15202e-06
0.000363748
-6.63235e-06
0.000369803
-2.6384e-06
0.000364536
9.53397e-08
0.000357975
1.57823e-06
0.000352248
2.14497e-06
0.000347503
2.04219e-06
0.000343727
1.46161e-06
0.000340936
5.55345e-07
0.000339353
0.000332882
0.000265971
-0.000184345
0.000260479
-0.000174799
0.000234123
-0.000155002
0.000184815
-8.85864e-05
0.000145663
-3.90762e-05
0.000124865
-2.44544e-05
0.000127773
-3.14481e-05
0.000141129
-4.56066e-06
0.000154058
7.76107e-05
0.000166122
0.000154327
0.000174164
0.000190148
0.000173134
0.00019556
0.000163454
0.000196714
0.000146547
0.000206154
0.000123494
0.000218003
9.93355e-05
0.000222141
8.86909e-05
0.000213846
0.000104874
0.00018901
0.00012822
0.000161559
0.00013844
0.000146854
0.000142814
0.000137048
0.000146273
0.000128117
0.00014925
0.000119825
0.000150797
0.000113249
0.00014424
0.000115565
0.000122777
0.000135813
8.31503e-05
0.000182822
3.55392e-05
0.000249654
-1.81915e-06
0.00031061
-2.02678e-05
0.000348766
-2.13035e-05
0.000364784
-1.6067e-05
0.000364566
-1.10101e-05
0.000359479
-7.26307e-06
0.000354228
-4.63173e-06
0.000349617
-2.85053e-06
0.000345722
-1.71318e-06
0.000342589
-1.04297e-06
0.000340266
-8.5928e-07
0.00033917
0.000332023
0.000255972
-0.000183741
0.000239831
-0.000158658
0.000201691
-0.000116862
0.000159545
-4.64408e-05
0.000129186
-8.71702e-06
0.00010935
-4.61823e-06
9.86755e-05
-2.07737e-05
9.87557e-05
-4.64085e-06
0.000104878
7.14886e-05
0.000116805
0.0001424
0.000126195
0.000180758
0.000124381
0.000197374
0.000109471
0.000211625
8.70376e-05
0.000228587
6.95281e-05
0.000235512
7.11933e-05
0.000220475
9.61008e-05
0.000188938
0.000121387
0.000163724
0.000131716
0.000151229
0.000136525
0.000142045
0.0001403
0.000133273
0.000143572
0.000124845
0.000145677
0.00011772
0.000140341
0.000118585
0.000121641
0.000134265
8.5907e-05
0.000171547
3.83002e-05
0.000230429
-4.03879e-06
0.000291993
-2.79803e-05
0.000334551
-3.44787e-05
0.000355265
-3.02694e-05
0.000360575
-2.37e-05
0.000357997
-1.79945e-05
0.000353773
-1.34657e-05
0.000349699
-9.91194e-06
0.000346063
-7.13175e-06
0.000342941
-4.94781e-06
0.000340405
-3.20566e-06
0.000338524
-2.20093e-06
0.000338165
0.000329822
0.000249437
-0.000178828
0.000231316
-0.000140537
0.000194823
-8.03683e-05
0.00015889
-1.0508e-05
0.000128918
2.12545e-05
0.000107722
1.65779e-05
9.0886e-05
-3.93748e-06
8.00529e-05
6.1922e-06
7.98164e-05
7.17251e-05
8.36075e-05
0.000138609
8.31898e-05
0.000181175
7.14582e-05
0.000209105
5.17504e-05
0.000231333
4.03962e-05
0.000239942
5.43951e-05
0.000221513
8.91751e-05
0.000185696
0.000114615
0.000163498
0.000124643
0.000153696
0.000130111
0.000145761
0.000134449
0.000137707
0.00013809
0.000129632
0.000140393
0.000122543
0.000134935
0.000123178
0.000117122
0.000136398
8.33305e-05
0.000168056
3.66998e-05
0.000218178
-8.16152e-06
0.00027529
-3.62541e-05
0.000320085
-4.6006e-05
0.000344303
-4.39296e-05
0.000353188
-3.69672e-05
0.000353612
-2.98247e-05
0.000350855
-2.37028e-05
0.000347652
-1.85885e-05
0.000344585
-1.43165e-05
0.000341791
-1.07325e-05
0.000339357
-7.68599e-06
0.000337359
-5.05888e-06
0.000335897
-3.339e-06
0.000336445
0.000326483
0.000242235
-0.000170739
0.000222616
-0.000120918
0.000191397
-4.91495e-05
0.000158876
2.20127e-05
0.000130505
4.96259e-05
0.000114324
3.27587e-05
9.68481e-05
1.35384e-05
7.52885e-05
2.77517e-05
6.20942e-05
8.49196e-05
5.22387e-05
0.000148464
3.92523e-05
0.000194162
2.35006e-05
0.000224857
1.89606e-05
0.000235873
4.30902e-05
0.000215812
8.38494e-05
0.000180754
0.00010726
0.000162285
0.000116821
0.000153937
0.000123121
0.000147396
0.000128298
0.000140585
0.000132536
0.000133468
0.000134938
0.00012723
0.000128252
0.000129229
0.000109762
0.000141668
7.6472e-05
0.000169688
3.09859e-05
0.000213542
-1.42828e-05
0.000263446
-4.49567e-05
0.000305964
-5.71982e-05
0.000332327
-5.66168e-05
0.000343722
-5.00051e-05
0.000346577
-4.20038e-05
0.000345611
-3.46671e-05
0.000343518
-2.82774e-05
0.000341262
-2.27368e-05
0.000339044
-1.79195e-05
0.000336973
-1.37033e-05
0.000335141
-9.96103e-06
0.000333617
-6.61753e-06
0.000332554
-4.26021e-06
0.000334088
0.000322223
0.000227788
-0.000157647
0.000200711
-9.38415e-05
0.000162449
-1.08868e-05
0.000137042
4.74195e-05
0.000127744
5.89238e-05
0.000119896
4.06062e-05
0.000102026
3.14087e-05
7.25678e-05
5.72102e-05
4.56362e-05
0.000111851
2.45357e-05
0.000169565
9.35166e-06
0.000209346
1.06545e-05
0.000223554
3.96235e-05
0.000206904
7.86579e-05
0.000176777
9.86969e-05
0.000160715
0.000108059
0.000152923
0.000115134
0.000146862
0.000121343
0.000141187
0.000126309
0.000135619
0.000128342
0.000131435
0.00011908
0.000136492
9.86089e-05
0.0001497
6.48086e-05
0.000175468
2.08649e-05
0.000213632
-2.25181e-05
0.000256925
-5.34623e-05
0.00029439
-6.74876e-05
0.00031999
-6.8173e-05
0.000333012
-6.20815e-05
0.00033763
-5.38322e-05
0.000338327
-4.57117e-05
0.000337491
-3.83849e-05
0.000336191
-3.18504e-05
0.000334727
-2.60217e-05
0.000333216
-2.0806e-05
0.000331758
-1.61057e-05
0.000330441
-1.18141e-05
0.000329325
-7.90112e-06
0.000328641
-4.97592e-06
0.000331163
0.000317247
0.000200507
-0.00013461
0.000158065
-5.13992e-05
0.000115902
3.12769e-05
0.000100692
6.26288e-05
0.000111581
4.8035e-05
0.000116978
3.52091e-05
0.0001028
4.55868e-05
7.12378e-05
8.87724e-05
3.77769e-05
0.000145312
1.65196e-05
0.000190822
1.57486e-05
0.000210117
4.13013e-05
0.000198001
7.34257e-05
0.00017478
9.01189e-05
0.000160084
9.89819e-05
0.000151852
0.000106251
0.000145654
0.000113107
0.000140006
0.000118757
0.000135537
0.000118377
0.000135999
0.000105548
0.000144264
8.24422e-05
0.000159598
4.81873e-05
0.000183955
6.54587e-06
0.000217109
-3.34607e-05
0.000253639
-6.2272e-05
0.000285736
-7.64667e-05
0.000308585
-7.81805e-05
0.000321703
-7.27149e-05
0.000327546
-6.46257e-05
0.000329541
-5.62147e-05
0.000329916
-4.83349e-05
0.000329611
-4.1128e-05
0.000328984
-3.45529e-05
0.000328152
-2.85529e-05
0.000327216
-2.30617e-05
0.000326267
-1.80027e-05
0.000325382
-1.32884e-05
0.000324611
-8.93221e-06
0.000324284
-5.51175e-06
0.000327742
0.000311735
0.000162832
-9.85088e-05
0.000107564
3.86924e-06
7.91482e-05
5.96922e-05
8.26835e-05
5.90935e-05
0.000100618
3.01008e-05
0.000108955
2.68723e-05
0.000100173
5.43686e-05
7.34161e-05
0.000115529
4.37596e-05
0.000174969
3.31365e-05
0.000201445
4.89363e-05
0.000194317
7.06046e-05
0.000176333
8.29911e-05
0.000162393
9.0357e-05
0.000152718
9.72091e-05
0.000145
0.000103987
0.000138876
0.000108488
0.000135504
0.000103209
0.000140816
8.7011e-05
0.000152197
6.1447e-05
0.000169828
2.75423e-05
0.000193502
-1.06782e-05
0.000222176
-4.6049e-05
0.00025248
-7.14893e-05
0.000279079
-8.43685e-05
0.000298616
-8.64201e-05
0.000310637
-8.1649e-05
0.000316932
-7.39768e-05
0.000319874
-6.56763e-05
0.00032124
-5.76309e-05
0.000321871
-5.0087e-05
0.000322067
-4.30567e-05
0.000321954
-3.65178e-05
0.000321614
-3.04377e-05
0.000321135
-2.47707e-05
0.000320599
-1.94577e-05
0.000320069
-1.44294e-05
0.000319583
-9.73726e-06
0.000319592
-5.89471e-06
0.0003239
0.00030584
0.000104582
-3.84821e-05
5.54995e-05
5.2952e-05
5.71569e-05
5.80347e-05
8.74644e-05
2.87861e-05
0.000104416
1.31494e-05
0.000115602
1.56857e-05
0.000105083
6.48882e-05
7.75217e-05
0.00014309
5.69735e-05
0.000195517
5.96446e-05
0.000198774
6.99627e-05
0.000183999
7.76553e-05
0.000168641
8.32077e-05
0.000156841
8.8724e-05
0.000147202
9.42886e-05
0.000139435
9.55487e-05
0.000137616
8.63488e-05
0.000144704
6.65405e-05
0.000160624
3.79231e-05
0.000180815
4.8899e-06
0.000202861
-2.90743e-05
0.000227467
-5.91384e-05
0.00025224
-8.04453e-05
0.000273787
-9.12457e-05
0.000289879
-9.29649e-05
0.000300335
-8.87563e-05
0.000306428
-8.17034e-05
0.000309879
-7.38014e-05
0.000311972
-6.59272e-05
0.000313366
-5.83561e-05
0.0003143
-5.11531e-05
0.000314864
-4.43264e-05
0.000315127
-3.78743e-05
0.000315161
-3.17807e-05
0.000315042
-2.60152e-05
0.000314834
-2.05336e-05
0.000314587
-1.52827e-05
0.000314332
-1.0344e-05
0.000314654
-6.15142e-06
0.000319707
0.000299689
4.19606e-05
2.78221e-05
1.96762e-05
7.52364e-05
6.23117e-05
1.53991e-05
0.000110008
-1.89101e-05
0.000126402
-3.24509e-06
0.00012511
1.69784e-05
0.000100965
8.90331e-05
7.34084e-05
0.000170647
6.78548e-05
0.00020107
7.00141e-05
0.000196614
7.39016e-05
0.000180111
7.76427e-05
0.000164899
8.17189e-05
0.000152765
8.56501e-05
0.000143271
8.51323e-05
0.000139953
7.28355e-05
0.000149913
4.74658e-05
0.000170074
1.5987e-05
0.000192103
-1.59997e-05
0.000212801
-4.60584e-05
0.00023292
-7.11115e-05
0.00025252
-8.83564e-05
0.000269485
-9.68747e-05
0.000282306
-9.79743e-05
0.000290979
-9.41424e-05
0.000296503
-8.77809e-05
0.000300066
-8.04851e-05
0.000302584
-7.30314e-05
0.000304519
-6.56968e-05
0.000306032
-5.85692e-05
0.000307172
-5.16868e-05
0.000307982
-4.50728e-05
0.000308513
-3.87381e-05
0.000308827
-3.26776e-05
0.000308981
-2.68724e-05
0.000309029
-2.12899e-05
0.000309005
-1.58913e-05
0.000308933
-1.07802e-05
0.000309542
-6.30726e-06
0.000315234
0.000293382
-4.71763e-06
7.05929e-05
1.32218e-06
6.91965e-05
5.7014e-05
-4.02927e-05
9.2754e-05
-5.46499e-05
9.85303e-05
-9.02156e-06
8.11124e-05
3.43963e-05
6.67319e-05
0.000103414
6.51873e-05
0.000172191
6.73692e-05
0.000198888
7.06402e-05
0.000193343
7.35395e-05
0.000177212
7.65335e-05
0.000161905
7.93177e-05
0.00014998
7.78784e-05
0.00014471
6.24836e-05
0.000155348
3.22022e-05
0.000180194
-2.14626e-06
0.000204422
-3.337e-05
0.000223326
-5.98965e-05
0.000239328
-8.07768e-05
0.0002538
-9.45896e-05
0.000266333
-0.000101096
0.000275992
-0.000101584
0.000282793
-9.80689e-05
0.000287464
-9.23932e-05
0.000290827
-8.58006e-05
0.000293474
-7.89228e-05
0.000295706
-7.20079e-05
0.000297604
-6.51502e-05
0.000299174
-5.84044e-05
0.000300426
-5.18137e-05
0.000301391
-4.54094e-05
0.000302109
-3.92082e-05
0.000302626
-3.32122e-05
0.000302985
-2.7411e-05
0.000303228
-2.17808e-05
0.000303375
-1.62952e-05
0.000303448
-1.10724e-05
0.00030432
-6.3853e-06
0.000310547
0.000286996
-4.51891e-05
9.05768e-05
-2.55153e-05
4.95228e-05
8.51781e-07
-6.66598e-05
2.8227e-05
-8.20251e-05
4.72625e-05
-2.80569e-05
4.11342e-05
4.05246e-05
4.83793e-05
9.61685e-05
5.63711e-05
0.000164199
6.38541e-05
0.000191406
6.87916e-05
0.000188406
7.20703e-05
0.000173933
7.41903e-05
0.000159785
7.31362e-05
0.000151034
5.48416e-05
0.000163005
2.07362e-05
0.000189453
-1.68702e-05
0.000217801
-4.77515e-05
0.000235304
-7.13773e-05
0.000246952
-8.85651e-05
0.000256515
-9.94157e-05
0.000264651
-0.000104214
0.000271131
-0.000104171
0.000275949
-0.000100922
0.000279543
-9.58826e-05
0.000282425
-8.99915e-05
0.000284936
-8.37419e-05
0.000287224
-7.73382e-05
0.000289302
-7.08686e-05
0.000291134
-6.43937e-05
0.000292699
-5.79677e-05
0.000294
-5.16355e-05
0.000295059
-4.54292e-05
0.000295902
-3.93672e-05
0.000296564
-3.34558e-05
0.000297074
-2.76903e-05
0.000297462
-2.20538e-05
0.000297738
-1.65297e-05
0.000297923
-1.12452e-05
0.000299035
-6.40594e-06
0.000305708
0.00028059
-7.15419e-05
0.000118627
-7.34057e-05
5.13865e-05
-7.48881e-05
-6.51774e-05
-4.68801e-05
-0.000110033
-2.60923e-06
-7.23279e-05
2.16258e-05
1.62895e-05
3.12832e-05
8.65111e-05
4.63617e-05
0.000149121
5.74022e-05
0.000180365
6.39188e-05
0.000181889
6.7207e-05
0.000170645
6.67975e-05
0.000160195
4.6966e-05
0.000170866
9.28112e-06
0.00020069
-3.2194e-05
0.000230928
-6.26167e-05
0.000248223
-8.30059e-05
0.000255693
-9.64318e-05
0.000260378
-0.000104226
0.00026431
-0.000107231
0.000267656
-0.000106519
0.000270419
-0.000103345
0.000272775
-9.87628e-05
0.000274961
-9.34521e-05
0.000277114
-8.77684e-05
0.000279252
-8.18664e-05
0.000281322
-7.58172e-05
0.000283253
-6.96768e-05
0.000284994
-6.35004e-05
0.000286523
-5.7338e-05
0.000287838
-5.12302e-05
0.000288951
-4.52055e-05
0.000289878
-3.92819e-05
0.00029064
-3.34673e-05
0.000291259
-2.77605e-05
0.000291755
-2.21494e-05
0.000292127
-1.66253e-05
0.000292399
-1.13199e-05
0.00029373
-6.38657e-06
0.000300775
0.000274204
-6.7633e-05
0.000156316
-0.000108856
9.26092e-05
-0.000141078
-3.29553e-05
-0.0001323
-0.000118811
-8.46657e-05
-0.000119962
-2.60392e-05
-4.2337e-05
5.8175e-06
5.46545e-05
2.71731e-05
0.000127765
4.35795e-05
0.000163959
5.03046e-05
0.000175164
4.87485e-05
0.000172201
2.73846e-05
0.000181559
-1.24469e-05
0.000210697
-5.47226e-05
0.000242965
-8.32752e-05
0.000259481
-9.88061e-05
0.000263754
-0.0001072
0.000264087
-0.000111112
0.00026429
-0.000111668
0.000264865
-0.000109747
0.000265735
-0.000106196
0.000266868
-0.000101702
0.000268281
-9.6695e-05
0.000269955
-9.13891e-05
0.000271808
-8.58717e-05
0.000273735
-8.01844e-05
0.000275635
-7.43657e-05
0.000277434
-6.84608e-05
0.000279089
-6.2515e-05
0.000280577
-5.65686e-05
0.000281892
-5.06536e-05
0.000283036
-4.47937e-05
0.000284018
-3.90044e-05
0.000284851
-3.32939e-05
0.000285549
-2.76623e-05
0.000286124
-2.21008e-05
0.000286566
-1.66076e-05
0.000286906
-1.13151e-05
0.000288437
-6.34126e-06
0.000295801
0.000267863
-3.88676e-05
0.000188387
-9.94204e-05
0.000153162
-0.000173046
4.06698e-05
-0.000214226
-7.76307e-05
-0.000202444
-0.000131743
-0.000148146
-9.66358e-05
-8.45591e-05
-8.93215e-06
-2.93973e-05
7.26035e-05
-3.51571e-06
0.000138077
-5.75126e-06
0.0001774
-2.61849e-05
0.000192635
-6.12942e-05
0.000216668
-9.65749e-05
0.000245978
-0.000116639
0.000263029
-0.000123373
0.000266215
-0.000123972
0.000264353
-0.000122215
0.00026233
-0.000119095
0.00026117
-0.000115031
0.000260801
-0.000110373
0.000261077
-0.000105401
0.000261896
-0.000100271
0.000263151
-9.50324e-05
0.000264716
-8.96831e-05
0.000266459
-8.42144e-05
0.000268266
-7.86324e-05
0.000270053
-7.29589e-05
0.000271761
-6.72241e-05
0.000273354
-6.14586e-05
0.000274811
-5.56903e-05
0.000276123
-4.99425e-05
0.000277288
-4.42327e-05
0.000278308
-3.85734e-05
0.000279191
-3.29716e-05
0.000279947
-2.74276e-05
0.00028058
-2.19343e-05
0.000281072
-1.64963e-05
0.000281468
-1.12465e-05
0.000283187
-6.27856e-06
0.000290833
0.000261584
3.98303e-07
0.00020236
-4.45258e-05
0.000198086
-0.000134091
0.000130235
-0.000237664
2.59425e-05
-0.000298139
-7.12681e-05
-0.000286915
-0.00010786
-0.000242892
-5.29555e-05
-0.00019944
2.91514e-05
-0.000164133
0.00010277
-0.000147367
0.000160633
-0.000152994
0.000198263
-0.00016438
0.000228054
-0.000166402
0.000248
-0.000158589
0.000255216
-0.000148093
0.000255719
-0.000138535
0.000254796
-0.000130308
0.000254102
-0.000123043
0.000253906
-0.000116454
0.000254212
-0.000110358
0.00025498
-0.000104604
0.000256142
-9.90553e-05
0.000257602
-9.35953e-05
0.000259256
-8.81446e-05
0.000261008
-8.26608e-05
0.000262783
-7.71299e-05
0.000264522
-7.1556e-05
0.000266187
-6.59519e-05
0.00026775
-6.03337e-05
0.000269193
-5.47177e-05
0.000270508
-4.91187e-05
0.000271689
-4.35486e-05
0.000272738
-3.80162e-05
0.000273659
-3.25269e-05
0.000274458
-2.70806e-05
0.000275134
-2.167e-05
0.000275662
-1.63065e-05
0.000276105
-1.11262e-05
0.000278007
-6.19792e-06
0.000285904
0.000255386
3.60487e-05
0.000197896
2.4843e-05
0.000209292
-2.86043e-05
0.000183682
-0.000148251
0.000145589
-0.000282589
6.30702e-05
-0.000344853
-4.55959e-05
-0.000338511
-5.92968e-05
-0.000307599
-1.76089e-06
-0.000283648
7.88192e-05
-0.000258819
0.000135804
-0.000239428
0.000178872
-0.00021903
0.000207656
-0.000196063
0.000225033
-0.000174676
0.000233829
-0.000157389
0.000238432
-0.000143859
0.000241266
-0.000133046
0.000243289
-0.000124115
0.000244975
-0.000116485
0.000246582
-0.000109739
0.000248235
-0.000103569
0.000249972
-9.7747e-05
0.00025178
-9.21171e-05
0.000253626
-8.65816e-05
0.000255473
-8.10846e-05
0.000257286
-7.55976e-05
0.000259035
-7.01096e-05
0.000260699
-6.46196e-05
0.00026226
-5.91319e-05
0.000263706
-5.3654e-05
0.00026503
-4.81935e-05
0.000266228
-4.27574e-05
0.000267302
-3.73513e-05
0.000268253
-3.19785e-05
0.000269085
-2.66384e-05
0.000269793
-2.13227e-05
0.000270346
-1.60488e-05
0.000270831
-1.09611e-05
0.000272919
-6.08816e-06
0.000281032
0.000249298
6.09001e-05
0.000185559
6.83722e-05
0.00020182
5.56979e-05
0.000196356
-5.66205e-06
0.000206949
-0.000132649
0.000190058
-0.000269458
9.12126e-05
-0.000333239
4.4846e-06
-0.000304979
-3.00212e-05
-0.000285701
5.95409e-05
-0.000262505
0.000112609
-0.000238294
0.000154661
-0.000213673
0.000183035
-0.000190468
0.000201828
-0.00017082
0.00021418
-0.000154955
0.000222567
-0.000142138
0.000228449
-0.000131605
0.000232756
-0.000122744
0.000236114
-0.000115083
0.000238921
-0.000108256
0.000241408
-0.000101988
0.000243704
-9.60808e-05
0.000245873
-9.03995e-05
0.000247945
-8.48546e-05
0.000249928
-7.93894e-05
0.00025182
-7.39698e-05
0.000253616
-6.85768e-05
0.000255306
-6.32015e-05
0.000256884
-5.78412e-05
0.000258345
-5.2497e-05
0.000259685
-4.71719e-05
0.000260903
-4.1869e-05
0.000261999
-3.6591e-05
0.000262975
-3.13396e-05
0.000263833
-2.61135e-05
0.000264567
-2.09033e-05
0.000265136
-1.57311e-05
0.000265658
-1.07524e-05
0.000267941
-5.93257e-06
0.000276212
0.000243365
6.99923e-05
0.000179702
6.65588e-05
0.000205253
4.86717e-05
0.000214243
3.37264e-05
0.000221894
4.78628e-06
0.000218998
-9.30652e-05
0.000189064
-0.000211667
0.000123087
-0.000227998
-1.36902e-05
-0.000219454
5.09962e-05
-0.000211619
0.000104774
-0.000199016
0.000142058
-0.000184722
0.00016874
-0.000170566
0.000187671
-0.000157633
0.000201248
-0.000146173
0.000211107
-0.000136106
0.000218382
-0.000127255
0.000223905
-0.000119401
0.00022826
-0.000112322
0.000231842
-0.000105822
0.000234907
-9.97369e-05
0.000237619
-9.39438e-05
0.00024008
-8.83502e-05
0.000242351
-8.28903e-05
0.000244468
-7.75183e-05
0.000246448
-7.22037e-05
0.000248301
-6.69275e-05
0.00025003
-6.16786e-05
0.000251636
-5.64515e-05
0.000253118
-5.12442e-05
0.000254478
-4.60567e-05
0.000255716
-4.08897e-05
0.000256832
-3.57441e-05
0.000257829
-3.06199e-05
0.000258709
-2.55149e-05
0.000259462
-2.04202e-05
0.000260041
-1.53604e-05
0.000260598
-1.04982e-05
0.000263078
-5.71929e-06
0.000271433
0.000237646
5.18227e-05
0.000192372
4.36713e-05
0.000213405
3.93658e-05
0.000218549
3.74118e-05
0.000223848
3.51885e-05
0.000221221
1.57338e-05
0.000208519
-5.36484e-05
0.000192469
-0.00011724
4.99012e-05
-0.000140643
7.43996e-05
-0.000152816
0.000116946
-0.000156022
0.000145265
-0.000153807
0.000166525
-0.000148684
0.000182549
-0.000142178
0.000194741
-0.000135154
0.000204083
-0.000128103
0.000211331
-0.00012127
0.000217072
-0.000114745
0.000221735
-0.000108532
0.000225629
-0.000102596
0.000228972
-9.6889e-05
0.000231912
-9.13613e-05
0.000234552
-8.59689e-05
0.000236959
-8.06756e-05
0.000239175
-7.54536e-05
0.000241226
-7.02823e-05
0.00024313
-6.5148e-05
0.000244895
-6.00418e-05
0.000246529
-5.49584e-05
0.000248035
-4.98953e-05
0.000249415
-4.48511e-05
0.000250671
-3.98253e-05
0.000251806
-3.48177e-05
0.000252821
-2.98273e-05
0.000253719
-2.48508e-05
0.000254486
-1.98805e-05
0.00025507
-1.49437e-05
0.000255662
-1.01979e-05
0.000258333
-5.44831e-06
0.000266683
0.000232198
2.22333e-05
0.000197217
2.30712e-05
0.000212567
2.49855e-05
0.000216635
2.90098e-05
0.000219824
3.50565e-05
0.000215174
3.77948e-05
0.000205781
3.16097e-05
0.000198654
-2.94319e-05
0.000110943
-7.94497e-05
0.000124417
-0.000106891
0.000144387
-0.000121537
0.000159911
-0.000128009
0.000172998
-0.000129419
0.000183959
-0.000127735
0.000193057
-0.000124235
0.000200584
-0.000119731
0.000206827
-0.000114714
0.000212055
-0.000109471
0.000216492
-0.000104162
0.00022032
-9.88671e-05
0.000223677
-9.36224e-05
0.000226668
-8.84389e-05
0.000229369
-8.33141e-05
0.000231834
-7.82402e-05
0.000234101
-7.32082e-05
0.000236194
-6.821e-05
0.000238132
-6.32393e-05
0.000239925
-5.82913e-05
0.000241581
-5.33631e-05
0.000243107
-4.84529e-05
0.000244505
-4.35593e-05
0.000245778
-3.86814e-05
0.000246928
-3.38186e-05
0.000247959
-2.89691e-05
0.000248869
-2.41287e-05
0.000249645
-1.92918e-05
0.000250234
-1.44883e-05
0.000250858
-9.8556e-06
0.0002537
-5.13313e-06
0.000261961
0.000227065
-2.67846e-06
0.000194093
3.72407e-06
0.000206164
1.08794e-05
0.000209479
1.92776e-05
0.000211426
2.94408e-05
0.000205011
3.71956e-05
0.000198026
3.9362e-05
0.000196488
-7.5121e-06
0.000157817
-5.52162e-05
0.000172121
-8.40559e-05
0.000173227
-0.000101478
0.000177333
-0.000111067
0.000182587
-0.000115427
0.000188319
-0.000116311
0.000193941
-0.000114937
0.000199209
-0.000112126
0.000204016
-0.000108425
0.000208354
-0.00010419
0.000212257
-9.96458e-05
0.000215775
-9.49336e-05
0.000218964
-9.01377e-05
0.000221872
-8.5307e-05
0.000224538
-8.04679e-05
0.000226995
-7.56341e-05
0.000229267
-7.0812e-05
0.000231372
-6.60043e-05
0.000233324
-6.12117e-05
0.000235132
-5.6434e-05
0.000236804
-5.16709e-05
0.000238344
-4.69219e-05
0.000239756
-4.21864e-05
0.000241042
-3.74636e-05
0.000242206
-3.27527e-05
0.000243248
-2.80517e-05
0.000244168
-2.33556e-05
0.000244949
-1.86614e-05
0.000245539
-1.40013e-05
0.000246198
-9.47982e-06
0.000249179
-4.79416e-06
0.000257275
0.000222271
-2.38309e-05
0.000182961
-1.23167e-05
0.00019465
-4.21986e-07
0.000197585
1.10212e-05
0.000199983
2.03587e-05
0.000195673
2.16066e-05
0.000196778
1.1197e-05
0.000206897
-3.24743e-05
0.000201488
-6.2259e-05
0.000201906
-8.23698e-05
0.000193338
-9.5576e-05
0.000190539
-0.000103499
0.00019051
-0.000107542
0.000192361
-0.000108786
0.000195185
-0.000108058
0.000198481
-0.000105967
0.000201925
-0.000102953
0.00020534
-9.93274e-05
0.000208631
-9.53048e-05
0.000211753
-9.10308e-05
0.00021469
-8.66021e-05
0.000217443
-8.20813e-05
0.000220017
-7.75085e-05
0.000222422
-7.29091e-05
0.000224668
-6.82987e-05
0.000226762
-6.36867e-05
0.000228712
-5.9079e-05
0.000230524
-5.44789e-05
0.000232204
-4.98882e-05
0.000233753
-4.53077e-05
0.000235175
-4.07373e-05
0.000236472
-3.61767e-05
0.000237645
-3.16251e-05
0.000238696
-2.70805e-05
0.000239624
-2.25377e-05
0.000240407
-1.7996e-05
0.000240998
-1.34886e-05
0.000241691
-9.08018e-06
0.00024477
-4.4495e-06
0.000252644
0.000217821
-4.53368e-05
0.000160493
-3.03338e-05
0.000179647
-1.88093e-05
0.00018606
-1.50722e-05
0.000196245
-1.77967e-05
0.000198398
-3.02144e-05
0.000209196
-4.90035e-05
0.000225687
-7.27645e-05
0.000225249
-8.39219e-05
0.000213064
-9.27876e-05
0.000202203
-9.90012e-05
0.000196753
-0.000102835
0.000194344
-0.00010461
0.000194136
-0.000104717
0.000195293
-0.000103524
0.000197288
-0.000101352
0.000199753
-9.84618e-05
0.00020245
-9.50587e-05
0.000205228
-9.12968e-05
0.000207991
-8.72893e-05
0.000210683
-8.31175e-05
0.000213271
-7.88385e-05
0.000215738
-7.44918e-05
0.000218076
-7.01046e-05
0.00022028
-6.56951e-05
0.000222352
-6.12755e-05
0.000224292
-5.68535e-05
0.000226102
-5.24343e-05
0.000227784
-4.80207e-05
0.000229339
-4.36142e-05
0.000230769
-3.92153e-05
0.000232073
-3.48238e-05
0.000233253
-3.04391e-05
0.000234311
-2.6059e-05
0.000235244
-2.1679e-05
0.000236027
-1.73e-05
0.000236619
-1.29537e-05
0.000237344
-8.66402e-06
0.00024048
-4.10958e-06
0.00024809
0.000213711
-0.000130466
0.000104894
-0.000104695
0.000153875
-9.33402e-05
0.000174706
-9.14203e-05
0.000194326
-0.000100301
0.000207279
-0.000112533
0.000221427
-0.00011586
0.000229013
-0.000112034
0.000221423
-0.000108179
0.000209208
-0.000106947
0.000200972
-0.00010632
0.000196125
-0.000105654
0.000193679
-0.000104549
0.000193031
-0.000102882
0.000193626
-0.000100653
0.000195058
-9.79251e-05
0.000197025
-9.47862e-05
0.000199312
-9.13238e-05
0.000201766
-8.76162e-05
0.000204283
-8.37283e-05
0.000206795
-7.97119e-05
0.000209255
-7.56066e-05
0.000211633
-7.1442e-05
0.000213911
-6.72399e-05
0.000216078
-6.30158e-05
0.000218128
-5.87808e-05
0.000220057
-5.45421e-05
0.000221864
-5.03047e-05
0.000223547
-4.60714e-05
0.000225106
-4.18437e-05
0.000226541
-3.76221e-05
0.000227851
-3.34065e-05
0.000229038
-2.91962e-05
0.000230101
-2.49892e-05
0.000231037
-2.07816e-05
0.000231819
-1.65757e-05
0.000232413
-1.23985e-05
0.000233167
-8.23536e-06
0.000236317
-3.77754e-06
0.000243632
0.000209934
-0.000295466
5.08338e-05
-0.000252822
0.000111231
-0.0002262
0.000148084
-0.000208507
0.000176632
-0.000196112
0.000194884
-0.000180239
0.000205554
-0.00015873
0.000207505
-0.000139605
0.000202299
-0.000127089
0.000196692
-0.000118981
0.000192864
-0.000113301
0.000190445
-0.000108985
0.000189363
-0.000105325
0.000189371
-0.000101923
0.000190224
-9.85589e-05
0.000191694
-9.5125e-05
0.000193591
-9.15793e-05
0.000195766
-8.7915e-05
0.000198101
-8.41431e-05
0.000200512
-8.02819e-05
0.000202934
-7.63513e-05
0.000205324
-7.23696e-05
0.000207651
-6.83526e-05
0.000209894
-6.43131e-05
0.000212039
-6.02609e-05
0.000214076
-5.62032e-05
0.000216
-5.21452e-05
0.000217806
-4.80901e-05
0.000219492
-4.404e-05
0.000221056
-3.99956e-05
0.000222496
-3.59573e-05
0.000223813
-3.19245e-05
0.000225005
-2.78964e-05
0.000226073
-2.38712e-05
0.000227011
-1.98458e-05
0.000227794
-1.58234e-05
0.00022839
-1.1823e-05
0.000229167
-7.79574e-06
0.00023229
-3.4526e-06
0.000239289
0.000206481
-0.00036265
3.00791e-05
-0.000329349
7.79307e-05
-0.000296888
0.000115623
-0.00026454
0.000144284
-0.000232831
0.000163175
-0.000201577
0.0001743
-0.000173476
0.000179403
-0.000152109
0.000180932
-0.00013688
0.000181463
-0.000125729
0.000181713
-0.000117356
0.000182072
-0.000110806
0.000182813
-0.000105409
0.000183974
-0.000100718
0.000185533
-9.64392e-05
0.000187415
-9.2389e-05
0.000189541
-8.84548e-05
0.000191832
-8.45718e-05
0.000194218
-8.07049e-05
0.000196645
-7.68374e-05
0.000199066
-7.29629e-05
0.00020145
-6.90811e-05
0.000203769
-6.51941e-05
0.000206007
-6.13053e-05
0.00020815
-5.74178e-05
0.000210188
-5.35342e-05
0.000212116
-4.96565e-05
0.000213928
-4.57858e-05
0.000215621
-4.19227e-05
0.000217193
-3.8067e-05
0.000218641
-3.42183e-05
0.000219964
-3.03758e-05
0.000221163
-2.65382e-05
0.000222235
-2.27038e-05
0.000223177
-1.88706e-05
0.00022396
-1.50418e-05
0.000224562
-1.12265e-05
0.000225351
-7.34555e-06
0.000228409
-3.13323e-06
0.000235077
0.000203348
-0.000316429
2.67972e-05
-0.000299719
6.12207e-05
-0.000275738
9.16418e-05
-0.000247915
0.000116461
-0.000219658
0.000134918
-0.000193282
0.000147924
-0.000170643
0.000156764
-0.000152501
0.000162791
-0.000138135
0.000167096
-0.000126725
0.000170304
-0.000117607
0.000172954
-0.000110169
0.000175375
-0.000103936
0.00017774
-9.85396e-05
0.000180137
-9.37149e-05
0.00018259
-8.9272e-05
0.000185098
-8.508e-05
0.00018764
-8.10509e-05
0.000190189
-7.71267e-05
0.00019272
-7.32706e-05
0.00019521
-6.94596e-05
0.000197639
-6.568e-05
0.00019999
-6.19238e-05
0.000202251
-5.81863e-05
0.000204412
-5.4465e-05
0.000206467
-5.07581e-05
0.000208409
-4.70645e-05
0.000210234
-4.33831e-05
0.00021194
-3.97128e-05
0.000213522
-3.60526e-05
0.000214981
-3.24011e-05
0.000216313
-2.87571e-05
0.000217519
-2.51189e-05
0.000218597
-2.14848e-05
0.000219543
-1.78538e-05
0.000220329
-1.42288e-05
0.000220937
-1.06079e-05
0.00022173
-6.88509e-06
0.000224686
-2.81868e-06
0.00023101
0.000200529
-0.000254587
2.59766e-05
-0.000246335
5.29682e-05
-0.000232122
7.74288e-05
-0.000214193
9.85326e-05
-0.000195112
0.000115838
-0.000176723
0.000129535
-0.000160125
0.000140166
-0.000145719
0.000148384
-0.00013343
0.000154807
-0.000123077
0.000159951
-0.000114371
0.000164247
-0.000106989
0.000167993
-0.000100638
0.000171389
-9.50665e-05
0.000174565
-9.00726e-05
0.000177597
-8.54987e-05
0.000180524
-8.1227e-05
0.000183368
-7.71708e-05
0.000186133
-7.3268e-05
0.000188818
-6.94752e-05
0.000191417
-6.5762e-05
0.000193925
-6.21078e-05
0.000196335
-5.84985e-05
0.000198641
-5.49246e-05
0.000200838
-5.13792e-05
0.000202922
-4.78575e-05
0.000204887
-4.43561e-05
0.000206733
-4.08719e-05
0.000208456
-3.74028e-05
0.000210053
-3.39464e-05
0.000211524
-3.0501e-05
0.000212867
-2.70647e-05
0.000214082
-2.36355e-05
0.000215168
-2.02118e-05
0.000216119
-1.67933e-05
0.000216911
-1.33822e-05
0.000217526
-9.9659e-06
0.000218314
-6.41465e-06
0.000221135
-2.50855e-06
0.000227104
0.000198021
-0.000205404
2.62066e-05
-0.000201072
4.8637e-05
-0.000192991
6.93475e-05
-0.000182254
8.77959e-05
-0.000170127
0.00010371
-0.000157699
0.000117108
-0.000145739
0.000128206
-0.000134695
0.00013734
-0.000124769
0.000144881
-0.000116002
0.000151184
-0.000108311
0.000156556
-0.000101557
0.000161239
-9.5585e-05
0.000165417
-9.02428e-05
0.000169223
-8.53962e-05
0.00017275
-8.09324e-05
0.000176061
-7.67604e-05
0.000179196
-7.28087e-05
0.000182181
-6.9023e-05
0.000185032
-6.53627e-05
0.000187757
-6.17976e-05
0.00019036
-5.83057e-05
0.000192844
-5.4871e-05
0.000195207
-5.14818e-05
0.000197449
-4.81294e-05
0.000199569
-4.48074e-05
0.000201565
-4.15107e-05
0.000203436
-3.82355e-05
0.00020518
-3.49784e-05
0.000206796
-3.17368e-05
0.000208283
-2.85082e-05
0.000209639
-2.52904e-05
0.000210864
-2.20812e-05
0.000211959
-1.88789e-05
0.000212917
-1.56839e-05
0.000213716
-1.24978e-05
0.000214339
-9.29789e-06
0.000215114
-5.93453e-06
0.000217772
-2.20414e-06
0.000223374
0.000195817
-0.000164271
2.80613e-05
-0.000162988
4.73539e-05
-0.000159011
6.53704e-05
-0.000152972
8.17577e-05
-0.000145576
9.63136e-05
-0.000137477
0.000109009
-0.000129212
0.000119941
-0.000121168
0.000129296
-0.000113588
0.0001373
-0.00010659
0.000144186
-0.000100202
0.000150168
-9.43949e-05
0.000155433
-8.91085e-05
0.000160131
-8.42686e-05
0.000164383
-7.98006e-05
0.000168282
-7.56352e-05
0.000171895
-7.17121e-05
0.000175273
-6.79811e-05
0.00017845
-6.44014e-05
0.000181452
-6.09409e-05
0.000184297
-5.75747e-05
0.000186994
-5.42836e-05
0.000189552
-5.10528e-05
0.000191976
-4.7871e-05
0.000194267
-4.47298e-05
0.000196428
-4.16222e-05
0.000198458
-3.85431e-05
0.000200357
-3.54881e-05
0.000202125
-3.24537e-05
0.000203762
-2.94368e-05
0.000205266
-2.64348e-05
0.000206637
-2.34451e-05
0.000207875
-2.04655e-05
0.000208979
-1.74944e-05
0.000209946
-1.45325e-05
0.000210754
-1.15813e-05
0.000211388
-8.60945e-06
0.000212142
-5.44683e-06
0.000214609
-1.89931e-06
0.000219826
0.000193917
-0.00012728
3.13646e-05
-0.000128432
4.85055e-05
-0.00012757
6.45084e-05
-0.00012501
7.9198e-05
-0.00012116
9.24637e-05
-0.000116438
0.000104287
-0.00011122
0.000114723
-0.000105809
0.000123885
-0.000100424
0.000131915
-9.52065e-05
0.000138969
-9.02368e-05
0.000145199
-8.55471e-05
0.000150743
-8.11381e-05
0.000155722
-7.69914e-05
0.000160237
-7.30787e-05
0.000164369
-6.93683e-05
0.000168185
-6.58286e-05
0.000171733
-6.24312e-05
0.000175053
-5.91513e-05
0.000178173
-5.59681e-05
0.000181113
-5.28645e-05
0.000183891
-4.98268e-05
0.000186515
-4.6844e-05
0.000188993
-4.39073e-05
0.000191331
-4.10098e-05
0.00019353
-3.81458e-05
0.000195594
-3.53105e-05
0.000197522
-3.25002e-05
0.000199315
-2.97115e-05
0.000200973
-2.69414e-05
0.000202496
-2.41874e-05
0.000203883
-2.14468e-05
0.000205134
-1.87174e-05
0.00020625
-1.59976e-05
0.000207226
-1.32885e-05
0.000208045
-1.05908e-05
0.00020869
-7.868e-06
0.000209419
-4.94284e-06
0.000211684
-1.613e-06
0.000216496
0.000192304
-9.56915e-05
3.69115e-05
-9.93687e-05
5.21827e-05
-0.000101231
6.63702e-05
-0.000101482
7.94491e-05
-0.000100405
9.13874e-05
-9.83075e-05
0.000102189
-9.54791e-05
0.000111895
-9.21715e-05
0.000120577
-8.85864e-05
0.00012833
-8.48748e-05
0.000135257
-8.11426e-05
0.000141466
-7.74579e-05
0.000147058
-7.38604e-05
0.000152124
-7.03693e-05
0.000156746
-6.699e-05
0.00016099
-6.37195e-05
0.000164914
-6.05499e-05
0.000168564
-5.74714e-05
0.000171974
-5.44738e-05
0.000175175
-5.15471e-05
0.000178187
-4.86826e-05
0.000181026
-4.58724e-05
0.000183704
-4.31099e-05
0.000186231
-4.03894e-05
0.00018861
-3.77061e-05
0.000190847
-3.50558e-05
0.000192943
-3.24348e-05
0.000194901
-2.98398e-05
0.00019672
-2.72677e-05
0.000198401
-2.47158e-05
0.000199944
-2.21815e-05
0.000201348
-1.96621e-05
0.000202615
-1.71554e-05
0.000203743
-1.46599e-05
0.000204731
-1.21778e-05
0.000205563
-9.713e-06
0.000206226
-7.2255e-06
0.000206932
-4.4963e-06
0.000208955
-1.27538e-06
0.000213275
0.000191029
-5.05024e-05
-5.65039e-05
-6.12446e-05
-6.46754e-05
-6.68746e-05
-6.79911e-05
-6.82025e-05
-6.76877e-05
-6.66106e-05
-6.51116e-05
-6.33056e-05
-6.12831e-05
-5.91132e-05
-5.68471e-05
-5.45221e-05
-5.21647e-05
-4.97939e-05
-4.74226e-05
-4.506e-05
-4.27124e-05
-4.0384e-05
-3.80778e-05
-3.57953e-05
-3.35376e-05
-3.13048e-05
-2.90965e-05
-2.69117e-05
-2.47491e-05
-2.26071e-05
-2.04839e-05
-1.83773e-05
-1.62854e-05
-1.42058e-05
-1.21374e-05
-1.00804e-05
-8.03438e-06
-5.96756e-06
-3.69481e-06
-1.15805e-06
)
;

boundaryField
{
    leftWall
    {
        type            calculated;
        value           nonuniform 0();
    }
    rightWall
    {
        type            calculated;
        value           uniform 0;
    }
    lowerWall
    {
        type            calculated;
        value           nonuniform 0();
    }
    atmosphere
    {
        type            calculated;
        value           nonuniform List<scalar> 
45
(
-3.97517e-05
-2.17833e-05
-4.95501e-06
1.16914e-05
2.59351e-05
4.39239e-05
5.81842e-05
7.1111e-05
8.28798e-05
9.35866e-05
0.000103306
0.000112106
0.000120062
0.000127253
0.000133758
0.00013966
0.000145036
0.000149954
0.00015448
0.000158665
0.000162557
0.000166193
0.000169603
0.000172812
0.000175839
0.000178698
0.000181398
0.000183948
0.000186352
0.000188614
0.000190735
0.000192716
0.000194557
0.000196259
0.00019782
0.000199242
0.000200523
0.000201664
0.000202662
0.000203506
0.00020418
0.000204865
0.000206682
0.000210739
0.000189871
)
;
    }
    defaultFaces
    {
        type            empty;
        value           nonuniform 0();
    }
    procBoundary3to1
    {
        type            processor;
        value           nonuniform List<scalar> 
45
(
4.5217e-05
3.99859e-05
3.69837e-05
3.36253e-05
2.98184e-05
2.81307e-05
2.18714e-05
1.47269e-05
6.65804e-06
-2.3109e-06
-1.20284e-05
-2.20974e-05
-3.2193e-05
-4.27356e-05
-5.44745e-05
-6.66945e-05
-7.54224e-05
-7.43719e-05
-6.41132e-05
-5.60224e-05
-5.52528e-05
-6.25582e-05
-7.37642e-05
-8.46504e-05
-9.29026e-05
-8.93846e-05
-7.25315e-05
-7.20509e-05
-0.000103771
-0.000105124
-9.88354e-05
-9.06231e-05
-8.39574e-05
-8.00057e-05
-9.00829e-05
-0.000135672
-0.000208165
-0.000257659
-0.000271
-0.000269118
-0.000265454
-0.000262764
-0.000260898
-0.000259938
-0.000256474
)
;
    }
    procBoundary3to2
    {
        type            processor;
        value           nonuniform List<scalar> 
43
(
-0.000166841
-0.000171581
-0.000176337
-0.000180976
-0.000185363
-0.000189346
-0.000192753
-0.000195426
-0.000197294
-0.000198406
-0.000198877
-0.00019879
-0.000198125
-0.000196703
-0.000194153
-0.00018995
-0.000183457
-0.000173931
-0.000160748
-0.000144321
-0.000127082
-0.000112024
-0.000100243
-9.07002e-05
-8.22718e-05
-7.44569e-05
-6.65827e-05
-5.71832e-05
-4.11096e-05
-8.85039e-06
4.9004e-05
0.000128944
0.000207609
0.000254921
0.000257212
0.000238847
0.000213033
0.000183519
0.000152892
0.000121938
9.04161e-05
5.69694e-05
1.95246e-05
)
;
    }
}


// ************************************************************************* //
