/*--------------------------------*- C++ -*----------------------------------*\
| =========                 |                                                 |
| \\      /  F ield         | OpenFOAM: The Open Source CFD Toolbox           |
|  \\    /   O peration     | Version:  3.0.1                                 |
|   \\  /    A nd           | Web:      www.OpenFOAM.org                      |
|    \\/     M anipulation  |                                                 |
\*---------------------------------------------------------------------------*/
FoamFile
{
    version     2.0;
    format      ascii;
    class       surfaceScalarField;
    location    "0.05";
    object      alphaPhi;
}
// * * * * * * * * * * * * * * * * * * * * * * * * * * * * * * * * * * * * * //

dimensions      [0 3 -1 0 0 0 0];

internalField   nonuniform List<scalar> 
3742
(
2.6104e-06
-4.20362e-05
2.63464e-06
-4.25441e-05
2.65516e-06
-4.31169e-05
-7.47188e-09
-4.9258e-06
-5.48014e-11
2.19742e-08
-7.38445e-13
1.92666e-10
-1.37378e-14
2.52366e-12
-3.41572e-16
3.66266e-14
7.81977e-17
7.41922e-16
1.69699e-17
1.8534e-16
1.23024e-18
1.66608e-17
3.72993e-20
6.4215e-19
8.24974e-22
1.82764e-20
1.64939e-23
4.67815e-22
3.44272e-25
1.21138e-23
8.21228e-27
3.36962e-25
2.33139e-28
1.02315e-26
7.87239e-30
3.37779e-28
3.08535e-31
1.2004e-29
1.35282e-32
4.54738e-31
6.41304e-34
1.81959e-32
3.20074e-35
7.62725e-34
1.64641e-36
3.32454e-35
8.47258e-38
1.4967e-36
6.88671e-38
1.71535e-07
-3.67415e-05
3.24568e-07
-3.69484e-05
4.81026e-07
-3.6928e-05
6.36736e-07
-3.70108e-05
7.89491e-07
-3.71175e-05
9.38249e-07
-3.7251e-05
1.08207e-06
-3.74104e-05
1.22026e-06
-3.75953e-05
1.35209e-06
-3.78048e-05
1.4765e-06
-3.8038e-05
1.59236e-06
-3.82941e-05
1.69841e-06
-3.85723e-05
1.79339e-06
-3.88716e-05
1.87613e-06
-3.91916e-05
1.94557e-06
-3.95317e-05
2.00046e-06
-3.98918e-05
2.03971e-06
-4.02722e-05
2.06379e-06
-4.06744e-05
2.07572e-06
-4.11022e-05
2.08062e-06
-4.15584e-05
2.08015e-06
-4.20366e-05
2.09976e-06
-4.25648e-05
2.03751e-06
-4.30556e-05
-4.77006e-09
-4.09761e-06
-1.95929e-11
1.69492e-08
-2.41264e-13
2.15257e-10
-2.23154e-15
2.5861e-12
-1.95988e-16
3.9932e-14
7.76042e-17
8.69712e-16
1.26547e-17
1.65598e-16
5.35053e-19
1.03573e-17
8.72208e-21
2.79788e-19
8.18119e-23
5.4357e-21
2.5629e-25
1.00506e-22
-3.54378e-28
2.09531e-24
-1.91834e-29
5.27079e-26
-7.4173e-31
1.5012e-27
-2.54948e-32
4.67526e-29
-8.06383e-34
1.57361e-30
-2.2344e-35
5.66467e-32
-4.19744e-37
2.15993e-33
1.66908e-37
8.66179e-35
3.54591e-38
3.63627e-36
3.0917e-39
1.59535e-37
7.18061e-39
1.56108e-07
-3.68994e-05
2.73681e-07
-3.70679e-05
3.99315e-07
-3.70555e-05
5.24224e-07
-3.71376e-05
6.48033e-07
-3.72433e-05
7.68945e-07
-3.73739e-05
8.8629e-07
-3.75298e-05
9.98983e-07
-3.77101e-05
1.10605e-06
-3.7914e-05
1.20657e-06
-3.81407e-05
1.29952e-06
-3.83893e-05
1.38371e-06
-3.86588e-05
1.45783e-06
-3.89482e-05
1.52035e-06
-3.92567e-05
1.56945e-06
-3.95835e-05
1.60303e-06
-3.99282e-05
1.61916e-06
-4.02913e-05
1.61684e-06
-4.06752e-05
1.5968e-06
-4.10854e-05
1.56399e-06
-4.1529e-05
1.52082e-06
-4.19971e-05
1.50305e-06
-4.25512e-05
1.15412e-06
-4.27087e-05
-5.04803e-09
-3.3154e-06
-1.45141e-12
1.17124e-08
3.61023e-13
2.1595e-10
9.89233e-15
3.65541e-12
1.53313e-16
6.31918e-14
1.06593e-16
1.41581e-15
1.01139e-17
1.63228e-16
2.17453e-19
7.66428e-18
1.86495e-22
1.17053e-19
-3.68799e-25
1.09423e-21
-1.28086e-26
1.77376e-23
-3.90066e-28
3.42255e-25
-1.19772e-29
7.95684e-27
-3.74842e-31
2.12603e-28
-1.20655e-32
6.2509e-30
-3.98913e-34
1.99424e-31
-1.34572e-35
6.82741e-33
-4.59753e-37
2.48302e-34
-1.56738e-38
9.53761e-36
-5.20134e-40
3.84426e-37
-1.58068e-41
1.61773e-38
7.00283e-40
1.376e-07
-3.70454e-05
2.18943e-07
-3.71577e-05
3.24997e-07
-3.71701e-05
4.2605e-07
-3.72473e-05
5.27045e-07
-3.7353e-05
6.25945e-07
-3.74818e-05
7.21849e-07
-3.76349e-05
8.14192e-07
-3.78118e-05
9.02263e-07
-3.80118e-05
9.85232e-07
-3.82338e-05
1.06215e-06
-3.84766e-05
1.13189e-06
-3.87393e-05
1.19304e-06
-3.90206e-05
1.2437e-06
-3.9319e-05
1.2813e-06
-3.96332e-05
1.30241e-06
-3.9962e-05
1.30284e-06
-4.03048e-05
1.27713e-06
-4.06631e-05
1.21876e-06
-4.10414e-05
1.119e-06
-4.14442e-05
9.48359e-07
-4.18425e-05
6.73504e-07
-4.22945e-05
-4.16477e-08
-4.19055e-05
-1.35298e-08
-3.55394e-06
-1.6296e-10
5.53447e-10
-1.08713e-12
8.88188e-11
7.19952e-15
2.62743e-12
7.05955e-16
7.51503e-14
6.67055e-17
1.15942e-15
6.14163e-18
1.55306e-16
-7.421e-23
5.71597e-18
-7.90226e-24
2.54452e-20
-1.95801e-25
2.06332e-22
-4.53991e-27
3.01895e-24
-1.13089e-28
5.39121e-26
-3.06739e-30
1.16096e-27
-8.81908e-32
2.90887e-29
-2.67407e-33
8.07487e-31
-8.50319e-35
2.44254e-32
-2.81492e-36
7.95654e-34
-9.66533e-38
2.76178e-35
-3.41346e-39
1.01641e-36
-1.22787e-40
3.93445e-38
-4.42447e-42
1.58953e-39
6.62219e-41
1.13158e-07
-3.71959e-05
1.82399e-07
-3.72645e-05
2.75588e-07
-3.7301e-05
3.64745e-07
-3.73744e-05
4.52111e-07
-3.74802e-05
5.3843e-07
-3.76104e-05
6.23155e-07
-3.77648e-05
7.05784e-07
-3.79432e-05
7.85833e-07
-3.81449e-05
8.62718e-07
-3.83685e-05
9.35672e-07
-3.86129e-05
1.00365e-06
-3.88768e-05
1.06509e-06
-3.91584e-05
1.11757e-06
-3.94554e-05
1.15731e-06
-3.97652e-05
1.17865e-06
-4.0085e-05
1.17332e-06
-4.04081e-05
1.12822e-06
-4.07264e-05
1.02636e-06
-4.10475e-05
8.45197e-07
-4.13706e-05
5.50519e-07
-4.16449e-05
7.21185e-09
-4.17866e-05
-2.23685e-07
-4.12376e-05
-2.18672e-08
-8.5234e-06
4.44679e-10
-2.19586e-08
2.06814e-11
5.01911e-10
6.47206e-13
2.70263e-11
8.98679e-15
7.14733e-13
1.15982e-17
9.84845e-15
1.39533e-18
1.91379e-16
-2.53062e-22
2.07712e-18
-3.37644e-24
5.2467e-21
-5.93933e-26
3.76811e-23
-1.15161e-27
4.96561e-25
-2.52265e-29
8.1943e-27
-6.21943e-31
1.63651e-28
-1.65959e-32
3.84241e-30
-4.73637e-34
1.00679e-31
-1.43388e-35
2.88765e-33
-4.56595e-37
8.9529e-35
-1.52434e-38
2.96752e-36
-5.28965e-40
1.04659e-37
-1.88922e-41
3.89149e-39
-6.86467e-43
1.51069e-40
6.06039e-42
8.68932e-08
-3.66557e-05
1.49864e-07
-3.66939e-05
2.14718e-07
-3.6716e-05
2.84779e-07
-3.67762e-05
3.5293e-07
-3.68269e-05
4.19989e-07
-3.68883e-05
4.85955e-07
-3.69591e-05
5.50444e-07
-3.70364e-05
6.13047e-07
-3.71008e-05
6.73259e-07
-3.71663e-05
7.30343e-07
-3.72304e-05
7.83249e-07
-3.72914e-05
8.30408e-07
-3.73467e-05
8.69171e-07
-3.73906e-05
8.95154e-07
-3.7418e-05
9.01419e-07
-3.74228e-05
8.76402e-07
-3.73963e-05
7.99282e-07
-3.73259e-05
6.43347e-07
-3.72184e-05
3.95896e-07
-3.70899e-05
3.00113e-07
-3.62499e-05
6.66235e-07
-3.37547e-05
2.82035e-06
-2.6348e-05
-2.777e-07
-9.69716e-06
2.10324e-08
-4.0535e-07
2.64734e-09
1.89855e-08
7.48276e-11
2.68842e-09
1.1383e-12
8.41321e-11
2.7645e-15
1.16885e-12
-2.71103e-20
3.42533e-15
-1.17713e-22
5.34171e-19
-1.04981e-24
1.03974e-21
-1.48721e-26
6.6511e-24
-2.50768e-28
7.87792e-26
-4.91804e-30
1.19892e-27
-1.11006e-31
2.2217e-29
-2.75549e-33
4.88566e-31
-7.39631e-35
1.20811e-32
-2.12478e-36
3.2862e-34
-6.47048e-38
9.70139e-36
-2.08106e-39
3.07253e-37
-7.00251e-41
1.03884e-38
-2.43844e-42
3.71179e-40
-8.70261e-44
1.38592e-41
5.35751e-43
-1.35941e-08
-9.29893e-06
-5.95829e-08
-9.29096e-06
-7.56917e-08
-9.24755e-06
-1.03246e-07
-9.21013e-06
-1.32519e-07
-9.15421e-06
-1.6483e-07
-9.08481e-06
-2.00449e-07
-9.00163e-06
-2.39568e-07
-8.89333e-06
-2.82607e-07
-8.63512e-06
-3.30091e-07
-8.35101e-06
-3.82547e-07
-8.04299e-06
-4.40328e-07
-7.71314e-06
-5.03583e-07
-7.3078e-06
-5.72323e-07
-6.6044e-06
-6.46126e-07
-5.86035e-06
-7.24043e-07
-5.11829e-06
-8.03079e-07
-4.35957e-06
-8.77738e-07
-3.58694e-06
-9.50596e-07
-2.84691e-06
-9.62132e-07
-2.08228e-06
-3.89859e-07
-3.54781e-07
9.03753e-07
-1.26166e-10
1.50258e-06
-1.634e-09
1.61725e-06
-2.69641e-08
4.56906e-08
-6.50576e-07
1.15501e-08
4.82003e-08
3.98742e-10
1.34035e-08
2.21201e-12
4.86513e-10
-2.89986e-15
3.91537e-12
-1.83658e-20
5.85254e-16
-4.08961e-23
1.26971e-19
-2.80686e-25
1.97363e-22
-3.3134e-27
1.12524e-24
-4.91975e-29
1.19681e-26
-8.69854e-31
1.67784e-28
-1.80275e-32
2.88704e-30
-4.16759e-34
5.94763e-32
-1.05217e-35
1.38855e-33
-2.86552e-37
3.58444e-35
-8.32871e-39
1.00843e-36
-2.57194e-40
3.05462e-38
-8.35166e-42
9.90848e-40
-2.81794e-43
3.40464e-41
-9.79105e-45
1.22414e-42
4.56449e-44
-8.86669e-09
-4.71424e-35
-2.41954e-08
-2.36214e-32
-3.27685e-08
-1.74932e-30
-4.28046e-08
-8.45304e-29
-5.16467e-08
-3.05068e-27
-5.92632e-08
-8.66845e-26
-6.4487e-08
-2.00689e-24
-7.18114e-08
5.92658e-23
-7.83002e-08
9.64132e-22
-8.37903e-08
1.3794e-20
-8.8095e-08
1.72028e-19
-9.09898e-08
1.84718e-18
-1.41639e-07
1.66326e-17
-1.75356e-07
1.17695e-16
-1.75916e-07
2.9451e-17
-1.64777e-07
-5.6606e-16
-1.4636e-07
-5.30588e-15
-1.22202e-07
-4.90759e-14
-9.15683e-08
-4.95177e-13
-1.39214e-08
-4.89601e-12
-5.79057e-12
-4.95598e-11
3.08196e-12
-8.99343e-11
4.93548e-11
-7.04941e-10
1.21257e-09
-1.31758e-08
1.35523e-07
-3.05861e-07
-2.74465e-09
8.01431e-08
-3.06814e-10
1.10699e-08
-3.37931e-12
1.72937e-10
-5.06902e-16
4.94953e-13
-8.07699e-21
6.95708e-17
-1.20056e-23
2.78233e-20
-6.6679e-26
3.52657e-23
-6.67743e-28
1.79577e-25
-8.79822e-30
1.7187e-27
-1.40958e-31
2.22231e-29
-2.69021e-33
3.55832e-31
-5.8026e-35
6.87878e-33
-1.37945e-36
1.51853e-34
-3.56355e-38
3.72588e-36
-9.88523e-40
1.00048e-37
-2.92849e-41
2.90282e-39
-9.16262e-43
9.04559e-41
-2.98918e-44
2.99276e-42
-1.00781e-45
1.0377e-43
3.73737e-45
-1.00745e-34
-8.7713e-35
-1.28643e-32
-1.09992e-32
-9.5051e-31
-8.17249e-31
-4.54695e-29
-4.04089e-29
-1.62429e-27
-1.49062e-27
-4.55571e-26
-4.34108e-26
-1.03733e-24
-1.03326e-24
-1.95738e-23
-2.05695e-23
-3.09313e-22
-3.4752e-22
-4.10123e-21
-5.02228e-21
-4.52516e-20
-6.21729e-20
-4.05783e-19
-6.54509e-19
-2.81055e-18
-5.72673e-18
-1.37253e-17
-3.92923e-17
-4.90092e-17
-1.8021e-16
-3.14763e-16
-3.55541e-16
-2.98666e-15
-1.98309e-15
-3.11638e-14
-1.50692e-14
-3.07305e-13
-1.81096e-13
-2.69658e-12
-2.25534e-12
-1.56808e-11
-3.01348e-11
3.22943e-11
-1.7445e-10
3.5347e-10
-1.38753e-09
-1.91928e-08
-1.08286e-08
-6.91391e-08
-2.47049e-08
-9.47939e-09
2.75013e-08
-1.45422e-10
1.74296e-09
-4.18286e-13
2.81812e-11
-5.83353e-17
6.2824e-14
-2.77987e-21
7.70428e-18
-3.02645e-24
5.42721e-21
-1.40163e-26
5.7529e-24
-1.2101e-28
2.64071e-26
-1.42796e-30
2.2913e-28
-2.08706e-32
2.74639e-30
-3.68554e-34
4.11114e-32
-7.44266e-36
7.48535e-34
-1.67051e-37
1.56731e-35
-4.10159e-39
3.66519e-37
-1.08744e-40
9.41683e-39
-3.09296e-42
2.62296e-40
-9.32648e-44
7.86735e-42
-2.94149e-45
2.51084e-43
-9.61589e-47
8.41142e-45
2.93131e-46
-4.61505e-34
-1.0918e-35
-5.75173e-32
-1.60193e-33
-4.22826e-30
-1.18874e-31
-2.06969e-28
-5.94185e-30
-7.53789e-27
-2.20863e-28
-2.16087e-25
-6.49602e-27
-5.04473e-24
-1.56671e-25
-9.80344e-23
-3.17073e-24
-1.60608e-21
-5.46751e-23
-2.22799e-20
-8.10876e-22
-2.60333e-19
-1.03848e-20
-2.50758e-18
-1.14598e-19
-1.87987e-17
-1.07706e-18
-9.35168e-17
-8.36984e-18
-1.98526e-16
-4.99941e-17
-4.77151e-16
-1.8617e-16
-5.58592e-16
-2.73793e-16
-6.08004e-15
-8.80067e-16
-1.00745e-13
-1.18013e-14
-1.85622e-12
-1.71034e-13
-1.82616e-11
-2.0657e-12
-1.59544e-10
-1.8481e-11
-1.3586e-09
-2.54458e-10
-2.12837e-08
-2.33797e-09
-5.4519e-08
-2.99852e-09
-1.65808e-09
2.38916e-09
-2.48259e-11
1.0765e-10
-5.64615e-14
3.40487e-12
-5.33009e-18
6.40446e-15
-7.39964e-22
7.82637e-19
-6.36818e-25
8.9527e-22
-2.5465e-27
8.24338e-25
-1.93717e-29
3.47846e-27
-2.07608e-31
2.77592e-29
-2.79681e-33
3.11477e-31
-4.6046e-35
4.39323e-33
-8.75558e-37
7.58005e-35
-1.86371e-38
1.51276e-36
-4.36453e-40
3.38561e-38
-1.10901e-41
8.35243e-40
-3.03473e-43
2.24039e-41
-8.83272e-45
6.48565e-43
-2.69626e-46
2.00148e-44
-8.55225e-48
6.49326e-46
2.19429e-47
-6.15843e-35
-5.36734e-37
-8.90423e-33
-8.23902e-35
-6.57757e-31
-6.21418e-33
-3.26143e-29
-3.12301e-31
-1.20063e-27
-1.17046e-29
-3.48804e-26
-3.47043e-28
-8.2852e-25
-8.44653e-27
-1.64531e-23
-1.7287e-25
-2.77007e-22
-3.02356e-24
-3.98222e-21
-4.56764e-23
-4.88821e-20
-5.9964e-22
-5.07204e-19
-6.85166e-21
-4.32304e-18
-6.78653e-20
-2.81531e-17
-5.75116e-19
-1.13623e-16
-4.04253e-18
-1.54846e-16
-2.1838e-17
-3.2246e-16
-7.11876e-17
-6.89441e-16
8.32594e-18
-1.02351e-14
6.52547e-16
-1.22786e-13
1.44473e-15
-1.53331e-12
-7.4089e-14
-2.32611e-11
-9.00318e-13
-3.00127e-10
-8.25061e-12
-1.10971e-09
-4.21917e-11
-2.52736e-09
-8.37924e-11
-1.0381e-10
6.96419e-11
1.21051e-13
3.71093e-12
1.95471e-16
-4.84558e-14
-1.66566e-19
-1.14183e-16
-1.44164e-22
1.1524e-19
-1.06854e-25
1.20433e-22
-3.87097e-28
1.00491e-25
-2.67697e-30
4.0006e-28
-2.65918e-32
2.99419e-30
-3.35044e-34
3.18887e-32
-5.19812e-36
4.28361e-34
-9.38209e-38
7.06279e-36
-1.90586e-39
1.35244e-37
-4.27829e-41
2.91272e-39
-1.04605e-42
6.93202e-41
-2.76273e-44
1.79772e-42
-7.7814e-46
5.04018e-44
-2.30388e-47
1.50862e-45
-7.10239e-49
4.75304e-47
1.5616e-48
-3.18718e-36
-1.54062e-38
-4.81098e-34
-2.42915e-36
-3.61686e-32
-1.8731e-34
-1.80801e-30
-9.53554e-33
-6.72575e-29
-3.62142e-31
-1.97561e-27
-1.08964e-29
-4.75286e-26
-2.69612e-28
-9.58875e-25
-5.6241e-27
-1.64734e-23
-1.00603e-25
-2.43266e-22
-1.56128e-24
-3.10014e-21
-2.11846e-23
-3.40148e-20
-2.52407e-22
-3.1756e-19
-2.64338e-21
-2.44801e-18
-2.42623e-20
-1.445e-17
-1.93533e-19
-5.13412e-17
-1.3177e-18
6.53496e-18
-7.37862e-18
5.57344e-16
-3.13001e-17
1.34854e-15
-8.13656e-17
-2.06114e-14
-9.64612e-17
-9.45144e-14
-6.914e-16
-9.48795e-13
-6.80861e-15
-8.73502e-12
-6.14138e-14
-3.94768e-11
-3.55707e-13
-7.78642e-11
-1.77772e-12
-3.47327e-12
1.4068e-12
2.01642e-13
1.36397e-13
8.99379e-17
-5.95438e-14
-6.40852e-20
-3.91147e-17
-2.0536e-23
3.34318e-20
-1.40471e-26
1.30554e-23
-4.82892e-29
1.02435e-26
-3.13933e-31
3.9475e-29
-2.95888e-33
2.82933e-31
-3.54721e-35
2.9055e-33
-5.25348e-37
3.76409e-35
-9.08936e-39
5.99054e-37
-1.77577e-40
1.10959e-38
-3.84491e-42
2.31506e-40
-9.09164e-44
5.34512e-42
-2.32719e-45
1.34668e-43
-6.36489e-47
3.67189e-45
-1.83309e-48
1.06992e-46
-5.50565e-50
3.2844e-48
1.05226e-49
-9.6501e-38
-1.53275e-40
-1.49729e-35
-2.46846e-38
-1.1517e-33
-1.93457e-36
-5.84539e-32
-1.00425e-34
-2.20961e-30
-3.87925e-33
-6.60781e-29
-1.18788e-31
-1.62249e-27
-2.99638e-30
-3.35261e-26
-6.38619e-29
-5.92742e-25
-1.17043e-27
-9.06657e-24
-1.86768e-26
-1.20802e-22
-2.61738e-25
-1.40617e-21
-3.23987e-24
-1.42809e-20
-3.55344e-23
-1.25641e-19
-3.45575e-22
-9.41763e-19
-2.97406e-21
-5.80431e-18
-2.25266e-20
-2.71377e-17
-1.486e-19
-7.80941e-17
-8.3778e-19
-1.03723e-16
-3.89704e-18
-1.61124e-16
-1.40179e-17
-8.88e-16
-3.46839e-17
-7.52127e-15
-5.95262e-17
-7.06993e-14
-2.08458e-16
-1.50114e-13
-7.26189e-16
-1.61444e-12
-6.08959e-15
-1.09621e-13
5.55769e-15
2.39553e-14
2.76028e-15
-4.01825e-17
-5.81037e-15
-1.22839e-20
1.35821e-17
-2.23075e-24
5.19964e-21
-1.46699e-27
1.13204e-24
-4.94342e-30
8.63904e-28
-3.10539e-32
3.30213e-30
-2.83724e-34
2.31386e-32
-3.29186e-36
2.32891e-34
-4.71705e-38
2.94916e-36
-7.90737e-40
4.58089e-38
-1.49865e-41
8.28228e-40
-3.15208e-43
1.68686e-41
-7.25057e-45
3.80293e-43
-1.80756e-46
9.35995e-45
-4.82048e-48
2.49396e-46
-1.35523e-49
7.10419e-48
-3.97772e-51
2.1329e-49
6.68617e-51
-1.01132e-39
-8.27008e-43
-1.60409e-37
-1.36309e-40
-1.25623e-35
-1.0933e-38
-6.51064e-34
-5.83432e-37
-2.50948e-32
-2.32082e-35
-7.66033e-31
-7.33291e-34
-1.92429e-29
-1.91374e-32
-4.07977e-28
-4.23397e-31
-7.42893e-27
-8.08655e-30
-1.17603e-25
-1.35095e-28
-1.63192e-24
-1.99307e-27
-1.99548e-23
-2.61453e-26
-2.15539e-22
-3.06389e-25
-2.05568e-21
-3.21628e-24
-1.7246e-20
-3.02733e-23
-1.26181e-19
-2.55262e-22
-7.92041e-19
-1.92238e-21
-4.13331e-18
-1.28598e-20
-1.67924e-17
-7.57159e-20
-4.5282e-17
-3.87121e-19
-5.60894e-17
-1.68493e-18
-8.66281e-17
-6.01751e-18
-3.09357e-16
-1.64119e-17
-9.46533e-16
-3.03761e-17
-7.10358e-15
-7.59128e-17
-1.49641e-15
-2.61749e-17
1.19117e-15
5.21858e-17
-4.21774e-17
-2.08579e-16
-1.31384e-21
1.08147e-17
-1.88907e-25
4.40473e-22
-1.23187e-28
7.75835e-26
-4.16946e-31
5.96257e-29
-2.58749e-33
2.31739e-31
-2.33445e-35
1.62109e-33
-2.6627e-37
1.62623e-35
-3.74038e-39
2.04135e-37
-6.1414e-41
3.13118e-39
-1.13943e-42
5.5805e-41
-2.34576e-44
1.11879e-42
-5.28284e-46
2.48041e-44
-1.28973e-47
6.00064e-46
-3.36953e-49
1.57084e-47
-9.28509e-51
4.39509e-49
-2.67263e-52
1.29598e-50
3.99011e-52
-5.79104e-42
-2.01454e-45
-9.41073e-40
-3.39976e-43
-7.56021e-38
-2.80702e-41
-4.03804e-36
-1.53844e-39
-1.60765e-34
-6.2996e-38
-5.08248e-33
-2.05288e-36
-1.32679e-31
-5.53625e-35
-2.93534e-30
-1.26853e-33
-5.60456e-29
-2.51586e-32
-9.357e-28
-4.3779e-31
-1.37908e-26
-6.75163e-30
-1.80652e-25
-9.29664e-29
-2.113e-24
-1.14908e-27
-2.21277e-23
-1.27959e-26
-2.07657e-22
-1.28655e-25
-1.74475e-21
-1.1687e-24
-1.30869e-20
-9.58309e-24
-8.71683e-20
-7.07455e-23
-5.11209e-19
-4.67869e-22
-2.60516e-18
-2.75301e-21
-1.13008e-17
-1.42565e-20
-4.03052e-17
-6.37043e-20
-1.1224e-16
-2.37353e-19
-2.56142e-16
-6.96852e-19
-5.24738e-16
-1.43389e-18
-2.59296e-16
-1.26878e-18
-9.99133e-17
1.12865e-17
-9.24823e-18
1.21469e-17
-8.94032e-23
1.80573e-18
-1.24227e-26
2.37715e-23
-8.30383e-30
4.15391e-27
-2.89227e-32
3.33251e-30
-1.81076e-34
1.35126e-32
-1.64157e-36
9.64119e-35
-1.86841e-38
9.80767e-37
-2.60601e-40
1.23815e-38
-4.2367e-42
1.89855e-40
-7.76647e-44
3.37015e-42
-1.57748e-45
6.70999e-44
-3.50198e-47
1.47421e-45
-8.42191e-49
3.52886e-47
-2.16663e-50
9.12886e-49
-5.87816e-52
2.52173e-50
-1.66586e-53
7.33664e-52
2.22768e-53
-1.49429e-44
-2.57991e-48
-2.48897e-42
-4.45424e-46
-2.06062e-40
-3.77134e-44
-1.13281e-38
-2.11758e-42
-4.65293e-37
-8.88634e-41
-1.5212e-35
-2.96922e-39
-4.11649e-34
-8.21527e-38
-9.46721e-33
-1.93266e-36
-1.88522e-31
-3.93931e-35
-3.29501e-30
-7.05365e-34
-5.10649e-29
-1.12103e-32
-7.07024e-28
-1.59356e-31
-8.79435e-27
-2.03766e-30
-9.86601e-26
-2.35316e-29
-1.0008e-24
-2.4607e-28
-9.19084e-24
-2.33294e-27
-7.6414e-23
-2.00522e-26
-5.74482e-22
-1.56032e-25
-3.89573e-21
-1.09552e-24
-2.37402e-20
-6.90658e-24
-1.29278e-19
-3.87822e-23
-6.2359e-19
-1.91305e-22
-2.62721e-18
-8.10806e-22
-9.43313e-18
-2.8492e-21
-2.73281e-17
-7.74007e-21
-5.39274e-17
-1.31104e-20
-1.77218e-17
2.99903e-19
-7.76651e-19
1.3581e-18
-4.14417e-24
1.11962e-19
-6.30685e-28
8.66408e-25
-4.47085e-31
1.7162e-28
-1.64285e-33
1.49282e-31
-1.05973e-35
6.48745e-34
-9.82181e-38
4.82699e-36
-1.13212e-39
5.06888e-38
-1.58789e-41
6.53259e-40
-2.58403e-43
1.01416e-41
-4.72449e-45
1.81254e-43
-9.54521e-47
3.61743e-45
-2.10371e-48
7.93976e-47
-5.01474e-50
1.89388e-48
-1.27731e-51
4.87172e-50
-3.42836e-53
1.336e-51
-9.607e-55
3.85401e-53
1.15922e-54
-2.01375e-47
-6.64747e-52
-3.43308e-45
-1.1922e-49
-2.916e-43
-1.04427e-47
-1.64356e-41
-6.08259e-46
-6.92553e-40
-2.6498e-44
-2.32459e-38
-9.19978e-43
-6.46396e-37
-2.64854e-41
-1.52914e-35
-6.49465e-40
-3.13626e-34
-1.38276e-38
-5.65522e-33
-2.59266e-37
-9.05928e-32
-4.32708e-36
-1.2995e-30
-6.48128e-35
-1.67912e-29
-8.76691e-34
-1.96303e-28
-1.07594e-32
-2.0829e-27
-1.20216e-31
-2.00996e-26
-1.22558e-30
-1.76577e-25
-1.14145e-29
-1.41241e-24
-9.71317e-29
-1.02785e-23
-7.54312e-28
-6.79406e-23
-5.33332e-27
-4.0676e-22
-3.41822e-26
-2.19553e-21
-1.97067e-25
-1.06046e-20
-1.00953e-24
-4.52415e-20
-4.50469e-24
-1.65862e-19
-1.6846e-23
-4.87338e-19
-4.76915e-23
-6.22347e-19
-6.06966e-23
-3.42314e-20
2.35364e-20
-1.34209e-25
3.43773e-21
-2.45303e-29
2.15808e-26
-1.91125e-32
5.38556e-30
-7.6023e-35
5.29794e-33
-5.16188e-37
2.54065e-35
-4.97722e-39
2.01793e-37
-5.8968e-41
2.22856e-39
-8.42389e-43
2.97788e-41
-1.38738e-44
4.74258e-43
-2.55431e-46
8.63036e-45
-5.17639e-48
1.74342e-46
-1.14094e-49
3.85526e-48
-2.71332e-51
9.23183e-50
-6.88192e-53
2.37691e-51
-1.83674e-54
6.50896e-53
-5.11246e-56
1.87153e-54
5.60265e-56
-5.49555e-51
-3.32614e-55
-9.73873e-49
-6.19116e-53
-8.56972e-47
-5.60376e-51
-5.01713e-45
-3.37444e-49
-2.19834e-43
-1.51969e-47
-7.68258e-42
-5.45546e-46
-2.22823e-40
-1.62467e-44
-5.50976e-39
-4.12386e-43
-1.18418e-37
-9.09586e-42
-2.24423e-36
-1.76857e-40
-3.79158e-35
-3.06454e-39
-5.75918e-34
-4.77244e-38
-7.91698e-33
-6.72335e-37
-9.90068e-32
-8.61174e-36
-1.13096e-30
-1.00672e-34
-1.18381e-29
-1.07704e-33
-1.13821e-28
-1.05645e-32
-1.00709e-27
-9.5087e-32
-8.21126e-27
-7.85108e-31
-6.17573e-26
-5.93838e-30
-4.28715e-25
-4.10245e-29
-2.74731e-24
-2.57445e-28
-1.62436e-23
-1.45432e-27
-8.84446e-23
-7.28293e-27
-4.41031e-22
-3.13987e-26
-1.98466e-21
-1.08959e-25
-7.76639e-21
-2.45673e-25
-8.40904e-22
2.73845e-23
-3.02931e-27
5.22048e-23
-7.21566e-31
3.59777e-28
-6.43147e-34
1.25568e-31
-2.84749e-36
1.46837e-34
-2.08128e-38
8.03099e-37
-2.12579e-40
6.98409e-39
-2.62829e-42
8.27421e-41
-3.87421e-44
1.16521e-42
-6.53039e-46
1.93006e-44
-1.22257e-47
3.61829e-46
-2.50653e-49
7.47349e-48
-5.56701e-51
1.67978e-49
-1.32967e-52
4.06947e-51
-3.37834e-54
1.05594e-52
-9.01372e-56
2.90517e-54
-2.50405e-57
8.37181e-56
2.50675e-57
-2.89683e-54
-9.04055e-60
-5.32701e-52
-1.75881e-57
-4.84556e-50
-1.66742e-55
-2.9342e-48
-1.05112e-53
-1.33e-46
-4.95956e-52
-4.80998e-45
-1.86794e-50
-1.44458e-43
-5.846e-49
-3.70202e-42
-1.5624e-47
-8.25501e-41
-3.63657e-46
-1.62513e-39
-7.4803e-45
-2.85629e-38
-1.37527e-43
-4.52117e-37
-2.28008e-42
-6.48994e-36
-3.4331e-41
-8.49536e-35
-4.72133e-40
-1.01865e-33
-5.95742e-39
-1.12291e-32
-6.92226e-38
-1.14135e-31
-7.42827e-37
-1.07218e-30
-7.37754e-36
-9.32619e-30
-6.79057e-35
-7.52207e-29
-5.79605e-34
-5.63026e-28
-4.58625e-33
-3.91074e-27
-3.35868e-32
-2.51676e-26
-2.26827e-31
-1.49348e-25
-1.40266e-30
-8.07475e-25
-7.82746e-30
-3.86288e-24
-3.81362e-29
-1.51548e-23
-1.48204e-28
-1.08912e-23
-2.99278e-28
-4.63678e-29
3.01558e-25
-1.57339e-32
3.7716e-30
-1.68271e-35
2.10446e-33
-8.55946e-38
3.11799e-36
-6.90097e-40
2.02293e-38
-7.61082e-42
1.98209e-40
-9.97679e-44
2.57433e-42
-1.53799e-45
3.88807e-44
-2.68403e-47
6.79625e-46
-5.16101e-49
1.32877e-47
-1.07993e-50
2.83599e-49
-2.43573e-52
6.53881e-51
-5.88348e-54
1.61563e-52
-1.50669e-55
4.2553e-54
-4.04105e-57
1.18378e-55
-1.12605e-58
3.43854e-57
1.03517e-58
-8.35649e-59
-1.06942e-63
-1.60728e-56
-2.1581e-61
-1.53247e-54
-2.12991e-59
-9.72657e-53
-1.3968e-57
-4.62591e-51
-6.85643e-56
-1.75832e-49
-2.68691e-54
-5.56089e-48
-8.75142e-53
-1.50411e-46
-2.43481e-51
-3.54903e-45
-5.90157e-50
-7.41486e-44
-1.26474e-48
-1.38772e-42
-2.42397e-47
-2.34807e-41
-4.19229e-46
-3.61905e-40
-6.5904e-45
-5.11284e-39
-9.47177e-44
-6.65589e-38
-1.25036e-42
-8.02066e-37
-1.52174e-41
-8.98311e-36
-1.71254e-40
-9.38513e-35
-1.78604e-39
-9.17743e-34
-1.72855e-38
-8.42719e-33
-1.55317e-37
-7.28972e-32
-1.29487e-36
-5.95879e-31
-9.99431e-36
-4.6164e-30
-7.10857e-35
-3.3978e-29
-4.61817e-34
-2.37856e-28
-2.69441e-33
-1.58088e-27
-1.36443e-32
-9.90429e-27
-5.55487e-32
-5.74988e-26
-1.45945e-31
-4.51085e-31
-3.29914e-32
-2.46434e-34
2.13647e-32
-3.3631e-37
2.40194e-35
-2.04161e-39
4.93618e-38
-1.86648e-41
3.99379e-40
-2.26981e-43
4.56016e-42
-3.20863e-45
6.65425e-44
-5.24654e-47
1.09872e-45
-9.59404e-49
2.0586e-47
-1.91455e-50
4.25262e-49
-4.12602e-52
9.48351e-51
-9.52638e-54
2.26468e-52
-2.34374e-55
5.75527e-54
-6.08837e-57
1.55016e-55
-1.65093e-58
4.38952e-57
-4.63841e-60
1.29292e-58
3.93461e-60
-1.04073e-62
-2.66899e-73
-2.07557e-60
-5.71009e-71
-2.05958e-58
-5.98993e-69
-1.35987e-56
-4.18541e-67
-6.72868e-55
-2.19405e-65
-2.66159e-53
-9.20373e-64
-8.76279e-52
-3.21726e-62
-2.46837e-50
-9.63516e-61
-6.06824e-49
-2.52251e-59
-1.32165e-47
-5.86215e-58
-2.58017e-46
-1.22388e-56
-4.55724e-45
-2.31785e-55
-7.33802e-44
-4.01394e-54
-1.08396e-42
-6.39874e-53
-1.47672e-41
-9.44329e-52
-1.86377e-40
-1.29654e-50
-2.18769e-39
-1.66328e-49
-2.39624e-38
-2.00139e-48
-2.45614e-37
-2.26654e-47
-2.36126e-36
-2.42297e-46
-2.13255e-35
-2.45115e-45
-1.81028e-34
-2.35097e-44
-1.44246e-33
-2.13977e-43
-1.07367e-32
-1.84655e-42
-7.37742e-32
-1.50454e-41
-4.55349e-31
-1.14464e-40
-2.36045e-30
-7.91486e-40
-8.30688e-30
-4.62754e-39
-2.40443e-33
-1.70116e-38
-2.63122e-36
3.87748e-35
-5.00245e-39
1.69123e-37
-3.80474e-41
5.58989e-40
-4.0755e-43
6.04173e-42
-5.59669e-45
8.38378e-44
-8.69191e-47
1.41464e-45
-1.53056e-48
2.60941e-47
-2.97021e-50
5.33099e-49
-6.21854e-52
1.18001e-50
-1.39334e-53
2.78217e-52
-3.32061e-55
6.95127e-54
-8.38253e-57
1.83304e-55
-2.22345e-58
5.08847e-57
-6.1318e-60
1.47684e-58
-1.74635e-61
4.43852e-60
1.37307e-61
-2.78073e-72
-6.27704e-80
-5.88495e-70
-1.40695e-77
-6.2167e-68
-1.54266e-75
-4.38129e-66
-1.12706e-73
-2.32024e-64
-6.17626e-72
-9.84938e-63
-2.70756e-70
-3.49064e-61
-9.88829e-69
-1.06202e-59
-3.09344e-67
-2.83094e-58
-8.45988e-66
-6.71543e-57
-2.05405e-64
-1.43515e-55
-4.48193e-63
-2.79113e-54
-8.87623e-62
-4.98178e-53
-1.60868e-60
-8.21959e-52
-2.68661e-59
-1.26167e-50
-4.15941e-58
-1.81206e-49
-6.00105e-57
-2.4483e-48
-8.10639e-56
-3.12779e-47
-1.02966e-54
-3.79701e-46
-1.23458e-53
-4.40159e-45
-1.40239e-52
-4.89648e-44
-1.51405e-51
-5.25305e-43
-1.55789e-50
-5.4616e-42
-1.53093e-49
-5.52885e-41
-1.43797e-48
-5.47186e-40
-1.28907e-47
-5.31055e-39
-1.09639e-46
-5.06092e-38
-8.71408e-46
-4.73145e-37
-6.23126e-45
-4.32676e-36
-3.57949e-44
-1.74056e-38
-7.85457e-44
-5.31975e-41
5.80717e-40
-5.42096e-43
4.22364e-42
-7.08772e-45
6.77756e-44
-1.13039e-46
1.20853e-45
-1.96971e-48
2.44293e-47
-3.79802e-50
5.16236e-49
-7.92927e-52
1.17233e-50
-1.76188e-53
2.82357e-52
-4.14528e-55
7.12854e-54
-1.02858e-56
1.88368e-55
-2.6847e-58
5.2024e-57
-7.32105e-60
1.5006e-58
-2.06598e-61
4.49634e-60
-5.99754e-63
1.38777e-61
4.3895e-63
-6.865e-79
-4.54413e-84
-1.52065e-76
-1.08871e-81
-1.67827e-74
-1.27322e-79
-1.23608e-72
-9.92576e-78
-6.84036e-71
-5.80663e-76
-3.03361e-69
-2.71937e-74
-1.12305e-67
-1.06193e-72
-3.56877e-66
-3.55629e-71
-9.93691e-65
-1.04254e-69
-2.46278e-63
-2.71756e-68
-5.50122e-62
-6.37716e-67
-1.11897e-60
-1.36083e-65
-2.09054e-59
-2.66284e-64
-3.61425e-58
-4.81198e-63
-5.82078e-57
-8.0798e-62
-8.78554e-56
-1.26735e-60
-1.24977e-54
-1.86579e-59
-1.68466e-53
-2.58913e-58
-2.16325e-52
-3.39968e-57
-2.66008e-51
-4.23846e-56
-3.14894e-50
-5.03234e-55
-3.60763e-49
-5.70406e-54
-4.02132e-48
-6.18248e-53
-4.38388e-47
-6.41012e-52
-4.69684e-46
-6.34635e-51
-4.96668e-45
-5.96663e-50
-5.20085e-44
-5.26017e-49
-5.40357e-43
-4.23124e-48
-5.57234e-42
-2.91062e-47
-5.69862e-41
-1.38523e-46
-3.77904e-43
2.50653e-43
-5.71932e-45
1.8589e-44
-9.63918e-47
5.35752e-46
-1.84819e-48
1.33046e-47
-3.70335e-50
3.37269e-49
-7.96744e-52
8.41741e-51
-1.81656e-53
2.17253e-52
-4.33736e-55
5.79236e-54
-1.0829e-56
1.58783e-55
-2.8233e-58
4.48927e-57
-7.68042e-60
1.31148e-58
-2.16854e-61
3.96464e-60
-6.30195e-63
1.23574e-61
-1.87546e-64
3.94336e-63
1.283e-64
-5.28383e-83
-1.80294e-90
-1.25125e-80
-4.61928e-88
-1.47371e-78
-5.77039e-86
-1.159e-76
-4.8014e-84
-6.8524e-75
-2.99751e-82
-3.24965e-73
-1.49844e-80
-1.28766e-71
-6.24908e-79
-4.38532e-70
-2.23673e-77
-1.3105e-68
-7.01519e-76
-3.49139e-67
-1.95877e-74
-8.39803e-66
-4.93079e-73
-1.84285e-64
-1.13054e-71
-3.72161e-63
-2.38131e-70
-6.96904e-62
-4.64176e-69
-1.21818e-60
-8.4266e-68
-1.9996e-59
-1.43272e-66
-3.09926e-58
-2.29293e-65
-4.55935e-57
-3.46992e-64
-6.3975e-56
-4.98616e-63
-8.60251e-55
-6.82956e-62
-1.11356e-53
-8.94779e-61
-1.39361e-52
-1.12479e-59
-1.69285e-51
-1.36006e-58
-2.00266e-50
-1.58461e-57
-2.31277e-49
-1.77964e-56
-2.60915e-48
-1.92307e-55
-2.86964e-47
-1.9878e-54
-3.05685e-46
-1.93869e-53
-3.11017e-45
-1.72829e-52
-2.94741e-44
-1.29307e-51
-1.57311e-45
-5.49005e-51
-4.25087e-47
3.24137e-47
-9.9909e-49
2.72857e-48
-2.40868e-50
1.07585e-49
-5.71811e-52
3.6439e-51
-1.40278e-53
1.11622e-52
-3.5521e-55
3.36226e-54
-9.23851e-57
1.01211e-55
-2.47561e-58
3.05955e-57
-6.84755e-60
9.37325e-59
-1.95791e-61
2.92737e-60
-5.76636e-63
9.35972e-62
-1.73712e-64
3.05895e-63
-5.33114e-66
1.01636e-64
3.42287e-66
-2.21928e-89
-2.84632e-96
-5.62022e-87
-7.78031e-94
-7.07175e-85
-1.0371e-91
-5.93795e-83
-9.1978e-90
-3.7481e-81
-6.11698e-88
-1.89831e-79
-3.25634e-86
-8.03791e-78
-1.44604e-84
-2.92784e-76
-5.51162e-83
-9.36813e-75
-1.84112e-81
-2.67573e-73
-5.47711e-80
-6.91037e-72
-1.46958e-78
-1.63085e-70
-3.59336e-77
-3.54858e-69
-8.07669e-76
-7.1744e-68
-1.68116e-74
-1.35703e-66
-3.26157e-73
-2.41628e-65
-5.93148e-72
-4.07324e-64
-1.01634e-70
-6.53581e-63
-1.64845e-69
-1.00335e-61
-2.54175e-68
-1.48101e-60
-3.74044e-67
-2.11208e-59
-5.27261e-66
-2.92396e-58
-7.14293e-65
-3.94767e-57
-9.32672e-64
-5.22088e-56
-1.17649e-62
-6.79164e-55
-1.43571e-61
-8.7222e-54
-1.69495e-60
-1.10913e-52
-1.93087e-59
-1.39918e-51
-2.10718e-58
-1.75203e-50
-2.16538e-57
-2.17532e-49
-2.00842e-56
-2.67283e-48
-1.4729e-55
-2.03976e-49
-2.67973e-55
-7.59597e-51
7.3517e-51
-2.45023e-52
5.99992e-52
-7.15694e-54
2.98948e-53
-2.05484e-55
1.18325e-54
-5.89166e-57
4.29822e-56
-1.69469e-58
1.49512e-57
-4.9348e-60
5.0726e-59
-1.46329e-61
1.70769e-60
-4.43705e-63
5.7678e-62
-1.37377e-64
1.96958e-63
-4.31975e-66
6.80644e-65
-1.37554e-67
2.37205e-66
8.32321e-68
-3.6913e-95
-1.30776e-100
-9.96958e-93
-3.84618e-98
-1.33806e-90
-5.52341e-96
-1.19719e-88
-5.27894e-94
-8.04827e-87
-3.785e-92
-4.33975e-85
-2.17356e-90
-1.95629e-83
-1.04201e-88
-7.58672e-82
-4.29143e-87
-2.58495e-80
-1.55063e-85
-7.86454e-79
-4.9961e-84
-2.16434e-77
-1.45393e-82
-5.44523e-76
-3.86212e-81
-1.26372e-74
-9.44742e-80
-2.72654e-73
-2.14434e-78
-5.50664e-72
-4.54608e-77
-1.04754e-70
-9.05507e-76
-1.88775e-69
-1.70353e-74
-3.23993e-68
-3.04156e-73
-5.32307e-67
-5.17662e-72
-8.41324e-66
-8.43253e-71
-1.28537e-64
-1.3196e-69
-1.90732e-63
-1.99041e-68
-2.76175e-62
-2.9021e-67
-3.92044e-61
-4.09952e-66
-5.48112e-60
-5.61816e-65
-7.5812e-59
-7.4695e-64
-1.04186e-57
-9.613e-63
-1.42832e-56
-1.19039e-61
-1.96029e-55
-1.40001e-60
-2.70102e-54
-1.52075e-59
-3.74385e-53
-1.42542e-58
-5.22676e-52
-9.02441e-58
-3.98188e-53
4.74403e-54
-1.88852e-54
2.05496e-54
-7.13894e-56
1.78015e-55
-2.47744e-57
9.79652e-57
-8.22886e-59
4.47706e-58
-2.66342e-60
1.8509e-59
-8.54451e-62
7.19341e-61
-2.74704e-63
2.70332e-62
-8.91844e-65
1.00003e-63
-2.92684e-66
3.68571e-65
-9.67586e-68
1.3589e-66
-3.21742e-69
5.00594e-68
1.84258e-69
-1.79784e-99
-2.30311e-106
-5.22453e-97
-7.29757e-104
-7.55573e-95
-1.12952e-101
-7.28756e-93
-1.1642e-99
-5.28381e-91
-9.00515e-98
-3.07486e-89
-5.58105e-96
-1.49724e-87
-2.8888e-94
-6.27796e-86
-1.28516e-92
-2.31538e-84
-5.01925e-91
-7.63523e-83
-1.74919e-89
-2.28077e-81
-5.51047e-88
-6.23857e-80
-1.58608e-86
-1.57689e-78
-4.2086e-85
-3.71245e-77
-1.03742e-83
-8.19788e-76
-2.39165e-82
-1.70869e-74
-5.1875e-81
-3.38114e-73
-1.06433e-79
-6.38625e-72
-2.07575e-78
-1.15724e-70
-3.8656e-77
-2.02162e-69
-6.90249e-76
-3.42054e-68
-1.18633e-74
-5.63054e-67
-1.96943e-73
-9.05558e-66
-3.16785e-72
-1.42867e-64
-4.95022e-71
-2.21912e-63
-7.52981e-70
-3.4043e-62
-1.11606e-68
-5.17022e-61
-1.61113e-67
-7.78368e-60
-2.25871e-66
-1.16127e-58
-3.05311e-65
-1.71271e-57
-3.91699e-64
-2.48439e-56
-4.60248e-63
-3.52003e-55
-4.48859e-62
-1.28622e-55
-2.16522e-61
-1.05498e-56
3.22672e-57
-5.54628e-58
7.13366e-58
-2.42536e-59
6.129e-59
-9.59431e-61
3.73292e-60
-3.56524e-62
1.9e-61
-1.27975e-63
8.66628e-63
-4.51672e-65
3.70163e-64
-1.5863e-66
1.52101e-65
-5.56658e-68
6.11997e-67
-1.94948e-69
2.43047e-68
-6.81449e-71
9.54173e-70
3.71046e-71
-3.34624e-105
-2.65644e-111
-1.04721e-102
-9.11351e-109
-1.63218e-100
-1.5261e-106
-1.69767e-98
-1.70226e-104
-1.32786e-96
-1.42522e-102
-8.3404e-95
-9.56269e-101
-4.38522e-93
-5.35962e-99
-1.98643e-91
-2.58252e-97
-7.91974e-90
-1.09279e-95
-2.82517e-88
-4.12778e-94
-9.13662e-87
-1.41015e-92
-2.70813e-85
-4.404e-91
-7.42505e-84
-1.26878e-89
-1.89816e-82
-3.39813e-88
-4.55658e-81
-8.51831e-87
-1.03368e-79
-2.01066e-85
-2.22897e-78
-4.49304e-84
-4.59358e-77
-9.55182e-83
-9.0938e-76
-1.94052e-81
-1.73779e-74
-3.78284e-80
-3.22057e-73
-7.10236e-79
-5.81444e-72
-1.2886e-77
-1.02709e-70
-2.26575e-76
-1.7826e-69
-3.86959e-75
-3.0519e-68
-6.4283e-74
-5.17348e-67
-1.03896e-72
-8.71307e-66
-1.63103e-71
-1.46222e-64
-2.47576e-70
-2.45084e-63
-3.59965e-69
-4.10892e-62
-4.92369e-68
-6.89374e-61
-6.11761e-67
-1.15682e-59
-6.40407e-66
-1.94014e-58
-4.57509e-65
-3.96683e-59
-8.35695e-66
-3.24807e-60
1.65303e-60
-1.89419e-61
2.75471e-61
-9.23954e-63
2.43285e-62
-4.03717e-64
1.59625e-63
-1.65042e-65
8.80085e-65
-6.48366e-67
4.36277e-66
-2.49113e-68
2.02297e-67
-9.43556e-70
8.99828e-69
-3.52869e-71
3.88901e-70
-1.30571e-72
1.64124e-71
6.79299e-73
-4.07097e-110
-1.4136e-116
-1.37867e-107
-5.29554e-114
-2.32451e-105
-9.66713e-112
-2.61589e-103
-1.17529e-109
-2.21439e-101
-1.07256e-107
-1.50558e-99
-7.84484e-106
-8.5703e-98
-4.79404e-104
-4.20425e-96
-2.51955e-102
-1.8158e-94
-1.16334e-100
-7.01929e-93
-4.79738e-99
-2.46102e-91
-1.79038e-97
-7.9121e-90
-6.11267e-96
-2.35419e-88
-1.92675e-94
-6.53485e-87
-5.65115e-93
-1.70431e-85
-1.5529e-91
-4.20282e-84
-4.0225e-90
-9.85655e-83
-9.87583e-89
-2.21012e-81
-2.30962e-87
-4.76177e-80
-5.16875e-86
-9.90402e-79
-1.11158e-84
-1.9973e-77
-2.30617e-83
-3.92134e-76
-4.63229e-82
-7.52324e-75
-9.03759e-81
-1.41508e-73
-1.7175e-79
-2.61646e-72
-3.18672e-78
-4.7639e-71
-5.78259e-77
-8.5441e-70
-1.02695e-75
-1.50663e-68
-1.78371e-74
-2.59773e-67
-3.02101e-73
-4.32848e-66
-4.95492e-72
-6.80969e-65
-7.75795e-71
-9.65049e-64
-1.12425e-69
-1.11291e-62
-1.39392e-68
-8.67561e-62
-1.06758e-67
-1.36411e-62
1.41737e-63
-1.15244e-63
8.16857e-64
-7.25285e-65
1.19849e-64
-3.83646e-66
1.07942e-65
-1.82341e-67
7.46456e-67
-8.09835e-69
4.4021e-68
-3.4462e-70
2.34524e-69
-1.4232e-71
1.16929e-70
-5.73208e-73
5.56114e-72
-2.26164e-74
2.54614e-73
1.13042e-74
-2.28424e-115
-1.79307e-122
-8.44556e-113
-7.38439e-120
-1.5523e-110
-1.47876e-117
-1.90389e-108
-1.97061e-115
-1.75677e-106
-1.97046e-113
-1.30205e-104
-1.57888e-111
-8.08142e-103
-1.05704e-109
-4.32412e-101
-6.08679e-108
-2.0378e-99
-3.08002e-106
-8.59974e-98
-1.39247e-104
-3.29353e-96
-5.69957e-103
-1.15738e-94
-2.13528e-101
-3.76686e-93
-7.38964e-100
-1.14467e-91
-2.38114e-98
-3.27097e-90
-7.1936e-97
-8.84612e-89
-2.05008e-95
-2.27739e-87
-5.5419e-94
-5.61137e-86
-1.4282e-92
-1.32994e-84
-3.52504e-91
-3.04646e-83
-8.36803e-90
-6.77508e-82
-1.9181e-88
-1.46914e-80
-4.26063e-87
-3.11909e-79
-9.20162e-86
-6.50909e-78
-1.93786e-84
-1.34018e-76
-3.98976e-83
-2.73193e-75
-8.04654e-82
-5.53128e-74
-1.59172e-80
-1.11541e-72
-3.08898e-79
-2.24524e-71
-5.87294e-78
-4.51788e-70
-1.08951e-76
-9.0916e-69
-1.95479e-75
-1.82814e-67
-3.32939e-74
-3.66531e-66
-5.15744e-73
-7.30979e-65
-6.40093e-72
-3.7806e-65
-2.43513e-71
-5.28283e-66
1.33198e-66
-4.5632e-67
4.23858e-67
-3.0305e-68
5.74699e-68
-1.71594e-69
5.22928e-69
-8.77012e-71
3.77989e-70
-4.19026e-72
2.36208e-71
-1.90751e-73
1.34056e-72
-8.34901e-75
7.10123e-74
-3.53952e-76
3.56195e-75
1.71028e-76
-3.04787e-121
-3.44022e-127
-1.23904e-118
-1.56699e-124
-2.49788e-116
-3.46408e-122
-3.35818e-114
-5.09085e-120
-3.39501e-112
-5.61052e-118
-2.75633e-110
-4.9535e-116
-1.87404e-108
-3.65369e-114
-1.09854e-106
-2.31802e-112
-5.67262e-105
-1.29252e-110
-2.62389e-103
-6.44056e-109
-1.10183e-101
-2.9064e-107
-4.24713e-100
-1.20089e-105
-1.51694e-98
-4.58554e-104
-5.06131e-97
-1.63108e-102
-1.58887e-95
-5.44222e-101
-4.72314e-94
-1.71384e-99
-1.33727e-92
-5.12232e-98
-3.62569e-91
-1.46033e-96
-9.46066e-90
-3.98958e-95
-2.38705e-88
-1.04889e-93
-5.84993e-87
-2.66418e-92
-1.39843e-85
-6.5612e-91
-3.27422e-84
-1.57187e-89
-7.53796e-83
-3.67403e-88
-1.71283e-81
-8.39969e-87
-3.85517e-80
-1.88219e-85
-8.62418e-79
-4.1394e-84
-1.92358e-77
-8.93852e-83
-4.29003e-76
-1.89329e-81
-9.59056e-75
-3.92097e-80
-2.15335e-73
-7.88441e-79
-4.86229e-72
-1.51808e-77
-1.10475e-70
-2.71938e-76
-2.52533e-69
-4.22895e-75
-5.80646e-68
-4.43852e-74
-1.73364e-68
6.24554e-70
-2.25015e-69
9.86621e-70
-1.96697e-70
2.3371e-70
-1.36655e-71
2.98481e-71
-8.20352e-73
2.74348e-72
-4.46818e-74
2.06005e-73
-2.26894e-75
1.35404e-74
-1.08967e-76
8.09454e-76
-5.00368e-78
4.49486e-77
2.35419e-78
-6.13961e-126
-4.22855e-133
-2.76093e-123
-2.14198e-130
-6.14429e-121
-5.26101e-128
-9.10956e-119
-8.58338e-126
-1.01489e-116
-1.04972e-123
-9.07783e-115
-1.02825e-121
-6.79895e-113
-8.41393e-120
-4.39006e-111
-5.92242e-118
-2.49733e-109
-3.66435e-116
-1.27277e-107
-2.02653e-114
-5.89009e-106
-1.01528e-112
-2.5028e-104
-4.65894e-111
-9.85736e-103
-1.97653e-109
-3.628e-101
-7.81457e-108
-1.25677e-99
-2.8995e-106
-4.12387e-98
-1.0159e-104
-1.28928e-96
-3.3799e-103
-3.86107e-95
-1.0732e-101
-1.11312e-93
-3.26724e-100
-3.10365e-92
-9.57756e-99
-8.40623e-91
-2.71396e-97
-2.22095e-89
-7.46104e-96
-5.74654e-88
-1.99659e-94
-1.46164e-86
-5.21652e-93
-3.66768e-85
-1.33425e-91
-9.10964e-84
-3.34842e-90
-2.24646e-82
-8.25929e-89
-5.51507e-81
-2.00443e-87
-1.35088e-79
-4.78619e-86
-3.30642e-78
-1.1227e-84
-8.09151e-77
-2.57656e-83
-1.97848e-75
-5.73547e-82
-4.82228e-74
-1.2166e-80
-1.16691e-72
-2.36329e-79
-2.79106e-71
-3.75644e-78
-3.74267e-71
-2.42245e-77
-8.43496e-72
1.25686e-72
-1.0342e-72
6.94057e-73
-9.14199e-74
1.36446e-73
-6.6014e-75
1.67054e-74
-4.1694e-76
1.55071e-75
-2.39256e-77
1.20364e-76
-1.27381e-78
8.23769e-78
-6.38927e-80
5.12076e-79
2.95197e-80
-7.91158e-132
-3.60833e-138
-3.95725e-129
-2.04349e-135
-9.785e-127
-5.6121e-133
-1.61037e-124
-1.02354e-130
-1.99066e-122
-1.39908e-128
-1.97524e-120
-1.53164e-126
-1.64089e-118
-1.40078e-124
-1.17521e-116
-1.10211e-122
-7.41611e-115
-7.62311e-121
-4.19344e-113
-4.71393e-119
-2.15359e-111
-2.64133e-117
-1.0158e-109
-1.356e-115
-4.44243e-108
-6.43785e-114
-1.8161e-106
-2.84935e-112
-6.99009e-105
-1.1839e-110
-2.54938e-103
-4.64678e-109
-8.86187e-102
-1.73251e-107
-2.95171e-100
-6.16708e-106
-9.46728e-99
-2.10556e-104
-2.93756e-97
-6.92437e-103
-8.85628e-96
-2.20199e-101
-2.60506e-94
-6.7958e-100
-7.50587e-93
-2.04218e-98
-2.12637e-91
-5.99352e-97
-5.94423e-90
-1.72251e-95
-1.64538e-88
-4.85871e-94
-4.52445e-87
-1.34748e-92
-1.23974e-85
-3.67826e-91
-3.39464e-84
-9.88431e-90
-9.3122e-83
-2.6115e-88
-2.56469e-81
-6.76032e-87
-7.10306e-80
-1.70241e-85
-1.98019e-78
-4.11246e-84
-5.55786e-77
-9.26223e-83
-1.56976e-75
-1.81842e-81
-4.45948e-74
-2.45588e-80
-2.29794e-74
4.47689e-76
-4.32625e-75
1.40075e-75
-5.09405e-76
4.88606e-76
-4.55074e-77
8.46245e-77
-3.39768e-78
1.00451e-77
-2.23473e-79
9.41198e-79
-1.33353e-80
7.49082e-80
-7.37125e-82
5.27474e-81
3.37827e-82
-7.06405e-137
-3.06389e-144
-3.95154e-134
-1.95381e-141
-1.09237e-131
-6.04924e-139
-2.00931e-129
-1.24421e-136
-2.7757e-127
-1.91832e-134
-3.07744e-125
-2.36921e-132
-2.8565e-123
-2.44497e-130
-2.28605e-121
-2.17103e-128
-1.61213e-119
-1.69514e-126
-1.01884e-117
-1.18358e-124
-5.84919e-116
-7.49026e-123
-3.08483e-114
-4.34425e-121
-1.50876e-112
-2.33078e-119
-6.89932e-111
-1.16613e-117
-2.97104e-109
-5.47903e-116
-1.21259e-107
-2.43263e-114
-4.71788e-106
-1.02633e-112
-1.75918e-104
-4.13557e-111
-6.31726e-103
-1.59889e-109
-2.19478e-101
-5.95637e-108
-7.40915e-100
-2.14647e-106
-2.44021e-98
-7.5097e-105
-7.87125e-97
-2.55931e-103
-2.49579e-95
-8.52219e-102
-7.80597e-94
-2.78036e-100
-2.41611e-92
-8.90878e-99
-7.42327e-91
-2.80912e-97
-2.27017e-89
-8.72966e-96
-6.92694e-88
-2.67568e-94
-2.1128e-86
-8.08662e-93
-6.44936e-85
-2.40551e-91
-1.97064e-83
-7.01219e-90
-6.02058e-82
-1.98522e-88
-1.83394e-80
-5.35981e-87
-5.54433e-79
-1.32479e-85
-1.65554e-77
-2.66745e-84
-4.23991e-77
-2.03077e-83
-1.40701e-77
1.67227e-78
-2.34149e-78
1.3302e-78
-2.67579e-79
3.53318e-79
-2.41357e-80
5.58542e-80
-1.84787e-81
6.47636e-81
-1.25042e-82
6.09672e-82
-7.68758e-84
4.92414e-83
3.53787e-84
-6.26685e-143
-1.30007e-149
-3.94778e-140
-9.43024e-147
-1.22997e-137
-3.32778e-144
-2.55097e-135
-7.80648e-142
-3.97398e-133
-1.3734e-139
-4.96917e-131
-1.93622e-137
-5.20294e-129
-2.28147e-135
-4.69778e-127
-2.31367e-133
-3.73829e-125
-2.06369e-131
-2.66645e-123
-1.64646e-129
-1.7281e-121
-1.19086e-127
-1.02906e-119
-7.89565e-126
-5.684e-118
-4.84383e-124
-2.93601e-116
-2.77179e-122
-1.42849e-114
-1.4899e-120
-6.58871e-113
-7.56979e-119
-2.8976e-111
-3.65562e-117
-1.22148e-109
-1.68648e-115
-4.95977e-108
-7.46695e-114
-1.94869e-106
-3.18631e-112
-7.44026e-105
-1.31556e-110
-2.77178e-103
-5.27452e-109
-1.0114e-101
-2.06038e-107
-3.628e-100
-7.86556e-106
-1.28384e-98
-2.94253e-104
-4.49684e-97
-1.08137e-102
-1.56399e-95
-3.91179e-101
-5.41762e-94
-1.39504e-99
-1.87438e-92
-4.90901e-98
-6.4941e-91
-1.70441e-96
-2.2584e-89
-5.8304e-95
-7.89867e-88
-1.95788e-93
-2.78243e-86
-6.4066e-92
-9.8808e-85
-2.01346e-90
-3.53776e-83
-5.89893e-89
-1.27654e-81
-1.49756e-87
-4.64028e-80
-2.48989e-86
-3.44827e-80
8.11997e-82
-8.77983e-81
2.64109e-81
-1.33608e-81
1.20368e-81
-1.49222e-82
2.66158e-82
-1.35242e-83
3.9273e-83
-1.05065e-84
4.45363e-84
-7.25323e-86
4.17999e-85
3.4025e-86
-2.77326e-148
-3.51369e-156
-1.98637e-145
-2.94391e-153
-7.05149e-143
-1.20248e-150
-1.66759e-140
-3.26797e-148
-2.96334e-138
-6.66491e-146
-4.22824e-136
-1.08967e-143
-5.0531e-134
-1.48944e-141
-5.2087e-132
-1.7527e-139
-4.73292e-130
-1.81453e-137
-3.85562e-128
-1.68066e-135
-2.85437e-126
-1.41151e-133
-1.94191e-124
-1.08692e-131
-1.22563e-122
-7.74609e-130
-7.23537e-121
-5.15038e-128
-4.02395e-119
-3.21749e-126
-2.12183e-117
-1.90027e-124
-1.06693e-115
-1.06697e-122
-5.14294e-114
-5.72429e-121
-2.38806e-112
-2.94795e-119
-1.07301e-110
-1.46347e-117
-4.6852e-109
-7.03094e-116
-1.99598e-107
-3.28074e-114
-8.3278e-106
-1.49178e-112
-3.41519e-104
-6.63047e-111
-1.38132e-102
-2.88868e-109
-5.52816e-101
-1.23666e-107
-2.19586e-99
-5.21349e-106
-8.68183e-98
-2.16812e-104
-3.42567e-96
-8.90495e-103
-1.35213e-94
-3.61385e-101
-5.34894e-93
-1.44822e-99
-2.12367e-91
-5.7179e-98
-8.46741e-90
-2.21304e-96
-3.3892e-88
-8.31181e-95
-1.35971e-86
-2.9673e-93
-5.45292e-85
-9.5991e-92
-2.18056e-83
-2.42686e-90
-6.10391e-83
-9.3882e-90
-2.65241e-83
3.58162e-84
-5.6414e-84
3.31016e-84
-8.02013e-85
1.08673e-84
-8.76171e-86
2.10517e-85
-7.91594e-87
2.93218e-86
-6.19664e-88
3.24121e-87
3.01897e-88
-7.79801e-155
-4.68983e-162
-6.44777e-152
-4.64112e-159
-2.64865e-149
-2.24308e-156
-7.25386e-147
-7.21954e-154
-1.49371e-144
-1.74469e-151
-2.47076e-142
-3.38114e-149
-3.42402e-140
-5.47996e-147
-4.09379e-138
-7.64847e-145
-4.31563e-136
-9.39393e-143
-4.07949e-134
-1.03243e-140
-3.50494e-132
-1.0291e-138
-2.76775e-130
-9.40714e-137
-2.02796e-128
-7.96036e-135
-1.39005e-126
-6.28595e-133
-8.97736e-125
-4.66465e-131
-5.49768e-123
-3.27321e-129
-3.21081e-121
-2.18403e-127
-1.79777e-119
-1.39273e-125
-9.69708e-118
-8.52697e-124
-5.06159e-116
-5.03365e-122
-2.56745e-114
-2.87622e-120
-1.2706e-112
-1.59653e-118
-6.15801e-111
-8.63761e-117
-2.93328e-109
-4.56884e-115
-1.37795e-107
-2.36936e-113
-6.4046e-106
-1.2077e-111
-2.95451e-104
-6.06364e-110
-1.35677e-102
-3.00422e-108
-6.21987e-101
-1.47067e-106
-2.85415e-99
-7.1178e-105
-1.31422e-97
-3.40469e-103
-6.08595e-96
-1.60666e-101
-2.83987e-94
-7.44836e-100
-1.33736e-92
-3.36398e-98
-6.36252e-91
-1.45575e-96
-3.05954e-89
-5.82365e-95
-1.48705e-87
-1.95628e-93
-7.30569e-86
-3.40738e-92
-6.36265e-86
2.97504e-87
-2.00599e-86
7.27653e-87
-3.74395e-87
3.8105e-87
-5.02603e-88
1.00261e-87
-5.35154e-89
1.75015e-88
-4.79713e-90
2.30944e-89
2.4856e-90
-1.07968e-160
-1.05839e-168
-1.05401e-157
-1.27748e-165
-5.1211e-155
-7.54103e-163
-1.6603e-152
-2.9663e-160
-4.0497e-150
-8.76319e-158
-7.93747e-148
-2.07665e-155
-1.3038e-145
-4.11672e-153
-1.84815e-143
-7.02907e-151
-2.31038e-141
-1.05628e-148
-2.59026e-139
-1.4206e-146
-2.63993e-137
-1.73311e-144
-2.47338e-135
-1.93942e-142
-2.15058e-133
-2.0094e-140
-1.74954e-131
-1.94306e-138
-1.34119e-129
-1.76596e-136
-9.75036e-128
-1.51793e-134
-6.76093e-126
-1.24086e-132
-4.49498e-124
-9.69594e-131
-2.87924e-122
-7.27528e-129
-1.78485e-120
-5.26423e-127
-1.07525e-118
-3.6875e-125
-6.32004e-117
-2.5096e-123
-3.63792e-115
-1.66494e-121
-2.05805e-113
-1.08007e-119
-1.14814e-111
-6.87033e-118
-6.33681e-110
-4.29608e-116
-3.47066e-108
-2.64658e-114
-1.89184e-106
-1.60917e-112
-1.02918e-104
-9.66948e-111
-5.60208e-103
-5.74627e-109
-3.05832e-101
-3.37641e-107
-1.67795e-99
-1.95848e-105
-9.26728e-98
-1.11722e-103
-5.15815e-96
-6.22131e-102
-2.89471e-94
-3.3336e-100
-1.63739e-92
-1.66923e-98
-9.32644e-91
-7.27749e-97
-5.34505e-89
-2.12446e-95
-1.1939e-88
1.17442e-90
-5.9858e-89
1.26813e-89
-1.51688e-89
1.15384e-89
-2.55277e-90
4.27571e-90
-3.24646e-91
9.54544e-91
-3.36481e-92
1.52352e-91
1.91243e-92
-2.51903e-167
-1.65746e-176
-2.99801e-164
-2.56479e-173
-1.77834e-161
-1.94171e-170
-7.04359e-159
-9.79393e-168
-2.09955e-156
-3.71003e-165
-5.03027e-154
-1.12743e-162
-1.01024e-151
-2.86623e-160
-1.75114e-149
-6.27631e-158
-2.67725e-147
-1.20968e-155
-3.6714e-145
-2.08697e-153
-4.57754e-143
-3.26669e-151
-5.2475e-141
-4.69093e-149
-5.58325e-139
-6.23759e-147
-5.55854e-137
-7.74215e-145
-5.21517e-135
-9.03326e-143
-4.64063e-133
-9.9696e-141
-3.939e-131
-1.04662e-138
-3.20604e-129
-1.05045e-136
-2.51425e-127
-1.01257e-134
-1.90823e-125
-9.41397e-133
-1.40747e-123
-8.4742e-131
-1.01285e-121
-7.41257e-129
-7.13776e-120
-6.32169e-127
-4.94338e-118
-5.27262e-125
-3.37584e-116
-4.31285e-123
-2.2804e-114
-3.46845e-121
-1.52832e-112
-2.74842e-119
-1.01912e-110
-2.14975e-117
-6.77958e-109
-1.66195e-115
-4.51028e-107
-1.27073e-113
-3.00716e-105
-9.6067e-112
-2.01285e-103
-7.16879e-110
-1.35418e-101
-5.26008e-108
-9.16083e-100
-3.76692e-106
-6.22798e-98
-2.59676e-104
-4.24773e-96
-1.67779e-102
-2.89829e-94
-9.58026e-101
-1.97344e-92
-4.03784e-99
-1.7229e-91
3.28126e-95
-1.49297e-91
1.74676e-92
-5.32432e-92
3.04888e-92
-1.14613e-92
1.65083e-92
-1.76376e-93
4.80614e-93
-2.13324e-94
9.39217e-94
1.3867e-94
-4.0634e-175
-2.46753e-185
-6.19684e-172
-5.364e-182
-4.71269e-169
-5.66139e-179
-2.39292e-166
-3.971e-176
-9.14329e-164
-2.08969e-173
-2.80817e-161
-8.81724e-171
-7.22976e-159
-3.11148e-168
-1.60657e-156
-9.45678e-166
-3.14906e-154
-2.53014e-163
-5.53732e-152
-6.06062e-161
-8.85414e-150
-1.31742e-158
-1.30186e-147
-2.62766e-156
-1.77678e-145
-4.85402e-154
-2.26921e-143
-8.37173e-152
-2.73146e-141
-1.35761e-149
-3.1187e-139
-2.08307e-147
-3.39711e-137
-3.04114e-145
-3.54868e-135
-4.24584e-143
-3.57199e-133
-5.69484e-141
-3.47986e-131
-7.36918e-139
-3.29475e-129
-9.23575e-137
-3.04366e-127
-1.12516e-134
-2.75358e-125
-1.33693e-132
-2.44819e-123
-1.55419e-130
-2.1462e-121
-1.77269e-128
-1.86087e-119
-1.98887e-126
-1.6005e-117
-2.19995e-124
-1.36921e-115
-2.40383e-122
-1.16801e-113
-2.59871e-120
-9.95695e-112
-2.78247e-118
-8.49697e-110
-2.95166e-116
-7.26673e-108
-3.09994e-114
-6.22939e-106
-3.21575e-112
-5.34739e-104
-3.27861e-110
-4.58394e-102
-3.25329e-108
-3.90473e-100
-3.08064e-106
-3.28162e-98
-2.66333e-104
-2.7033e-96
-1.8443e-102
-1.87633e-94
-3.63609e-101
-3.09193e-94
1.9218e-95
-1.60948e-94
7.15189e-95
-4.51852e-95
5.85716e-95
-8.51724e-96
2.26269e-95
-1.2123e-96
5.47134e-96
9.56976e-97
-6.20068e-184
-8.10231e-197
-1.32911e-180
-3.09885e-193
-1.40932e-177
-5.46095e-190
-9.95025e-175
-6.30688e-187
-5.28023e-172
-5.43766e-184
-2.25095e-169
-3.75144e-181
-8.04141e-167
-2.16286e-178
-2.47938e-164
-1.07385e-175
-6.74382e-162
-4.69407e-173
-1.64585e-159
-1.83752e-170
-3.65323e-157
-6.52919e-168
-7.45757e-155
-2.12932e-165
-1.41328e-152
-6.43347e-163
-2.50673e-150
-1.81548e-160
-4.19149e-148
-4.8191e-158
-6.64963e-146
-1.21088e-155
-1.00668e-143
-2.89629e-153
-1.46183e-141
-6.62801e-151
-2.04588e-139
-1.4579e-148
-2.77184e-137
-3.0954e-146
-3.65068e-135
-6.36886e-144
-4.69259e-133
-1.27453e-141
-5.90889e-131
-2.4892e-139
-7.31441e-129
-4.75928e-137
-8.93052e-127
-8.93378e-135
-1.07888e-124
-1.65069e-132
-1.29355e-122
-3.00907e-130
-1.54375e-120
-5.42256e-128
-1.83896e-118
-9.67571e-126
-2.19241e-116
-1.7114e-123
-2.62241e-114
-3.00182e-121
-3.15425e-112
-5.21829e-119
-3.82277e-110
-8.97128e-117
-4.67601e-108
-1.51828e-114
-5.78005e-106
-2.50658e-112
-7.22526e-104
-3.96488e-110
-9.13417e-102
-5.77694e-108
-1.16721e-99
-6.94851e-106
-1.50686e-97
-3.64625e-104
-5.22433e-97
1.74517e-98
-4.10902e-97
1.5269e-97
-1.53109e-97
1.94624e-97
-3.5731e-98
1.01144e-97
-6.02887e-99
3.05099e-98
6.35612e-99
-2.06518e-195
-1.41594e-218
-7.82815e-192
-2.70272e-214
-1.38788e-188
-1.53259e-210
-1.61388e-185
-5.34726e-207
-1.40301e-182
-1.37007e-203
-9.77714e-180
-2.7943e-200
-5.70504e-177
-4.75467e-197
-2.87266e-174
-6.9644e-194
-1.27622e-171
-8.98149e-191
-5.08843e-169
-1.03737e-187
-1.84561e-166
-1.08769e-184
-6.15773e-164
-1.04686e-181
-1.90781e-161
-9.33616e-179
-5.53425e-159
-7.77822e-176
-1.51407e-156
-6.09703e-173
-3.93174e-154
-4.525e-170
-9.74695e-152
-3.19758e-167
-2.3187e-149
-2.16234e-164
-5.31847e-147
-1.40583e-161
-1.18151e-144
-8.82467e-159
-2.55286e-142
-5.36969e-156
-5.38623e-140
-3.17898e-153
-1.11387e-137
-1.8374e-150
-2.26568e-135
-1.04006e-147
-4.54801e-133
-5.78239e-145
-9.03812e-131
-3.16585e-142
-1.78358e-128
-1.71092e-139
-3.50539e-126
-9.14589e-137
-6.88063e-124
-4.84404e-134
-1.35243e-121
-2.54502e-131
-2.66847e-119
-1.32706e-128
-5.29704e-117
-6.86422e-126
-1.05991e-114
-3.51505e-123
-2.14116e-112
-1.77418e-120
-4.37161e-110
-8.75026e-118
-9.02464e-108
-4.14527e-115
-1.88306e-105
-1.81771e-112
-3.96699e-103
-6.67882e-110
-8.42788e-101
-1.24182e-107
-6.75208e-100
1.39012e-101
-8.26417e-100
3.06559e-100
-4.14681e-100
6.1961e-100
-1.20876e-100
4.36926e-100
-2.43247e-101
1.65237e-100
4.11369e-101
-3.51306e-217
-6.866e-213
-3.93726e-209
-1.38508e-205
-3.5794e-202
-7.37348e-199
-1.26956e-195
-1.88554e-192
-2.4709e-189
-2.90627e-186
-3.1099e-183
-3.06144e-180
-2.79904e-177
-2.39666e-174
-1.93586e-171
-1.48456e-168
-1.08705e-165
-7.63968e-163
-5.17791e-160
-3.39976e-157
-2.17174e-154
-1.35509e-151
-8.2901e-149
-4.99009e-146
-2.96526e-143
-1.74507e-140
-1.02024e-137
-5.94325e-135
-3.45947e-132
-2.01753e-129
-1.18176e-126
-6.96793e-124
-4.14358e-121
-2.48887e-118
-1.51145e-115
-9.28174e-113
-5.75886e-110
-3.60272e-107
-2.26609e-104
-4.57356e-103
-8.90521e-103
-6.07899e-103
-2.22672e-103
-5.36666e-104
)
;

boundaryField
{
    leftWall
    {
        type            calculated;
        value           uniform 0;
    }
    rightWall
    {
        type            calculated;
        value           nonuniform 0();
    }
    lowerWall
    {
        type            calculated;
        value           nonuniform 0();
    }
    atmosphere
    {
        type            calculated;
        value           nonuniform List<scalar> 
45
(
0
0
0
0
0
0
0
0
0
0
0
0
0
0
0
0
0
0
0
0
0
0
0
0
0
0
0
0
0
0
0
0
0
0
0
0
0
0
0
1.05345e-104
6.00159e-103
1.93571e-102
1.85747e-102
8.82147e-103
2.6273e-103
)
;
    }
    defaultFaces
    {
        type            empty;
        value           nonuniform 0();
    }
    procBoundary2to0
    {
        type            processor;
        value           nonuniform List<scalar> 
46
(
4.20197e-05
4.25196e-05
4.3096e-05
5.66248e-06
-2.95248e-08
-2.54645e-10
-2.94256e-12
-4.03691e-14
-8.89022e-16
-2.20173e-16
-2.84665e-17
-1.3958e-18
-5.13439e-20
-1.68686e-21
-5.38417e-23
-1.75173e-24
-5.9591e-26
-2.14124e-27
-8.13282e-29
-3.25318e-30
-1.3631e-31
-5.9474e-33
-2.68618e-34
-1.24823e-35
-5.94192e-37
3.65695e-05
3.6795e-05
3.67711e-05
3.68547e-05
3.69644e-05
3.71019e-05
3.72662e-05
3.74567e-05
3.76725e-05
3.79131e-05
3.81778e-05
3.84657e-05
3.87761e-05
3.91083e-05
3.94617e-05
3.98363e-05
4.02323e-05
4.06496e-05
4.10895e-05
-2.59414e-06
4.15528e-05
)
;
    }
    procBoundary2to3
    {
        type            processor;
        value           nonuniform List<scalar> 
43
(
4.52431e-39
2.06642e-40
-4.1791e-43
-1.57719e-43
-2.50862e-44
-3.14903e-45
-3.46781e-46
-3.47806e-47
-3.22861e-48
-2.7939e-49
-2.26019e-50
-1.71006e-51
-1.20896e-52
-7.9728e-54
-4.89432e-55
-2.79038e-56
-1.47402e-57
-7.19755e-59
-3.24129e-60
-1.34329e-61
-5.11304e-63
-1.78424e-64
-5.6986e-66
-1.66335e-67
-4.43125e-69
-1.07624e-70
-2.38084e-72
-4.79394e-74
-8.78182e-76
-1.46313e-77
-2.21705e-79
-3.05605e-81
-3.83402e-83
-4.38105e-85
-4.5638e-87
-4.33821e-89
-3.7654e-91
-2.98319e-93
-2.15114e-95
-1.39917e-97
-8.00681e-100
-3.73416e-102
-9.55339e-105
)
;
    }
}


// ************************************************************************* //
