/*--------------------------------*- C++ -*----------------------------------*\
| =========                 |                                                 |
| \\      /  F ield         | OpenFOAM: The Open Source CFD Toolbox           |
|  \\    /   O peration     | Version:  3.0.1                                 |
|   \\  /    A nd           | Web:      www.OpenFOAM.org                      |
|    \\/     M anipulation  |                                                 |
\*---------------------------------------------------------------------------*/
FoamFile
{
    version     2.0;
    format      ascii;
    class       volScalarField;
    location    "0.05";
    object      p_rgh;
}
// * * * * * * * * * * * * * * * * * * * * * * * * * * * * * * * * * * * * * //

dimensions      [1 -1 -2 0 0 0 0];

internalField   nonuniform List<scalar> 
1915
(
2354.78
2350.45
2344.16
264.41
0.491693
0.471857
0.464688
0.459566
0.456331
0.455399
0.456613
0.459475
0.463474
0.468166
0.473218
0.47837
0.483451
0.488331
0.492926
0.497177
0.501032
0.504459
0.507454
0.510038
0.512191
2468.69
2468.33
2467.78
2466.91
2465.75
2464.3
2462.55
2460.53
2458.24
2455.7
2452.92
2449.91
2446.69
2443.28
2439.71
2436
2432.2
2428.35
2424.49
2420.69
2416.79
2413.48
2408.76
232.871
0.466918
0.442818
0.431168
0.421577
0.415641
0.41359
0.414773
0.418336
0.423447
0.429454
0.435953
0.442557
0.449072
0.455336
0.461238
0.466714
0.471728
0.476256
0.480293
0.483855
0.486935
2520.69
2520.28
2519.87
2519.17
2518.21
2517.04
2515.62
2513.98
2512.12
2510.06
2507.8
2505.36
2502.75
2500
2497.13
2494.17
2491.18
2488.19
2485.26
2482.49
2479.67
2477.33
2474.04
195.455
0.445284
0.416142
0.394922
0.379198
0.370519
0.367888
0.369814
0.374808
0.38164
0.389498
0.397849
0.406254
0.414448
0.422261
0.429584
0.436365
0.442583
0.448231
0.453314
0.457825
0.461815
2570.93
2570.37
2570.06
2569.51
2568.75
2567.81
2566.68
2565.37
2563.89
2562.24
2560.44
2558.49
2556.4
2554.21
2551.93
2549.6
2547.26
2544.99
2542.83
2540.93
2539.1
2538.23
2536.31
171.692
0.448215
0.391601
0.351215
0.328144
0.317857
0.316302
0.320559
0.328399
0.337871
0.348297
0.359008
0.369551
0.379659
0.389179
0.398032
0.406191
0.41366
0.420455
0.4266
0.432108
0.437016
2617.93
2617.54
2617.35
2616.94
2616.39
2615.7
2614.88
2613.93
2612.85
2611.66
2610.35
2608.94
2607.45
2605.88
2604.27
2602.67
2601.09
2599.55
2598.2
2597.16
2596.1
2596.4
2578.63
301.949
0.517704
0.370469
0.29072
0.261858
0.253949
0.256909
0.266203
0.278432
0.29202
0.305939
0.319591
0.332632
0.344879
0.356246
0.366715
0.376302
0.385048
0.392998
0.400199
0.406688
0.41251
2664.83
2664.57
2664.24
2663.71
2662.71
2661.45
2659.92
2658.1
2655.8
2653.19
2650.24
2646.81
2642.78
2638.33
2633.5
2628.31
2622.81
2617.11
2611.38
2605.85
2586.19
2528.17
2263.66
580.346
3.82418
0.308944
0.17864
0.167101
0.173516
0.187649
0.205932
0.225303
0.24449
0.262795
0.279935
0.295797
0.310367
0.323683
0.335818
0.346854
0.356879
0.365975
0.374213
0.381656
0.388365
1577.78
1576.01
1570.79
1565.4
1557.81
1548.39
1537.13
1523.98
1508.01
1490.25
1470.76
1449.77
1426.9
1400.04
1371.65
1342.21
1311.61
1280
1248.73
1218.25
1117.86
925.08
511.308
421.23
44.898
0.225622
-0.0335175
0.0222375
0.0701788
0.107337
0.140596
0.170047
0.196256
0.219673
0.240667
0.259526
0.276494
0.291782
0.305577
0.318043
0.32932
0.339529
0.348773
0.357135
0.364691
24.3663
24.3393
22.6183
21.3585
19.3639
16.9361
14.0704
10.9606
8.741
6.32095
3.72295
0.96644
-0.948321
-0.955823
-0.959655
-0.973572
-0.980753
-0.998369
-1.03883
-1.11906
-1.1952
-1.28573
-1.37538
-1.60677
52.1745
9.01626
-0.39137
-0.170373
-0.0520417
0.0213617
0.0740755
0.115251
0.149093
0.177803
0.202651
0.22444
0.24372
0.260891
0.276264
0.290083
0.302543
0.313803
0.323992
0.333217
0.341567
-1.09582
-1.09206
-1.09138
-1.08731
-1.08226
-1.07639
-1.06993
-1.06319
-1.05645
-1.04953
-1.04286
-1.0372
-1.03374
-1.03218
-1.03135
-1.03226
-1.03629
-1.04487
-1.06025
-1.0829
-1.11056
-1.16403
-1.26432
-1.42453
3.5554
7.45717
-0.644776
-0.330229
-0.158077
-0.054979
0.0139608
0.0651335
0.105493
0.138734
0.166904
0.19124
0.212547
0.231384
0.248164
0.263198
0.276727
0.288941
0.299992
0.310003
0.31908
-1.04782
-1.04645
-1.04442
-1.04064
-1.03579
-1.03016
-1.02395
-1.01729
-1.01031
-1.00315
-0.996112
-0.989605
-0.984002
-0.979204
-0.974989
-0.971715
-0.969731
-0.969266
-0.970756
-0.972027
-0.969984
-0.976401
-1.0543
-0.767509
0.15889
0.806823
-0.610825
-0.372735
-0.209827
-0.10515
-0.0315456
0.0239637
0.0678613
0.103932
0.134379
0.160578
0.183443
0.20361
0.221546
0.2376
0.252043
0.265083
0.276889
0.287596
0.297319
-0.997093
-0.996385
-0.994008
-0.990371
-0.98592
-0.980696
-0.974773
-0.968227
-0.961197
-0.953863
-0.946417
-0.93905
-0.931839
-0.924703
-0.917554
-0.91037
-0.902924
-0.895008
-0.886385
-0.874709
-0.856836
-0.83955
-0.849888
-0.855556
-0.777923
-0.638897
-0.458271
-0.322678
-0.211593
-0.126997
-0.0601939
-0.00657976
0.0373891
0.0742418
0.105687
0.132912
0.156757
0.177841
0.196626
0.213466
0.228635
0.242351
0.254787
0.266086
0.276365
-0.950847
-0.9496
-0.947271
-0.944015
-0.939934
-0.934996
-0.929197
-0.922614
-0.915389
-0.907679
-0.899595
-0.891193
-0.882438
-0.873185
-0.863288
-0.852489
-0.8403
-0.82629
-0.809766
-0.788554
-0.761279
-0.73326
-0.710381
-0.671538
-0.587337
-0.470746
-0.36485
-0.277353
-0.200211
-0.133965
-0.0769527
-0.0281978
0.0135879
0.0496252
0.080952
0.10841
0.132664
0.154239
0.173549
0.190921
0.206615
0.220841
0.233771
0.245547
0.256286
-0.903856
-0.90233
-0.900144
-0.897228
-0.893345
-0.888447
-0.88255
-0.875729
-0.86811
-0.859825
-0.850929
-0.841395
-0.831115
-0.819918
-0.807603
-0.793836
-0.778113
-0.75992
-0.738471
-0.712449
-0.681408
-0.646854
-0.608405
-0.558474
-0.491361
-0.41075
-0.330071
-0.258663
-0.194827
-0.138335
-0.0882941
-0.0440847
-0.0050721
0.029377
0.0598727
0.0869712
0.111158
0.132846
0.152376
0.170034
0.186051
0.20062
0.213903
0.226036
0.237133
-0.857164
-0.8561
-0.85423
-0.851473
-0.847616
-0.842646
-0.836596
-0.829535
-0.821556
-0.812754
-0.803155
-0.792704
-0.781243
-0.768589
-0.754529
-0.738749
-0.72081
-0.700222
-0.676326
-0.648406
-0.616309
-0.58011
-0.538228
-0.487895
-0.429594
-0.36734
-0.305351
-0.246368
-0.191615
-0.141797
-0.096803
-0.0563212
-0.0199653
0.0126669
0.0419745
0.0683389
0.0921118
0.113607
0.133098
0.15082
0.166971
0.181724
0.195222
0.207592
0.218942
-0.812277
-0.811665
-0.81005
-0.807284
-0.803334
-0.798249
-0.79206
-0.784802
-0.776544
-0.767337
-0.757188
-0.746032
-0.733716
-0.720054
-0.704835
-0.687797
-0.668577
-0.646749
-0.621828
-0.593376
-0.561204
-0.525123
-0.484448
-0.438538
-0.388228
-0.336022
-0.284261
-0.23436
-0.187147
-0.14319
-0.102691
-0.0656274
-0.0318435
-0.00111236
0.0268219
0.0522214
0.0753396
0.0964124
0.115653
0.133249
0.149369
0.164157
0.177742
0.190235
0.201736
-0.769775
-0.769279
-0.767694
-0.764857
-0.760849
-0.755728
-0.749509
-0.742183
-0.733778
-0.724317
-0.713796
-0.702145
-0.689238
-0.674898
-0.658938
-0.641143
-0.621233
-0.598891
-0.573789
-0.545665
-0.514368
-0.479755
-0.441665
-0.400254
-0.356365
-0.311431
-0.266816
-0.223478
-0.182035
-0.142931
-0.106395
-0.0724979
-0.0412041
-0.0124036
0.0140551
0.0383447
0.0606429
0.0811226
0.0999463
0.117263
0.133208
0.147903
0.161458
0.17397
0.185525
-0.728272
-0.727672
-0.725963
-0.723081
-0.719115
-0.714075
-0.707949
-0.700704
-0.692321
-0.682791
-0.672096
-0.660176
-0.646928
-0.632206
-0.615861
-0.597721
-0.577589
-0.555256
-0.530529
-0.503257
-0.473369
-0.440861
-0.405827
-0.368609
-0.329879
-0.290542
-0.251487
-0.213347
-0.176577
-0.141536
-0.10845
-0.0774269
-0.048486
-0.0215851
0.00335921
0.0264554
0.047824
0.0675886
0.0858696
0.102782
0.118434
0.132926
0.146348
0.158784
0.170308
-0.686559
-0.685763
-0.683919
-0.681051
-0.677188
-0.672298
-0.666336
-0.659261
-0.651024
-0.641592
-0.630932
-0.618993
-0.605689
-0.590916
-0.574562
-0.556501
-0.536607
-0.514763
-0.49087
-0.46487
-0.436767
-0.406643
-0.374687
-0.341248
-0.306836
-0.272052
-0.237489
-0.203625
-0.170783
-0.139241
-0.109203
-0.0807879
-0.0540466
-0.0289777
-0.00554258
0.0163222
0.0366947
0.0556599
0.0733049
0.0897167
0.10498
0.119175
0.132376
0.144653
0.15607
-0.644501
-0.643528
-0.641618
-0.638804
-0.635051
-0.630309
-0.624526
-0.617652
-0.60963
-0.600412
-0.589959
-0.57822
-0.565132
-0.550625
-0.534616
-0.517024
-0.497781
-0.476832
-0.454145
-0.429724
-0.403628
-0.375979
-0.346982
-0.316936
-0.286224
-0.255268
-0.224476
-0.194201
-0.164725
-0.136236
-0.108909
-0.082865
-0.0581699
-0.0348473
-0.0128885
0.00773836
0.0270797
0.0451911
0.0621338
0.0779721
0.0927709
0.106593
0.119497
0.13154
0.142779
-0.60276
-0.601706
-0.599799
-0.597047
-0.593387
-0.588767
-0.583146
-0.576471
-0.568692
-0.559757
-0.549626
-0.538254
-0.525594
-0.511598
-0.496211
-0.47939
-0.461106
-0.441343
-0.42011
-0.39745
-0.373448
-0.348239
-0.322007
-0.294997
-0.2675
-0.239823
-0.212261
-0.185079
-0.158499
-0.132684
-0.107776
-0.083886
-0.0610866
-0.0394153
-0.0188825
0.000521046
0.0188189
0.0360449
0.0522406
0.0674521
0.0817278
0.0951147
0.107659
0.119406
0.130404
-0.562275
-0.561237
-0.559372
-0.556672
-0.553081
-0.54856
-0.543083
-0.536603
-0.529078
-0.520468
-0.51073
-0.499829
-0.487733
-0.474406
-0.459819
-0.443955
-0.426808
-0.408385
-0.38872
-0.367873
-0.345936
-0.323035
-0.299332
-0.275022
-0.25033
-0.225485
-0.200711
-0.176208
-0.152155
-0.128702
-0.105962
-0.0840316
-0.0629847
-0.0428664
-0.0236999
-0.00549113
0.0117675
0.0280941
0.0435151
0.0580622
0.0717699
0.0846727
0.0968053
0.108205
0.118909
-0.523787
-0.522813
-0.521001
-0.518355
-0.514832
-0.510415
-0.505079
-0.498799
-0.491542
-0.483276
-0.473969
-0.463596
-0.452131
-0.439552
-0.42585
-0.411022
-0.395072
-0.378025
-0.359925
-0.340836
-0.320846
-0.300067
-0.278636
-0.256712
-0.234468
-0.212084
-0.189732
-0.167571
-0.145746
-0.124384
-0.103592
-0.0834459
-0.0640174
-0.0453559
-0.0274916
-0.0104401
0.00579528
0.0212215
0.0358532
0.0497106
0.0628172
0.0751976
0.0868778
0.0978868
0.108255
-0.487611
-0.486705
-0.484954
-0.482375
-0.478942
-0.474651
-0.46948
-0.463422
-0.456454
-0.448553
-0.4397
-0.429878
-0.419066
-0.40726
-0.394458
-0.380664
-0.365894
-0.350179
-0.333567
-0.316118
-0.297912
-0.279046
-0.259636
-0.239812
-0.219712
-0.199475
-0.179241
-0.159141
-0.139292
-0.119802
-0.100764
-0.0822426
-0.0643105
-0.0470142
-0.030387
-0.0144501
0.00078595
0.0153197
0.029157
0.0423093
0.0547917
0.0666211
0.0778167
0.0884008
0.098397
-0.453681
-0.452829
-0.451155
-0.448667
-0.445358
-0.441224
-0.436259
-0.430457
-0.423804
-0.416293
-0.407911
-0.398647
-0.388492
-0.377451
-0.365527
-0.352728
-0.339081
-0.324617
-0.309382
-0.293431
-0.276836
-0.259683
-0.242068
-0.224096
-0.205879
-0.187531
-0.169165
-0.150888
-0.132799
-0.114987
-0.0975283
-0.0805087
-0.063967
-0.0479511
-0.032497
-0.0176296
-0.00336464
0.0102905
0.0233356
0.0357754
0.0476186
0.0588767
0.0695631
0.0796947
0.0892895
-0.421761
-0.420956
-0.419366
-0.416994
-0.413839
-0.409895
-0.40517
-0.399658
-0.393352
-0.386254
-0.378355
-0.369653
-0.360151
-0.349857
-0.338774
-0.326922
-0.314329
-0.301026
-0.287054
-0.272466
-0.257325
-0.241706
-0.225688
-0.209359
-0.192811
-0.176138
-0.159432
-0.142784
-0.126278
-0.109988
-0.0939838
-0.0783299
-0.0630764
-0.0482598
-0.0339167
-0.0200738
-0.00674949
0.00604511
0.0183053
0.0300314
0.0412273
0.0518999
0.0620584
0.0717152
0.0808846
-0.391587
-0.390831
-0.389333
-0.387092
-0.384108
-0.380383
-0.375923
-0.370722
-0.364788
-0.358117
-0.350711
-0.342576
-0.333719
-0.324147
-0.313872
-0.302919
-0.291315
-0.279088
-0.266277
-0.252932
-0.23911
-0.224872
-0.210287
-0.195428
-0.180373
-0.165199
-0.149984
-0.134803
-0.119729
-0.104826
-0.0901537
-0.0757653
-0.0617075
-0.048017
-0.0347279
-0.0218662
-0.00945143
0.00250319
0.01399
0.0250058
0.0355511
0.0456291
0.0552459
0.06441
0.0731327
-0.362942
-0.362239
-0.360837
-0.358736
-0.355935
-0.352441
-0.348255
-0.343382
-0.337829
-0.331594
-0.324687
-0.317117
-0.30889
-0.300018
-0.290522
-0.280424
-0.269747
-0.258521
-0.246784
-0.234581
-0.221962
-0.208979
-0.19569
-0.182159
-0.168452
-0.154633
-0.140767
-0.12692
-0.113151
-0.0995176
-0.0860708
-0.0728564
-0.0599156
-0.0472892
-0.0350023
-0.0230806
-0.0115442
-0.000407515
0.0103198
0.0206321
0.0305272
0.0400061
0.0490718
0.0577298
0.0659881
-0.33565
-0.335001
-0.333698
-0.331737
-0.329125
-0.325864
-0.32196
-0.317422
-0.312251
-0.306454
-0.300045
-0.293028
-0.285415
-0.277225
-0.268476
-0.259189
-0.249386
-0.239096
-0.228358
-0.21721
-0.205695
-0.19386
-0.181755
-0.169435
-0.156956
-0.144372
-0.131739
-0.119112
-0.106542
-0.0940791
-0.0817685
-0.0696504
-0.057762
-0.0461383
-0.034804
-0.0237826
-0.0130939
-0.00275268
0.00723036
0.0168481
0.0260966
0.034975
0.0434846
0.0516277
0.0594089
-0.309559
-0.308965
-0.307757
-0.305938
-0.303515
-0.300488
-0.296869
-0.292664
-0.287873
-0.282512
-0.27659
-0.270115
-0.263101
-0.255569
-0.247535
-0.239015
-0.230036
-0.220627
-0.210822
-0.200654
-0.190161
-0.179384
-0.168369
-0.157162
-0.145811
-0.134362
-0.122863
-0.111361
-0.0999004
-0.0885249
-0.0772738
-0.0661835
-0.0552863
-0.0446109
-0.0341862
-0.0240298
-0.0141602
-0.00459211
0.00466283
0.0135965
0.0222039
0.030483
0.0384337
0.0460564
0.0533527
-0.284538
-0.283995
-0.282881
-0.281204
-0.278966
-0.276175
-0.272837
-0.268958
-0.264546
-0.259613
-0.254167
-0.248219
-0.241786
-0.234886
-0.227532
-0.219743
-0.211546
-0.202967
-0.194036
-0.184781
-0.175238
-0.165445
-0.15544
-0.145264
-0.134957
-0.124558
-0.11411
-0.103654
-0.0932275
-0.0828685
-0.0726116
-0.0624891
-0.0525298
-0.0427594
-0.0332015
-0.0238761
-0.0147972
-0.00598011
0.00256334
0.0108245
0.0187978
0.0264803
0.0338709
0.0409691
0.0477747
-0.260473
-0.259975
-0.258954
-0.257414
-0.25536
-0.252801
-0.249739
-0.246182
-0.242143
-0.237625
-0.232641
-0.227206
-0.221335
-0.215039
-0.208334
-0.201243
-0.193789
-0.185994
-0.177884
-0.169486
-0.160833
-0.151959
-0.142897
-0.133681
-0.124346
-0.114927
-0.105461
-0.0959825
-0.0865258
-0.0771223
-0.0678028
-0.0585957
-0.0495272
-0.0406198
-0.0318935
-0.0233667
-0.0150522
-0.00696526
0.000882888
0.00848344
0.0158303
0.02292
0.0297509
0.0363217
0.0426314
-0.237261
-0.236806
-0.235875
-0.234468
-0.232597
-0.230264
-0.227471
-0.224232
-0.220552
-0.216438
-0.211905
-0.206966
-0.201632
-0.195915
-0.189834
-0.183409
-0.17666
-0.169606
-0.162271
-0.154682
-0.146869
-0.138859
-0.130681
-0.122364
-0.11394
-0.105441
-0.0968978
-0.0883406
-0.0797977
-0.0712969
-0.0628653
-0.0545282
-0.0463086
-0.038226
-0.0302976
-0.0225393
-0.0149676
-0.00759156
-0.000423488
0.0065278
0.0132562
0.019758
0.0260311
0.0320736
0.0378839
-0.214818
-0.214405
-0.213559
-0.212286
-0.210591
-0.208475
-0.205947
-0.203014
-0.199682
-0.195961
-0.191865
-0.187403
-0.182584
-0.177424
-0.171942
-0.166153
-0.160074
-0.153723
-0.147125
-0.140304
-0.133285
-0.12609
-0.118745
-0.111276
-0.103712
-0.0960808
-0.0884096
-0.080723
-0.0730453
-0.0654011
-0.0578142
-0.050307
-0.0428993
-0.0356082
-0.028449
-0.0214358
-0.014583
-0.00789955
-0.00139737
0.00491552
0.0110334
0.0169526
0.0226707
0.0281856
0.033495
-0.193069
-0.192693
-0.191932
-0.190788
-0.189262
-0.18736
-0.185088
-0.182452
-0.179458
-0.176119
-0.172442
-0.168436
-0.164114
-0.15949
-0.154581
-0.149399
-0.143959
-0.13828
-0.132385
-0.126294
-0.120027
-0.113605
-0.107049
-0.100384
-0.0936364
-0.0868291
-0.0799847
-0.0731245
-0.0662699
-0.0594423
-0.0526625
-0.04595
-0.0393217
-0.0327926
-0.0263762
-0.0200847
-0.0139301
-0.00792567
-0.0020769
0.00360782
0.00912294
0.0144648
0.019631
0.0246191
0.0294268
-0.171939
-0.171601
-0.170924
-0.169903
-0.168543
-0.166848
-0.164823
-0.162474
-0.159809
-0.156836
-0.153562
-0.149996
-0.146154
-0.142046
-0.137685
-0.133083
-0.128255
-0.123221
-0.117998
-0.112603
-0.107052
-0.101364
-0.0955607
-0.0896629
-0.0836924
-0.0776692
-0.0716124
-0.0655407
-0.0594728
-0.0534272
-0.0474218
-0.0414731
-0.0355958
-0.0298033
-0.0241074
-0.018519
-0.0130485
-0.00770585
-0.00249781
0.00256864
0.0074885
0.0122582
0.0168752
0.0213372
0.0256421
-0.151357
-0.15106
-0.150463
-0.149561
-0.148363
-0.146869
-0.145082
-0.143011
-0.140663
-0.138042
-0.135157
-0.132019
-0.12864
-0.125028
-0.121193
-0.117148
-0.11291
-0.108494
-0.103914
-0.0991828
-0.0943168
-0.0893331
-0.08425
-0.0790859
-0.0738585
-0.0685852
-0.0632828
-0.0579676
-0.0526556
-0.0473624
-0.042103
-0.0368916
-0.0317413
-0.0266635
-0.0216687
-0.016766
-0.0119639
-0.00727054
-0.00269286
0.0017641
0.00609535
0.0102975
0.014368
0.0183048
0.0221059
-0.131254
-0.130997
-0.130475
-0.129691
-0.128648
-0.127346
-0.125792
-0.123992
-0.121949
-0.11967
-0.117164
-0.114441
-0.111507
-0.108372
-0.105045
-0.10154
-0.0978712
-0.0940487
-0.0900842
-0.0859909
-0.0817835
-0.0774772
-0.073087
-0.0686277
-0.0641146
-0.0595628
-0.0549873
-0.0504019
-0.0458199
-0.0412539
-0.0367166
-0.0322203
-0.0277765
-0.0233952
-0.0190847
-0.0148526
-0.0107057
-0.0066503
-0.00269329
0.00116156
0.00490969
0.00854804
0.0120744
0.015487
0.018784
-0.111555
-0.111332
-0.110887
-0.110216
-0.109323
-0.108211
-0.106883
-0.105344
-0.103599
-0.101653
-0.0995166
-0.0971937
-0.0946909
-0.0920177
-0.0891854
-0.0862046
-0.0830841
-0.079833
-0.0764625
-0.0729857
-0.0694156
-0.0657643
-0.0620432
-0.0582646
-0.0544419
-0.0505888
-0.0467179
-0.0428404
-0.0389666
-0.035107
-0.0312722
-0.0274729
-0.023719
-0.0200184
-0.0163781
-0.0128036
-0.00930063
-0.00587453
-0.00253073
0.000728525
0.00389817
0.00697581
0.00995989
0.0128491
0.0156418
-0.0921742
-0.0919885
-0.0916173
-0.0910579
-0.0903129
-0.0893864
-0.0882798
-0.0869957
-0.0855409
-0.0839221
-0.0821434
-0.0802091
-0.0781268
-0.0759062
-0.073556
-0.0710827
-0.0684929
-0.0657959
-0.0630035
-0.0601274
-0.0571775
-0.0541623
-0.0510906
-0.0479734
-0.0448228
-0.0416504
-0.0384662
-0.0352787
-0.0320957
-0.0289258
-0.0257779
-0.0226612
-0.0195835
-0.0165511
-0.013569
-0.0106417
-0.00777357
-0.00496958
-0.00223566
0.000434142
0.00302859
0.00554751
0.00799038
0.0103564
0.0126445
-0.0730365
-0.0728893
-0.072591
-0.0721414
-0.071543
-0.070797
-0.0699052
-0.0688725
-0.0677043
-0.0664041
-0.0649746
-0.0634213
-0.0617524
-0.0599753
-0.0580947
-0.0561151
-0.0540435
-0.0518897
-0.0496646
-0.0473769
-0.0450328
-0.0426384
-0.0402013
-0.0377314
-0.0352391
-0.0327336
-0.0302221
-0.0277105
-0.0252049
-0.022712
-0.0202394
-0.0177943
-0.0153825
-0.0130087
-0.0106763
-0.00838839
-0.00614817
-0.0039585
-0.00182093
0.000252242
0.0022701
0.00423036
0.00613206
0.00797453
0.00975694
-0.0541277
-0.0540206
-0.0537949
-0.0534538
-0.0529975
-0.0524273
-0.0517469
-0.0509607
-0.0500712
-0.0490802
-0.0479916
-0.0468117
-0.0455469
-0.044201
-0.0427771
-0.0412797
-0.0397165
-0.0380965
-0.0364277
-0.0347151
-0.0329628
-0.0311757
-0.0293608
-0.0275266
-0.025681
-0.0238305
-0.0219796
-0.0201324
-0.0182935
-0.0164682
-0.0146622
-0.0128808
-0.0111278
-0.0094062
-0.00771819
-0.00606595
-0.00445174
-0.00287772
-0.00134582
0.000142216
0.00158731
0.00298997
0.00435036
0.00566834
0.00694356
-0.0353227
-0.0352611
-0.035112
-0.0348796
-0.0345643
-0.0341693
-0.0336986
-0.0331546
-0.0325386
-0.0318527
-0.0311017
-0.0302906
-0.029423
-0.0285013
-0.0275283
-0.0265091
-0.0254502
-0.0243582
-0.0232376
-0.0220913
-0.0209225
-0.0197356
-0.0185366
-0.0173314
-0.0161252
-0.0149216
-0.0137236
-0.0125339
-0.0113557
-0.0101929
-0.00904911
-0.00792728
-0.00682956
-0.00575742
-0.00471204
-0.00369454
-0.00270601
-0.00174724
-0.000818497
7.98058e-05
0.000949399
0.00179261
0.00261008
0.0034019
0.00416799
-0.0160364
-0.0160521
-0.0159836
-0.0158628
-0.0156941
-0.0154816
-0.0152279
-0.0149347
-0.0146036
-0.0142371
-0.0138386
-0.0134108
-0.0129559
-0.0124758
-0.0119733
-0.011452
-0.0109159
-0.0103683
-0.00981165
-0.00924822
-0.00868054
-0.00811171
-0.00754509
-0.00698372
-0.00643003
-0.00588586
-0.00535278
-0.00483239
-0.00432642
-0.00383656
-0.00336423
-0.00291041
-0.00247567
-0.00206028
-0.00166438
-0.00128797
-0.000930895
-0.000592647
-0.000272194
3.02257e-05
0.000319213
0.000599704
0.000871755
0.00113531
0.00139041
)
;

boundaryField
{
    leftWall
    {
        type            fixedFluxPressure;
        gradient        uniform 0;
        value           nonuniform List<scalar> 
42
(
2468.69
2520.69
2570.93
2617.93
2664.83
1577.78
24.3663
-1.09582
-1.04782
-0.997093
-0.950847
-0.903856
-0.857164
-0.812277
-0.769775
-0.728272
-0.686559
-0.644501
-0.60276
-0.562275
-0.523787
-0.487611
-0.453681
-0.421761
-0.391587
-0.362942
-0.33565
-0.309559
-0.284538
-0.260473
-0.237261
-0.214818
-0.193069
-0.171939
-0.151357
-0.131254
-0.111555
-0.0921742
-0.0730365
-0.0541277
-0.0353227
-0.0160364
)
;
    }
    rightWall
    {
        type            fixedFluxPressure;
        gradient        nonuniform 0();
        value           nonuniform 0();
    }
    lowerWall
    {
        type            fixedFluxPressure;
        gradient        nonuniform 0();
        value           nonuniform 0();
    }
    atmosphere
    {
        type            totalPressure;
        rho             rho;
        psi             none;
        gamma           1;
        p0              uniform 0;
        value           nonuniform List<scalar> 
45
(
-0.00572079
-0.00588209
-0.00583921
-0.00577132
-0.00568058
-0.00556815
-0.00543522
-0.00528308
-0.00511312
-0.00492686
-0.00472595
-0.00451215
-0.00428729
-0.00405331
-0.00381219
-0.00356594
-0.00331657
-0.00306612
-0.00281653
-0.00256974
-0.00232758
-0.00209177
-0.00186393
-0.00164553
-0.00143789
-0.00124218
-0.00105938
-0.000890315
-0.00073561
-0.000595729
-0.000470956
-0.000361412
-0.000267057
-0.000187706
-0.000123042
-7.26305e-05
-3.59343e-05
-1.23363e-05
-1.17353e-06
0
0
0
0
0
0
)
;
    }
    defaultFaces
    {
        type            empty;
    }
    procBoundary2to0
    {
        type            processor;
        value           nonuniform List<scalar> 
46
(
2293.77
2288.31
2280.29
293.675
0.51756
0.500553
0.497066
0.495366
0.494529
0.494809
0.496312
0.498829
0.50209
0.505817
0.509756
0.513709
0.517551
0.521202
0.524591
0.527666
0.530401
0.532772
0.53475
0.536333
0.53753
2418.21
2417.78
2417.08
2416.03
2414.63
2412.89
2410.81
2408.4
2405.67
2402.64
2399.31
2395.71
2391.84
2387.74
2383.42
2378.92
2374.25
2369.48
2364.63
2359.79
2359.79
)
;
    }
    procBoundary2to3
    {
        type            processor;
        value           nonuniform List<scalar> 
43
(
0.513852
0.48951
0.465396
0.441401
0.417712
0.394393
0.371496
0.349105
0.327302
0.306156
0.285732
0.266091
0.247287
0.229357
0.212328
0.196208
0.180995
0.166682
0.153256
0.140692
0.128957
0.118017
0.107834
0.0983659
0.0895719
0.0814136
0.0738502
0.0668368
0.0603299
0.0542907
0.0486817
0.0434641
0.0385994
0.034052
0.0297873
0.0257705
0.0219661
0.018339
0.0148543
0.011478
0.00817486
0.00490795
0.001637
)
;
    }
}


// ************************************************************************* //
