/*--------------------------------*- C++ -*----------------------------------*\
| =========                 |                                                 |
| \\      /  F ield         | OpenFOAM: The Open Source CFD Toolbox           |
|  \\    /   O peration     | Version:  3.0.1                                 |
|   \\  /    A nd           | Web:      www.OpenFOAM.org                      |
|    \\/     M anipulation  |                                                 |
\*---------------------------------------------------------------------------*/
FoamFile
{
    version     2.0;
    format      ascii;
    class       surfaceScalarField;
    location    "0.05";
    object      phi;
}
// * * * * * * * * * * * * * * * * * * * * * * * * * * * * * * * * * * * * * //

dimensions      [0 3 -1 0 0 0 0];

internalField   nonuniform List<scalar> 
3742
(
2.68286e-06
-4.38802e-05
2.70526e-06
-4.44242e-05
2.72712e-06
-4.50463e-05
2.82253e-06
-4.78366e-05
3.73165e-06
2.32923e-05
3.91429e-06
2.88292e-05
3.89964e-06
2.82858e-05
3.58652e-06
2.86509e-05
3.10234e-06
2.89619e-05
2.5478e-06
2.89628e-05
1.99908e-06
2.86878e-05
1.51137e-06
2.81918e-05
1.11539e-06
2.75345e-05
8.1845e-07
2.6777e-05
6.16201e-07
2.59597e-05
4.9559e-07
2.51148e-05
4.42322e-07
2.42632e-05
4.41707e-07
2.34204e-05
4.83046e-07
2.25929e-05
5.5722e-07
2.17873e-05
6.55943e-07
2.1007e-05
7.71267e-07
2.02545e-05
8.94291e-07
1.95335e-05
1.00161e-06
1.8854e-05
1.81602e-05
1.7973e-07
-3.82685e-05
3.36306e-07
-3.84972e-05
4.98135e-07
-3.8471e-05
6.59064e-07
-3.85583e-05
8.16925e-07
-3.8671e-05
9.70618e-07
-3.8812e-05
1.11929e-06
-3.89804e-05
1.26218e-06
-3.91756e-05
1.39841e-06
-3.93968e-05
1.52691e-06
-3.9643e-05
1.6464e-06
-3.99133e-05
1.75554e-06
-4.02068e-05
1.85291e-06
-4.05227e-05
1.93715e-06
-4.08602e-05
2.00696e-06
-4.12189e-05
2.06089e-06
-4.15987e-05
2.09762e-06
-4.20001e-05
2.11749e-06
-4.2425e-05
2.12349e-06
-4.28777e-05
2.12124e-06
-4.33625e-05
2.11338e-06
-4.38723e-05
2.12879e-06
-4.44396e-05
2.06319e-06
-4.49807e-05
2.75423e-06
-4.85276e-05
4.01006e-06
2.20364e-05
4.67967e-06
2.81595e-05
4.59416e-06
2.83713e-05
3.95488e-06
2.92904e-05
3.08597e-06
2.98307e-05
2.20292e-06
2.98458e-05
1.42016e-06
2.94707e-05
7.81834e-07
2.88302e-05
2.96986e-07
2.80194e-05
-5.67809e-08
2.71308e-05
-2.93665e-07
2.61966e-05
-4.29586e-07
2.52507e-05
-4.83456e-07
2.4317e-05
-4.70097e-07
2.34071e-05
-4.06843e-07
2.25296e-05
-3.07135e-07
2.16873e-05
-1.81573e-07
2.08814e-05
-3.87056e-08
2.01117e-05
1.17185e-07
1.93776e-05
2.92704e-07
1.86785e-05
1.79988e-05
1.64037e-07
-3.84326e-05
2.82773e-07
-3.86159e-05
4.12573e-07
-3.86008e-05
5.41221e-07
-3.8687e-05
6.69112e-07
-3.87989e-05
7.9407e-07
-3.8937e-05
9.15339e-07
-3.91017e-05
1.03182e-06
-3.92921e-05
1.14251e-06
-3.95075e-05
1.24643e-06
-3.97469e-05
1.34247e-06
-4.00094e-05
1.42935e-06
-4.02937e-05
1.50557e-06
-4.05989e-05
1.56934e-06
-4.09239e-05
1.61857e-06
-4.12681e-05
1.65081e-06
-4.1631e-05
1.6636e-06
-4.20129e-05
1.65519e-06
-4.24166e-05
1.62548e-06
-4.28479e-05
1.57797e-06
-4.3315e-05
1.51086e-06
-4.38052e-05
1.46138e-06
-4.43901e-05
1.15718e-06
-4.46764e-05
2.13566e-06
-4.9506e-05
5.14296e-06
1.90291e-05
6.29696e-06
2.70055e-05
5.77234e-06
2.88957e-05
4.56013e-06
3.05026e-05
3.16468e-06
3.12263e-05
1.85075e-06
3.11597e-05
7.57869e-07
3.05636e-05
-7.60697e-08
2.96642e-05
-7.00895e-07
2.86442e-05
-1.11792e-06
2.75478e-05
-1.36865e-06
2.64474e-05
-1.49088e-06
2.53729e-05
-1.514e-06
2.43401e-05
-1.46323e-06
2.33564e-05
-1.35834e-06
2.24247e-05
-1.21532e-06
2.15442e-05
-1.0467e-06
2.07127e-05
-8.61971e-07
1.99269e-05
-6.68067e-07
1.91836e-05
-4.69581e-07
1.84799e-05
1.78202e-05
1.43118e-07
-3.85757e-05
2.27307e-07
-3.87001e-05
3.37832e-07
-3.87113e-05
4.43139e-07
-3.87923e-05
5.48416e-07
-3.89042e-05
6.51699e-07
-3.90403e-05
7.52038e-07
-3.9202e-05
8.48834e-07
-3.93889e-05
9.41338e-07
-3.96e-05
1.02872e-06
-3.98343e-05
1.11002e-06
-4.00907e-05
1.18401e-06
-4.03677e-05
1.24905e-06
-4.06639e-05
1.30282e-06
-4.09777e-05
1.3424e-06
-4.13077e-05
1.36382e-06
-4.16524e-05
1.36189e-06
-4.2011e-05
1.32945e-06
-4.23841e-05
1.2576e-06
-4.27761e-05
1.13273e-06
-4.31901e-05
9.1157e-07
-4.35841e-05
5.31401e-07
-4.401e-05
-4.27451e-07
-4.37176e-05
-2.00261e-06
-4.79309e-05
7.46815e-06
9.55833e-06
9.40763e-06
2.5066e-05
7.81168e-06
3.04916e-05
5.41766e-06
3.28966e-05
3.13087e-06
3.35131e-05
1.22183e-06
3.30687e-05
-2.03068e-07
3.19885e-05
-1.25478e-06
3.07159e-05
-1.95183e-06
2.93412e-05
-2.38241e-06
2.79784e-05
-2.61024e-06
2.66752e-05
-2.68763e-06
2.54503e-05
-2.6557e-06
2.43082e-05
-2.54599e-06
2.32467e-05
-2.38213e-06
2.22609e-05
-2.18202e-06
2.13441e-05
-1.95908e-06
2.04897e-05
-1.72345e-06
1.96913e-05
-1.48295e-06
1.89431e-05
-1.24348e-06
1.82405e-05
1.75875e-05
1.19371e-07
-3.86951e-05
1.93606e-07
-3.87743e-05
2.90294e-07
-3.8808e-05
3.84602e-07
-3.88866e-05
4.77013e-07
-3.89966e-05
5.68527e-07
-3.91318e-05
6.58639e-07
-3.92921e-05
7.4685e-07
-3.94771e-05
8.32539e-07
-3.96857e-05
9.15223e-07
-3.9917e-05
9.94197e-07
-4.01696e-05
1.06842e-06
-4.04419e-05
1.13602e-06
-4.07316e-05
1.19373e-06
-4.10354e-05
1.23743e-06
-4.13514e-05
1.26078e-06
-4.16757e-05
1.254e-06
-4.20042e-05
1.20094e-06
-4.23311e-05
1.08097e-06
-4.26561e-05
8.65673e-07
-4.29748e-05
5.26647e-07
-4.32451e-05
-5.08909e-08
-4.34324e-05
-8.01318e-08
-4.36884e-05
-4.29528e-06
-4.37157e-05
1.16769e-05
-6.4139e-06
1.56805e-05
2.10626e-05
1.10168e-05
3.51553e-05
6.32975e-06
3.75837e-05
2.71168e-06
3.71312e-05
1.30334e-07
3.565e-05
-1.6888e-06
3.38076e-05
-2.84831e-06
3.18754e-05
-3.5456e-06
3.00385e-05
-3.91756e-06
2.83503e-05
-4.06086e-06
2.68185e-05
-4.04525e-06
2.54347e-05
-3.92074e-06
2.41836e-05
-3.72313e-06
2.3049e-05
-3.4778e-06
2.20156e-05
-3.20316e-06
2.10695e-05
-2.91251e-06
2.0199e-05
-2.61553e-06
1.93943e-05
-2.31927e-06
1.86469e-05
-2.0287e-06
1.79499e-05
1.73036e-05
8.76368e-08
-3.87827e-05
1.45967e-07
-3.88327e-05
2.12476e-07
-3.88745e-05
2.82068e-07
-3.89562e-05
3.49397e-07
-3.90639e-05
4.15255e-07
-3.91976e-05
4.79848e-07
-3.93567e-05
5.43044e-07
-3.95403e-05
6.03853e-07
-3.97465e-05
6.61984e-07
-3.99751e-05
7.1687e-07
-4.02245e-05
7.67957e-07
-4.0493e-05
8.14216e-07
-4.07778e-05
8.51019e-07
-4.10722e-05
8.74117e-07
-4.13745e-05
8.76514e-07
-4.16781e-05
8.45777e-07
-4.19734e-05
7.59208e-07
-4.22445e-05
5.89099e-07
-4.2486e-05
3.28962e-07
-4.27147e-05
3.07297e-07
-4.32234e-05
1.02388e-06
-4.4149e-05
6.50912e-06
-4.91736e-05
9.61233e-06
-4.68189e-05
3.20403e-05
-2.88419e-05
2.80647e-05
2.50382e-05
1.54314e-05
4.77887e-05
6.55897e-06
4.64563e-05
1.26176e-06
4.24285e-05
-2.00926e-06
3.89211e-05
-3.93676e-06
3.57351e-05
-5.02321e-06
3.29619e-05
-5.57115e-06
3.05865e-05
-5.77073e-06
2.85498e-05
-5.74493e-06
2.67927e-05
-5.57406e-06
2.52638e-05
-5.31115e-06
2.39207e-05
-4.99177e-06
2.27296e-05
-4.63998e-06
2.16637e-05
-4.27232e-06
2.07018e-05
-3.90022e-06
1.98269e-05
-3.53164e-06
1.90257e-05
-3.17217e-06
1.82874e-05
-2.82557e-06
1.76032e-05
1.69698e-05
-5.66227e-08
-3.87261e-05
-2.05873e-07
-3.86834e-05
-2.7211e-07
-3.88082e-05
-3.71806e-07
-3.88565e-05
-4.75393e-07
-3.89603e-05
-5.88151e-07
-3.90849e-05
-7.11761e-07
-3.92331e-05
-8.46264e-07
-3.94058e-05
-9.91967e-07
-3.96008e-05
-1.15202e-06
-3.98151e-05
-1.32871e-06
-4.00478e-05
-1.52245e-06
-4.02993e-05
-1.7253e-06
-4.0575e-05
-1.93648e-06
-4.0861e-05
-2.15991e-06
-4.11511e-05
-2.39186e-06
-4.14462e-05
-2.62017e-06
-4.17451e-05
-2.82106e-06
-4.20436e-05
-2.94484e-06
-4.23622e-05
-2.8107e-06
-4.28488e-05
-1.21999e-06
-4.48141e-05
4.43123e-06
-4.98002e-05
1.34321e-05
-5.81745e-05
3.27526e-05
-6.61394e-05
3.37726e-05
-2.98619e-05
3.45322e-05
2.42785e-05
1.60979e-05
6.62229e-05
3.67409e-06
5.88802e-05
-2.6181e-06
4.87207e-05
-5.73046e-06
4.20334e-05
-7.25847e-06
3.7263e-05
-7.92015e-06
3.36235e-05
-8.08472e-06
3.07511e-05
-7.95744e-06
2.84226e-05
-7.65911e-06
2.64944e-05
-7.26248e-06
2.48672e-05
-6.81252e-06
2.34707e-05
-6.33748e-06
2.22546e-05
-5.85534e-06
2.11816e-05
-5.37766e-06
2.02241e-05
-4.91194e-06
1.93611e-05
-4.46299e-06
1.85767e-05
-4.03391e-06
1.78583e-05
-3.62651e-06
1.71959e-05
1.65833e-05
-6.63917e-07
-3.80621e-05
-1.71541e-06
-3.7632e-05
-2.39591e-06
-3.81277e-05
-3.24129e-06
-3.8011e-05
-4.10521e-06
-3.80964e-05
-5.01525e-06
-3.81747e-05
-5.99012e-06
-3.82582e-05
-7.03045e-06
-3.83654e-05
-8.12311e-06
-3.85082e-05
-9.29699e-06
-3.86411e-05
-1.05654e-05
-3.87795e-05
-1.1933e-05
-3.89317e-05
-1.3328e-05
-3.918e-05
-1.46884e-05
-3.95005e-05
-1.60474e-05
-3.97922e-05
-1.73532e-05
-4.01405e-05
-1.84642e-05
-4.06341e-05
-1.90781e-05
-4.14297e-05
-1.85882e-05
-4.28521e-05
-1.57501e-05
-4.5687e-05
-8.56886e-06
-5.19953e-05
6.72846e-06
-6.50975e-05
1.51682e-05
-6.66142e-05
1.76257e-05
-6.85967e-05
9.88688e-06
-2.2123e-05
1.00914e-05
2.40741e-05
1.51601e-06
7.47984e-05
-6.55497e-06
6.69511e-05
-1.01015e-05
5.22672e-05
-1.14636e-05
4.33956e-05
-1.17735e-05
3.7573e-05
-1.15475e-05
3.33975e-05
-1.10543e-05
3.02579e-05
-1.04335e-05
2.78018e-05
-9.75891e-06
2.58198e-05
-9.07064e-06
2.41789e-05
-8.39088e-06
2.27909e-05
-7.73192e-06
2.15956e-05
-7.10045e-06
2.05501e-05
-6.49987e-06
1.96235e-05
-5.93171e-06
1.8793e-05
-5.3963e-06
1.80413e-05
-4.89335e-06
1.73553e-05
-4.42215e-06
1.67246e-05
1.61418e-05
-1.53758e-06
-3.65247e-05
-2.59171e-06
-3.65776e-05
-3.97581e-06
-3.67437e-05
-5.2405e-06
-3.67467e-05
-6.56071e-06
-3.67764e-05
-7.90915e-06
-3.68263e-05
-9.28222e-06
-3.68856e-05
-1.06874e-05
-3.696e-05
-1.2143e-05
-3.70523e-05
-1.36294e-05
-3.71548e-05
-1.51345e-05
-3.72742e-05
-1.66394e-05
-3.74268e-05
-1.81773e-05
-3.76424e-05
-1.97508e-05
-3.7927e-05
-2.12548e-05
-3.8288e-05
-2.25957e-05
-3.87994e-05
-2.36383e-05
-3.95915e-05
-2.42088e-05
-4.08591e-05
-2.41175e-05
-4.29435e-05
-2.28245e-05
-4.69799e-05
-1.88463e-05
-5.59736e-05
-1.57799e-05
-6.81641e-05
-1.25231e-05
-6.98712e-05
-1.94953e-05
-6.16245e-05
-3.11558e-05
-1.04625e-05
-3.93722e-05
3.22906e-05
-3.10719e-05
6.64981e-05
-2.47459e-05
6.06252e-05
-2.12594e-05
4.87806e-05
-1.90352e-05
4.11714e-05
-1.72403e-05
3.57781e-05
-1.56879e-05
3.18452e-05
-1.43091e-05
2.88791e-05
-1.30696e-05
2.65624e-05
-1.19473e-05
2.46975e-05
-1.09254e-05
2.31569e-05
-9.99062e-06
2.18561e-05
-9.13239e-06
2.07373e-05
-8.34217e-06
1.97598e-05
-7.61293e-06
1.88942e-05
-6.93882e-06
1.81188e-05
-6.31489e-06
1.74174e-05
-5.73694e-06
1.67774e-05
-5.20139e-06
1.6189e-05
1.5645e-05
-1.52346e-06
-3.50013e-05
-2.57269e-06
-3.55285e-05
-3.83737e-06
-3.54788e-05
-5.09169e-06
-3.54923e-05
-6.37017e-06
-3.54981e-05
-7.67531e-06
-3.55209e-05
-9.00641e-06
-3.55549e-05
-1.03683e-05
-3.55983e-05
-1.17685e-05
-3.56522e-05
-1.32055e-05
-3.5718e-05
-1.46776e-05
-3.58021e-05
-1.61882e-05
-3.59162e-05
-1.7754e-05
-3.60761e-05
-1.93848e-05
-3.62964e-05
-2.10707e-05
-3.66021e-05
-2.2821e-05
-3.70489e-05
-2.47004e-05
-3.77121e-05
-2.68514e-05
-3.87081e-05
-2.95263e-05
-4.02685e-05
-3.36057e-05
-4.29005e-05
-4.22209e-05
-4.73584e-05
-5.68449e-05
-5.354e-05
-6.85686e-05
-5.81474e-05
-8.26616e-05
-4.75314e-05
-8.34133e-05
-9.71087e-06
-7.89892e-05
2.78665e-05
-5.91865e-05
4.66954e-05
-4.25148e-05
4.39535e-05
-3.28557e-05
3.91215e-05
-2.68547e-05
3.51704e-05
-2.27865e-05
3.17099e-05
-1.98206e-05
2.88794e-05
-1.75189e-05
2.65774e-05
-1.56485e-05
2.4692e-05
-1.40768e-05
2.31258e-05
-1.27238e-05
2.18039e-05
-1.1538e-05
2.06703e-05
-1.04849e-05
1.96842e-05
-9.54005e-06
1.88151e-05
-8.68592e-06
1.80401e-05
-7.90921e-06
1.73421e-05
-7.19972e-06
1.67079e-05
-6.54939e-06
1.61271e-05
-5.95178e-06
1.55914e-05
1.50945e-05
-1.35462e-06
-3.36467e-05
-2.64546e-06
-3.42378e-05
-3.91098e-06
-3.42133e-05
-5.21637e-06
-3.41867e-05
-6.531e-06
-3.41837e-05
-7.8683e-06
-3.4183e-05
-9.23667e-06
-3.41866e-05
-1.06404e-05
-3.41946e-05
-1.20851e-05
-3.42073e-05
-1.35758e-05
-3.42273e-05
-1.51187e-05
-3.42593e-05
-1.67245e-05
-3.43105e-05
-1.84104e-05
-3.43903e-05
-2.01961e-05
-3.45108e-05
-2.21065e-05
-3.46916e-05
-2.41923e-05
-3.49631e-05
-2.65469e-05
-3.53574e-05
-2.93283e-05
-3.59267e-05
-3.2881e-05
-3.67158e-05
-3.80951e-05
-3.76865e-05
-4.6583e-05
-3.88706e-05
-5.95962e-05
-4.05267e-05
-7.72721e-05
-4.04715e-05
-9.44572e-05
-3.03462e-05
-9.59624e-05
-8.20565e-06
-8.44745e-05
1.63786e-05
-6.5152e-05
2.73729e-05
-4.9871e-05
2.86725e-05
-3.95279e-05
2.87784e-05
-3.2242e-05
2.78845e-05
-2.70416e-05
2.65096e-05
-2.32018e-05
2.50397e-05
-2.02537e-05
2.36292e-05
-1.79058e-05
2.2344e-05
-1.59765e-05
2.11966e-05
-1.43506e-05
2.0178e-05
-1.29526e-05
1.92724e-05
-1.17313e-05
1.8463e-05
-1.06511e-05
1.77349e-05
-9.68625e-06
1.70752e-05
-8.81764e-06
1.64735e-05
-8.03088e-06
1.59211e-05
-7.31476e-06
1.5411e-05
-6.6604e-06
1.49371e-05
1.44948e-05
-1.31339e-06
-3.23335e-05
-2.63016e-06
-3.2921e-05
-3.93502e-06
-3.29086e-05
-5.24778e-06
-3.28741e-05
-6.58186e-06
-3.28497e-05
-7.93959e-06
-3.28253e-05
-9.32765e-06
-3.27985e-05
-1.0753e-05
-3.27694e-05
-1.22225e-05
-3.2738e-05
-1.37446e-05
-3.27051e-05
-1.53305e-05
-3.26736e-05
-1.69943e-05
-3.26462e-05
-1.87582e-05
-3.26267e-05
-2.06496e-05
-3.26194e-05
-2.271e-05
-3.26311e-05
-2.50056e-05
-3.26675e-05
-2.76345e-05
-3.27286e-05
-3.07443e-05
-3.28168e-05
-3.45653e-05
-3.28948e-05
-3.94664e-05
-3.27854e-05
-4.6011e-05
-3.23259e-05
-5.52984e-05
-3.12393e-05
-6.78676e-05
-2.79022e-05
-7.87252e-05
-1.94886e-05
-8.02741e-05
-6.65668e-06
-7.04309e-05
6.53542e-06
-5.82744e-05
1.52164e-05
-4.85091e-05
1.89073e-05
-4.06055e-05
2.08748e-05
-3.42796e-05
2.15586e-05
-2.92952e-05
2.15252e-05
-2.53549e-05
2.10994e-05
-2.22028e-05
2.04772e-05
-1.96367e-05
1.97779e-05
-1.75077e-05
1.90675e-05
-1.57089e-05
1.83793e-05
-1.41646e-05
1.77281e-05
-1.28202e-05
1.71187e-05
-1.16364e-05
1.65511e-05
-1.05838e-05
1.60227e-05
-9.64048e-06
1.55302e-05
-8.7895e-06
1.50702e-05
-8.01774e-06
1.46392e-05
-7.31474e-06
1.42342e-05
1.38523e-05
-1.29927e-06
-3.10342e-05
-2.61085e-06
-3.16095e-05
-3.94206e-06
-3.15775e-05
-5.26577e-06
-3.15502e-05
-6.60891e-06
-3.15066e-05
-7.97724e-06
-3.14568e-05
-9.37623e-06
-3.13995e-05
-1.08132e-05
-3.13325e-05
-1.22961e-05
-3.12548e-05
-1.38357e-05
-3.11658e-05
-1.54442e-05
-3.10653e-05
-1.71379e-05
-3.09524e-05
-1.89392e-05
-3.08254e-05
-2.08771e-05
-3.06814e-05
-2.29928e-05
-3.05155e-05
-2.53438e-05
-3.03166e-05
-2.80085e-05
-3.00639e-05
-3.11067e-05
-2.97187e-05
-3.48058e-05
-2.91957e-05
-3.92385e-05
-2.83527e-05
-4.44913e-05
-2.70731e-05
-5.0727e-05
-2.50036e-05
-5.75147e-05
-2.11143e-05
-6.25101e-05
-1.44932e-05
-6.31405e-05
-6.02628e-06
-5.86526e-05
2.04756e-06
-5.17132e-05
8.27695e-06
-4.52207e-05
1.24149e-05
-3.93679e-05
1.5022e-05
-3.43006e-05
1.64914e-05
-2.99995e-05
1.72241e-05
-2.63816e-05
1.74815e-05
-2.33447e-05
1.74402e-05
-2.07852e-05
1.72185e-05
-1.8611e-05
1.68934e-05
-1.67462e-05
1.65145e-05
-1.51301e-05
1.6112e-05
-1.37158e-05
1.57044e-05
-1.24668e-05
1.5302e-05
-1.1355e-05
1.49108e-05
-1.03583e-05
1.45336e-05
-9.45961e-06
1.41715e-05
-8.64508e-06
1.38248e-05
-7.90369e-06
1.34928e-05
1.31751e-05
-1.2878e-06
-2.97465e-05
-2.6008e-06
-3.02965e-05
-3.91894e-06
-3.02595e-05
-5.25028e-06
-3.02192e-05
-6.59612e-06
-3.01609e-05
-7.96509e-06
-3.00882e-05
-9.36422e-06
-3.00007e-05
-1.08007e-05
-2.98962e-05
-1.22829e-05
-2.97723e-05
-1.38216e-05
-2.96274e-05
-1.54281e-05
-2.94584e-05
-1.71189e-05
-2.92618e-05
-1.89129e-05
-2.90313e-05
-2.08357e-05
-2.87586e-05
-2.29199e-05
-2.84314e-05
-2.52071e-05
-2.80293e-05
-2.77494e-05
-2.75216e-05
-3.0608e-05
-2.68601e-05
-3.38431e-05
-2.59607e-05
-3.74773e-05
-2.47183e-05
-4.1546e-05
-2.30044e-05
-4.59916e-05
-2.0558e-05
-5.01656e-05
-1.69404e-05
-5.27118e-05
-1.19471e-05
-5.26546e-05
-6.08346e-06
-5.01855e-05
-4.21437e-07
-4.62746e-05
4.36601e-06
-4.18649e-05
8.00521e-06
-3.74863e-05
1.06435e-05
-3.34349e-05
1.24401e-05
-2.98085e-05
1.35976e-05
-2.66177e-05
1.42907e-05
-2.38339e-05
1.46564e-05
-2.14118e-05
1.47964e-05
-1.93019e-05
1.47836e-05
-1.74571e-05
1.46696e-05
-1.58355e-05
1.44904e-05
-1.44017e-05
1.42705e-05
-1.31262e-05
1.40264e-05
-1.19847e-05
1.37694e-05
-1.09579e-05
1.35067e-05
-1.00295e-05
1.32432e-05
-9.18658e-06
1.29819e-05
-8.41839e-06
1.27246e-05
1.24727e-05
-1.27833e-06
-2.84681e-05
-2.58722e-06
-2.89876e-05
-3.88912e-06
-2.89571e-05
-5.21104e-06
-2.88975e-05
-6.54844e-06
-2.88231e-05
-7.90772e-06
-2.87289e-05
-9.29609e-06
-2.86126e-05
-1.07201e-05
-2.84721e-05
-1.21879e-05
-2.83047e-05
-1.37083e-05
-2.8107e-05
-1.52922e-05
-2.78747e-05
-1.69525e-05
-2.76016e-05
-1.87046e-05
-2.72791e-05
-2.05678e-05
-2.68955e-05
-2.25641e-05
-2.64352e-05
-2.47181e-05
-2.58753e-05
-2.70557e-05
-2.51839e-05
-2.96003e-05
-2.43156e-05
-3.236e-05
-2.32009e-05
-3.53107e-05
-2.17676e-05
-3.83975e-05
-1.99176e-05
-4.14607e-05
-1.74948e-05
-4.40682e-05
-1.4333e-05
-4.55712e-05
-1.04441e-05
-4.55103e-05
-6.14437e-06
-4.40132e-05
-1.91851e-06
-4.14905e-05
1.84333e-06
-3.84448e-05
4.95956e-06
-3.52136e-05
7.41236e-06
-3.20358e-05
9.26227e-06
-2.90452e-05
1.0607e-05
-2.63035e-05
1.1549e-05
-2.38277e-05
1.21806e-05
-2.16101e-05
1.25788e-05
-1.96311e-05
1.28046e-05
-1.78662e-05
1.29047e-05
-1.629e-05
1.29142e-05
-1.48786e-05
1.28591e-05
-1.36106e-05
1.27584e-05
-1.24671e-05
1.2626e-05
-1.14322e-05
1.24718e-05
-1.04922e-05
1.23032e-05
-9.63556e-06
1.21253e-05
-8.85259e-06
1.19416e-05
1.17551e-05
-1.26319e-06
-2.72051e-05
-2.54934e-06
-2.77017e-05
-3.84286e-06
-2.76634e-05
-5.14625e-06
-2.75946e-05
-6.46494e-06
-2.75043e-05
-7.8047e-06
-2.7389e-05
-9.17145e-06
-2.72462e-05
-1.05707e-05
-2.70729e-05
-1.20093e-05
-2.68663e-05
-1.34944e-05
-2.66215e-05
-1.50354e-05
-2.63339e-05
-1.66412e-05
-2.59958e-05
-1.83225e-05
-2.55977e-05
-2.0091e-05
-2.51273e-05
-2.19586e-05
-2.45676e-05
-2.39371e-05
-2.38968e-05
-2.60347e-05
-2.30865e-05
-2.82503e-05
-2.20999e-05
-3.05646e-05
-2.08866e-05
-3.29362e-05
-1.93959e-05
-3.52875e-05
-1.75664e-05
-3.74599e-05
-1.53225e-05
-3.91756e-05
-1.26173e-05
-4.01133e-05
-9.50642e-06
-4.00787e-05
-6.179e-06
-3.91091e-05
-2.88805e-06
-3.7413e-05
1.47286e-07
-3.52453e-05
2.79187e-06
-3.28346e-05
5.00173e-06
-3.03544e-05
6.78197e-06
-2.7922e-05
8.17468e-06
-2.56093e-05
9.23623e-06
-2.34539e-05
1.00251e-05
-2.14702e-05
1.05953e-05
-1.96588e-05
1.09932e-05
-1.80115e-05
1.12574e-05
-1.65162e-05
1.14188e-05
-1.5159e-05
1.15018e-05
-1.39259e-05
1.15254e-05
-1.28038e-05
1.15039e-05
-1.17806e-05
1.14487e-05
-1.08455e-05
1.13681e-05
-9.989e-06
1.12688e-05
-9.20288e-06
1.11555e-05
1.10321e-05
-1.24015e-06
-2.59649e-05
-2.49867e-06
-2.64432e-05
-3.77112e-06
-2.63906e-05
-5.05015e-06
-2.63158e-05
-6.34303e-06
-2.62115e-05
-7.65495e-06
-2.6077e-05
-8.99046e-06
-2.59107e-05
-1.03541e-05
-2.57096e-05
-1.17505e-05
-2.54697e-05
-1.3186e-05
-2.51863e-05
-1.46667e-05
-2.48532e-05
-1.61991e-05
-2.44632e-05
-1.77899e-05
-2.40071e-05
-1.94444e-05
-2.34727e-05
-2.11672e-05
-2.28447e-05
-2.296e-05
-2.21041e-05
-2.48182e-05
-2.12284e-05
-2.67284e-05
-2.01897e-05
-2.86609e-05
-1.89541e-05
-3.05679e-05
-1.74889e-05
-3.23735e-05
-1.57608e-05
-3.39556e-05
-1.37403e-05
-3.51467e-05
-1.14262e-05
-3.57801e-05
-8.87308e-06
-3.57621e-05
-6.19692e-06
-3.51062e-05
-3.54394e-06
-3.39219e-05
-1.03691e-06
-3.23451e-05
1.21511e-06
-3.05227e-05
3.17933e-06
-2.85786e-05
4.83781e-06
-2.66069e-05
6.20296e-06
-2.46738e-05
7.30308e-06
-2.28216e-05
8.17306e-06
-2.10751e-05
8.84874e-06
-1.94456e-05
9.36374e-06
-1.7936e-05
9.74783e-06
-1.65436e-05
1.00264e-05
-1.52624e-05
1.02206e-05
-1.40847e-05
1.03477e-05
-1.30023e-05
1.04216e-05
-1.20071e-05
1.04535e-05
-1.10911e-05
1.04522e-05
-1.02471e-05
1.04248e-05
-9.46854e-06
1.03769e-05
1.03129e-05
-1.20727e-06
-2.47576e-05
-2.44107e-06
-2.52095e-05
-3.67944e-06
-2.51522e-05
-4.92744e-06
-2.5068e-05
-6.18816e-06
-2.49508e-05
-7.46484e-06
-2.48003e-05
-8.76092e-06
-2.46145e-05
-1.00801e-05
-2.43906e-05
-1.14255e-05
-2.4124e-05
-1.28019e-05
-2.38101e-05
-1.42124e-05
-2.34425e-05
-1.56612e-05
-2.30145e-05
-1.71509e-05
-2.25176e-05
-1.86824e-05
-2.19411e-05
-2.02549e-05
-2.12722e-05
-2.18635e-05
-2.04956e-05
-2.34972e-05
-1.95946e-05
-2.51368e-05
-1.85499e-05
-2.67509e-05
-1.73399e-05
-2.82946e-05
-1.59452e-05
-2.97048e-05
-1.43507e-05
-3.08953e-05
-1.25498e-05
-3.1765e-05
-1.05564e-05
-3.22228e-05
-8.41527e-06
-3.22189e-05
-6.20076e-06
-3.17616e-05
-4.0012e-06
-3.0901e-05
-1.89742e-06
-2.97338e-05
4.79509e-08
-2.83391e-05
1.78462e-06
-2.68059e-05
3.30456e-06
-2.52064e-05
4.60353e-06
-2.35967e-05
5.69341e-06
-2.20171e-05
6.59355e-06
-2.04949e-05
7.3266e-06
-1.90469e-05
7.91575e-06
-1.7682e-05
8.38298e-06
-1.64038e-05
8.74815e-06
-1.52117e-05
9.02862e-06
-1.41032e-05
9.23925e-06
-1.3074e-05
9.39252e-06
-1.21193e-05
9.49885e-06
-1.1234e-05
9.56687e-06
-1.04129e-05
9.60368e-06
-9.65114e-06
9.61504e-06
9.60577e-06
-1.16993e-06
-2.35875e-05
-2.37246e-06
-2.40067e-05
-3.57408e-06
-2.39505e-05
-4.78522e-06
-2.3857e-05
-6.00696e-06
-2.37292e-05
-7.24113e-06
-2.35661e-05
-8.49036e-06
-2.33652e-05
-9.75733e-06
-2.31235e-05
-1.10447e-05
-2.28369e-05
-1.23545e-05
-2.25003e-05
-1.36885e-05
-2.21085e-05
-1.50479e-05
-2.16553e-05
-1.64321e-05
-2.11333e-05
-1.78391e-05
-2.0534e-05
-1.92644e-05
-1.98471e-05
-2.06993e-05
-1.90607e-05
-2.21306e-05
-1.81631e-05
-2.35384e-05
-1.71421e-05
-2.48935e-05
-1.59848e-05
-2.61575e-05
-1.46811e-05
-2.72818e-05
-1.32263e-05
-2.82073e-05
-1.16242e-05
-2.88717e-05
-9.892e-06
-2.92227e-05
-8.06424e-06
-2.92329e-05
-6.19042e-06
-2.89066e-05
-4.32741e-06
-2.82735e-05
-2.53048e-06
-2.73864e-05
-8.39093e-07
-2.63054e-05
7.03633e-07
-2.50867e-05
2.08587e-06
-2.37852e-05
3.30202e-06
-2.24458e-05
4.35413e-06
-2.1104e-05
5.25181e-06
-1.97859e-05
6.0086e-06
-1.851e-05
6.63982e-06
-1.72881e-05
7.16108e-06
-1.61272e-05
7.5873e-06
-1.50308e-05
7.9322e-06
-1.39994e-05
8.208e-06
-1.30323e-05
8.42544e-06
-1.21273e-05
8.59377e-06
-1.12814e-05
8.72093e-06
-1.04914e-05
8.81367e-06
-9.75402e-06
8.87766e-06
8.91769e-06
-1.1331e-06
-2.24546e-05
-2.29339e-06
-2.28463e-05
-3.45665e-06
-2.27873e-05
-4.62579e-06
-2.26878e-05
-5.80223e-06
-2.25528e-05
-6.9876e-06
-2.23807e-05
-8.18392e-06
-2.2169e-05
-9.39292e-06
-2.19144e-05
-1.06164e-05
-2.16137e-05
-1.18544e-05
-2.12621e-05
-1.31077e-05
-2.08554e-05
-1.43749e-05
-2.03881e-05
-1.56538e-05
-1.98543e-05
-1.69404e-05
-1.92476e-05
-1.82277e-05
-1.85599e-05
-1.95056e-05
-1.77827e-05
-2.07607e-05
-1.6908e-05
-2.19744e-05
-1.59285e-05
-2.31217e-05
-1.48375e-05
-2.41716e-05
-1.36311e-05
-2.50878e-05
-1.23101e-05
-2.58299e-05
-1.0882e-05
-2.63585e-05
-9.36333e-06
-2.66424e-05
-7.78032e-06
-2.66652e-05
-6.16747e-06
-2.64292e-05
-4.56338e-06
-2.59542e-05
-3.00543e-06
-2.52682e-05
-1.52508e-06
-2.44227e-05
-1.41807e-07
-2.34457e-05
1.10893e-06
-2.23818e-05
2.23816e-06
-2.12661e-05
3.23858e-06
-2.01282e-05
4.11394e-06
-1.89914e-05
4.87182e-06
-1.78735e-05
5.52192e-06
-1.67874e-05
6.07491e-06
-1.57417e-05
6.54166e-06
-1.47421e-05
6.93263e-06
-1.37916e-05
7.25759e-06
-1.28916e-05
7.52542e-06
-1.20419e-05
7.74406e-06
-1.12416e-05
7.92054e-06
-1.04889e-05
8.06099e-06
-9.7819e-06
8.17072e-06
8.25429e-06
-1.09596e-06
-2.13588e-05
-2.20898e-06
-2.17331e-05
-3.32828e-06
-2.1668e-05
-4.45037e-06
-2.15656e-05
-5.5769e-06
-2.14264e-05
-6.70918e-06
-2.12483e-05
-7.84871e-06
-2.10293e-05
-8.99655e-06
-2.07667e-05
-1.01527e-05
-2.04574e-05
-1.1317e-05
-2.00979e-05
-1.24882e-05
-1.96844e-05
-1.36639e-05
-1.92123e-05
-1.48408e-05
-1.86774e-05
-1.60137e-05
-1.80748e-05
-1.71747e-05
-1.73988e-05
-1.83138e-05
-1.66435e-05
-1.9418e-05
-1.58038e-05
-2.04708e-05
-1.48757e-05
-2.14517e-05
-1.38566e-05
-2.23365e-05
-1.27462e-05
-2.30985e-05
-1.15481e-05
-2.37099e-05
-1.02707e-05
-2.41448e-05
-8.9283e-06
-2.4384e-05
-7.54104e-06
-2.44177e-05
-6.13371e-06
-2.42477e-05
-4.73335e-06
-2.38867e-05
-3.36642e-06
-2.33552e-05
-2.05659e-06
-2.26768e-05
-8.20157e-07
-2.18908e-05
3.23021e-07
-2.10179e-05
1.36533e-06
-2.00869e-05
2.30759e-06
-1.91221e-05
3.14914e-06
-1.81437e-05
3.89343e-06
-1.71679e-05
4.54613e-06
-1.62073e-05
5.11429e-06
-1.52711e-05
5.60554e-06
-1.43661e-05
6.02767e-06
-1.34968e-05
6.38826e-06
-1.26659e-05
6.69446e-06
-1.18747e-05
6.9529e-06
-1.11237e-05
7.16958e-06
-1.04126e-05
7.34988e-06
-9.74042e-06
7.49864e-06
7.61998e-06
-1.05402e-06
-2.0305e-05
-2.12032e-06
-2.06668e-05
-3.19012e-06
-2.05981e-05
-4.26114e-06
-2.04944e-05
-5.33475e-06
-2.03528e-05
-6.41168e-06
-2.01715e-05
-7.49266e-06
-1.99484e-05
-8.57773e-06
-1.96818e-05
-9.66597e-06
-1.9369e-05
-1.07565e-05
-1.90076e-05
-1.18468e-05
-1.8594e-05
-1.2934e-05
-1.81251e-05
-1.40142e-05
-1.75975e-05
-1.50815e-05
-1.70076e-05
-1.61284e-05
-1.63518e-05
-1.71454e-05
-1.56266e-05
-1.81206e-05
-1.48288e-05
-1.90398e-05
-1.39566e-05
-1.98865e-05
-1.30098e-05
-2.06423e-05
-1.19904e-05
-2.12875e-05
-1.09029e-05
-2.18028e-05
-9.75548e-06
-2.21709e-05
-8.5601e-06
-2.23795e-05
-7.33234e-06
-2.24227e-05
-6.09053e-06
-2.23017e-05
-4.85438e-06
-2.20249e-05
-3.64321e-06
-2.16071e-05
-2.47445e-06
-2.1064e-05
-1.36317e-06
-2.04266e-05
-3.14319e-07
-1.97058e-05
6.44604e-07
-1.89264e-05
1.52819e-06
-1.81077e-05
2.33042e-06
-1.72664e-05
3.0521e-06
-1.64166e-05
3.69637e-06
-1.557e-05
4.26768e-06
-1.47356e-05
4.77126e-06
-1.39207e-05
5.21275e-06
-1.31303e-05
5.59789e-06
-1.23682e-05
5.93229e-06
-1.16366e-05
6.22134e-06
-1.0937e-05
6.47003e-06
-1.027e-05
6.68297e-06
-9.63572e-06
6.86445e-06
7.01804e-06
-1.00517e-06
-1.92997e-05
-2.02415e-06
-1.96478e-05
-3.0419e-06
-1.95803e-05
-4.06004e-06
-1.94764e-05
-5.07907e-06
-1.93338e-05
-6.09941e-06
-1.91512e-05
-7.12082e-06
-1.89271e-05
-8.14244e-06
-1.86601e-05
-9.16315e-06
-1.83484e-05
-1.01811e-05
-1.79898e-05
-1.11932e-05
-1.75818e-05
-1.21964e-05
-1.7122e-05
-1.31861e-05
-1.66079e-05
-1.41566e-05
-1.60371e-05
-1.5101e-05
-1.54074e-05
-1.60108e-05
-1.47169e-05
-1.68755e-05
-1.39642e-05
-1.76832e-05
-1.31488e-05
-1.8421e-05
-1.22721e-05
-1.90747e-05
-1.13368e-05
-1.96298e-05
-1.03478e-05
-2.00726e-05
-9.31259e-06
-2.03917e-05
-8.24098e-06
-2.05788e-05
-7.1452e-06
-2.06303e-05
-6.03915e-06
-2.05472e-05
-4.93751e-06
-2.03357e-05
-3.85478e-06
-2.00057e-05
-2.80442e-06
-1.95709e-05
-1.79793e-06
-1.90419e-05
-8.43343e-07
-1.84482e-05
5.10237e-08
-1.7795e-05
8.74944e-07
-1.70996e-05
1.63503e-06
-1.63762e-05
2.32876e-06
-1.56371e-05
2.95734e-06
-1.48928e-05
3.52336e-06
-1.41517e-05
4.03026e-06
-1.34209e-05
4.48199e-06
-1.27058e-05
4.88279e-06
-1.20105e-05
5.23698e-06
-1.1338e-05
5.54882e-06
-1.06902e-05
5.82237e-06
-1.00687e-05
6.06149e-06
-9.47404e-06
6.26992e-06
6.45064e-06
-9.51208e-07
-1.83484e-05
-1.9194e-06
-1.86796e-05
-2.88428e-06
-1.86153e-05
-3.84876e-06
-1.8512e-05
-4.81252e-06
-1.83699e-05
-5.77557e-06
-1.81883e-05
-6.73673e-06
-1.79659e-05
-7.69507e-06
-1.77018e-05
-8.64892e-06
-1.73946e-05
-9.59589e-06
-1.70427e-05
-1.05332e-05
-1.66445e-05
-1.14571e-05
-1.61982e-05
-1.2363e-05
-1.5702e-05
-1.32456e-05
-1.51544e-05
-1.40988e-05
-1.45544e-05
-1.49147e-05
-1.3901e-05
-1.56848e-05
-1.31941e-05
-1.63992e-05
-1.24343e-05
-1.70479e-05
-1.16236e-05
-1.76197e-05
-1.0765e-05
-1.81042e-05
-9.86337e-06
-1.84915e-05
-8.92523e-06
-1.87737e-05
-7.95877e-06
-1.89453e-05
-6.97366e-06
-1.90039e-05
-5.98067e-06
-1.89504e-05
-4.99105e-06
-1.87893e-05
-4.01594e-06
-1.8528e-05
-3.06573e-06
-1.81764e-05
-2.14949e-06
-1.77446e-05
-1.27506e-06
-1.72472e-05
-4.46394e-07
-1.66986e-05
3.26437e-07
-1.61071e-05
1.0435e-06
-1.54848e-05
1.70654e-06
-1.48424e-05
2.31498e-06
-1.4189e-05
2.87002e-06
-1.35324e-05
3.37374e-06
-1.28792e-05
3.82884e-06
-1.22348e-05
4.23836e-06
-1.16033e-05
4.60552e-06
-1.09881e-05
4.93364e-06
-1.03916e-05
5.22594e-06
-9.81568e-06
5.48558e-06
-9.26148e-06
5.71579e-06
5.91899e-06
-8.95671e-07
-1.74527e-05
-1.80935e-06
-1.7766e-05
-2.72075e-06
-1.7704e-05
-3.63079e-06
-1.7602e-05
-4.5389e-06
-1.74619e-05
-5.44411e-06
-1.72831e-05
-6.3451e-06
-1.70648e-05
-7.24076e-06
-1.68062e-05
-8.12899e-06
-1.65063e-05
-9.00743e-06
-1.61642e-05
-9.87332e-06
-1.57788e-05
-1.07228e-05
-1.53488e-05
-1.15515e-05
-1.48732e-05
-1.23547e-05
-1.43513e-05
-1.31266e-05
-1.37826e-05
-1.38607e-05
-1.3167e-05
-1.45496e-05
-1.25051e-05
-1.51856e-05
-1.17983e-05
-1.57606e-05
-1.10487e-05
-1.62661e-05
-1.02595e-05
-1.66943e-05
-9.43522e-06
-1.7038e-05
-8.58146e-06
-1.72918e-05
-7.70507e-06
-1.74517e-05
-6.81383e-06
-1.75162e-05
-5.91621e-06
-1.74863e-05
-5.02104e-06
-1.73652e-05
-4.13703e-06
-1.71585e-05
-3.27243e-06
-1.68733e-05
-2.43466e-06
-1.65183e-05
-1.63002e-06
-1.6101e-05
-8.63609e-07
-1.56408e-05
-1.33731e-07
-1.51359e-05
5.38525e-07
-1.46e-05
1.17066e-06
-1.40417e-05
1.75673e-06
-1.34687e-05
2.29716e-06
-1.28881e-05
2.7932e-06
-1.23059e-05
3.24661e-06
-1.1727e-05
3.65951e-06
-1.11557e-05
4.03424e-06
-1.05954e-05
4.37331e-06
-1.00487e-05
4.67925e-06
-9.51762e-06
4.95458e-06
-9.00381e-06
5.20201e-06
5.42351e-06
-8.41395e-07
-1.66113e-05
-1.69893e-06
-1.69086e-05
-2.55594e-06
-1.68472e-05
-3.4108e-06
-1.67471e-05
-4.26272e-06
-1.66101e-05
-5.10998e-06
-1.64357e-05
-5.95161e-06
-1.62233e-05
-6.7857e-06
-1.59722e-05
-7.6103e-06
-1.56817e-05
-8.42316e-06
-1.53515e-05
-9.22132e-06
-1.49807e-05
-1.00012e-05
-1.45688e-05
-1.07591e-05
-1.41154e-05
-1.14903e-05
-1.36201e-05
-1.21898e-05
-1.30831e-05
-1.2852e-05
-1.25048e-05
-1.34709e-05
-1.18862e-05
-1.40403e-05
-1.1229e-05
-1.45536e-05
-1.05355e-05
-1.50043e-05
-9.80883e-06
-1.53865e-05
-9.05298e-06
-1.56951e-05
-8.27288e-06
-1.5926e-05
-7.47422e-06
-1.60766e-05
-6.66334e-06
-1.61458e-05
-5.84705e-06
-1.61345e-05
-5.03237e-06
-1.60453e-05
-4.22628e-06
-1.58823e-05
-3.43538e-06
-1.56512e-05
-2.66569e-06
-1.53587e-05
-1.92246e-06
-1.50123e-05
-1.20997e-06
-1.46155e-05
-5.30565e-07
-1.4187e-05
1.10007e-07
-1.37261e-05
7.09825e-07
-1.32412e-05
1.27187e-06
-1.27394e-05
1.79535e-06
-1.22268e-05
2.28066e-06
-1.17089e-05
2.72877e-06
-1.11905e-05
3.14104e-06
-1.06754e-05
3.51915e-06
-1.0167e-05
3.8649e-06
-9.66793e-06
4.18024e-06
-9.18048e-06
4.46715e-06
-8.70635e-06
4.72786e-06
4.96398e-06
-7.8898e-07
-1.58224e-05
-1.59098e-06
-1.61067e-05
-2.39287e-06
-1.60454e-05
-3.19223e-06
-1.59478e-05
-3.98768e-06
-1.58147e-05
-4.77764e-06
-1.56457e-05
-5.56089e-06
-1.54402e-05
-6.33512e-06
-1.51978e-05
-7.09866e-06
-1.49182e-05
-7.84904e-06
-1.46012e-05
-8.58338e-06
-1.42463e-05
-9.29862e-06
-1.38536e-05
-9.99121e-06
-1.34229e-05
-1.0657e-05
-1.29544e-05
-1.12915e-05
-1.24485e-05
-1.18902e-05
-1.19061e-05
-1.24481e-05
-1.13284e-05
-1.296e-05
-1.07173e-05
-1.34206e-05
-1.00749e-05
-1.3825e-05
-9.40434e-06
-1.41689e-05
-8.70916e-06
-1.44482e-05
-7.99361e-06
-1.46601e-05
-7.26244e-06
-1.48026e-05
-6.5209e-06
-1.48751e-05
-5.77455e-06
-1.48783e-05
-5.02911e-06
-1.48144e-05
-4.2902e-06
-1.46865e-05
-3.56322e-06
-1.44991e-05
-2.85314e-06
-1.42571e-05
-2.16436e-06
-1.39666e-05
-1.50054e-06
-1.36323e-05
-8.64858e-07
-1.32644e-05
-2.57881e-07
-1.28673e-05
3.12765e-07
-1.24459e-05
8.50448e-07
-1.20064e-05
1.35598e-06
-1.15545e-05
1.82874e-06
-1.10948e-05
2.2691e-06
-1.06316e-05
2.67785e-06
-1.01686e-05
3.05612e-06
-9.70892e-06
3.40519e-06
-9.25516e-06
3.7265e-06
-8.80957e-06
4.02158e-06
-8.37396e-06
4.29223e-06
4.5397e-06
-7.37178e-07
-1.50853e-05
-1.48512e-06
-1.53588e-05
-2.23208e-06
-1.52985e-05
-2.97612e-06
-1.52039e-05
-3.71565e-06
-1.50751e-05
-4.44937e-06
-1.4912e-05
-5.17552e-06
-1.47141e-05
-5.89209e-06
-1.44812e-05
-6.59718e-06
-1.42133e-05
-7.28826e-06
-1.39101e-05
-7.96274e-06
-1.35718e-05
-8.61785e-06
-1.31986e-05
-9.25023e-06
-1.27906e-05
-9.85627e-06
-1.23483e-05
-1.04323e-05
-1.18724e-05
-1.09743e-05
-1.13641e-05
-1.14782e-05
-1.08246e-05
-1.19397e-05
-1.02558e-05
-1.23546e-05
-9.65992e-06
-1.27193e-05
-9.03968e-06
-1.30302e-05
-8.39832e-06
-1.32844e-05
-7.73947e-06
-1.34797e-05
-7.06718e-06
-1.36147e-05
-6.38585e-06
-1.36892e-05
-5.70008e-06
-1.37037e-05
-5.01457e-06
-1.366e-05
-4.33395e-06
-1.35606e-05
-3.66266e-06
-1.34088e-05
-3.00485e-06
-1.32089e-05
-2.36426e-06
-1.29653e-05
-1.74418e-06
-1.26828e-05
-1.14737e-06
-1.23647e-05
-5.75942e-07
-1.20252e-05
-2.6755e-08
-1.16583e-05
4.83602e-07
-1.12737e-05
9.7144e-07
-1.08758e-05
1.43081e-06
-1.04685e-05
1.86186e-06
-1.00557e-05
2.26505e-06
-9.6407e-06
2.64109e-06
-9.22638e-06
2.99086e-06
-8.81527e-06
3.31541e-06
-8.40954e-06
3.61588e-06
-8.01097e-06
3.89367e-06
4.14974e-06
-6.84661e-07
-1.44007e-05
-1.37965e-06
-1.46639e-05
-2.07253e-06
-1.46056e-05
-2.76209e-06
-1.45143e-05
-3.44703e-06
-1.43903e-05
-4.1258e-06
-1.42333e-05
-4.79661e-06
-1.40432e-05
-5.45774e-06
-1.38202e-05
-6.1069e-06
-1.35642e-05
-6.74179e-06
-1.32752e-05
-7.3601e-06
-1.29536e-05
-7.95908e-06
-1.25996e-05
-8.53576e-06
-1.22138e-05
-9.08714e-06
-1.17968e-05
-9.61003e-06
-1.13496e-05
-1.0101e-05
-1.08732e-05
-1.05566e-05
-1.03691e-05
-1.09734e-05
-9.83898e-06
-1.13482e-05
-9.28511e-06
-1.1678e-05
-8.70995e-06
-1.196e-05
-8.11634e-06
-1.21921e-05
-7.50744e-06
-1.23725e-05
-6.88672e-06
-1.25005e-05
-6.25791e-06
-1.25757e-05
-5.62487e-06
-1.25988e-05
-4.99151e-06
-1.25711e-05
-4.36166e-06
-1.24947e-05
-3.73907e-06
-1.23723e-05
-3.12722e-06
-1.22072e-05
-2.52933e-06
-1.20032e-05
-1.94822e-06
-1.17643e-05
-1.38626e-06
-1.14948e-05
-8.45417e-07
-1.11954e-05
-3.26117e-07
-1.0879e-05
1.67193e-07
-1.05434e-05
6.35968e-07
-1.01937e-05
1.08112e-06
-9.83367e-06
1.50181e-06
-9.46666e-06
1.89804e-06
-9.0957e-06
2.27013e-06
-8.72347e-06
2.61864e-06
-8.35233e-06
2.94428e-06
-7.98432e-06
3.24789e-06
-7.62115e-06
3.53053e-06
3.79293e-06
-6.31178e-07
-1.37695e-05
-1.27377e-06
-1.40213e-05
-1.9136e-06
-1.39657e-05
-2.5501e-06
-1.38778e-05
-3.1819e-06
-1.37585e-05
-3.80736e-06
-1.36078e-05
-4.42482e-06
-1.34258e-05
-5.03249e-06
-1.32126e-05
-5.62816e-06
-1.29684e-05
-6.20978e-06
-1.26935e-05
-6.77509e-06
-1.23883e-05
-7.32151e-06
-1.20531e-05
-7.84653e-06
-1.16887e-05
-8.3476e-06
-1.12958e-05
-8.8219e-06
-1.08754e-05
-9.26647e-06
-1.04286e-05
-9.6785e-06
-9.95698e-06
-1.00553e-05
-9.46217e-06
-1.03942e-05
-8.94622e-06
-1.06929e-05
-8.41136e-06
-1.09491e-05
-7.86011e-06
-1.11613e-05
-7.29526e-06
-1.13282e-05
-6.71983e-06
-1.14492e-05
-6.13699e-06
-1.15241e-05
-5.55001e-06
-1.15535e-05
-4.96216e-06
-1.15385e-05
-4.3767e-06
-1.14807e-05
-3.79679e-06
-1.13825e-05
-3.22544e-06
-1.12464e-05
-2.66539e-06
-1.10755e-05
-2.11912e-06
-1.0873e-05
-1.58879e-06
-1.06422e-05
-1.07618e-06
-1.03854e-05
-5.82818e-07
-1.01114e-05
-1.06772e-07
-9.81787e-06
3.42459e-07
-9.5107e-06
7.73971e-07
-9.19295e-06
1.18407e-06
-8.86744e-06
1.57254e-06
-8.53682e-06
1.93952e-06
-8.2035e-06
2.28532e-06
-7.86964e-06
2.61042e-06
-7.53716e-06
2.91541e-06
-7.20767e-06
3.20106e-06
3.4679e-06
-5.7762e-07
-1.31919e-05
-1.16816e-06
-1.34308e-05
-1.75615e-06
-1.33776e-05
-2.34103e-06
-1.3293e-05
-2.9211e-06
-1.31784e-05
-3.495e-06
-1.30339e-05
-4.06093e-06
-1.28599e-05
-4.61706e-06
-1.26564e-05
-5.16155e-06
-1.24239e-05
-5.69241e-06
-1.21627e-05
-6.20746e-06
-1.18732e-05
-6.70446e-06
-1.1556e-05
-7.18128e-06
-1.12118e-05
-7.63565e-06
-1.08415e-05
-8.06506e-06
-1.0446e-05
-8.46707e-06
-1.00266e-05
-8.83943e-06
-9.58459e-06
-9.17993e-06
-9.12175e-06
-9.48639e-06
-8.63985e-06
-9.75687e-06
-8.14093e-06
-9.98972e-06
-7.62725e-06
-1.01837e-05
-7.10129e-06
-1.03379e-05
-6.56568e-06
-1.04519e-05
-6.02313e-06
-1.05255e-05
-5.47644e-06
-1.05593e-05
-4.9284e-06
-1.05542e-05
-4.38182e-06
-1.05115e-05
-3.8394e-06
-1.04332e-05
-3.30373e-06
-1.03214e-05
-2.7772e-06
-1.01786e-05
-2.26196e-06
-1.00074e-05
-1.75994e-06
-9.8107e-06
-1.27281e-06
-9.59156e-06
-8.01918e-07
-9.35052e-06
-3.47799e-07
-9.09624e-06
8.81824e-08
-8.82755e-06
5.05281e-07
-8.54796e-06
9.04492e-07
-8.26012e-06
1.28472e-06
-7.9664e-06
1.64583e-06
-7.66897e-06
1.98792e-06
-7.36982e-06
2.31127e-06
-7.0707e-06
2.61627e-06
-6.77311e-06
2.90345e-06
3.17322e-06
-5.25352e-07
-1.26666e-05
-1.06452e-06
-1.28916e-05
-1.60192e-06
-1.28403e-05
-2.13634e-06
-1.27587e-05
-2.66614e-06
-1.26485e-05
-3.18998e-06
-1.25102e-05
-3.70597e-06
-1.23438e-05
-4.21245e-06
-1.21498e-05
-4.70776e-06
-1.19286e-05
-5.18997e-06
-1.16805e-05
-5.65717e-06
-1.14059e-05
-6.10749e-06
-1.11056e-05
-6.53898e-06
-1.07803e-05
-6.94955e-06
-1.04309e-05
-7.33715e-06
-1.00584e-05
-7.69979e-06
-9.6639e-06
-8.03559e-06
-9.24886e-06
-8.34267e-06
-8.81478e-06
-8.61926e-06
-8.36333e-06
-8.8638e-06
-7.89638e-06
-9.07508e-06
-7.41598e-06
-9.25211e-06
-6.92432e-06
-9.3942e-06
-6.42371e-06
-9.50094e-06
-5.91648e-06
-9.57235e-06
-5.40506e-06
-9.60886e-06
-4.89188e-06
-9.6113e-06
-4.37937e-06
-9.58083e-06
-3.86988e-06
-9.51895e-06
-3.36564e-06
-9.4274e-06
-2.86875e-06
-9.30821e-06
-2.38113e-06
-9.16361e-06
-1.9045e-06
-8.996e-06
-1.44039e-06
-8.80785e-06
-9.90066e-07
-8.60099e-06
-5.54681e-07
-8.38017e-06
-1.3267e-07
-8.14521e-06
2.70303e-07
-7.89976e-06
6.59043e-07
-7.64603e-06
1.03102e-06
-7.38606e-06
1.38588e-06
-7.12176e-06
1.72363e-06
-6.85489e-06
2.04438e-06
-6.58705e-06
2.34838e-06
-6.31961e-06
2.63597e-06
2.90744e-06
-4.7542e-07
-1.21912e-05
-9.64484e-07
-1.24025e-05
-1.45236e-06
-1.23525e-05
-1.93747e-06
-1.22735e-05
-2.4183e-06
-1.21677e-05
-2.89326e-06
-1.20352e-05
-3.36076e-06
-1.18763e-05
-3.81925e-06
-1.16914e-05
-4.26707e-06
-1.14807e-05
-4.70252e-06
-1.12449e-05
-5.12402e-06
-1.09843e-05
-5.52991e-06
-1.06997e-05
-5.91836e-06
-1.03919e-05
-6.28758e-06
-1.00617e-05
-6.63592e-06
-9.71002e-06
-6.96173e-06
-9.33815e-06
-7.26337e-06
-8.94734e-06
-7.53925e-06
-8.53898e-06
-7.78795e-06
-8.11463e-06
-8.00831e-06
-7.67602e-06
-8.19934e-06
-7.22501e-06
-8.36025e-06
-6.76354e-06
-8.49046e-06
-6.29361e-06
-8.58969e-06
-5.8173e-06
-8.658e-06
-5.33673e-06
-8.69582e-06
-4.85404e-06
-8.70383e-06
-4.37136e-06
-8.68302e-06
-3.89074e-06
-8.63457e-06
-3.41413e-06
-8.55996e-06
-2.94338e-06
-8.46086e-06
-2.4802e-06
-8.33918e-06
-2.02615e-06
-8.19694e-06
-1.58263e-06
-8.03622e-06
-1.15083e-06
-7.85921e-06
-7.31752e-07
-7.66611e-06
-3.25821e-07
-7.46271e-06
6.68827e-08
-7.24841e-06
4.44747e-07
-7.02582e-06
8.08446e-07
-6.79682e-06
1.1569e-06
-6.56313e-06
1.48992e-06
-6.32631e-06
1.80752e-06
-6.08781e-06
2.10982e-06
-5.84886e-06
2.39698e-06
2.66922e-06
-4.28173e-07
-1.1763e-05
-8.68599e-07
-1.19622e-05
-1.30804e-06
-1.1913e-05
-1.74498e-06
-1.18367e-05
-2.17786e-06
-1.17349e-05
-2.60508e-06
-1.16079e-05
-3.02536e-06
-1.1456e-05
-3.4372e-06
-1.12796e-05
-3.83903e-06
-1.10788e-05
-4.22945e-06
-1.08543e-05
-4.60706e-06
-1.06067e-05
-4.97034e-06
-1.03365e-05
-5.31768e-06
-1.00446e-05
-5.64761e-06
-9.73167e-06
-5.95876e-06
-9.39889e-06
-6.24971e-06
-9.04731e-06
-6.51903e-06
-8.67809e-06
-6.76543e-06
-8.29257e-06
-6.98783e-06
-7.89221e-06
-7.18529e-06
-7.47861e-06
-7.35701e-06
-7.05343e-06
-7.5023e-06
-6.61838e-06
-7.62071e-06
-6.17526e-06
-7.71207e-06
-5.72593e-06
-7.77649e-06
-5.27227e-06
-7.81435e-06
-4.81618e-06
-7.82623e-06
-4.35953e-06
-7.8129e-06
-3.90411e-06
-7.77539e-06
-3.45168e-06
-7.71489e-06
-3.00388e-06
-7.63282e-06
-2.56225e-06
-7.53075e-06
-2.12821e-06
-7.41037e-06
-1.70305e-06
-7.27338e-06
-1.28787e-06
-7.12156e-06
-8.83642e-07
-6.95623e-06
-4.91206e-07
-6.7806e-06
-1.08776e-07
-6.5941e-06
2.58244e-07
-6.39978e-06
6.14139e-07
-6.19922e-06
9.56329e-07
-5.99386e-06
1.28453e-06
-5.78508e-06
1.59868e-06
-5.57414e-06
1.8988e-06
-5.36216e-06
2.18494e-06
2.45725e-06
-3.8321e-07
-1.13799e-05
-7.7634e-07
-1.15691e-05
-1.16852e-06
-1.15208e-05
-1.55824e-06
-1.1447e-05
-1.94409e-06
-1.13491e-05
-2.3247e-06
-1.12273e-05
-2.69885e-06
-1.10819e-05
-3.06519e-06
-1.09132e-05
-3.42242e-06
-1.07215e-05
-3.7693e-06
-1.05074e-05
-4.1045e-06
-1.02715e-05
-4.42669e-06
-1.00143e-05
-4.73457e-06
-9.73662e-06
-5.02693e-06
-9.43932e-06
-5.30254e-06
-9.12335e-06
-5.56016e-06
-8.78973e-06
-5.79863e-06
-8.4396e-06
-6.01694e-06
-8.07421e-06
-6.21424e-06
-7.69494e-06
-6.38975e-06
-7.30323e-06
-6.54276e-06
-6.90057e-06
-6.67272e-06
-6.48851e-06
-6.77932e-06
-6.06868e-06
-6.86245e-06
-5.64276e-06
-6.92225e-06
-5.21245e-06
-6.95902e-06
-4.77943e-06
-6.97325e-06
-4.34535e-06
-6.96559e-06
-3.91182e-06
-6.93688e-06
-3.48042e-06
-6.88813e-06
-3.05262e-06
-6.82052e-06
-2.62984e-06
-6.73537e-06
-2.21336e-06
-6.63408e-06
-1.80436e-06
-6.51813e-06
-1.40387e-06
-6.389e-06
-1.01282e-06
-6.24828e-06
-6.3197e-07
-6.09558e-06
-2.61504e-07
-5.93557e-06
9.82229e-08
-5.76753e-06
4.461e-07
-5.59332e-06
7.82102e-07
-5.41433e-06
1.1055e-06
-5.2318e-06
1.41607e-06
-5.04683e-06
1.71375e-06
-4.86045e-06
1.99849e-06
2.27037e-06
-3.39639e-07
-1.10403e-05
-6.86631e-07
-1.12221e-05
-1.03252e-06
-1.1175e-05
-1.37585e-06
-1.11036e-05
-1.71561e-06
-1.10093e-05
-2.05058e-06
-1.08923e-05
-2.37957e-06
-1.07529e-05
-2.70152e-06
-1.05912e-05
-3.01534e-06
-1.04077e-05
-3.31987e-06
-1.0203e-05
-3.6139e-06
-9.97745e-06
-3.89636e-06
-9.73179e-06
-4.16619e-06
-9.46678e-06
-4.42234e-06
-9.18323e-06
-4.66369e-06
-8.88203e-06
-4.88922e-06
-8.56415e-06
-5.09805e-06
-8.2307e-06
-5.28938e-06
-7.88288e-06
-5.46249e-06
-7.52194e-06
-5.61668e-06
-7.14918e-06
-5.75139e-06
-6.76597e-06
-5.86621e-06
-6.37373e-06
-5.96092e-06
-5.97397e-06
-6.03547e-06
-5.56821e-06
-6.08995e-06
-5.15798e-06
-6.12464e-06
-4.74477e-06
-6.13992e-06
-4.33009e-06
-6.13636e-06
-3.9154e-06
-6.11467e-06
-3.50212e-06
-6.07567e-06
-3.0916e-06
-6.02034e-06
-2.68514e-06
-5.94977e-06
-2.28391e-06
-5.86511e-06
-1.889e-06
-5.76757e-06
-1.50142e-06
-5.65838e-06
-1.12205e-06
-5.53872e-06
-7.51662e-07
-5.40933e-06
-3.90925e-07
-5.27343e-06
-3.76879e-08
-5.12895e-06
3.01607e-07
-4.979e-06
6.32141e-07
-4.8246e-06
9.51051e-07
-4.66675e-06
1.25814e-06
-4.50637e-06
1.5533e-06
-4.34437e-06
1.83642e-06
2.10753e-06
-2.96614e-07
-1.07436e-05
-5.98248e-07
-1.09206e-05
-8.98506e-07
-1.08749e-05
-1.19626e-06
-1.08059e-05
-1.49072e-06
-1.0715e-05
-1.78083e-06
-1.06023e-05
-2.06559e-06
-1.0468e-05
-2.34412e-06
-1.03126e-05
-2.61549e-06
-1.01364e-05
-2.87864e-06
-9.93984e-06
-3.13259e-06
-9.72344e-06
-3.37647e-06
-9.48789e-06
-3.60937e-06
-9.23392e-06
-3.83034e-06
-8.96229e-06
-4.03846e-06
-8.67385e-06
-4.23295e-06
-8.36957e-06
-4.41312e-06
-8.05052e-06
-4.5783e-06
-7.71779e-06
-4.72783e-06
-7.37254e-06
-4.86115e-06
-7.01595e-06
-4.97785e-06
-6.64932e-06
-5.07763e-06
-6.27397e-06
-5.16034e-06
-5.89129e-06
-5.22592e-06
-5.50266e-06
-5.27446e-06
-5.10946e-06
-5.30616e-06
-4.71307e-06
-5.3214e-06
-4.31486e-06
-5.32063e-06
-3.91616e-06
-5.30444e-06
-3.5183e-06
-5.27351e-06
-3.1225e-06
-5.22863e-06
-2.72996e-06
-5.17069e-06
-2.34177e-06
-5.10066e-06
-1.95897e-06
-5.01957e-06
-1.58249e-06
-4.92846e-06
-1.21318e-06
-4.82837e-06
-8.51789e-07
-4.72042e-06
-4.98909e-07
-4.60378e-06
-1.54345e-07
-4.48239e-06
1.8022e-07
-4.35551e-06
5.05246e-07
-4.22435e-06
8.19847e-07
-4.08988e-06
1.12359e-06
-3.95294e-06
1.41628e-06
-3.81429e-06
1.69772e-06
1.96789e-06
-2.53504e-07
-1.04902e-05
-5.10073e-07
-1.0664e-05
-7.65161e-07
-1.06198e-05
-1.01796e-06
-1.05531e-05
-1.26771e-06
-1.04652e-05
-1.51363e-06
-1.03563e-05
-1.75495e-06
-1.02267e-05
-1.99085e-06
-1.00768e-05
-2.2205e-06
-9.90677e-06
-2.4431e-06
-9.71721e-06
-2.65787e-06
-9.50866e-06
-2.86405e-06
-9.28176e-06
-3.06082e-06
-9.03717e-06
-3.24742e-06
-8.77564e-06
-3.42316e-06
-8.49803e-06
-3.58744e-06
-8.20529e-06
-3.73966e-06
-7.89839e-06
-3.87921e-06
-7.57835e-06
-4.00557e-06
-7.24624e-06
-4.11834e-06
-6.9032e-06
-4.21722e-06
-6.55045e-06
-4.302e-06
-6.18923e-06
-4.37253e-06
-5.82082e-06
-4.42875e-06
-5.44647e-06
-4.47074e-06
-5.06747e-06
-4.4987e-06
-4.68508e-06
-4.51295e-06
-4.30059e-06
-4.51387e-06
-3.91524e-06
-4.50192e-06
-3.53024e-06
-4.47764e-06
-3.14674e-06
-4.44166e-06
-2.76585e-06
-4.39474e-06
-2.3886e-06
-4.33767e-06
-2.01597e-06
-4.27128e-06
-1.64886e-06
-4.19642e-06
-1.28808e-06
-4.11389e-06
-9.34365e-07
-4.02451e-06
-5.88331e-07
-3.92856e-06
-2.50301e-07
-3.82795e-06
7.96171e-08
-3.72244e-06
3.99716e-07
-3.61318e-06
7.10537e-07
-3.50096e-06
1.01129e-06
-3.38646e-06
1.3017e-06
-3.27033e-06
1.58154e-06
1.85072e-06
-2.09792e-07
-1.02805e-05
-4.21311e-07
-1.04525e-05
-6.31489e-07
-1.04096e-05
-8.39649e-07
-1.03449e-05
-1.04514e-06
-1.02596e-05
-1.2474e-06
-1.01541e-05
-1.44579e-06
-1.00284e-05
-1.63957e-06
-9.88299e-06
-1.82808e-06
-9.7182e-06
-2.01075e-06
-9.53452e-06
-2.18695e-06
-9.3325e-06
-2.35599e-06
-9.11274e-06
-2.51723e-06
-8.87589e-06
-2.67009e-06
-8.62272e-06
-2.81408e-06
-8.35405e-06
-2.94868e-06
-8.07079e-06
-3.07335e-06
-7.77383e-06
-3.1876e-06
-7.46413e-06
-3.29106e-06
-7.14274e-06
-3.38348e-06
-6.81075e-06
-3.46463e-06
-6.46931e-06
-3.53433e-06
-6.1196e-06
-3.59244e-06
-5.76277e-06
-3.6389e-06
-5.4e-06
-3.67382e-06
-5.0325e-06
-3.69738e-06
-4.66147e-06
-3.70984e-06
-4.28811e-06
-3.71152e-06
-3.91359e-06
-3.70274e-06
-3.53903e-06
-3.68394e-06
-3.16552e-06
-3.65563e-06
-2.79409e-06
-3.61841e-06
-2.42574e-06
-3.57294e-06
-2.06139e-06
-3.51988e-06
-1.70192e-06
-3.45988e-06
-1.34813e-06
-3.39358e-06
-1.00073e-06
-3.32157e-06
-6.60376e-07
-3.24429e-06
-3.2759e-07
-3.16407e-06
-6.00443e-10
-3.07862e-06
3.14254e-07
-2.99023e-06
6.22098e-07
-2.89939e-06
9.2038e-07
-2.8066e-06
1.20884e-06
-2.71234e-06
1.48724e-06
1.75548e-06
-1.65084e-07
-1.01154e-05
-3.31456e-07
-1.02861e-05
-4.96775e-07
-1.02443e-05
-6.60453e-07
-1.01812e-05
-8.21971e-07
-1.00981e-05
-9.80844e-07
-9.99522e-06
-1.13651e-06
-9.87275e-06
-1.28845e-06
-9.731e-06
-1.43619e-06
-9.5704e-06
-1.57929e-06
-9.39143e-06
-1.71722e-06
-9.1946e-06
-1.84945e-06
-8.9805e-06
-1.97551e-06
-8.74978e-06
-2.09502e-06
-8.50322e-06
-2.20757e-06
-8.2416e-06
-2.3127e-06
-7.96576e-06
-2.40998e-06
-7.67656e-06
-2.49907e-06
-7.37495e-06
-2.57976e-06
-7.06194e-06
-2.65188e-06
-6.7386e-06
-2.71525e-06
-6.40601e-06
-2.76968e-06
-6.06524e-06
-2.81506e-06
-5.7174e-06
-2.85137e-06
-5.36362e-06
-2.87873e-06
-5.00506e-06
-2.89732e-06
-4.64286e-06
-2.90733e-06
-4.27815e-06
-2.90897e-06
-3.91203e-06
-2.90248e-06
-3.54556e-06
-2.88821e-06
-3.17978e-06
-2.86655e-06
-2.81569e-06
-2.83799e-06
-2.45423e-06
-2.80306e-06
-2.09632e-06
-2.76225e-06
-1.74277e-06
-2.71608e-06
-1.39437e-06
-2.66505e-06
-1.05183e-06
-2.60968e-06
-7.15774e-07
-2.55051e-06
-3.86759e-07
-2.48767e-06
-6.34326e-08
-2.42222e-06
2.48785e-07
-2.35427e-06
5.54107e-07
-2.28433e-06
8.50378e-07
-2.21278e-06
1.13723e-06
-2.14e-06
1.41443e-06
1.68183e-06
-1.18312e-07
-9.997e-06
-2.39847e-07
-1.01646e-05
-3.6053e-07
-1.01236e-05
-4.79932e-07
-1.00618e-05
-5.97606e-07
-9.98046e-06
-7.1314e-07
-9.87968e-06
-8.26171e-07
-9.75966e-06
-9.3639e-07
-9.62073e-06
-1.04349e-06
-9.46331e-06
-1.14709e-06
-9.28784e-06
-1.24683e-06
-9.09486e-06
-1.34235e-06
-8.88494e-06
-1.43337e-06
-8.65878e-06
-1.5196e-06
-8.41708e-06
-1.6007e-06
-8.1606e-06
-1.67632e-06
-7.89016e-06
-1.74617e-06
-7.60661e-06
-1.81009e-06
-7.3109e-06
-1.86795e-06
-7.00402e-06
-1.91961e-06
-6.68697e-06
-1.96492e-06
-6.36076e-06
-2.00373e-06
-6.02644e-06
-2.03598e-06
-5.68509e-06
-2.06171e-06
-5.33781e-06
-2.08103e-06
-4.9857e-06
-2.09407e-06
-4.62986e-06
-2.10095e-06
-4.27137e-06
-2.10182e-06
-3.91127e-06
-2.09686e-06
-3.55059e-06
-2.0863e-06
-3.19034e-06
-2.07047e-06
-2.83148e-06
-2.04974e-06
-2.47495e-06
-2.02448e-06
-2.1216e-06
-1.99507e-06
-1.77225e-06
-1.96187e-06
-1.42764e-06
-1.92529e-06
-1.08847e-06
-1.88573e-06
-7.55352e-07
-1.84363e-06
-4.28849e-07
-1.79829e-06
-1.08762e-07
-1.75204e-06
2.02521e-07
-1.70413e-06
5.06165e-07
-1.65482e-06
8.01023e-07
-1.60432e-06
1.08669e-06
-1.55286e-06
1.36294e-06
1.62964e-06
-6.68566e-08
-9.93013e-06
-1.4432e-07
-1.00871e-05
-2.20709e-07
-1.00472e-05
-2.95591e-07
-9.98694e-06
-3.68869e-07
-9.90717e-06
-4.40466e-07
-9.80802e-06
-5.10315e-07
-9.68975e-06
-5.78309e-07
-9.55273e-06
-6.44263e-07
-9.39738e-06
-7.07945e-07
-9.22417e-06
-7.69144e-07
-9.03364e-06
-8.2769e-07
-8.8264e-06
-8.83415e-07
-8.60311e-06
-9.36106e-07
-8.36446e-06
-9.8553e-07
-8.1112e-06
-1.03148e-06
-7.84414e-06
-1.07384e-06
-7.56415e-06
-1.11251e-06
-7.27215e-06
-1.14743e-06
-6.9691e-06
-1.17849e-06
-6.65595e-06
-1.20558e-06
-6.3337e-06
-1.22862e-06
-6.00338e-06
-1.24759e-06
-5.66605e-06
-1.26257e-06
-5.32279e-06
-1.27362e-06
-4.97466e-06
-1.28082e-06
-4.62274e-06
-1.28424e-06
-4.26805e-06
-1.28397e-06
-3.91162e-06
-1.28012e-06
-3.55447e-06
-1.27288e-06
-3.19757e-06
-1.26245e-06
-2.84189e-06
-1.24908e-06
-2.48833e-06
-1.233e-06
-2.13772e-06
-1.21446e-06
-1.79085e-06
-1.1937e-06
-1.44845e-06
-1.17101e-06
-1.11118e-06
-1.1467e-06
-7.79657e-07
-1.12111e-06
-4.54428e-07
-1.09376e-06
-1.36106e-07
-1.0661e-06
1.74855e-07
-1.03829e-06
4.78334e-07
-1.00973e-06
7.72426e-07
-9.80379e-07
1.05732e-06
-9.50349e-07
1.3329e-06
1.59905e-06
-1.20867e-08
-4.44009e-08
-7.31472e-08
-9.98792e-08
-1.2539e-07
-1.5002e-07
-1.73912e-07
-1.97099e-07
-2.19547e-07
-2.41194e-07
-2.6199e-07
-2.81883e-07
-3.00808e-07
-3.18685e-07
-3.35435e-07
-3.51e-07
-3.65347e-07
-3.78451e-07
-3.90273e-07
-4.00764e-07
-4.09883e-07
-4.17609e-07
-4.23948e-07
-4.28922e-07
-4.32552e-07
-4.34855e-07
-4.35847e-07
-4.35556e-07
-4.34027e-07
-4.31329e-07
-4.2754e-07
-4.22746e-07
-4.17032e-07
-4.10488e-07
-4.03221e-07
-3.95376e-07
-3.87163e-07
-3.78919e-07
-3.70614e-07
-3.62548e-07
-3.54209e-07
-3.45376e-07
-3.36151e-07
-3.26619e-07
)
;

boundaryField
{
    leftWall
    {
        type            calculated;
        value           uniform 0;
    }
    rightWall
    {
        type            calculated;
        value           nonuniform 0();
    }
    lowerWall
    {
        type            calculated;
        value           nonuniform 0();
    }
    atmosphere
    {
        type            calculated;
        value           nonuniform List<scalar> 
45
(
-9.91804e-06
-1.00548e-05
-1.00185e-05
-9.96019e-06
-9.88164e-06
-9.78336e-06
-9.66585e-06
-9.52956e-06
-9.37494e-06
-9.20251e-06
-9.01285e-06
-8.80654e-06
-8.58423e-06
-8.3466e-06
-8.09441e-06
-7.82851e-06
-7.54975e-06
-7.25904e-06
-6.9573e-06
-6.64547e-06
-6.32457e-06
-5.99561e-06
-5.65967e-06
-5.31781e-06
-4.97108e-06
-4.62051e-06
-4.26712e-06
-3.91195e-06
-3.556e-06
-3.20027e-06
-2.84569e-06
-2.49314e-06
-2.14347e-06
-1.79743e-06
-1.45574e-06
-1.11903e-06
-7.87861e-07
-4.62662e-07
-1.44409e-07
1.66781e-07
4.69979e-07
7.63577e-07
1.04809e-06
1.32336e-06
1.58928e-06
)
;
    }
    defaultFaces
    {
        type            empty;
        value           nonuniform 0();
    }
    procBoundary2to0
    {
        type            processor;
        value           nonuniform List<scalar> 
46
(
4.38681e-05
4.44018e-05
4.50244e-05
4.77411e-05
-2.42013e-05
-2.90117e-05
-2.82709e-05
-2.83377e-05
-2.84776e-05
-2.8408e-05
-2.81388e-05
-2.77043e-05
-2.71389e-05
-2.64799e-05
-2.57572e-05
-2.49941e-05
-2.42095e-05
-2.34195e-05
-2.26344e-05
-2.18611e-05
-2.11049e-05
-2.03696e-05
-1.96569e-05
-1.89615e-05
-1.82912e-05
3.80888e-05
3.83406e-05
3.83091e-05
3.83974e-05
3.85131e-05
3.86583e-05
3.88317e-05
3.90328e-05
3.92606e-05
3.95145e-05
3.97938e-05
4.00977e-05
4.04253e-05
4.07759e-05
4.11491e-05
4.15448e-05
4.19634e-05
4.24051e-05
4.28717e-05
-2.67078e-06
4.33648e-05
)
;
    }
    procBoundary2to3
    {
        type            processor;
        value           nonuniform List<scalar> 
43
(
1.13267e-06
4.54132e-07
-2.91052e-07
-1.01081e-06
-1.74485e-06
-2.49185e-06
-3.23983e-06
-3.98039e-06
-4.70442e-06
-5.40149e-06
-6.06087e-06
-6.67232e-06
-7.22664e-06
-7.71608e-06
-8.135e-06
-8.4799e-06
-8.74934e-06
-8.94389e-06
-9.06579e-06
-9.11853e-06
-9.10634e-06
-9.03403e-06
-8.90676e-06
-8.72975e-06
-8.5081e-06
-8.24663e-06
-7.94972e-06
-7.6212e-06
-7.26449e-06
-6.88267e-06
-6.4784e-06
-6.05381e-06
-5.6106e-06
-5.15016e-06
-4.67358e-06
-4.1816e-06
-3.67469e-06
-3.15315e-06
-2.61707e-06
-2.06635e-06
-1.50073e-06
-9.19834e-07
-3.16876e-07
)
;
    }
}


// ************************************************************************* //
