/*--------------------------------*- C++ -*----------------------------------*\
| =========                 |                                                 |
| \\      /  F ield         | OpenFOAM: The Open Source CFD Toolbox           |
|  \\    /   O peration     | Version:  3.0.1                                 |
|   \\  /    A nd           | Web:      www.OpenFOAM.org                      |
|    \\/     M anipulation  |                                                 |
\*---------------------------------------------------------------------------*/
FoamFile
{
    version     2.0;
    format      ascii;
    class       volVectorField;
    location    "0.05";
    object      U;
}
// * * * * * * * * * * * * * * * * * * * * * * * * * * * * * * * * * * * * * //

dimensions      [0 1 -1 0 0 0 0];

internalField   nonuniform List<vector> 
1915
(
(0.0269564 -0.473675 0)
(0.0306297 -0.479419 0)
(0.0204289 -0.486075 0)
(0.0292148 -0.514911 0)
(0.0394006 0.256473 0)
(0.0363258 0.312068 0)
(0.0414605 0.305461 0)
(0.0387637 0.307772 0)
(0.0347036 0.309958 0)
(0.0293163 0.309411 0)
(0.0236071 0.306364 0)
(0.018154 0.301326 0)
(0.0134642 0.294788 0)
(0.00984227 0.287214 0)
(0.00729333 0.278953 0)
(0.00567668 0.270311 0)
(0.00481004 0.261509 0)
(0.00453577 0.252715 0)
(0.00473658 0.244017 0)
(0.00532725 0.235492 0)
(0.00622592 0.227192 0)
(0.00734542 0.219152 0)
(0.00857306 0.211394 0)
(0.0100802 0.203929 0)
(0.0108152 0.196522 0)
(0.000940045 -0.41215 0)
(0.00266374 -0.414664 0)
(0.00426453 -0.414343 0)
(0.00592383 -0.415291 0)
(0.00757023 -0.416515 0)
(0.00915245 -0.418057 0)
(0.0107032 -0.419894 0)
(0.0121996 -0.422024 0)
(0.0136301 -0.424442 0)
(0.0149853 -0.427136 0)
(0.0162551 -0.430095 0)
(0.0174279 -0.433309 0)
(0.0184902 -0.43677 0)
(0.019425 -0.440472 0)
(0.0202129 -0.444411 0)
(0.0208408 -0.448584 0)
(0.0213077 -0.45299 0)
(0.0216152 -0.457645 0)
(0.0217069 -0.462588 0)
(0.0218533 -0.46786 0)
(0.0210034 -0.473409 0)
(0.0240101 -0.479386 0)
(0.0158239 -0.486036 0)
(0.0214168 -0.517337 0)
(0.0401543 0.243998 0)
(0.045584 0.307549 0)
(0.0486069 0.305649 0)
(0.0441098 0.312731 0)
(0.0360856 0.317369 0)
(0.0270399 0.317313 0)
(0.0185338 0.313691 0)
(0.0112018 0.307455 0)
(0.00539941 0.299495 0)
(0.00106191 0.290668 0)
(-0.001977 0.281311 0)
(-0.00385919 0.271716 0)
(-0.00477692 0.262112 0)
(-0.00494694 0.252665 0)
(-0.0045514 0.243471 0)
(-0.00370946 0.234588 0)
(-0.00253995 0.226035 0)
(-0.00114252 0.217817 0)
(0.000397901 0.209941 0)
(0.00191241 0.202444 0)
(0.00402602 0.194882 0)
(0.000801442 -0.412366 0)
(0.00231969 -0.414704 0)
(0.00355782 -0.414417 0)
(0.00480347 -0.415356 0)
(0.00615227 -0.416568 0)
(0.00742167 -0.418065 0)
(0.00867477 -0.419853 0)
(0.00988302 -0.421922 0)
(0.0110355 -0.424264 0)
(0.0121243 -0.426869 0)
(0.0131398 -0.429726 0)
(0.0140704 -0.432826 0)
(0.0149019 -0.436158 0)
(0.0156153 -0.439713 0)
(0.016188 -0.443485 0)
(0.0166011 -0.447472 0)
(0.0168395 -0.451682 0)
(0.0168814 -0.456144 0)
(0.0166452 -0.460917 0)
(0.0164405 -0.466066 0)
(0.0150723 -0.471541 0)
(0.0169727 -0.478113 0)
(0.0100106 -0.483984 0)
(0.00930357 -0.530177 0)
(0.0433503 0.223297 0)
(0.0612936 0.298863 0)
(0.0615656 0.308692 0)
(0.0531352 0.321599 0)
(0.0394189 0.328483 0)
(0.0253419 0.328467 0)
(0.0131357 0.323532 0)
(0.00309119 0.315463 0)
(-0.00434961 0.305684 0)
(-0.00943237 0.295011 0)
(-0.0127632 0.284046 0)
(-0.0146218 0.273152 0)
(-0.0153285 0.262546 0)
(-0.0151694 0.252333 0)
(-0.0143721 0.24258 0)
(-0.0131052 0.233299 0)
(-0.01151 0.22448 0)
(-0.00969248 0.21611 0)
(-0.00773488 0.208174 0)
(-0.00591768 0.200666 0)
(-0.00375585 0.193502 0)
(0.000484597 -0.414804 0)
(0.00191203 -0.416744 0)
(0.0029695 -0.416733 0)
(0.00386103 -0.417641 0)
(0.00499127 -0.418868 0)
(0.00603526 -0.420365 0)
(0.00705753 -0.422148 0)
(0.00804831 -0.42421 0)
(0.00899981 -0.42654 0)
(0.00990465 -0.429129 0)
(0.0107539 -0.431965 0)
(0.0115368 -0.435035 0)
(0.012239 -0.438327 0)
(0.012839 -0.441827 0)
(0.01331 -0.445526 0)
(0.013623 -0.449417 0)
(0.0137369 -0.453505 0)
(0.0135861 -0.457822 0)
(0.013032 -0.462422 0)
(0.0123627 -0.467354 0)
(0.00978749 -0.472407 0)
(0.00933687 -0.478481 0)
(0.000531473 -0.478307 0)
(-0.00709705 -0.551412 0)
(-0.00268536 0.163274 0)
(0.0896277 0.282741 0)
(0.0888189 0.320252 0)
(0.0675483 0.341124 0)
(0.0431997 0.348367 0)
(0.0215964 0.345899 0)
(0.004529 0.337098 0)
(-0.00793398 0.325488 0)
(-0.0164522 0.31271 0)
(-0.0220287 0.299547 0)
(-0.0252842 0.286632 0)
(-0.0267708 0.274249 0)
(-0.0269591 0.262528 0)
(-0.0262208 0.251499 0)
(-0.0248304 0.241153 0)
(-0.0229893 0.231449 0)
(-0.0208488 0.222342 0)
(-0.0185205 0.213783 0)
(-0.0160863 0.205725 0)
(-0.0137581 0.198135 0)
(-0.011279 0.191082 0)
(0.000272241 -0.425563 0)
(0.00168056 -0.426493 0)
(0.00249848 -0.426809 0)
(0.00332824 -0.427666 0)
(0.00428815 -0.428875 0)
(0.00520726 -0.430363 0)
(0.0061106 -0.43213 0)
(0.00699794 -0.434169 0)
(0.00786393 -0.436468 0)
(0.0087029 -0.439018 0)
(0.00950892 -0.441806 0)
(0.0102737 -0.444812 0)
(0.0109831 -0.448017 0)
(0.0116114 -0.451393 0)
(0.0121229 -0.454923 0)
(0.0124695 -0.458578 0)
(0.0125746 -0.462338 0)
(0.0123201 -0.466181 0)
(0.0114686 -0.470127 0)
(0.010147 -0.474205 0)
(0.00608309 -0.477685 0)
(0.00494076 -0.480155 0)
(-0.00705838 -0.470936 0)
(0.0173139 -0.514473 0)
(-0.0414153 0.055324 0)
(0.163181 0.267792 0)
(0.142774 0.353606 0)
(0.0871191 0.377961 0)
(0.0443066 0.37968 0)
(0.0129734 0.369983 0)
(-0.00903 0.354541 0)
(-0.0232248 0.337501 0)
(-0.0322799 0.32033 0)
(-0.0374868 0.303947 0)
(-0.0399664 0.288693 0)
(-0.0405338 0.274636 0)
(-0.0397846 0.261729 0)
(-0.0381477 0.249876 0)
(-0.035922 0.238971 0)
(-0.0333172 0.228907 0)
(-0.0304858 0.219587 0)
(-0.0275384 0.210926 0)
(-0.0245507 0.202844 0)
(-0.0216592 0.195279 0)
(-0.018761 0.188268 0)
(0.000278064 -0.415012 0)
(0.00132744 -0.415164 0)
(0.00169891 -0.415409 0)
(0.00244493 -0.416214 0)
(0.00311397 -0.417271 0)
(0.00377235 -0.418577 0)
(0.00441683 -0.420125 0)
(0.00504652 -0.421909 0)
(0.00565919 -0.423919 0)
(0.00624663 -0.426145 0)
(0.00680523 -0.42857 0)
(0.00732927 -0.431177 0)
(0.00780885 -0.433939 0)
(0.00822576 -0.436815 0)
(0.00852905 -0.439767 0)
(0.00866578 -0.442729 0)
(0.00855079 -0.445611 0)
(0.00804299 -0.448268 0)
(0.00680829 -0.450667 0)
(0.00483911 -0.452768 0)
(0.000608592 -0.453947 0)
(0.00656643 -0.453052 0)
(0.0128434 -0.462997 0)
(0.123978 -0.446361 0)
(0.167884 -0.188595 0)
(0.285708 0.2805 0)
(0.238692 0.439288 0)
(0.103976 0.447653 0)
(0.0344457 0.427767 0)
(-0.00601777 0.401607 0)
(-0.0307939 0.374923 0)
(-0.0450729 0.349846 0)
(-0.0528741 0.327245 0)
(-0.0563606 0.307192 0)
(-0.0570876 0.28945 0)
(-0.0560262 0.273719 0)
(-0.0538251 0.2597 0)
(-0.050915 0.247127 0)
(-0.0475802 0.235778 0)
(-0.0440117 0.225464 0)
(-0.0403435 0.216032 0)
(-0.0366705 0.207356 0)
(-0.0330538 0.19933 0)
(-0.0295735 0.191867 0)
(-0.0262115 0.184951 0)
(0.000640145 -0.37491 0)
(-0.00178181 -0.376014 0)
(-0.00218921 -0.37663 0)
(-0.00315488 -0.377464 0)
(-0.00412097 -0.378571 0)
(-0.00517565 -0.379933 0)
(-0.0063271 -0.381553 0)
(-0.00759473 -0.383421 0)
(-0.008954 -0.385496 0)
(-0.0104436 -0.387796 0)
(-0.0120855 -0.390306 0)
(-0.0138997 -0.39301 0)
(-0.0158749 -0.395868 0)
(-0.0178755 -0.398776 0)
(-0.0200045 -0.401748 0)
(-0.0222557 -0.404725 0)
(-0.0245531 -0.407597 0)
(-0.0267389 -0.410192 0)
(-0.0285855 -0.412473 0)
(-0.0288851 -0.414683 0)
(-0.0255853 -0.422741 0)
(0.00321745 -0.442157 0)
(0.0810801 -0.536438 0)
(0.176871 -0.492514 0)
(0.375279 -0.401494 0)
(0.377013 0.276467 0)
(0.267511 0.620013 0)
(0.0804687 0.563185 0)
(-0.00531164 0.489498 0)
(-0.0445401 0.436441 0)
(-0.0655125 0.394173 0)
(-0.0753841 0.359721 0)
(-0.0789595 0.331407 0)
(-0.0788599 0.307803 0)
(-0.0766142 0.287851 0)
(-0.0731117 0.270756 0)
(-0.0689092 0.255919 0)
(-0.06435 0.242884 0)
(-0.059647 0.231308 0)
(-0.0549357 0.220924 0)
(-0.0503062 0.211527 0)
(-0.0458197 0.202956 0)
(-0.0415108 0.195084 0)
(-0.0374148 0.187807 0)
(-0.0335414 0.181071 0)
(0.00206482 -0.431697 0)
(-0.0146543 -0.429464 0)
(-0.0189003 -0.432189 0)
(-0.0273372 -0.432674 0)
(-0.0355011 -0.43429 0)
(-0.044022 -0.436227 0)
(-0.0531382 -0.438533 0)
(-0.0629538 -0.441219 0)
(-0.0732052 -0.444034 0)
(-0.0841512 -0.447158 0)
(-0.0959484 -0.450593 0)
(-0.108749 -0.454361 0)
(-0.12249 -0.45846 0)
(-0.135649 -0.462275 0)
(-0.148859 -0.466196 0)
(-0.161982 -0.470435 0)
(-0.174131 -0.475229 0)
(-0.183393 -0.480978 0)
(-0.185867 -0.488443 0)
(-0.174851 -0.502095 0)
(-0.128902 -0.550797 0)
(-0.0409334 -0.661105 0)
(0.206845 -0.757725 0)
(0.0768058 -0.896836 0)
(0.198298 -0.34346 0)
(0.0817105 0.128079 0)
(0.0630338 0.730813 0)
(-0.0552712 0.682077 0)
(-0.0909916 0.547338 0)
(-0.110332 0.462855 0)
(-0.115246 0.405334 0)
(-0.114296 0.362816 0)
(-0.110181 0.330079 0)
(-0.104468 0.30403 0)
(-0.0980215 0.282759 0)
(-0.0913208 0.264999 0)
(-0.0846393 0.249884 0)
(-0.078125 0.236805 0)
(-0.071856 0.225326 0)
(-0.0658731 0.215125 0)
(-0.0601985 0.205961 0)
(-0.0548429 0.197653 0)
(-0.0498043 0.19006 0)
(-0.0450786 0.183069 0)
(-0.0406685 0.176607 0)
(-0.0017699 -0.450973 0)
(-0.0233399 -0.445815 0)
(-0.0309277 -0.451122 0)
(-0.0440275 -0.448896 0)
(-0.0566456 -0.448753 0)
(-0.0693289 -0.448365 0)
(-0.0823878 -0.447819 0)
(-0.0957517 -0.447379 0)
(-0.109486 -0.447466 0)
(-0.123589 -0.447276 0)
(-0.137928 -0.446987 0)
(-0.152371 -0.446762 0)
(-0.166997 -0.447766 0)
(-0.181964 -0.450342 0)
(-0.196759 -0.452827 0)
(-0.210553 -0.456329 0)
(-0.222264 -0.462314 0)
(-0.23029 -0.47315 0)
(-0.232387 -0.493629 0)
(-0.222985 -0.53521 0)
(-0.197411 -0.624915 0)
(-0.17346 -0.780459 0)
(-0.0629827 -0.759281 0)
(-0.227719 -0.733689 0)
(-0.233236 -0.109747 0)
(-0.256693 0.319827 0)
(-0.38989 0.802802 0)
(-0.285553 0.712664 0)
(-0.226753 0.556549 0)
(-0.198922 0.462019 0)
(-0.176151 0.399078 0)
(-0.15901 0.35407 0)
(-0.144415 0.320407 0)
(-0.131603 0.294218 0)
(-0.120146 0.273185 0)
(-0.109793 0.25584 0)
(-0.100374 0.241212 0)
(-0.0917558 0.228644 0)
(-0.0838374 0.217671 0)
(-0.0765384 0.20796 0)
(-0.0697969 0.199265 0)
(-0.0635633 0.191401 0)
(-0.0577931 0.184229 0)
(-0.0524459 0.177638 0)
(-0.0475017 0.171545 0)
(-0.00834937 -0.365521 0)
(-0.0190147 -0.369512 0)
(-0.0306425 -0.369372 0)
(-0.0424502 -0.369701 0)
(-0.0544161 -0.36981 0)
(-0.0667025 -0.370169 0)
(-0.0792507 -0.370701 0)
(-0.0920644 -0.371381 0)
(-0.105181 -0.372212 0)
(-0.118643 -0.373165 0)
(-0.132456 -0.37432 0)
(-0.146629 -0.375829 0)
(-0.16124 -0.377946 0)
(-0.176384 -0.380834 0)
(-0.192074 -0.384728 0)
(-0.2084 -0.390405 0)
(-0.225325 -0.399028 0)
(-0.243562 -0.412619 0)
(-0.266374 -0.435343 0)
(-0.296016 -0.476631 0)
(-0.338827 -0.551152 0)
(-0.43111 -0.654359 0)
(-0.614356 -0.680145 0)
(-0.804716 -0.494271 0)
(-0.805607 -0.0613881 0)
(-0.693591 0.449388 0)
(-0.702197 0.670832 0)
(-0.468807 0.592559 0)
(-0.356506 0.488066 0)
(-0.284297 0.419317 0)
(-0.235885 0.368227 0)
(-0.202566 0.330026 0)
(-0.177464 0.300685 0)
(-0.157606 0.277493 0)
(-0.141236 0.258671 0)
(-0.127336 0.243032 0)
(-0.115276 0.229772 0)
(-0.104642 0.21833 0)
(-0.0951501 0.208308 0)
(-0.0866003 0.199415 0)
(-0.0788477 0.191434 0)
(-0.0717834 0.184204 0)
(-0.0653216 0.177599 0)
(-0.0593896 0.17152 0)
(-0.0539404 0.165893 0)
(-0.00650118 -0.375445 0)
(-0.0188554 -0.381946 0)
(-0.0307252 -0.381824 0)
(-0.0430901 -0.381696 0)
(-0.0552498 -0.381794 0)
(-0.06777 -0.382016 0)
(-0.0805383 -0.382338 0)
(-0.0935853 -0.38275 0)
(-0.10697 -0.383259 0)
(-0.120766 -0.383895 0)
(-0.135041 -0.384722 0)
(-0.149859 -0.385843 0)
(-0.165325 -0.387396 0)
(-0.181594 -0.389525 0)
(-0.198917 -0.392469 0)
(-0.217653 -0.396666 0)
(-0.238168 -0.402638 0)
(-0.26172 -0.411144 0)
(-0.291475 -0.422894 0)
(-0.329987 -0.439002 0)
(-0.38354 -0.464983 0)
(-0.480241 -0.510901 0)
(-0.653327 -0.548076 0)
(-0.849399 -0.448487 0)
(-0.925079 -0.127925 0)
(-0.848777 0.234317 0)
(-0.711808 0.401549 0)
(-0.525203 0.393804 0)
(-0.416155 0.371106 0)
(-0.334812 0.344048 0)
(-0.277432 0.316678 0)
(-0.235695 0.292583 0)
(-0.204098 0.271986 0)
(-0.179359 0.254526 0)
(-0.15933 0.23966 0)
(-0.142658 0.226884 0)
(-0.128465 0.215783 0)
(-0.116161 0.206026 0)
(-0.105341 0.197359 0)
(-0.0957212 0.189583 0)
(-0.0870937 0.182544 0)
(-0.0793039 0.17612 0)
(-0.0722331 0.170218 0)
(-0.065783 0.164759 0)
(-0.0598829 0.159683 0)
(-0.00609692 -0.354901 0)
(-0.0184862 -0.360848 0)
(-0.0306154 -0.360921 0)
(-0.0427514 -0.360497 0)
(-0.0551647 -0.36029 0)
(-0.0677552 -0.360119 0)
(-0.080569 -0.359942 0)
(-0.0936674 -0.359757 0)
(-0.107138 -0.359575 0)
(-0.121072 -0.359416 0)
(-0.135567 -0.359324 0)
(-0.150716 -0.359353 0)
(-0.16666 -0.359576 0)
(-0.183628 -0.360082 0)
(-0.201982 -0.361012 0)
(-0.222179 -0.362555 0)
(-0.24483 -0.364896 0)
(-0.271318 -0.368369 0)
(-0.303695 -0.37293 0)
(-0.342473 -0.376796 0)
(-0.390991 -0.377201 0)
(-0.465559 -0.369236 0)
(-0.581024 -0.338006 0)
(-0.703221 -0.254405 0)
(-0.757501 -0.100992 0)
(-0.711117 0.0732788 0)
(-0.599129 0.195342 0)
(-0.49349 0.240654 0)
(-0.41303 0.262412 0)
(-0.346829 0.265228 0)
(-0.294913 0.259055 0)
(-0.253868 0.249254 0)
(-0.221164 0.23836 0)
(-0.194732 0.227617 0)
(-0.172981 0.217533 0)
(-0.154756 0.208266 0)
(-0.139225 0.199817 0)
(-0.125791 0.192123 0)
(-0.114023 0.185101 0)
(-0.103607 0.178667 0)
(-0.0943066 0.172745 0)
(-0.0859449 0.167267 0)
(-0.0783843 0.162178 0)
(-0.0715102 0.157426 0)
(-0.0652353 0.152972 0)
(-0.00574417 -0.342143 0)
(-0.0180977 -0.348431 0)
(-0.030369 -0.348035 0)
(-0.0424435 -0.347749 0)
(-0.0548945 -0.347425 0)
(-0.0674521 -0.347049 0)
(-0.0802253 -0.346601 0)
(-0.0932981 -0.346075 0)
(-0.106763 -0.34548 0)
(-0.120721 -0.344818 0)
(-0.135272 -0.344102 0)
(-0.150524 -0.343338 0)
(-0.166629 -0.342533 0)
(-0.183837 -0.341689 0)
(-0.202507 -0.340809 0)
(-0.223051 -0.339844 0)
(-0.246025 -0.338659 0)
(-0.272524 -0.336984 0)
(-0.303739 -0.334126 0)
(-0.340474 -0.328527 0)
(-0.384622 -0.319136 0)
(-0.439745 -0.302101 0)
(-0.504582 -0.262872 0)
(-0.562949 -0.182431 0)
(-0.588771 -0.0691091 0)
(-0.567263 0.0375868 0)
(-0.509963 0.111991 0)
(-0.44724 0.159192 0)
(-0.389988 0.187923 0)
(-0.339376 0.202267 0)
(-0.296232 0.207643 0)
(-0.259825 0.20756 0)
(-0.22926 0.204378 0)
(-0.203552 0.199589 0)
(-0.181794 0.194075 0)
(-0.163214 0.188341 0)
(-0.147186 0.182659 0)
(-0.133221 0.177166 0)
(-0.120939 0.171923 0)
(-0.110047 0.166951 0)
(-0.100316 0.16225 0)
(-0.0915665 0.157806 0)
(-0.08366 0.153604 0)
(-0.076476 0.149621 0)
(-0.0699186 0.145842 0)
(-0.005838 -0.327531 0)
(-0.0177843 -0.333801 0)
(-0.0297772 -0.333278 0)
(-0.0420029 -0.332946 0)
(-0.0542852 -0.332429 0)
(-0.0667134 -0.331769 0)
(-0.079365 -0.330974 0)
(-0.0923214 -0.330033 0)
(-0.105667 -0.328934 0)
(-0.119497 -0.327666 0)
(-0.133906 -0.326207 0)
(-0.148997 -0.324532 0)
(-0.164911 -0.322588 0)
(-0.181873 -0.320309 0)
(-0.200185 -0.317594 0)
(-0.220147 -0.314259 0)
(-0.242129 -0.310004 0)
(-0.266839 -0.304307 0)
(-0.294703 -0.296241 0)
(-0.325838 -0.284419 0)
(-0.361258 -0.267083 0)
(-0.401765 -0.241298 0)
(-0.443475 -0.201578 0)
(-0.475434 -0.143098 0)
(-0.48635 -0.0696555 0)
(-0.473419 0.00464696 0)
(-0.442797 0.0644313 0)
(-0.403796 0.106679 0)
(-0.363093 0.135529 0)
(-0.324309 0.153977 0)
(-0.289119 0.164927 0)
(-0.257939 0.170604 0)
(-0.230651 0.172711 0)
(-0.206891 0.172485 0)
(-0.186209 0.170786 0)
(-0.168158 0.168196 0)
(-0.15233 0.165094 0)
(-0.138371 0.161727 0)
(-0.125988 0.158249 0)
(-0.114938 0.154755 0)
(-0.105023 0.151303 0)
(-0.0960803 0.147926 0)
(-0.0879826 0.144644 0)
(-0.0806128 0.141464 0)
(-0.0738742 0.138388 0)
(-0.00581328 -0.314 0)
(-0.0175002 -0.319668 0)
(-0.0292942 -0.319406 0)
(-0.041354 -0.318888 0)
(-0.0533893 -0.31816 0)
(-0.0656079 -0.317229 0)
(-0.078058 -0.316096 0)
(-0.0908006 -0.314748 0)
(-0.103909 -0.313153 0)
(-0.117468 -0.311282 0)
(-0.131563 -0.309093 0)
(-0.146277 -0.306533 0)
(-0.161724 -0.303523 0)
(-0.178086 -0.299952 0)
(-0.195586 -0.29566 0)
(-0.214407 -0.290404 0)
(-0.234721 -0.283832 0)
(-0.25687 -0.275423 0)
(-0.280992 -0.264325 0)
(-0.306921 -0.249629 0)
(-0.334611 -0.230116 0)
(-0.363321 -0.203678 0)
(-0.390028 -0.167523 0)
(-0.409176 -0.120933 0)
(-0.415505 -0.0679831 0)
(-0.407836 -0.0155903 0)
(-0.388942 0.0304464 0)
(-0.363175 0.0674417 0)
(-0.334327 0.0954107 0)
(-0.305026 0.115554 0)
(-0.276936 0.129469 0)
(-0.250896 0.138628 0)
(-0.227233 0.144266 0)
(-0.205966 0.147351 0)
(-0.186959 0.148624 0)
(-0.170005 0.148631 0)
(-0.154873 0.147768 0)
(-0.14134 0.146318 0)
(-0.129201 0.14448 0)
(-0.118274 0.142392 0)
(-0.108403 0.140151 0)
(-0.0994528 0.137825 0)
(-0.091315 0.135458 0)
(-0.0838835 0.133081 0)
(-0.0770671 0.130717 0)
(-0.00552033 -0.300535 0)
(-0.0170973 -0.305914 0)
(-0.0287913 -0.305648 0)
(-0.040434 -0.304955 0)
(-0.0522065 -0.304035 0)
(-0.0641566 -0.302879 0)
(-0.0763228 -0.301464 0)
(-0.0887485 -0.29976 0)
(-0.101497 -0.297729 0)
(-0.114641 -0.295321 0)
(-0.128254 -0.292483 0)
(-0.142397 -0.289137 0)
(-0.15715 -0.285188 0)
(-0.172636 -0.280509 0)
(-0.188992 -0.274924 0)
(-0.206295 -0.268187 0)
(-0.224599 -0.259963 0)
(-0.244006 -0.249811 0)
(-0.264456 -0.23709 0)
(-0.285638 -0.221133 0)
(-0.30712 -0.201127 0)
(-0.32789 -0.176004 0)
(-0.345818 -0.144816 0)
(-0.357973 -0.10786 0)
(-0.361926 -0.0675439 0)
(-0.357118 -0.0275862 0)
(-0.344833 0.00888637 0)
(-0.32714 0.0400692 0)
(-0.306321 0.0654756 0)
(-0.284161 0.0853508 0)
(-0.261967 0.100391 0)
(-0.240577 0.111432 0)
(-0.220466 0.119283 0)
(-0.201856 0.124652 0)
(-0.184803 0.128125 0)
(-0.169265 0.13017 0)
(-0.15515 0.131149 0)
(-0.142339 0.131339 0)
(-0.130706 0.130951 0)
(-0.12013 0.13014 0)
(-0.110495 0.129024 0)
(-0.1017 0.127689 0)
(-0.093659 0.1262 0)
(-0.0862817 0.124603 0)
(-0.079486 0.122934 0)
(-0.0053563 -0.286763 0)
(-0.0166736 -0.292143 0)
(-0.0280008 -0.291632 0)
(-0.0392676 -0.290824 0)
(-0.0507391 -0.28975 0)
(-0.0623623 -0.288395 0)
(-0.0741645 -0.286735 0)
(-0.086182 -0.284725 0)
(-0.0984668 -0.282324 0)
(-0.11108 -0.279475 0)
(-0.124076 -0.276116 0)
(-0.137495 -0.272163 0)
(-0.151387 -0.267511 0)
(-0.165829 -0.262026 0)
(-0.180896 -0.255538 0)
(-0.196588 -0.24784 0)
(-0.212858 -0.23866 0)
(-0.229671 -0.227651 0)
(-0.24687 -0.214367 0)
(-0.264095 -0.198359 0)
(-0.280809 -0.179151 0)
(-0.296133 -0.156251 0)
(-0.308703 -0.129462 0)
(-0.316934 -0.0993389 0)
(-0.319622 -0.0673869 0)
(-0.316466 -0.0356513 0)
(-0.308111 -0.00595315 0)
(-0.295624 0.0205032 0)
(-0.280325 0.0431053 0)
(-0.263426 0.0617884 0)
(-0.245894 0.0768167 0)
(-0.228441 0.0886246 0)
(-0.211544 0.0977038 0)
(-0.195495 0.104534 0)
(-0.180449 0.109548 0)
(-0.166465 0.113116 0)
(-0.153541 0.115543 0)
(-0.141636 0.117079 0)
(-0.13069 0.117922 0)
(-0.12063 0.118227 0)
(-0.111383 0.118117 0)
(-0.102876 0.117687 0)
(-0.0950492 0.117013 0)
(-0.0878278 0.116149 0)
(-0.0811418 0.115144 0)
(-0.00532064 -0.273535 0)
(-0.0161777 -0.278634 0)
(-0.0269761 -0.27796 0)
(-0.0379489 -0.277059 0)
(-0.0490555 -0.275852 0)
(-0.060283 -0.274313 0)
(-0.0716481 -0.272417 0)
(-0.0831841 -0.270124 0)
(-0.0949323 -0.267388 0)
(-0.106943 -0.26416 0)
(-0.11925 -0.260373 0)
(-0.131872 -0.255953 0)
(-0.144828 -0.250802 0)
(-0.158151 -0.24479 0)
(-0.171872 -0.237761 0)
(-0.185953 -0.229532 0)
(-0.200291 -0.219901 0)
(-0.21477 -0.20862 0)
(-0.229197 -0.195396 0)
(-0.24323 -0.179953 0)
(-0.256385 -0.16205 0)
(-0.267993 -0.141527 0)
(-0.277193 -0.118472 0)
(-0.283104 -0.0933942 0)
(-0.285089 -0.0672611 0)
(-0.282956 -0.0412823 0)
(-0.27703 -0.0165792 0)
(-0.268003 0.00603595 0)
(-0.256582 0.0260523 0)
(-0.243574 0.0432603 0)
(-0.22968 0.0577126 0)
(-0.215464 0.0696153 0)
(-0.201351 0.0792515 0)
(-0.187636 0.0869308 0)
(-0.174511 0.0929564 0)
(-0.162088 0.0976065 0)
(-0.150418 0.101126 0)
(-0.139516 0.103724 0)
(-0.129364 0.105574 0)
(-0.119933 0.106822 0)
(-0.111182 0.107584 0)
(-0.103065 0.107958 0)
(-0.0955454 0.108019 0)
(-0.0885643 0.107829 0)
(-0.0820638 0.107441 0)
(-0.00515607 -0.260858 0)
(-0.0155264 -0.265474 0)
(-0.0259108 -0.264819 0)
(-0.0365367 -0.263852 0)
(-0.0472112 -0.262538 0)
(-0.0579745 -0.260855 0)
(-0.0688404 -0.258769 0)
(-0.0798344 -0.256249 0)
(-0.0909905 -0.253247 0)
(-0.102343 -0.249715 0)
(-0.113913 -0.245595 0)
(-0.125702 -0.240821 0)
(-0.137697 -0.235309 0)
(-0.149897 -0.228954 0)
(-0.162297 -0.221624 0)
(-0.174841 -0.213169 0)
(-0.187411 -0.203436 0)
(-0.199862 -0.192263 0)
(-0.211994 -0.179474 0)
(-0.223515 -0.164917 0)
(-0.234035 -0.148496 0)
(-0.243073 -0.130211 0)
(-0.250083 -0.110234 0)
(-0.254549 -0.0889772 0)
(-0.256118 -0.0670762 0)
(-0.254684 -0.0452865 0)
(-0.250419 -0.0243496 0)
(-0.24372 -0.00484132 0)
(-0.235047 0.0128888 0)
(-0.224928 0.0285774 0)
(-0.213856 0.0421905 0)
(-0.202265 0.0538001 0)
(-0.190507 0.0635566 0)
(-0.17885 0.0716502 0)
(-0.167488 0.0782852 0)
(-0.156553 0.0836628 0)
(-0.146126 0.0879701 0)
(-0.136252 0.091375 0)
(-0.126946 0.0940246 0)
(-0.118208 0.0960449 0)
(-0.110023 0.0975431 0)
(-0.102367 0.0986093 0)
(-0.0952239 0.099319 0)
(-0.0885489 0.0997342 0)
(-0.0822963 0.0999072 0)
(-0.00483325 -0.248354 0)
(-0.0147932 -0.252626 0)
(-0.0248699 -0.252022 0)
(-0.0350279 -0.251009 0)
(-0.045215 -0.249611 0)
(-0.0554631 -0.247813 0)
(-0.0657861 -0.24559 0)
(-0.0761989 -0.242907 0)
(-0.0867243 -0.239726 0)
(-0.0973817 -0.235995 0)
(-0.108184 -0.231662 0)
(-0.11912 -0.226667 0)
(-0.130161 -0.220945 0)
(-0.141278 -0.214417 0)
(-0.15244 -0.206983 0)
(-0.163582 -0.198531 0)
(-0.17459 -0.188951 0)
(-0.18532 -0.178143 0)
(-0.195588 -0.16601 0)
(-0.205153 -0.152482 0)
(-0.213721 -0.137544 0)
(-0.220951 -0.121263 0)
(-0.22649 -0.103818 0)
(-0.230024 -0.0855277 0)
(-0.231346 -0.0668275 0)
(-0.230399 -0.0482174 0)
(-0.227268 -0.0301898 0)
(-0.222191 -0.013158 0)
(-0.21553 0.0025856 0)
(-0.207583 0.0168489 0)
(-0.198702 0.0295306 0)
(-0.189225 0.0406378 0)
(-0.179433 0.0502411 0)
(-0.169554 0.0584513 0)
(-0.159768 0.0654006 0)
(-0.150205 0.0712294 0)
(-0.14096 0.0760761 0)
(-0.132094 0.0800711 0)
(-0.123642 0.0833334 0)
(-0.115623 0.0859692 0)
(-0.108041 0.088072 0)
(-0.100891 0.0897227 0)
(-0.094171 0.0909913 0)
(-0.0878497 0.0919373 0)
(-0.0818929 0.0926115 0)
(-0.0045213 -0.236156 0)
(-0.014099 -0.240284 0)
(-0.0237985 -0.239649 0)
(-0.0334171 -0.238582 0)
(-0.0430805 -0.23711 0)
(-0.0527868 -0.235217 0)
(-0.0625445 -0.232887 0)
(-0.0723601 -0.230091 0)
(-0.0822409 -0.226794 0)
(-0.0921949 -0.222952 0)
(-0.102225 -0.218518 0)
(-0.112314 -0.213436 0)
(-0.122428 -0.207654 0)
(-0.132525 -0.201114 0)
(-0.142554 -0.193746 0)
(-0.152448 -0.185473 0)
(-0.162104 -0.176223 0)
(-0.171392 -0.165936 0)
(-0.180152 -0.154566 0)
(-0.188194 -0.142095 0)
(-0.195295 -0.128549 0)
(-0.201219 -0.114013 0)
(-0.205731 -0.0986516 0)
(-0.208633 -0.0827068 0)
(-0.2098 -0.0664892 0)
(-0.209199 -0.0503433 0)
(-0.206892 -0.0346095 0)
(-0.203023 -0.0195962 0)
(-0.197802 -0.00553879 0)
(-0.191493 0.00742326 0)
(-0.184339 0.0191616 0)
(-0.176569 0.0296648 0)
(-0.168408 0.0389521 0)
(-0.160047 0.0470818 0)
(-0.151643 0.0541355 0)
(-0.143319 0.0602077 0)
(-0.135167 0.0653977 0)
(-0.127257 0.0698037 0)
(-0.119636 0.0735195 0)
(-0.112334 0.0766315 0)
(-0.105368 0.0792187 0)
(-0.098746 0.0813513 0)
(-0.0924764 0.0830916 0)
(-0.0865405 0.0844947 0)
(-0.0809131 0.0856075 0)
(-0.00431584 -0.224575 0)
(-0.0134567 -0.228603 0)
(-0.0226375 -0.227896 0)
(-0.0317177 -0.226779 0)
(-0.0408416 -0.225249 0)
(-0.0499962 -0.223288 0)
(-0.0591821 -0.220883 0)
(-0.0683979 -0.218012 0)
(-0.077638 -0.214646 0)
(-0.0869008 -0.210754 0)
(-0.0961783 -0.206292 0)
(-0.105451 -0.201216 0)
(-0.114684 -0.195483 0)
(-0.123831 -0.189048 0)
(-0.132835 -0.181863 0)
(-0.141629 -0.173881 0)
(-0.150122 -0.165058 0)
(-0.158201 -0.155362 0)
(-0.165735 -0.144779 0)
(-0.172574 -0.133319 0)
(-0.178555 -0.121028 0)
(-0.18351 -0.107993 0)
(-0.18728 -0.0943543 0)
(-0.189738 -0.0802994 0)
(-0.190805 -0.0660564 0)
(-0.190463 -0.0518734 0)
(-0.188754 -0.0379952 0)
(-0.18577 -0.0246445 0)
(-0.181659 -0.0120099 0)
(-0.176629 -0.000229969 0)
(-0.170825 0.0106236 0)
(-0.164425 0.0204917 0)
(-0.15761 0.0293755 0)
(-0.150534 0.0373004 0)
(-0.143329 0.044314 0)
(-0.136103 0.0504775 0)
(-0.128945 0.0558602 0)
(-0.121924 0.0605342 0)
(-0.115091 0.0645712 0)
(-0.108483 0.06804 0)
(-0.102126 0.0710052 0)
(-0.0960356 0.0735262 0)
(-0.0902289 0.0756569 0)
(-0.0846961 0.0774465 0)
(-0.0794194 0.0789366 0)
(-0.0041591 -0.213643 0)
(-0.0127875 -0.217509 0)
(-0.0213803 -0.216765 0)
(-0.0299482 -0.215626 0)
(-0.0385334 -0.214069 0)
(-0.0471337 -0.212083 0)
(-0.0557463 -0.209648 0)
(-0.064363 -0.206748 0)
(-0.0729728 -0.203363 0)
(-0.0815642 -0.199469 0)
(-0.0901207 -0.195033 0)
(-0.098621 -0.190023 0)
(-0.107031 -0.184405 0)
(-0.115305 -0.178144 0)
(-0.123387 -0.171212 0)
(-0.131214 -0.163579 0)
(-0.138707 -0.155223 0)
(-0.145772 -0.146132 0)
(-0.152302 -0.136312 0)
(-0.158182 -0.125787 0)
(-0.163291 -0.11461 0)
(-0.167509 -0.102865 0)
(-0.170728 -0.0906659 0)
(-0.172864 -0.078162 0)
(-0.173866 -0.0655245 0)
(-0.173724 -0.052937 0)
(-0.17247 -0.0405807 0)
(-0.170175 -0.0286232 0)
(-0.166929 -0.0172138 0)
(-0.162849 -0.00646439 0)
(-0.158112 0.00356154 0)
(-0.15284 0.0128023 0)
(-0.147143 0.021242 0)
(-0.141152 0.0288879 0)
(-0.134978 0.0357654 0)
(-0.128718 0.0419123 0)
(-0.12245 0.047375 0)
(-0.116241 0.0522052 0)
(-0.110142 0.0564564 0)
(-0.104194 0.0601819 0)
(-0.0984248 0.0634336 0)
(-0.0928572 0.0662602 0)
(-0.0875127 0.0687073 0)
(-0.0823894 0.0708182 0)
(-0.0774744 0.0726279 0)
(-0.00395845 -0.203202 0)
(-0.0120374 -0.206857 0)
(-0.0200674 -0.206128 0)
(-0.02813 -0.204997 0)
(-0.0361823 -0.203451 0)
(-0.0442308 -0.201477 0)
(-0.0522715 -0.199058 0)
(-0.060294 -0.196181 0)
(-0.0682849 -0.192829 0)
(-0.0762257 -0.188984 0)
(-0.0840967 -0.184625 0)
(-0.091874 -0.17973 0)
(-0.0995232 -0.174274 0)
(-0.107002 -0.168236 0)
(-0.114261 -0.161599 0)
(-0.121241 -0.154347 0)
(-0.127875 -0.146473 0)
(-0.134087 -0.137978 0)
(-0.139791 -0.128881 0)
(-0.144899 -0.119212 0)
(-0.14932 -0.109026 0)
(-0.152968 -0.0983953 0)
(-0.155769 -0.0874179 0)
(-0.157665 -0.0762105 0)
(-0.158624 -0.0649048 0)
(-0.158639 -0.0536396 0)
(-0.157734 -0.0425525 0)
(-0.155959 -0.0317712 0)
(-0.153386 -0.0214063 0)
(-0.1501 -0.0115559 0)
(-0.146214 -0.00229618 0)
(-0.141836 0.00634555 0)
(-0.137064 0.0143245 0)
(-0.131987 0.0216508 0)
(-0.126698 0.0283315 0)
(-0.121279 0.0343873 0)
(-0.115803 0.039848 0)
(-0.110328 0.0447492 0)
(-0.104904 0.0491298 0)
(-0.0995713 0.0530303 0)
(-0.0943612 0.0564913 0)
(-0.0892978 0.0595519 0)
(-0.0844054 0.06225 0)
(-0.0796886 0.064623 0)
(-0.0751383 0.0666997 0)
(-0.00369051 -0.193195 0)
(-0.011228 -0.19664 0)
(-0.0187499 -0.195949 0)
(-0.0262962 -0.19484 0)
(-0.0338191 -0.193322 0)
(-0.0413214 -0.191384 0)
(-0.0487968 -0.189011 0)
(-0.0562357 -0.186193 0)
(-0.0636227 -0.182916 0)
(-0.0709375 -0.179165 0)
(-0.0781594 -0.17493 0)
(-0.0852617 -0.170194 0)
(-0.0922117 -0.164943 0)
(-0.0989718 -0.159166 0)
(-0.105498 -0.152854 0)
(-0.111737 -0.146002 0)
(-0.117634 -0.138614 0)
(-0.123125 -0.1307 0)
(-0.128144 -0.122284 0)
(-0.132623 -0.113399 0)
(-0.136493 -0.104095 0)
(-0.139692 -0.0944387 0)
(-0.142167 -0.0845097 0)
(-0.143879 -0.0744017 0)
(-0.144806 -0.0642174 0)
(-0.144945 -0.054064 0)
(-0.144314 -0.0440482 0)
(-0.14295 -0.03427 0)
(-0.140907 -0.0248182 0)
(-0.138245 -0.0157704 0)
(-0.135041 -0.00718961 0)
(-0.13141 0.000883089 0)
(-0.127405 0.00842517 0)
(-0.123091 0.0154198 0)
(-0.118558 0.0218697 0)
(-0.113871 0.0277857 0)
(-0.109093 0.033186 0)
(-0.104276 0.0380946 0)
(-0.0994671 0.0425388 0)
(-0.0947041 0.0465486 0)
(-0.0900181 0.0501552 0)
(-0.0854341 0.0533893 0)
(-0.0809767 0.0562817 0)
(-0.0766563 0.0588642 0)
(-0.0724673 0.0611603 0)
(-0.00339892 -0.183712 0)
(-0.010422 -0.186981 0)
(-0.0174608 -0.186314 0)
(-0.0244816 -0.185229 0)
(-0.0314778 -0.183743 0)
(-0.0384419 -0.181847 0)
(-0.0453657 -0.179534 0)
(-0.0522381 -0.176793 0)
(-0.0590425 -0.173614 0)
(-0.0657607 -0.169988 0)
(-0.0723704 -0.165908 0)
(-0.0788448 -0.161362 0)
(-0.0851545 -0.156346 0)
(-0.0912656 -0.150855 0)
(-0.0971379 -0.144887 0)
(-0.102727 -0.138443 0)
(-0.107986 -0.131535 0)
(-0.112865 -0.124177 0)
(-0.11731 -0.116396 0)
(-0.121268 -0.108224 0)
(-0.124687 -0.0997086 0)
(-0.127523 -0.0909057 0)
(-0.129737 -0.0818826 0)
(-0.131302 -0.0727146 0)
(-0.132201 -0.0634835 0)
(-0.132435 -0.0542737 0)
(-0.132019 -0.0451693 0)
(-0.130979 -0.0362499 0)
(-0.129357 -0.0275874 0)
(-0.127205 -0.0192444 0)
(-0.124576 -0.0112762 0)
(-0.121523 -0.00372333 0)
(-0.118138 0.00339749 0)
(-0.114485 0.0100557 0)
(-0.110602 0.0162555 0)
(-0.106552 0.0220005 0)
(-0.102388 0.0273004 0)
(-0.0981586 0.03217 0)
(-0.0939058 0.0366278 0)
(-0.0896649 0.0406953 0)
(-0.0854654 0.0443957 0)
(-0.0813322 0.0477529 0)
(-0.0772883 0.0507913 0)
(-0.0733488 0.0535374 0)
(-0.0695125 0.0560103 0)
(-0.00313312 -0.174857 0)
(-0.00966208 -0.177987 0)
(-0.0162075 -0.177328 0)
(-0.0227076 -0.176264 0)
(-0.0291839 -0.17481 0)
(-0.0356222 -0.172961 0)
(-0.0420121 -0.170712 0)
(-0.0483398 -0.168055 0)
(-0.0545891 -0.164986 0)
(-0.060743 -0.161498 0)
(-0.0667786 -0.157587 0)
(-0.0726714 -0.153248 0)
(-0.0783951 -0.14848 0)
(-0.0839182 -0.143283 0)
(-0.0892056 -0.137659 0)
(-0.0942206 -0.131616 0)
(-0.0989244 -0.125168 0)
(-0.103275 -0.118332 0)
(-0.10723 -0.111134 0)
(-0.110749 -0.103606 0)
(-0.113792 -0.0957899 0)
(-0.116326 -0.0877345 0)
(-0.118323 -0.0794956 0)
(-0.119762 -0.0711351 0)
(-0.120635 -0.0627191 0)
(-0.12094 -0.0543157 0)
(-0.12069 -0.0459922 0)
(-0.119907 -0.0378131 0)
(-0.118622 -0.0298375 0)
(-0.116873 -0.0221174 0)
(-0.114702 -0.0146956 0)
(-0.112158 -0.00761021 0)
(-0.109306 -0.000897722 0)
(-0.106193 0.00543776 0)
(-0.102863 0.0113783 0)
(-0.0993619 0.0169349 0)
(-0.0957369 0.0221085 0)
(-0.0920299 0.0269065 0)
(-0.0882776 0.0313408 0)
(-0.0845121 0.035426 0)
(-0.080761 0.0391791 0)
(-0.0770477 0.0426181 0)
(-0.0733932 0.0457619 0)
(-0.069816 0.0486323 0)
(-0.0663193 0.0512446 0)
(-0.00290867 -0.166655 0)
(-0.00894923 -0.16967 0)
(-0.0149817 -0.169015 0)
(-0.020978 -0.167976 0)
(-0.0269478 -0.166558 0)
(-0.0328771 -0.164762 0)
(-0.0387529 -0.162582 0)
(-0.0445605 -0.160016 0)
(-0.0502846 -0.157063 0)
(-0.0559071 -0.153718 0)
(-0.0614069 -0.149981 0)
(-0.0667624 -0.145852 0)
(-0.0719486 -0.141331 0)
(-0.0769373 -0.136422 0)
(-0.0816993 -0.131131 0)
(-0.0862037 -0.125469 0)
(-0.0904179 -0.119451 0)
(-0.0943075 -0.113094 0)
(-0.0978388 -0.106424 0)
(-0.10098 -0.099472 0)
(-0.103702 -0.0922737 0)
(-0.105978 -0.0848715 0)
(-0.107788 -0.0773126 0)
(-0.109118 -0.0696485 0)
(-0.10996 -0.0619337 0)
(-0.110317 -0.0542237 0)
(-0.110197 -0.0465737 0)
(-0.109618 -0.0390366 0)
(-0.108603 -0.0316616 0)
(-0.107184 -0.0244928 0)
(-0.105395 -0.0175684 0)
(-0.103271 -0.0109219 0)
(-0.10085 -0.00458088 0)
(-0.0982048 0.00143847 0)
(-0.095355 0.00713625 0)
(-0.0923269 0.0125013 0)
(-0.089174 0.0175343 0)
(-0.08593 0.0222393 0)
(-0.0826265 0.0266234 0)
(-0.0792919 0.0306963 0)
(-0.0759515 0.0344699 0)
(-0.0726271 0.0379574 0)
(-0.0693368 0.0411734 0)
(-0.0661013 0.0441349 0)
(-0.0629279 0.0468541 0)
(-0.00270905 -0.159062 0)
(-0.00825969 -0.161966 0)
(-0.0137742 -0.161325 0)
(-0.0192885 -0.160316 0)
(-0.0247702 -0.158944 0)
(-0.0302098 -0.157208 0)
(-0.0355931 -0.155106 0)
(-0.0409063 -0.15264 0)
(-0.0461337 -0.149808 0)
(-0.051257 -0.14661 0)
(-0.0562578 -0.143049 0)
(-0.0611157 -0.139127 0)
(-0.0658077 -0.134846 0)
(-0.0703099 -0.130213 0)
(-0.0745977 -0.125238 0)
(-0.0786446 -0.119931 0)
(-0.0824231 -0.114308 0)
(-0.0859055 -0.108387 0)
(-0.0890653 -0.102192 0)
(-0.0918776 -0.0957519 0)
(-0.0943194 -0.0890983 0)
(-0.096371 -0.0822678 0)
(-0.0980168 -0.0753007 0)
(-0.0992467 -0.0682405 0)
(-0.100056 -0.0611326 0)
(-0.100447 -0.0540231 0)
(-0.100427 -0.0469578 0)
(-0.100009 -0.0399805 0)
(-0.0992135 -0.0331328 0)
(-0.0980637 -0.0264521 0)
(-0.0965884 -0.0199717 0)
(-0.0948185 -0.0137197 0)
(-0.0927868 -0.00772181 0)
(-0.0905176 -0.00199784 0)
(-0.08806 0.00345857 0)
(-0.0854554 0.00862709 0)
(-0.08272 0.0135107 0)
(-0.079887 0.0181087 0)
(-0.0769851 0.0224241 0)
(-0.0740399 0.0264626 0)
(-0.0710742 0.0302321 0)
(-0.0681078 0.0337419 0)
(-0.0651563 0.037003 0)
(-0.0622416 0.0400285 0)
(-0.0593733 0.0428274 0)
(-0.00250967 -0.152021 0)
(-0.00757314 -0.154805 0)
(-0.0125865 -0.154188 0)
(-0.0176388 -0.153215 0)
(-0.0226526 -0.151896 0)
(-0.0276226 -0.150228 0)
(-0.0325359 -0.148213 0)
(-0.037379 -0.145853 0)
(-0.0421361 -0.143148 0)
(-0.0467904 -0.140101 0)
(-0.0513251 -0.136715 0)
(-0.0557208 -0.132996 0)
(-0.0599573 -0.128947 0)
(-0.0640148 -0.124578 0)
(-0.0678718 -0.119899 0)
(-0.0715055 -0.114921 0)
(-0.074893 -0.109659 0)
(-0.0780125 -0.104134 0)
(-0.0808429 -0.0983666 0)
(-0.0833642 -0.0923827 0)
(-0.0855583 -0.0862109 0)
(-0.0874102 -0.079883 0)
(-0.0889085 -0.0734341 0)
(-0.0900459 -0.0669011 0)
(-0.0908195 -0.0603223 0)
(-0.0912307 -0.0537363 0)
(-0.0912859 -0.0471815 0)
(-0.0909963 -0.0406951 0)
(-0.0903777 -0.0343121 0)
(-0.0894492 -0.0280649 0)
(-0.0882335 -0.0219823 0)
(-0.0867553 -0.016089 0)
(-0.0850388 -0.010406 0)
(-0.0831107 -0.0049505 0)
(-0.081017 0.000259611 0)
(-0.0787677 0.00524116 0)
(-0.0763918 0.00997531 0)
(-0.0739207 0.0144597 0)
(-0.071377 0.0186947 0)
(-0.0687826 0.0226834 0)
(-0.0661576 0.0264305 0)
(-0.0635198 0.0299425 0)
(-0.0608823 0.0332272 0)
(-0.0582671 0.0362944 0)
(-0.0556856 0.0391509 0)
(-0.00229747 -0.145506 0)
(-0.00688694 -0.148154 0)
(-0.0114308 -0.147565 0)
(-0.0160373 -0.146631 0)
(-0.0206018 -0.145366 0)
(-0.0251221 -0.14377 0)
(-0.029587 -0.141846 0)
(-0.0339824 -0.139595 0)
(-0.0382938 -0.137019 0)
(-0.0425062 -0.134123 0)
(-0.0466036 -0.130912 0)
(-0.0505683 -0.12739 0)
(-0.0543834 -0.123565 0)
(-0.0580316 -0.119446 0)
(-0.0614941 -0.115043 0)
(-0.0647515 -0.11037 0)
(-0.0677854 -0.105441 0)
(-0.0705782 -0.100276 0)
(-0.0731129 -0.0948934 0)
(-0.0753731 -0.0893175 0)
(-0.0773448 -0.0835737 0)
(-0.0790165 -0.0776903 0)
(-0.0803801 -0.0716977 0)
(-0.0814299 -0.0656276 0)
(-0.0821639 -0.0595124 0)
(-0.0825835 -0.0533852 0)
(-0.0826943 -0.0472783 0)
(-0.0825057 -0.0412237 0)
(-0.0820305 -0.0352514 0)
(-0.0812841 -0.0293893 0)
(-0.0802848 -0.0236624 0)
(-0.079053 -0.0180928 0)
(-0.0776111 -0.0126997 0)
(-0.0759802 -0.00750086 0)
(-0.0741798 -0.00250844 0)
(-0.0722401 0.0022883 0)
(-0.0701882 0.00687483 0)
(-0.06804 0.011243 0)
(-0.065817 0.0153912 0)
(-0.0635387 0.0193199 0)
(-0.0612232 0.0230317 0)
(-0.0588863 0.0265307 0)
(-0.0565388 0.0298223 0)
(-0.0542025 0.0329135 0)
(-0.0518898 0.0358093 0)
(-0.00207439 -0.13952 0)
(-0.00621306 -0.142019 0)
(-0.0103224 -0.141453 0)
(-0.0144961 -0.140556 0)
(-0.0186284 -0.139344 0)
(-0.0227178 -0.137819 0)
(-0.0267536 -0.135984 0)
(-0.0307221 -0.13384 0)
(-0.0346103 -0.131392 0)
(-0.0384045 -0.128644 0)
(-0.0420896 -0.1256 0)
(-0.045651 -0.122268 0)
(-0.0490737 -0.118656 0)
(-0.0523423 -0.114772 0)
(-0.0554405 -0.110628 0)
(-0.0583526 -0.106237 0)
(-0.0610637 -0.101613 0)
(-0.0635591 -0.0967738 0)
(-0.0658245 -0.0917386 0)
(-0.0678471 -0.086528 0)
(-0.069616 -0.0811654 0)
(-0.0711228 -0.0756761 0)
(-0.0723609 -0.0700864 0)
(-0.073326 -0.0644237 0)
(-0.0740166 -0.058716 0)
(-0.0744345 -0.0529916 0)
(-0.0745845 -0.0472786 0)
(-0.0744745 -0.0416044 0)
(-0.0741148 -0.0359949 0)
(-0.073518 -0.0304743 0)
(-0.0726988 -0.0250647 0)
(-0.0716738 -0.0197858 0)
(-0.0704612 -0.0146548 0)
(-0.0690788 -0.0096863 0)
(-0.0675461 -0.00489362 0)
(-0.0658912 -0.000284154 0)
(-0.0641172 0.00416055 0)
(-0.0622518 0.00841463 0)
(-0.0603144 0.0124735 0)
(-0.0583206 0.0163365 0)
(-0.056286 0.0200044 0)
(-0.0542245 0.0234795 0)
(-0.052145 0.0267654 0)
(-0.0500678 0.0298666 0)
(-0.0480063 0.0327872 0)
(-0.00185028 -0.134071 0)
(-0.00556656 -0.136418 0)
(-0.00927089 -0.13587 0)
(-0.0130244 -0.135004 0)
(-0.0167406 -0.133841 0)
(-0.020416 -0.132384 0)
(-0.02404 -0.130633 0)
(-0.0276007 -0.128592 0)
(-0.031086 -0.126265 0)
(-0.0344827 -0.123656 0)
(-0.0377782 -0.120771 0)
(-0.0409601 -0.117618 0)
(-0.044015 -0.114204 0)
(-0.0469288 -0.110538 0)
(-0.0496883 -0.106632 0)
(-0.0522809 -0.102499 0)
(-0.0546939 -0.0981522 0)
(-0.0569148 -0.0936083 0)
(-0.058932 -0.0888845 0)
(-0.0607356 -0.0840003 0)
(-0.0623174 -0.0789767 0)
(-0.0636704 -0.0738361 0)
(-0.0647894 -0.0686017 0)
(-0.0656711 -0.0632973 0)
(-0.0663147 -0.0579473 0)
(-0.0667219 -0.0525765 0)
(-0.0668973 -0.0472094 0)
(-0.0668471 -0.0418697 0)
(-0.0665797 -0.03658 0)
(-0.0661055 -0.0313615 0)
(-0.0654366 -0.0262337 0)
(-0.0645866 -0.0212145 0)
(-0.0635709 -0.0163197 0)
(-0.0624056 -0.0115628 0)
(-0.0611059 -0.0069566 0)
(-0.0596857 -0.0025089 0)
(-0.0581614 0.00179372 0)
(-0.0565518 0.00593674 0)
(-0.0548717 0.00990664 0)
(-0.0531352 0.0137012 0)
(-0.0513562 0.01732 0)
(-0.049547 0.0207638 0)
(-0.0477151 0.0240349 0)
(-0.0458787 0.0271358 0)
(-0.0440517 0.0300695 0)
(-0.0016351 -0.129156 0)
(-0.00495596 -0.131363 0)
(-0.00827672 -0.130826 0)
(-0.0116238 -0.12999 0)
(-0.0149391 -0.128872 0)
(-0.0182158 -0.127476 0)
(-0.0214443 -0.125803 0)
(-0.0246145 -0.123857 0)
(-0.0277145 -0.121642 0)
(-0.0307329 -0.119162 0)
(-0.0336592 -0.116424 0)
(-0.0364821 -0.113435 0)
(-0.0391897 -0.110203 0)
(-0.0417702 -0.106736 0)
(-0.0442129 -0.103047 0)
(-0.046507 -0.0991468 0)
(-0.0486416 -0.0950493 0)
(-0.0506065 -0.0907691 0)
(-0.0523926 -0.0863227 0)
(-0.0539921 -0.0817279 0)
(-0.0553984 -0.0770038 0)
(-0.0566058 -0.0721701 0)
(-0.0576101 -0.0672474 0)
(-0.0584089 -0.0622567 0)
(-0.0590018 -0.0572197 0)
(-0.0593908 -0.0521581 0)
(-0.0595796 -0.0470935 0)
(-0.0595733 -0.0420467 0)
(-0.0593789 -0.0370374 0)
(-0.0590047 -0.0320846 0)
(-0.0584608 -0.0272057 0)
(-0.0577586 -0.0224169 0)
(-0.0569106 -0.0177326 0)
(-0.0559297 -0.0131654 0)
(-0.0548284 -0.00872588 0)
(-0.0536209 -0.00442406 0)
(-0.0523265 -0.000263054 0)
(-0.0509418 0.00377483 0)
(-0.0494905 0.00765911 0)
(-0.0479862 0.0113854 0)
(-0.0464398 0.0149527 0)
(-0.0448621 0.0183609 0)
(-0.0432591 0.0216109 0)
(-0.041647 0.0247039 0)
(-0.0400391 0.027642 0)
(-0.00143417 -0.124762 0)
(-0.0043809 -0.12685 0)
(-0.00733235 -0.126323 0)
(-0.0102879 -0.125514 0)
(-0.0132161 -0.124438 0)
(-0.0161089 -0.123098 0)
(-0.0189575 -0.121497 0)
(-0.0217524 -0.119638 0)
(-0.0244836 -0.117525 0)
(-0.0271413 -0.115163 0)
(-0.029716 -0.112558 0)
(-0.0321976 -0.109717 0)
(-0.034576 -0.106648 0)
(-0.0368419 -0.10336 0)
(-0.0389859 -0.0998644 0)
(-0.0409988 -0.0961719 0)
(-0.0428714 -0.0922952 0)
(-0.0445957 -0.0882482 0)
(-0.0461644 -0.0840463 0)
(-0.0475716 -0.0797059 0)
(-0.0488115 -0.0752439 0)
(-0.0498794 -0.070678 0)
(-0.050772 -0.0660267 0)
(-0.0514878 -0.0613088 0)
(-0.0520269 -0.0565439 0)
(-0.0523909 -0.0517511 0)
(-0.0525829 -0.0469494 0)
(-0.0526072 -0.0421572 0)
(-0.0524693 -0.0373924 0)
(-0.0521764 -0.0326717 0)
(-0.0517366 -0.028011 0)
(-0.0511596 -0.0234251 0)
(-0.0504553 -0.0189271 0)
(-0.0496349 -0.0145288 0)
(-0.0487098 -0.0102406 0)
(-0.0476907 -0.00607208 0)
(-0.0465862 -0.00202924 0)
(-0.0454049 0.00190371 0)
(-0.0441644 0.00570502 0)
(-0.0428725 0.00936455 0)
(-0.0415394 0.01288 0)
(-0.0401749 0.0162503 0)
(-0.0387843 0.0194755 0)
(-0.0373814 0.0225554 0)
(-0.0359789 0.0254914 0)
(-0.00124762 -0.120868 0)
(-0.00383495 -0.122863 0)
(-0.00642619 -0.122348 0)
(-0.00900458 -0.121564 0)
(-0.0115592 -0.120528 0)
(-0.0140822 -0.11924 0)
(-0.0165649 -0.117705 0)
(-0.0189991 -0.115925 0)
(-0.0213765 -0.113904 0)
(-0.023689 -0.111647 0)
(-0.0259275 -0.109161 0)
(-0.0280834 -0.106452 0)
(-0.0301489 -0.103528 0)
(-0.0321161 -0.100398 0)
(-0.0339767 -0.0970728 0)
(-0.0357228 -0.0935624 0)
(-0.0373473 -0.089879 0)
(-0.0388438 -0.0860358 0)
(-0.0402067 -0.082047 0)
(-0.0414307 -0.0779274 0)
(-0.042511 -0.0736923 0)
(-0.043444 -0.0693578 0)
(-0.0442274 -0.0649407 0)
(-0.0448601 -0.0604582 0)
(-0.0453424 -0.0559278 0)
(-0.0456755 -0.0513665 0)
(-0.045862 -0.0467913 0)
(-0.0459055 -0.0422188 0)
(-0.0458107 -0.0376651 0)
(-0.0455833 -0.0331454 0)
(-0.0452301 -0.0286743 0)
(-0.0447589 -0.0242652 0)
(-0.0441781 -0.0199302 0)
(-0.0434964 -0.0156804 0)
(-0.0427231 -0.0115257 0)
(-0.0418668 -0.00747459 0)
(-0.0409364 -0.0035346 0)
(-0.0399473 0.000292422 0)
(-0.0388946 0.0040191 0)
(-0.0377936 0.00761641 0)
(-0.0366555 0.011082 0)
(-0.0354878 0.0144143 0)
(-0.0342949 0.0176127 0)
(-0.0330879 0.0206764 0)
(-0.0318785 0.0236059 0)
(-0.00107279 -0.117453 0)
(-0.00330978 -0.119383 0)
(-0.00554648 -0.118883 0)
(-0.00776097 -0.118125 0)
(-0.00995485 -0.117125 0)
(-0.0121205 -0.115886 0)
(-0.0142503 -0.11441 0)
(-0.0163372 -0.1127 0)
(-0.0183746 -0.110762 0)
(-0.020355 -0.108598 0)
(-0.0222709 -0.106216 0)
(-0.0241155 -0.103623 0)
(-0.0258821 -0.100826 0)
(-0.0275638 -0.097834 0)
(-0.0291537 -0.0946564 0)
(-0.0306455 -0.0913037 0)
(-0.0320337 -0.0877875 0)
(-0.0333133 -0.0841201 0)
(-0.0344794 -0.0803144 0)
(-0.0355274 -0.0763839 0)
(-0.0364537 -0.0723428 0)
(-0.0372557 -0.068206 0)
(-0.0379317 -0.0639889 0)
(-0.038481 -0.0597072 0)
(-0.0389036 -0.0553766 0)
(-0.0392007 -0.0510125 0)
(-0.0393744 -0.0466303 0)
(-0.0394278 -0.0422452 0)
(-0.0393647 -0.037872 0)
(-0.0391898 -0.0335245 0)
(-0.0389086 -0.0292161 0)
(-0.0385274 -0.0249591 0)
(-0.038053 -0.020765 0)
(-0.0374929 -0.0166444 0)
(-0.0368546 -0.0126066 0)
(-0.0361461 -0.0086601 0)
(-0.0353751 -0.00481288 0)
(-0.0345459 -0.00107036 0)
(-0.0336615 0.00258409 0)
(-0.0327409 0.00612343 0)
(-0.0317849 0.00954184 0)
(-0.0308007 0.0128375 0)
(-0.0297929 0.016009 0)
(-0.0287705 0.019055 0)
(-0.0277434 0.0219753 0)
(-0.000906004 -0.11451 0)
(-0.00279752 -0.116399 0)
(-0.00468383 -0.115913 0)
(-0.00654607 -0.11518 0)
(-0.00839032 -0.114216 0)
(-0.0102097 -0.11302 0)
(-0.0119982 -0.111596 0)
(-0.0137499 -0.109949 0)
(-0.0154589 -0.108082 0)
(-0.017119 -0.105999 0)
(-0.0187245 -0.103708 0)
(-0.0202697 -0.101214 0)
(-0.021749 -0.0985266 0)
(-0.0231564 -0.0956524 0)
(-0.0244865 -0.092601 0)
(-0.0257347 -0.0893828 0)
(-0.0268966 -0.0860087 0)
(-0.0279677 -0.0824902 0)
(-0.0289439 -0.078839 0)
(-0.0298217 -0.0750678 0)
(-0.0305986 -0.0711901 0)
(-0.0312728 -0.0672196 0)
(-0.0318428 -0.0631708 0)
(-0.032308 -0.0590577 0)
(-0.0326684 -0.0548947 0)
(-0.0329251 -0.050696 0)
(-0.0330799 -0.0464759 0)
(-0.0331354 -0.0422483 0)
(-0.0330947 -0.0380269 0)
(-0.0329616 -0.0338246 0)
(-0.0327402 -0.0296535 0)
(-0.0324357 -0.0255254 0)
(-0.0320538 -0.021451 0)
(-0.0316004 -0.0174402 0)
(-0.0310818 -0.0135023 0)
(-0.0305039 -0.00964515 0)
(-0.0298727 -0.00587587 0)
(-0.0291937 -0.00219985 0)
(-0.0284722 0.00138497 0)
(-0.0277139 0.00487019 0)
(-0.0269255 0.00824524 0)
(-0.0261125 0.0115068 0)
(-0.0252787 0.0146528 0)
(-0.0244308 0.0176811 0)
(-0.0235771 0.020591 0)
(-0.000743366 -0.112029 0)
(-0.00229178 -0.113892 0)
(-0.0038318 -0.113423 0)
(-0.00535119 -0.112713 0)
(-0.00685509 -0.111779 0)
(-0.00833797 -0.110622 0)
(-0.00979509 -0.109245 0)
(-0.0112213 -0.107651 0)
(-0.0126117 -0.105845 0)
(-0.0139617 -0.103832 0)
(-0.0152669 -0.101617 0)
(-0.0165225 -0.0992085 0)
(-0.0177237 -0.0966123 0)
(-0.0188661 -0.0938369 0)
(-0.0199458 -0.0908914 0)
(-0.0209591 -0.0877857 0)
(-0.0219021 -0.0845299 0)
(-0.0227711 -0.0811346 0)
(-0.0235629 -0.0776112 0)
(-0.0242753 -0.0739718 0)
(-0.0249066 -0.070229 0)
(-0.0254553 -0.0663959 0)
(-0.0259201 -0.0624856 0)
(-0.0263004 -0.058511 0)
(-0.0265963 -0.0544857 0)
(-0.0268089 -0.050423 0)
(-0.0269398 -0.0463361 0)
(-0.0269912 -0.0422382 0)
(-0.0269652 -0.0381418 0)
(-0.0268648 -0.0340589 0)
(-0.0266934 -0.0300012 0)
(-0.0264549 -0.0259795 0)
(-0.026154 -0.0220042 0)
(-0.0257956 -0.0180848 0)
(-0.0253843 -0.0142302 0)
(-0.0249249 -0.0104482 0)
(-0.0244217 -0.00674597 0)
(-0.0238792 -0.00312993 0)
(-0.0233077 0.000397871 0)
(-0.0227032 0.00384042 0)
(-0.0220709 0.00717935 0)
(-0.0214191 0.0104116 0)
(-0.0207502 0.0135348 0)
(-0.0200688 0.0165467 0)
(-0.0193813 0.0194462 0)
(-0.000581844 -0.10998 0)
(-0.00178799 -0.111827 0)
(-0.00298645 -0.111372 0)
(-0.0041705 -0.110683 0)
(-0.00534191 -0.109775 0)
(-0.00649636 -0.108651 0)
(-0.00762979 -0.107313 0)
(-0.00873821 -0.105765 0)
(-0.00981806 -0.104011 0)
(-0.0108661 -0.102056 0)
(-0.0118788 -0.0999066 0)
(-0.0128522 -0.0975681 0)
(-0.013783 -0.0950482 0)
(-0.0146679 -0.0923548 0)
(-0.0155041 -0.0894968 0)
(-0.0162885 -0.0864835 0)
(-0.0170179 -0.0833244 0)
(-0.0176895 -0.0800297 0)
(-0.0183014 -0.0766104 0)
(-0.018852 -0.0730783 0)
(-0.0193403 -0.0694452 0)
(-0.0197647 -0.0657232 0)
(-0.0201244 -0.0619245 0)
(-0.0204188 -0.0580616 0)
(-0.0206482 -0.0541471 0)
(-0.0208138 -0.0501938 0)
(-0.0209168 -0.046214 0)
(-0.0209587 -0.0422201 0)
(-0.0209412 -0.0382239 0)
(-0.0208664 -0.0342367 0)
(-0.0207368 -0.0302696 0)
(-0.0205558 -0.0263332 0)
(-0.020327 -0.0224372 0)
(-0.020054 -0.018591 0)
(-0.0197405 -0.014803 0)
(-0.0193902 -0.0110811 0)
(-0.0190067 -0.00743255 0)
(-0.0185939 -0.00386424 0)
(-0.018156 -0.000381261 0)
(-0.017692 0.00302652 0)
(-0.0172112 0.00633634 0)
(-0.0167144 0.00954451 0)
(-0.0162039 0.0126486 0)
(-0.015683 0.0156462 0)
(-0.0151563 0.018536 0)
(-0.000415968 -0.108566 0)
(-0.00127858 -0.110401 0)
(-0.00214423 -0.109952 0)
(-0.00300083 -0.109276 0)
(-0.00384703 -0.108386 0)
(-0.00467959 -0.107285 0)
(-0.0054956 -0.105974 0)
(-0.00629263 -0.104457 0)
(-0.00706846 -0.102738 0)
(-0.0078207 -0.100823 0)
(-0.00854666 -0.0987164 0)
(-0.00924374 -0.0964255 0)
(-0.00990972 -0.0939573 0)
(-0.0105426 -0.0913199 0)
(-0.01114 -0.0885217 0)
(-0.0116995 -0.0855714 0)
(-0.0122189 -0.0824787 0)
(-0.0126965 -0.0792535 0)
(-0.0131313 -0.0759068 0)
(-0.0135223 -0.0724497 0)
(-0.0138686 -0.0688935 0)
(-0.0141689 -0.0652497 0)
(-0.0144227 -0.0615299 0)
(-0.0146297 -0.0577464 0)
(-0.0147906 -0.0539111 0)
(-0.0149061 -0.0500363 0)
(-0.0149772 -0.0461338 0)
(-0.0150049 -0.0422151 0)
(-0.0149903 -0.0382916 0)
(-0.0149349 -0.0343741 0)
(-0.0148407 -0.0304734 0)
(-0.0147101 -0.0265995 0)
(-0.0145459 -0.022762 0)
(-0.0143507 -0.0189697 0)
(-0.0141272 -0.0152309 0)
(-0.013878 -0.0115531 0)
(-0.0136062 -0.00794346 0)
(-0.0133146 -0.00440855 0)
(-0.0130033 -0.000954196 0)
(-0.0126756 0.00242403 0)
(-0.0123392 0.00571178 0)
(-0.0119922 0.00890158 0)
(-0.0116355 0.0119906 0)
(-0.0112708 0.0149765 0)
(-0.0109014 0.0178581 0)
(-0.000229444 -0.108222 0)
(-0.000745255 -0.109995 0)
(-0.00129214 -0.109553 0)
(-0.00182647 -0.108885 0)
(-0.0023503 -0.108005 0)
(-0.00286265 -0.106913 0)
(-0.0033629 -0.105612 0)
(-0.00385043 -0.104106 0)
(-0.0043242 -0.102398 0)
(-0.00478273 -0.100496 0)
(-0.00522444 -0.0984033 0)
(-0.00564799 -0.0961279 0)
(-0.00605219 -0.0936769 0)
(-0.00643568 -0.0910581 0)
(-0.0067969 -0.0882799 0)
(-0.00713429 -0.0853511 0)
(-0.00744669 -0.0822814 0)
(-0.00773334 -0.079081 0)
(-0.00799371 -0.0757605 0)
(-0.00822713 -0.0723308 0)
(-0.00843285 -0.0688028 0)
(-0.0086102 -0.0651881 0)
(-0.00875887 -0.0614982 0)
(-0.00887903 -0.0577451 0)
(-0.00897113 -0.0539408 0)
(-0.00903573 -0.0500971 0)
(-0.00907336 -0.0462254 0)
(-0.00908455 -0.0423371 0)
(-0.00907003 -0.0384433 0)
(-0.00903084 -0.034555 0)
(-0.00896837 -0.0306825 0)
(-0.00888422 -0.0268358 0)
(-0.00878007 -0.0230242 0)
(-0.00865764 -0.0192563 0)
(-0.00851864 -0.0155402 0)
(-0.00836495 -0.0118831 0)
(-0.00819873 -0.00829202 0)
(-0.00802223 -0.0047732 0)
(-0.00783538 -0.00133292 0)
(-0.00764058 0.00203028 0)
(-0.00744421 0.00530595 0)
(-0.00724482 0.0084838 0)
(-0.00703983 0.0115621 0)
(-0.00682939 0.0145393 0)
(-0.00661526 0.017414 0)
(-2.923e-05 -0.106885 0)
(-0.000188009 -0.108383 0)
(-0.000412751 -0.107988 0)
(-0.000606492 -0.107359 0)
(-0.000789366 -0.106512 0)
(-0.000964976 -0.105453 0)
(-0.00113495 -0.104188 0)
(-0.00129989 -0.10272 0)
(-0.00145978 -0.101055 0)
(-0.00161429 -0.0991989 0)
(-0.00176302 -0.0971566 0)
(-0.0019056 -0.0949349 0)
(-0.00204163 -0.0925409 0)
(-0.00217061 -0.0899818 0)
(-0.00229197 -0.0872659 0)
(-0.00240523 -0.0844018 0)
(-0.00251008 -0.081399 0)
(-0.00260632 -0.0782672 0)
(-0.00269371 -0.0750163 0)
(-0.00277195 -0.0716567 0)
(-0.00284072 -0.068199 0)
(-0.0028998 -0.0646542 0)
(-0.00294915 -0.0610339 0)
(-0.00298886 -0.0573493 0)
(-0.00301907 -0.0536119 0)
(-0.00303993 -0.0498329 0)
(-0.00305154 -0.0460233 0)
(-0.00305405 -0.0421942 0)
(-0.00304774 -0.0383564 0)
(-0.00303298 -0.0345206 0)
(-0.0030103 -0.0306968 0)
(-0.00298027 -0.0268948 0)
(-0.00294349 -0.0231234 0)
(-0.00290057 -0.019391 0)
(-0.00285221 -0.0157052 0)
(-0.00279928 -0.012073 0)
(-0.00274309 -0.00850031 0)
(-0.00268552 -0.00499206 0)
(-0.00262401 -0.00155892 0)
(-0.00257694 0.0017984 0)
(-0.00251229 0.0050705 0)
(-0.0024521 0.0082389 0)
(-0.0023888 0.0113092 0)
(-0.00232287 0.0142798 0)
(-0.00225518 0.0171494 0)
)
;

boundaryField
{
    leftWall
    {
        type            fixedValue;
        value           uniform (0 0 0);
    }
    rightWall
    {
        type            fixedValue;
        value           nonuniform 0();
    }
    lowerWall
    {
        type            fixedValue;
        value           nonuniform 0();
    }
    atmosphere
    {
        type            pressureInletOutletVelocity;
        value           nonuniform List<vector> 
45
(
(0 -0.106885 0)
(0 -0.108383 0)
(0 -0.107988 0)
(0 -0.107359 0)
(0 -0.106512 0)
(0 -0.105453 0)
(0 -0.104188 0)
(0 -0.10272 0)
(0 -0.101055 0)
(0 -0.0991989 0)
(0 -0.0971566 0)
(0 -0.0949349 0)
(0 -0.0925409 0)
(0 -0.0899818 0)
(0 -0.0872659 0)
(0 -0.0844018 0)
(0 -0.081399 0)
(0 -0.0782672 0)
(0 -0.0750163 0)
(0 -0.0716567 0)
(0 -0.068199 0)
(0 -0.0646542 0)
(0 -0.0610339 0)
(0 -0.0573493 0)
(0 -0.0536119 0)
(0 -0.0498329 0)
(0 -0.0460233 0)
(0 -0.0421942 0)
(0 -0.0383564 0)
(0 -0.0345206 0)
(0 -0.0306968 0)
(0 -0.0268948 0)
(0 -0.0231234 0)
(0 -0.019391 0)
(0 -0.0157052 0)
(0 -0.012073 0)
(0 -0.00850031 0)
(0 -0.00499206 0)
(0 -0.00155892 0)
(-0.00257694 0.0017984 0)
(-0.00251229 0.0050705 0)
(-0.0024521 0.0082389 0)
(-0.0023888 0.0113092 0)
(-0.00232287 0.0142798 0)
(-0.00225518 0.0171494 0)
)
;
    }
    defaultFaces
    {
        type            empty;
    }
    procBoundary2to0
    {
        type            processor;
        value           nonuniform List<vector> 
46
(
(0.0329334 -0.47319 0)
(0.0373612 -0.478945 0)
(0.0251501 -0.485611 0)
(0.035782 -0.51561 0)
(0.041889 0.265833 0)
(0.0328938 0.314334 0)
(0.0387237 0.305017 0)
(0.0373493 0.304312 0)
(0.0344031 0.304999 0)
(0.0308518 0.304083 0)
(0.0270491 0.301401 0)
(0.0233948 0.297124 0)
(0.0202446 0.291405 0)
(0.0176847 0.28459 0)
(0.0157426 0.277065 0)
(0.0144237 0.269119 0)
(0.0136707 0.260937 0)
(0.0133946 0.252659 0)
(0.0135107 0.244385 0)
(0.0139419 0.236191 0)
(0.0146145 0.228142 0)
(0.015461 0.22029 0)
(0.0164166 0.212668 0)
(0.0175783 0.205266 0)
(0.018532 0.198244 0)
(0.00112305 -0.410092 0)
(0.00315837 -0.41294 0)
(0.00508892 -0.41258 0)
(0.00709912 -0.413538 0)
(0.00906231 -0.414803 0)
(0.0109732 -0.416389 0)
(0.012841 -0.418289 0)
(0.0146551 -0.420493 0)
(0.0163943 -0.422992 0)
(0.0180451 -0.42578 0)
(0.0195983 -0.428848 0)
(0.0210455 -0.432188 0)
(0.0223768 -0.435792 0)
(0.023577 -0.439652 0)
(0.0246256 -0.443765 0)
(0.0255074 -0.448124 0)
(0.0262267 -0.452727 0)
(0.0268064 -0.457575 0)
(0.0271996 -0.462687 0)
(0.0276149 -0.468074 0)
(0.0276149 -0.468074 0)
)
;
    }
    procBoundary2to3
    {
        type            processor;
        value           nonuniform List<vector> 
43
(
(0.0121551 0.190155 0)
(0.00561546 0.188725 0)
(-0.00178042 0.186345 0)
(-0.00893684 0.184198 0)
(-0.0160158 0.181536 0)
(-0.0230278 0.178396 0)
(-0.0298975 0.174758 0)
(-0.0365547 0.170589 0)
(-0.0429249 0.165886 0)
(-0.0489265 0.16066 0)
(-0.0544767 0.154945 0)
(-0.0594993 0.148787 0)
(-0.0639285 0.142255 0)
(-0.0677135 0.135426 0)
(-0.0708218 0.128387 0)
(-0.07324 0.121228 0)
(-0.0749721 0.114037 0)
(-0.0760382 0.106898 0)
(-0.0764711 0.0998835 0)
(-0.0763136 0.0930575 0)
(-0.0756142 0.0864722 0)
(-0.0744247 0.0801684 0)
(-0.0727979 0.0741759 0)
(-0.0707858 0.068515 0)
(-0.0684382 0.0631982 0)
(-0.0658019 0.0582315 0)
(-0.0629191 0.053615 0)
(-0.0598269 0.0493444 0)
(-0.0565579 0.0454113 0)
(-0.0531411 0.0418057 0)
(-0.0496011 0.0385164 0)
(-0.0459589 0.0355315 0)
(-0.0422313 0.032839 0)
(-0.0384326 0.0304269 0)
(-0.0345742 0.0282845 0)
(-0.0306649 0.0264018 0)
(-0.0267112 0.0247703 0)
(-0.0227182 0.0233825 0)
(-0.018689 0.0222327 0)
(-0.0146256 0.0213173 0)
(-0.0105288 0.0206343 0)
(-0.00639867 0.0201859 0)
(-0.00218665 0.0199176 0)
)
;
    }
}


// ************************************************************************* //
