/*--------------------------------*- C++ -*----------------------------------*\
| =========                 |                                                 |
| \\      /  F ield         | OpenFOAM: The Open Source CFD Toolbox           |
|  \\    /   O peration     | Version:  3.0.1                                 |
|   \\  /    A nd           | Web:      www.OpenFOAM.org                      |
|    \\/     M anipulation  |                                                 |
\*---------------------------------------------------------------------------*/
FoamFile
{
    version     2.0;
    format      ascii;
    class       surfaceScalarField;
    location    "0.1";
    object      alphaPhi;
}
// * * * * * * * * * * * * * * * * * * * * * * * * * * * * * * * * * * * * * //

dimensions      [0 3 -1 0 0 0 0];

internalField   nonuniform List<scalar> 
3742
(
4.86195e-07
-7.39064e-05
2.3097e-08
-6.64365e-05
1.3346e-07
-4.86489e-05
-1.88115e-07
-1.42418e-05
7.92669e-09
-9.50769e-07
1.34271e-09
6.93201e-09
6.44298e-11
1.24009e-09
1.63636e-12
6.37988e-11
1.53371e-14
1.64023e-12
-1.67886e-17
1.70091e-14
-2.59348e-18
3.38179e-16
-7.23726e-19
6.02416e-17
-1.30373e-19
8.93722e-18
-1.98659e-20
1.19985e-18
-2.79686e-21
1.55357e-19
-3.78982e-22
1.99609e-20
-5.03671e-23
2.58441e-21
-6.61665e-24
3.39206e-22
-8.61799e-25
4.5161e-23
-1.11315e-25
6.09316e-24
-1.42277e-26
8.3162e-25
-1.79351e-27
1.14507e-25
-2.21742e-28
1.58649e-26
-2.67493e-29
2.20379e-27
3.066e-28
3.1313e-07
-5.89748e-05
3.03812e-07
-5.89417e-05
4.55852e-07
-5.8528e-05
6.01844e-07
-5.81969e-05
7.29427e-07
-5.76257e-05
8.41286e-07
-5.68866e-05
9.33405e-07
-5.59425e-05
1.00335e-06
-5.47747e-05
1.04737e-06
-5.33572e-05
1.06514e-06
-5.16746e-05
1.05452e-06
-4.97956e-05
1.01346e-06
-4.75868e-05
9.41052e-07
-4.52056e-05
8.31141e-07
-4.26566e-05
6.80034e-07
-3.98712e-05
4.87862e-07
-3.70106e-05
2.60219e-07
-3.42253e-05
2.1677e-08
-3.14194e-05
-1.55146e-07
-2.86066e-05
-1.26296e-07
-2.528e-05
3.17869e-07
-1.85063e-05
8.3458e-07
-9.7489e-06
8.21183e-07
-6.91462e-07
3.71405e-07
-1.12254e-05
2.57043e-08
-3.17696e-06
1.41741e-08
2.38006e-09
1.00589e-09
1.30641e-08
3.56006e-11
9.61292e-10
4.40617e-13
4.58133e-11
-5.10292e-16
4.13919e-13
-2.62839e-18
2.14528e-16
-5.31303e-19
3.66913e-17
-7.81681e-20
4.5122e-18
-1.02233e-20
5.20435e-19
-1.27184e-21
5.93862e-20
-1.55388e-22
6.84333e-21
-1.89072e-23
8.05055e-22
-2.30244e-24
9.69799e-23
-2.80939e-25
1.1946e-23
-3.43177e-26
1.50084e-24
-4.186e-27
1.91732e-25
-5.08114e-28
2.48146e-26
-6.10886e-29
3.24177e-27
-7.26168e-30
4.25616e-28
5.60959e-29
2.35896e-08
-8.84698e-06
-7.0198e-08
-8.28906e-06
-7.93303e-08
-7.73892e-06
-1.08371e-07
-7.05023e-06
-1.45481e-07
-6.0095e-06
-1.92647e-07
-4.80696e-06
-2.45743e-07
-3.7599e-06
-3.03589e-07
-2.67323e-06
-3.60236e-07
-1.53769e-06
-4.1303e-07
-4.20082e-07
-4.53885e-07
2.47416e-13
-4.78171e-07
2.71491e-13
-4.9155e-07
1.04361e-12
-4.91228e-07
9.82315e-12
-4.73285e-07
4.25669e-12
-4.33704e-07
5.55395e-12
-3.62791e-07
1.94562e-11
-2.47518e-07
1.90527e-11
-8.08928e-08
7.6532e-12
1.05642e-07
-2.76736e-11
4.84827e-07
-1.48327e-10
5.16939e-07
-1.58434e-09
4.19971e-08
-2.79257e-09
8.22916e-07
-2.29167e-09
4.49514e-07
-2.79007e-06
9.32998e-09
-1.94306e-07
1.49645e-09
1.97665e-08
6.22653e-11
2.36499e-09
3.5555e-13
1.06749e-10
-1.65641e-16
9.45205e-13
-2.63117e-18
5.47976e-17
-3.73268e-19
2.14196e-17
-4.42106e-20
2.16933e-18
-4.92399e-21
2.14607e-19
-5.38563e-22
2.15678e-20
-5.90882e-23
2.22922e-21
-6.55736e-24
2.38382e-22
-7.37239e-25
2.63712e-23
-8.38839e-26
3.00754e-24
-9.63599e-27
3.52136e-25
-1.1137e-27
4.21435e-26
-1.2898e-28
5.13177e-27
-1.48923e-29
6.32878e-28
-1.7117e-30
7.86517e-29
9.83255e-30
-1.33136e-08
3.8735e-17
-3.29097e-08
5.41301e-16
-4.04323e-08
4.72625e-15
-4.75368e-08
4.76359e-14
-4.86164e-08
1.39315e-13
-4.7279e-08
2.20046e-13
-4.07005e-08
2.42726e-13
-2.77818e-08
2.39174e-13
-8.59557e-09
1.93237e-13
2.8279e-14
1.47341e-13
3.42864e-14
3.23545e-13
1.41072e-13
7.25342e-13
1.39063e-12
3.66899e-12
6.05437e-13
1.91287e-11
7.2721e-13
1.51842e-11
2.05087e-12
2.51407e-11
1.16132e-12
5.31261e-11
-2.14449e-13
5.19439e-11
-9.53377e-13
1.86729e-11
1.41605e-12
-3.00378e-11
2.73094e-11
-1.73131e-10
2.12153e-10
-1.75648e-09
4.99628e-10
-2.83528e-09
4.92114e-10
-2.15595e-09
2.56727e-07
-2.41682e-07
5.53713e-08
-2.88443e-07
1.14016e-09
3.36953e-08
7.22749e-12
3.56883e-09
-7.56838e-13
1.14747e-10
-4.21013e-17
1.82384e-13
-2.40428e-18
1.60075e-17
-2.45113e-19
1.17493e-17
-2.33767e-20
9.79994e-19
-2.21216e-21
8.33373e-20
-2.12296e-22
7.38864e-21
-2.08815e-23
6.86021e-22
-2.11019e-24
6.67789e-23
-2.1867e-25
6.79296e-24
-2.31559e-26
7.18166e-25
-2.49542e-27
7.84582e-26
-2.72427e-28
8.80746e-27
-2.99811e-29
1.01032e-27
-3.30773e-30
1.17783e-28
-3.64968e-31
1.38761e-29
1.64784e-30
1.16348e-17
1.60833e-17
1.88755e-16
3.18754e-16
2.6596e-15
4.74724e-15
1.0194e-14
4.72491e-14
1.98444e-14
1.38617e-13
2.59329e-14
2.2933e-13
2.94046e-14
3.08864e-13
2.64069e-14
3.4038e-13
2.172e-14
3.12471e-13
5.01402e-14
2.45862e-13
1.15092e-13
2.64809e-13
5.82504e-13
5.89008e-13
2.92241e-12
1.88024e-12
2.10537e-12
5.32013e-12
2.91589e-12
1.26207e-11
4.15931e-12
2.75918e-11
9.14959e-13
5.8348e-11
-3.90406e-12
5.68748e-11
-3.73029e-12
3.2502e-12
2.98061e-11
-6.39177e-11
2.97266e-10
-4.22203e-10
1.15881e-09
-2.477e-09
2.58244e-09
-4.48581e-09
3.66857e-09
-3.22043e-09
1.84699e-08
-2.73104e-08
1.45875e-08
-3.40425e-07
-1.39541e-09
6.33891e-08
-1.30282e-10
2.31673e-09
-1.54175e-13
1.84918e-11
-1.22073e-17
2.80971e-14
-1.91729e-18
5.72619e-18
-1.46048e-19
5.91047e-18
-1.1357e-20
4.0919e-19
-9.17676e-22
3.01098e-20
-7.74578e-23
2.36555e-21
-6.8394e-24
1.97972e-22
-6.29808e-25
1.75905e-23
-6.01691e-26
1.64914e-24
-5.92918e-27
1.61947e-25
-5.99127e-28
1.6538e-26
-6.17228e-29
1.7443e-27
-6.4451e-30
1.88802e-28
-6.77949e-31
2.08409e-29
-7.16028e-32
2.33136e-30
2.63441e-31
9.38724e-18
6.51993e-18
2.18062e-16
1.52973e-16
3.14176e-15
1.85506e-15
1.18744e-14
1.34806e-14
2.40511e-14
3.65123e-14
3.80046e-14
5.92551e-14
4.77001e-14
8.07964e-14
4.87413e-14
9.33917e-14
4.21421e-14
9.29245e-14
4.86034e-14
8.93667e-14
1.12736e-13
1.44351e-13
3.67042e-13
4.50019e-13
1.02423e-12
1.46641e-12
2.28951e-12
3.86291e-12
4.44369e-12
7.75033e-12
7.55766e-12
1.19139e-11
4.89948e-12
1.57839e-11
9.62666e-14
1.36221e-11
-1.47671e-13
-3.62068e-11
7.46175e-11
-2.21012e-10
7.27348e-10
-1.94354e-09
2.21925e-09
-8.21553e-09
2.49172e-09
-1.32817e-08
3.39496e-09
-8.7649e-09
-2.28856e-08
-2.93801e-08
-5.22373e-08
-1.41081e-09
-1.76724e-09
1.27973e-08
-1.92863e-11
5.73447e-10
-2.10285e-14
9.38407e-12
-4.11485e-18
7.11869e-15
-1.29371e-18
2.58755e-18
-7.68472e-20
2.66021e-18
-4.97356e-21
1.55127e-19
-3.46936e-22
9.98399e-21
-2.59271e-23
7.00217e-22
-2.0641e-24
5.311e-23
-1.73719e-25
4.32587e-24
-1.53326e-26
3.75067e-25
-1.40801e-27
3.43108e-26
-1.33527e-28
3.28346e-27
-1.29875e-29
3.26118e-28
-1.28683e-30
3.33764e-29
-1.28993e-31
3.49537e-30
-1.30305e-32
3.7198e-31
4.00735e-32
4.70501e-18
5.81056e-19
9.18274e-17
1.09339e-17
9.83265e-16
9.4173e-17
3.42552e-15
4.55706e-16
6.80916e-15
9.56317e-16
1.09098e-14
9.58209e-16
1.43907e-14
9.55051e-16
1.59895e-14
9.7156e-16
1.6877e-14
1.72541e-15
2.94138e-14
7.62687e-15
9.76963e-14
3.86774e-14
3.34677e-13
1.63319e-13
9.05795e-13
5.3914e-13
1.82376e-12
1.32761e-12
2.74117e-12
2.23577e-12
3.45351e-12
2.01712e-12
2.74532e-12
-1.48609e-12
-6.45106e-12
-7.60399e-12
1.76405e-11
-6.05203e-11
1.3378e-10
-4.10697e-10
8.07292e-10
-3.18618e-09
-8.1664e-09
-2.96119e-08
-7.59578e-09
-7.09513e-08
-5.6293e-09
-4.32722e-08
-1.09784e-07
-2.25049e-08
-1.17193e-08
3.17558e-09
-5.01088e-10
1.52417e-09
-7.15505e-12
8.21673e-11
-6.07577e-15
1.14812e-12
-1.48635e-18
1.15225e-15
-7.22404e-19
1.37435e-18
-3.49129e-20
1.05001e-18
-1.92819e-21
5.25214e-20
-1.17907e-22
2.99692e-21
-7.88056e-24
1.89479e-22
-5.6965e-25
1.31215e-23
-4.40411e-26
9.85392e-25
-3.60473e-27
7.93817e-26
-3.09368e-28
6.79083e-27
-2.75948e-29
6.11005e-28
-2.53819e-30
5.73118e-29
-2.38923e-31
5.56048e-30
-2.28419e-32
5.53794e-31
-2.20809e-33
5.61927e-32
5.78397e-33
3.07908e-19
-7.30039e-29
4.79265e-18
-4.9883e-27
3.45704e-17
-1.6469e-25
9.46998e-17
-3.51816e-24
1.16967e-16
-5.43477e-23
1.37996e-16
-6.36728e-22
1.61533e-16
-5.73056e-21
3.23384e-16
-3.88322e-20
1.58572e-15
-2.25936e-19
8.80318e-15
-1.19136e-18
4.02339e-14
-6.46792e-18
1.4209e-13
-2.60618e-17
3.70145e-13
-1.0827e-16
6.53267e-13
-8.055e-16
6.13152e-13
-9.96825e-15
-1.36096e-13
-1.13706e-13
-1.68936e-12
-3.12946e-13
-4.96573e-12
-4.31589e-12
-2.999e-11
-3.79984e-11
-2.06424e-10
-2.53091e-10
-1.43852e-09
-2.18297e-09
-5.64282e-08
-1.55446e-08
-9.3069e-08
-2.45858e-08
-8.71623e-08
-6.18426e-09
-5.09072e-08
1.2342e-09
-1.33045e-09
3.58479e-09
-6.82053e-11
2.5537e-10
-9.84663e-13
1.36909e-11
-7.4391e-16
1.79632e-13
-6.60322e-19
1.88519e-16
-3.30847e-19
6.59252e-19
-1.34959e-20
3.58377e-19
-6.5232e-22
1.56664e-20
-3.55803e-23
8.04348e-22
-2.15332e-24
4.63683e-23
-1.42613e-25
2.95783e-24
-1.01976e-26
2.0625e-25
-7.78099e-28
1.55267e-26
-6.26674e-29
1.24807e-27
-5.27487e-30
1.06009e-28
-4.60041e-31
9.42395e-30
-4.12288e-32
8.69479e-31
-3.76574e-33
8.25859e-32
-3.48826e-34
8.01083e-33
7.89781e-34
-1.35174e-28
-3.37293e-29
-8.86125e-27
-2.52472e-27
-2.82988e-25
-8.8277e-26
-5.79081e-24
-1.9984e-24
-8.42504e-23
-3.26908e-23
-9.04605e-22
-4.1077e-22
-7.11362e-21
-4.10682e-21
-3.79232e-20
-3.33837e-20
-1.45599e-19
-2.23487e-19
-3.96941e-19
-1.23908e-18
-1.39071e-18
-5.67764e-18
-6.28071e-18
-2.12282e-17
-5.17841e-17
-6.28074e-17
-7.19107e-16
-1.38362e-16
-1.04739e-14
-2.14515e-16
-1.24311e-13
1.3428e-16
-4.37402e-13
1.36729e-16
-4.74575e-12
7.5365e-16
-3.92764e-11
-9.65539e-14
-2.95221e-10
-6.24402e-13
-2.47349e-09
-3.60092e-12
-9.81563e-09
-2.60924e-11
-2.52987e-08
-8.10226e-11
-1.09859e-08
-2.38487e-10
-3.4089e-09
-6.21899e-11
-2.38321e-10
3.66788e-10
-1.24282e-11
2.5594e-11
-1.47411e-13
1.38504e-12
-1.63347e-16
1.78417e-14
-3.58713e-19
2.26712e-17
-1.24215e-19
2.7152e-19
-4.40541e-21
1.04755e-19
-1.9069e-22
4.07346e-21
-9.44166e-24
1.91012e-22
-5.24345e-25
1.01624e-23
-3.21453e-26
6.0304e-25
-2.14302e-27
3.93597e-26
-1.53407e-28
2.78742e-27
-1.16543e-29
2.1171e-28
-9.29595e-31
1.70571e-29
-7.71388e-32
1.44304e-30
-6.60091e-33
1.27071e-31
-5.77413e-34
1.15485e-32
-5.13573e-35
1.07408e-33
1.01708e-34
-7.15669e-29
-6.74577e-30
-5.11351e-27
-5.15642e-28
-1.73416e-25
-1.84032e-26
-3.78456e-24
-4.2281e-25
-5.94044e-23
-7.0108e-24
-7.12542e-22
-8.90684e-23
-6.76202e-21
-8.98257e-22
-5.1824e-20
-7.35103e-21
-3.24191e-19
-4.94967e-20
-1.65793e-18
-2.76508e-19
-6.86313e-18
-1.28713e-18
-2.2354e-17
-4.99833e-18
-5.40289e-17
-1.6167e-17
-9.18129e-17
-4.33891e-17
-1.75279e-16
-9.62037e-17
7.08452e-17
-1.98041e-16
4.32738e-16
-3.02176e-16
-2.2296e-14
-7.48212e-16
-1.16489e-13
-7.28526e-15
-7.34623e-13
-3.45065e-14
-4.18019e-12
-1.59112e-13
-2.95477e-11
-9.96107e-13
-1.06827e-10
-2.8735e-12
-3.36253e-10
-5.85e-12
-3.83188e-10
-5.12347e-12
-2.51922e-11
8.80471e-12
-1.28702e-12
8.23111e-13
-1.62802e-14
7.38027e-14
-1.46794e-17
1.24279e-15
-1.65686e-19
3.59157e-18
-3.8339e-20
9.9112e-20
-1.21059e-21
2.60306e-20
-4.7883e-23
9.15465e-22
-2.18799e-24
3.97874e-23
-1.12996e-25
1.97793e-24
-6.48141e-27
1.10323e-25
-4.06371e-28
6.79874e-27
-2.74857e-29
4.56281e-28
-1.98118e-30
3.29509e-29
-1.50487e-31
2.53176e-30
-1.19305e-32
2.04795e-31
-9.78238e-34
1.7283e-32
-8.22e-35
1.50847e-33
-7.03847e-36
1.34971e-34
1.2314e-35
-1.56538e-29
-7.69803e-31
-1.139e-27
-6.11447e-29
-3.94454e-26
-2.28202e-27
-8.7473e-25
-5.48904e-26
-1.39357e-23
-9.57109e-25
-1.69316e-22
-1.28627e-23
-1.62497e-21
-1.38209e-22
-1.25899e-20
-1.21573e-21
-7.98246e-20
-8.89272e-21
-4.17548e-19
-5.46556e-20
-1.80912e-18
-2.84094e-19
-6.49824e-18
-1.25323e-18
-1.93212e-17
-4.69676e-18
-4.74645e-17
-1.49542e-17
-9.65323e-17
-4.0585e-17
-1.853e-16
-9.56866e-17
-5.17847e-16
-2.08394e-16
-6.97407e-16
-4.72799e-16
-5.60503e-15
-1.4161e-15
-3.47112e-14
-6.68928e-15
-1.67086e-13
-3.28678e-14
-8.87676e-13
-2.42757e-13
-2.52139e-12
-1.04458e-12
-6.24696e-12
-1.33954e-12
-8.79429e-12
-2.20346e-13
-8.57343e-13
5.2545e-13
-7.10986e-14
4.88112e-14
-1.06535e-15
3.84724e-15
-5.17297e-18
1.5552e-16
-6.44091e-20
2.09695e-18
-9.75985e-21
3.12825e-20
-2.79833e-22
5.45795e-21
-1.02943e-23
1.76492e-22
-4.40715e-25
7.2141e-24
-2.14366e-26
3.39328e-25
-1.16278e-27
1.79817e-26
-6.91794e-29
1.05591e-27
-4.45441e-30
6.76854e-29
-3.06581e-31
4.67916e-30
-2.22962e-32
3.44886e-31
-1.69663e-33
2.68123e-32
-1.33834e-34
2.17845e-33
-1.08406e-35
1.83348e-34
-8.96359e-37
1.5841e-35
1.39715e-36
-1.98276e-30
-6.59261e-32
-1.5052e-28
-5.47476e-30
-5.475e-27
-2.14382e-28
-1.27997e-25
-5.43224e-27
-2.16281e-24
-1.00037e-25
-2.8085e-23
-1.42368e-24
-2.90737e-22
-1.62392e-23
-2.45666e-21
-1.51946e-22
-1.72112e-20
-1.18395e-21
-1.01015e-19
-7.75703e-21
-4.9987e-19
-4.29806e-20
-2.093e-18
-2.01974e-19
-7.43261e-18
-8.05396e-19
-2.25138e-17
-2.72195e-18
-5.94456e-17
-7.77623e-18
-1.45988e-16
-1.87155e-17
-3.7766e-16
-3.78206e-17
-5.34493e-16
-6.40416e-17
-1.94462e-15
-9.87841e-17
-8.7409e-15
-1.19678e-16
-4.17894e-14
-1.58395e-16
-4.59076e-13
-1.82665e-16
-4.31796e-12
-2.54382e-16
-2.9687e-12
-7.56941e-17
-5.8028e-13
-1.16129e-15
-5.20491e-14
8.99308e-16
-3.64165e-15
6.6094e-16
-1.17716e-16
2.68148e-16
-4.22783e-18
2.79531e-17
-2.04985e-20
1.39512e-18
-2.05087e-21
8.18766e-21
-5.43656e-23
9.56993e-22
-1.89018e-24
2.89611e-23
-7.68801e-26
1.13023e-24
-3.56493e-27
5.09545e-26
-1.84781e-28
2.59404e-27
-1.0526e-29
1.4654e-28
-6.50218e-31
9.0467e-30
-4.30176e-32
6.03024e-31
-3.01263e-33
4.29078e-32
-2.21146e-34
3.22386e-33
-1.68561e-35
2.53428e-34
-1.32125e-36
2.06595e-35
-1.05858e-37
1.73048e-36
1.48087e-37
-1.89067e-31
-2.6332e-33
-1.5061e-29
-2.32265e-31
-5.7708e-28
-9.70037e-30
-1.42725e-26
-2.63734e-28
-2.55887e-25
-5.24379e-27
-3.5354e-24
-8.11058e-26
-3.90313e-23
-1.01305e-24
-3.52345e-22
-1.04691e-23
-2.63994e-21
-9.09899e-23
-1.65745e-20
-6.72506e-22
-8.77068e-20
-4.25837e-21
-3.9237e-19
-2.32097e-20
-1.48555e-18
-1.09168e-19
-4.7586e-18
-4.4351e-19
-1.28849e-17
-1.55527e-18
-2.94819e-17
-4.69802e-18
-5.71223e-17
-1.21824e-17
-9.43246e-17
-2.69865e-17
-1.36791e-16
-5.07572e-17
-1.73048e-16
-8.04157e-17
-2.1038e-16
-1.06262e-16
-2.59234e-16
-1.15896e-16
-3.82544e-16
-1.03416e-16
-6.91677e-16
-7.48482e-17
-1.91427e-15
-4.12377e-17
-1.00688e-15
-9.24142e-18
-2.9242e-16
5.75182e-17
-5.25128e-17
3.83346e-17
-1.99507e-18
1.0488e-17
-5.18088e-21
5.29138e-19
-3.54554e-22
1.70579e-21
-8.85144e-24
1.38825e-22
-2.95438e-25
4.01013e-24
-1.15725e-26
1.51851e-25
-5.17665e-28
6.65164e-27
-2.59056e-29
3.29127e-28
-1.42572e-30
1.80668e-29
-8.51582e-32
1.08358e-30
-5.45294e-33
7.01754e-32
-3.69971e-34
4.85279e-33
-2.63379e-35
3.54476e-34
-1.94894e-36
2.71035e-35
-1.48451e-37
2.15024e-36
-1.15677e-38
1.75364e-37
1.46175e-38
-8.47483e-33
-1.02539e-34
-7.206e-31
-9.80658e-33
-2.96447e-29
-4.44708e-31
-7.92428e-28
-1.31779e-29
-1.54651e-26
-2.8681e-28
-2.34387e-25
-4.87783e-27
-2.86362e-24
-6.73113e-26
-2.8896e-23
-7.72352e-25
-2.44801e-22
-7.49175e-24
-1.76083e-21
-6.21235e-23
-1.08357e-20
-4.43667e-22
-5.73359e-20
-2.74133e-21
-2.61678e-19
-1.4688e-20
-1.03172e-18
-6.82714e-20
-3.51523e-18
-2.74964e-19
-1.03431e-17
-9.57054e-19
-2.62457e-17
-2.86724e-18
-5.7346e-17
-7.35396e-18
-1.07818e-16
-1.60439e-17
-1.74705e-16
-2.95362e-17
-2.45397e-16
-4.53674e-17
-3.02946e-16
-5.7207e-17
-3.3846e-16
-5.79954e-17
-3.57768e-16
-4.58764e-17
-3.61856e-16
-2.6359e-17
-2.66331e-16
-8.33882e-18
-1.21763e-16
4.4627e-18
-2.27516e-17
1.03041e-17
-5.63115e-19
3.38205e-18
-1.01327e-21
1.18385e-19
-5.00824e-23
2.73655e-22
-1.20142e-24
1.64545e-23
-3.91308e-26
4.64072e-25
-1.49681e-27
1.73572e-26
-6.53703e-29
7.49637e-28
-3.19148e-30
3.65006e-29
-1.71249e-31
1.96766e-30
-9.97009e-33
1.15708e-31
-6.22286e-34
7.33915e-33
-4.11603e-35
4.96733e-34
-2.85749e-36
3.54973e-35
-2.06296e-37
2.65475e-36
-1.53374e-38
2.05998e-37
-1.167e-39
1.64322e-38
1.33971e-39
-3.74276e-34
-1.23867e-36
-3.46379e-32
-1.2556e-34
-1.55535e-30
-6.02329e-33
-4.55666e-29
-1.88995e-31
-9.79139e-28
-4.36097e-30
-1.64179e-26
-7.87764e-29
-2.23048e-25
-1.15716e-27
-2.51592e-24
-1.41711e-26
-2.3953e-23
-1.47164e-25
-1.94653e-22
-1.3113e-24
-1.3603e-21
-1.01067e-23
-8.21337e-21
-6.77376e-23
-4.29574e-20
-3.96037e-22
-1.94795e-19
-2.02274e-21
-7.65528e-19
-9.02412e-21
-2.60358e-18
-3.51151e-20
-7.64637e-18
-1.18841e-19
-1.93393e-17
-3.48292e-19
-4.20029e-17
-8.78738e-19
-7.81071e-17
-1.89282e-18
-1.23931e-16
-3.43921e-18
-1.67057e-16
-5.18134e-18
-1.90173e-16
-6.31639e-18
-1.80478e-16
-5.99895e-18
-1.37447e-16
-4.13478e-18
-7.70296e-17
-1.74736e-18
-2.71773e-17
-2.11268e-19
-6.21629e-18
1.21083e-18
-1.00144e-19
6.50948e-19
-1.50233e-22
1.62934e-20
-5.72343e-24
3.29189e-23
-1.34972e-25
1.57056e-24
-4.36694e-27
4.44052e-26
-1.65541e-28
1.67354e-27
-7.14727e-30
7.2416e-29
-3.44105e-31
3.51626e-30
-1.81718e-32
1.8826e-31
-1.03975e-33
1.09601e-32
-6.37187e-35
6.86635e-34
-4.13538e-36
4.58247e-35
-2.81593e-37
3.22486e-36
-1.9937e-38
2.37293e-37
-1.45352e-39
1.81052e-38
-1.08447e-40
1.41937e-39
1.13681e-40
-4.97216e-36
-3.32971e-39
-4.88249e-34
-3.49908e-37
-2.32461e-32
-1.73746e-35
-7.23026e-31
-5.64333e-34
-1.65208e-29
-1.34849e-32
-2.95211e-28
-2.52477e-31
-4.28527e-27
-3.84905e-30
-5.18083e-26
-4.90071e-29
-5.30623e-25
-5.30315e-28
-4.65877e-24
-4.93785e-27
-3.53522e-23
-3.99088e-26
-2.33142e-22
-2.81689e-25
-1.3409e-21
-1.74343e-24
-6.73861e-21
-9.48494e-24
-2.96066e-20
-4.54089e-23
-1.13663e-19
-1.91285e-22
-3.80697e-19
-7.08116e-22
-1.10945e-18
-2.29802e-21
-2.80221e-18
-6.51422e-21
-6.09891e-18
-1.60451e-20
-1.13393e-17
-3.40714e-20
-1.77705e-17
-6.16782e-20
-2.29882e-17
-9.37267e-20
-2.37336e-17
-1.16838e-19
-1.84949e-17
-1.14673e-19
-1.00106e-17
-8.12358e-20
-3.84433e-18
-3.22757e-20
-1.09916e-18
3.22921e-20
-1.14847e-20
7.22417e-20
-1.65886e-23
1.38827e-21
-5.22589e-25
2.89502e-24
-1.24386e-26
1.18686e-25
-4.07803e-28
3.47098e-27
-1.55668e-29
1.3485e-28
-6.73351e-31
5.9511e-30
-3.23331e-32
2.92371e-31
-1.69697e-33
1.57359e-32
-9.62439e-35
9.16372e-34
-5.83492e-36
5.72128e-35
-3.74071e-37
3.79455e-36
-2.51339e-38
2.64799e-37
-1.75455e-39
1.92895e-38
-1.26046e-40
1.45521e-39
-9.26221e-42
1.12683e-40
8.90663e-42
-1.43195e-38
-3.86593e-42
-1.4578e-36
-4.29956e-40
-7.19146e-35
-2.26193e-38
-2.31853e-33
-7.78932e-37
-5.49555e-32
-1.97644e-35
-1.01998e-30
-3.9366e-34
-1.54049e-29
-6.39894e-33
-1.94207e-28
-8.71056e-32
-2.07994e-27
-1.01099e-30
-1.91609e-26
-1.01349e-29
-1.53199e-25
-8.8579e-29
-1.06986e-24
-6.79571e-28
-6.55487e-24
-4.59868e-27
-3.53396e-23
-2.75395e-26
-1.67958e-22
-1.46246e-25
-7.0426e-22
-6.89298e-25
-2.60514e-21
-2.88308e-24
-8.4938e-21
-1.0688e-23
-2.43648e-20
-3.50333e-23
-6.13071e-20
-1.01137e-22
-1.34666e-19
-2.556e-22
-2.56335e-19
-5.60458e-22
-4.18166e-19
-1.05231e-21
-5.74835e-19
-1.65746e-21
-6.48446e-19
-2.11441e-21
-5.75333e-19
-2.0448e-21
-3.73662e-19
-1.29487e-21
-1.1937e-19
-3.09917e-22
-8.46673e-22
3.64445e-21
-1.33819e-24
7.05857e-23
-3.75584e-26
1.8031e-25
-9.30503e-28
6.95235e-27
-3.16151e-29
2.18512e-28
-1.23684e-30
8.98647e-30
-5.43766e-32
4.12666e-31
-2.63577e-33
2.0843e-32
-1.38909e-34
1.14261e-33
-7.87929e-36
6.7298e-35
-4.76301e-37
4.22719e-36
-3.03735e-38
2.80929e-37
-2.02629e-39
1.95821e-38
-1.40249e-40
1.42137e-39
-9.97847e-42
1.0664e-40
-7.25483e-43
8.19931e-42
6.4264e-43
-1.81412e-41
-2.4851e-45
-1.95562e-39
-2.82422e-43
-1.02352e-37
-1.52052e-41
-3.50521e-36
-5.35609e-40
-8.84226e-35
-1.39027e-38
-1.75051e-33
-2.8333e-37
-2.8277e-32
-4.71436e-36
-3.82485e-31
-6.57389e-35
-4.41146e-30
-7.82446e-34
-4.39548e-29
-8.05581e-33
-3.81994e-28
-7.24575e-32
-2.91617e-27
-5.73575e-31
-1.96584e-26
-4.01834e-30
-1.17465e-25
-2.5018e-29
-6.2381e-25
-1.38846e-28
-2.94922e-24
-6.88381e-28
-1.2423e-23
-3.05318e-27
-4.66203e-23
-1.21238e-26
-1.55704e-22
-4.31079e-26
-4.61722e-22
-1.37173e-25
-1.21055e-21
-3.90049e-25
-2.78655e-21
-9.88307e-25
-5.56778e-21
-2.22047e-24
-9.47865e-21
-4.3833e-24
-1.33317e-20
-7.46691e-24
-1.4725e-20
-1.05783e-23
-1.18388e-20
-1.14759e-23
-6.68137e-21
-7.54672e-24
-3.86502e-23
-1.97407e-25
-7.67509e-26
1.90356e-24
-2.08451e-27
7.57806e-27
-5.57921e-29
3.06936e-28
-2.01614e-30
1.08865e-29
-8.24474e-32
4.89289e-31
-3.74261e-33
2.3927e-32
-1.85525e-34
1.26487e-33
-9.92625e-36
7.16492e-35
-5.68455e-37
4.31947e-36
-3.45459e-38
2.75747e-37
-2.2073e-39
1.85242e-38
-1.47157e-40
1.29969e-39
-1.01577e-41
9.46419e-41
-7.19507e-43
7.10469e-42
-5.20055e-44
5.45392e-43
4.25993e-44
-1.22667e-44
-4.77333e-49
-1.3501e-42
-5.83505e-47
-7.22786e-41
-3.3927e-45
-2.53175e-39
-1.29436e-43
-6.53441e-38
-3.64893e-42
-1.32419e-36
-8.10069e-41
-2.19123e-35
-1.47304e-39
-3.03943e-34
-2.25279e-38
-3.59998e-33
-2.95227e-37
-3.69064e-32
-3.361e-36
-3.30826e-31
-3.3583e-35
-2.61315e-30
-2.96817e-34
-1.82984e-29
-2.33425e-33
-1.14129e-28
-1.64066e-32
-6.36441e-28
-1.03399e-31
-3.18297e-27
-5.85588e-31
-1.43128e-26
-2.98395e-30
-5.79923e-26
-1.36847e-29
-2.12108e-25
-5.64404e-29
-7.01309e-25
-2.08903e-28
-2.09801e-24
-6.91273e-28
-5.67782e-24
-2.03241e-27
-1.38704e-23
-5.25766e-27
-3.03966e-23
-1.17824e-26
-5.89021e-23
-2.22958e-26
-9.78038e-23
-3.40917e-26
-1.295e-22
-3.88038e-26
-1.10836e-22
-2.74775e-26
-9.88135e-25
-6.81546e-27
-2.99768e-27
1.75792e-26
-8.70553e-29
1.97043e-28
-2.63826e-30
9.81097e-30
-1.04594e-31
4.19587e-31
-4.57337e-33
2.14468e-32
-2.18157e-34
1.14791e-33
-1.12174e-35
6.48237e-35
-6.16541e-37
3.85565e-36
-3.6007e-38
2.41048e-37
-2.21903e-39
1.58111e-38
-1.43148e-40
1.08375e-39
-9.60185e-42
7.71608e-41
-6.64979e-43
5.67732e-42
-4.71518e-44
4.29163e-43
-3.40501e-45
3.30813e-44
2.58844e-45
-2.60318e-48
-2.4168e-53
-3.08528e-46
-2.94233e-51
-1.78719e-44
-1.70279e-49
-6.79523e-43
-6.46026e-48
-1.90969e-41
-1.80817e-46
-4.22788e-40
-3.97845e-45
-7.67038e-39
-7.15654e-44
-1.17104e-37
-1.08055e-42
-1.53306e-36
-1.39516e-41
-1.74506e-35
-1.56152e-40
-1.74533e-34
-1.53046e-39
-1.54618e-33
-1.32365e-38
-1.22087e-32
-1.016e-37
-8.63382e-32
-6.95049e-37
-5.48877e-31
-4.25031e-36
-3.14538e-30
-2.32762e-35
-1.62781e-29
-1.14245e-34
-7.61507e-29
-5.02447e-34
-3.21988e-28
-1.97723e-33
-1.2288e-27
-6.94271e-33
-4.21882e-27
-2.16553e-32
-1.29534e-26
-5.9602e-32
-3.52104e-26
-1.4337e-31
-8.33085e-26
-2.97364e-31
-1.66688e-25
-5.2205e-31
-2.67846e-25
-7.57596e-31
-3.11836e-25
-8.85397e-31
-2.0245e-25
-8.12642e-31
-1.04202e-26
-5.36484e-31
-7.38801e-29
-9.80245e-32
-2.63602e-30
2.59483e-30
-9.6322e-32
2.13037e-31
-4.35369e-33
1.21255e-32
-2.09063e-34
7.42779e-34
-1.06916e-35
4.50007e-35
-5.79306e-37
2.78037e-36
-3.31324e-38
1.76831e-37
-1.99469e-39
1.16314e-38
-1.25816e-40
7.93307e-40
-8.26057e-42
5.60408e-41
-5.61442e-43
4.0841e-42
-3.92592e-44
3.05936e-43
-2.80252e-45
2.34441e-44
-2.03242e-46
1.82556e-45
1.4387e-46
-1.34196e-52
-6.52659e-61
-1.58004e-50
-9.00305e-59
-9.08911e-49
-5.92062e-57
-3.42841e-47
-2.56416e-55
-9.54313e-46
-8.22938e-54
-2.08888e-44
-2.08615e-52
-3.73941e-43
-4.34609e-51
-5.6214e-42
-7.64298e-50
-7.23029e-41
-1.15651e-48
-8.06671e-40
-1.52728e-47
-7.88763e-39
-1.77935e-46
-6.81249e-38
-1.84417e-45
-5.22829e-37
-1.71147e-44
-3.58138e-36
-1.42948e-43
-2.1968e-35
-1.07878e-42
-1.20926e-34
-7.37771e-42
-5.98046e-34
-4.58189e-41
-2.6575e-33
-2.58731e-40
-1.0599e-32
-1.32894e-39
-3.7846e-32
-6.20561e-39
-1.20474e-31
-2.63028e-38
-3.3968e-31
-1.00911e-37
-8.40545e-31
-3.4894e-37
-1.80373e-30
-1.08131e-36
-3.31332e-30
-2.98226e-36
-5.17597e-30
-7.27397e-36
-6.99397e-30
-1.56616e-35
-8.45573e-30
-2.99558e-35
-7.93661e-30
-5.04722e-35
-9.75276e-31
-6.21195e-35
-5.45878e-32
6.23257e-33
-2.63655e-33
2.7877e-33
-1.42859e-34
2.50749e-34
-7.78352e-36
1.98265e-35
-4.36839e-37
1.41937e-36
-2.53908e-38
9.8751e-38
-1.53276e-39
6.85846e-39
-9.62471e-41
4.82433e-40
-6.27528e-42
3.46649e-41
-4.22925e-43
2.55142e-42
-2.93446e-44
1.92097e-43
-2.08556e-45
1.47683e-44
-1.50773e-46
1.15537e-45
-1.10398e-47
9.14567e-47
7.3007e-48
-4.16964e-60
-8.0925e-67
-5.57452e-58
-1.23383e-64
-3.65676e-56
-8.98421e-63
-1.58052e-54
-4.32327e-61
-5.06568e-53
-1.54765e-59
-1.28337e-51
-4.39469e-58
-2.67417e-50
-1.03039e-56
-4.70798e-49
-2.04995e-55
-7.13921e-48
-3.52932e-54
-9.45938e-47
-5.33652e-53
-1.10723e-45
-7.16802e-52
-1.15478e-44
-8.63039e-51
-1.08039e-43
-9.38209e-50
-9.11642e-43
-9.26325e-49
-6.96763e-42
-8.34656e-48
-4.83961e-41
-6.89014e-47
-3.0626e-40
-5.22734e-46
-1.76878e-39
-3.65347e-45
-9.33181e-39
-2.35625e-44
-4.49792e-38
-1.40342e-43
-1.9791e-37
-7.71882e-43
-7.93627e-37
-3.91491e-42
-2.89386e-36
-1.82559e-41
-9.57774e-36
-7.78604e-41
-2.88162e-35
-3.01157e-40
-7.97285e-35
-1.04276e-39
-2.09468e-34
-3.17e-39
-5.50672e-34
-8.2258e-39
-1.48557e-33
-1.75118e-38
-3.7831e-33
-2.87371e-38
-6.95047e-34
-2.64364e-38
-5.17937e-35
1.59968e-35
-3.60889e-36
3.4311e-36
-2.3255e-37
3.93715e-37
-1.47308e-38
3.53055e-38
-9.37596e-40
2.86727e-39
-6.07027e-41
2.22956e-40
-4.0273e-42
1.70867e-41
-2.74349e-43
1.31255e-42
-1.9154e-44
1.01864e-43
-1.36752e-45
8.00303e-45
-9.94741e-47
6.36886e-46
-7.32823e-48
5.1249e-47
-5.44795e-49
4.15125e-48
3.37652e-49
-5.76093e-66
-7.63464e-72
-8.52799e-64
-1.1671e-69
-6.21261e-62
-8.51905e-68
-2.9936e-60
-4.11199e-66
-1.07422e-58
-1.47885e-64
-3.06111e-57
-4.22871e-63
-7.21137e-56
-1.00163e-61
-1.44348e-54
-2.02165e-60
-2.50415e-53
-3.55001e-59
-3.82171e-52
-5.51093e-58
-5.19087e-51
-7.66009e-57
-6.33328e-50
-9.63391e-56
-6.99341e-49
-1.10596e-54
-7.03254e-48
-1.16753e-53
-6.47343e-47
-1.14065e-52
-5.47795e-46
-1.03688e-51
-4.27661e-45
-8.80995e-51
-3.08897e-44
-7.02276e-50
-2.06861e-43
-5.26764e-49
-1.28609e-42
-3.72602e-48
-7.42602e-42
-2.48884e-47
-3.97896e-41
-1.57068e-46
-1.97368e-40
-9.36016e-46
-9.02308e-40
-5.25712e-45
-3.77544e-39
-2.77205e-44
-1.43172e-38
-1.36293e-43
-4.86581e-38
-6.17611e-43
-1.47497e-37
-2.52819e-42
-4.11066e-37
-9.01284e-42
-1.19125e-36
-2.5947e-41
-4.20685e-36
-4.9255e-41
-6.79529e-37
-1.09406e-41
-6.78731e-38
2.64509e-38
-5.46965e-39
5.50745e-39
-4.04938e-40
6.73968e-40
-2.89203e-41
6.69686e-41
-2.04517e-42
6.01079e-42
-1.45438e-43
5.1294e-43
-1.04741e-44
4.2829e-44
-7.65033e-46
3.55141e-45
-5.66807e-47
2.94351e-46
-4.251e-48
2.44721e-47
-3.21216e-49
2.04163e-48
-2.43872e-50
1.7041e-49
1.42106e-50
-5.46061e-71
-1.23912e-76
-8.10215e-69
-2.12242e-74
-5.91966e-67
-1.73496e-72
-2.86456e-65
-9.37374e-71
-1.03463e-63
-3.77114e-69
-2.97688e-62
-1.20508e-67
-7.11034e-61
-3.18516e-66
-1.45058e-59
-7.15894e-65
-2.58142e-58
-1.39606e-63
-4.07291e-57
-2.39837e-62
-5.77214e-56
-3.6734e-61
-7.42712e-55
-5.06453e-60
-8.75544e-54
-6.33547e-59
-9.52897e-53
-7.23934e-58
-9.63792e-52
-7.60003e-57
-9.11041e-51
-7.36808e-56
-8.08709e-50
-6.62733e-55
-6.76857e-49
-5.55471e-54
-5.35919e-48
-4.35668e-53
-4.02489e-47
-3.21112e-52
-2.87296e-46
-2.23384e-51
-1.95159e-45
-1.47342e-50
-1.26221e-44
-9.2588e-50
-7.76761e-44
-5.56926e-49
-4.53866e-43
-3.2201e-48
-2.50678e-42
-1.79422e-47
-1.2981e-41
-9.62671e-47
-6.21136e-41
-4.94107e-46
-2.67467e-40
-2.38695e-45
-9.8492e-40
-1.04846e-44
-2.78842e-39
-3.86079e-44
-5.17172e-39
-8.88534e-44
-9.02857e-40
6.61214e-41
-9.86653e-41
4.92671e-41
-8.93364e-42
9.49125e-42
-7.3753e-43
1.2319e-42
-5.81986e-44
1.32663e-43
-4.50914e-45
1.29397e-44
-3.47803e-46
1.1971e-45
-2.68639e-47
1.07647e-46
-2.08423e-48
9.52584e-48
-1.62435e-49
8.35673e-49
-1.2676e-50
7.28968e-50
-9.88838e-52
6.31611e-51
5.43514e-52
-9.90435e-76
-1.50817e-81
-1.64458e-73
-2.88153e-79
-1.34465e-71
-2.63281e-77
-7.27579e-70
-1.59401e-75
-2.93529e-68
-7.20601e-74
-9.41898e-67
-2.5953e-72
-2.50367e-65
-7.7565e-71
-5.66823e-64
-1.97819e-69
-1.11537e-62
-4.39376e-68
-1.93727e-61
-8.63166e-67
-3.00637e-60
-1.51817e-65
-4.20987e-59
-2.41422e-64
-5.36365e-58
-3.49919e-63
-6.26174e-57
-4.65403e-62
-6.74052e-56
-5.71285e-61
-6.72867e-55
-6.50389e-60
-6.26215e-54
-6.89638e-59
-5.46185e-53
-6.83544e-58
-4.48809e-52
-6.35237e-57
-3.49362e-51
-5.54897e-56
-2.5914e-50
-4.56485e-55
-1.84333e-49
-3.54096e-54
-1.26595e-48
-2.59117e-53
-8.45187e-48
-1.78788e-52
-5.52006e-47
-1.16119e-51
-3.54365e-46
-7.07617e-51
-2.2408e-45
-4.0253e-50
-1.3939e-44
-2.12166e-49
-8.48642e-44
-1.02566e-48
-5.01248e-43
-4.4848e-48
-2.83608e-42
-1.73226e-47
-1.51028e-41
-5.46581e-47
-7.77553e-42
-7.45434e-47
-1.31453e-42
2.25837e-43
-1.54975e-43
9.25762e-44
-1.53557e-44
1.73364e-44
-1.38711e-45
2.35823e-45
-1.19314e-46
2.71527e-46
-1.00018e-47
2.8467e-47
-8.26634e-49
2.82331e-48
-6.78229e-50
2.70319e-49
-5.53888e-51
2.52961e-50
-4.49648e-52
2.32835e-51
-3.62715e-53
2.1106e-52
1.88699e-53
-1.3348e-80
-1.60295e-86
-2.47504e-78
-3.26642e-84
-2.2666e-76
-3.18844e-82
-1.37748e-74
-2.06771e-80
-6.26011e-73
-1.00397e-78
-2.27015e-71
-3.89555e-77
-6.84279e-70
-1.25853e-75
-1.76323e-68
-3.48241e-74
-3.96434e-67
-8.42575e-73
-7.89963e-66
-1.81099e-71
-1.41244e-64
-3.50131e-70
-2.28876e-63
-6.15122e-69
-3.38921e-62
-9.90309e-68
-4.61856e-61
-1.47148e-66
-5.82683e-60
-2.03038e-65
-6.84127e-59
-2.61552e-64
-7.5092e-58
-3.16032e-63
-7.7362e-57
-3.59666e-62
-7.50648e-56
-3.86956e-61
-6.88012e-55
-3.94844e-60
-5.97113e-54
-3.83188e-59
-4.91612e-53
-3.54523e-58
-3.84438e-52
-3.13271e-57
-2.85695e-51
-2.64705e-56
-2.01734e-50
-2.13961e-55
-1.35245e-49
-1.65319e-54
-8.60147e-49
-1.21822e-53
-5.19229e-48
-8.52106e-53
-2.9909e-47
-5.60929e-52
-1.67202e-46
-3.42177e-51
-9.40681e-46
-1.87775e-50
-5.59342e-45
-8.67405e-50
-3.58624e-44
-2.72505e-49
-1.21918e-44
1.53572e-46
-2.05544e-45
5.56063e-46
-2.56892e-46
1.78818e-46
-2.74139e-47
3.30487e-47
-2.67643e-48
4.68113e-48
-2.47918e-49
5.7146e-49
-2.22144e-50
6.37423e-50
-1.94819e-51
6.70265e-51
-1.68223e-52
6.77089e-52
-1.43162e-53
6.64099e-53
-1.20222e-54
6.35063e-54
5.94149e-55
-1.49278e-85
-5.90948e-91
-2.95586e-83
-1.30869e-88
-2.89802e-81
-1.38324e-86
-1.89088e-79
-9.69012e-85
-9.25384e-78
-5.06989e-83
-3.6257e-76
-2.11441e-81
-1.18505e-74
-7.32326e-80
-3.32415e-73
-2.16674e-78
-8.1706e-72
-5.59058e-77
-1.78807e-70
-1.27791e-75
-3.52834e-69
-2.62028e-74
-6.343e-68
-4.86842e-73
-1.04788e-66
-8.26553e-72
-1.60258e-65
-1.29148e-70
-2.28349e-64
-1.86856e-69
-3.04859e-63
-2.51693e-68
-3.83269e-62
-3.17151e-67
-4.55814e-61
-3.75478e-66
-5.14919e-60
-4.19345e-65
-5.54609e-59
-4.43467e-64
-5.71492e-58
-4.45679e-63
-5.65119e-57
-4.27155e-62
-5.3771e-56
-3.91813e-61
-4.93433e-55
-3.45174e-60
-4.37486e-54
-2.93094e-59
-3.75212e-53
-2.40689e-58
-3.11422e-52
-1.91699e-57
-2.49987e-51
-1.48301e-56
-1.93682e-50
-1.11293e-55
-1.44228e-49
-8.0496e-55
-1.02453e-48
-5.52178e-54
-6.84997e-48
-3.46427e-53
-4.20321e-47
-1.80707e-52
-7.07642e-47
-5.06804e-52
-2.00072e-47
1.51803e-48
-3.38189e-48
1.26059e-48
-4.43797e-49
3.54515e-49
-5.05026e-50
6.52835e-50
-5.26949e-51
9.59641e-51
-5.19484e-52
1.2318e-51
-4.92727e-53
1.44682e-52
-4.54232e-54
1.59867e-53
-4.08572e-55
1.68876e-54
-3.59707e-56
1.71882e-55
1.69553e-56
-5.85462e-90
-6.74694e-96
-1.256e-87
-1.67966e-93
-1.33005e-85
-1.99338e-91
-9.34984e-84
-1.56932e-89
-4.9169e-82
-9.23973e-88
-2.06458e-80
-4.34368e-86
-7.21205e-79
-1.69921e-84
-2.15612e-77
-5.69136e-83
-5.63223e-76
-1.66664e-81
-1.30612e-74
-4.33596e-80
-2.72305e-73
-1.01499e-78
-5.15657e-72
-2.16005e-77
-8.94624e-71
-4.21539e-76
-1.43249e-69
-7.59905e-75
-2.1306e-68
-1.2734e-73
-2.96047e-67
-1.99453e-72
-3.86301e-66
-2.93421e-71
-4.75657e-65
-4.07176e-70
-5.55212e-64
-5.35014e-69
-6.17111e-63
-6.67887e-68
-6.56074e-62
-7.94454e-67
-6.7024e-61
-9.027e-66
-6.61158e-60
-9.81735e-65
-6.33039e-59
-1.02339e-63
-5.9157e-58
-1.02329e-62
-5.42648e-57
-9.81252e-62
-4.91346e-56
-9.01113e-61
-4.41272e-55
-7.90009e-60
-3.94382e-54
-6.57459e-59
-3.51158e-53
-5.1436e-58
-3.11052e-52
-3.7206e-57
-2.73048e-51
-2.41509e-56
-2.36196e-50
-1.32349e-55
-2.00034e-49
-5.15683e-55
-1.33875e-49
-1.91819e-55
-3.40461e-50
5.30219e-51
-5.79555e-51
2.78665e-51
-7.94332e-52
7.21791e-52
-9.54872e-53
1.33347e-52
-1.0531e-53
2.02456e-53
-1.09442e-54
2.70837e-54
-1.08851e-55
3.32181e-55
-1.04393e-56
3.82334e-56
-9.70751e-58
4.1813e-57
4.38374e-58
-7.29161e-95
-6.78568e-101
-1.75931e-92
-1.81927e-98
-2.09462e-90
-2.31963e-96
-1.6573e-88
-1.96077e-94
-9.82404e-87
-1.23967e-92
-4.65832e-85
-6.26143e-91
-1.84155e-83
-2.63422e-89
-6.2456e-82
-9.50149e-88
-1.85576e-80
-3.00144e-86
-4.90948e-79
-8.44081e-85
-1.17134e-77
-2.14108e-83
-2.547e-76
-4.9514e-82
-5.09197e-75
-1.05336e-80
-9.43005e-74
-2.07737e-79
-1.62833e-72
-3.82332e-78
-2.63669e-71
-6.60558e-77
-4.02425e-70
-1.07694e-75
-5.8158e-69
-1.66463e-74
-7.99154e-68
-2.44967e-73
-1.04802e-66
-3.4451e-72
-1.3161e-65
-4.64583e-71
-1.5874e-64
-6.0254e-70
-1.84368e-63
-7.53497e-69
-2.06645e-62
-9.1048e-68
-2.23879e-61
-1.06476e-66
-2.34686e-60
-1.20632e-65
-2.38083e-59
-1.32435e-64
-2.33541e-58
-1.40776e-63
-2.20997e-57
-1.44562e-62
-2.00871e-56
-1.42769e-61
-1.74132e-55
-1.34484e-60
-1.42443e-54
-1.1898e-59
-1.08503e-53
-9.57955e-59
-7.67124e-53
-6.48193e-58
-5.45278e-52
-2.6492e-57
-2.51381e-52
9.02199e-54
-5.98511e-53
1.49476e-53
-1.03006e-53
6.15546e-54
-1.46553e-54
1.51287e-54
-1.84312e-55
2.80978e-55
-2.12927e-56
4.37892e-56
-2.31117e-57
6.06056e-57
-2.3855e-58
7.69763e-58
-2.36148e-59
9.13801e-59
1.02683e-59
-7.60171e-100
-1.58463e-105
-1.97461e-97
-4.81036e-103
-2.52652e-95
-6.92318e-101
-2.14752e-93
-6.59408e-99
-1.36797e-91
-4.69151e-97
-6.97568e-90
-2.66351e-95
-2.96909e-88
-1.25815e-93
-1.08585e-86
-5.08959e-92
-3.48586e-85
-1.80104e-90
-9.98642e-84
-5.66666e-89
-2.58704e-82
-1.60588e-87
-6.12643e-81
-4.14243e-86
-1.33843e-79
-9.81232e-85
-2.71887e-78
-2.15031e-83
-5.17092e-77
-4.38765e-82
-9.26369e-76
-8.38287e-81
-1.57184e-74
-1.50702e-79
-2.53858e-73
-2.56034e-78
-3.92e-72
-4.12673e-77
-5.81148e-71
-6.33171e-76
-8.30298e-70
-9.27555e-75
-1.14719e-68
-1.3007e-73
-1.53767e-67
-1.74967e-72
-2.00526e-66
-2.26153e-71
-2.5508e-65
-2.81188e-70
-3.1723e-64
-3.36475e-69
-3.86473e-63
-3.87395e-68
-4.61982e-62
-4.28623e-67
-5.42561e-61
-4.54649e-66
-6.26576e-60
-4.60522e-65
-7.11859e-59
-4.4277e-64
-7.9558e-58
-4.00333e-63
-8.74098e-57
-3.3507e-62
-9.42829e-56
-2.50821e-61
-9.96212e-55
-1.49213e-60
-1.27374e-54
-2.23151e-60
-4.75853e-55
4.75885e-56
-1.08655e-55
3.89098e-56
-1.89089e-56
1.37797e-56
-2.77275e-57
3.2656e-57
-3.61916e-58
6.08897e-58
-4.34109e-59
9.68859e-59
-4.87101e-60
1.377e-59
-5.17599e-61
1.79392e-60
2.17984e-61
-1.92079e-104
-8.00458e-111
-5.64317e-102
-2.72783e-108
-8.14402e-100
-4.4034e-106
-7.79374e-98
-4.70432e-104
-5.58166e-96
-3.75626e-102
-3.19577e-94
-2.39535e-100
-1.52531e-92
-1.2723e-98
-6.24703e-91
-5.79492e-97
-2.24265e-89
-2.31231e-95
-7.17358e-88
-8.21755e-94
-2.07136e-86
-2.63529e-92
-5.45691e-85
-7.7084e-91
-1.32337e-83
-2.07513e-89
-2.97685e-82
-5.18077e-88
-6.25224e-81
-1.2075e-86
-1.23316e-79
-2.64271e-85
-2.29582e-78
-5.45905e-84
-4.05293e-77
-1.06929e-82
-6.81243e-76
-1.99431e-81
-1.09431e-74
-3.55494e-80
-1.68549e-73
-6.07704e-79
-2.49657e-72
-9.99295e-78
-3.56558e-71
-1.58494e-76
-4.92106e-70
-2.43038e-75
-6.57578e-69
-3.61017e-74
-8.52017e-68
-5.20275e-73
-1.07165e-66
-7.2813e-72
-1.30954e-65
-9.89847e-71
-1.55581e-64
-1.3062e-69
-1.79895e-63
-1.66968e-68
-2.02921e-62
-2.0588e-67
-2.24541e-61
-2.42981e-66
-2.46632e-60
-2.70504e-65
-2.74585e-59
-2.75702e-64
-3.18447e-58
-2.38742e-63
-3.91445e-57
-1.29984e-62
-2.80309e-57
5.99081e-59
-9.16646e-58
1.71203e-58
-2.03321e-58
9.85627e-59
-3.56845e-59
3.14785e-59
-5.36005e-60
7.24949e-60
-7.20317e-61
1.35457e-60
-8.88182e-62
2.1876e-61
-1.022e-62
3.16456e-62
4.19738e-63
-1.03436e-109
-1.57357e-115
-3.41324e-107
-5.94273e-113
-5.52931e-105
-1.06151e-110
-5.94066e-103
-1.25319e-108
-4.77948e-101
-1.10453e-106
-3.07694e-99
-7.7667e-105
-1.65319e-97
-4.54434e-103
-7.63225e-96
-2.27791e-101
-3.09337e-94
-9.99417e-100
-1.11907e-92
-3.90173e-98
-3.66152e-91
-1.3733e-96
-1.09535e-89
-4.40475e-95
-3.02332e-88
-1.299e-93
-7.75963e-87
-3.54919e-92
-1.86453e-85
-9.0433e-91
-4.21965e-84
-2.16117e-89
-9.04249e-83
-4.86861e-88
-1.8438e-81
-1.03854e-86
-3.59316e-80
-2.10607e-85
-6.71957e-79
-4.07484e-84
-1.21043e-77
-7.54591e-83
-2.10758e-76
-1.34121e-81
-3.55855e-75
-2.29367e-80
-5.84391e-74
-3.78193e-79
-9.35991e-73
-6.02255e-78
-1.46579e-71
-9.27438e-77
-2.24952e-70
-1.38222e-75
-3.39006e-69
-1.99425e-74
-5.02552e-68
-2.78452e-73
-7.33905e-67
-3.75859e-72
-1.05699e-65
-4.89467e-71
-1.50245e-64
-6.128e-70
-2.10858e-63
-7.32864e-69
-2.92149e-62
-8.25888e-68
-3.99387e-61
-8.46199e-67
-5.38136e-60
-6.94247e-66
-1.15361e-59
-1.4196e-65
-6.05039e-60
4.66851e-61
-1.80353e-60
5.37152e-61
-3.90869e-61
2.48817e-61
-6.89896e-62
7.35638e-62
-1.05457e-62
1.65377e-62
-1.4456e-63
3.08656e-63
-1.81798e-64
5.02074e-64
7.34103e-65
-2.12692e-114
-5.73381e-121
-7.7691e-112
-2.4632e-118
-1.3912e-109
-5.01055e-116
-1.64998e-107
-6.74244e-114
-1.46366e-105
-6.77998e-112
-1.03781e-103
-5.4448e-110
-6.13486e-102
-3.64243e-108
-3.11294e-100
-2.09007e-106
-1.38533e-98
-1.0511e-104
-5.49721e-97
-4.71034e-103
-1.9709e-95
-1.90607e-101
-6.45371e-94
-7.04071e-100
-1.94764e-92
-2.39569e-98
-5.45901e-91
-7.56741e-97
-1.43064e-89
-2.23402e-95
-3.52617e-88
-6.20029e-94
-8.2168e-87
-1.6263e-92
-1.81868e-85
-4.05034e-91
-3.8397e-84
-9.61886e-90
-7.76218e-83
-2.18657e-88
-1.50774e-81
-4.77443e-87
-2.82296e-80
-1.00454e-85
-5.10937e-79
-2.04235e-84
-8.96305e-78
-4.02258e-83
-1.52759e-76
-7.69194e-82
-2.53497e-75
-1.43057e-80
-4.1043e-74
-2.59135e-79
-6.49649e-73
-4.57566e-78
-1.00745e-71
-7.87709e-77
-1.53463e-70
-1.32109e-75
-2.30442e-69
-2.15395e-74
-3.42891e-68
-3.39974e-73
-5.09449e-67
-5.15423e-72
-7.63679e-66
-7.39565e-71
-1.16875e-64
-9.73993e-70
-1.84284e-63
-1.08857e-68
-2.99446e-62
-7.37848e-68
-3.03329e-62
5.88886e-64
-1.30391e-62
2.13469e-63
-3.62383e-63
1.59098e-63
-7.69765e-64
6.33317e-64
-1.36092e-64
1.76141e-64
-2.09991e-65
3.87052e-65
-2.91449e-66
7.17551e-66
1.16853e-66
-8.26073e-120
-6.09563e-126
-3.43397e-117
-2.93564e-123
-7.00725e-115
-6.69956e-121
-9.47927e-113
-1.01155e-118
-9.60073e-111
-1.14119e-116
-7.7806e-109
-1.02799e-114
-5.26288e-107
-7.71199e-113
-3.05958e-105
-4.96109e-111
-1.56211e-103
-2.79619e-109
-7.12214e-102
-1.40392e-107
-2.93865e-100
-6.36284e-106
-1.10936e-98
-2.63144e-104
-3.86709e-97
-1.00209e-102
-1.25458e-95
-3.54116e-101
-3.81409e-94
-1.169e-99
-1.09319e-92
-3.6262e-98
-2.97009e-91
-1.06246e-96
-7.68658e-90
-2.95396e-95
-1.90339e-88
-7.82588e-94
-4.52831e-87
-1.98298e-92
-1.03897e-85
-4.82198e-91
-2.30701e-84
-1.12866e-89
-4.97396e-83
-2.54974e-88
-1.04443e-81
-5.57241e-87
-2.14193e-80
-1.1805e-85
-4.30152e-79
-2.42805e-84
-8.47965e-78
-4.85415e-83
-1.6445e-76
-9.43817e-82
-3.14383e-75
-1.78461e-80
-5.93507e-74
-3.27829e-79
-1.10818e-72
-5.8376e-78
-2.04922e-71
-1.00357e-76
-3.75688e-70
-1.65416e-75
-6.83424e-69
-2.583e-74
-1.23434e-67
-3.73658e-73
-2.21425e-66
-4.76577e-72
-3.94599e-65
-4.57461e-71
-1.10788e-64
-2.55709e-71
-7.57358e-65
5.76397e-66
-2.82715e-65
8.09567e-66
-7.42815e-66
4.60572e-66
-1.54707e-66
1.63642e-66
-2.72301e-67
4.32075e-67
-4.21359e-68
9.26034e-68
1.69766e-68
-9.1348e-125
-1.06848e-131
-4.25429e-122
-5.90477e-129
-9.7338e-120
-1.54986e-126
-1.47656e-117
-2.69558e-124
-1.67668e-115
-3.50756e-122
-1.52308e-113
-3.64887e-120
-1.15443e-111
-3.16513e-118
-7.51777e-110
-2.35722e-116
-4.2979e-108
-1.54013e-114
-2.19332e-106
-8.97637e-113
-1.01251e-104
-4.72939e-111
-4.27457e-103
-2.27725e-109
-1.66553e-101
-1.01133e-107
-6.03644e-100
-4.17492e-106
-2.04895e-98
-1.61296e-104
-6.55251e-97
-5.86694e-103
-1.98484e-95
-2.01981e-101
-5.7223e-94
-6.61279e-100
-1.57699e-92
-2.06774e-98
-4.17087e-91
-6.19918e-97
-1.06252e-89
-1.78828e-95
-2.61582e-88
-4.97962e-94
-6.24256e-87
-1.3424e-92
-1.44815e-85
-3.51264e-91
-3.27385e-84
-8.94237e-90
-7.22911e-83
-2.21926e-88
-1.56229e-81
-5.3779e-87
-3.3101e-80
-1.27407e-85
-6.88553e-79
-2.95293e-84
-1.40779e-77
-6.69568e-83
-2.83132e-76
-1.48392e-81
-5.60437e-75
-3.20689e-80
-1.09226e-73
-6.72691e-79
-2.09738e-72
-1.35796e-77
-3.97537e-71
-2.59506e-76
-7.47602e-70
-4.5314e-75
-1.41338e-68
-6.565e-74
-2.76768e-67
-4.78561e-73
-3.47329e-67
9.28043e-69
-1.84474e-67
3.21483e-68
-6.18697e-68
2.81937e-68
-1.54879e-68
1.32757e-68
-3.15377e-69
4.30589e-69
-5.49876e-70
1.08294e-69
2.25945e-70
-1.68177e-130
-4.33323e-137
-8.99169e-128
-2.78614e-134
-2.36763e-125
-8.51706e-132
-4.13992e-123
-1.72575e-129
-5.42591e-121
-2.61607e-127
-5.69608e-119
-3.16993e-125
-4.99574e-117
-3.20198e-123
-3.76926e-115
-2.77609e-121
-2.49999e-113
-2.11086e-119
-1.48221e-111
-1.43127e-117
-7.96121e-110
-8.76969e-116
-3.91668e-108
-4.90891e-114
-1.78132e-106
-2.53334e-112
-7.54906e-105
-1.21479e-110
-3.0017e-103
-5.44936e-109
-1.12672e-101
-2.30046e-107
-4.01424e-100
-9.18754e-106
-1.36417e-98
-3.48783e-104
-4.4418e-97
-1.26397e-102
-1.39144e-95
-4.38962e-101
-4.20959e-94
-1.46605e-99
-1.23429e-92
-4.72376e-98
-3.51904e-91
-1.47266e-96
-9.78582e-90
-4.45371e-95
-2.66184e-88
-1.30961e-93
-7.10138e-87
-3.75163e-92
-1.86281e-85
-1.04874e-90
-4.81583e-84
-2.86431e-89
-1.22968e-82
-7.64875e-88
-3.10737e-81
-1.9972e-86
-7.78523e-80
-5.09541e-85
-1.93707e-78
-1.26764e-83
-4.79364e-77
-3.06318e-82
-1.18144e-75
-7.13837e-81
-2.90334e-74
-1.5831e-79
-7.12167e-73
-3.25264e-78
-1.74527e-71
-5.79995e-77
-4.27688e-70
-7.02365e-76
-1.23219e-69
6.14734e-72
-1.00074e-69
9.72403e-71
-4.44103e-70
1.44953e-70
-1.36567e-70
9.43107e-71
-3.26519e-71
3.84727e-71
-6.48451e-72
1.15306e-71
2.76816e-72
-7.12669e-136
-4.38124e-143
-4.42988e-133
-3.32218e-140
-1.35774e-130
-1.19877e-137
-2.76413e-128
-2.8677e-135
-4.21767e-126
-5.13185e-133
-5.15364e-124
-7.33934e-131
-5.25947e-122
-8.74834e-129
-4.61581e-120
-8.94876e-127
-3.55972e-118
-8.02665e-125
-2.45299e-116
-6.41898e-123
-1.53068e-114
-4.63797e-121
-8.74478e-113
-3.06095e-119
-4.61631e-111
-1.86218e-117
-2.26964e-109
-1.05247e-115
-1.04646e-107
-5.56368e-114
-4.55226e-106
-2.76728e-112
-1.87858e-104
-1.3019e-110
-7.39014e-103
-5.82077e-109
-2.78377e-101
-2.48379e-107
-1.00819e-99
-1.01544e-105
-3.52384e-98
-3.99136e-104
-1.1928e-96
-1.51323e-102
-3.92286e-95
-5.54963e-101
-1.25728e-93
-1.97396e-99
-3.93793e-92
-6.82575e-98
-1.2085e-90
-2.2993e-96
-3.64265e-89
-7.55868e-95
-1.08081e-87
-2.42846e-93
-3.16318e-86
-7.6334e-92
-9.14858e-85
-2.34893e-90
-2.61915e-83
-7.07609e-89
-7.43334e-82
-2.08509e-87
-2.09404e-80
-5.99695e-86
-5.86199e-79
-1.67609e-84
-1.63221e-77
-4.51242e-83
-4.52406e-76
-1.14872e-81
-1.24913e-74
-2.64381e-80
-3.43796e-73
-4.75163e-79
-3.2994e-72
-1.27852e-78
-4.48752e-72
2.17471e-73
-2.74438e-72
6.26143e-73
-1.06113e-72
5.89727e-73
-3.02474e-73
3.10112e-73
-6.91715e-74
1.12483e-73
3.14075e-74
-7.43508e-142
-8.82948e-150
-5.44701e-139
-8.31624e-147
-1.96991e-136
-3.72856e-144
-4.73288e-134
-1.10827e-141
-8.52153e-132
-2.46431e-139
-1.22839e-129
-4.38019e-137
-1.47854e-127
-6.49198e-135
-1.53007e-125
-8.26234e-133
-1.39109e-123
-9.22759e-131
-1.12983e-121
-9.19621e-129
-8.30772e-120
-8.28855e-127
-5.59151e-118
-6.83079e-125
-3.47664e-116
-5.19502e-123
-2.0128e-114
-3.67491e-121
-1.09253e-112
-2.43456e-119
-5.59356e-111
-1.51956e-117
-2.7159e-109
-8.9839e-116
-1.25668e-107
-5.05525e-114
-5.56612e-106
-2.71915e-112
-2.3695e-104
-1.40361e-110
-9.73124e-103
-6.97814e-109
-3.86898e-101
-3.35229e-107
-1.49399e-99
-1.56081e-105
-5.62007e-98
-7.06223e-104
-2.06545e-96
-3.11299e-102
-7.43595e-95
-1.33966e-100
-2.62918e-93
-5.63893e-99
-9.15246e-92
-2.32508e-97
-3.14435e-90
-9.40144e-96
-1.06866e-88
-3.73008e-94
-3.60187e-87
-1.45199e-92
-1.20708e-85
-5.53948e-91
-4.0338e-84
-2.06613e-89
-1.34862e-82
-7.49786e-88
-4.52784e-81
-2.6238e-86
-1.53289e-79
-8.7022e-85
-5.25481e-78
-2.63468e-83
-1.83017e-76
-6.55761e-82
-6.48479e-75
-7.35054e-81
-1.65472e-74
3.47634e-76
-1.45899e-74
2.28344e-75
-7.26797e-75
3.27307e-75
-2.50825e-75
2.27427e-75
-6.6764e-76
1.01339e-75
3.32463e-76
-1.56731e-148
-7.36187e-157
-1.42649e-145
-9.14715e-154
-6.41326e-143
-5.32246e-151
-1.91551e-140
-2.04084e-148
-4.28751e-138
-5.83556e-146
-7.68516e-136
-1.3314e-143
-1.15075e-133
-2.53008e-141
-1.48239e-131
-4.12557e-139
-1.67898e-129
-5.90057e-137
-1.70028e-127
-7.52853e-135
-1.56038e-125
-8.6855e-133
-1.31214e-123
-9.16106e-131
-1.02049e-121
-8.91628e-129
-7.39896e-120
-8.07127e-127
-5.03593e-118
-6.8423e-125
-3.23742e-116
-5.46493e-123
-1.97655e-114
-4.13445e-121
-1.15174e-112
-2.97706e-119
-6.43426e-111
-2.04916e-117
-3.46046e-109
-1.35361e-115
-1.79854e-107
-8.61206e-114
-9.06574e-106
-5.29468e-112
-4.4465e-104
-3.15496e-110
-2.1287e-102
-1.82703e-108
-9.97583e-101
-1.03077e-106
-4.5889e-99
-5.67773e-105
-2.07733e-97
-3.05914e-103
-9.27649e-96
-1.61473e-101
-4.09562e-94
-8.35919e-100
-1.79154e-92
-4.24688e-98
-7.77947e-91
-2.11746e-96
-3.35951e-89
-1.03516e-94
-1.44521e-87
-4.95102e-93
-6.20263e-86
-2.30685e-91
-2.65967e-84
-1.03886e-89
-1.14088e-82
-4.45463e-88
-4.90153e-81
-1.76276e-86
-2.1114e-79
-5.93745e-85
-9.12879e-78
-1.18904e-83
-4.99589e-77
3.84109e-79
-6.66506e-77
7.11266e-78
-4.38397e-77
1.63243e-77
-1.85945e-77
1.53445e-77
-5.82023e-78
8.51572e-78
3.31259e-78
-1.34603e-155
-1.94559e-165
-1.61638e-152
-3.83906e-162
-9.43082e-150
-3.22849e-159
-3.63294e-147
-1.74403e-156
-1.04534e-144
-6.95193e-154
-2.40408e-142
-2.19975e-151
-4.6133e-140
-5.78197e-149
-7.61022e-138
-1.30226e-146
-1.10322e-135
-2.57078e-144
-1.42947e-133
-4.52574e-142
-1.67813e-131
-7.20318e-140
-1.80486e-129
-1.04814e-137
-1.79509e-127
-1.40744e-135
-1.66425e-125
-1.758e-133
-1.44834e-123
-2.05679e-131
-1.19043e-121
-2.26767e-129
-9.292e-120
-2.36879e-127
-6.922e-118
-2.35573e-125
-4.94343e-116
-2.24013e-123
-3.39854e-114
-2.045e-121
-2.2578e-112
-1.7987e-119
-1.4546e-110
-1.52936e-117
-9.11806e-109
-1.26083e-115
-5.57831e-107
-1.01063e-113
-3.34039e-105
-7.89554e-112
-1.96318e-103
-6.02536e-110
-1.13526e-101
-4.50006e-108
-6.47493e-100
-3.29434e-106
-3.65039e-98
-2.36671e-104
-2.03847e-96
-1.66976e-102
-1.12969e-94
-1.15699e-100
-6.22404e-93
-7.86771e-99
-3.41463e-91
-5.2403e-97
-1.86816e-89
-3.40541e-95
-1.02064e-87
-2.14383e-93
-5.5751e-86
-1.29005e-91
-3.04815e-84
-7.22017e-90
-1.66983e-82
-3.51429e-88
-9.17452e-81
-1.15045e-86
-1.22873e-79
2.89694e-82
-2.60462e-79
1.93287e-80
-2.3162e-79
7.44164e-80
-1.22447e-79
9.65911e-80
-4.54967e-80
6.75447e-80
3.13903e-80
-3.62578e-164
-3.27039e-177
-6.93691e-161
-1.88192e-173
-5.85432e-158
-3.00364e-170
-3.17783e-155
-2.80521e-167
-1.27461e-152
-1.87244e-164
-4.06464e-150
-9.7932e-162
-1.07856e-147
-4.23038e-159
-2.45672e-145
-1.56164e-156
-4.91376e-143
-5.04605e-154
-8.7813e-141
-1.45306e-151
-1.42158e-138
-3.78147e-149
-2.10829e-136
-8.9951e-147
-2.89153e-134
-1.97435e-144
-3.6971e-132
-4.03096e-142
-4.43787e-130
-7.70874e-140
-5.03212e-128
-1.38931e-137
-5.41983e-126
-2.37253e-135
-5.57231e-124
-3.85775e-133
-5.4937e-122
-5.99904e-131
-5.21529e-120
-8.95787e-129
-4.78569e-118
-1.28915e-126
-4.26002e-116
-1.79411e-124
-3.69079e-114
-2.42201e-122
-3.12187e-112
-3.18062e-120
-2.58557e-110
-4.07348e-118
-2.10243e-108
-5.09955e-116
-1.68275e-106
-6.25289e-114
-1.32887e-104
-7.52217e-112
-1.0377e-102
-8.88972e-110
-8.02944e-101
-1.03296e-107
-6.16815e-99
-1.18045e-105
-4.71245e-97
-1.32601e-103
-3.58646e-95
-1.46165e-101
-2.72306e-93
-1.5755e-99
-2.06544e-91
-1.64976e-97
-1.56701e-89
-1.65766e-95
-1.1905e-87
-1.5589e-93
-9.06662e-86
-1.29283e-91
-6.92867e-84
-7.67477e-90
-2.4275e-82
1.5853e-85
-8.55978e-82
4.73392e-83
-1.05145e-81
3.16962e-82
-7.01566e-82
5.76993e-82
-3.12053e-82
5.12768e-82
2.86249e-82
-6.08191e-176
-2.58173e-210
-3.44727e-172
-6.46475e-195
-5.53551e-169
-5.21254e-191
-5.19912e-166
-1.64332e-187
-3.49284e-163
-3.4251e-184
-1.84116e-160
-5.46118e-181
-8.02852e-158
-7.12769e-178
-2.99691e-155
-7.91915e-175
-9.81001e-153
-7.68644e-172
-2.86712e-150
-6.64048e-169
-7.58785e-148
-5.17983e-166
-1.83926e-145
-3.69029e-163
-4.1224e-143
-2.42416e-160
-8.61334e-141
-1.48018e-157
-1.68955e-138
-8.45923e-155
-3.13075e-136
-4.55246e-152
-5.51075e-134
-2.31953e-149
-9.26046e-132
-1.12435e-146
-1.49244e-129
-5.208e-144
-2.31652e-127
-2.31449e-141
-3.47646e-125
-9.90513e-139
-5.06266e-123
-4.09598e-136
-7.17845e-121
-1.64172e-133
-9.9419e-119
-6.39625e-131
-1.34893e-116
-2.42868e-128
-1.79806e-114
-9.00864e-126
-2.36083e-112
-3.27116e-123
-3.06086e-110
-1.16486e-120
-3.92783e-108
-4.07379e-118
-4.99964e-106
-1.40059e-115
-6.32536e-104
-4.7359e-113
-7.9692e-102
-1.57443e-110
-1.00159e-99
-5.13857e-108
-1.2578e-97
-1.64117e-105
-1.5806e-95
-5.09746e-103
-1.9902e-93
-1.5216e-100
-2.51384e-91
-4.26152e-98
-3.18831e-89
-1.05827e-95
-4.06321e-87
-1.93286e-93
-3.62639e-85
7.53278e-89
-2.2169e-84
1.09143e-85
-3.83488e-84
1.29589e-84
-3.26739e-84
3.33642e-84
-1.75415e-84
3.78502e-84
2.54518e-84
5.4543e-213
-1.17875e-193
-9.67551e-190
-3.07232e-186
-6.4471e-183
-1.03609e-179
-1.36501e-176
-1.5335e-173
-1.50775e-170
-1.32197e-167
-1.0486e-164
-7.61209e-162
-5.10578e-159
-3.19017e-156
-1.86987e-153
-1.03452e-150
-5.43237e-148
-2.721e-145
-1.306e-142
-6.03191e-140
-2.6913e-137
-1.16424e-134
-4.89976e-132
-2.01256e-129
-8.09237e-127
-3.1945e-124
-1.24138e-121
-4.76102e-119
-1.80652e-116
-6.79718e-114
-2.54157e-111
-9.46334e-109
-3.51542e-106
-1.30514e-103
-4.85011e-101
-1.80643e-98
-6.74905e-96
-2.52966e-93
-9.50007e-91
-2.81646e-88
-3.10324e-87
-7.66447e-87
-8.40304e-87
-5.47484e-87
)
;

boundaryField
{
    leftWall
    {
        type            calculated;
        value           uniform 0;
    }
    rightWall
    {
        type            calculated;
        value           nonuniform 0();
    }
    lowerWall
    {
        type            calculated;
        value           nonuniform 0();
    }
    atmosphere
    {
        type            calculated;
        value           nonuniform List<scalar> 
45
(
0
0
0
0
0
0
0
0
0
0
0
0
0
0
0
0
0
0
0
0
0
0
0
0
0
0
0
0
0
0
0
0
0
0
0
0
0
0
0
3.97237e-92
2.43256e-88
5.19011e-87
1.89703e-86
2.75195e-86
2.23127e-86
)
;
    }
    defaultFaces
    {
        type            empty;
        value           nonuniform 0();
    }
    procBoundary2to0
    {
        type            processor;
        value           nonuniform List<scalar> 
46
(
7.94222e-05
8.01621e-05
8.02375e-05
1.08094e-05
1.39585e-07
-2.77228e-11
-2.41432e-12
-1.71702e-13
-5.84426e-15
-1.65088e-15
-4.15705e-16
-9.61237e-17
-1.7016e-17
-2.64693e-18
-3.88074e-19
-5.55491e-20
-7.91393e-21
-1.13182e-21
-1.62925e-22
-2.36193e-23
-3.44641e-24
-5.05223e-25
-7.43136e-26
-1.09394e-26
-1.60835e-27
6.54115e-05
6.62388e-05
6.59553e-05
6.6161e-05
6.64438e-05
6.67837e-05
6.71862e-05
6.76513e-05
6.8177e-05
6.87606e-05
6.93924e-05
7.00726e-05
7.08071e-05
7.1584e-05
7.23953e-05
7.32317e-05
7.4084e-05
7.49341e-05
7.57875e-05
-1.09838e-06
7.62022e-05
)
;
    }
    procBoundary2to3
    {
        type            processor;
        value           nonuniform List<scalar> 
43
(
-3.12007e-30
-8.47615e-31
-1.94847e-31
-4.01217e-32
-7.56535e-33
-1.32107e-33
-2.1485e-34
-3.26121e-35
-4.6214e-36
-6.10988e-37
-7.52638e-38
-8.62368e-39
-9.17328e-40
-9.04097e-41
-8.23911e-42
-6.92851e-43
-5.36576e-44
-3.8197e-45
-2.49486e-46
-1.49257e-47
-8.16576e-49
-4.07928e-50
-1.85826e-51
-7.70978e-53
-2.9102e-54
-9.98511e-56
-3.11179e-57
-8.80351e-59
-2.26015e-60
-5.26494e-62
-1.11294e-63
-2.13562e-65
-3.72244e-67
-5.89886e-69
-8.50778e-71
-1.1181e-72
-1.34016e-74
-1.46511e-76
-1.45758e-78
-1.30924e-80
-1.03825e-82
-6.7915e-85
-2.47767e-87
)
;
    }
}


// ************************************************************************* //
