/*--------------------------------*- C++ -*----------------------------------*\
| =========                 |                                                 |
| \\      /  F ield         | OpenFOAM: The Open Source CFD Toolbox           |
|  \\    /   O peration     | Version:  3.0.1                                 |
|   \\  /    A nd           | Web:      www.OpenFOAM.org                      |
|    \\/     M anipulation  |                                                 |
\*---------------------------------------------------------------------------*/
FoamFile
{
    version     2.0;
    format      ascii;
    class       surfaceScalarField;
    location    "0.1";
    object      phi;
}
// * * * * * * * * * * * * * * * * * * * * * * * * * * * * * * * * * * * * * //

dimensions      [0 3 -1 0 0 0 0];

internalField   nonuniform List<scalar> 
3782
(
3.3985e-05
-2.16908e-06
3.33506e-05
-3.44537e-06
3.26507e-05
-4.72123e-06
3.18763e-05
-5.99048e-06
3.10272e-05
-7.24496e-06
3.0104e-05
-8.47177e-06
2.91069e-05
-9.65811e-06
2.80388e-05
-1.07907e-05
2.69069e-05
-1.18558e-05
2.57206e-05
-1.28401e-05
2.44918e-05
-1.37316e-05
2.32333e-05
-1.45204e-05
2.19588e-05
-1.51992e-05
2.06818e-05
-1.57634e-05
1.94148e-05
-1.62111e-05
1.81693e-05
-1.65429e-05
1.69554e-05
-1.67614e-05
1.57812e-05
-1.68711e-05
1.46536e-05
-1.68776e-05
1.35775e-05
-1.67873e-05
1.25568e-05
-1.66074e-05
1.15938e-05
-1.63452e-05
1.06897e-05
-1.6008e-05
9.84475e-06
-1.56027e-05
9.05848e-06
-1.51362e-05
8.32985e-06
-1.46146e-05
7.65735e-06
-1.40436e-05
7.03911e-06
-1.34283e-05
6.47304e-06
-1.27732e-05
5.95694e-06
-1.20821e-05
5.48863e-06
-1.13583e-05
5.06595e-06
-1.06046e-05
4.68687e-06
-9.823e-06
4.34952e-06
-9.01526e-06
4.05223e-06
-8.18263e-06
3.79353e-06
-7.32596e-06
3.57223e-06
-6.44576e-06
3.38744e-06
-5.5422e-06
3.23857e-06
-4.61522e-06
3.12541e-06
-3.66456e-06
3.04808e-06
-2.68987e-06
3.00732e-06
-1.6917e-06
-6.09463e-07
-1.64614e-06
3.10834e-05
-1.151e-06
3.01117e-05
-6.86008e-07
2.91762e-05
2.82729e-05
-2.52353e-07
-2.87031e-06
3.05083e-05
-2.32775e-06
2.95691e-05
-1.81678e-06
2.86652e-05
2.77945e-05
-1.33843e-06
-4.09182e-06
2.98788e-05
-3.49659e-06
2.89739e-05
-2.93574e-06
2.81043e-05
2.72701e-05
-2.41132e-06
-5.30126e-06
2.91896e-05
-4.65036e-06
2.83229e-05
-4.03884e-06
2.74928e-05
2.66981e-05
-3.46683e-06
-6.49229e-06
2.84369e-05
-5.78355e-06
2.76142e-05
-5.11982e-06
2.68291e-05
2.60778e-05
-4.49941e-06
-7.65471e-06
2.76199e-05
-6.88876e-06
2.68483e-05
-6.17261e-06
2.61129e-05
2.54092e-05
-5.50403e-06
-8.77814e-06
2.674e-05
-7.95638e-06
2.60265e-05
-7.18928e-06
2.53459e-05
2.4694e-05
-6.47405e-06
-9.85159e-06
2.58009e-05
-8.9768e-06
2.51517e-05
-8.16157e-06
2.45306e-05
2.39347e-05
-7.40231e-06
-1.08633e-05
2.48083e-05
-9.94014e-06
2.42286e-05
-9.08095e-06
2.36714e-05
2.31351e-05
-8.28133e-06
-1.18016e-05
2.37698e-05
-1.08365e-05
2.32635e-05
-9.93883e-06
2.27738e-05
2.22999e-05
-9.10362e-06
-1.26562e-05
2.26944e-05
-1.16569e-05
2.22642e-05
-1.07273e-05
2.18442e-05
2.14348e-05
-9.86225e-06
-1.34183e-05
2.15923e-05
-1.23935e-05
2.12394e-05
-1.14396e-05
2.08903e-05
2.05463e-05
-1.05512e-05
-1.40813e-05
2.04745e-05
-1.30403e-05
2.01984e-05
-1.20701e-05
1.99201e-05
1.96415e-05
-1.11652e-05
-1.46406e-05
1.93517e-05
-1.35929e-05
1.91507e-05
-1.26146e-05
1.89418e-05
1.87275e-05
-1.17006e-05
-1.50938e-05
1.82345e-05
-1.40486e-05
1.81055e-05
-1.30704e-05
1.79636e-05
1.78115e-05
-1.21545e-05
-1.54408e-05
1.71324e-05
-1.44068e-05
1.70715e-05
-1.34364e-05
1.69932e-05
1.69006e-05
-1.25254e-05
-1.56832e-05
1.60542e-05
-1.46682e-05
1.60564e-05
-1.37127e-05
1.60377e-05
1.60011e-05
-1.28132e-05
-1.58241e-05
1.50072e-05
-1.48349e-05
1.50672e-05
-1.39007e-05
1.51035e-05
1.51191e-05
-1.30187e-05
-1.58679e-05
1.39974e-05
-1.49104e-05
1.41097e-05
-1.40031e-05
1.41961e-05
1.42596e-05
-1.31436e-05
-1.58198e-05
1.30299e-05
-1.48988e-05
1.31887e-05
-1.40229e-05
1.33203e-05
1.34272e-05
-1.31906e-05
-1.56857e-05
1.21081e-05
-1.48049e-05
1.2308e-05
-1.39644e-05
1.24797e-05
1.26257e-05
-1.31628e-05
-1.54718e-05
1.12347e-05
-1.46341e-05
1.14702e-05
-1.38317e-05
1.16772e-05
1.18579e-05
-1.3064e-05
-1.51846e-05
1.04113e-05
-1.43918e-05
1.06774e-05
-1.36296e-05
1.09151e-05
1.11263e-05
-1.2898e-05
-1.48301e-05
9.63861e-06
-1.40833e-05
9.93064e-06
-1.33629e-05
1.01947e-05
1.04324e-05
-1.26691e-05
-1.44143e-05
8.91675e-06
-1.37141e-05
9.23044e-06
-1.30363e-05
9.51688e-06
9.77738e-06
-1.23813e-05
-1.3943e-05
8.24522e-06
-1.32893e-05
8.57673e-06
-1.26544e-05
8.88193e-06
9.16187e-06
-1.20389e-05
-1.34214e-05
7.62308e-06
-1.28137e-05
7.96903e-06
-1.22215e-05
8.28975e-06
8.58604e-06
-1.16457e-05
-1.28542e-05
7.04906e-06
-1.22916e-05
7.4065e-06
-1.17417e-05
7.73986e-06
8.04977e-06
-1.12055e-05
-1.22457e-05
6.52168e-06
-1.17272e-05
6.88806e-06
-1.12189e-05
7.23155e-06
7.55266e-06
-1.07218e-05
-1.15996e-05
6.03931e-06
-1.1124e-05
6.41246e-06
-1.06564e-05
6.76393e-06
7.09413e-06
-1.01979e-05
-1.09192e-05
5.60027e-06
-1.04851e-05
5.97838e-06
-1.00572e-05
6.33601e-06
6.67346e-06
-9.63648e-06
-1.02071e-05
5.20289e-06
-9.81319e-06
5.58448e-06
-9.42387e-06
5.94672e-06
6.28985e-06
-9.04025e-06
-9.46561e-06
4.84556e-06
-9.11053e-06
5.22943e-06
-8.75879e-06
5.595e-06
5.94251e-06
-8.41142e-06
-8.69646e-06
4.52679e-06
-8.37899e-06
4.91198e-06
-8.06383e-06
5.27986e-06
5.63062e-06
-7.75192e-06
-7.90107e-06
4.24524e-06
-7.62009e-06
4.63102e-06
-7.34058e-06
5.00036e-06
5.35347e-06
-7.0634e-06
-7.08048e-06
3.99973e-06
-6.835e-06
4.38554e-06
-6.59033e-06
4.75571e-06
5.1104e-06
-6.34724e-06
-6.23538e-06
3.78931e-06
-6.0246e-06
4.17476e-06
-5.8141e-06
4.54523e-06
4.90089e-06
-5.60457e-06
-5.36619e-06
3.61324e-06
-5.1895e-06
3.99805e-06
-5.01268e-06
4.36843e-06
4.72456e-06
-4.83633e-06
-4.47311e-06
3.47108e-06
-4.33012e-06
3.85504e-06
-4.18669e-06
4.22503e-06
4.5812e-06
-4.0433e-06
-3.55617e-06
3.36263e-06
-3.44673e-06
3.7456e-06
-3.3366e-06
4.11491e-06
4.47074e-06
-3.22613e-06
-2.61529e-06
3.28802e-06
-2.53952e-06
3.66983e-06
-2.46281e-06
4.03821e-06
4.39335e-06
-2.38539e-06
-1.65154e-06
3.24786e-06
-1.61e-06
3.6283e-06
-1.56723e-06
3.99546e-06
4.34951e-06
-1.52339e-06
-5.98765e-07
-5.87268e-07
-5.75032e-07
-5.621e-07
1.94097e-07
3.05434e-05
5.99566e-07
2.94993e-05
9.63952e-07
2.84963e-05
1.28803e-06
2.75339e-05
1.57267e-06
2.66121e-05
1.81964e-06
2.57298e-05
2.03082e-06
2.48869e-05
2.20822e-06
2.40829e-05
2.354e-06
2.33173e-05
2.47039e-06
2.25892e-05
2.55967e-06
2.1898e-05
2.62405e-06
2.12427e-05
2.66566e-06
2.06225e-05
2.68655e-06
2.00363e-05
2.68864e-06
1.94831e-05
2.67371e-06
1.89617e-05
2.64344e-06
1.84711e-05
2.59935e-06
1.80102e-05
2.54286e-06
1.75778e-05
2.47525e-06
1.71729e-05
2.39771e-06
1.67945e-05
2.31129e-06
1.64413e-05
2.21697e-06
1.61126e-05
2.11561e-06
1.58073e-05
2.00797e-06
1.55246e-05
1.89476e-06
1.52636e-05
1.7766e-06
1.50235e-05
1.65406e-06
1.48035e-05
1.52767e-06
1.46031e-05
1.3979e-06
1.44215e-05
1.26519e-06
1.42582e-05
1.12993e-06
1.41128e-05
9.92479e-07
1.39847e-05
8.53152e-07
1.38735e-05
7.12254e-07
1.37789e-05
5.70075e-07
1.37006e-05
4.26888e-07
1.36384e-05
2.82962e-07
1.35919e-05
1.38677e-07
1.35567e-05
1.30961e-05
-8.44623e-07
3.00495e-05
-3.93294e-07
2.9048e-05
1.59817e-08
2.8087e-05
3.84014e-07
2.71658e-05
7.10978e-07
2.62851e-05
9.99494e-07
2.54413e-05
1.25135e-06
2.46351e-05
1.46844e-06
2.38659e-05
1.65287e-06
2.31329e-05
1.80687e-06
2.24352e-05
1.93264e-06
2.17722e-05
2.03235e-06
2.1143e-05
2.10811e-06
2.05467e-05
2.16191e-06
1.99824e-05
2.19567e-06
1.94493e-05
2.21117e-06
1.89462e-05
2.21007e-06
1.84722e-05
2.19394e-06
1.80263e-05
2.16421e-06
1.76075e-05
2.1222e-06
1.72149e-05
2.06915e-06
1.68475e-05
2.00617e-06
1.65043e-05
1.93427e-06
1.61845e-05
1.85437e-06
1.58872e-05
1.7673e-06
1.56117e-05
1.67382e-06
1.5357e-05
1.57461e-06
1.51226e-05
1.47031e-06
1.49078e-05
1.3615e-06
1.47118e-05
1.24872e-06
1.45342e-05
1.13246e-06
1.43745e-05
1.01317e-06
1.4232e-05
8.91268e-07
1.41065e-05
7.67126e-07
1.39976e-05
6.41105e-07
1.39049e-05
5.13547e-07
1.38281e-05
3.84781e-07
1.37671e-05
2.55121e-07
1.37216e-05
1.24994e-07
1.36869e-05
1.3221e-05
-1.86842e-06
2.95067e-05
-1.37045e-06
2.855e-05
-9.16818e-07
2.76334e-05
-5.07108e-07
2.67561e-05
-1.36904e-07
2.59149e-05
1.93083e-07
2.51114e-05
4.84817e-07
2.43434e-05
7.40553e-07
2.36102e-05
9.62451e-07
2.2911e-05
1.15288e-06
2.22448e-05
1.31397e-06
2.16111e-05
1.44789e-06
2.1009e-05
1.55672e-06
2.04379e-05
1.64244e-06
1.98967e-05
1.70694e-06
1.93848e-05
1.75202e-06
1.89011e-05
1.77935e-06
1.84448e-05
1.79051e-06
1.80151e-05
1.78697e-06
1.7611e-05
1.77008e-06
1.72317e-05
1.7411e-06
1.68764e-05
1.7012e-06
1.65442e-05
1.65142e-06
1.62343e-05
1.59274e-06
1.59459e-05
1.52605e-06
1.56783e-05
1.45216e-06
1.54309e-05
1.3718e-06
1.52029e-05
1.28569e-06
1.49938e-05
1.19444e-06
1.4803e-05
1.09866e-06
1.463e-05
9.98882e-07
1.44742e-05
8.95617e-07
1.43353e-05
7.89329e-07
1.42128e-05
6.80453e-07
1.41064e-05
5.69401e-07
1.40159e-05
4.56567e-07
1.39409e-05
3.42329e-07
1.38813e-05
2.27052e-07
1.38368e-05
1.11205e-07
1.38027e-05
1.33322e-05
-2.87403e-06
2.89139e-05
-2.32887e-06
2.80049e-05
-1.83034e-06
2.71349e-05
-1.37629e-06
2.63021e-05
-9.66145e-07
2.55048e-05
-5.97049e-07
2.47423e-05
-2.67004e-07
2.40133e-05
2.66532e-08
2.33165e-05
2.84828e-07
2.26528e-05
5.10528e-07
2.20191e-05
7.05708e-07
2.14159e-05
8.72679e-07
2.0842e-05
1.01345e-06
2.02971e-05
1.13001e-06
1.97802e-05
1.22425e-06
1.92905e-05
1.29799e-06
1.88273e-05
1.35292e-06
1.83899e-05
1.39063e-06
1.79773e-05
1.41261e-06
1.7589e-05
1.42024e-06
1.7224e-05
1.41483e-06
1.68818e-05
1.39755e-06
1.65614e-05
1.36953e-06
1.62623e-05
1.33176e-06
1.59836e-05
1.28519e-06
1.57249e-05
1.23067e-06
1.54854e-05
1.16901e-06
1.52646e-05
1.10095e-06
1.50618e-05
1.02717e-06
1.48767e-05
9.48317e-07
1.47088e-05
8.64984e-07
1.45575e-05
7.77725e-07
1.44225e-05
6.87059e-07
1.43034e-05
5.9347e-07
1.42e-05
4.97422e-07
1.41119e-05
3.99354e-07
1.4039e-05
2.99694e-07
1.39809e-05
1.98855e-07
1.39376e-05
9.73527e-08
1.39041e-05
1.34296e-05
-3.85655e-06
2.8271e-05
-3.26469e-06
2.7413e-05
-2.72192e-06
2.65921e-05
-2.22619e-06
2.58063e-05
-1.77562e-06
2.50542e-05
-1.36776e-06
2.43344e-05
-1.00058e-06
2.36461e-05
-6.72048e-07
2.2988e-05
-3.78376e-07
2.23591e-05
-1.186e-07
2.17593e-05
1.09746e-07
2.11875e-05
3.08654e-07
2.06431e-05
4.80194e-07
2.01255e-05
6.26463e-07
1.96339e-05
7.49357e-07
1.91676e-05
8.50768e-07
1.87259e-05
9.32389e-07
1.83082e-05
9.95819e-07
1.79139e-05
1.04257e-06
1.75422e-05
1.07406e-06
1.71925e-05
1.09161e-06
1.68642e-05
1.09645e-06
1.65565e-05
1.08972e-06
1.6269e-05
1.07247e-06
1.60009e-05
1.04568e-06
1.57517e-05
1.01026e-06
1.55208e-05
9.67051e-07
1.53077e-05
9.16839e-07
1.5112e-05
8.6036e-07
1.49332e-05
7.98301e-07
1.47708e-05
7.31306e-07
1.46244e-05
6.59975e-07
1.44938e-05
5.84872e-07
1.43785e-05
5.06531e-07
1.42783e-05
4.25459e-07
1.4193e-05
3.42143e-07
1.41223e-05
2.57055e-07
1.4066e-05
1.70654e-07
1.4024e-05
8.34978e-08
1.39913e-05
1.3513e-05
-4.81162e-06
2.75787e-05
-4.17369e-06
2.67751e-05
-3.58783e-06
2.60063e-05
-3.05141e-06
2.52699e-05
-2.56196e-06
2.45647e-05
-2.11693e-06
2.38894e-05
-1.71356e-06
2.32428e-05
-1.34988e-06
2.26243e-05
-1.02314e-06
2.20324e-05
-7.3122e-07
2.14674e-05
-4.71832e-07
2.09281e-05
-2.42778e-07
2.0414e-05
-4.17082e-08
1.99244e-05
1.33519e-07
1.94586e-05
2.8393e-07
1.90172e-05
4.11982e-07
1.85978e-05
5.1933e-07
1.82008e-05
6.07577e-07
1.78256e-05
6.7829e-07
1.74715e-05
7.32886e-07
1.71379e-05
7.7274e-07
1.68243e-05
7.991e-07
1.65301e-05
8.13121e-07
1.62549e-05
8.15914e-07
1.59981e-05
8.08495e-07
1.57591e-05
7.91807e-07
1.55375e-05
7.66731e-07
1.53328e-05
7.34097e-07
1.51446e-05
6.94683e-07
1.49725e-05
6.4922e-07
1.48162e-05
5.98392e-07
1.46752e-05
5.42843e-07
1.45493e-05
4.83183e-07
1.44381e-05
4.19985e-07
1.43415e-05
3.53803e-07
1.42591e-05
2.85164e-07
1.41909e-05
2.14583e-07
1.41365e-05
1.42562e-07
1.4096e-05
6.96979e-08
1.40641e-05
1.35827e-05
-5.7337e-06
2.68383e-05
-5.05132e-06
2.60928e-05
-4.42376e-06
2.53787e-05
-3.84803e-06
2.46942e-05
-3.32121e-06
2.40379e-05
-2.84047e-06
2.34086e-05
-2.40307e-06
2.28054e-05
-2.00627e-06
2.22275e-05
-1.64789e-06
2.1674e-05
-1.32527e-06
2.11447e-05
-1.03606e-06
2.06389e-05
-7.78042e-07
2.0156e-05
-5.49333e-07
1.96957e-05
-3.4807e-07
1.92574e-05
-1.70793e-07
1.88399e-05
-1.69953e-08
1.8444e-05
1.15282e-07
1.80685e-05
2.27389e-07
1.77135e-05
3.21207e-07
1.73776e-05
3.98062e-07
1.7061e-05
4.59485e-07
1.67628e-05
5.06713e-07
1.64829e-05
5.40858e-07
1.62208e-05
5.63143e-07
1.59758e-05
5.74604e-07
1.57476e-05
5.76212e-07
1.55358e-05
5.68879e-07
1.53401e-05
5.53477e-07
1.516e-05
5.30824e-07
1.49952e-05
5.01686e-07
1.48453e-05
4.66789e-07
1.47101e-05
4.26814e-07
1.45892e-05
3.82408e-07
1.44825e-05
3.34189e-07
1.43897e-05
2.82746e-07
1.43105e-05
2.28649e-07
1.42449e-05
1.7245e-07
1.41927e-05
1.14692e-07
1.41537e-05
5.60077e-08
1.41227e-05
1.36387e-05
-6.61663e-06
2.60526e-05
-5.89224e-06
2.53684e-05
-5.22537e-06
2.47118e-05
-4.61257e-06
2.40814e-05
-4.05049e-06
2.34758e-05
-3.53608e-06
2.28943e-05
-3.06637e-06
2.23357e-05
-2.63861e-06
2.17998e-05
-2.25022e-06
2.12856e-05
-1.89862e-06
2.07931e-05
-1.58134e-06
2.03216e-05
-1.29616e-06
1.98708e-05
-1.04061e-06
1.94401e-05
-8.12919e-07
1.90296e-05
-6.11395e-07
1.86383e-05
-4.33906e-07
1.82665e-05
-2.7874e-07
1.79134e-05
-1.43642e-07
1.75784e-05
-2.77025e-08
1.72616e-05
7.08172e-08
1.69625e-05
1.53078e-07
1.66805e-05
2.20528e-07
1.64154e-05
2.74019e-07
1.61672e-05
3.15185e-07
1.59346e-05
3.44977e-07
1.57178e-05
3.6438e-07
1.55164e-05
3.74319e-07
1.53301e-05
3.75733e-07
1.51585e-05
3.69466e-07
1.50014e-05
3.56319e-07
1.48584e-05
3.37047e-07
1.47293e-05
3.1237e-07
1.46139e-05
2.82971e-07
1.45119e-05
2.49501e-07
1.44231e-05
2.12587e-07
1.43474e-05
1.72833e-07
1.42847e-05
1.3083e-07
1.42347e-05
8.71559e-08
1.41973e-05
4.24804e-08
1.41673e-05
1.36811e-05
-7.45398e-06
2.52253e-05
-6.6909e-06
2.46053e-05
-5.98777e-06
2.40087e-05
-5.34067e-06
2.34343e-05
-4.74597e-06
2.28812e-05
-4.20033e-06
2.23486e-05
-3.70065e-06
2.18361e-05
-3.24393e-06
2.13431e-05
-2.82754e-06
2.08692e-05
-2.44875e-06
2.04143e-05
-2.10512e-06
1.9978e-05
-1.79435e-06
1.956e-05
-1.51428e-06
1.916e-05
-1.26254e-06
1.87779e-05
-1.03744e-06
1.84132e-05
-8.36808e-07
1.80659e-05
-6.59096e-07
1.77356e-05
-5.02749e-07
1.7422e-05
-3.66017e-07
1.71249e-05
-2.47437e-07
1.68439e-05
-1.45664e-07
1.65787e-05
-5.94592e-08
1.63292e-05
1.34773e-08
1.60943e-05
7.302e-08
1.5875e-05
1.20557e-07
1.56702e-05
1.57214e-07
1.54797e-05
1.83855e-07
1.53035e-05
2.01611e-07
1.51407e-05
2.11286e-07
1.49917e-05
2.13731e-07
1.48559e-05
2.09718e-07
1.47333e-05
1.99998e-07
1.46236e-05
1.8529e-07
1.45266e-05
1.66278e-07
1.44421e-05
1.4362e-07
1.43701e-05
1.17953e-07
1.43103e-05
8.98976e-08
1.42627e-05
6.0066e-08
1.42271e-05
2.91611e-08
1.41982e-05
1.37103e-05
-8.23927e-06
2.43609e-05
-7.44164e-06
2.38077e-05
-6.70597e-06
2.3273e-05
-6.02795e-06
2.27563e-05
-5.40373e-06
2.2257e-05
-4.82972e-06
2.17746e-05
-4.30267e-06
2.1309e-05
-3.81948e-06
2.08599e-05
-3.37736e-06
2.04271e-05
-2.97359e-06
2.00105e-05
-2.60564e-06
1.961e-05
-2.27112e-06
1.92255e-05
-1.96779e-06
1.88567e-05
-1.69355e-06
1.85037e-05
-1.44647e-06
1.81662e-05
-1.22463e-06
1.7844e-05
-1.02612e-06
1.75372e-05
-8.49407e-07
1.72453e-05
-6.92775e-07
1.69683e-05
-5.54845e-07
1.67059e-05
-4.34041e-07
1.64579e-05
-3.29118e-07
1.62242e-05
-2.39207e-07
1.60043e-05
-1.62522e-07
1.57983e-05
-9.81058e-08
1.56058e-05
-4.50263e-08
1.54266e-05
-1.87556e-09
1.52603e-05
3.18103e-08
1.5107e-05
5.69326e-08
1.49665e-05
7.45303e-08
1.48383e-05
8.53405e-08
1.47225e-05
9.01756e-08
1.46187e-05
8.97829e-08
1.4527e-05
8.4875e-08
1.4447e-05
7.61435e-08
1.43788e-05
6.42446e-08
1.43222e-05
4.98312e-08
1.42771e-05
3.3536e-08
1.42433e-05
1.60631e-08
1.42156e-05
1.37263e-05
-8.96646e-06
2.34652e-05
-8.13916e-06
2.29804e-05
-7.37527e-06
2.25091e-05
-6.67025e-06
2.20513e-05
-6.02002e-06
2.16067e-05
-5.42087e-06
2.11755e-05
-4.86939e-06
2.07576e-05
-4.36245e-06
2.0353e-05
-3.89712e-06
1.99618e-05
-3.47066e-06
1.95841e-05
-3.08055e-06
1.92199e-05
-2.72433e-06
1.88692e-05
-2.39981e-06
1.85322e-05
-2.1048e-06
1.82086e-05
-1.83734e-06
1.78987e-05
-1.59551e-06
1.76022e-05
-1.37756e-06
1.73192e-05
-1.18182e-06
1.70495e-05
-1.00669e-06
1.67931e-05
-8.50577e-07
1.65498e-05
-7.12155e-07
1.63195e-05
-5.89908e-07
1.6102e-05
-4.82749e-07
1.58972e-05
-3.89488e-07
1.5705e-05
-3.08863e-07
1.55251e-05
-2.39925e-07
1.53576e-05
-1.81684e-07
1.5202e-05
-1.33128e-07
1.50584e-05
-9.30398e-08
1.49264e-05
-6.09169e-08
1.48062e-05
-3.5734e-08
1.46973e-05
-1.67652e-08
1.45998e-05
-3.21462e-09
1.45134e-05
5.60911e-09
1.44382e-05
1.04347e-08
1.4374e-05
1.19347e-08
1.43206e-05
1.08103e-08
1.42781e-05
7.71527e-09
1.42464e-05
3.08472e-09
1.42202e-05
1.37293e-05
-9.63023e-06
2.25442e-05
-8.77875e-06
2.21289e-05
-7.99148e-06
2.17219e-05
-7.26377e-06
2.13236e-05
-6.59142e-06
2.09344e-05
-5.97063e-06
2.05547e-05
-5.39795e-06
2.01849e-05
-4.87017e-06
1.98252e-05
-4.38434e-06
1.9476e-05
-3.93772e-06
1.91375e-05
-3.52775e-06
1.88099e-05
-3.152e-06
1.84935e-05
-2.80823e-06
1.81884e-05
-2.49432e-06
1.78947e-05
-2.20825e-06
1.76126e-05
-1.94816e-06
1.73421e-05
-1.71224e-06
1.70833e-05
-1.49884e-06
1.68361e-05
-1.30634e-06
1.66006e-05
-1.13327e-06
1.63767e-05
-9.78169e-07
1.61644e-05
-8.39745e-07
1.59635e-05
-7.16731e-07
1.57742e-05
-6.07801e-07
1.55961e-05
-5.11994e-07
1.54293e-05
-4.27917e-07
1.52735e-05
-3.54862e-07
1.51289e-05
-2.91643e-07
1.49952e-05
-2.37488e-07
1.48722e-05
-1.91364e-07
1.476e-05
-1.52482e-07
1.46584e-05
-1.19995e-07
1.45673e-05
-9.31211e-08
1.44866e-05
-7.11402e-08
1.44162e-05
-5.32736e-08
1.43561e-05
-3.87668e-08
1.43061e-05
-2.70161e-08
1.42664e-05
-1.73454e-08
1.42367e-05
-9.84626e-09
1.42126e-05
1.37195e-05
-1.0226e-05
2.1605e-05
-9.35628e-06
2.12592e-05
-8.55088e-06
2.09165e-05
-7.80512e-06
2.05778e-05
-7.11482e-06
2.02441e-05
-6.47616e-06
1.99161e-05
-5.88569e-06
1.95944e-05
-5.3402e-06
1.92797e-05
-4.83675e-06
1.89725e-05
-4.37261e-06
1.86733e-05
-3.94524e-06
1.83825e-05
-3.55222e-06
1.81005e-05
-3.19132e-06
1.78275e-05
-2.86045e-06
1.75639e-05
-2.5576e-06
1.73098e-05
-2.28093e-06
1.70655e-05
-2.02865e-06
1.6831e-05
-1.7991e-06
1.66066e-05
-1.5907e-06
1.63922e-05
-1.40195e-06
1.61879e-05
-1.23142e-06
1.59938e-05
-1.07778e-06
1.58099e-05
-9.3975e-07
1.56361e-05
-8.16147e-07
1.54725e-05
-7.05804e-07
1.53189e-05
-6.07697e-07
1.51754e-05
-5.20724e-07
1.50419e-05
-4.43857e-07
1.49183e-05
-3.76205e-07
1.48045e-05
-3.16812e-07
1.47006e-05
-2.64797e-07
1.46064e-05
-2.19314e-07
1.45218e-05
-1.79659e-07
1.44469e-05
-1.44912e-07
1.43815e-05
-1.14449e-07
1.43256e-05
-8.75227e-08
1.42792e-05
-6.33511e-08
1.42421e-05
-4.12974e-08
1.42146e-05
-2.24945e-08
1.41937e-05
1.36969e-05
-1.07501e-05
2.06545e-05
-9.86837e-06
2.03774e-05
-9.05031e-06
2.00984e-05
-8.29139e-06
1.98189e-05
-7.58751e-06
1.95402e-05
-6.93493e-06
1.92635e-05
-6.33025e-06
1.89897e-05
-5.77032e-06
1.87198e-05
-5.25226e-06
1.84545e-05
-4.77337e-06
1.81945e-05
-4.33114e-06
1.79403e-05
-3.92322e-06
1.76926e-05
-3.5474e-06
1.74517e-05
-3.20161e-06
1.72181e-05
-2.88389e-06
1.69921e-05
-2.59241e-06
1.6774e-05
-2.32542e-06
1.6564e-05
-2.08128e-06
1.63624e-05
-1.8584e-06
1.61693e-05
-1.65532e-06
1.59848e-05
-1.47062e-06
1.58091e-05
-1.30299e-06
1.56423e-05
-1.15115e-06
1.54843e-05
-1.0139e-06
1.53352e-05
-8.9012e-07
1.51951e-05
-7.78689e-07
1.50639e-05
-6.78577e-07
1.49417e-05
-5.88774e-07
1.48284e-05
-5.08321e-07
1.47241e-05
-4.3629e-07
1.46286e-05
-3.7183e-07
1.45419e-05
-3.14093e-07
1.44641e-05
-2.6222e-07
1.43951e-05
-2.15467e-07
1.43347e-05
-1.73031e-07
1.42832e-05
-1.3418e-07
1.42403e-05
-9.81645e-08
1.42061e-05
-6.43553e-08
1.41807e-05
-3.44007e-08
1.41637e-05
1.36625e-05
-1.11999e-05
1.96999e-05
-1.03124e-05
1.94899e-05
-9.48729e-06
1.92733e-05
-8.72021e-06
1.90518e-05
-8.00724e-06
1.88272e-05
-7.34479e-06
1.8601e-05
-6.72959e-06
1.83745e-05
-6.1586e-06
1.81488e-05
-5.62901e-06
1.79249e-05
-5.13822e-06
1.77037e-05
-4.68378e-06
1.74859e-05
-4.2634e-06
1.72722e-05
-3.87493e-06
1.70632e-05
-3.51633e-06
1.68595e-05
-3.18572e-06
1.66615e-05
-2.88127e-06
1.64695e-05
-2.60129e-06
1.6284e-05
-2.34415e-06
1.61052e-05
-2.1083e-06
1.59334e-05
-1.8923e-06
1.57688e-05
-1.69476e-06
1.56116e-05
-1.51436e-06
1.54619e-05
-1.34986e-06
1.53198e-05
-1.20007e-06
1.51854e-05
-1.06384e-06
1.50589e-05
-9.4011e-07
1.49402e-05
-8.27797e-07
1.48294e-05
-7.25921e-07
1.47265e-05
-6.33516e-07
1.46316e-05
-5.49659e-07
1.45447e-05
-4.73465e-07
1.44657e-05
-4.04083e-07
1.43947e-05
-3.4069e-07
1.43317e-05
-2.82489e-07
1.42766e-05
-2.28695e-07
1.42294e-05
-1.78545e-07
1.41901e-05
-1.31289e-07
1.41588e-05
-8.62933e-08
1.41357e-05
-4.5445e-08
1.41228e-05
1.3617e-05
-1.15737e-05
1.87482e-05
-1.06867e-05
1.86029e-05
-9.86004e-06
1.84466e-05
-9.08977e-06
1.82815e-05
-8.37222e-06
1.81097e-05
-7.70401e-06
1.79328e-05
-7.08202e-06
1.77526e-05
-6.50339e-06
1.75702e-05
-5.96544e-06
1.7387e-05
-5.46565e-06
1.72039e-05
-5.00169e-06
1.7022e-05
-4.57134e-06
1.68419e-05
-4.17253e-06
1.66644e-05
-3.8033e-06
1.64903e-05
-3.4618e-06
1.632e-05
-3.14628e-06
1.6154e-05
-2.85507e-06
1.59928e-05
-2.58658e-06
1.58367e-05
-2.33932e-06
1.56862e-05
-2.11186e-06
1.55414e-05
-1.90284e-06
1.54026e-05
-1.71097e-06
1.527e-05
-1.53502e-06
1.51438e-05
-1.37382e-06
1.50242e-05
-1.22623e-06
1.49113e-05
-1.09119e-06
1.48051e-05
-9.67645e-07
1.47058e-05
-8.54609e-07
1.46135e-05
-7.51114e-07
1.45281e-05
-6.56244e-07
1.44498e-05
-5.69114e-07
1.43786e-05
-4.88871e-07
1.43145e-05
-4.14674e-07
1.42575e-05
-3.45733e-07
1.42076e-05
-2.81248e-07
1.41649e-05
-2.20454e-07
1.41293e-05
-1.62592e-07
1.41009e-05
-1.07033e-07
1.40801e-05
-5.56017e-08
1.40714e-05
1.35614e-05
-1.18709e-05
1.78058e-05
-1.09903e-05
1.77223e-05
-1.01675e-05
1.76238e-05
-9.39893e-06
1.75129e-05
-8.68122e-06
1.7392e-05
-8.01129e-06
1.72629e-05
-7.38624e-06
1.71276e-05
-6.80339e-06
1.69874e-05
-6.26022e-06
1.68439e-05
-5.75436e-06
1.66981e-05
-5.28359e-06
1.65512e-05
-4.8458e-06
1.64041e-05
-4.439e-06
1.62576e-05
-4.06133e-06
1.61126e-05
-3.711e-06
1.59696e-05
-3.38633e-06
1.58293e-05
-3.08569e-06
1.56921e-05
-2.80756e-06
1.55586e-05
-2.55047e-06
1.54291e-05
-2.31305e-06
1.53039e-05
-2.09396e-06
1.51835e-05
-1.89194e-06
1.5068e-05
-1.7058e-06
1.49577e-05
-1.53437e-06
1.48528e-05
-1.37655e-06
1.47534e-05
-1.23126e-06
1.46598e-05
-1.09749e-06
1.4572e-05
-9.7424e-07
1.44902e-05
-8.6057e-07
1.44145e-05
-7.55559e-07
1.43448e-05
-6.58327e-07
1.42814e-05
-5.68016e-07
1.42242e-05
-4.83793e-07
1.41733e-05
-4.04856e-07
1.41287e-05
-3.30409e-07
1.40905e-05
-2.59678e-07
1.40586e-05
-1.91902e-07
1.40331e-05
-1.26446e-07
1.40146e-05
-6.49264e-08
1.40098e-05
1.34965e-05
-1.20918e-05
1.6879e-05
-1.12232e-05
1.68536e-05
-1.04093e-05
1.68099e-05
-9.6471e-06
1.67507e-05
-8.93352e-06
1.66784e-05
-8.26581e-06
1.65952e-05
-7.64134e-06
1.65031e-05
-7.05763e-06
1.64038e-05
-6.51237e-06
1.62986e-05
-6.00333e-06
1.61891e-05
-5.52845e-06
1.60763e-05
-5.08573e-06
1.59614e-05
-4.67331e-06
1.58452e-05
-4.28941e-06
1.57287e-05
-3.93232e-06
1.56125e-05
-3.60043e-06
1.54974e-05
-3.2922e-06
1.53839e-05
-3.00614e-06
1.52725e-05
-2.74085e-06
1.51638e-05
-2.49499e-06
1.50581e-05
-2.26728e-06
1.49558e-05
-2.05649e-06
1.48572e-05
-1.86145e-06
1.47626e-05
-1.68101e-06
1.46723e-05
-1.51411e-06
1.45865e-05
-1.35968e-06
1.45054e-05
-1.21673e-06
1.44291e-05
-1.08428e-06
1.43578e-05
-9.61382e-07
1.42916e-05
-8.47145e-07
1.42306e-05
-7.40687e-07
1.41749e-05
-6.41155e-07
1.41247e-05
-5.47722e-07
1.40798e-05
-4.5958e-07
1.40405e-05
-3.75939e-07
1.40068e-05
-2.96023e-07
1.39787e-05
-2.19069e-07
1.39562e-05
-1.44432e-07
1.394e-05
-7.34812e-08
1.39389e-05
1.3423e-05
-1.22377e-05
1.5973e-05
-1.13861e-05
1.6002e-05
-1.05858e-05
1.60097e-05
-9.83432e-06
1.59992e-05
-9.12892e-06
1.5973e-05
-8.46719e-06
1.59335e-05
-7.84679e-06
1.58828e-05
-7.26549e-06
1.58225e-05
-6.72117e-06
1.57543e-05
-6.21181e-06
1.56797e-05
-5.73547e-06
1.56e-05
-5.29033e-06
1.55163e-05
-4.87463e-06
1.54295e-05
-4.48669e-06
1.53407e-05
-4.12491e-06
1.52507e-05
-3.78776e-06
1.51602e-05
-3.47376e-06
1.50699e-05
-3.18152e-06
1.49803e-05
-2.90967e-06
1.48919e-05
-2.65694e-06
1.48053e-05
-2.42208e-06
1.47209e-05
-2.2039e-06
1.4639e-05
-2.00128e-06
1.456e-05
-1.8131e-06
1.44842e-05
-1.6383e-06
1.44117e-05
-1.47587e-06
1.43429e-05
-1.32482e-06
1.4278e-05
-1.1842e-06
1.42171e-05
-1.05308e-06
1.41604e-05
-9.30575e-07
1.41081e-05
-8.15809e-07
1.40602e-05
-7.07944e-07
1.40168e-05
-6.06156e-07
1.39781e-05
-5.09643e-07
1.3944e-05
-4.1762e-07
1.39148e-05
-3.29312e-07
1.38904e-05
-2.43957e-07
1.38708e-05
-1.60906e-07
1.38569e-05
-8.12736e-08
1.38592e-05
1.33417e-05
-1.23104e-05
1.50928e-05
-1.14803e-05
1.51718e-05
-1.06979e-05
1.52273e-05
-9.96114e-06
1.52623e-05
-9.26768e-06
1.52796e-05
-8.61547e-06
1.52813e-05
-8.00246e-06
1.52698e-05
-7.42668e-06
1.52467e-05
-6.88624e-06
1.52139e-05
-6.3793e-06
1.51728e-05
-5.90411e-06
1.51248e-05
-5.45899e-06
1.50711e-05
-5.0423e-06
1.50128e-05
-4.6525e-06
1.49509e-05
-4.28809e-06
1.48863e-05
-3.94761e-06
1.48197e-05
-3.62969e-06
1.47519e-05
-3.333e-06
1.46835e-05
-3.05625e-06
1.46152e-05
-2.7982e-06
1.45473e-05
-2.55768e-06
1.44804e-05
-2.33354e-06
1.44149e-05
-2.12468e-06
1.43512e-05
-1.93003e-06
1.42895e-05
-1.74857e-06
1.42303e-05
-1.57931e-06
1.41737e-05
-1.42128e-06
1.412e-05
-1.27356e-06
1.40694e-05
-1.13525e-06
1.40221e-05
-1.00546e-06
1.39783e-05
-8.83341e-07
1.3938e-05
-7.68065e-07
1.39015e-05
-6.58818e-07
1.38688e-05
-5.54805e-07
1.384e-05
-4.55249e-07
1.38152e-05
-3.59383e-07
1.37945e-05
-2.66448e-07
1.37779e-05
-1.75792e-07
1.37662e-05
-8.82817e-08
1.37717e-05
1.32535e-05
-1.23124e-05
1.42424e-05
-1.15078e-05
1.43672e-05
-1.07471e-05
1.44666e-05
-1.00286e-05
1.45439e-05
-9.35052e-06
1.46015e-05
-8.71109e-06
1.46419e-05
-8.10857e-06
1.46672e-05
-7.54125e-06
1.46794e-05
-7.00746e-06
1.46801e-05
-6.50559e-06
1.46709e-05
-6.03404e-06
1.46533e-05
-5.5913e-06
1.46284e-05
-5.17588e-06
1.45974e-05
-4.78635e-06
1.45614e-05
-4.42132e-06
1.45213e-05
-4.07944e-06
1.44778e-05
-3.75943e-06
1.44319e-05
-3.46002e-06
1.43841e-05
-3.18001e-06
1.43351e-05
-2.91822e-06
1.42855e-05
-2.67354e-06
1.42357e-05
-2.44485e-06
1.41862e-05
-2.23112e-06
1.41374e-05
-2.03131e-06
1.40897e-05
-1.84443e-06
1.40434e-05
-1.66953e-06
1.39988e-05
-1.50567e-06
1.39561e-05
-1.35195e-06
1.39157e-05
-1.2075e-06
1.38776e-05
-1.07144e-06
1.38422e-05
-9.42962e-07
1.38095e-05
-8.21231e-07
1.37798e-05
-7.05454e-07
1.3753e-05
-5.94848e-07
1.37294e-05
-4.88646e-07
1.3709e-05
-3.8609e-07
1.36919e-05
-2.86434e-07
1.36782e-05
-1.8902e-07
1.36688e-05
-9.44711e-08
1.36772e-05
1.3159e-05
-1.22467e-05
1.34251e-05
-1.14709e-05
1.35913e-05
-1.07351e-05
1.37309e-05
-1.00381e-05
1.38469e-05
-9.37852e-06
1.39419e-05
-8.75484e-06
1.40182e-05
-8.16566e-06
1.4078e-05
-7.60953e-06
1.41233e-05
-7.08502e-06
1.41556e-05
-6.5907e-06
1.41766e-05
-6.12518e-06
1.41877e-05
-5.6871e-06
1.41903e-05
-5.27511e-06
1.41854e-05
-4.88792e-06
1.41742e-05
-4.52424e-06
1.41576e-05
-4.18284e-06
1.41364e-05
-3.86253e-06
1.41116e-05
-3.56212e-06
1.40837e-05
-3.28049e-06
1.40535e-05
-3.01653e-06
1.40215e-05
-2.76918e-06
1.39884e-05
-2.53738e-06
1.39544e-05
-2.32014e-06
1.39202e-05
-2.11648e-06
1.3886e-05
-1.92544e-06
1.38524e-05
-1.74611e-06
1.38195e-05
-1.57759e-06
1.37876e-05
-1.419e-06
1.37571e-05
-1.26949e-06
1.37281e-05
-1.12822e-06
1.37009e-05
-9.94389e-07
1.36757e-05
-8.67188e-07
1.36525e-05
-7.4584e-07
1.36317e-05
-6.29577e-07
1.36131e-05
-5.17647e-07
1.35971e-05
-4.09305e-07
1.35836e-05
-3.03817e-07
1.35727e-05
-2.00526e-07
1.35655e-05
-9.98155e-08
1.35765e-05
1.30592e-05
-1.21166e-05
1.26437e-05
-1.13723e-05
1.2847e-05
-1.06642e-05
1.30228e-05
-9.99153e-06
1.31742e-05
-9.3531e-06
1.33034e-05
-8.74783e-06
1.3413e-05
-8.17457e-06
1.35048e-05
-7.63214e-06
1.35808e-05
-7.11932e-06
1.36428e-05
-6.6349e-06
1.36922e-05
-6.17766e-06
1.37305e-05
-5.7464e-06
1.3759e-05
-5.33992e-06
1.37789e-05
-4.95706e-06
1.37913e-05
-4.59665e-06
1.37972e-05
-4.25757e-06
1.37974e-05
-3.93871e-06
1.37927e-05
-3.63899e-06
1.3784e-05
-3.35736e-06
1.37719e-05
-3.09278e-06
1.3757e-05
-2.84424e-06
1.37398e-05
-2.61076e-06
1.37209e-05
-2.39139e-06
1.37008e-05
-2.18519e-06
1.36799e-05
-1.99126e-06
1.36584e-05
-1.80873e-06
1.36369e-05
-1.63672e-06
1.36156e-05
-1.4744e-06
1.35948e-05
-1.32093e-06
1.35747e-05
-1.17552e-06
1.35555e-05
-1.03737e-06
1.35375e-05
-9.05713e-07
1.35209e-05
-7.79778e-07
1.35057e-05
-6.58822e-07
1.34922e-05
-5.42109e-07
1.34804e-05
-4.28912e-07
1.34704e-05
-3.18512e-07
1.34624e-05
-2.10254e-07
1.34573e-05
-1.0429e-07
1.34705e-05
1.29549e-05
-1.19255e-05
1.19002e-05
-1.1215e-05
1.21364e-05
-1.05369e-05
1.23448e-05
-9.89083e-06
1.2528e-05
-9.27592e-06
1.26885e-05
-8.6914e-06
1.28285e-05
-8.13639e-06
1.29498e-05
-7.60992e-06
1.30543e-05
-7.11102e-06
1.31438e-05
-6.63867e-06
1.32198e-05
-6.19181e-06
1.32836e-05
-5.76941e-06
1.33366e-05
-5.37042e-06
1.33799e-05
-4.99379e-06
1.34147e-05
-4.63849e-06
1.34419e-05
-4.30351e-06
1.34624e-05
-3.98782e-06
1.3477e-05
-3.69044e-06
1.34866e-05
-3.41038e-06
1.34918e-05
-3.1467e-06
1.34933e-05
-2.89845e-06
1.34916e-05
-2.6647e-06
1.34872e-05
-2.44456e-06
1.34807e-05
-2.23715e-06
1.34725e-05
-2.04161e-06
1.34629e-05
-1.8571e-06
1.34524e-05
-1.6828e-06
1.34413e-05
-1.51789e-06
1.34298e-05
-1.36159e-06
1.34183e-05
-1.21312e-06
1.3407e-05
-1.07171e-06
1.33961e-05
-9.36617e-07
1.33858e-05
-8.07102e-07
1.33762e-05
-6.82438e-07
1.33675e-05
-5.61911e-07
1.33598e-05
-4.44814e-07
1.33533e-05
-3.30446e-07
1.3348e-05
-2.18156e-07
1.3345e-05
-1.07873e-07
1.33602e-05
1.2847e-05
-1.16772e-05
1.1196e-05
-1.10021e-05
1.14613e-05
-1.03558e-05
1.16986e-05
-9.73825e-06
1.19105e-05
-9.14886e-06
1.20992e-05
-8.58712e-06
1.22667e-05
-8.05239e-06
1.2415e-05
-7.54393e-06
1.25459e-05
-7.06097e-06
1.26609e-05
-6.60267e-06
1.27615e-05
-6.16815e-06
1.28491e-05
-5.75652e-06
1.29249e-05
-5.36687e-06
1.29903e-05
-4.99829e-06
1.30461e-05
-4.64987e-06
1.30934e-05
-4.32068e-06
1.31332e-05
-4.00981e-06
1.31662e-05
-3.71637e-06
1.31932e-05
-3.43945e-06
1.32149e-05
-3.17816e-06
1.3232e-05
-2.93164e-06
1.3245e-05
-2.69902e-06
1.32546e-05
-2.47947e-06
1.32612e-05
-2.27215e-06
1.32652e-05
-2.07627e-06
1.3267e-05
-1.89101e-06
1.32672e-05
-1.71561e-06
1.32659e-05
-1.54928e-06
1.32635e-05
-1.39127e-06
1.32603e-05
-1.24083e-06
1.32566e-05
-1.09723e-06
1.32525e-05
-9.59748e-07
1.32483e-05
-8.27674e-07
1.32441e-05
-7.00306e-07
1.32401e-05
-5.76953e-07
1.32365e-05
-4.5693e-07
1.32333e-05
-3.39559e-07
1.32306e-05
-2.24193e-07
1.32297e-05
-1.10549e-07
1.32466e-05
1.27365e-05
-1.13751e-05
1.05322e-05
-1.07366e-05
1.08228e-05
-1.01236e-05
1.10856e-05
-9.53613e-06
1.1323e-05
-8.97392e-06
1.1537e-05
-8.4367e-06
1.17295e-05
-7.92402e-06
1.19024e-05
-7.43539e-06
1.20572e-05
-6.97018e-06
1.21956e-05
-6.52773e-06
1.2319e-05
-6.10734e-06
1.24286e-05
-5.70826e-06
1.25258e-05
-5.3297e-06
1.26117e-05
-4.97088e-06
1.26873e-05
-4.631e-06
1.27535e-05
-4.30924e-06
1.28114e-05
-4.00479e-06
1.28617e-05
-3.71683e-06
1.29052e-05
-3.44453e-06
1.29426e-05
-3.1871e-06
1.29746e-05
-2.94373e-06
1.30017e-05
-2.71362e-06
1.30245e-05
-2.49599e-06
1.30435e-05
-2.29007e-06
1.30593e-05
-2.0951e-06
1.30721e-05
-1.91033e-06
1.30824e-05
-1.73501e-06
1.30906e-05
-1.56841e-06
1.30969e-05
-1.40982e-06
1.31017e-05
-1.25852e-06
1.31052e-05
-1.1138e-06
1.31078e-05
-9.74988e-07
1.31094e-05
-8.4139e-07
1.31105e-05
-7.12335e-07
1.31111e-05
-5.87158e-07
1.31113e-05
-4.65199e-07
1.31113e-05
-3.45803e-07
1.31112e-05
-2.28333e-07
1.31122e-05
-1.12302e-07
1.31306e-05
1.26242e-05
-1.10228e-05
9.90933e-06
-1.04218e-05
1.02218e-05
-9.8431e-06
1.05069e-05
-9.28689e-06
1.07668e-05
-8.75321e-06
1.10033e-05
-8.24195e-06
1.12183e-05
-7.75287e-06
1.14133e-05
-7.28563e-06
1.159e-05
-6.83979e-06
1.17498e-05
-6.41484e-06
1.1894e-05
-6.01022e-06
1.2024e-05
-5.62531e-06
1.21409e-05
-5.25946e-06
1.22458e-05
-4.91201e-06
1.23398e-05
-4.58225e-06
1.24238e-05
-4.26947e-06
1.24986e-05
-3.97295e-06
1.25652e-05
-3.69196e-06
1.26242e-05
-3.42575e-06
1.26764e-05
-3.17359e-06
1.27224e-05
-2.93475e-06
1.27628e-05
-2.70849e-06
1.27983e-05
-2.4941e-06
1.28292e-05
-2.29086e-06
1.2856e-05
-2.09805e-06
1.28793e-05
-1.91497e-06
1.28993e-05
-1.74092e-06
1.29165e-05
-1.57521e-06
1.29312e-05
-1.41716e-06
1.29436e-05
-1.2661e-06
1.29542e-05
-1.12135e-06
1.2963e-05
-9.82258e-07
1.29703e-05
-8.48177e-07
1.29764e-05
-7.1846e-07
1.29814e-05
-5.9247e-07
1.29853e-05
-4.69574e-07
1.29884e-05
-3.49144e-07
1.29908e-05
-2.30553e-07
1.29936e-05
-1.13124e-07
1.30131e-05
1.25111e-05
-1.06237e-05
9.32752e-06
-1.00607e-05
9.65875e-06
-9.51694e-06
9.9632e-06
-8.99294e-06
1.02428e-05
-8.48887e-06
1.04993e-05
-8.00478e-06
1.07342e-05
-7.54059e-06
1.09491e-05
-7.09612e-06
1.11455e-05
-6.67107e-06
1.13247e-05
-6.26507e-06
1.1488e-05
-5.8777e-06
1.16366e-05
-5.50847e-06
1.17716e-05
-5.15684e-06
1.18942e-05
-4.82224e-06
1.20052e-05
-4.50409e-06
1.21056e-05
-4.20176e-06
1.21963e-05
-3.91462e-06
1.2278e-05
-3.64202e-06
1.23516e-05
-3.38329e-06
1.24177e-05
-3.13777e-06
1.24769e-05
-2.90481e-06
1.25299e-05
-2.68372e-06
1.25772e-05
-2.47385e-06
1.26193e-05
-2.27453e-06
1.26567e-05
-2.0851e-06
1.26898e-05
-1.90491e-06
1.27191e-05
-1.73331e-06
1.27449e-05
-1.56963e-06
1.27675e-05
-1.41325e-06
1.27872e-05
-1.26352e-06
1.28044e-05
-1.11982e-06
1.28193e-05
-9.81516e-07
1.2832e-05
-8.47995e-07
1.28429e-05
-7.18645e-07
1.2852e-05
-5.92857e-07
1.28595e-05
-4.7003e-07
1.28656e-05
-3.49561e-07
1.28703e-05
-2.3084e-07
1.28749e-05
-1.13009e-07
1.28953e-05
1.23981e-05
-1.0181e-05
8.7867e-06
-9.65608e-06
9.13383e-06
-9.1478e-06
9.45492e-06
-8.65667e-06
9.75168e-06
-8.18303e-06
1.00256e-05
-7.72708e-06
1.02782e-05
-7.28887e-06
1.05109e-05
-6.86834e-06
1.07249e-05
-6.46533e-06
1.09217e-05
-6.0796e-06
1.11022e-05
-5.71082e-06
1.12678e-05
-5.35863e-06
1.14194e-05
-5.02259e-06
1.15581e-05
-4.70225e-06
1.16848e-05
-4.3971e-06
1.18004e-05
-4.1066e-06
1.19058e-05
-3.83021e-06
1.20016e-05
-3.56736e-06
1.20888e-05
-3.31745e-06
1.21678e-05
-3.0799e-06
1.22394e-05
-2.8541e-06
1.23041e-05
-2.63945e-06
1.23626e-05
-2.43535e-06
1.24152e-05
-2.24119e-06
1.24625e-05
-2.05635e-06
1.2505e-05
-1.88023e-06
1.2543e-05
-1.71222e-06
1.25768e-05
-1.55171e-06
1.2607e-05
-1.3981e-06
1.26336e-05
-1.2508e-06
1.26571e-05
-1.10922e-06
1.26777e-05
-9.72755e-07
1.26956e-05
-8.40836e-07
1.2711e-05
-7.1288e-07
1.2724e-05
-5.88311e-07
1.2735e-05
-4.66557e-07
1.27439e-05
-3.47048e-07
1.27508e-05
-2.29189e-07
1.2757e-05
-1.11956e-07
1.27781e-05
1.22861e-05
-9.69767e-06
8.28651e-06
-9.21085e-06
8.64702e-06
-8.73821e-06
8.9823e-06
-8.28039e-06
9.29385e-06
-7.83781e-06
9.58304e-06
-7.41077e-06
9.85118e-06
-6.99944e-06
1.00995e-05
-6.60386e-06
1.03293e-05
-6.22398e-06
1.05418e-05
-5.85965e-06
1.07379e-05
-5.51068e-06
1.09188e-05
-5.17677e-06
1.10855e-05
-4.8576e-06
1.12389e-05
-4.5528e-06
1.138e-05
-4.26194e-06
1.15096e-05
-3.98458e-06
1.16284e-05
-3.72024e-06
1.17373e-05
-3.46842e-06
1.18369e-05
-3.22861e-06
1.1928e-05
-3.00029e-06
1.20111e-05
-2.78291e-06
1.20868e-05
-2.57594e-06
1.21556e-05
-2.37882e-06
1.22181e-05
-2.191e-06
1.22747e-05
-2.01193e-06
1.23259e-05
-1.84103e-06
1.23721e-05
-1.67774e-06
1.24135e-05
-1.52151e-06
1.24507e-05
-1.37178e-06
1.24839e-05
-1.22799e-06
1.25133e-05
-1.08958e-06
1.25393e-05
-9.5601e-07
1.2562e-05
-8.26726e-07
1.25817e-05
-7.01185e-07
1.25985e-05
-5.78845e-07
1.26126e-05
-4.59167e-07
1.26242e-05
-3.41612e-07
1.26333e-05
-2.25605e-07
1.2641e-05
-1.09968e-07
1.26625e-05
1.21761e-05
-9.17642e-06
7.82646e-06
-8.72749e-06
8.19809e-06
-8.29056e-06
8.54537e-06
-7.8663e-06
8.86959e-06
-7.45522e-06
9.17196e-06
-7.05771e-06
9.45365e-06
-6.67399e-06
9.71581e-06
-6.30421e-06
9.95955e-06
-5.94841e-06
1.01859e-05
-5.60652e-06
1.0396e-05
-5.27842e-06
1.05907e-05
-4.96393e-06
1.0771e-05
-4.6628e-06
1.09378e-05
-4.37473e-06
1.10919e-05
-4.09937e-06
1.12342e-05
-3.83636e-06
1.13654e-05
-3.58529e-06
1.14862e-05
-3.34574e-06
1.15974e-05
-3.11725e-06
1.16995e-05
-2.89937e-06
1.17932e-05
-2.69161e-06
1.1879e-05
-2.4935e-06
1.19575e-05
-2.30454e-06
1.20291e-05
-2.12423e-06
1.20944e-05
-1.95205e-06
1.21537e-05
-1.78749e-06
1.22075e-05
-1.63004e-06
1.22561e-05
-1.47919e-06
1.22998e-05
-1.3344e-06
1.23391e-05
-1.19518e-06
1.23741e-05
-1.061e-06
1.24051e-05
-9.31349e-07
1.24323e-05
-8.05722e-07
1.2456e-05
-6.83607e-07
1.24764e-05
-5.64497e-07
1.24935e-05
-4.47887e-07
1.25076e-05
-3.33273e-07
1.25187e-05
-2.20101e-07
1.25279e-05
-1.07053e-07
1.25494e-05
1.20691e-05
-8.61973e-06
7.40596e-06
-8.20837e-06
7.78674e-06
-7.80706e-06
8.14405e-06
-7.41649e-06
8.47902e-06
-7.03723e-06
8.79269e-06
-6.66971e-06
9.08612e-06
-6.31422e-06
9.36032e-06
-5.97097e-06
9.61629e-06
-5.64006e-06
9.85502e-06
-5.32151e-06
1.00774e-05
-5.01527e-06
1.02845e-05
-4.72122e-06
1.04769e-05
-4.43919e-06
1.06558e-05
-4.16894e-06
1.08217e-05
-3.91022e-06
1.09755e-05
-3.6627e-06
1.11179e-05
-3.42605e-06
1.12496e-05
-3.19992e-06
1.13713e-05
-2.98391e-06
1.14835e-05
-2.77762e-06
1.15869e-05
-2.58064e-06
1.1682e-05
-2.39253e-06
1.17694e-05
-2.21286e-06
1.18495e-05
-2.04116e-06
1.19227e-05
-1.87699e-06
1.19895e-05
-1.71987e-06
1.20503e-05
-1.56934e-06
1.21055e-05
-1.42492e-06
1.21554e-05
-1.28614e-06
1.22003e-05
-1.15252e-06
1.22404e-05
-1.02359e-06
1.22761e-05
-8.98881e-07
1.23076e-05
-7.77915e-07
1.23351e-05
-6.60221e-07
1.23587e-05
-5.45328e-07
1.23786e-05
-4.32766e-07
1.2395e-05
-3.22067e-07
1.2408e-05
-2.12701e-07
1.24185e-05
-1.03223e-07
1.24399e-05
1.19659e-05
-8.0298e-06
7.02435e-06
-7.65561e-06
7.41257e-06
-7.28974e-06
7.77819e-06
-6.93291e-06
8.12218e-06
-6.58568e-06
8.44546e-06
-6.24851e-06
8.74895e-06
-5.92175e-06
9.03356e-06
-5.60565e-06
9.30019e-06
-5.30036e-06
9.54973e-06
-5.00596e-06
9.78303e-06
-4.72244e-06
1.00009e-05
-4.44977e-06
1.02043e-05
-4.18782e-06
1.03938e-05
-3.93642e-06
1.05703e-05
-3.69536e-06
1.07344e-05
-3.4644e-06
1.08869e-05
-3.24326e-06
1.10285e-05
-3.03164e-06
1.11597e-05
-2.82921e-06
1.12811e-05
-2.63562e-06
1.13934e-05
-2.45051e-06
1.14969e-05
-2.27349e-06
1.15924e-05
-2.10419e-06
1.16802e-05
-1.9422e-06
1.17607e-05
-1.7871e-06
1.18344e-05
-1.63847e-06
1.19017e-05
-1.4959e-06
1.19629e-05
-1.35895e-06
1.20184e-05
-1.2272e-06
1.20685e-05
-1.1002e-06
1.21134e-05
-9.77531e-07
1.21535e-05
-8.58751e-07
1.21888e-05
-7.43429e-07
1.22198e-05
-6.31131e-07
1.22464e-05
-5.21423e-07
1.22689e-05
-4.13872e-07
1.22875e-05
-3.08044e-07
1.23022e-05
-2.03438e-07
1.23139e-05
-9.84936e-08
1.2335e-05
1.18674e-05
-7.40854e-06
6.68099e-06
-7.07112e-06
7.07515e-06
-6.74049e-06
7.44757e-06
-6.41736e-06
7.79906e-06
-6.1023e-06
8.13041e-06
-5.79579e-06
8.44244e-06
-5.49819e-06
8.73596e-06
-5.20977e-06
9.01178e-06
-4.93073e-06
9.2707e-06
-4.66119e-06
9.5135e-06
-4.4012e-06
9.74096e-06
-4.15075e-06
9.95382e-06
-3.90977e-06
1.01528e-05
-3.67816e-06
1.03387e-05
-3.45575e-06
1.0512e-05
-3.24235e-06
1.06735e-05
-3.03774e-06
1.08239e-05
-2.84166e-06
1.09636e-05
-2.65384e-06
1.10933e-05
-2.47399e-06
1.12135e-05
-2.3018e-06
1.13248e-05
-2.13692e-06
1.14275e-05
-1.97903e-06
1.15223e-05
-1.82777e-06
1.16094e-05
-1.68277e-06
1.16894e-05
-1.54366e-06
1.17626e-05
-1.41007e-06
1.18293e-05
-1.28159e-06
1.18899e-05
-1.15786e-06
1.19447e-05
-1.03847e-06
1.1994e-05
-9.23025e-07
1.2038e-05
-8.11142e-07
1.20769e-05
-7.02423e-07
1.2111e-05
-5.96471e-07
1.21404e-05
-4.92892e-07
1.21654e-05
-3.9129e-07
1.21859e-05
-2.91268e-07
1.22021e-05
-1.92354e-07
1.2215e-05
-9.2887e-08
1.22355e-05
1.17745e-05
-6.75765e-06
6.37527e-06
-6.45658e-06
6.7741e-06
-6.16097e-06
7.15198e-06
-5.8715e-06
7.5096e-06
-5.58873e-06
7.84765e-06
-5.31312e-06
8.16684e-06
-5.04504e-06
8.4679e-06
-4.78479e-06
8.75154e-06
-4.53257e-06
9.01849e-06
-4.28855e-06
9.26948e-06
-4.0528e-06
9.50521e-06
-3.82536e-06
9.72637e-06
-3.60619e-06
9.93365e-06
-3.39523e-06
1.01277e-05
-3.19238e-06
1.03092e-05
-2.99747e-06
1.04786e-05
-2.81034e-06
1.06367e-05
-2.63078e-06
1.07841e-05
-2.45857e-06
1.09211e-05
-2.29345e-06
1.10484e-05
-2.13516e-06
1.11665e-05
-1.98342e-06
1.12758e-05
-1.83793e-06
1.13768e-05
-1.6984e-06
1.14699e-05
-1.56449e-06
1.15555e-05
-1.43587e-06
1.16339e-05
-1.31222e-06
1.17056e-05
-1.19319e-06
1.17709e-05
-1.07843e-06
1.183e-05
-9.67594e-07
1.18832e-05
-8.60326e-07
1.19307e-05
-7.56275e-07
1.19729e-05
-6.55086e-07
1.20098e-05
-5.56403e-07
1.20418e-05
-4.5987e-07
1.20688e-05
-3.65127e-07
1.20911e-05
-2.71818e-07
1.21088e-05
-1.79502e-07
1.21227e-05
-8.64285e-08
1.21425e-05
1.1688e-05
-6.07858e-06
6.10664e-06
-5.8135e-06
6.50905e-06
-5.55273e-06
6.89123e-06
-5.29688e-06
7.25378e-06
-5.04649e-06
7.59728e-06
-4.80201e-06
7.92237e-06
-4.56379e-06
8.22969e-06
-4.33214e-06
8.5199e-06
-4.10727e-06
8.79365e-06
-3.88936e-06
9.05159e-06
-3.67853e-06
9.29438e-06
-3.47481e-06
9.52267e-06
-3.27823e-06
9.73707e-06
-3.08875e-06
9.93821e-06
-2.90629e-06
1.01267e-05
-2.73076e-06
1.03031e-05
-2.56201e-06
1.0468e-05
-2.39989e-06
1.06219e-05
-2.2442e-06
1.07654e-05
-2.09475e-06
1.0899e-05
-1.95131e-06
1.1023e-05
-1.81365e-06
1.11381e-05
-1.68152e-06
1.12446e-05
-1.55465e-06
1.1343e-05
-1.43277e-06
1.14336e-05
-1.31559e-06
1.15167e-05
-1.20282e-06
1.15929e-05
-1.09415e-06
1.16622e-05
-9.89289e-07
1.17251e-05
-8.87919e-07
1.17818e-05
-7.8973e-07
1.18325e-05
-6.94411e-07
1.18776e-05
-6.01646e-07
1.19171e-05
-5.11119e-07
1.19512e-05
-4.22514e-07
1.19802e-05
-3.3551e-07
1.20041e-05
-2.4979e-07
1.20231e-05
-1.64946e-07
1.20378e-05
-7.91485e-08
1.20566e-05
1.16089e-05
-5.37257e-06
5.87467e-06
-5.1432e-06
6.27971e-06
-4.91712e-06
6.66518e-06
-4.6949e-06
7.03157e-06
-4.47701e-06
7.37941e-06
-4.26387e-06
7.70925e-06
-4.05584e-06
8.02168e-06
-3.8532e-06
8.31728e-06
-3.65618e-06
8.59665e-06
-3.46496e-06
8.86038e-06
-3.27965e-06
9.10909e-06
-3.10035e-06
9.34337e-06
-2.92708e-06
9.56381e-06
-2.75984e-06
9.77097e-06
-2.59859e-06
9.96544e-06
-2.44325e-06
1.01478e-05
-2.29373e-06
1.03185e-05
-2.14991e-06
1.04781e-05
-2.01162e-06
1.06271e-05
-1.87873e-06
1.07661e-05
-1.75104e-06
1.08954e-05
-1.62835e-06
1.10155e-05
-1.51047e-06
1.11268e-05
-1.39717e-06
1.12297e-05
-1.28822e-06
1.13246e-05
-1.18336e-06
1.14119e-05
-1.08236e-06
1.14918e-05
-9.8494e-07
1.15648e-05
-8.90849e-07
1.1631e-05
-7.99818e-07
1.16907e-05
-7.11574e-07
1.17443e-05
-6.25847e-07
1.17918e-05
-5.42361e-07
1.18336e-05
-4.60842e-07
1.18697e-05
-3.8101e-07
1.19004e-05
-3.02588e-07
1.19257e-05
-2.25293e-07
1.19458e-05
-1.48757e-07
1.19613e-05
-7.10823e-08
1.1979e-05
1.15378e-05
-4.64069e-06
5.67905e-06
-4.44686e-06
6.08591e-06
-4.25541e-06
6.47376e-06
-4.06685e-06
6.84303e-06
-3.88162e-06
7.19419e-06
-3.70008e-06
7.52773e-06
-3.52257e-06
7.84419e-06
-3.34935e-06
8.14408e-06
-3.18066e-06
8.42797e-06
-3.01666e-06
8.69641e-06
-2.85749e-06
8.94995e-06
-2.70324e-06
9.18914e-06
-2.55397e-06
9.41454e-06
-2.4097e-06
9.6267e-06
-2.27041e-06
9.82614e-06
-2.13605e-06
1.00134e-05
-2.00656e-06
1.0189e-05
-1.88184e-06
1.03534e-05
-1.7618e-06
1.05071e-05
-1.64629e-06
1.06506e-05
-1.53519e-06
1.07843e-05
-1.42833e-06
1.09086e-05
-1.32555e-06
1.1024e-05
-1.22667e-06
1.11308e-05
-1.13149e-06
1.12294e-05
-1.0398e-06
1.13202e-05
-9.51401e-07
1.14034e-05
-8.6607e-07
1.14794e-05
-7.83585e-07
1.15485e-05
-7.03718e-07
1.16109e-05
-6.26241e-07
1.16668e-05
-5.50922e-07
1.17165e-05
-4.77528e-07
1.17602e-05
-4.05823e-07
1.1798e-05
-3.35569e-07
1.18301e-05
-2.66527e-07
1.18567e-05
-1.98454e-07
1.18777e-05
-1.31019e-07
1.18938e-05
-6.22703e-08
1.19102e-05
1.14755e-05
-3.88386e-06
5.51964e-06
-3.72551e-06
5.92758e-06
-3.56874e-06
6.317e-06
-3.41397e-06
6.68827e-06
-3.2616e-06
7.04182e-06
-3.11194e-06
7.37809e-06
-2.9653e-06
7.69757e-06
-2.82193e-06
8.00074e-06
-2.68204e-06
8.28811e-06
-2.5458e-06
8.5602e-06
-2.41335e-06
8.81752e-06
-2.28479e-06
9.06059e-06
-2.16018e-06
9.28994e-06
-2.03957e-06
9.50608e-06
-1.92294e-06
9.70951e-06
-1.8103e-06
9.90075e-06
-1.70159e-06
1.00803e-05
-1.59676e-06
1.02486e-05
-1.49573e-06
1.04061e-05
-1.39841e-06
1.05533e-05
-1.30469e-06
1.06906e-05
-1.21446e-06
1.08184e-05
-1.12758e-06
1.09371e-05
-1.04391e-06
1.10471e-05
-9.63301e-07
1.11488e-05
-8.85579e-07
1.12424e-05
-8.10577e-07
1.13284e-05
-7.38118e-07
1.14069e-05
-6.68019e-07
1.14784e-05
-6.00096e-07
1.15429e-05
-5.34158e-07
1.16009e-05
-4.70017e-07
1.16524e-05
-4.07478e-07
1.16977e-05
-3.46348e-07
1.17369e-05
-2.86428e-07
1.17702e-05
-2.27518e-07
1.17978e-05
-1.69417e-07
1.18196e-05
-1.1183e-07
1.18362e-05
-5.27596e-08
1.18511e-05
1.14228e-05
-3.10291e-06
5.39645e-06
-2.98013e-06
5.80481e-06
-2.85818e-06
6.19506e-06
-2.73742e-06
6.56752e-06
-2.61818e-06
6.92259e-06
-2.50074e-06
7.26067e-06
-2.38537e-06
7.58222e-06
-2.27229e-06
7.88769e-06
-2.1617e-06
8.17755e-06
-2.05375e-06
8.45228e-06
-1.9486e-06
8.71238e-06
-1.84633e-06
8.95833e-06
-1.74702e-06
9.19063e-06
-1.65072e-06
9.40977e-06
-1.55746e-06
9.61624e-06
-1.46723e-06
9.81051e-06
-1.38003e-06
9.99307e-06
-1.29581e-06
1.01643e-05
-1.21453e-06
1.03248e-05
-1.13613e-06
1.04749e-05
-1.06055e-06
1.0615e-05
-9.8769e-07
1.07455e-05
-9.17461e-07
1.08669e-05
-8.49755e-07
1.09794e-05
-7.84456e-07
1.10835e-05
-7.21439e-07
1.11794e-05
-6.60572e-07
1.12675e-05
-6.01718e-07
1.13481e-05
-5.44736e-07
1.14214e-05
-4.89479e-07
1.14877e-05
-4.35802e-07
1.15472e-05
-3.83554e-07
1.16002e-05
-3.32582e-07
1.16467e-05
-2.82734e-07
1.16871e-05
-2.33851e-07
1.17213e-05
-1.85774e-07
1.17497e-05
-1.38341e-07
1.17722e-05
-9.12974e-08
1.17892e-05
-4.26062e-08
1.18024e-05
1.13801e-05
-2.29859e-06
5.30965e-06
-2.21159e-06
5.71782e-06
-2.12472e-06
6.10819e-06
-2.03828e-06
6.48107e-06
-1.95252e-06
6.83683e-06
-1.86769e-06
7.17587e-06
-1.78403e-06
7.49858e-06
-1.70172e-06
7.80541e-06
-1.62094e-06
8.0968e-06
-1.54184e-06
8.37321e-06
-1.46455e-06
8.63511e-06
-1.38917e-06
8.88296e-06
-1.31579e-06
9.11724e-06
-1.24445e-06
9.33843e-06
-1.1752e-06
9.54698e-06
-1.10806e-06
9.74337e-06
-1.04303e-06
9.92804e-06
-9.80114e-07
1.01014e-05
-9.19285e-07
1.0264e-05
-8.60516e-07
1.04161e-05
-8.03764e-07
1.05582e-05
-7.4898e-07
1.06907e-05
-6.961e-07
1.0814e-05
-6.45054e-07
1.09284e-05
-5.95762e-07
1.10342e-05
-5.4814e-07
1.11318e-05
-5.02092e-07
1.12214e-05
-4.57524e-07
1.13035e-05
-4.14332e-07
1.13782e-05
-3.72414e-07
1.14458e-05
-3.31663e-07
1.15065e-05
-2.91969e-07
1.15605e-05
-2.53222e-07
1.1608e-05
-2.15308e-07
1.16491e-05
-1.78111e-07
1.16841e-05
-1.41515e-07
1.17131e-05
-1.05398e-07
1.1736e-05
-6.95466e-08
1.17533e-05
-3.18913e-08
1.17647e-05
1.13482e-05
-1.47357e-06
5.25984e-06
-1.42293e-06
5.66718e-06
-1.37171e-06
6.05697e-06
-1.32014e-06
6.4295e-06
-1.26843e-06
6.78514e-06
-1.21679e-06
7.12424e-06
-1.16541e-06
7.44721e-06
-1.11444e-06
7.75447e-06
-1.06406e-06
8.04643e-06
-1.01439e-06
8.32355e-06
-9.65549e-07
8.58627e-06
-9.17643e-07
8.83505e-06
-8.70753e-07
9.07035e-06
-8.24949e-07
9.29262e-06
-7.80282e-07
9.50231e-06
-7.36794e-07
9.69988e-06
-6.94513e-07
9.88576e-06
-6.53456e-07
1.00604e-05
-6.13632e-07
1.02242e-05
-5.75038e-07
1.03775e-05
-5.37665e-07
1.05209e-05
-5.01492e-07
1.06546e-05
-4.66492e-07
1.0779e-05
-4.32631e-07
1.08945e-05
-3.99866e-07
1.10014e-05
-3.6815e-07
1.11e-05
-3.3743e-07
1.11907e-05
-3.07649e-07
1.12737e-05
-2.78746e-07
1.13493e-05
-2.50658e-07
1.14177e-05
-2.2332e-07
1.14791e-05
-1.96663e-07
1.15338e-05
-1.70618e-07
1.15819e-05
-1.45114e-07
1.16236e-05
-1.20077e-07
1.16591e-05
-9.54337e-08
1.16884e-05
-7.11116e-08
1.17117e-05
-4.69542e-08
1.17291e-05
-2.08126e-08
1.17386e-05
1.13274e-05
-5.47028e-07
-5.31295e-07
-5.14997e-07
-4.98234e-07
-4.811e-07
-4.63687e-07
-4.46083e-07
-4.28369e-07
-4.10623e-07
-3.92915e-07
-3.75309e-07
-3.57861e-07
-3.40623e-07
-3.23636e-07
-3.06939e-07
-2.90561e-07
-2.7453e-07
-2.58864e-07
-2.43581e-07
-2.28691e-07
-2.142e-07
-2.00111e-07
-1.86421e-07
-1.73125e-07
-1.60214e-07
-1.47675e-07
-1.35493e-07
-1.23651e-07
-1.12129e-07
-1.00908e-07
-8.99636e-08
-7.92735e-08
-6.88125e-08
-5.85549e-08
-4.84741e-08
-3.85433e-08
-2.87345e-08
-1.89667e-08
-8.10894e-09
)
;

boundaryField
{
    leftWall
    {
        type            calculated;
        value           nonuniform 0();
    }
    rightWall
    {
        type            calculated;
        value           uniform 0;
    }
    lowerWall
    {
        type            calculated;
        value           nonuniform 0();
    }
    atmosphere
    {
        type            calculated;
        value           nonuniform List<scalar> 
45
(
2.99695e-06
3.23716e-06
3.6168e-06
3.98323e-06
4.33658e-06
5.24476e-06
5.65145e-06
6.04067e-06
6.41274e-06
6.76801e-06
7.10684e-06
7.42962e-06
7.73676e-06
8.0287e-06
8.30585e-06
8.56867e-06
8.8176e-06
9.05311e-06
9.27563e-06
9.48561e-06
9.6835e-06
9.86973e-06
1.00447e-05
1.02089e-05
1.03627e-05
1.05064e-05
1.06405e-05
1.07653e-05
1.08812e-05
1.09885e-05
1.10875e-05
1.11785e-05
1.12619e-05
1.13378e-05
1.14065e-05
1.14682e-05
1.15231e-05
1.15715e-05
1.16134e-05
1.1649e-05
1.16785e-05
1.17019e-05
1.17194e-05
1.17277e-05
1.13193e-05
)
;
    }
    defaultFaces
    {
        type            empty;
        value           nonuniform 0();
    }
    procBoundary3to1
    {
        type            processor;
        value           nonuniform List<scalar> 
45
(
-3.45627e-05
-3.16061e-05
-3.06068e-05
-2.96411e-05
-2.87065e-05
-3.09898e-05
-2.99047e-05
-2.88605e-05
-2.78577e-05
-2.68965e-05
-2.59767e-05
-2.50981e-05
-2.42603e-05
-2.34631e-05
-2.27056e-05
-2.19873e-05
-2.13071e-05
-2.0664e-05
-2.00571e-05
-1.9485e-05
-1.89466e-05
-1.84408e-05
-1.79661e-05
-1.75214e-05
-1.71054e-05
-1.6717e-05
-1.6355e-05
-1.60184e-05
-1.57061e-05
-1.54171e-05
-1.51505e-05
-1.49054e-05
-1.46811e-05
-1.44768e-05
-1.42919e-05
-1.41256e-05
-1.39776e-05
-1.38473e-05
-1.37342e-05
-1.3638e-05
-1.35585e-05
-1.34952e-05
-1.34481e-05
-1.34125e-05
-1.29574e-05
)
;
    }
    procBoundary3to2
    {
        type            processor;
        value           nonuniform List<scalar> 
43
(
2.7484e-06
4.08015e-06
5.42131e-06
6.765e-06
8.0941e-06
9.39482e-06
1.0655e-05
1.18585e-05
1.29877e-05
1.40263e-05
1.49605e-05
1.57789e-05
1.64736e-05
1.70403e-05
1.74778e-05
1.7788e-05
1.7975e-05
1.80449e-05
1.80049e-05
1.78632e-05
1.76281e-05
1.73082e-05
1.6912e-05
1.64476e-05
1.59223e-05
1.5343e-05
1.47158e-05
1.40463e-05
1.3339e-05
1.25979e-05
1.18264e-05
1.1027e-05
1.02019e-05
9.35247e-06
8.47988e-06
7.58471e-06
6.6672e-06
5.72722e-06
4.76438e-06
3.77804e-06
2.76746e-06
1.73262e-06
6.19868e-07
)
;
    }
}


// ************************************************************************* //
