/*--------------------------------*- C++ -*----------------------------------*\
| =========                 |                                                 |
| \\      /  F ield         | OpenFOAM: The Open Source CFD Toolbox           |
|  \\    /   O peration     | Version:  3.0.1                                 |
|   \\  /    A nd           | Web:      www.OpenFOAM.org                      |
|    \\/     M anipulation  |                                                 |
\*---------------------------------------------------------------------------*/
FoamFile
{
    version     2.0;
    format      ascii;
    class       volVectorField;
    location    "0.1";
    object      U;
}
// * * * * * * * * * * * * * * * * * * * * * * * * * * * * * * * * * * * * * //

dimensions      [0 1 -1 0 0 0 0];

internalField   nonuniform List<vector> 
1935
(
(-0.0253954 0.369888 0)
(-0.0385148 0.363395 0)
(-0.0514036 0.356232 0)
(-0.0640525 0.348261 0)
(-0.0763341 0.339504 0)
(-0.0880971 0.329958 0)
(-0.0992323 0.319599 0)
(-0.109618 0.308451 0)
(-0.119123 0.29657 0)
(-0.127631 0.284044 0)
(-0.135045 0.270989 0)
(-0.141295 0.25754 0)
(-0.146342 0.243844 0)
(-0.150176 0.230049 0)
(-0.152816 0.216294 0)
(-0.154302 0.202713 0)
(-0.154697 0.189422 0)
(-0.154075 0.176519 0)
(-0.152519 0.164086 0)
(-0.150119 0.152186 0)
(-0.146964 0.140868 0)
(-0.143144 0.130162 0)
(-0.138744 0.120089 0)
(-0.133843 0.110655 0)
(-0.128514 0.101858 0)
(-0.122824 0.0936904 0)
(-0.116833 0.0861377 0)
(-0.110591 0.0791812 0)
(-0.104145 0.0727991 0)
(-0.0975324 0.066968 0)
(-0.090784 0.0616641 0)
(-0.0839263 0.0568639 0)
(-0.0769802 0.0525449 0)
(-0.0699622 0.0486859 0)
(-0.0628845 0.0452677 0)
(-0.0557563 0.0422735 0)
(-0.0485835 0.039689 0)
(-0.0413696 0.0375029 0)
(-0.0341158 0.0357072 0)
(-0.026822 0.0342978 0)
(-0.0194873 0.0332732 0)
(-0.0121166 0.0326486 0)
(-0.00431037 0.0323263 0)
(-0.0196421 0.357916 0)
(-0.0144171 0.346662 0)
(-0.00945137 0.335808 0)
(-0.00479664 0.325317 0)
(-0.0322569 0.351679 0)
(-0.0265905 0.340752 0)
(-0.0211648 0.330248 0)
(-0.016096 0.320119 0)
(-0.0446595 0.344799 0)
(-0.0384572 0.334267 0)
(-0.0325714 0.324137 0)
(-0.0270695 0.314396 0)
(-0.0567294 0.337266 0)
(-0.0499551 0.327157 0)
(-0.0436171 0.317445 0)
(-0.0376648 0.308139 0)
(-0.0683686 0.329061 0)
(-0.061054 0.319404 0)
(-0.0542402 0.310172 0)
(-0.0478359 0.30134 0)
(-0.0795065 0.320112 0)
(-0.0716771 0.31099 0)
(-0.0643788 0.3023 0)
(-0.0575376 0.293984 0)
(-0.0900495 0.310416 0)
(-0.0817228 0.301923 0)
(-0.0739639 0.293829 0)
(-0.0667112 0.28608 0)
(-0.0998902 0.300025 0)
(-0.0911028 0.292233 0)
(-0.0829243 0.284791 0)
(-0.0752938 0.277659 0)
(-0.108923 0.288991 0)
(-0.0997321 0.281963 0)
(-0.0911865 0.275226 0)
(-0.0832226 0.268754 0)
(-0.11705 0.277382 0)
(-0.107528 0.271172 0)
(-0.0986796 0.265187 0)
(-0.0904377 0.259413 0)
(-0.124189 0.265295 0)
(-0.114422 0.259942 0)
(-0.105344 0.254742 0)
(-0.0968875 0.249695 0)
(-0.130279 0.252842 0)
(-0.120359 0.248368 0)
(-0.111132 0.243975 0)
(-0.102531 0.239671 0)
(-0.135281 0.240146 0)
(-0.125306 0.236555 0)
(-0.116013 0.232974 0)
(-0.107341 0.229419 0)
(-0.139184 0.22733 0)
(-0.129247 0.22461 0)
(-0.119971 0.221833 0)
(-0.1113 0.219021 0)
(-0.141995 0.214519 0)
(-0.132187 0.212643 0)
(-0.123007 0.210646 0)
(-0.114407 0.208559 0)
(-0.143747 0.201828 0)
(-0.134147 0.200754 0)
(-0.125135 0.199505 0)
(-0.116672 0.198116 0)
(-0.144485 0.189363 0)
(-0.135163 0.189039 0)
(-0.126384 0.188496 0)
(-0.118116 0.187767 0)
(-0.14427 0.177215 0)
(-0.135285 0.177583 0)
(-0.126794 0.177695 0)
(-0.118773 0.177585 0)
(-0.143171 0.165461 0)
(-0.13457 0.166459 0)
(-0.126412 0.167171 0)
(-0.11868 0.167633 0)
(-0.141262 0.154164 0)
(-0.133082 0.155726 0)
(-0.125292 0.156983 0)
(-0.117885 0.157967 0)
(-0.138623 0.143373 0)
(-0.130887 0.145434 0)
(-0.123492 0.147178 0)
(-0.116437 0.148633 0)
(-0.135331 0.133122 0)
(-0.128054 0.135621 0)
(-0.121072 0.137795 0)
(-0.114388 0.13967 0)
(-0.131461 0.123435 0)
(-0.124651 0.126311 0)
(-0.118092 0.128861 0)
(-0.111791 0.131108 0)
(-0.127085 0.114325 0)
(-0.120742 0.117523 0)
(-0.11461 0.120398 0)
(-0.108699 0.122969 0)
(-0.122271 0.105797 0)
(-0.11639 0.109265 0)
(-0.110682 0.112417 0)
(-0.105162 0.115269 0)
(-0.117081 0.0978474 0)
(-0.11165 0.10154 0)
(-0.106361 0.104925 0)
(-0.10123 0.108018 0)
(-0.11157 0.0904682 0)
(-0.106576 0.0943432 0)
(-0.101697 0.0979236 0)
(-0.0969479 0.10122 0)
(-0.105788 0.0836463 0)
(-0.101215 0.0876681 0)
(-0.096733 0.0914081 0)
(-0.0923575 0.0948746 0)
(-0.0997796 0.0773656 0)
(-0.0956099 0.0815029 0)
(-0.0915106 0.0853719 0)
(-0.0874974 0.0889792 0)
(-0.0935812 0.0716082 0)
(-0.0897964 0.0758341 0)
(-0.0860653 0.0798056 0)
(-0.0824022 0.0835279 0)
(-0.0872253 0.066355 0)
(-0.0838068 0.070647 0)
(-0.0804284 0.0746984 0)
(-0.0771027 0.0785132 0)
(-0.0807387 0.0615868 0)
(-0.0776685 0.0659262 0)
(-0.0746272 0.0700383 0)
(-0.071626 0.0739264 0)
(-0.0741434 0.0572848 0)
(-0.0714043 0.0616564 0)
(-0.0686852 0.0658133 0)
(-0.0659955 0.0697582 0)
(-0.0674574 0.0534313 0)
(-0.0650332 0.0578229 0)
(-0.062622 0.0620114 0)
(-0.0602317 0.0659993 0)
(-0.0606947 0.05001 0)
(-0.0585706 0.0544121 0)
(-0.0564542 0.0586217 0)
(-0.0543517 0.0626411 0)
(-0.0538662 0.0470067 0)
(-0.0520291 0.0514119 0)
(-0.0501954 0.0556341 0)
(-0.0483702 0.0596755 0)
(-0.04698 0.0444091 0)
(-0.0454183 0.048812 0)
(-0.0438568 0.0530403 0)
(-0.0422996 0.057096 0)
(-0.0400416 0.0422076 0)
(-0.0387455 0.0466045 0)
(-0.0374473 0.0508337 0)
(-0.03615 0.0548974 0)
(-0.0330546 0.0403955 0)
(-0.0320164 0.0447837 0)
(-0.0309742 0.0490098 0)
(-0.0299304 0.0530761 0)
(-0.0260214 0.0389692 0)
(-0.0252352 0.0433467 0)
(-0.0244436 0.0475665 0)
(-0.0236482 0.0516308 0)
(-0.0189433 0.0379273 0)
(-0.0184055 0.0422921 0)
(-0.0178608 0.0465025 0)
(-0.0173102 0.0505606 0)
(-0.0118293 0.0372851 0)
(-0.0115395 0.0416358 0)
(-0.011241 0.0458342 0)
(-0.0109345 0.0498822 0)
(-0.00423642 0.0369444 0)
(-0.00415816 0.041279 0)
(-0.0040749 0.0454626 0)
(-0.00398663 0.0494971 0)
(-0.000246064 0.314605 0)
(0.00415846 0.303721 0)
(0.00813482 0.293255 0)
(0.0116903 0.283208 0)
(0.0148335 0.273581 0)
(0.0175777 0.264368 0)
(0.0199419 0.255566 0)
(0.0219465 0.247173 0)
(0.0236128 0.239182 0)
(0.0249639 0.231586 0)
(0.0260231 0.224379 0)
(0.0268136 0.217551 0)
(0.027358 0.211092 0)
(0.0276779 0.20499 0)
(0.0277938 0.199236 0)
(0.0277249 0.193817 0)
(0.027489 0.188721 0)
(0.0271027 0.183936 0)
(0.0265812 0.179451 0)
(0.0259383 0.175253 0)
(0.0251869 0.171331 0)
(0.0243385 0.167674 0)
(0.0234036 0.164271 0)
(0.0223916 0.161112 0)
(0.0213109 0.158188 0)
(0.0201691 0.155489 0)
(0.018973 0.153008 0)
(0.0177288 0.150736 0)
(0.0164421 0.148666 0)
(0.0151182 0.146791 0)
(0.0137616 0.145106 0)
(0.0123768 0.143605 0)
(0.0109674 0.142283 0)
(0.00953708 0.141136 0)
(0.008089 0.140161 0)
(0.00662619 0.139353 0)
(0.00515163 0.138711 0)
(0.00366732 0.138233 0)
(0.00218245 0.137871 0)
(0.000693667 0.133188 0)
(-0.0111193 0.309802 0)
(-0.00627427 0.299342 0)
(-0.00187104 0.2893 0)
(0.00210411 0.279669 0)
(0.00565931 0.270454 0)
(0.00880754 0.261629 0)
(0.0115709 0.253198 0)
(0.0139685 0.245155 0)
(0.0160208 0.237492 0)
(0.0177499 0.230203 0)
(0.0191787 0.223278 0)
(0.0203298 0.21671 0)
(0.0212249 0.21049 0)
(0.0218852 0.204607 0)
(0.0223307 0.199052 0)
(0.0225803 0.193813 0)
(0.0226517 0.18888 0)
(0.0225614 0.184243 0)
(0.0223248 0.17989 0)
(0.0219558 0.175812 0)
(0.0214677 0.171997 0)
(0.0208723 0.168436 0)
(0.0201806 0.165119 0)
(0.0194024 0.162037 0)
(0.0185468 0.159182 0)
(0.0176216 0.156545 0)
(0.0166345 0.154118 0)
(0.015592 0.151894 0)
(0.0145004 0.149867 0)
(0.0133656 0.14803 0)
(0.0121926 0.146378 0)
(0.0109864 0.144906 0)
(0.00975126 0.143609 0)
(0.00849134 0.142483 0)
(0.00721038 0.141525 0)
(0.00591196 0.140732 0)
(0.00459957 0.140101 0)
(0.00327573 0.139631 0)
(0.00194962 0.139273 0)
(0.000618973 0.134536 0)
(-0.0216506 0.304502 0)
(-0.0163641 0.294488 0)
(-0.0115391 0.284887 0)
(-0.00714684 0.275691 0)
(-0.00319074 0.266889 0)
(0.000341707 0.258467 0)
(0.00348846 0.250419 0)
(0.00626184 0.242737 0)
(0.00868114 0.235414 0)
(0.0107692 0.228441 0)
(0.0125488 0.221811 0)
(0.014042 0.215515 0)
(0.0152702 0.209545 0)
(0.0162541 0.203892 0)
(0.0170134 0.198548 0)
(0.0175667 0.193502 0)
(0.0179317 0.188744 0)
(0.0181248 0.184266 0)
(0.0181615 0.180058 0)
(0.0180561 0.176111 0)
(0.0178219 0.172414 0)
(0.0174711 0.16896 0)
(0.0170149 0.16574 0)
(0.0164637 0.162745 0)
(0.0158267 0.159967 0)
(0.0151128 0.1574 0)
(0.0143296 0.155035 0)
(0.0134845 0.152867 0)
(0.0125842 0.150889 0)
(0.0116349 0.149095 0)
(0.0106425 0.147482 0)
(0.00961214 0.146043 0)
(0.0085488 0.144775 0)
(0.00745703 0.143673 0)
(0.00634114 0.142736 0)
(0.0052052 0.14196 0)
(0.00405317 0.141343 0)
(0.00288813 0.140883 0)
(0.00171921 0.14053 0)
(0.000545115 0.135743 0)
(-0.0318028 0.298699 0)
(-0.0260789 0.289158 0)
(-0.020836 0.280021 0)
(-0.0160479 0.271277 0)
(-0.0117087 0.262898 0)
(-0.00779735 0.254891 0)
(-0.00428511 0.247237 0)
(-0.00115536 0.239925 0)
(0.0016112 0.232956 0)
(0.00403862 0.22631 0)
(0.00615013 0.219985 0)
(0.00796693 0.213972 0)
(0.00951047 0.208265 0)
(0.0108008 0.202855 0)
(0.0118576 0.197733 0)
(0.0126993 0.192891 0)
(0.0133436 0.188321 0)
(0.013807 0.184014 0)
(0.014105 0.179962 0)
(0.0142521 0.176156 0)
(0.0142616 0.172588 0)
(0.0141461 0.169251 0)
(0.0139171 0.166136 0)
(0.0135852 0.163237 0)
(0.0131603 0.160545 0)
(0.0126513 0.158055 0)
(0.0120666 0.15576 0)
(0.0114138 0.153654 0)
(0.0107002 0.151731 0)
(0.0099325 0.149987 0)
(0.00911681 0.148417 0)
(0.00825894 0.147016 0)
(0.00736426 0.145781 0)
(0.0064378 0.144708 0)
(0.00548433 0.143794 0)
(0.00450837 0.143038 0)
(0.00351433 0.142436 0)
(0.0025058 0.141987 0)
(0.00149187 0.141641 0)
(0.000472254 0.136809 0)
(-0.04154 0.292389 0)
(-0.0353877 0.28335 0)
(-0.0297405 0.274701 0)
(-0.0245714 0.266423 0)
(-0.0198638 0.258497 0)
(-0.0155926 0.250916 0)
(-0.0117366 0.243669 0)
(-0.00826608 0.23674 0)
(-0.00516972 0.230131 0)
(-0.00242557 0.223824 0)
(-9.94431e-07 0.217816 0)
(0.00212016 0.212098 0)
(0.00396123 0.206665 0)
(0.0055407 0.201508 0)
(0.0068782 0.19662 0)
(0.00799257 0.191993 0)
(0.0089016 0.18762 0)
(0.0096217 0.183495 0)
(0.0101684 0.179608 0)
(0.0105561 0.175954 0)
(0.0107986 0.172524 0)
(0.0109086 0.169313 0)
(0.0108978 0.166313 0)
(0.0107771 0.163517 0)
(0.0105566 0.160919 0)
(0.0102458 0.158514 0)
(0.00985336 0.156295 0)
(0.00938731 0.154257 0)
(0.00885525 0.152396 0)
(0.00826428 0.150706 0)
(0.007621 0.149184 0)
(0.0069316 0.147826 0)
(0.00620188 0.146628 0)
(0.00543729 0.145586 0)
(0.00464302 0.144699 0)
(0.003824 0.143965 0)
(0.00298506 0.14338 0)
(0.00213022 0.142944 0)
(0.00126852 0.142605 0)
(0.000400675 0.137733 0)
(-0.0508206 0.285564 0)
(-0.044254 0.277063 0)
(-0.0382202 0.268931 0)
(-0.0326856 0.261144 0)
(-0.0276282 0.253691 0)
(-0.0230201 0.246555 0)
(-0.0188394 0.239729 0)
(-0.0150541 0.2332 0)
(-0.0116499 0.226958 0)
(-0.00860616 0.221001 0)
(-0.00588905 0.21532 0)
(-0.00348194 0.209908 0)
(-0.00136219 0.204758 0)
(0.000487913 0.199862 0)
(0.00208895 0.195221 0)
(0.00345989 0.190818 0)
(0.00461869 0.186652 0)
(0.00558145 0.182717 0)
(0.00636365 0.179005 0)
(0.00697999 0.175512 0)
(0.00744423 0.172229 0)
(0.00776932 0.169152 0)
(0.0079671 0.166274 0)
(0.00804872 0.163589 0)
(0.00802468 0.161093 0)
(0.00790464 0.158779 0)
(0.00769757 0.156643 0)
(0.00741192 0.15468 0)
(0.0070556 0.152885 0)
(0.00663606 0.151255 0)
(0.00616027 0.149786 0)
(0.00563477 0.148474 0)
(0.00506575 0.147316 0)
(0.00445903 0.146309 0)
(0.00382017 0.145451 0)
(0.00315449 0.144741 0)
(0.00246718 0.144175 0)
(0.00176271 0.143753 0)
(0.00104996 0.143422 0)
(0.000330655 0.138516 0)
(-0.0595952 0.278236 0)
(-0.0526374 0.27031 0)
(-0.0462398 0.262724 0)
(-0.0403614 0.255457 0)
(-0.034977 0.248494 0)
(-0.0300557 0.241821 0)
(-0.0255721 0.23543 0)
(-0.0214971 0.229312 0)
(-0.017809 0.223453 0)
(-0.0144847 0.217858 0)
(-0.0114967 0.212514 0)
(-0.00882556 0.207416 0)
(-0.00644874 0.202558 0)
(-0.0043422 0.197935 0)
(-0.00249379 0.193543 0)
(-0.000885984 0.189375 0)
(0.000507635 0.185425 0)
(0.00169855 0.181691 0)
(0.00270278 0.178162 0)
(0.003535 0.174838 0)
(0.00420911 0.17171 0)
(0.00473856 0.168774 0)
(0.00513481 0.166026 0)
(0.00540927 0.16346 0)
(0.00557295 0.161071 0)
(0.00563567 0.158855 0)
(0.0056066 0.156807 0)
(0.00549447 0.154924 0)
(0.00530753 0.153201 0)
(0.00505352 0.151635 0)
(0.00473971 0.150223 0)
(0.00437299 0.148961 0)
(0.00395983 0.147847 0)
(0.00350641 0.146878 0)
(0.00301863 0.146052 0)
(0.00250215 0.145367 0)
(0.00196248 0.144823 0)
(0.00140451 0.144416 0)
(0.000836925 0.144094 0)
(0.000262434 0.139158 0)
(-0.0678118 0.270431 0)
(-0.0604956 0.263115 0)
(-0.053764 0.256104 0)
(-0.0475707 0.249378 0)
(-0.0418861 0.242924 0)
(-0.0366776 0.236731 0)
(-0.0319158 0.230789 0)
(-0.0275738 0.225094 0)
(-0.0236254 0.219633 0)
(-0.0200444 0.214409 0)
(-0.0168079 0.209411 0)
(-0.0138927 0.204636 0)
(-0.0112772 0.200081 0)
(-0.00893974 0.19574 0)
(-0.00686329 0.191604 0)
(-0.00503059 0.187679 0)
(-0.00341749 0.183953 0)
(-0.00201375 0.180425 0)
(-0.000802799 0.177088 0)
(0.000232051 0.173939 0)
(0.00110319 0.170973 0)
(0.00182628 0.168186 0)
(0.00241035 0.165577 0)
(0.00286729 0.163134 0)
(0.00320959 0.160859 0)
(0.00344662 0.158746 0)
(0.00358759 0.156793 0)
(0.00364152 0.154994 0)
(0.00361704 0.153348 0)
(0.00352211 0.15185 0)
(0.00336425 0.150499 0)
(0.00315061 0.149291 0)
(0.00288796 0.148223 0)
(0.00258277 0.147295 0)
(0.00224122 0.146503 0)
(0.00186926 0.145846 0)
(0.00147272 0.145324 0)
(0.00105684 0.144933 0)
(0.00063013 0.144622 0)
(0.000196231 0.139661 0)
(-0.0754174 0.26218 0)
(-0.0677833 0.255507 0)
(-0.0607551 0.249096 0)
(-0.0542813 0.242933 0)
(-0.0483282 0.237006 0)
(-0.0428618 0.231309 0)
(-0.0378506 0.225831 0)
(-0.0332663 0.220569 0)
(-0.0290816 0.215517 0)
(-0.0252693 0.210672 0)
(-0.0218069 0.20603 0)
(-0.0186701 0.201587 0)
(-0.0158362 0.19734 0)
(-0.013287 0.193287 0)
(-0.0110011 0.189421 0)
(-0.00896091 0.185744 0)
(-0.00714825 0.18225 0)
(-0.00554727 0.178933 0)
(-0.00414254 0.175794 0)
(-0.00291893 0.172827 0)
(-0.00186307 0.17003 0)
(-0.000956906 0.167399 0)
(-0.000196811 0.164929 0)
(0.000430241 0.162618 0)
(0.000942326 0.160462 0)
(0.00134488 0.158458 0)
(0.00164736 0.156604 0)
(0.00185926 0.154895 0)
(0.00198984 0.153329 0)
(0.00204703 0.151904 0)
(0.0020386 0.150617 0)
(0.00197186 0.149466 0)
(0.00185385 0.148448 0)
(0.00169128 0.147562 0)
(0.00149061 0.146807 0)
(0.00125802 0.14618 0)
(0.000999593 0.145681 0)
(0.000720879 0.145308 0)
(0.000430203 0.145007 0)
(0.000132215 0.140026 0)
(-0.0823605 0.253524 0)
(-0.0744568 0.247521 0)
(-0.0671754 0.241735 0)
(-0.0604603 0.236154 0)
(-0.0542752 0.230771 0)
(-0.0485842 0.225581 0)
(-0.0433548 0.220578 0)
(-0.0385568 0.215761 0)
(-0.0341625 0.211125 0)
(-0.0301448 0.206669 0)
(-0.0264798 0.202389 0)
(-0.0231441 0.198286 0)
(-0.0201139 0.194355 0)
(-0.0173713 0.190596 0)
(-0.0148956 0.187006 0)
(-0.0126675 0.183582 0)
(-0.0106713 0.180325 0)
(-0.00888915 0.177228 0)
(-0.00730571 0.174293 0)
(-0.00590725 0.171514 0)
(-0.00467939 0.168891 0)
(-0.00360781 0.16642 0)
(-0.00268201 0.164094 0)
(-0.0018904 0.16192 0)
(-0.00122074 0.159888 0)
(-0.000662032 0.157998 0)
(-0.000207477 0.156246 0)
(0.000153251 0.154631 0)
(0.000431339 0.15315 0)
(0.000633269 0.1518 0)
(0.000767296 0.150581 0)
(0.000840752 0.14949 0)
(0.000861001 0.148524 0)
(0.000834983 0.147684 0)
(0.000769362 0.146966 0)
(0.000670532 0.146371 0)
(0.000544741 0.145897 0)
(0.000397787 0.145543 0)
(0.00023761 0.145253 0)
(7.0398e-05 0.140257 0)
(-0.0885971 0.244517 0)
(-0.0804783 0.239206 0)
(-0.0729922 0.234061 0)
(-0.0660794 0.229077 0)
(-0.059702 0.22425 0)
(-0.0538228 0.219578 0)
(-0.0484084 0.21506 0)
(-0.0434278 0.210695 0)
(-0.0388527 0.206482 0)
(-0.0346562 0.202421 0)
(-0.0308137 0.198511 0)
(-0.027302 0.194752 0)
(-0.0240982 0.191143 0)
(-0.021183 0.187683 0)
(-0.0185366 0.184373 0)
(-0.0161396 0.18121 0)
(-0.0139764 0.178194 0)
(-0.0120298 0.175323 0)
(-0.0102836 0.172595 0)
(-0.00872496 0.17001 0)
(-0.00733888 0.167564 0)
(-0.0061125 0.165257 0)
(-0.00503404 0.163086 0)
(-0.00409118 0.16105 0)
(-0.00327337 0.159145 0)
(-0.00257009 0.157373 0)
(-0.00197238 0.155727 0)
(-0.00146899 0.154209 0)
(-0.00105266 0.152816 0)
(-0.000714492 0.151545 0)
(-0.000445232 0.150396 0)
(-0.000238928 0.149367 0)
(-8.72431e-05 0.148456 0)
(1.67378e-05 0.147663 0)
(7.99138e-05 0.146986 0)
(0.000108815 0.146423 0)
(0.000109798 0.145975 0)
(8.89066e-05 0.145641 0)
(5.23937e-05 0.145364 0)
(1.01943e-05 0.140355 0)
(-0.0940917 0.235218 0)
(-0.0858174 0.230615 0)
(-0.0781791 0.226124 0)
(-0.0711153 0.221746 0)
(-0.0645878 0.217483 0)
(-0.0585588 0.213336 0)
(-0.0529944 0.209308 0)
(-0.0478636 0.205401 0)
(-0.0431378 0.201615 0)
(-0.0387903 0.197954 0)
(-0.0347964 0.194417 0)
(-0.031133 0.191007 0)
(-0.0277782 0.187724 0)
(-0.0247117 0.184568 0)
(-0.0219144 0.181541 0)
(-0.0193678 0.178642 0)
(-0.0170553 0.175872 0)
(-0.0149607 0.173229 0)
(-0.0130678 0.170714 0)
(-0.0113637 0.168325 0)
(-0.00983375 0.166062 0)
(-0.00846518 0.163923 0)
(-0.007246 0.161908 0)
(-0.00616456 0.160015 0)
(-0.0052092 0.158242 0)
(-0.00437089 0.156589 0)
(-0.00363997 0.155054 0)
(-0.00300473 0.153636 0)
(-0.00245856 0.152333 0)
(-0.00199154 0.151144 0)
(-0.00159554 0.150068 0)
(-0.00126369 0.149103 0)
(-0.000987741 0.148249 0)
(-0.000760552 0.147505 0)
(-0.000575207 0.146869 0)
(-0.000425129 0.146341 0)
(-0.000303805 0.14592 0)
(-0.000204148 0.145606 0)
(-0.000125401 0.145346 0)
(-4.9343e-05 0.140321 0)
(-0.0988189 0.225697 0)
(-0.0904515 0.221805 0)
(-0.0827158 0.217973 0)
(-0.0755499 0.214205 0)
(-0.0689162 0.21051 0)
(-0.0627772 0.206892 0)
(-0.0570992 0.203357 0)
(-0.0518515 0.199909 0)
(-0.0470059 0.196554 0)
(-0.0425359 0.193294 0)
(-0.0384173 0.190133 0)
(-0.0346273 0.187073 0)
(-0.0311443 0.184118 0)
(-0.0279484 0.181269 0)
(-0.0250208 0.178528 0)
(-0.0223435 0.175896 0)
(-0.0198999 0.173374 0)
(-0.0176742 0.170963 0)
(-0.0156509 0.168663 0)
(-0.0138163 0.166474 0)
(-0.0121567 0.164396 0)
(-0.0106594 0.162428 0)
(-0.00931193 0.160572 0)
(-0.00810375 0.158825 0)
(-0.00702288 0.157187 0)
(-0.00606008 0.155657 0)
(-0.00520547 0.154234 0)
(-0.00444841 0.152919 0)
(-0.00378129 0.151709 0)
(-0.0031941 0.150604 0)
(-0.00267951 0.149602 0)
(-0.00223021 0.148704 0)
(-0.00183742 0.147908 0)
(-0.00149439 0.147214 0)
(-0.00119448 0.146621 0)
(-0.000929787 0.146128 0)
(-0.000694415 0.145735 0)
(-0.000481262 0.145442 0)
(-0.000294462 0.145211 0)
(-0.000106344 0.140154 0)
(-0.102764 0.216023 0)
(-0.0943662 0.212841 0)
(-0.086589 0.209664 0)
(-0.0793708 0.206505 0)
(-0.0726756 0.203375 0)
(-0.0664671 0.200284 0)
(-0.0607125 0.197241 0)
(-0.0553818 0.194253 0)
(-0.0504476 0.191327 0)
(-0.0458842 0.188469 0)
(-0.0416679 0.185684 0)
(-0.0377764 0.182976 0)
(-0.0341888 0.180349 0)
(-0.0308856 0.177807 0)
(-0.0278484 0.175353 0)
(-0.0250598 0.172989 0)
(-0.0225034 0.170717 0)
(-0.0201638 0.168539 0)
(-0.0180261 0.166456 0)
(-0.0160764 0.164469 0)
(-0.0143015 0.162578 0)
(-0.0126889 0.160785 0)
(-0.0112266 0.159089 0)
(-0.00990364 0.15749 0)
(-0.00870894 0.155989 0)
(-0.00763256 0.154584 0)
(-0.00666456 0.153277 0)
(-0.00579543 0.152065 0)
(-0.00501662 0.15095 0)
(-0.00431876 0.149931 0)
(-0.00369426 0.149006 0)
(-0.00313542 0.148176 0)
(-0.00263388 0.14744 0)
(-0.00218281 0.146797 0)
(-0.00177533 0.146247 0)
(-0.00140357 0.145791 0)
(-0.00106143 0.145427 0)
(-0.000741558 0.145156 0)
(-0.000452604 0.144961 0)
(-0.000159263 0.139861 0)
(-0.105922 0.206272 0)
(-0.0975564 0.203785 0)
(-0.0897927 0.201254 0)
(-0.0825716 0.198695 0)
(-0.0758596 0.196124 0)
(-0.069622 0.193555 0)
(-0.0638277 0.190999 0)
(-0.0584481 0.188467 0)
(-0.0534567 0.185967 0)
(-0.0488289 0.183508 0)
(-0.0445418 0.181096 0)
(-0.040574 0.178738 0)
(-0.0369054 0.176439 0)
(-0.033517 0.174203 0)
(-0.030391 0.172036 0)
(-0.0275106 0.16994 0)
(-0.0248599 0.167919 0)
(-0.0224238 0.165974 0)
(-0.0201879 0.164109 0)
(-0.0181386 0.162324 0)
(-0.016263 0.160622 0)
(-0.014549 0.159004 0)
(-0.0129848 0.15747 0)
(-0.0115596 0.156021 0)
(-0.0102625 0.154658 0)
(-0.0090837 0.15338 0)
(-0.00801332 0.152189 0)
(-0.00704213 0.151084 0)
(-0.0061613 0.150065 0)
(-0.00536211 0.149133 0)
(-0.00463653 0.148286 0)
(-0.00397666 0.147525 0)
(-0.00337477 0.14685 0)
(-0.00282365 0.146259 0)
(-0.00231618 0.145755 0)
(-0.00184508 0.145335 0)
(-0.00140373 0.145 0)
(-0.000984387 0.144751 0)
(-0.000598765 0.144599 0)
(-0.000207218 0.139451 0)
(-0.1083 0.196514 0)
(-0.100026 0.194703 0)
(-0.0923285 0.1928 0)
(-0.0851524 0.190827 0)
(-0.078467 0.188804 0)
(-0.07224 0.186746 0)
(-0.0664424 0.184669 0)
(-0.0610472 0.182585 0)
(-0.0560295 0.180505 0)
(-0.0513661 0.17844 0)
(-0.047035 0.176397 0)
(-0.043016 0.174385 0)
(-0.0392897 0.172411 0)
(-0.0358381 0.17048 0)
(-0.032644 0.168597 0)
(-0.0296913 0.166768 0)
(-0.0269647 0.164996 0)
(-0.0244494 0.163285 0)
(-0.0221316 0.161637 0)
(-0.0199983 0.160055 0)
(-0.0180368 0.158542 0)
(-0.0162353 0.157099 0)
(-0.0145824 0.155728 0)
(-0.0130674 0.154429 0)
(-0.0116799 0.153205 0)
(-0.01041 0.152056 0)
(-0.0092481 0.150982 0)
(-0.00818513 0.149984 0)
(-0.00721229 0.149063 0)
(-0.0063211 0.148218 0)
(-0.00550349 0.14745 0)
(-0.0047516 0.146759 0)
(-0.00405786 0.146145 0)
(-0.00341493 0.145609 0)
(-0.00281566 0.145149 0)
(-0.00225302 0.144767 0)
(-0.00172017 0.144461 0)
(-0.0012092 0.144236 0)
(-0.000732534 0.144127 0)
(-0.000249909 0.138933 0)
(-0.109915 0.186819 0)
(-0.101787 0.185656 0)
(-0.0942054 0.184359 0)
(-0.0871195 0.182952 0)
(-0.0805021 0.18146 0)
(-0.0743237 0.179899 0)
(-0.0685578 0.178289 0)
(-0.0631796 0.176642 0)
(-0.0581658 0.174974 0)
(-0.0534947 0.173295 0)
(-0.049146 0.171615 0)
(-0.0451002 0.169944 0)
(-0.0413394 0.168289 0)
(-0.0378462 0.166658 0)
(-0.0346045 0.165057 0)
(-0.0315988 0.163492 0)
(-0.0288143 0.161968 0)
(-0.0262371 0.160488 0)
(-0.0238539 0.159056 0)
(-0.0216519 0.157677 0)
(-0.0196192 0.156352 0)
(-0.0177442 0.155084 0)
(-0.0160159 0.153875 0)
(-0.0144238 0.152727 0)
(-0.0129578 0.151642 0)
(-0.0116083 0.150621 0)
(-0.0103658 0.149665 0)
(-0.00922156 0.148775 0)
(-0.00816682 0.147951 0)
(-0.0071933 0.147195 0)
(-0.00629299 0.146506 0)
(-0.00545816 0.145886 0)
(-0.00468126 0.145335 0)
(-0.00395502 0.144852 0)
(-0.00327232 0.144438 0)
(-0.00262617 0.144093 0)
(-0.00200977 0.143818 0)
(-0.00141524 0.143616 0)
(-0.000853986 0.143548 0)
(-0.000287769 0.138316 0)
(-0.110792 0.177253 0)
(-0.102859 0.176704 0)
(-0.0954388 0.175983 0)
(-0.088485 0.175119 0)
(-0.0819742 0.174136 0)
(-0.0758803 0.173055 0)
(-0.0701794 0.171896 0)
(-0.0648491 0.170674 0)
(-0.0598681 0.169405 0)
(-0.0552165 0.168102 0)
(-0.0508754 0.166777 0)
(-0.0468268 0.165439 0)
(-0.0430539 0.164098 0)
(-0.0395404 0.162762 0)
(-0.036271 0.161438 0)
(-0.0332311 0.160133 0)
(-0.0304068 0.158852 0)
(-0.0277847 0.157601 0)
(-0.0253521 0.156384 0)
(-0.0230969 0.155204 0)
(-0.0210076 0.154066 0)
(-0.0190729 0.152972 0)
(-0.0172824 0.151925 0)
(-0.0156259 0.150927 0)
(-0.0140935 0.149981 0)
(-0.012676 0.149087 0)
(-0.011364 0.148249 0)
(-0.0101491 0.147466 0)
(-0.00902267 0.14674 0)
(-0.00797666 0.146073 0)
(-0.00700316 0.145464 0)
(-0.00609455 0.144915 0)
(-0.00524341 0.144425 0)
(-0.00444254 0.143997 0)
(-0.00368488 0.143629 0)
(-0.00296352 0.143322 0)
(-0.0022717 0.143077 0)
(-0.00160172 0.142899 0)
(-0.000963364 0.14287 0)
(-0.000321427 0.137607 0)
(-0.110963 0.167874 0)
(-0.103269 0.167901 0)
(-0.0960502 0.167724 0)
(-0.0892662 0.167374 0)
(-0.0828974 0.166876 0)
(-0.076921 0.166253 0)
(-0.0713161 0.165527 0)
(-0.0660628 0.164714 0)
(-0.061142 0.163831 0)
(-0.0565357 0.162892 0)
(-0.0522265 0.16191 0)
(-0.048198 0.160897 0)
(-0.0444346 0.159861 0)
(-0.0409212 0.158813 0)
(-0.0376437 0.15776 0)
(-0.0345881 0.15671 0)
(-0.0317414 0.155669 0)
(-0.0290911 0.154642 0)
(-0.0266251 0.153636 0)
(-0.0243318 0.152653 0)
(-0.0222002 0.151699 0)
(-0.0202198 0.150777 0)
(-0.0183803 0.14989 0)
(-0.0166719 0.149041 0)
(-0.0150852 0.148232 0)
(-0.0136111 0.147466 0)
(-0.0122408 0.146744 0)
(-0.0109659 0.146069 0)
(-0.00977807 0.145441 0)
(-0.00866949 0.144861 0)
(-0.00763241 0.144332 0)
(-0.00665935 0.143853 0)
(-0.00574303 0.143426 0)
(-0.00487635 0.143052 0)
(-0.00405236 0.14273 0)
(-0.00326425 0.142461 0)
(-0.00250531 0.142246 0)
(-0.00176808 0.142092 0)
(-0.00106071 0.142099 0)
(-0.000351191 0.136815 0)
(-0.110468 0.158736 0)
(-0.103048 0.159296 0)
(-0.0960661 0.159627 0)
(-0.0894851 0.159759 0)
(-0.0832898 0.159719 0)
(-0.0774609 0.159531 0)
(-0.0719804 0.159217 0)
(-0.066831 0.158795 0)
(-0.0619959 0.158282 0)
(-0.0574589 0.157693 0)
(-0.0532046 0.157043 0)
(-0.049218 0.156342 0)
(-0.0454849 0.155603 0)
(-0.0419914 0.154834 0)
(-0.0387243 0.154045 0)
(-0.0356709 0.153243 0)
(-0.0328189 0.152436 0)
(-0.0301566 0.151629 0)
(-0.0276726 0.150829 0)
(-0.0253561 0.15004 0)
(-0.0231965 0.149267 0)
(-0.0211838 0.148514 0)
(-0.0193083 0.147785 0)
(-0.0175605 0.147082 0)
(-0.0159315 0.14641 0)
(-0.0144124 0.145769 0)
(-0.0129948 0.145163 0)
(-0.0116706 0.144593 0)
(-0.0104317 0.144062 0)
(-0.00927057 0.14357 0)
(-0.00817958 0.14312 0)
(-0.00715147 0.142711 0)
(-0.00617911 0.142346 0)
(-0.00525556 0.142025 0)
(-0.00437398 0.141749 0)
(-0.0035277 0.141518 0)
(-0.00271012 0.141334 0)
(-0.00191398 0.141203 0)
(-0.0011459 0.141243 0)
(-0.00037708 0.135947 0)
(-0.109348 0.149883 0)
(-0.102233 0.150933 0)
(-0.0955169 0.151733 0)
(-0.0891675 0.152314 0)
(-0.0831733 0.152703 0)
(-0.0775184 0.152924 0)
(-0.0721878 0.152998 0)
(-0.0671667 0.152947 0)
(-0.0624406 0.152786 0)
(-0.0579954 0.152532 0)
(-0.0538174 0.152199 0)
(-0.0498931 0.1518 0)
(-0.0462098 0.151346 0)
(-0.0427548 0.150847 0)
(-0.0395161 0.150313 0)
(-0.036482 0.149752 0)
(-0.0336411 0.149172 0)
(-0.0309825 0.148579 0)
(-0.0284957 0.14798 0)
(-0.0261703 0.147381 0)
(-0.0239966 0.146785 0)
(-0.021965 0.146197 0)
(-0.0200662 0.145623 0)
(-0.0182913 0.145064 0)
(-0.0166318 0.144525 0)
(-0.0150791 0.144008 0)
(-0.0136253 0.143516 0)
(-0.0122624 0.143051 0)
(-0.0109828 0.142615 0)
(-0.00977908 0.14221 0)
(-0.00864389 0.141837 0)
(-0.00757016 0.141499 0)
(-0.00655097 0.141195 0)
(-0.00557954 0.140927 0)
(-0.0046492 0.140696 0)
(-0.00375343 0.140503 0)
(-0.00288575 0.140348 0)
(-0.00203916 0.140241 0)
(-0.0012188 0.140312 0)
(-0.000399062 0.135012 0)
(-0.107649 0.141353 0)
(-0.100863 0.142849 0)
(-0.094436 0.144079 0)
(-0.0883419 0.145074 0)
(-0.0825723 0.14586 0)
(-0.0771144 0.146463 0)
(-0.0719562 0.146903 0)
(-0.0670853 0.1472 0)
(-0.0624894 0.147373 0)
(-0.0581563 0.147436 0)
(-0.0540742 0.147406 0)
(-0.0502313 0.147294 0)
(-0.0466161 0.147113 0)
(-0.0432173 0.146874 0)
(-0.0400239 0.146585 0)
(-0.0370254 0.146257 0)
(-0.0342113 0.145896 0)
(-0.0315715 0.145511 0)
(-0.0290963 0.145107 0)
(-0.0267761 0.144691 0)
(-0.0246017 0.144267 0)
(-0.0225641 0.143842 0)
(-0.0206546 0.143418 0)
(-0.0188647 0.143 0)
(-0.0171863 0.142592 0)
(-0.0156113 0.142196 0)
(-0.0141321 0.141815 0)
(-0.0127412 0.141453 0)
(-0.0114311 0.141111 0)
(-0.0101947 0.140791 0)
(-0.00902495 0.140495 0)
(-0.00791503 0.140225 0)
(-0.00685822 0.139981 0)
(-0.00584793 0.139766 0)
(-0.00487769 0.13958 0)
(-0.00394114 0.139424 0)
(-0.003032 0.139298 0)
(-0.00214348 0.139213 0)
(-0.00127934 0.139313 0)
(-0.000417123 0.134018 0)
(-0.105417 0.133177 0)
(-0.0989773 0.135075 0)
(-0.0928586 0.136695 0)
(-0.087039 0.138069 0)
(-0.0815135 0.139221 0)
(-0.0762722 0.140177 0)
(-0.0713057 0.140957 0)
(-0.0666041 0.141581 0)
(-0.0621571 0.142067 0)
(-0.0579547 0.14243 0)
(-0.0539865 0.142686 0)
(-0.0502424 0.142847 0)
(-0.0467122 0.142926 0)
(-0.0433859 0.142934 0)
(-0.0402538 0.142881 0)
(-0.0373063 0.142776 0)
(-0.0345338 0.142627 0)
(-0.0319273 0.142441 0)
(-0.0294776 0.142226 0)
(-0.027176 0.141987 0)
(-0.0250139 0.141731 0)
(-0.0229829 0.141461 0)
(-0.0210748 0.141184 0)
(-0.0192816 0.140903 0)
(-0.0175957 0.140622 0)
(-0.0160096 0.140345 0)
(-0.0145157 0.140073 0)
(-0.0131071 0.139811 0)
(-0.0117766 0.139561 0)
(-0.0105174 0.139324 0)
(-0.00932275 0.139103 0)
(-0.00818602 0.1389 0)
(-0.00710076 0.138716 0)
(-0.00606062 0.138552 0)
(-0.00505933 0.13841 0)
(-0.00409075 0.13829 0)
(-0.00314877 0.138194 0)
(-0.00222687 0.138131 0)
(-0.0013275 0.138255 0)
(-0.000431258 0.132974 0)
(-0.102699 0.12538 0)
(-0.0966181 0.127635 0)
(-0.0908211 0.129607 0)
(-0.0852909 0.131324 0)
(-0.080025 0.132812 0)
(-0.0750164 0.134092 0)
(-0.0702581 0.135186 0)
(-0.0657422 0.136114 0)
(-0.0614606 0.136892 0)
(-0.0574051 0.137536 0)
(-0.0535669 0.138061 0)
(-0.0499374 0.138481 0)
(-0.0465077 0.138806 0)
(-0.0432692 0.139049 0)
(-0.0402131 0.13922 0)
(-0.037331 0.139328 0)
(-0.0346143 0.139381 0)
(-0.0320546 0.139386 0)
(-0.0296437 0.139352 0)
(-0.0273736 0.139285 0)
(-0.0252362 0.139189 0)
(-0.0232239 0.139071 0)
(-0.0213289 0.138936 0)
(-0.0195439 0.138788 0)
(-0.0178617 0.13863 0)
(-0.016275 0.138467 0)
(-0.0147771 0.138301 0)
(-0.013361 0.138137 0)
(-0.0120201 0.137976 0)
(-0.0107478 0.13782 0)
(-0.00953767 0.137673 0)
(-0.00838342 0.137535 0)
(-0.00727882 0.137409 0)
(-0.00621778 0.137295 0)
(-0.00519426 0.137196 0)
(-0.00420235 0.137112 0)
(-0.00323615 0.137043 0)
(-0.0022894 0.137003 0)
(-0.0013633 0.137149 0)
(-0.000441478 0.131888 0)
(-0.0995417 0.117979 0)
(-0.0938261 0.120551 0)
(-0.08836 0.122836 0)
(-0.08313 0.124863 0)
(-0.0781358 0.126654 0)
(-0.0733728 0.12823 0)
(-0.068836 0.129614 0)
(-0.0645197 0.130821 0)
(-0.0604178 0.13187 0)
(-0.0565234 0.132776 0)
(-0.0528294 0.133553 0)
(-0.0493287 0.134215 0)
(-0.0460136 0.134772 0)
(-0.0428767 0.135238 0)
(-0.0399104 0.135621 0)
(-0.037107 0.135931 0)
(-0.0344591 0.136176 0)
(-0.0319591 0.136364 0)
(-0.0295996 0.136503 0)
(-0.0273731 0.136599 0)
(-0.0252724 0.136658 0)
(-0.0232903 0.136686 0)
(-0.0214198 0.136687 0)
(-0.019654 0.136666 0)
(-0.0179862 0.136628 0)
(-0.0164096 0.136575 0)
(-0.0149177 0.136512 0)
(-0.0135041 0.136442 0)
(-0.0121625 0.136367 0)
(-0.0108867 0.136291 0)
(-0.00967046 0.136214 0)
(-0.00850785 0.13614 0)
(-0.00739291 0.13607 0)
(-0.00631982 0.136006 0)
(-0.00528281 0.135948 0)
(-0.00427619 0.135899 0)
(-0.00329432 0.135858 0)
(-0.00233119 0.135838 0)
(-0.00138683 0.136003 0)
(-0.000447813 0.130771 0)
(-0.0959884 0.110987 0)
(-0.0906413 0.113836 0)
(-0.0855115 0.116399 0)
(-0.0805889 0.118702 0)
(-0.075875 0.120766 0)
(-0.0713673 0.122611 0)
(-0.0670629 0.124258 0)
(-0.0629577 0.125722 0)
(-0.0590473 0.127021 0)
(-0.0553263 0.128169 0)
(-0.0517891 0.129181 0)
(-0.0484297 0.130068 0)
(-0.0452418 0.130843 0)
(-0.0422191 0.131517 0)
(-0.0393549 0.1321 0)
(-0.0366427 0.132601 0)
(-0.0340758 0.133028 0)
(-0.0316475 0.13339 0)
(-0.029351 0.133694 0)
(-0.0271797 0.133946 0)
(-0.025127 0.134152 0)
(-0.0231862 0.134319 0)
(-0.0213511 0.134451 0)
(-0.0196151 0.134552 0)
(-0.0179719 0.134628 0)
(-0.0164155 0.134682 0)
(-0.0149396 0.134718 0)
(-0.0135383 0.134739 0)
(-0.0122055 0.134747 0)
(-0.0109354 0.134747 0)
(-0.00972226 0.134739 0)
(-0.00856026 0.134726 0)
(-0.00744384 0.134711 0)
(-0.00636742 0.134694 0)
(-0.00532552 0.134677 0)
(-0.00431271 0.13466 0)
(-0.0033236 0.134646 0)
(-0.00235248 0.134646 0)
(-0.00139824 0.134828 0)
(-0.000450317 0.12963 0)
(-0.0920814 0.104411 0)
(-0.0871023 0.107501 0)
(-0.0823106 0.110308 0)
(-0.0776993 0.112855 0)
(-0.0732715 0.115163 0)
(-0.0690264 0.117251 0)
(-0.0649626 0.119136 0)
(-0.0610777 0.120834 0)
(-0.0573685 0.122362 0)
(-0.0538313 0.123733 0)
(-0.0504616 0.124961 0)
(-0.0472545 0.126058 0)
(-0.0442051 0.127036 0)
(-0.0413078 0.127905 0)
(-0.0385571 0.128675 0)
(-0.0359474 0.129356 0)
(-0.0334727 0.129955 0)
(-0.0311271 0.13048 0)
(-0.0289047 0.13094 0)
(-0.0267994 0.131339 0)
(-0.0248053 0.131686 0)
(-0.0229164 0.131985 0)
(-0.0211268 0.132241 0)
(-0.0194307 0.132459 0)
(-0.0178223 0.132644 0)
(-0.0162958 0.1328 0)
(-0.0148455 0.132931 0)
(-0.0134658 0.133039 0)
(-0.012151 0.133127 0)
(-0.0108958 0.1332 0)
(-0.00969454 0.133258 0)
(-0.00854195 0.133305 0)
(-0.00743268 0.133341 0)
(-0.00636148 0.13337 0)
(-0.00532314 0.133391 0)
(-0.00431251 0.133408 0)
(-0.00332447 0.133419 0)
(-0.00235358 0.133439 0)
(-0.00139772 0.133633 0)
(-0.000449058 0.128477 0)
(-0.0878601 0.0982554 0)
(-0.0832453 0.101552 0)
(-0.0787907 0.104571 0)
(-0.0744921 0.107334 0)
(-0.0703536 0.109858 0)
(-0.0663758 0.112162 0)
(-0.0625586 0.114262 0)
(-0.0589011 0.116173 0)
(-0.0554012 0.117909 0)
(-0.0520563 0.119484 0)
(-0.0488631 0.120911 0)
(-0.045818 0.122202 0)
(-0.0429167 0.123367 0)
(-0.0401549 0.124417 0)
(-0.0375279 0.125362 0)
(-0.0350308 0.12621 0)
(-0.0326586 0.12697 0)
(-0.030406 0.127649 0)
(-0.0282678 0.128255 0)
(-0.0262387 0.128794 0)
(-0.0243132 0.129273 0)
(-0.0224861 0.129697 0)
(-0.0207519 0.130071 0)
(-0.0191053 0.1304 0)
(-0.0175411 0.130689 0)
(-0.0160538 0.130942 0)
(-0.0146383 0.131162 0)
(-0.0132892 0.131353 0)
(-0.0120014 0.131519 0)
(-0.0107698 0.131661 0)
(-0.00958914 0.131782 0)
(-0.00845448 0.131885 0)
(-0.0073608 0.131972 0)
(-0.00630316 0.132044 0)
(-0.00527663 0.132103 0)
(-0.00427636 0.132151 0)
(-0.0032975 0.132187 0)
(-0.00233492 0.132225 0)
(-0.00138552 0.13243 0)
(-0.000444122 0.12732 0)
(-0.0833607 0.0925194 0)
(-0.0791042 0.0959922 0)
(-0.0749837 0.0991947 0)
(-0.0709968 0.102145 0)
(-0.0671486 0.104861 0)
(-0.0634408 0.107357 0)
(-0.0598744 0.109649 0)
(-0.0564494 0.11175 0)
(-0.0531649 0.113675 0)
(-0.0500193 0.115436 0)
(-0.0470103 0.117045 0)
(-0.0441351 0.118513 0)
(-0.0413906 0.11985 0)
(-0.0387731 0.121068 0)
(-0.0362788 0.122174 0)
(-0.0339036 0.123178 0)
(-0.0316432 0.124087 0)
(-0.029493 0.12491 0)
(-0.0274484 0.125653 0)
(-0.0255048 0.126323 0)
(-0.0236573 0.126926 0)
(-0.0219012 0.127468 0)
(-0.0202316 0.127953 0)
(-0.0186437 0.128387 0)
(-0.0171326 0.128775 0)
(-0.0156935 0.129119 0)
(-0.0143215 0.129425 0)
(-0.0130118 0.129695 0)
(-0.0117595 0.129933 0)
(-0.0105599 0.130141 0)
(-0.0094082 0.130323 0)
(-0.00829974 0.13048 0)
(-0.00722982 0.130614 0)
(-0.00619382 0.130728 0)
(-0.00518713 0.130822 0)
(-0.00420517 0.130899 0)
(-0.00324339 0.130959 0)
(-0.00229698 0.131014 0)
(-0.00136194 0.131227 0)
(-0.000435607 0.126169 0)
(-0.0786162 0.087201 0)
(-0.0747106 0.0908228 0)
(-0.070919 0.0941823 0)
(-0.0672412 0.0972959 0)
(-0.0636825 0.100178 0)
(-0.0602456 0.102844 0)
(-0.0569323 0.105306 0)
(-0.0537435 0.107578 0)
(-0.0506791 0.109673 0)
(-0.0477383 0.111601 0)
(-0.0449196 0.113375 0)
(-0.0422213 0.115004 0)
(-0.0396408 0.1165 0)
(-0.0371753 0.117871 0)
(-0.0348218 0.119126 0)
(-0.0325767 0.120274 0)
(-0.0304365 0.121322 0)
(-0.0283972 0.122278 0)
(-0.0264549 0.123149 0)
(-0.0246054 0.123941 0)
(-0.0228446 0.12466 0)
(-0.0211682 0.125312 0)
(-0.0195718 0.125901 0)
(-0.0180512 0.126434 0)
(-0.0166018 0.126913 0)
(-0.0152192 0.127344 0)
(-0.0138991 0.12773 0)
(-0.012637 0.128074 0)
(-0.0114284 0.128381 0)
(-0.0102689 0.128652 0)
(-0.00915421 0.12889 0)
(-0.00807989 0.129098 0)
(-0.00704161 0.129278 0)
(-0.00603506 0.129431 0)
(-0.00505595 0.129559 0)
(-0.0041 0.129664 0)
(-0.00316297 0.129746 0)
(-0.00224034 0.129818 0)
(-0.00132733 0.130035 0)
(-0.000423627 0.125034 0)
(-0.0736565 0.0822958 0)
(-0.0700929 0.0860422 0)
(-0.0666241 0.0895349 0)
(-0.0632512 0.0927884 0)
(-0.0599799 0.0958157 0)
(-0.0568134 0.0986296 0)
(-0.0537543 0.101242 0)
(-0.0508038 0.103666 0)
(-0.0479627 0.105912 0)
(-0.0452309 0.107991 0)
(-0.0426077 0.109913 0)
(-0.0400918 0.111689 0)
(-0.0376816 0.113328 0)
(-0.0353748 0.114839 0)
(-0.0331691 0.116231 0)
(-0.0310615 0.117511 0)
(-0.029049 0.118687 0)
(-0.0271283 0.119766 0)
(-0.0252961 0.120754 0)
(-0.0235488 0.121659 0)
(-0.0218827 0.122486 0)
(-0.020294 0.12324 0)
(-0.0187789 0.123927 0)
(-0.0173335 0.124551 0)
(-0.0159537 0.125116 0)
(-0.0146357 0.125628 0)
(-0.0133754 0.126089 0)
(-0.0121687 0.126503 0)
(-0.0110116 0.126874 0)
(-0.00989999 0.127204 0)
(-0.00882993 0.127496 0)
(-0.00779736 0.127751 0)
(-0.00679827 0.127974 0)
(-0.00582868 0.128164 0)
(-0.0048846 0.128324 0)
(-0.00396208 0.128455 0)
(-0.00305716 0.128559 0)
(-0.00216568 0.128645 0)
(-0.00128208 0.128866 0)
(-0.000408308 0.123924 0)
(-0.0685083 0.0777981 0)
(-0.0652772 0.0816475 0)
(-0.062124 0.0852524 0)
(-0.059051 0.088625 0)
(-0.0560638 0.0917771 0)
(-0.0531662 0.0947199 0)
(-0.0503609 0.0974644 0)
(-0.0476499 0.100021 0)
(-0.0450344 0.102401 0)
(-0.0425147 0.104615 0)
(-0.0400909 0.10667 0)
(-0.0377621 0.108578 0)
(-0.0355274 0.110347 0)
(-0.033385 0.111985 0)
(-0.0313331 0.1135 0)
(-0.0293694 0.1149 0)
(-0.0274914 0.116193 0)
(-0.0256964 0.117384 0)
(-0.0239814 0.118481 0)
(-0.0223435 0.11949 0)
(-0.0207794 0.120416 0)
(-0.0192859 0.121265 0)
(-0.0178595 0.122041 0)
(-0.0164967 0.12275 0)
(-0.0151941 0.123396 0)
(-0.0139481 0.123982 0)
(-0.012755 0.124513 0)
(-0.0116111 0.124993 0)
(-0.0105129 0.125423 0)
(-0.00945654 0.125808 0)
(-0.00843841 0.126149 0)
(-0.00745484 0.12645 0)
(-0.00650214 0.126712 0)
(-0.00557667 0.126937 0)
(-0.00467475 0.127127 0)
(-0.00379274 0.127283 0)
(-0.00292702 0.127406 0)
(-0.00207371 0.127507 0)
(-0.00122662 0.127727 0)
(-0.000389792 0.122848 0)
(-0.063195 0.0737016 0)
(-0.0602866 0.0776352 0)
(-0.0574414 0.0813333 0)
(-0.0546626 0.0848066 0)
(-0.0519556 0.0880651 0)
(-0.0493244 0.0911189 0)
(-0.046772 0.0939779 0)
(-0.0443006 0.0966517 0)
(-0.0419119 0.0991498 0)
(-0.0396066 0.101481 0)
(-0.0373851 0.103656 0)
(-0.0352473 0.105681 0)
(-0.0331923 0.107566 0)
(-0.0312192 0.109318 0)
(-0.0293264 0.110945 0)
(-0.0275123 0.112454 0)
(-0.0257748 0.113852 0)
(-0.0241116 0.115146 0)
(-0.0225203 0.116342 0)
(-0.0209984 0.117445 0)
(-0.019543 0.118462 0)
(-0.0181514 0.119398 0)
(-0.0168206 0.120256 0)
(-0.0155475 0.121043 0)
(-0.014329 0.121763 0)
(-0.0131619 0.122418 0)
(-0.012043 0.123014 0)
(-0.010969 0.123553 0)
(-0.00993648 0.124039 0)
(-0.00894226 0.124475 0)
(-0.00798296 0.124862 0)
(-0.00705524 0.125204 0)
(-0.00615577 0.125503 0)
(-0.0052812 0.12576 0)
(-0.00442822 0.125978 0)
(-0.00359348 0.126157 0)
(-0.00277367 0.126298 0)
(-0.00196526 0.126412 0)
(-0.00116144 0.12663 0)
(-0.000368233 0.121816 0)
(-0.0577373 0.0699993 0)
(-0.0551418 0.0740008 0)
(-0.0525969 0.0777757 0)
(-0.0501063 0.081333 0)
(-0.0476751 0.0846815 0)
(-0.0453073 0.0878301 0)
(-0.0430061 0.0907875 0)
(-0.0407739 0.0935624 0)
(-0.0386125 0.0961635 0)
(-0.036523 0.0985992 0)
(-0.0345062 0.100878 0)
(-0.0325622 0.103007 0)
(-0.0306906 0.104995 0)
(-0.0288908 0.106848 0)
(-0.0271617 0.108575 0)
(-0.0255021 0.110182 0)
(-0.0239103 0.111675 0)
(-0.0223845 0.113061 0)
(-0.0209226 0.114346 0)
(-0.0195226 0.115536 0)
(-0.0181821 0.116635 0)
(-0.0168987 0.117649 0)
(-0.0156698 0.118583 0)
(-0.0144927 0.119441 0)
(-0.0133647 0.120228 0)
(-0.012283 0.120946 0)
(-0.0112447 0.121601 0)
(-0.010247 0.122195 0)
(-0.00928677 0.122732 0)
(-0.00836116 0.123214 0)
(-0.00746714 0.123644 0)
(-0.00660172 0.124024 0)
(-0.0057619 0.124357 0)
(-0.00494466 0.124644 0)
(-0.004147 0.124887 0)
(-0.0033659 0.125087 0)
(-0.00259837 0.125245 0)
(-0.00184121 0.125371 0)
(-0.00108707 0.125584 0)
(-0.000343796 0.120837 0)
(-0.052153 0.066685 0)
(-0.0498611 0.0707403 0)
(-0.0476089 0.0745774 0)
(-0.0454003 0.078204 0)
(-0.0432404 0.0816276 0)
(-0.0411328 0.0848561 0)
(-0.0390807 0.0878973 0)
(-0.0370867 0.0907589 0)
(-0.0351526 0.0934488 0)
(-0.0332799 0.0959746 0)
(-0.0314693 0.098344 0)
(-0.0297214 0.100564 0)
(-0.0280361 0.102642 0)
(-0.026413 0.104586 0)
(-0.0248516 0.106401 0)
(-0.0233507 0.108094 0)
(-0.0219092 0.109672 0)
(-0.0205257 0.111141 0)
(-0.0191985 0.112506 0)
(-0.0179257 0.113772 0)
(-0.0167056 0.114945 0)
(-0.0155359 0.11603 0)
(-0.0144146 0.117032 0)
(-0.0133394 0.117954 0)
(-0.0123078 0.118801 0)
(-0.0113174 0.119577 0)
(-0.0103658 0.120285 0)
(-0.00945036 0.120929 0)
(-0.00856845 0.121512 0)
(-0.00771746 0.122036 0)
(-0.00689475 0.122505 0)
(-0.00609765 0.12292 0)
(-0.00532348 0.123283 0)
(-0.00456957 0.123597 0)
(-0.00383323 0.123863 0)
(-0.00311175 0.124082 0)
(-0.00240247 0.124256 0)
(-0.00170252 0.124393 0)
(-0.00100407 0.124599 0)
(-0.000316659 0.11992 0)
(-0.0464577 0.0637525 0)
(-0.0444605 0.0678496 0)
(-0.0424938 0.0717363 0)
(-0.0405616 0.075419 0)
(-0.0386683 0.0789044 0)
(-0.0368175 0.0821994 0)
(-0.0350123 0.0853108 0)
(-0.0332552 0.0882457 0)
(-0.0315481 0.0910111 0)
(-0.0298925 0.0936142 0)
(-0.0282893 0.0960617 0)
(-0.0267392 0.0983606 0)
(-0.0252425 0.100518 0)
(-0.0237991 0.102539 0)
(-0.0224085 0.104431 0)
(-0.0210701 0.106201 0)
(-0.019783 0.107853 0)
(-0.0185461 0.109394 0)
(-0.017358 0.110829 0)
(-0.0162173 0.112164 0)
(-0.0151224 0.113402 0)
(-0.0140716 0.11455 0)
(-0.0130632 0.115612 0)
(-0.012095 0.116591 0)
(-0.0111652 0.117493 0)
(-0.0102717 0.11832 0)
(-0.00941219 0.119076 0)
(-0.00858454 0.119764 0)
(-0.00778646 0.120389 0)
(-0.00701566 0.120951 0)
(-0.00626982 0.121454 0)
(-0.0055466 0.1219 0)
(-0.00484366 0.122291 0)
(-0.00415864 0.122629 0)
(-0.00348918 0.122916 0)
(-0.00283288 0.123153 0)
(-0.00218739 0.12334 0)
(-0.0015502 0.123486 0)
(-0.000913032 0.123684 0)
(-0.000287012 0.119073 0)
(-0.0406645 0.061197 0)
(-0.0389541 0.0653255 0)
(-0.0372664 0.0692506 0)
(-0.0356051 0.0729778 0)
(-0.0339741 0.076513 0)
(-0.032377 0.0798621 0)
(-0.0308164 0.0830313 0)
(-0.0292947 0.0860271 0)
(-0.0278139 0.0888558 0)
(-0.0263754 0.0915238 0)
(-0.0249804 0.0940375 0)
(-0.0236296 0.0964032 0)
(-0.0223235 0.0986273 0)
(-0.021062 0.100716 0)
(-0.0198451 0.102674 0)
(-0.0186724 0.104509 0)
(-0.0175431 0.106226 0)
(-0.0164565 0.10783 0)
(-0.0154115 0.109326 0)
(-0.0144071 0.11072 0)
(-0.0134419 0.112016 0)
(-0.0125146 0.113219 0)
(-0.0116236 0.114333 0)
(-0.0107674 0.115363 0)
(-0.00994424 0.116312 0)
(-0.0091524 0.117184 0)
(-0.00839002 0.117982 0)
(-0.0076552 0.11871 0)
(-0.006946 0.119371 0)
(-0.00626046 0.119966 0)
(-0.00559658 0.1205 0)
(-0.00495235 0.120974 0)
(-0.00432575 0.12139 0)
(-0.00371474 0.121749 0)
(-0.00311726 0.122054 0)
(-0.00253126 0.122306 0)
(-0.00195468 0.122506 0)
(-0.00138535 0.122661 0)
(-0.00081461 0.122848 0)
(-0.000255056 0.118304 0)
(-0.0347851 0.0590146 0)
(-0.0333546 0.0631655 0)
(-0.03194 0.0671192 0)
(-0.0305447 0.0708805 0)
(-0.0291722 0.0744545 0)
(-0.0278256 0.0778466 0)
(-0.0265074 0.0810623 0)
(-0.0252197 0.0841073 0)
(-0.0239645 0.0869876 0)
(-0.0227431 0.0897091 0)
(-0.0215568 0.0922775 0)
(-0.0204063 0.0946989 0)
(-0.0192922 0.096979 0)
(-0.0182147 0.0991235 0)
(-0.0171738 0.101138 0)
(-0.0161694 0.103028 0)
(-0.015201 0.1048 0)
(-0.014268 0.106457 0)
(-0.0133697 0.108006 0)
(-0.0125053 0.10945 0)
(-0.0116736 0.110795 0)
(-0.0108737 0.112045 0)
(-0.0101044 0.113205 0)
(-0.0093644 0.114278 0)
(-0.00865226 0.115268 0)
(-0.00796654 0.116179 0)
(-0.00730574 0.117013 0)
(-0.00666827 0.117775 0)
(-0.00605251 0.118467 0)
(-0.00545681 0.119092 0)
(-0.0048795 0.119652 0)
(-0.00431888 0.12015 0)
(-0.00377325 0.120587 0)
(-0.00324088 0.120965 0)
(-0.00272005 0.121287 0)
(-0.00220898 0.121552 0)
(-0.00170595 0.121762 0)
(-0.00120913 0.121924 0)
(-0.000709479 0.122098 0)
(-0.000221002 0.117622 0)
(-0.0288294 0.057203 0)
(-0.027673 0.0613684 0)
(-0.0265266 0.065342 0)
(-0.0253932 0.069128 0)
(-0.0242757 0.0727309 0)
(-0.023177 0.0761556 0)
(-0.0220991 0.0794071 0)
(-0.0210441 0.0824906 0)
(-0.0200137 0.0854116 0)
(-0.0190093 0.0881755 0)
(-0.018032 0.0907878 0)
(-0.0170826 0.093254 0)
(-0.0161618 0.0955795 0)
(-0.0152699 0.0977698 0)
(-0.0144071 0.0998302 0)
(-0.0135733 0.101766 0)
(-0.0127684 0.103582 0)
(-0.0119918 0.105284 0)
(-0.0112432 0.106875 0)
(-0.0105219 0.108362 0)
(-0.00982726 0.109748 0)
(-0.00915839 0.111038 0)
(-0.0085144 0.112235 0)
(-0.00789429 0.113344 0)
(-0.00729698 0.114369 0)
(-0.0067213 0.115312 0)
(-0.00616604 0.116177 0)
(-0.00562993 0.116968 0)
(-0.00511165 0.117687 0)
(-0.00460987 0.118336 0)
(-0.00412323 0.118919 0)
(-0.00365034 0.119437 0)
(-0.00318982 0.119892 0)
(-0.00274026 0.120286 0)
(-0.00230021 0.120621 0)
(-0.00186824 0.120897 0)
(-0.00144291 0.121117 0)
(-0.00102275 0.121284 0)
(-0.000598364 0.121444 0)
(-0.000185075 0.117033 0)
(-0.0228064 0.0557615 0)
(-0.0219195 0.0599344 0)
(-0.0210373 0.06392 0)
(-0.0201623 0.0677221 0)
(-0.0192972 0.0713447 0)
(-0.018444 0.0747924 0)
(-0.0176048 0.0780697 0)
(-0.0167814 0.0811815 0)
(-0.0159752 0.0841329 0)
(-0.0151875 0.0869288 0)
(-0.0144195 0.0895745 0)
(-0.0136719 0.092075 0)
(-0.0129455 0.0944357 0)
(-0.0122406 0.0966615 0)
(-0.0115575 0.0987577 0)
(-0.0108962 0.100729 0)
(-0.0102569 0.102581 0)
(-0.00963919 0.104317 0)
(-0.00904288 0.105944 0)
(-0.00846757 0.107464 0)
(-0.00791279 0.108883 0)
(-0.00737797 0.110204 0)
(-0.00686247 0.111432 0)
(-0.00636554 0.11257 0)
(-0.00588638 0.113622 0)
(-0.00542413 0.114592 0)
(-0.00497786 0.115482 0)
(-0.0045466 0.116296 0)
(-0.00412933 0.117037 0)
(-0.00372503 0.117706 0)
(-0.00333265 0.118307 0)
(-0.00295111 0.118841 0)
(-0.00257933 0.119311 0)
(-0.00221619 0.119718 0)
(-0.00186058 0.120064 0)
(-0.00151135 0.12035 0)
(-0.00116737 0.120577 0)
(-0.00082752 0.120749 0)
(-0.000482047 0.120893 0)
(-0.000147517 0.116545 0)
(-0.0167242 0.0546898 0)
(-0.0161033 0.0588635 0)
(-0.0154822 0.0628537 0)
(-0.0148631 0.0666637 0)
(-0.014248 0.0702974 0)
(-0.0136387 0.0737589 0)
(-0.0130368 0.0770526 0)
(-0.012444 0.0801829 0)
(-0.0118615 0.0831546 0)
(-0.0112905 0.0859725 0)
(-0.0107321 0.0886414 0)
(-0.0101869 0.0911663 0)
(-0.00965563 0.0935521 0)
(-0.00913884 0.0958036 0)
(-0.00863684 0.0979259 0)
(-0.00814984 0.0999236 0)
(-0.00767793 0.101801 0)
(-0.00722113 0.103564 0)
(-0.00677933 0.105216 0)
(-0.00635235 0.106762 0)
(-0.00593995 0.108205 0)
(-0.00554178 0.10955 0)
(-0.00515745 0.110801 0)
(-0.00478647 0.111962 0)
(-0.00442832 0.113035 0)
(-0.00408239 0.114025 0)
(-0.00374806 0.114935 0)
(-0.00342463 0.115766 0)
(-0.0031114 0.116523 0)
(-0.00280765 0.117208 0)
(-0.0025126 0.117823 0)
(-0.00222551 0.11837 0)
(-0.00194557 0.118851 0)
(-0.00167198 0.119269 0)
(-0.00140394 0.119623 0)
(-0.0011406 0.119916 0)
(-0.000881133 0.120148 0)
(-0.000624791 0.120324 0)
(-0.000361415 0.12045 0)
(-0.000108665 0.116164 0)
(-0.0106035 0.0540049 0)
(-0.0102478 0.0581736 0)
(-0.00988719 0.0621615 0)
(-0.00952326 0.0659719 0)
(-0.00915764 0.0696085 0)
(-0.0087918 0.0730751 0)
(-0.00842711 0.0763759 0)
(-0.00806483 0.0795153 0)
(-0.00770612 0.0824976 0)
(-0.00735199 0.0853274 0)
(-0.00700335 0.0880095 0)
(-0.00666097 0.0905486 0)
(-0.00632551 0.0929494 0)
(-0.00599751 0.0952166 0)
(-0.00567738 0.097355 0)
(-0.00536547 0.0993692 0)
(-0.00506201 0.101264 0)
(-0.00476717 0.103043 0)
(-0.00448103 0.104712 0)
(-0.00420362 0.106274 0)
(-0.00393489 0.107734 0)
(-0.00367474 0.109095 0)
(-0.00342299 0.110361 0)
(-0.00317943 0.111536 0)
(-0.00294378 0.112624 0)
(-0.00271573 0.113627 0)
(-0.00249492 0.11455 0)
(-0.00228095 0.115394 0)
(-0.00207342 0.116162 0)
(-0.00187189 0.116857 0)
(-0.00167589 0.117482 0)
(-0.00148496 0.118038 0)
(-0.00129861 0.118527 0)
(-0.00111634 0.118951 0)
(-0.000937633 0.119311 0)
(-0.000761974 0.119609 0)
(-0.000588858 0.119845 0)
(-0.000418077 0.120023 0)
(-0.000238652 0.12013 0)
(-6.90234e-05 0.115899 0)
(-0.00388866 0.0536087 0)
(-0.0037806 0.0577668 0)
(-0.0036682 0.0617464 0)
(-0.00355219 0.0655507 0)
(-0.00343325 0.0691831 0)
(-0.00331204 0.0726475 0)
(-0.00318918 0.0759477 0)
(-0.00306527 0.0790882 0)
(-0.00294087 0.082073 0)
(-0.0028165 0.0849068 0)
(-0.00269263 0.0875939 0)
(-0.00256969 0.0901391 0)
(-0.00244804 0.092547 0)
(-0.00232801 0.0948221 0)
(-0.00220989 0.096969 0)
(-0.00209391 0.0989922 0)
(-0.00198028 0.100896 0)
(-0.00186915 0.102685 0)
(-0.00176065 0.104364 0)
(-0.00165487 0.105936 0)
(-0.00155188 0.107405 0)
(-0.0014517 0.108776 0)
(-0.00135433 0.110052 0)
(-0.00125975 0.111237 0)
(-0.0011679 0.112334 0)
(-0.00107871 0.113347 0)
(-0.000992078 0.114277 0)
(-0.000907893 0.115129 0)
(-0.000826027 0.115905 0)
(-0.000746338 0.116608 0)
(-0.000668676 0.117238 0)
(-0.000592878 0.1178 0)
(-0.000518774 0.118294 0)
(-0.000446188 0.118723 0)
(-0.000374936 0.119087 0)
(-0.000304828 0.119389 0)
(-0.000235668 0.119628 0)
(-0.000167654 0.119806 0)
(-9.41396e-05 0.119892 0)
(-2.57478e-05 0.115717 0)
)
;

boundaryField
{
    leftWall
    {
        type            fixedValue;
        value           nonuniform 0();
    }
    rightWall
    {
        type            fixedValue;
        value           uniform (0 0 0);
    }
    lowerWall
    {
        type            fixedValue;
        value           nonuniform 0();
    }
    atmosphere
    {
        type            pressureInletOutletVelocity;
        value           nonuniform List<vector> 
45
(
(-0.00431037 0.0323263 0)
(-0.00423642 0.0369444 0)
(-0.00415816 0.041279 0)
(-0.0040749 0.0454626 0)
(-0.00398663 0.0494971 0)
(-0.00388866 0.0536087 0)
(-0.0037806 0.0577668 0)
(-0.0036682 0.0617464 0)
(-0.00355219 0.0655507 0)
(-0.00343325 0.0691831 0)
(-0.00331204 0.0726475 0)
(-0.00318918 0.0759477 0)
(-0.00306527 0.0790882 0)
(-0.00294087 0.082073 0)
(-0.0028165 0.0849068 0)
(-0.00269263 0.0875939 0)
(-0.00256969 0.0901391 0)
(-0.00244804 0.092547 0)
(-0.00232801 0.0948221 0)
(-0.00220989 0.096969 0)
(-0.00209391 0.0989922 0)
(-0.00198028 0.100896 0)
(-0.00186915 0.102685 0)
(-0.00176065 0.104364 0)
(-0.00165487 0.105936 0)
(-0.00155188 0.107405 0)
(-0.0014517 0.108776 0)
(-0.00135433 0.110052 0)
(-0.00125975 0.111237 0)
(-0.0011679 0.112334 0)
(-0.00107871 0.113347 0)
(-0.000992078 0.114277 0)
(-0.000907893 0.115129 0)
(-0.000826027 0.115905 0)
(-0.000746338 0.116608 0)
(-0.000668676 0.117238 0)
(-0.000592878 0.1178 0)
(-0.000518774 0.118294 0)
(-0.000446188 0.118723 0)
(-0.000374936 0.119087 0)
(-0.000304828 0.119389 0)
(-0.000235668 0.119628 0)
(-0.000167654 0.119806 0)
(-9.41396e-05 0.119892 0)
(-2.57478e-05 0.115717 0)
)
;
    }
    defaultFaces
    {
        type            empty;
    }
    procBoundary3to1
    {
        type            processor;
        value           nonuniform List<vector> 
45
(
(-0.0121031 0.375871 0)
(-0.00683817 0.363604 0)
(-0.00200705 0.352059 0)
(0.00254767 0.340869 0)
(0.00680342 0.330025 0)
(0.0109404 0.318932 0)
(0.0149125 0.307635 0)
(0.0184608 0.296754 0)
(0.0215903 0.286299 0)
(0.0243106 0.276274 0)
(0.026636 0.26668 0)
(0.0285851 0.257516 0)
(0.0301792 0.248782 0)
(0.0314414 0.240472 0)
(0.0323956 0.232582 0)
(0.0330665 0.225104 0)
(0.0334781 0.218027 0)
(0.033654 0.21134 0)
(0.0336166 0.205033 0)
(0.0333872 0.199093 0)
(0.0329852 0.193507 0)
(0.0324287 0.188261 0)
(0.0317341 0.183342 0)
(0.0309166 0.178736 0)
(0.0299899 0.174431 0)
(0.0289664 0.170413 0)
(0.0278573 0.166671 0)
(0.0266724 0.163192 0)
(0.0254204 0.159966 0)
(0.0241094 0.156983 0)
(0.0227461 0.154232 0)
(0.0213369 0.151704 0)
(0.0198873 0.149391 0)
(0.0184023 0.147286 0)
(0.0168866 0.14538 0)
(0.0153442 0.143667 0)
(0.0137786 0.142142 0)
(0.0121931 0.1408 0)
(0.0105907 0.139635 0)
(0.00897401 0.138645 0)
(0.00734549 0.137826 0)
(0.00570759 0.137175 0)
(0.00406171 0.13669 0)
(0.00241703 0.136325 0)
(0.000768962 0.131702 0)
)
;
    }
    procBoundary3to2
    {
        type            processor;
        value           nonuniform List<vector> 
43
(
(-0.0315059 0.382754 0)
(-0.0451944 0.375903 0)
(-0.0587059 0.368349 0)
(-0.0720202 0.360039 0)
(-0.0850005 0.350843 0)
(-0.0974719 0.340694 0)
(-0.109299 0.329601 0)
(-0.120324 0.317597 0)
(-0.130383 0.304752 0)
(-0.139331 0.291179 0)
(-0.147056 0.277021 0)
(-0.153478 0.262441 0)
(-0.158557 0.247613 0)
(-0.162289 0.232712 0)
(-0.164705 0.217905 0)
(-0.165862 0.203338 0)
(-0.16584 0.189141 0)
(-0.164732 0.17542 0)
(-0.16264 0.162259 0)
(-0.159669 0.149723 0)
(-0.155922 0.137856 0)
(-0.151502 0.126683 0)
(-0.146502 0.116218 0)
(-0.141012 0.106462 0)
(-0.135111 0.0974061 0)
(-0.128871 0.0890337 0)
(-0.122352 0.0813234 0)
(-0.115611 0.0742494 0)
(-0.108691 0.0677839 0)
(-0.101631 0.0618975 0)
(-0.0944628 0.0565611 0)
(-0.0872104 0.0517464 0)
(-0.0798936 0.0474268 0)
(-0.0725269 0.0435775 0)
(-0.0651206 0.0401762 0)
(-0.0576813 0.0372034 0)
(-0.0502128 0.0346426 0)
(-0.0427158 0.0324807 0)
(-0.0351889 0.0307085 0)
(-0.027629 0.0293208 0)
(-0.0200317 0.0283164 0)
(-0.0123976 0.0277106 0)
(-0.00437923 0.0274067 0)
)
;
    }
}


// ************************************************************************* //
