/*--------------------------------*- C++ -*----------------------------------*\
| =========                 |                                                 |
| \\      /  F ield         | OpenFOAM: The Open Source CFD Toolbox           |
|  \\    /   O peration     | Version:  3.0.1                                 |
|   \\  /    A nd           | Web:      www.OpenFOAM.org                      |
|    \\/     M anipulation  |                                                 |
\*---------------------------------------------------------------------------*/
FoamFile
{
    version     2.0;
    format      ascii;
    class       surfaceScalarField;
    location    "0.3";
    object      phi;
}
// * * * * * * * * * * * * * * * * * * * * * * * * * * * * * * * * * * * * * //

dimensions      [0 3 -1 0 0 0 0];

internalField   nonuniform List<scalar> 
3731
(
-1.55274e-05
-9.61662e-06
-1.55274e-05
-1.28711e-05
-1.49361e-05
-2.83985e-05
-2.89596e-06
-1.27512e-05
-3.12945e-05
7.26733e-06
-3.66938e-06
-2.40271e-05
1.41732e-05
8.52126e-06
-9.85389e-06
1.74846e-05
2.16459e-05
7.63076e-06
1.86e-05
3.40366e-05
2.62308e-05
1.91166e-05
4.54501e-05
4.53474e-05
2.16437e-05
5.52491e-05
6.6991e-05
2.6237e-05
6.36939e-05
9.32281e-05
1.18663e-06
-1.18663e-06
2.2739e-06
-1.08727e-06
3.10371e-06
-8.29805e-07
3.75589e-06
-6.52168e-07
4.30819e-06
-5.52276e-07
4.83569e-06
-5.27498e-07
5.38042e-06
-5.44742e-07
5.95446e-06
-5.74063e-07
6.54824e-06
-5.93794e-07
7.1468e-06
-5.98568e-07
7.73082e-06
-5.84015e-07
8.28769e-06
-5.56879e-07
8.81337e-06
-5.25696e-07
9.3066e-06
-4.93248e-07
9.76639e-06
-4.59803e-07
1.01898e-05
-4.23442e-07
1.05722e-05
-3.82349e-07
1.09078e-05
-3.35636e-07
1.11902e-05
-2.82454e-07
1.14125e-05
-2.22268e-07
1.15666e-05
-1.54124e-07
1.16432e-05
-7.65763e-08
1.16305e-05
1.2645e-08
1.15187e-05
1.11847e-07
1.13148e-05
2.0381e-07
1.10257e-05
2.89172e-07
1.06544e-05
3.71327e-07
1.02026e-05
4.51723e-07
9.67242e-06
5.30225e-07
9.06608e-06
6.0633e-07
8.38663e-06
6.79443e-07
7.63825e-06
7.48369e-07
6.82556e-06
8.12684e-07
5.95432e-06
8.71243e-07
5.03165e-06
9.22671e-07
4.06553e-06
9.6613e-07
3.06516e-06
1.00038e-06
2.04075e-06
1.02443e-06
1.005e-06
1.03577e-06
1.00502e-06
6.11673e-07
-1.7983e-06
1.33196e-06
-1.80755e-06
2.06028e-06
-1.5581e-06
2.84788e-06
-1.43975e-06
3.66549e-06
-1.36988e-06
4.50224e-06
-1.36427e-06
5.34085e-06
-1.38339e-06
6.15975e-06
-1.39299e-06
6.94487e-06
-1.37892e-06
7.68794e-06
-1.34165e-06
8.39322e-06
-1.28931e-06
9.06712e-06
-1.23081e-06
9.71114e-06
-1.16975e-06
1.03235e-05
-1.10562e-06
1.08997e-05
-1.03601e-06
1.14343e-05
-9.58071e-07
1.19214e-05
-8.69451e-07
1.23537e-05
-7.6796e-07
1.27239e-05
-6.52645e-07
1.30245e-05
-5.22944e-07
1.32495e-05
-3.79083e-07
1.33951e-05
-2.2222e-07
1.34586e-05
-5.08354e-08
1.34427e-05
1.27696e-07
1.33321e-05
3.14406e-07
1.31159e-05
5.05402e-07
1.27888e-05
6.98452e-07
1.23491e-05
8.9145e-07
1.17968e-05
1.08246e-06
1.11341e-05
1.26901e-06
1.03644e-05
1.44917e-06
9.49247e-06
1.62029e-06
8.52509e-06
1.78006e-06
7.47034e-06
1.926e-06
6.33784e-06
2.0552e-06
5.13877e-06
2.16524e-06
3.8855e-06
2.25366e-06
2.59133e-06
2.31864e-06
1.27011e-06
2.35703e-06
2.27513e-06
7.16179e-07
-2.51447e-06
1.55417e-06
-2.64554e-06
2.3417e-06
-2.34563e-06
3.13338e-06
-2.23143e-06
3.90373e-06
-2.14024e-06
4.67529e-06
-2.13585e-06
5.45442e-06
-2.16254e-06
6.23314e-06
-2.17173e-06
6.99675e-06
-2.14254e-06
7.73252e-06
-2.07744e-06
8.43742e-06
-1.99424e-06
9.11188e-06
-1.9053e-06
9.756e-06
-1.8139e-06
1.03686e-05
-1.71822e-06
1.09467e-05
-1.61417e-06
1.14858e-05
-1.49716e-06
1.19796e-05
-1.36329e-06
1.24211e-05
-1.20949e-06
1.28024e-05
-1.03391e-06
1.31153e-05
-8.35835e-07
1.33519e-05
-6.15709e-07
1.35044e-05
-3.74772e-07
1.35693e-05
-1.15714e-07
1.35405e-05
1.56582e-07
1.34136e-05
4.4132e-07
1.31832e-05
7.35782e-07
1.28453e-05
1.0363e-06
1.23977e-05
1.33909e-06
1.18399e-05
1.64027e-06
1.1173e-05
1.93583e-06
1.04001e-05
2.22209e-06
9.52542e-06
2.49499e-06
8.55543e-06
2.75007e-06
7.49793e-06
2.98352e-06
6.3622e-06
3.19094e-06
5.15948e-06
3.36797e-06
3.90195e-06
3.51123e-06
2.60283e-06
3.61777e-06
1.2763e-06
3.68355e-06
3.55143e-06
8.78089e-07
-3.39256e-06
1.80447e-06
-3.57193e-06
2.54944e-06
-3.0906e-06
3.27194e-06
-2.95393e-06
3.95772e-06
-2.82604e-06
4.67938e-06
-2.85753e-06
5.44478e-06
-2.92796e-06
6.23238e-06
-2.95934e-06
7.01097e-06
-2.92115e-06
7.75724e-06
-2.82373e-06
8.46764e-06
-2.70468e-06
9.14534e-06
-2.58303e-06
9.79257e-06
-2.46115e-06
1.04095e-05
-2.33513e-06
1.09938e-05
-2.19848e-06
1.15408e-05
-2.04423e-06
1.2044e-05
-1.86652e-06
1.24957e-05
-1.66113e-06
1.28873e-05
-1.42555e-06
1.32102e-05
-1.15878e-06
1.34563e-05
-8.61732e-07
1.36174e-05
-5.35893e-07
1.36862e-05
-1.84499e-07
1.36556e-05
1.87152e-07
1.35218e-05
5.75179e-07
1.32812e-05
9.76371e-07
1.29311e-05
1.38631e-06
1.24702e-05
1.79999e-06
1.18988e-05
2.21173e-06
1.12186e-05
2.61605e-06
1.04332e-05
3.00752e-06
9.54763e-06
3.38052e-06
8.56857e-06
3.72915e-06
7.50415e-06
4.04796e-06
6.36399e-06
4.33112e-06
5.15868e-06
4.57328e-06
3.90032e-06
4.76962e-06
2.60186e-06
4.91624e-06
1.27706e-06
5.00834e-06
4.82848e-06
8.92261e-07
-4.28483e-06
1.84836e-06
-4.52805e-06
2.56007e-06
-3.80232e-06
3.27637e-06
-3.67024e-06
3.92311e-06
-3.47279e-06
4.63377e-06
-3.5682e-06
5.4138e-06
-3.70801e-06
6.23582e-06
-3.78139e-06
7.03823e-06
-3.72358e-06
7.79544e-06
-3.58097e-06
8.51057e-06
-3.41983e-06
9.19142e-06
-3.26391e-06
9.84302e-06
-3.11277e-06
1.04673e-05
-2.95943e-06
1.10622e-05
-2.79341e-06
1.16224e-05
-2.60447e-06
1.21407e-05
-2.38484e-06
1.26085e-05
-2.12895e-06
1.30165e-05
-1.83358e-06
1.33556e-05
-1.49781e-06
1.36165e-05
-1.12265e-06
1.37907e-05
-7.10029e-07
1.38699e-05
-2.63711e-07
1.38473e-05
2.09727e-07
1.37184e-05
7.04032e-07
1.34794e-05
1.2154e-06
1.31273e-05
1.73838e-06
1.2661e-05
2.2663e-06
1.2081e-05
2.79182e-06
1.13893e-05
3.30773e-06
1.05901e-05
3.80676e-06
9.68908e-06
4.28151e-06
8.69338e-06
4.72486e-06
7.61183e-06
5.12952e-06
6.45415e-06
5.48883e-06
5.2313e-06
5.79616e-06
3.95538e-06
6.04554e-06
2.63927e-06
6.23237e-06
1.29668e-06
6.35093e-06
6.12517e-06
7.37326e-07
-5.02217e-06
1.7856e-06
-5.57634e-06
2.49549e-06
-4.5122e-06
3.22692e-06
-4.40167e-06
3.82477e-06
-4.07064e-06
4.54061e-06
-4.28405e-06
5.36126e-06
-4.52867e-06
6.24238e-06
-4.66253e-06
7.08017e-06
-4.5614e-06
7.8473e-06
-4.34813e-06
8.56505e-06
-4.1376e-06
9.24777e-06
-3.94665e-06
9.90428e-06
-3.76929e-06
1.05378e-05
-3.59295e-06
1.11461e-05
-3.40179e-06
1.17236e-05
-3.18198e-06
1.22616e-05
-2.92286e-06
1.27505e-05
-2.61785e-06
1.31801e-05
-2.26313e-06
1.35401e-05
-1.85785e-06
1.38208e-05
-1.40328e-06
1.40126e-05
-9.01874e-07
1.41069e-05
-3.58013e-07
1.40966e-05
2.1999e-07
1.39768e-05
8.2384e-07
1.37433e-05
1.44892e-06
1.33929e-05
2.08877e-06
1.29243e-05
2.7349e-06
1.23378e-05
3.37837e-06
1.16356e-05
4.00989e-06
1.08222e-05
4.62021e-06
9.90342e-06
5.20027e-06
8.88728e-06
5.741e-06
7.78265e-06
6.23415e-06
6.59987e-06
6.67163e-06
5.35031e-06
7.04577e-06
4.04632e-06
7.34955e-06
2.70113e-06
7.57755e-06
1.32821e-06
7.72388e-06
7.45341e-06
4.32284e-07
-5.45446e-06
1.75162e-06
-6.89568e-06
2.38611e-06
-5.14668e-06
3.05445e-06
-5.07001e-06
3.59543e-06
-4.61162e-06
4.35401e-06
-5.04265e-06
5.27031e-06
-5.445e-06
6.25778e-06
-5.65003e-06
7.14427e-06
-5.44791e-06
7.91788e-06
-5.12175e-06
8.63072e-06
-4.85046e-06
9.31181e-06
-4.62776e-06
9.97274e-06
-4.43023e-06
1.06179e-05
-4.23815e-06
1.12439e-05
-4.02779e-06
1.18431e-05
-3.7812e-06
1.24059e-05
-3.48569e-06
1.29211e-05
-3.13302e-06
1.33775e-05
-2.71958e-06
1.37638e-05
-2.24411e-06
1.4069e-05
-1.7085e-06
1.4283e-05
-1.11586e-06
1.43963e-05
-4.71378e-07
1.44014e-05
2.14872e-07
1.4293e-05
9.32241e-07
1.40667e-05
1.6753e-06
1.37189e-05
2.43653e-06
1.32481e-05
3.20577e-06
1.26545e-05
3.97191e-06
1.19407e-05
4.72373e-06
1.11109e-05
5.45e-06
1.01716e-05
6.13959e-06
9.13066e-06
6.78193e-06
7.99791e-06
7.36694e-06
6.78415e-06
7.88542e-06
5.50123e-06
8.32872e-06
4.16186e-06
8.68895e-06
2.77957e-06
8.95986e-06
1.36797e-06
9.13549e-06
8.82138e-06
1.4628e-07
-5.60074e-06
1.89365e-06
-8.64303e-06
2.25282e-06
-5.50584e-06
2.72563e-06
-5.54283e-06
3.24426e-06
-5.13027e-06
4.05983e-06
-5.85823e-06
5.12559e-06
-6.51079e-06
6.29114e-06
-6.8156e-06
7.23833e-06
-6.39511e-06
8.00607e-06
-5.88951e-06
8.70536e-06
-5.54976e-06
9.37975e-06
-5.30217e-06
1.00446e-05
-5.09508e-06
1.0704e-05
-4.89761e-06
1.13524e-05
-4.67616e-06
1.19793e-05
-4.40816e-06
1.2573e-05
-4.07931e-06
1.31206e-05
-3.68068e-06
1.36095e-05
-3.20849e-06
1.40274e-05
-2.66203e-06
1.43623e-05
-2.0434e-06
1.46031e-05
-1.35668e-06
1.47398e-05
-6.08061e-07
1.47638e-05
1.9085e-07
1.46694e-05
1.02667e-06
1.44516e-05
1.89307e-06
1.41069e-05
2.78124e-06
1.36336e-05
3.67908e-06
1.30319e-05
4.57355e-06
1.23044e-05
5.45124e-06
1.14555e-05
6.29893e-06
1.04918e-05
7.10332e-06
9.42179e-06
7.85194e-06
8.25563e-06
8.53313e-06
7.00475e-06
9.13634e-06
5.68172e-06
9.65176e-06
4.29985e-06
1.00708e-05
2.87315e-06
1.03866e-05
1.41537e-06
1.05933e-05
1.02367e-05
-9.31709e-07
-4.66902e-06
1.73808e-06
-1.13128e-05
2.08583e-06
-5.85359e-06
2.32202e-06
-5.77903e-06
2.83731e-06
-5.64558e-06
3.67579e-06
-6.69674e-06
4.92651e-06
-7.76153e-06
6.36507e-06
-8.25417e-06
7.3737e-06
-7.40374e-06
8.11022e-06
-6.62604e-06
8.78251e-06
-6.22207e-06
9.44531e-06
-5.96499e-06
1.01141e-05
-5.76389e-06
1.07919e-05
-5.57539e-06
1.14685e-05
-5.35281e-06
1.213e-05
-5.06964e-06
1.27616e-05
-4.71093e-06
1.33485e-05
-4.2676e-06
1.38765e-05
-3.73651e-06
1.43321e-05
-3.11761e-06
1.47022e-05
-2.41352e-06
1.4975e-05
-1.62948e-06
1.51395e-05
-7.72555e-07
1.51863e-05
1.441e-07
1.51087e-05
1.10427e-06
1.49013e-05
2.10045e-06
1.45605e-05
3.12204e-06
1.40843e-05
4.15521e-06
1.34733e-05
5.18461e-06
1.27298e-05
6.19468e-06
1.18588e-05
7.16995e-06
1.08669e-05
8.09524e-06
9.76306e-06
8.95587e-06
8.55783e-06
9.73838e-06
7.26351e-06
1.04307e-05
5.89339e-06
1.10219e-05
4.46155e-06
1.15027e-05
2.98264e-06
1.18655e-05
1.4708e-06
1.21051e-05
1.17075e-05
-5.31705e-07
-4.13731e-06
2.18524e-06
-1.40298e-05
2.5678e-06
-6.23616e-06
2.08957e-06
-5.30083e-06
2.32363e-06
-5.87966e-06
3.10363e-06
-7.47677e-06
4.6348e-06
-9.29273e-06
6.54187e-06
-1.01613e-05
7.5827e-06
-8.44458e-06
8.22982e-06
-7.27318e-06
8.85176e-06
-6.84403e-06
9.49763e-06
-6.61087e-06
1.01731e-05
-6.43932e-06
1.08753e-05
-6.2776e-06
1.15884e-05
-6.06594e-06
1.22929e-05
-5.77415e-06
1.29709e-05
-5.38894e-06
1.36051e-05
-4.90182e-06
1.41796e-05
-4.31099e-06
1.46796e-05
-3.61758e-06
1.5091e-05
-2.82491e-06
1.54009e-05
-1.93942e-06
1.5598e-05
-9.69578e-07
1.56715e-05
7.05812e-08
1.56138e-05
1.16199e-06
1.5419e-05
2.29524e-06
1.5083e-05
3.45808e-06
1.46039e-05
4.63429e-06
1.39822e-05
5.80633e-06
1.32206e-05
6.95628e-06
1.23241e-05
8.06647e-06
1.12998e-05
9.11951e-06
1.01571e-05
1.00986e-05
8.90704e-06
1.09884e-05
7.56266e-06
1.1775e-05
6.13811e-06
1.24465e-05
4.6484e-06
1.29924e-05
3.109e-06
1.34049e-05
1.53469e-06
1.36795e-05
1.32423e-05
4.05408e-05
6.55162e-05
9.02833e-05
4.34856e-05
5.43129e-05
6.27601e-05
8.26217e-05
6.19745e-05
6.20904e-05
5.94155e-05
7.29403e-05
7.17718e-05
6.74855e-05
5.61643e-05
6.44729e-05
7.59528e-05
7.20011e-05
5.30638e-05
5.83579e-05
7.81161e-05
7.59046e-05
5.01343e-05
5.39855e-05
8.0277e-05
7.92142e-05
4.74301e-05
5.05162e-05
8.26836e-05
8.21262e-05
4.50402e-05
4.75663e-05
8.5076e-05
8.46024e-05
4.28479e-05
4.49434e-05
8.72254e-05
8.6562e-05
4.25527e-05
8.89527e-05
4.05746e-05
9.07044e-05
3.88008e-05
9.2445e-05
3.84468e-05
9.28759e-05
4.49818e-05
0.000105001
5.00678e-05
0.000136273
4.41071e-05
0.000156828
3.41743e-05
0.000151167
2.70739e-05
0.000138663
2.30745e-05
0.000135237
2.07897e-05
0.000139139
1.99366e-05
0.000144252
1.97534e-05
0.000148025
1.89664e-05
0.000149693
1.64928e-05
0.000149298
1.21332e-05
0.000148187
6.54404e-06
0.00014812
1.71753e-07
0.000149496
-6.66359e-06
0.000151842
-1.37989e-05
0.000154597
-2.12307e-05
0.000157842
-2.89374e-05
0.00016165
-3.69214e-05
0.000165902
0.000170546
-1.73471e-05
6.08327e-05
-2.30992e-05
5.7521e-06
1.14452e-05
-3.45444e-05
-6.80077e-06
1.8246e-05
4.66643e-05
7.6143e-05
4.18756e-06
4.82288e-05
-9.5699e-06
-2.0787e-05
-1.01959e-05
-6.17476e-06
7.34558e-05
7.4459e-05
5.40846e-05
6.75999e-05
-8.08861e-06
4.13863e-05
-1.59486e-08
-1.82686e-05
8.35807e-05
6.68312e-05
8.26563e-05
6.85243e-05
6.14781e-05
6.25645e-05
4.40961e-05
1.7366e-05
8.56114e-05
5.93359e-05
9.20003e-05
6.21354e-05
9.10735e-05
6.34912e-05
5.96178e-05
7.55519e-05
8.58068e-05
5.38061e-05
9.2338e-05
5.56042e-05
9.83188e-05
5.75104e-05
5.91836e-05
9.87529e-05
8.66616e-05
4.98281e-05
9.13354e-05
5.09304e-05
9.70832e-05
5.17626e-05
5.33766e-05
0.00010289
8.82449e-05
4.66592e-05
9.16219e-05
4.75534e-05
9.55461e-05
4.78384e-05
4.82612e-05
0.000100661
9.00015e-05
4.38831e-05
9.28575e-05
4.46975e-05
9.57392e-05
4.49567e-05
4.48945e-05
9.91059e-05
9.15161e-05
4.13197e-05
9.42094e-05
4.20042e-05
9.68542e-05
4.23119e-05
4.23106e-05
9.94381e-05
9.29476e-05
3.90765e-05
9.546e-05
3.94918e-05
9.80747e-05
3.96971e-05
3.97826e-05
0.000100603
9.45472e-05
3.69743e-05
9.69595e-05
3.70796e-05
9.94714e-05
3.71852e-05
3.72723e-05
0.000101982
9.49249e-05
3.49252e-05
9.78115e-05
3.41929e-05
0.000100644
3.43526e-05
3.45484e-05
0.000103368
9.97511e-05
4.01752e-05
9.87867e-05
3.51573e-05
0.000100247
3.2892e-05
3.18226e-05
0.000102973
0.000127707
4.87406e-05
0.000117806
4.50589e-05
0.000110679
4.0019e-05
3.67215e-05
0.00010578
0.000157249
4.83199e-05
0.00015138
5.09274e-05
0.00014205
4.93494e-05
4.66254e-05
0.000132146
0.000161248
3.82394e-05
0.000169025
4.315e-05
0.00017208
4.62944e-05
4.89429e-05
0.000169763
0.000148028
2.88743e-05
0.000159503
3.16753e-05
0.000171365
3.44316e-05
3.82946e-05
0.000182014
0.000140084
2.40276e-05
0.000146627
2.51322e-05
0.000155562
2.54965e-05
2.65372e-05
0.000167319
0.000141811
2.1356e-05
0.000144565
2.23783e-05
0.00014778
2.22809e-05
2.155e-05
0.000152768
0.000146056
1.95524e-05
0.000147933
2.05016e-05
0.000149287
2.09268e-05
2.05986e-05
0.000150238
0.000149295
1.82822e-05
0.000151049
1.87477e-05
0.000152609
1.93672e-05
1.97749e-05
0.000153433
0.000151103
1.68721e-05
0.000152977
1.6874e-05
0.00015496
1.73845e-05
1.81082e-05
0.000156626
0.000151673
1.44979e-05
0.000154157
1.43893e-05
0.00015666
1.48817e-05
1.57527e-05
0.000159016
0.000151842
1.08426e-05
0.00015525
1.09816e-05
0.000158454
1.16777e-05
1.27838e-05
0.000161423
0.00015278
6.18169e-06
0.000157021
6.74126e-06
0.000160911
7.78749e-06
9.23411e-06
0.000164461
0.000154877
8.0021e-07
0.000159759
1.85979e-06
0.000164204
3.34225e-06
5.193e-06
0.000168245
0.0001577
-5.05814e-06
0.000163066
-3.5059e-06
0.000167988
-1.57995e-06
6.89525e-07
0.000172492
0.000160835
-1.12966e-05
0.000166641
-9.31175e-06
0.000172046
-6.98487e-06
-4.32362e-06
0.000177059
0.000164457
-1.79117e-05
0.000170702
-1.55566e-05
0.000176588
-1.28717e-05
-9.85246e-06
0.000182117
0.000168622
-2.48839e-05
0.000175298
-2.22326e-05
0.000181673
-1.92464e-05
-1.59086e-05
0.000187729
0.000173258
-3.22398e-05
0.000180392
-2.93664e-05
0.000187293
-2.61478e-05
-2.25413e-05
0.000193926
0.000178292
0.000185909
0.000193387
0.000200664
4.88733e-06
9.22129e-06
1.79303e-06
-1.09355e-05
2.97684e-06
-7.42e-06
1.67517e-06
-3.99919e-06
1.25932e-06
-5.46383e-06
1.84906e-06
-8.06654e-06
4.07645e-06
-1.15201e-05
7.07755e-06
-1.31624e-05
8.11698e-06
-9.48402e-06
8.54355e-06
-7.69976e-06
9.06128e-06
-7.36177e-06
9.68947e-06
-7.23909e-06
1.03916e-05
-7.1415e-06
1.11432e-05
-7.02919e-06
1.19181e-05
-6.84077e-06
1.26903e-05
-6.54639e-06
1.34382e-05
-6.13686e-06
1.41418e-05
-5.60545e-06
1.4783e-05
-4.95213e-06
1.53454e-05
-4.17992e-06
1.58136e-05
-3.29313e-06
1.61736e-05
-2.29941e-06
1.64126e-05
-1.20861e-06
1.65193e-05
-3.60969e-08
1.64844e-05
1.19687e-06
1.63014e-05
2.47821e-06
1.59657e-05
3.79379e-06
1.5475e-05
5.12501e-06
1.48298e-05
6.45152e-06
1.40333e-05
7.75279e-06
1.30909e-05
9.00884e-06
1.20105e-05
1.02e-05
1.08017e-05
1.13074e-05
9.4767e-06
1.23134e-05
8.04951e-06
1.32022e-05
6.53548e-06
1.39605e-05
4.95097e-06
1.45769e-05
3.31294e-06
1.5043e-05
1.637e-06
1.53554e-05
1.48793e-05
-6.20283e-06
9.24933e-06
-3.81464e-06
-1.33237e-05
1.29909e-06
-1.25337e-05
2.38544e-08
-2.72397e-06
-1.2869e-06
-4.1531e-06
-9.3865e-07
-8.41481e-06
2.57617e-06
-1.5035e-05
7.59832e-06
-1.81845e-05
8.78483e-06
-1.06705e-05
8.86721e-06
-7.78215e-06
9.16652e-06
-7.66109e-06
9.74468e-06
-7.81727e-06
1.04813e-05
-7.87808e-06
1.12968e-05
-7.8447e-06
1.2146e-05
-7.68999e-06
1.29961e-05
-7.39653e-06
1.3822e-05
-6.96275e-06
1.46023e-05
-6.38576e-06
1.53169e-05
-5.66672e-06
1.59482e-05
-4.81117e-06
1.64793e-05
-3.82424e-06
1.6895e-05
-2.71513e-06
1.71817e-05
-1.49532e-06
1.7327e-05
-1.81359e-07
1.73199e-05
1.20395e-06
1.71536e-05
2.64454e-06
1.68226e-05
4.12481e-06
1.63243e-05
5.62332e-06
1.56592e-05
7.11659e-06
1.48308e-05
8.58127e-06
1.3845e-05
9.99461e-06
1.27104e-05
1.13346e-05
1.14377e-05
1.25801e-05
1.00398e-05
1.37113e-05
8.53154e-06
1.47105e-05
6.92951e-06
1.55625e-05
5.25139e-06
1.6255e-05
3.51553e-06
1.67788e-05
1.73886e-06
1.71321e-05
1.66181e-05
-1.41998e-05
5.18049e-06
-9.91392e-06
-1.76096e-05
-3.23679e-06
-1.92109e-05
-3.54225e-06
-2.41853e-06
-5.15332e-06
-2.54205e-06
-4.32887e-06
-9.23927e-06
1.43306e-07
-1.95071e-05
6.73316e-06
-2.47744e-05
8.87306e-06
-1.28104e-05
9.02897e-06
-7.93808e-06
9.1755e-06
-7.80764e-06
9.713e-06
-8.35478e-06
1.05066e-05
-8.67171e-06
1.14153e-05
-8.75335e-06
1.23644e-05
-8.63919e-06
1.33134e-05
-8.34549e-06
1.4234e-05
-7.88332e-06
1.51051e-05
-7.25688e-06
1.59059e-05
-6.46749e-06
1.66174e-05
-5.52267e-06
1.72222e-05
-4.42901e-06
1.77032e-05
-3.19616e-06
1.80457e-05
-1.83777e-06
1.8236e-05
-3.71648e-07
1.82619e-05
1.178e-06
1.81156e-05
2.79086e-06
1.77911e-05
4.44933e-06
1.72853e-05
6.12912e-06
1.65984e-05
7.80345e-06
1.57342e-05
9.44548e-06
1.46995e-05
1.10294e-05
1.35036e-05
1.25305e-05
1.21584e-05
1.39253e-05
1.06779e-05
1.51919e-05
9.07792e-06
1.63105e-05
7.37629e-06
1.72641e-05
5.59212e-06
1.80392e-05
3.74531e-06
1.86256e-05
1.85431e-06
1.90231e-05
1.84724e-05
1.07653e-06
2.147e-05
-7.77505e-06
-8.75803e-06
-8.82048e-06
-1.81655e-05
-6.41454e-06
-4.82448e-06
-7.24814e-06
-1.70845e-06
-4.9134e-06
-1.1574e-05
-2.00017e-06
-2.24204e-05
3.29319e-06
-3.00677e-05
7.07879e-06
-1.65961e-05
8.28731e-06
-9.14662e-06
8.8685e-06
-8.38885e-06
9.55385e-06
-9.04014e-06
1.04591e-05
-9.57695e-06
1.14928e-05
-9.78709e-06
1.25687e-05
-9.71511e-06
1.36403e-05
-9.41711e-06
1.46756e-05
-8.91854e-06
1.56537e-05
-8.235e-06
1.65549e-05
-7.36871e-06
1.73595e-05
-6.32732e-06
1.80495e-05
-5.11895e-06
1.86065e-05
-3.7532e-06
1.90141e-05
-2.24537e-06
1.92568e-05
-6.1436e-07
1.93219e-05
1.11289e-06
1.91996e-05
2.91321e-06
1.88834e-05
4.7655e-06
1.83701e-05
6.64246e-06
1.76595e-05
8.51401e-06
1.67555e-05
1.03495e-05
1.56656e-05
1.21193e-05
1.44003e-05
1.37957e-05
1.2973e-05
1.53526e-05
1.13989e-05
1.6766e-05
9.69523e-06
1.80141e-05
7.88116e-06
1.90782e-05
5.97721e-06
1.99431e-05
4.00501e-06
2.05978e-05
1.98474e-06
2.10433e-05
2.04572e-05
4.41567e-05
5.28652e-05
4.88819e-06
3.05105e-05
-5.37718e-06
-7.90009e-06
-6.02619e-06
-4.17547e-06
-5.52532e-06
-2.20933e-06
-3.20109e-06
-1.38983e-05
-1.94704e-06
-2.36744e-05
-1.12109e-06
-3.08937e-05
3.01118e-06
-2.07284e-05
5.97381e-06
-1.21093e-05
7.97088e-06
-1.0386e-05
9.19865e-06
-1.02679e-05
1.03509e-05
-1.07292e-05
1.15496e-05
-1.09858e-05
1.27677e-05
-1.09332e-05
1.39781e-05
-1.06275e-05
1.51482e-05
-1.00886e-05
1.62519e-05
-9.33873e-06
1.72698e-05
-8.38662e-06
1.81817e-05
-7.23927e-06
1.89696e-05
-5.90686e-06
1.96145e-05
-4.39804e-06
2.00977e-05
-2.72857e-06
2.04022e-05
-9.18852e-07
2.05132e-05
1.00191e-06
2.04193e-05
3.00703e-06
2.01137e-05
5.0711e-06
1.95927e-05
7.16351e-06
1.88561e-05
9.2506e-06
1.79078e-05
1.12978e-05
1.6756e-05
1.32712e-05
1.54124e-05
1.51393e-05
1.3892e-05
1.6873e-05
1.22119e-05
1.84461e-05
1.03911e-05
1.98349e-05
8.45014e-06
2.10191e-05
6.41122e-06
2.1982e-05
4.29771e-06
2.27113e-05
2.13167e-06
2.32094e-05
2.25889e-05
8.8045e-05
6.35731e-05
6.35124e-05
5.50431e-05
1.90291e-05
3.65832e-05
2.77519e-06
1.20784e-05
-3.21828e-06
3.78413e-06
-2.58901e-06
-1.45275e-05
-1.20029e-06
-2.50632e-05
-4.50208e-06
-2.75919e-05
-2.40286e-06
-2.28276e-05
2.46777e-06
-1.69799e-05
6.33499e-06
-1.42532e-05
8.43752e-06
-1.23705e-05
1.01249e-05
-1.24166e-05
1.16048e-05
-1.24658e-05
1.29908e-05
-1.23192e-05
1.43415e-05
-1.19781e-05
1.56564e-05
-1.14036e-05
1.6903e-05
-1.05853e-05
1.8056e-05
-9.53963e-06
1.90921e-05
-8.27543e-06
1.99925e-05
-6.80726e-06
2.07382e-05
-5.14376e-06
2.13087e-05
-3.29899e-06
2.16852e-05
-1.29542e-06
2.18503e-05
8.36866e-07
2.17907e-05
3.06667e-06
2.14983e-05
5.36348e-06
2.09694e-05
7.69242e-06
2.0204e-05
1.0016e-05
1.92062e-05
1.22955e-05
1.79849e-05
1.44926e-05
1.65531e-05
1.65711e-05
1.49275e-05
1.84986e-05
1.31275e-05
2.02461e-05
1.11742e-05
2.17883e-05
9.09009e-06
2.31032e-05
6.89922e-06
2.41729e-05
4.62685e-06
2.49836e-05
2.29682e-06
2.55394e-05
2.48857e-05
0.000105078
6.13855e-05
9.91399e-05
6.09811e-05
8.00967e-05
5.56263e-05
4.86665e-05
4.35086e-05
2.59087e-05
2.6542e-05
1.27e-05
-1.31886e-06
-7.46866e-07
-1.16163e-05
-6.11758e-06
-2.22213e-05
-7.60182e-06
-2.13434e-05
-1.42757e-06
-2.31542e-05
3.93012e-06
-1.96109e-05
6.90345e-06
-1.53438e-05
9.51344e-06
-1.50266e-05
1.15403e-05
-1.44927e-05
1.32222e-05
-1.40011e-05
1.47522e-05
-1.3508e-05
1.62182e-05
-1.28696e-05
1.76149e-05
-1.19821e-05
1.89173e-05
-1.08421e-05
2.00968e-05
-9.45491e-06
2.11277e-05
-7.83819e-06
2.19899e-05
-6.00596e-06
2.26615e-05
-3.9706e-06
2.31215e-05
-1.7554e-06
2.335e-05
6.08383e-07
2.33314e-05
3.08531e-06
2.30557e-05
5.63912e-06
2.2519e-05
8.22922e-06
2.17214e-05
1.08135e-05
2.06681e-05
1.33489e-05
1.93686e-05
1.57921e-05
1.78373e-05
1.81023e-05
1.6093e-05
2.02429e-05
1.41574e-05
2.21817e-05
1.20544e-05
2.38913e-05
9.80885e-06
2.53486e-05
7.44698e-06
2.65347e-05
4.99619e-06
2.74345e-05
2.48209e-06
2.80536e-05
2.73678e-05
0.000106732
5.53149e-05
0.000110519
5.71943e-05
0.000108003
5.81424e-05
9.60371e-05
5.54744e-05
7.40042e-05
4.8575e-05
3.89576e-05
3.37278e-05
1.45613e-05
1.27799e-05
-7.42643e-07
-6.91734e-06
-8.99056e-06
-1.30955e-05
-3.97303e-06
-2.81717e-05
1.32773e-06
-2.49116e-05
4.60208e-06
-1.86181e-05
8.23986e-06
-1.86644e-05
1.10341e-05
-1.72869e-05
1.32466e-05
-1.62135e-05
1.51361e-05
-1.53976e-05
1.68355e-05
-1.4569e-05
1.84056e-05
-1.35521e-05
1.98642e-05
-1.23006e-05
2.12007e-05
-1.07914e-05
2.23825e-05
-9.02003e-06
2.33814e-05
-7.00481e-06
2.41714e-05
-4.76066e-06
2.47288e-05
-2.31274e-06
2.50315e-05
3.05673e-07
2.50618e-05
3.05501e-06
2.48074e-05
5.89361e-06
2.4263e-05
8.77358e-06
2.34297e-05
1.16469e-05
2.23135e-05
1.44651e-05
2.09255e-05
1.718e-05
1.9282e-05
1.97459e-05
1.74037e-05
2.21213e-05
1.5315e-05
2.42704e-05
1.30428e-05
2.61635e-05
1.06152e-05
2.77762e-05
8.06099e-06
2.9089e-05
5.40995e-06
3.00855e-05
2.6896e-06
3.07739e-05
3.00573e-05
0.000104061
5.03597e-05
0.000109821
5.14348e-05
0.000114651
5.33123e-05
0.000115198
5.49267e-05
0.00010899
5.47831e-05
9.18927e-05
5.08253e-05
6.31996e-05
4.14731e-05
3.00149e-05
2.62673e-05
1.38777e-05
3.04172e-06
3.1401e-07
-1.4608e-05
-5.60049e-07
-2.40376e-05
2.07957e-06
-2.12577e-05
6.64181e-06
-2.32266e-05
1.0078e-05
-2.07231e-05
1.27572e-05
-1.88928e-05
1.51989e-05
-1.78393e-05
1.73672e-05
-1.67373e-05
1.92468e-05
-1.54317e-05
2.09095e-05
-1.39633e-05
2.24169e-05
-1.22989e-05
2.37664e-05
-1.03695e-05
2.49239e-05
-8.16226e-06
2.58544e-05
-5.6911e-06
2.65269e-05
-2.98526e-06
2.6917e-05
-8.4438e-08
2.70055e-05
2.96659e-06
2.67775e-05
6.12159e-06
2.62264e-05
9.32471e-06
2.53532e-05
1.25201e-05
2.41657e-05
1.56526e-05
2.26773e-05
1.86684e-05
2.09065e-05
2.15167e-05
1.88766e-05
2.41511e-05
1.6615e-05
2.6532e-05
1.41519e-05
2.86265e-05
1.15191e-05
3.04091e-05
8.74851e-06
3.18595e-05
5.87289e-06
3.29611e-05
2.92172e-06
3.37251e-05
3.2979e-05
0.000102737
4.70606e-05
0.000107043
4.71292e-05
0.000112419
4.79358e-05
0.000117701
4.96453e-05
0.000120759
5.1725e-05
0.000118446
5.31383e-05
0.000108138
5.17811e-05
8.81009e-05
4.63041e-05
5.68759e-05
3.42667e-05
2.62376e-05
1.60302e-05
1.07793e-05
-8.5793e-06
2.03993e-06
-1.25183e-05
5.99907e-06
-2.71858e-05
9.40155e-06
-2.41256e-05
1.20164e-05
-2.15076e-05
1.47376e-05
-2.05604e-05
1.74962e-05
-1.94959e-05
1.99368e-05
-1.78724e-05
2.19911e-05
-1.60175e-05
2.37504e-05
-1.40581e-05
2.52971e-05
-1.19163e-05
2.66343e-05
-9.49948e-06
2.77281e-05
-6.78487e-06
2.85378e-05
-3.79494e-06
2.90321e-05
-5.78639e-07
2.91895e-05
2.80911e-06
2.89942e-05
6.31691e-06
2.84374e-05
9.88153e-06
2.752e-05
1.34375e-05
2.62515e-05
1.69211e-05
2.46484e-05
2.02715e-05
2.27327e-05
2.34324e-05
2.0531e-05
2.63529e-05
1.80739e-05
2.8989e-05
1.53955e-05
3.13049e-05
1.25314e-05
3.32732e-05
9.51765e-06
3.48733e-05
6.39028e-06
3.60885e-05
3.18113e-06
3.69342e-05
3.61602e-05
0.000103324
4.43393e-05
0.00010629
4.41627e-05
0.000110019
4.42073e-05
0.000114826
4.48379e-05
0.000120187
4.63644e-05
0.000124668
4.86573e-05
0.000125571
5.08781e-05
0.000120229
5.16462e-05
0.000105437
4.90584e-05
8.02525e-05
4.12149e-05
4.47539e-05
2.69194e-05
2.63705e-05
5.86507e-06
1.30594e-05
-1.38747e-05
1.0066e-05
-2.11321e-05
1.18565e-05
-2.3298e-05
1.43609e-05
-2.30649e-05
1.72968e-05
-2.24317e-05
2.02221e-05
-2.07977e-05
2.2874e-05
-1.86694e-05
2.51113e-05
-1.62954e-05
2.69726e-05
-1.37776e-05
2.85363e-05
-1.10631e-05
2.98181e-05
-8.06673e-06
3.07873e-05
-4.76413e-06
3.14053e-05
-1.19655e-06
3.16456e-05
2.56882e-06
3.14902e-05
6.47226e-06
3.0929e-05
1.04428e-05
2.99623e-05
1.44042e-05
2.86017e-05
1.82817e-05
2.68673e-05
2.20059e-05
2.47859e-05
2.55138e-05
2.23885e-05
2.87502e-05
1.97101e-05
3.16674e-05
1.67887e-05
3.42263e-05
1.36643e-05
3.63975e-05
1.03773e-05
3.81602e-05
6.96795e-06
3.94979e-05
3.47082e-06
4.04313e-05
3.9631e-05
0.000104713
4.16078e-05
0.000107326
4.155e-05
0.000110004
4.1529e-05
0.000113211
4.16314e-05
0.000117371
4.2204e-05
0.000122444
4.3585e-05
0.000127468
4.58533e-05
0.000130498
4.86167e-05
0.000128754
5.08026e-05
0.000119611
5.03576e-05
0.000100852
4.56778e-05
7.19615e-05
3.4756e-05
4.02312e-05
1.78555e-05
2.55645e-05
-6.46542e-06
1.29743e-05
-1.07078e-05
1.5677e-05
-2.57676e-05
1.79671e-05
-2.47219e-05
2.053e-05
-2.33606e-05
2.34076e-05
-2.1547e-05
2.62611e-05
-1.91489e-05
2.86884e-05
-1.62049e-05
3.06283e-05
-1.3003e-05
3.21568e-05
-9.59516e-06
3.33113e-05
-5.91859e-06
3.40726e-05
-1.9579e-06
3.44111e-05
2.23038e-06
3.43042e-05
6.57916e-06
3.37394e-05
1.10076e-05
3.27174e-05
1.54262e-05
3.12516e-05
1.97476e-05
2.93664e-05
2.3891e-05
2.70946e-05
2.77856e-05
2.44736e-05
3.13713e-05
2.15438e-05
3.45973e-05
1.83478e-05
3.74222e-05
1.49306e-05
3.98148e-05
1.13372e-05
4.17536e-05
7.61222e-06
4.32228e-05
3.79395e-06
4.42496e-05
4.34249e-05
0.000106353
3.86226e-05
0.000109088
3.88153e-05
0.000111596
3.90209e-05
0.000114045
3.91827e-05
0.000116792
3.94564e-05
0.000120299
4.00783e-05
0.000124834
4.13179e-05
0.000129934
4.35172e-05
0.000134224
4.65129e-05
0.000135113
4.94684e-05
0.000129958
5.0833e-05
0.000116069
4.86445e-05
9.28944e-05
4.10302e-05
5.915e-05
2.7279e-05
4.12909e-05
7.15136e-06
2.45203e-05
-8.99707e-06
2.17258e-05
-2.19274e-05
2.24947e-05
-2.41295e-05
2.43341e-05
-2.33864e-05
2.71956e-05
-2.20104e-05
3.02344e-05
-1.92438e-05
3.28061e-05
-1.55747e-05
3.47482e-05
-1.15373e-05
3.61497e-05
-7.32e-06
3.70776e-05
-2.88581e-06
3.75295e-05
1.77845e-06
3.74811e-05
6.62761e-06
3.69141e-05
1.15746e-05
3.58288e-05
1.65115e-05
3.42417e-05
2.13347e-05
3.21827e-05
2.595e-05
2.96916e-05
3.02767e-05
2.6814e-05
3.42489e-05
2.35975e-05
3.78138e-05
2.00909e-05
4.09288e-05
1.63442e-05
4.35616e-05
1.24073e-05
4.56904e-05
8.32984e-06
4.73003e-05
4.15392e-06
4.84255e-05
4.75788e-05
0.000106626
3.49702e-05
0.000110037
3.54036e-05
0.000113213
3.58455e-05
0.000116012
3.6383e-05
0.000118416
3.70529e-05
0.00012081
3.76845e-05
0.000123732
3.83955e-05
0.000127625
3.96242e-05
0.000132462
4.1676e-05
0.000137237
4.46936e-05
0.000139877
4.81929e-05
0.000137707
5.08145e-05
0.000128275
5.04622e-05
0.000110127
4.54269e-05
8.2878e-05
3.44003e-05
5.60529e-05
1.78281e-05
4.1193e-05
-7.06747e-06
2.77191e-05
-1.06557e-05
2.78073e-05
-2.34745e-05
2.90294e-05
-2.32325e-05
3.17879e-05
-2.20022e-05
3.49079e-05
-1.86946e-05
3.74959e-05
-1.41254e-05
3.93154e-05
-9.13946e-06
4.04711e-05
-4.04148e-06
4.10543e-05
1.19522e-06
4.10738e-05
6.6082e-06
4.05058e-05
1.21426e-05
3.93474e-05
1.767e-05
3.76191e-05
2.3063e-05
3.53581e-05
2.8211e-05
3.26132e-05
3.30216e-05
2.94401e-05
3.7422e-05
2.5896e-05
4.13579e-05
2.20373e-05
4.47876e-05
1.79196e-05
4.76793e-05
1.35984e-05
5.00117e-05
9.12776e-06
5.17709e-05
4.55414e-06
5.29992e-05
5.2133e-05
0.00010605
3.46999e-05
0.000108373
3.30806e-05
0.000112185
3.20343e-05
0.0001162
3.23673e-05
0.000119695
3.3558e-05
0.000122643
3.47366e-05
0.000125121
3.59174e-05
0.000127651
3.70943e-05
0.00013094
3.83868e-05
0.000135286
4.03484e-05
0.000140123
4.33553e-05
0.000143804
4.71338e-05
0.000143696
5.05702e-05
0.000137444
5.1679e-05
0.000123262
4.85823e-05
0.000101227
3.98627e-05
6.8355e-05
2.58046e-05
5.44573e-05
3.24193e-06
3.68978e-05
-5.91497e-06
3.44272e-05
-2.0762e-05
3.48616e-05
-2.24366e-05
3.72902e-05
-2.11232e-05
4.02936e-05
-1.71287e-05
4.27255e-05
-1.15714e-05
4.42755e-05
-5.59153e-06
4.50482e-05
4.22587e-07
4.51476e-05
6.5088e-06
4.45775e-05
1.27128e-05
4.33331e-05
1.89144e-05
4.14383e-05
2.49578e-05
3.89404e-05
3.07089e-05
3.59001e-05
3.60618e-05
3.23856e-05
4.09365e-05
2.84659e-05
4.52776e-05
2.42072e-05
4.90463e-05
1.9672e-05
5.22144e-05
1.4921e-05
5.47627e-05
1.00129e-05
5.6679e-05
4.99799e-06
5.80141e-05
5.7131e-05
0.000121462
4.53835e-05
0.000115017
3.95262e-05
0.000112208
3.48428e-05
0.000114141
3.04341e-05
0.000117618
3.00815e-05
0.000122031
3.03238e-05
0.00012588
3.20683e-05
0.000129048
3.39258e-05
0.000131794
3.56407e-05
0.000134727
3.74155e-05
0.000138549
3.95333e-05
0.00014315
4.25334e-05
0.000147202
4.65176e-05
0.000148362
5.05198e-05
0.000144258
5.26855e-05
0.000133167
5.09542e-05
0.000115037
4.39343e-05
8.67367e-05
3.15423e-05
6.85481e-05
1.22736e-05
4.88926e-05
-1.10649e-06
4.27824e-05
-1.63264e-05
4.1788e-05
-2.01289e-05
4.36373e-05
-1.89779e-05
4.63129e-05
-1.4247e-05
4.84194e-05
-7.69806e-06
4.95438e-05
-7.01799e-07
4.97785e-05
6.27411e-06
4.92066e-05
1.32847e-05
4.78572e-05
2.02637e-05
4.5763e-05
2.7052e-05
4.29841e-05
3.34879e-05
3.95973e-05
3.94486e-05
3.56864e-05
4.48473e-05
3.13353e-05
4.96287e-05
2.66216e-05
5.376e-05
2.16163e-05
5.72196e-05
1.63854e-05
5.99936e-05
1.09919e-05
6.20725e-05
5.48859e-06
6.35173e-05
6.26196e-05
0.000160616
5.45305e-05
0.000148246
5.18957e-05
0.000135658
4.74309e-05
0.00012566
4.04326e-05
0.000119967
3.57749e-05
0.000120312
2.99787e-05
0.000123047
2.93329e-05
0.000127572
2.94009e-05
0.000131907
3.13055e-05
0.000135463
3.38594e-05
0.000138678
3.63182e-05
0.000142222
3.89895e-05
0.000146442
4.22981e-05
0.000150473
4.64889e-05
0.000152244
5.09142e-05
0.000149419
5.37793e-05
0.000140393
5.29597e-05
0.000124826
4.71102e-05
0.000101207
3.58917e-05
8.12013e-05
1.88996e-05
6.10436e-05
3.83131e-06
5.19427e-05
-1.10279e-05
4.95118e-05
-1.65471e-05
5.06303e-05
-1.53655e-05
5.28603e-05
-9.92806e-06
5.44905e-05
-2.33202e-06
5.50186e-05
5.74604e-06
5.44842e-05
1.38191e-05
5.30066e-05
2.17413e-05
5.06678e-05
2.93908e-05
4.75508e-05
3.6605e-05
4.37538e-05
4.32456e-05
3.93806e-05
4.92205e-05
3.45325e-05
5.44769e-05
2.93011e-05
5.89914e-05
2.37668e-05
6.27539e-05
1.80011e-05
6.57593e-05
1.20702e-05
6.80034e-05
6.02847e-06
6.9559e-05
6.8648e-05
0.000188629
4.79155e-05
0.000187558
5.29663e-05
0.000178809
5.61798e-05
0.000164627
5.46144e-05
0.000149542
5.08599e-05
0.000136052
4.34691e-05
0.000128506
3.68793e-05
0.000126157
3.17496e-05
0.000128533
2.8929e-05
0.000133228
2.91653e-05
0.000138143
3.14024e-05
0.000142218
3.49149e-05
0.000146014
3.85021e-05
0.000150017
4.24858e-05
0.00015381
4.71208e-05
0.00015569
5.19001e-05
0.000153449
5.52002e-05
0.000145664
5.48953e-05
0.000131899
4.96568e-05
0.000111512
3.92868e-05
9.1771e-05
2.35721e-05
7.18966e-05
8.84662e-06
6.12723e-05
-5.92285e-06
5.76172e-05
-1.17104e-05
5.81316e-05
-1.04424e-05
5.98781e-05
-4.07857e-06
6.08553e-05
4.76891e-06
6.04904e-05
1.41839e-05
5.88856e-05
2.33461e-05
5.62424e-05
3.2034e-05
5.27108e-05
4.01366e-05
4.84226e-05
4.75338e-05
4.3507e-05
5.41361e-05
3.80851e-05
5.98988e-05
3.22644e-05
6.48122e-05
2.61355e-05
6.88828e-05
1.97754e-05
7.21195e-05
1.32521e-05
7.45267e-05
6.61936e-06
7.61918e-05
7.52674e-05
0.000181635
3.35999e-05
0.000193581
4.10207e-05
0.000199844
4.99166e-05
0.000197875
5.65834e-05
0.000188584
6.01506e-05
0.000173747
5.8306e-05
0.000157346
5.32809e-05
0.000143388
4.57073e-05
0.000134537
3.778e-05
0.000131265
3.24376e-05
0.000133959
2.87083e-05
0.000139414
2.94593e-05
0.000145012
3.29044e-05
0.000149585
3.79129e-05
0.000153727
4.29786e-05
0.000157267
4.83598e-05
0.000158925
5.35425e-05
0.000156752
5.70686e-05
0.00014951
5.68988e-05
0.000136957
5.18393e-05
0.000118534
4.19958e-05
0.000100211
2.71696e-05
8.13253e-05
1.29626e-05
7.02779e-05
-6.62852e-07
6.60477e-05
-6.21227e-06
6.62093e-05
-4.24016e-06
6.73149e-05
3.66331e-06
6.72552e-05
1.42437e-05
6.55928e-05
2.50086e-05
6.25903e-05
3.50366e-05
5.85437e-05
4.41831e-05
5.36598e-05
5.24177e-05
4.81032e-05
5.96927e-05
4.20175e-05
6.59844e-05
3.55265e-05
7.13032e-05
2.8731e-05
7.56783e-05
2.17126e-05
7.9138e-05
1.45395e-05
8.16998e-05
7.26182e-06
8.34694e-05
8.25292e-05
0.000161934
2.44336e-05
0.000174565
2.83894e-05
0.000187982
3.65003e-05
0.000197974
4.65911e-05
0.000202212
5.59123e-05
0.000199123
6.13957e-05
0.000189668
6.27356e-05
0.000175724
5.96517e-05
0.000160038
5.34652e-05
0.000146819
4.56565e-05
0.000138166
3.73613e-05
0.000135705
3.19209e-05
0.00013993
2.86788e-05
0.000146842
3.10018e-05
0.00015287
3.69498e-05
0.000157433
4.37976e-05
0.000160814
5.01606e-05
0.000162008
5.58748e-05
0.000159488
5.94188e-05
0.000152332
5.89956e-05
0.000140637
5.36903e-05
0.000123701
4.4106e-05
0.000106585
3.00788e-05
8.93996e-05
1.65222e-05
7.89697e-05
4.21765e-06
7.50339e-05
-3.04381e-07
7.48746e-05
3.82258e-06
7.48471e-05
1.42712e-05
7.31953e-05
2.66603e-05
6.98143e-05
3.84176e-05
6.51362e-05
4.88613e-05
5.9522e-05
5.80319e-05
5.32026e-05
6.60121e-05
4.63479e-05
7.28391e-05
3.90957e-05
7.85554e-05
3.15558e-05
8.32181e-05
2.38122e-05
8.68815e-05
1.59306e-05
8.95814e-05
7.95469e-06
9.14453e-05
9.04838e-05
0.00015228
2.23921e-05
0.000157455
2.32142e-05
0.000166699
2.72566e-05
0.000178445
3.48451e-05
0.0001898
4.45569e-05
0.000197447
5.37488e-05
0.000199759
6.04235e-05
0.000196075
6.33361e-05
0.00018691
6.26305e-05
0.000173839
5.87272e-05
0.000159112
5.20886e-05
0.00014718
4.38521e-05
0.000140298
3.5561e-05
0.000140681
3.06193e-05
0.000148087
2.95432e-05
0.000155942
3.59428e-05
0.000161253
4.48494e-05
0.000164379
5.27492e-05
0.000164871
5.89263e-05
0.000161694
6.2173e-05
0.000154341
6.1043e-05
0.000143312
5.51357e-05
0.000127791
4.55991e-05
0.00011176
3.25535e-05
9.68508e-05
1.9127e-05
8.80892e-05
8.45724e-06
8.46918e-05
7.21996e-06
8.36358e-05
1.53272e-05
8.17731e-05
2.85231e-05
7.79881e-05
4.22026e-05
7.25676e-05
5.42818e-05
6.60622e-05
6.45373e-05
5.88304e-05
7.32439e-05
5.10837e-05
8.05859e-05
4.29702e-05
8.66688e-05
3.46038e-05
9.15846e-05
2.6067e-05
9.54183e-05
1.74195e-05
9.8229e-05
8.69448e-06
0.00010017
9.91784e-05
0.000153491
2.23342e-05
0.000153801
2.29037e-05
0.00015628
2.47779e-05
0.000162228
2.8897e-05
0.000171295
3.54895e-05
0.00018145
4.35936e-05
0.000190278
5.15961e-05
0.000195603
5.80108e-05
0.000196221
6.20123e-05
0.000191768
6.31808e-05
0.000182433
6.14233e-05
0.000169484
5.68013e-05
0.000155669
4.93756e-05
0.000146211
4.00779e-05
0.000143305
3.24493e-05
0.000149401
2.9846e-05
0.000159137
3.51138e-05
0.000165284
4.66023e-05
0.000167873
5.63376e-05
0.000167375
6.26709e-05
0.000163295
6.51227e-05
0.000155611
6.282e-05
0.000145151
5.60586e-05
0.000131379
4.63255e-05
0.000116368
3.41386e-05
0.000104111
2.07141e-05
9.71358e-05
1.41949e-05
9.40905e-05
1.83725e-05
9.15058e-05
3.11078e-05
8.71668e-05
4.65416e-05
8.0886e-05
6.05627e-05
7.33133e-05
7.211e-05
6.49948e-05
8.15625e-05
5.62157e-05
8.9365e-05
4.71333e-05
9.57512e-05
3.78565e-05
0.000100861
2.84606e-05
0.000104814
1.89938e-05
0.000107696
9.47481e-06
0.000109689
0.000108653
0.000157669
2.12914e-05
0.000157859
2.27138e-05
0.000157942
2.4695e-05
0.000159219
2.76198e-05
0.000162862
3.18464e-05
0.000169069
3.73873e-05
0.0001769
4.37648e-05
0.000184724
5.01862e-05
0.000190884
5.58531e-05
0.000193919
6.01452e-05
0.000192764
6.25784e-05
0.000186943
6.2623e-05
0.000176542
5.97762e-05
0.000163023
5.35964e-05
0.000151289
4.41838e-05
0.00014687
3.42651e-05
0.000151988
2.99957e-05
0.000163142
3.54482e-05
0.000169575
4.99049e-05
0.000171132
6.11133e-05
0.000169309
6.69457e-05
0.000164188
6.79415e-05
0.000156174
6.40727e-05
0.000146081
5.64179e-05
0.000133919
4.63009e-05
0.000120476
3.41574e-05
0.000110865
2.38057e-05
0.000105772
2.34653e-05
0.000102364
3.45157e-05
9.73728e-05
5.15329e-05
9.00987e-05
6.78368e-05
8.12726e-05
8.09361e-05
7.16756e-05
9.11595e-05
6.17104e-05
9.93303e-05
5.15474e-05
0.000105914
4.12793e-05
0.000111129
3.09647e-05
0.000115129
2.06336e-05
0.000118027
1.02855e-05
0.000120037
0.000118939
0.000161218
1.90895e-05
0.00016277
2.11619e-05
0.000163692
2.37729e-05
0.000164363
2.69488e-05
0.000165507
3.07024e-05
0.000167865
3.50291e-05
0.000171786
3.98435e-05
0.000177034
4.49387e-05
0.000182863
5.00238e-05
0.000188216
5.47925e-05
0.000191892
5.89018e-05
0.000192601
6.1914e-05
0.00018918
6.31979e-05
0.000180968
6.18085e-05
0.000168372
5.67791e-05
0.00015549
4.71474e-05
0.000150586
3.48993e-05
0.000156386
2.96487e-05
0.000168183
3.81077e-05
0.00017373
5.55665e-05
0.000173728
6.69476e-05
0.000170404
7.12661e-05
0.000164326
7.01507e-05
0.000156207
6.45365e-05
0.00014615
5.63577e-05
0.000134434
4.58738e-05
0.000123623
3.4616e-05
0.000117299
2.97897e-05
0.000113585
3.823e-05
0.000108365
5.67522e-05
0.000100128
7.60743e-05
8.98798e-05
9.11842e-05
7.88062e-05
0.000102233
6.74979e-05
0.000110639
5.61469e-05
0.000117265
4.48168e-05
0.00012246
3.35366e-05
0.000126409
2.23099e-05
0.000129254
1.11119e-05
0.000131235
0.000130051
0.000164391
1.61215e-05
0.000166941
1.86116e-05
0.000169047
2.16676e-05
0.00017073
2.52651e-05
0.000172134
2.92985e-05
0.000173544
3.36192e-05
0.000175312
3.80756e-05
0.000177713
4.25377e-05
0.000180831
4.69056e-05
0.000184514
5.11099e-05
0.000188321
5.50949e-05
0.000191465
5.87701e-05
0.000192778
6.18845e-05
0.000190715
6.38718e-05
0.000183909
6.3585e-05
0.000171992
5.90641e-05
0.000158368
4.85236e-05
0.000153702
3.43141e-05
0.000161729
3.00809e-05
0.000173691
4.36048e-05
0.000177095
6.35437e-05
0.000175192
7.31692e-05
0.000170475
7.48678e-05
0.000163776
7.12355e-05
0.000155988
6.41453e-05
0.000146203
5.56592e-05
0.000135449
4.53696e-05
0.000127998
3.72404e-05
0.000124116
4.2112e-05
0.000119434
6.14347e-05
0.000110685
8.4823e-05
9.89835e-05
0.000102886
8.62584e-05
0.000114958
7.3462e-05
0.000123435
6.08318e-05
0.000129895
4.83884e-05
0.000134903
3.61162e-05
0.000138681
2.39832e-05
0.000141387
1.19343e-05
0.000143284
0.000141985
0.000168014
1.25683e-05
0.000171158
1.54673e-05
0.000173938
1.8888e-05
0.000176387
2.28154e-05
0.000178521
2.71648e-05
0.000180353
3.1787e-05
0.000181934
3.64951e-05
0.000183364
4.11071e-05
0.00018479
4.54797e-05
0.000186372
4.95274e-05
0.000188244
5.32232e-05
0.000190416
5.65985e-05
0.000192569
5.97319e-05
0.00019376
6.26807e-05
0.000192242
6.51023e-05
0.000185802
6.55041e-05
0.000173589
6.07372e-05
0.000159688
4.82148e-05
0.00015706
3.27088e-05
0.000168255
3.24105e-05
0.00017865
5.31479e-05
0.000178987
7.28327e-05
0.000175283
7.85716e-05
0.000169541
7.69778e-05
0.000162699
7.0987e-05
0.000155073
6.32853e-05
0.000145904
5.45388e-05
0.000137814
4.53306e-05
0.000133423
4.65024e-05
0.000129598
6.52596e-05
0.000121162
9.32588e-05
0.00010827
0.000115778
9.38174e-05
0.000129411
7.94275e-05
0.000137825
6.54612e-05
0.000143862
5.18856e-05
0.000148479
3.86251e-05
0.000151942
2.56026e-05
0.000154409
1.27275e-05
0.000156159
0.000154712
0.000172301
8.51255e-06
0.00017591
1.18581e-05
0.000179119
1.56792e-05
0.000181974
1.996e-05
0.000184504
2.46348e-05
0.000186702
2.95889e-05
0.000188534
3.46636e-05
0.000189961
3.96794e-05
0.000190977
4.44636e-05
0.000191634
4.88709e-05
0.000192072
5.27852e-05
0.000192541
5.61293e-05
0.000193349
5.89239e-05
0.000194581
6.1449e-05
0.000195471
6.42123e-05
0.000193872
6.71029e-05
0.000186829
6.77802e-05
0.000173536
6.15084e-05
0.000160496
4.57483e-05
0.000162278
3.06293e-05
0.000176718
3.87078e-05
0.00018152
6.80302e-05
0.000179082
8.10099e-05
0.000174068
8.19912e-05
0.000167923
7.71325e-05
0.00016153
6.96777e-05
0.000154074
6.19952e-05
0.000146082
5.33225e-05
0.000141106
5.14789e-05
0.000138056
6.83093e-05
0.000130698
0.000100617
0.000117215
0.000129261
0.000101161
0.000145466
8.51573e-05
0.000153828
6.9853e-05
0.000159166
5.51726e-05
0.000163159
4.09665e-05
0.000166148
2.7106e-05
0.00016827
1.34612e-05
0.000169804
0.000168174
0.000177049
3.95521e-06
0.000181139
7.76784e-06
0.000184782
1.20368e-05
0.000187992
1.67499e-05
0.000190782
2.18447e-05
0.000193148
2.72226e-05
0.000195063
3.27489e-05
0.000196484
3.82584e-05
0.000197374
4.35732e-05
0.000197723
4.85218e-05
0.000197568
5.2941e-05
0.000197037
5.66595e-05
0.00019645
5.95108e-05
0.000196337
6.15622e-05
0.000197048
6.3501e-05
0.000197771
6.63804e-05
0.000195651
6.99e-05
0.000187112
7.00476e-05
0.000172593
6.02676e-05
0.000162672
4.05501e-05
0.000170787
3.05926e-05
0.000182415
5.6402e-05
0.000181961
8.1464e-05
0.000177619
8.63332e-05
0.000171965
8.27872e-05
0.000166014
7.56283e-05
0.00015978
6.82292e-05
0.000152479
6.0623e-05
0.000147334
5.66248e-05
0.000144618
7.10249e-05
0.000138535
0.0001067
0.000125159
0.000142637
0.000107854
0.000162771
9.03537e-05
0.000171328
7.37897e-05
0.00017573
5.80901e-05
0.000178859
4.30288e-05
0.000181209
2.84223e-05
0.000182876
1.41005e-05
0.000184126
0.000182274
0.000182189
-1.17411e-06
0.000186821
3.13538e-06
0.000190951
7.90663e-06
0.00019456
1.31408e-05
0.000197632
1.87725e-05
0.000200154
2.47008e-05
0.000202094
3.08092e-05
0.000203397
3.69548e-05
0.000204023
4.2948e-05
0.000203988
4.85568e-05
0.000203381
5.35474e-05
0.000202333
5.77072e-05
0.000201036
6.08082e-05
0.000199848
6.27498e-05
0.000199385
6.39647e-05
0.000200126
6.5639e-05
0.000200862
6.91643e-05
0.000197659
7.32503e-05
0.00018678
7.11464e-05
0.00017161
5.572e-05
0.00016734
3.48627e-05
0.000181416
4.2326e-05
0.000183826
7.90543e-05
0.000180301
8.98579e-05
0.000175108
8.79805e-05
0.000169535
8.12012e-05
0.000164154
7.36102e-05
0.000157854
6.69231e-05
0.000152649
6.18295e-05
0.000149603
7.40703e-05
0.000144336
0.000111967
0.00013148
0.000155494
0.000113402
0.000180848
9.46787e-05
0.000190052
7.70328e-05
0.000193376
6.04661e-05
0.000195425
4.46914e-05
0.000196984
2.94747e-05
0.000198093
1.46079e-05
0.000198993
0.000196882
0.000187851
-6.90803e-06
0.000193069
-2.08284e-06
0.000197729
3.24701e-06
0.000201783
9.08706e-06
0.000205184
1.53712e-05
0.000207907
2.19773e-05
0.000209922
2.87945e-05
0.000211142
3.57342e-05
0.000211444
4.26464e-05
0.000210778
4.92228e-05
0.000209314
5.50114e-05
0.00020746
5.95617e-05
0.000205725
6.25425e-05
0.000204413
6.40622e-05
0.000203595
6.47822e-05
0.000203699
6.55354e-05
0.000205007
6.78563e-05
0.0002054
7.28577e-05
0.000199854
7.66922e-05
0.000186229
6.93446e-05
0.000173088
4.80036e-05
0.000179424
3.59903e-05
0.000184851
7.36271e-05
0.000182101
9.26083e-05
0.000177345
9.27365e-05
0.000172166
8.63794e-05
0.000167242
7.85349e-05
0.000162048
7.21168e-05
0.000157056
6.68219e-05
0.000153479
7.7647e-05
0.000148317
0.000117129
0.00013585
0.000167961
0.000117383
0.000199315
9.78067e-05
0.000209629
7.93482e-05
0.000211834
6.21297e-05
0.000212644
4.58332e-05
0.00021328
3.01857e-05
0.00021374
1.49456e-05
0.000214233
0.000211827
0.000194087
-1.32663e-05
0.000199948
-7.94381e-06
0.000205214
-2.01861e-06
0.000209798
4.50276e-06
0.000213605
1.15641e-05
0.000216568
1.9014e-05
0.000218662
2.67004e-05
0.000219808
3.45882e-05
0.000219785
4.26693e-05
0.000218399
5.06096e-05
0.000215816
5.75941e-05
0.000212738
6.26393e-05
0.000210417
6.48637e-05
0.000209815
6.4664e-05
0.000210313
6.42849e-05
0.000210774
6.50743e-05
0.000211315
6.73153e-05
0.000212181
7.19914e-05
0.000210329
7.8544e-05
0.000200952
7.8722e-05
0.000185868
6.30877e-05
0.000179633
4.22249e-05
0.000185913
6.73475e-05
0.000183156
9.53649e-05
0.00017876
9.71331e-05
0.00017405
9.10893e-05
0.000169528
8.30572e-05
0.00016508
7.65639e-05
0.000160441
7.14612e-05
0.000156447
8.16412e-05
0.000150869
0.000122707
0.00013835
0.000180479
0.000119593
0.000218072
9.94949e-05
0.000229727
8.05325e-05
0.000230797
6.29237e-05
0.000230253
4.63407e-05
0.000229863
3.04816e-05
0.0002296
1.50772e-05
0.000229637
0.000226905
0.000200966
-2.03061e-05
0.000207524
-1.45021e-05
0.000213474
-7.96884e-06
0.000218674
-6.96771e-07
0.000222968
7.27033e-06
0.000226223
1.57583e-05
0.000228427
2.44966e-05
0.000229598
3.34171e-05
0.000229485
4.27831e-05
0.000227501
5.2593e-05
0.000223191
6.1904e-05
0.000217296
6.85342e-05
0.000213144
6.90157e-05
0.000213841
6.39674e-05
0.000217847
6.02786e-05
0.000221544
6.13774e-05
0.000222677
6.61828e-05
0.000221908
7.27597e-05
0.00021977
8.06824e-05
0.000212911
8.55809e-05
0.000199661
7.63378e-05
0.000185415
5.64706e-05
0.000187381
6.53817e-05
0.00018357
9.91759e-05
0.000179437
0.000101266
0.000175263
9.52637e-05
0.00017123
8.70904e-05
0.000167296
8.0498e-05
0.000162882
7.58742e-05
0.000158702
8.58213e-05
0.000152588
0.000128822
0.000139417
0.00019365
0.000120099
0.00023739
9.96173e-05
0.000250209
8.04242e-05
0.00024999
6.27104e-05
0.000247967
4.61116e-05
0.000246462
3.0296e-05
0.000245415
1.49705e-05
0.000244963
0.000241875
0.000208489
0.000215858
0.000222616
0.000228577
0.000233537
0.000237266
0.000239666
0.00024089
0.000240937
0.000239056
0.000234265
0.000227377
0.000222021
0.000221875
0.000226132
0.000232256
0.000235881
0.000234876
0.000230908
0.000223587
0.00021054
0.000194479
0.00018781
0.000183215
0.000179357
0.000175785
0.000172252
0.000168793
0.000164662
0.0001604
0.00015355
0.000139035
0.000118766
9.79754e-05
7.88472e-05
6.13594e-05
4.50574e-05
2.95743e-05
1.45992e-05
)
;

boundaryField
{
    leftWall
    {
        type            calculated;
        value           nonuniform 0();
    }
    rightWall
    {
        type            calculated;
        value           uniform 0;
    }
    lowerWall
    {
        type            calculated;
        value           uniform 0;
    }
    atmosphere
    {
        type            calculated;
        value           nonuniform 0();
    }
    defaultFaces
    {
        type            empty;
        value           nonuniform 0();
    }
    procBoundary1to0
    {
        type            processor;
        value           nonuniform List<scalar> 
44
(
2.5144e-05
1.81906e-05
7.11061e-07
-1.63492e-05
-2.63639e-05
-3.06093e-05
-3.09907e-05
-3.05301e-05
-3.14427e-05
-3.46818e-05
-4.23632e-05
-5.15567e-05
-5.87459e-05
-6.42342e-05
-6.89006e-05
-7.29751e-05
-7.65101e-05
-7.97363e-05
-8.24101e-05
-8.46451e-05
4.0931e-05
-8.87264e-05
-9.06712e-05
-9.25218e-05
-0.000111536
-0.000141359
-0.000150867
-0.000141235
-0.000131563
-0.000131238
-0.000136855
-0.000143399
-0.000147842
-0.000148906
-0.000146825
-0.000143827
-0.00014253
-0.000143123
-0.000145007
-0.000147462
-0.00015041
-0.000153943
-0.000157918
-0.000162251
)
;
    }
    procBoundary1to3
    {
        type            processor;
        value           nonuniform List<scalar> 
45
(
-4.5217e-05
-3.99859e-05
-3.69837e-05
-3.36253e-05
-2.98184e-05
-2.81307e-05
-2.18714e-05
-1.47269e-05
-6.65804e-06
2.3109e-06
1.20284e-05
2.20974e-05
3.2193e-05
4.27356e-05
5.44745e-05
6.66945e-05
7.54224e-05
7.43719e-05
6.41132e-05
5.60224e-05
5.52528e-05
6.25582e-05
7.37642e-05
8.46504e-05
9.29026e-05
8.93846e-05
7.25315e-05
7.20509e-05
0.000103771
0.000105124
9.88354e-05
9.06231e-05
8.39574e-05
8.00057e-05
9.00829e-05
0.000135672
0.000208165
0.000257659
0.000271
0.000269118
0.000265454
0.000262764
0.000260898
0.000259938
0.000256474
)
;
    }
}


// ************************************************************************* //
