/*--------------------------------*- C++ -*----------------------------------*\
| =========                 |                                                 |
| \\      /  F ield         | OpenFOAM: The Open Source CFD Toolbox           |
|  \\    /   O peration     | Version:  3.0.1                                 |
|   \\  /    A nd           | Web:      www.OpenFOAM.org                      |
|    \\/     M anipulation  |                                                 |
\*---------------------------------------------------------------------------*/
FoamFile
{
    version     2.0;
    format      ascii;
    class       volVectorField;
    location    "0.3";
    object      U;
}
// * * * * * * * * * * * * * * * * * * * * * * * * * * * * * * * * * * * * * //

dimensions      [0 1 -1 0 0 0 0];

internalField   nonuniform List<vector> 
1915
(
(-0.294634 -0.0650207 0)
(-0.11283 -0.0947648 0)
(-0.226987 -0.18724 0)
(-0.0848758 -0.276557 0)
(-0.0472409 -0.160835 0)
(-0.00148052 -0.359582 0)
(0.171569 -0.0908684 0)
(0.0842704 -0.303339 0)
(0.311053 0.0319156 0)
(0.145106 -0.181191 0)
(0.374878 0.167197 0)
(0.172965 -0.00872794 0)
(0.387683 0.300458 0)
(0.185023 0.183862 0)
(0.386443 0.429106 0)
(0.190427 0.389725 0)
(0.404523 0.545358 0)
(0.222004 0.604086 0)
(0.472481 0.647533 0)
(0.234669 0.855732 0)
(0.00839115 -0.00830859 0)
(0.0251405 -0.007512 0)
(0.0387932 -0.00498404 0)
(0.0490757 -0.00298573 0)
(0.0574155 -0.00177838 0)
(0.0649401 -0.00135491 0)
(0.0725406 -0.00143016 0)
(0.0805514 -0.00174757 0)
(0.0889874 -0.00208708 0)
(0.0976312 -0.00232406 0)
(0.106139 -0.00236125 0)
(0.114321 -0.00224342 0)
(0.122084 -0.0020795 0)
(0.129378 -0.00192467 0)
(0.136192 -0.00178681 0)
(0.142507 -0.00164958 0)
(0.14827 -0.0014913 0)
(0.153408 -0.00130472 0)
(0.157833 -0.00108767 0)
(0.16145 -0.000835447 0)
(0.164156 -0.000537178 0)
(0.165834 -0.000172729 0)
(0.166369 0.000304315 0)
(0.165439 0.000796655 0)
(0.163153 0.00121898 0)
(0.159626 0.00157839 0)
(0.154907 0.0019179 0)
(0.149025 0.00225635 0)
(0.142003 0.00259253 0)
(0.133876 0.00291546 0)
(0.124682 0.00321915 0)
(0.114477 0.00349924 0)
(0.103315 0.00375903 0)
(0.0912771 0.00399719 0)
(0.0784618 0.00420751 0)
(0.0649711 0.00438869 0)
(0.0509272 0.00453444 0)
(0.0364656 0.00463852 0)
(0.0217793 0.00468294 0)
(0.00701477 0.00471139 0)
(0.00365324 -0.0160116 0)
(0.0136637 -0.0149946 0)
(0.0237624 -0.012076 0)
(0.0345643 -0.010406 0)
(0.0461424 -0.00952251 0)
(0.0580236 -0.00942119 0)
(0.0700547 -0.00967668 0)
(0.0819471 -0.00993781 0)
(0.0934917 -0.0100093 0)
(0.104436 -0.00987508 0)
(0.114768 -0.00955838 0)
(0.124618 -0.00913316 0)
(0.134052 -0.00866785 0)
(0.143048 -0.00817682 0)
(0.151551 -0.00764838 0)
(0.159499 -0.00706116 0)
(0.16681 -0.0063934 0)
(0.173386 -0.00563088 0)
(0.179129 -0.00476384 0)
(0.183935 -0.0037856 0)
(0.187699 -0.00268997 0)
(0.190344 -0.00147059 0)
(0.191804 -0.000117032 0)
(0.192194 0.00132534 0)
(0.191337 0.00276424 0)
(0.189033 0.00416686 0)
(0.185166 0.00554884 0)
(0.179692 0.00691968 0)
(0.172605 0.00827284 0)
(0.163921 0.00959034 0)
(0.153678 0.0108568 0)
(0.141941 0.0120552 0)
(0.12879 0.0131742 0)
(0.114331 0.0141966 0)
(0.0986959 0.0150998 0)
(0.0820328 0.015868 0)
(0.0645063 0.0164819 0)
(0.0462971 0.0169269 0)
(0.0276655 0.0171707 0)
(0.00871276 0.0165565 0)
(0.0042635 -0.0212684 0)
(0.0160667 -0.0222172 0)
(0.0275128 -0.0198499 0)
(0.0387466 -0.0189402 0)
(0.0500112 -0.018272 0)
(0.0609671 -0.0182376 0)
(0.072045 -0.0183903 0)
(0.0832221 -0.0183674 0)
(0.0943179 -0.018039 0)
(0.105091 -0.0174435 0)
(0.115406 -0.0167299 0)
(0.12527 -0.015989 0)
(0.134705 -0.0152293 0)
(0.143695 -0.0144259 0)
(0.152208 -0.0135435 0)
(0.160196 -0.0125453 0)
(0.167585 -0.0114023 0)
(0.174278 -0.0100893 0)
(0.180169 -0.00859082 0)
(0.185143 -0.00690255 0)
(0.189084 -0.00503146 0)
(0.191879 -0.00299792 0)
(0.193434 -0.000849967 0)
(0.193703 0.00142782 0)
(0.192611 0.0038229 0)
(0.190077 0.00630073 0)
(0.186032 0.00882237 0)
(0.18043 0.011355 0)
(0.173252 0.0138688 0)
(0.164503 0.0163351 0)
(0.154212 0.0187247 0)
(0.142436 0.0210027 0)
(0.129249 0.0231324 0)
(0.114751 0.0250767 0)
(0.0990725 0.0267989 0)
(0.0823592 0.0282636 0)
(0.0647748 0.0294406 0)
(0.046496 0.0303087 0)
(0.0278078 0.0308333 0)
(0.00872741 0.0297289 0)
(0.00559272 -0.0302173 0)
(0.0193233 -0.0320037 0)
(0.0310424 -0.0280481 0)
(0.0412478 -0.0265555 0)
(0.0513534 -0.0253577 0)
(0.0612592 -0.025409 0)
(0.0719234 -0.0258361 0)
(0.0831393 -0.0260092 0)
(0.0944458 -0.0256952 0)
(0.105407 -0.0249226 0)
(0.115825 -0.0239304 0)
(0.125743 -0.0228783 0)
(0.135217 -0.0217994 0)
(0.144255 -0.0206696 0)
(0.152839 -0.0194404 0)
(0.160925 -0.0180533 0)
(0.168438 -0.01646 0)
(0.175272 -0.0146231 0)
(0.181311 -0.0125203 0)
(0.186432 -0.0101446 0)
(0.190512 -0.00750219 0)
(0.193434 -0.00461043 0)
(0.195093 -0.00149552 0)
(0.195381 0.00179128 0)
(0.194217 0.00521566 0)
(0.191551 0.00875212 0)
(0.187342 0.0123654 0)
(0.181558 0.016014 0)
(0.174188 0.0196504 0)
(0.165246 0.0232267 0)
(0.154772 0.0266956 0)
(0.142828 0.0300063 0)
(0.129499 0.0331034 0)
(0.114887 0.0359351 0)
(0.0991253 0.0384507 0)
(0.0823587 0.0405981 0)
(0.0647506 0.0423348 0)
(0.0464685 0.0436293 0)
(0.0278056 0.0444366 0)
(0.00874227 0.0428405 0)
(0.00571038 -0.0396433 0)
(0.019636 -0.0415376 0)
(0.0315744 -0.0352147 0)
(0.0413507 -0.0336801 0)
(0.0512067 -0.0320959 0)
(0.0606098 -0.0327045 0)
(0.0713398 -0.0337402 0)
(0.0829437 -0.0342471 0)
(0.0946745 -0.0337814 0)
(0.105915 -0.0326085 0)
(0.116445 -0.031214 0)
(0.1264 -0.029815 0)
(0.135916 -0.0284319 0)
(0.145032 -0.0270079 0)
(0.153742 -0.0254594 0)
(0.161998 -0.0237018 0)
(0.169713 -0.0216673 0)
(0.176771 -0.0193094 0)
(0.183043 -0.0165983 0)
(0.188398 -0.0135244 0)
(0.1927 -0.0100937 0)
(0.195822 -0.00632507 0)
(0.19765 -0.00225457 0)
(0.198071 0.00205643 0)
(0.196997 0.00655747 0)
(0.194376 0.0112111 0)
(0.190163 0.0159668 0)
(0.184326 0.0207667 0)
(0.176855 0.0255469 0)
(0.16777 0.0302429 0)
(0.157118 0.0347916 0)
(0.144967 0.0391268 0)
(0.131407 0.0431796 0)
(0.116554 0.0468841 0)
(0.100541 0.0501744 0)
(0.0835208 0.0529868 0)
(0.0656606 0.0552673 0)
(0.0471244 0.0569737 0)
(0.0282098 0.0580518 0)
(0.00888684 0.0559796 0)
(0.00373593 -0.0478493 0)
(0.0175845 -0.0513595 0)
(0.0311882 -0.0423325 0)
(0.0405359 -0.0410556 0)
(0.050313 -0.0384334 0)
(0.0591244 -0.0398621 0)
(0.0702616 -0.0417657 0)
(0.0826438 -0.0428322 0)
(0.0950824 -0.0420952 0)
(0.106657 -0.0403648 0)
(0.117254 -0.0385216 0)
(0.127214 -0.0367772 0)
(0.136765 -0.0351082 0)
(0.145975 -0.0334237 0)
(0.154844 -0.0315938 0)
(0.16332 -0.0295009 0)
(0.171299 -0.027053 0)
(0.178649 -0.0241882 0)
(0.185226 -0.0208716 0)
(0.190885 -0.0170947 0)
(0.19548 -0.0128645 0)
(0.198871 -0.00820301 0)
(0.200936 -0.00314946 0)
(0.201552 0.00221791 0)
(0.200629 0.00782594 0)
(0.198112 0.0136287 0)
(0.193951 0.0195643 0)
(0.188109 0.0255553 0)
(0.180575 0.031519 0)
(0.17137 0.0373731 0)
(0.160543 0.0430359 0)
(0.148165 0.0484236 0)
(0.134334 0.0534543 0)
(0.119168 0.058047 0)
(0.10281 0.0621238 0)
(0.0854173 0.0656107 0)
(0.0671643 0.0684408 0)
(0.0482162 0.0705626 0)
(0.0288746 0.0719172 0)
(0.00910888 0.0693826 0)
(-0.00134112 -0.0565333 0)
(0.0149242 -0.0637638 0)
(0.0316977 -0.0497698 0)
(0.0377433 -0.0484099 0)
(0.0477323 -0.0441482 0)
(0.0558603 -0.047207 0)
(0.0682358 -0.0504252 0)
(0.0821573 -0.0522126 0)
(0.095793 -0.0508266 0)
(0.107734 -0.0482279 0)
(0.11827 -0.0458375 0)
(0.128154 -0.0437502 0)
(0.137713 -0.0418406 0)
(0.147033 -0.039956 0)
(0.156108 -0.0378996 0)
(0.164866 -0.0355108 0)
(0.173182 -0.0326736 0)
(0.1809 -0.0293123 0)
(0.187858 -0.0253913 0)
(0.193896 -0.0209011 0)
(0.198855 -0.0158518 0)
(0.20258 -0.010273 0)
(0.204941 -0.00420978 0)
(0.205805 0.00224215 0)
(0.205073 0.00898827 0)
(0.202689 0.0159779 0)
(0.198597 0.0231357 0)
(0.192756 0.0303636 0)
(0.185155 0.0375586 0)
(0.175818 0.044618 0)
(0.164791 0.0514393 0)
(0.15215 0.0579207 0)
(0.137996 0.0639641 0)
(0.122455 0.069475 0)
(0.105675 0.0743645 0)
(0.0878197 0.0785471 0)
(0.0690721 0.0819453 0)
(0.0496027 0.0844981 0)
(0.0297156 0.0861454 0)
(0.00938415 0.0831605 0)
(-0.00847534 -0.051868 0)
(0.014106 -0.0758313 0)
(0.0346448 -0.0546108 0)
(0.0319602 -0.0542421 0)
(0.0436982 -0.04923 0)
(0.0506585 -0.0551762 0)
(0.0650893 -0.0604284 0)
(0.0814597 -0.0630083 0)
(0.0969503 -0.060122 0)
(0.109213 -0.0561172 0)
(0.119475 -0.0530748 0)
(0.12917 -0.0506868 0)
(0.1387 -0.0486197 0)
(0.148145 -0.0466218 0)
(0.157485 -0.0444086 0)
(0.166606 -0.0417744 0)
(0.175345 -0.0385804 0)
(0.183517 -0.0347402 0)
(0.19094 -0.0302163 0)
(0.197438 -0.025001 0)
(0.202837 -0.0191115 0)
(0.206967 -0.0125868 0)
(0.209687 -0.00547976 0)
(0.210857 0.00209789 0)
(0.210359 0.0100251 0)
(0.208138 0.0182459 0)
(0.20413 0.0266736 0)
(0.198292 0.0351914 0)
(0.190614 0.0436731 0)
(0.181119 0.0519924 0)
(0.169857 0.0600245 0)
(0.156905 0.067649 0)
(0.142371 0.0747495 0)
(0.126385 0.0812175 0)
(0.109103 0.0869518 0)
(0.0906952 0.0918563 0)
(0.0713556 0.0958449 0)
(0.0512617 0.0988485 0)
(0.0307192 0.100807 0)
(0.00971038 0.0973836 0)
(-0.0271223 -0.0638236 0)
(0.00525117 -0.105567 0)
(0.0376592 -0.058061 0)
(0.024555 -0.0583561 0)
(0.0394003 -0.0546602 0)
(0.0441947 -0.0637038 0)
(0.0607083 -0.0721982 0)
(0.0806685 -0.0759954 0)
(0.0988904 -0.070046 0)
(0.111179 -0.0638624 0)
(0.120789 -0.0601238 0)
(0.130167 -0.0575382 0)
(0.13964 -0.0554401 0)
(0.149242 -0.0534503 0)
(0.15892 -0.05117 0)
(0.168497 -0.0483506 0)
(0.177763 -0.0448372 0)
(0.186493 -0.0405356 0)
(0.194479 -0.0354097 0)
(0.201528 -0.0294568 0)
(0.20745 -0.0227013 0)
(0.21206 -0.0151943 0)
(0.215207 -0.00700192 0)
(0.21674 0.00175002 0)
(0.216524 0.0109125 0)
(0.214499 0.0204207 0)
(0.210597 0.0301749 0)
(0.204767 0.0400415 0)
(0.197 0.0498713 0)
(0.187321 0.0595135 0)
(0.175785 0.0688197 0)
(0.162472 0.077647 0)
(0.147494 0.085859 0)
(0.13099 0.0933315 0)
(0.113121 0.0999498 0)
(0.0940671 0.105609 0)
(0.0740332 0.110213 0)
(0.0532068 0.113689 0)
(0.0318939 0.115976 0)
(0.0100911 0.112128 0)
(-0.00304055 -0.0439615 0)
(-0.00478696 -0.136629 0)
(0.0550576 -0.0602598 0)
(0.0233845 -0.0569119 0)
(0.0339812 -0.0594028 0)
(0.0356048 -0.0723378 0)
(0.0533386 -0.0861509 0)
(0.0803895 -0.0925897 0)
(0.10264 -0.0805573 0)
(0.113833 -0.0711383 0)
(0.122041 -0.0668379 0)
(0.130966 -0.0642612 0)
(0.140396 -0.0623154 0)
(0.15022 -0.0604929 0)
(0.160344 -0.0582523 0)
(0.170499 -0.0553086 0)
(0.180414 -0.0515107 0)
(0.18982 -0.0467631 0)
(0.19848 -0.0410363 0)
(0.206184 -0.0343344 0)
(0.212721 -0.0266877 0)
(0.217891 -0.0181591 0)
(0.221534 -0.00883032 0)
(0.223494 0.0011563 0)
(0.223609 0.0116221 0)
(0.221817 0.0224866 0)
(0.218043 0.0336363 0)
(0.212228 0.0449198 0)
(0.204363 0.0561665 0)
(0.194475 0.0672022 0)
(0.182624 0.0778537 0)
(0.168895 0.0879533 0)
(0.153406 0.0973425 0)
(0.136305 0.105877 0)
(0.117761 0.113428 0)
(0.0979635 0.119881 0)
(0.0771285 0.125134 0)
(0.0554552 0.129105 0)
(0.0332499 0.131741 0)
(0.0105302 0.127482 0)
(0.628732 0.704913 0)
(0.507063 1.03157 0)
(0.758117 0.701367 0)
(0.752627 0.977082 0)
(0.834744 0.663859 0)
(0.894475 0.838585 0)
(0.892659 0.623275 0)
(0.961453 0.728123 0)
(0.946695 0.588638 0)
(1.00312 0.655915 0)
(0.993186 0.556302 0)
(1.03954 0.603753 0)
(1.03019 0.526142 0)
(1.07076 0.56246 0)
(1.06131 0.497919 0)
(1.09659 0.527909 0)
(1.08562 0.473182 0)
(1.117 0.497901 0)
(1.10244 0.451767 0)
(1.13059 0.471446 0)
(1.14465 0.447431 0)
(1.15744 0.430112 0)
(1.15849 0.415132 0)
(1.35134 0.442878 0)
(1.73189 0.510991 0)
(1.88883 0.541501 0)
(1.7614 0.42308 0)
(1.61088 0.317447 0)
(1.57841 0.265147 0)
(1.61967 0.232322 0)
(1.67122 0.216457 0)
(1.70392 0.214358 0)
(1.7059 0.212839 0)
(1.67847 0.197325 0)
(1.64167 0.159139 0)
(1.61943 0.103299 0)
(1.6153 0.0381647 0)
(1.6233 -0.0345004 0)
(1.63619 -0.109613 0)
(1.65399 -0.188353 0)
(1.67746 -0.27013 0)
(1.70503 -0.354599 0)
(1.73592 -0.442233 0)
(0.493488 0.55717 0)
(-0.731752 -0.38002 0)
(-0.105294 -0.61504 0)
(0.369575 -0.245243 0)
(0.863615 0.879806 0)
(0.430443 0.391101 0)
(-0.187378 -0.499869 0)
(-0.218171 0.0385782 0)
(1.03063 0.893188 0)
(0.968534 0.751421 0)
(0.559457 0.282434 0)
(-0.640103 -0.327885 0)
(1.08782 0.80419 0)
(1.17396 0.816765 0)
(1.08823 0.681953 0)
(0.585872 0.35828 0)
(1.09758 0.711809 0)
(1.208 0.750543 0)
(1.27657 0.759016 0)
(1.18441 0.667666 0)
(1.10429 0.640076 0)
(1.18905 0.665704 0)
(1.28122 0.695827 0)
(1.35231 0.709126 0)
(1.11919 0.58808 0)
(1.17696 0.602089 0)
(1.24465 0.61666 0)
(1.3318 0.643251 0)
(1.13702 0.548808 0)
(1.18049 0.559106 0)
(1.22668 0.562925 0)
(1.28485 0.572977 0)
(1.15256 0.51565 0)
(1.18994 0.525418 0)
(1.22734 0.527794 0)
(1.2656 0.52749 0)
(1.16297 0.485681 0)
(1.19748 0.494524 0)
(1.23263 0.498132 0)
(1.26594 0.497049 0)
(1.17225 0.457436 0)
(1.2033 0.463602 0)
(1.23667 0.467381 0)
(1.27011 0.468877 0)
(1.18314 0.436758 0)
(1.21184 0.438143 0)
(1.24315 0.437722 0)
(1.27561 0.437744 0)
(1.17501 0.414541 0)
(1.20794 0.415925 0)
(1.24513 0.417096 0)
(1.28036 0.416517 0)
(1.25981 0.40214 0)
(1.22555 0.38392 0)
(1.23545 0.38257 0)
(1.26026 0.385621 0)
(1.6348 0.499776 0)
(1.49885 0.431964 0)
(1.40451 0.382712 0)
(1.31614 0.356937 0)
(1.93789 0.602581 0)
(1.89751 0.579314 0)
(1.79829 0.517616 0)
(1.67481 0.464483 0)
(1.89133 0.508192 0)
(2.00745 0.569647 0)
(2.07528 0.594724 0)
(2.08968 0.596409 0)
(1.70878 0.366285 0)
(1.83711 0.416564 0)
(1.98191 0.46674 0)
(2.12649 0.522363 0)
(1.62992 0.291267 0)
(1.69514 0.305492 0)
(1.78477 0.318157 0)
(1.90795 0.349822 0)
(1.65139 0.25616 0)
(1.68354 0.266234 0)
(1.7164 0.261468 0)
(1.75871 0.254525 0)
(1.6896 0.231561 0)
(1.71345 0.244599 0)
(1.73356 0.246859 0)
(1.74495 0.237635 0)
(1.71367 0.215283 0)
(1.733 0.22398 0)
(1.75424 0.231486 0)
(1.76907 0.233215 0)
(1.71853 0.20267 0)
(1.73798 0.20448 0)
(1.76135 0.21105 0)
(1.78335 0.218527 0)
(1.70516 0.183157 0)
(1.73256 0.181229 0)
(1.7614 0.186199 0)
(1.78926 0.195128 0)
(1.6854 0.148357 0)
(1.72451 0.147715 0)
(1.76187 0.153891 0)
(1.79645 0.164768 0)
(1.67522 0.0996863 0)
(1.72415 0.10341 0)
(1.76953 0.113027 0)
(1.81072 0.127318 0)
(1.67909 0.0417168 0)
(1.73516 0.0507624 0)
(1.7867 0.0649811 0)
(1.83317 0.0836403 0)
(1.6918 -0.0234342 0)
(1.75264 -0.00827654 0)
(1.80903 0.0113587 0)
(1.86019 0.0349731 0)
(1.70787 -0.0922623 0)
(1.77269 -0.0718987 0)
(1.83357 -0.0475075 0)
(1.88964 -0.019261 0)
(1.72874 -0.165769 0)
(1.79743 -0.14077 0)
(1.86271 -0.112018 0)
(1.9236 -0.0794869 0)
(1.75495 -0.243457 0)
(1.82726 -0.214578 0)
(1.89688 -0.181936 0)
(1.96263 -0.14544 0)
(1.78533 -0.324916 0)
(1.86145 -0.293314 0)
(1.93568 -0.257767 0)
(2.00666 -0.218025 0)
(1.81923 -0.411106 0)
(1.89903 -0.377199 0)
(1.97824 -0.339455 0)
(2.05498 -0.296978 0)
(0.206794 -0.0167938 0)
(-0.039033 -0.123676 0)
(0.0704165 -0.0658971 0)
(0.025082 -0.0472835 0)
(0.0209775 -0.0586936 0)
(0.0174735 -0.0791681 0)
(0.0354224 -0.103348 0)
(0.0811825 -0.115208 0)
(0.11096 -0.0909419 0)
(0.118109 -0.0771131 0)
(0.123113 -0.0729374 0)
(0.131291 -0.0708569 0)
(0.140741 -0.069361 0)
(0.150934 -0.0679031 0)
(0.161681 -0.065824 0)
(0.172581 -0.0628151 0)
(0.183297 -0.058755 0)
(0.193523 -0.0535617 0)
(0.20299 -0.0472202 0)
(0.211471 -0.0397443 0)
(0.218735 -0.0311694 0)
(0.224566 -0.0215703 0)
(0.228789 -0.0110432 0)
(0.231244 0.000256314 0)
(0.231746 0.0121186 0)
(0.230226 0.0244377 0)
(0.226606 0.0370818 0)
(0.220818 0.049879 0)
(0.212847 0.0626367 0)
(0.202724 0.0751581 0)
(0.190511 0.087246 0)
(0.176302 0.0987071 0)
(0.160224 0.109359 0)
(0.142433 0.119033 0)
(0.12311 0.127584 0)
(0.102455 0.134885 0)
(0.0806963 0.140827 0)
(0.0580463 0.145323 0)
(0.0348123 0.148332 0)
(0.0110364 0.143673 0)
(0.0494149 0.170617 0)
(-0.175972 -0.100379 0)
(0.0326533 -0.0916848 0)
(0.0116506 -0.0332523 0)
(-0.0104122 -0.048807 0)
(-0.0226494 -0.0806634 0)
(-0.00132077 -0.127978 0)
(0.076269 -0.150301 0)
(0.124188 -0.100265 0)
(0.124727 -0.0796787 0)
(0.123952 -0.0774616 0)
(0.130786 -0.0771622 0)
(0.140335 -0.0767126 0)
(0.151165 -0.0758776 0)
(0.162818 -0.0740856 0)
(0.174696 -0.0710639 0)
(0.186405 -0.0667521 0)
(0.197617 -0.0610962 0)
(0.208042 -0.0541039 0)
(0.21744 -0.04581 0)
(0.225559 -0.0362555 0)
(0.232164 -0.025523 0)
(0.237068 -0.0137217 0)
(0.240106 -0.00101503 0)
(0.241062 0.0123505 0)
(0.23986 0.0262438 0)
(0.23642 0.0405071 0)
(0.230667 0.054942 0)
(0.222581 0.069331 0)
(0.212192 0.0834527 0)
(0.199567 0.097087 0)
(0.184807 0.110016 0)
(0.168052 0.122032 0)
(0.149469 0.132943 0)
(0.129251 0.142579 0)
(0.107613 0.150799 0)
(0.0847934 0.157486 0)
(0.0610221 0.162549 0)
(0.0366079 0.165959 0)
(0.0116191 0.160909 0)
(-0.0527798 0.0102157 0)
(-0.247925 -0.160536 0)
(-0.0778348 -0.142469 0)
(-0.0207358 -0.0259844 0)
(-0.0626791 -0.0338151 0)
(-0.0755251 -0.0885124 0)
(-0.0379652 -0.17398 0)
(0.0436068 -0.215695 0)
(0.126922 -0.116874 0)
(0.127605 -0.0791994 0)
(0.122968 -0.0793063 0)
(0.128955 -0.0828337 0)
(0.138829 -0.0844808 0)
(0.150669 -0.0846175 0)
(0.163621 -0.0832219 0)
(0.17679 -0.0802116 0)
(0.189726 -0.0756341 0)
(0.202116 -0.0694875 0)
(0.213662 -0.0617941 0)
(0.224121 -0.0526201 0)
(0.23323 -0.0420192 0)
(0.240733 -0.0300807 0)
(0.24643 -0.0169254 0)
(0.250142 -0.00271721 0)
(0.251625 0.0122624 0)
(0.250795 0.0278558 0)
(0.247565 0.0438755 0)
(0.241855 0.0600889 0)
(0.233641 0.0762463 0)
(0.222955 0.092098 0)
(0.209865 0.1074 0)
(0.194481 0.12191 0)
(0.176953 0.135398 0)
(0.157466 0.147643 0)
(0.13623 0.158455 0)
(0.113472 0.167673 0)
(0.0894473 0.175167 0)
(0.0644016 0.180841 0)
(0.0386482 0.184683 0)
(0.0122836 0.179252 0)
(-0.00762618 0.0416557 0)
(-0.0527689 -0.28907 0)
(-0.18747 -0.24578 0)
(-0.0621517 -0.0319735 0)
(-0.0998279 -0.0245272 0)
(-0.09298 -0.105274 0)
(-0.0347995 -0.230216 0)
(-0.0182648 -0.298846 0)
(0.0952779 -0.152174 0)
(0.111307 -0.0844003 0)
(0.115007 -0.0810763 0)
(0.12478 -0.0884125 0)
(0.136124 -0.0930258 0)
(0.149395 -0.0944574 0)
(0.164006 -0.0934932 0)
(0.178811 -0.0904784 0)
(0.193252 -0.0855871 0)
(0.207045 -0.078902 0)
(0.219898 -0.0704461 0)
(0.231576 -0.0603133 0)
(0.241817 -0.0485788 0)
(0.250349 -0.0353381 0)
(0.25696 -0.0207295 0)
(0.261449 -0.00491872 0)
(0.263549 0.0118005 0)
(0.263155 0.029232 0)
(0.260172 0.0471595 0)
(0.254514 0.0653121 0)
(0.246157 0.0834002 0)
(0.235136 0.101138 0)
(0.221523 0.11825 0)
(0.205433 0.134472 0)
(0.18703 0.149549 0)
(0.166517 0.163239 0)
(0.144123 0.175326 0)
(0.120095 0.185628 0)
(0.0947044 0.194001 0)
(0.0682156 0.20034 0)
(0.0409526 0.204649 0)
(0.0130381 0.198847 0)
(0.841537 0.458372 0)
(0.394236 0.146414 0)
(-0.157 -0.280978 0)
(-0.111935 -0.0668999 0)
(-0.0757495 0.00660934 0)
(-0.0733366 -0.103893 0)
(0.00741958 -0.243362 0)
(-0.062116 -0.331237 0)
(0.0238838 -0.194642 0)
(0.0678137 -0.104942 0)
(0.094703 -0.091524 0)
(0.116515 -0.096571 0)
(0.132228 -0.103054 0)
(0.147755 -0.105781 0)
(0.164198 -0.105169 0)
(0.180796 -0.102078 0)
(0.196977 -0.0967978 0)
(0.212416 -0.0895092 0)
(0.2268 -0.0802284 0)
(0.239877 -0.0690501 0)
(0.251406 -0.0560816 0)
(0.261109 -0.0414223 0)
(0.268761 -0.0252298 0)
(0.274142 -0.00768769 0)
(0.27696 0.0109143 0)
(0.277077 0.0303373 0)
(0.274388 0.0503355 0)
(0.268796 0.0706028 0)
(0.260278 0.0908054 0)
(0.248878 0.110611 0)
(0.234674 0.129705 0)
(0.217788 0.147792 0)
(0.198397 0.164594 0)
(0.176722 0.179849 0)
(0.153018 0.19332 0)
(0.127553 0.204802 0)
(0.100619 0.214135 0)
(0.0725011 0.221201 0)
(0.0435437 0.22602 0)
(0.0138918 0.21986 0)
(1.28912 0.648211 0)
(1.06437 0.510703 0)
(0.643413 0.224154 0)
(0.0259388 -0.0555949 0)
(-0.064155 -0.0727943 0)
(-0.0509793 -0.227648 0)
(0.0244028 -0.226923 0)
(-0.0691667 -0.288293 0)
(-0.0687049 -0.215904 0)
(0.0106471 -0.143875 0)
(0.0613153 -0.121193 0)
(0.101355 -0.112344 0)
(0.125462 -0.116225 0)
(0.145723 -0.118917 0)
(0.164699 -0.118378 0)
(0.183075 -0.115172 0)
(0.201004 -0.109451 0)
(0.218237 -0.101461 0)
(0.234387 -0.0912896 0)
(0.249091 -0.0789868 0)
(0.262093 -0.0646845 0)
(0.273129 -0.0484852 0)
(0.281961 -0.0305593 0)
(0.288356 -0.0111217 0)
(0.292 0.00953681 0)
(0.292714 0.0311337 0)
(0.290376 0.0533888 0)
(0.284872 0.0759633 0)
(0.276177 0.0984814 0)
(0.264346 0.120561 0)
(0.249471 0.141835 0)
(0.231686 0.161968 0)
(0.211181 0.180654 0)
(0.188198 0.197611 0)
(0.163015 0.212584 0)
(0.135927 0.225351 0)
(0.107254 0.235732 0)
(0.077301 0.243594 0)
(0.0464482 0.248974 0)
(0.0148548 0.242468 0)
(1.40164 0.658367 0)
(1.3859 0.633707 0)
(1.23886 0.537626 0)
(0.888455 0.349336 0)
(0.459233 0.129533 0)
(0.274988 -0.192173 0)
(0.0312192 -0.252447 0)
(-0.0767071 -0.244832 0)
(-0.124449 -0.217103 0)
(-0.0552345 -0.201059 0)
(0.0173479 -0.171065 0)
(0.0768859 -0.140103 0)
(0.111068 -0.137511 0)
(0.140645 -0.135528 0)
(0.164814 -0.133264 0)
(0.185876 -0.129692 0)
(0.205678 -0.123673 0)
(0.22467 -0.114936 0)
(0.242678 -0.103775 0)
(0.259231 -0.0902624 0)
(0.273943 -0.0745358 0)
(0.286522 -0.0566855 0)
(0.296705 -0.0368702 0)
(0.304253 -0.0153463 0)
(0.308837 0.00757605 0)
(0.310239 0.0315672 0)
(0.308317 0.0563012 0)
(0.302932 0.0814027 0)
(0.294049 0.106459 0)
(0.281732 0.131038 0)
(0.266094 0.154716 0)
(0.24729 0.177106 0)
(0.225527 0.197862 0)
(0.20107 0.216679 0)
(0.174222 0.233287 0)
(0.14531 0.247451 0)
(0.114679 0.258975 0)
(0.0826651 0.267709 0)
(0.049696 0.273706 0)
(0.0159376 0.266868 0)
(1.3654 0.595657 0)
(1.44032 0.616116 0)
(1.46316 0.614318 0)
(1.37319 0.556113 0)
(1.1522 0.446561 0)
(0.801486 0.21417 0)
(0.364105 -0.0314473 0)
(-0.0294113 -0.266927 0)
(-0.0563196 -0.239426 0)
(-0.102475 -0.274219 0)
(-0.0210597 -0.222349 0)
(0.0479203 -0.167584 0)
(0.0854734 -0.170547 0)
(0.128228 -0.160694 0)
(0.160841 -0.152329 0)
(0.187381 -0.146164 0)
(0.210695 -0.139452 0)
(0.231991 -0.130045 0)
(0.251873 -0.117868 0)
(0.270339 -0.103057 0)
(0.28697 -0.085786 0)
(0.301357 -0.0661755 0)
(0.313133 -0.0443271 0)
(0.322012 -0.020516 0)
(0.327674 0.0049056 0)
(0.329863 0.0315531 0)
(0.328423 0.0590389 0)
(0.323192 0.086932 0)
(0.314113 0.114781 0)
(0.301253 0.14211 0)
(0.28475 0.16844 0)
(0.264787 0.193322 0)
(0.2416 0.216362 0)
(0.21548 0.237223 0)
(0.186761 0.255617 0)
(0.1558 0.2713 0)
(0.122974 0.284068 0)
(0.0886506 0.293754 0)
(0.0533217 0.300431 0)
(0.0171512 0.293274 0)
(1.31831 0.534259 0)
(1.39153 0.552619 0)
(1.46833 0.576113 0)
(1.51559 0.586802 0)
(1.48692 0.564912 0)
(1.34619 0.490859 0)
(1.04744 0.342964 0)
(0.64742 0.133026 0)
(0.288319 -0.152346 0)
(-0.00285302 -0.331168 0)
(-0.0291489 -0.295838 0)
(0.0209728 -0.197366 0)
(0.0496321 -0.208819 0)
(0.110833 -0.192287 0)
(0.150103 -0.179115 0)
(0.183159 -0.168137 0)
(0.213074 -0.158099 0)
(0.239238 -0.147005 0)
(0.262057 -0.133649 0)
(0.282645 -0.117568 0)
(0.301281 -0.0986557 0)
(0.317689 -0.0771269 0)
(0.331353 -0.0530874 0)
(0.341817 -0.0267852 0)
(0.348736 0.00139017 0)
(0.351835 0.0309865 0)
(0.350949 0.0615452 0)
(0.345902 0.0925521 0)
(0.336617 0.123499 0)
(0.323155 0.153865 0)
(0.305672 0.183119 0)
(0.284392 0.210753 0)
(0.259588 0.236318 0)
(0.231589 0.259433 0)
(0.200765 0.279786 0)
(0.167505 0.297126 0)
(0.132223 0.311244 0)
(0.0953219 0.321965 0)
(0.0573639 0.329387 0)
(0.0185071 0.321925 0)
(1.30161 0.494686 0)
(1.34909 0.498318 0)
(1.41264 0.512827 0)
(1.48735 0.536344 0)
(1.55028 0.55695 0)
(1.56454 0.560557 0)
(1.48944 0.521631 0)
(1.30096 0.431007 0)
(0.981794 0.244295 0)
(0.595008 0.0225648 0)
(0.110024 -0.278972 0)
(0.048118 -0.25216 0)
(0.0227565 -0.271411 0)
(0.101287 -0.224961 0)
(0.138949 -0.203718 0)
(0.172753 -0.196259 0)
(0.20869 -0.183834 0)
(0.242689 -0.168117 0)
(0.271613 -0.151728 0)
(0.295973 -0.133938 0)
(0.317128 -0.113379 0)
(0.33571 -0.0897991 0)
(0.351494 -0.063355 0)
(0.363843 -0.0343135 0)
(0.372266 -0.00310651 0)
(0.376441 0.0297519 0)
(0.376196 0.0637411 0)
(0.37136 0.0982439 0)
(0.361848 0.13266 0)
(0.347712 0.166403 0)
(0.329125 0.198892 0)
(0.306348 0.229566 0)
(0.279707 0.257919 0)
(0.24958 0.283522 0)
(0.216383 0.30603 0)
(0.180546 0.32518 0)
(0.14252 0.340764 0)
(0.102749 0.352605 0)
(0.061865 0.360836 0)
(0.0200171 0.353087 0)
(1.30326 0.467338 0)
(1.33798 0.464847 0)
(1.379 0.466505 0)
(1.43325 0.47755 0)
(1.50199 0.499815 0)
(1.57042 0.526433 0)
(1.61546 0.543911 0)
(1.59617 0.533042 0)
(1.47397 0.477078 0)
(1.22261 0.352616 0)
(0.873227 0.154054 0)
(0.456261 -0.100089 0)
(0.119816 -0.330274 0)
(0.124117 -0.289995 0)
(0.141109 -0.223046 0)
(0.165987 -0.221976 0)
(0.201391 -0.21441 0)
(0.240214 -0.19696 0)
(0.276715 -0.175204 0)
(0.308174 -0.15332 0)
(0.334112 -0.130327 0)
(0.355695 -0.10448 0)
(0.373843 -0.0754198 0)
(0.388322 -0.0433378 0)
(0.398515 -0.00874367 0)
(0.403987 0.0277431 0)
(0.404508 0.0655532 0)
(0.399919 0.103982 0)
(0.390145 0.142305 0)
(0.375243 0.179834 0)
(0.355403 0.215921 0)
(0.330926 0.249958 0)
(0.302197 0.281387 0)
(0.269656 0.309733 0)
(0.233779 0.334612 0)
(0.195051 0.355743 0)
(0.153963 0.372919 0)
(0.111006 0.385968 0)
(0.0668692 0.395072 0)
(0.0216931 0.38705 0)
(1.30928 0.43783 0)
(1.34284 0.437704 0)
(1.37528 0.437417 0)
(1.41079 0.439175 0)
(1.45649 0.448117 0)
(1.51607 0.467527 0)
(1.58487 0.495636 0)
(1.64408 0.523305 0)
(1.66085 0.535328 0)
(1.59891 0.507128 0)
(1.43026 0.426249 0)
(1.13659 0.261863 0)
(0.791339 0.0582483 0)
(0.300815 -0.241718 0)
(0.183694 -0.245235 0)
(0.177972 -0.262548 0)
(0.210572 -0.243995 0)
(0.241802 -0.22632 0)
(0.277811 -0.205657 0)
(0.315747 -0.179282 0)
(0.349769 -0.151229 0)
(0.377149 -0.121815 0)
(0.398729 -0.0895766 0)
(0.415654 -0.0541012 0)
(0.427838 -0.0157287 0)
(0.434828 0.024832 0)
(0.436275 0.0669172 0)
(0.431991 0.109752 0)
(0.42191 0.15248 0)
(0.40612 0.194277 0)
(0.384844 0.234395 0)
(0.35843 0.272165 0)
(0.327325 0.306988 0)
(0.292044 0.33835 0)
(0.253139 0.365832 0)
(0.211161 0.38913 0)
(0.166659 0.408033 0)
(0.12017 0.422381 0)
(0.0724201 0.432415 0)
(0.0235468 0.424138 0)
(1.31598 0.412409 0)
(1.35207 0.409789 0)
(1.38519 0.40954 0)
(1.41551 0.410946 0)
(1.44644 0.41493 0)
(1.48425 0.423936 0)
(1.53445 0.441443 0)
(1.59797 0.46984 0)
(1.6627 0.502926 0)
(1.70529 0.527224 0)
(1.68592 0.522397 0)
(1.57311 0.47181 0)
(1.34356 0.353832 0)
(1.03686 0.172023 0)
(0.638344 -0.0696478 0)
(0.276496 -0.272142 0)
(0.268651 -0.289892 0)
(0.276187 -0.24675 0)
(0.289898 -0.233122 0)
(0.321769 -0.211507 0)
(0.361369 -0.179689 0)
(0.397572 -0.143972 0)
(0.42569 -0.106688 0)
(0.446236 -0.0669182 0)
(0.460706 -0.0242693 0)
(0.469395 0.0208516 0)
(0.471935 0.0677519 0)
(0.468043 0.115553 0)
(0.457616 0.163253 0)
(0.440783 0.209873 0)
(0.417839 0.254528 0)
(0.3892 0.296462 0)
(0.355386 0.335034 0)
(0.316993 0.369705 0)
(0.274661 0.400033 0)
(0.229029 0.425691 0)
(0.180717 0.446464 0)
(0.130317 0.462204 0)
(0.0785607 0.473222 0)
(0.0255902 0.464711 0)
(1.30179 0.389009 0)
(1.34731 0.391534 0)
(1.38894 0.391067 0)
(1.42593 0.388321 0)
(1.45792 0.389043 0)
(1.48652 0.393581 0)
(1.51756 0.403174 0)
(1.55872 0.420696 0)
(1.6143 0.448042 0)
(1.67897 0.483423 0)
(1.7333 0.517054 0)
(1.7446 0.53093 0)
(1.67847 0.502722 0)
(1.51137 0.419575 0)
(1.2477 0.265546 0)
(0.933592 0.0749055 0)
(0.482671 -0.248321 0)
(0.375992 -0.251193 0)
(0.344161 -0.251625 0)
(0.347112 -0.238808 0)
(0.37526 -0.213407 0)
(0.415317 -0.174142 0)
(0.452348 -0.129127 0)
(0.47968 -0.0827627 0)
(0.497638 -0.0346652 0)
(0.50826 0.0156466 0)
(0.512018 0.0679429 0)
(0.508601 0.121378 0)
(0.497799 0.17472 0)
(0.479746 0.226801 0)
(0.454843 0.276577 0)
(0.423622 0.323173 0)
(0.386701 0.365894 0)
(0.344766 0.404188 0)
(0.298558 0.437609 0)
(0.248817 0.465822 0)
(0.196256 0.48861 0)
(0.141523 0.505834 0)
(0.0853314 0.517884 0)
(0.0278361 0.509162 0)
(1.29865 0.348441 0)
(1.31841 0.351068 0)
(1.35478 0.357513 0)
(1.40669 0.367417 0)
(1.4547 0.375044 0)
(1.49433 0.376866 0)
(1.52662 0.37905 0)
(1.55562 0.387027 0)
(1.58948 0.403423 0)
(1.63614 0.430618 0)
(1.69624 0.468159 0)
(1.75562 0.50762 0)
(1.78698 0.533138 0)
(1.75294 0.522929 0)
(1.63195 0.464034 0)
(1.41448 0.340638 0)
(1.14937 0.173901 0)
(0.685742 -0.116459 0)
(0.460481 -0.220716 0)
(0.432131 -0.249752 0)
(0.419301 -0.239235 0)
(0.44006 -0.207925 0)
(0.478179 -0.159335 0)
(0.513837 -0.103946 0)
(0.538339 -0.0478802 0)
(0.552052 0.00898164 0)
(0.557215 0.0674097 0)
(0.554306 0.127214 0)
(0.543078 0.186997 0)
(0.523597 0.245291 0)
(0.496381 0.300856 0)
(0.462132 0.352683 0)
(0.42162 0.400002 0)
(0.375644 0.442254 0)
(0.325049 0.479018 0)
(0.27069 0.509973 0)
(0.213388 0.534911 0)
(0.153857 0.553703 0)
(0.0927692 0.566827 0)
(0.0302979 0.557919 0)
(1.53077 0.37572 0)
(1.43486 0.332737 0)
(1.36814 0.313359 0)
(1.38 0.317703 0)
(1.41044 0.329166 0)
(1.46148 0.347908 0)
(1.51458 0.365266 0)
(1.55776 0.374074 0)
(1.59211 0.378957 0)
(1.62451 0.391815 0)
(1.66429 0.417528 0)
(1.71749 0.456171 0)
(1.77625 0.500523 0)
(1.81668 0.534908 0)
(1.80457 0.538526 0)
(1.71592 0.495565 0)
(1.53949 0.395323 0)
(1.30898 0.24633 0)
(0.938109 0.0167836 0)
(0.616391 -0.163284 0)
(0.542495 -0.229446 0)
(0.505856 -0.227105 0)
(0.515462 -0.190692 0)
(0.548923 -0.13206 0)
(0.580839 -0.0661405 0)
(0.600579 -0.000111167 0)
(0.608268 0.0659782 0)
(0.605971 0.133105 0)
(0.594198 0.200241 0)
(0.573013 0.265639 0)
(0.543049 0.327763 0)
(0.505223 0.385456 0)
(0.460524 0.437866 0)
(0.409914 0.484433 0)
(0.354351 0.524784 0)
(0.294808 0.558649 0)
(0.232225 0.585852 0)
(0.167382 0.606284 0)
(0.100906 0.620515 0)
(0.0329885 0.611446 0)
(2.00885 0.53236 0)
(1.87645 0.463782 0)
(1.70941 0.391247 0)
(1.56606 0.315884 0)
(1.46516 0.291534 0)
(1.44524 0.293845 0)
(1.46814 0.310354 0)
(1.51259 0.33492 0)
(1.57037 0.361579 0)
(1.61847 0.377665 0)
(1.65746 0.388701 0)
(1.6962 0.410978 0)
(1.74349 0.449628 0)
(1.79806 0.497914 0)
(1.84078 0.539093 0)
(1.84116 0.552202 0)
(1.77192 0.519915 0)
(1.62635 0.43515 0)
(1.4188 0.298862 0)
(1.11751 0.102334 0)
(0.778009 -0.0994866 0)
(0.659852 -0.191006 0)
(0.599828 -0.199787 0)
(0.598432 -0.15856 0)
(0.625604 -0.0904518 0)
(0.652128 -0.0139329 0)
(0.665214 0.06264 0)
(0.664498 0.138988 0)
(0.652097 0.214689 0)
(0.628802 0.288232 0)
(0.595519 0.357811 0)
(0.553435 0.422072 0)
(0.50382 0.4801 0)
(0.447866 0.531342 0)
(0.386668 0.575507 0)
(0.321313 0.61242 0)
(0.252857 0.641971 0)
(0.182145 0.664085 0)
(0.109765 0.679445 0)
(0.0359191 0.670234 0)
(2.23784 0.565458 0)
(2.27757 0.585909 0)
(2.21975 0.566393 0)
(2.06435 0.490011 0)
(1.88611 0.426281 0)
(1.68853 0.327069 0)
(1.56984 0.287106 0)
(1.50621 0.279933 0)
(1.52255 0.300504 0)
(1.56415 0.329946 0)
(1.62721 0.3663 0)
(1.681 0.391016 0)
(1.72637 0.413157 0)
(1.77242 0.450461 0)
(1.82249 0.501212 0)
(1.8631 0.54756 0)
(1.86748 0.56686 0)
(1.80912 0.541321 0)
(1.683 0.465326 0)
(1.49768 0.33943 0)
(1.23741 0.157934 0)
(0.921146 -0.0413461 0)
(0.77178 -0.143399 0)
(0.69669 -0.157205 0)
(0.685722 -0.111647 0)
(0.707102 -0.033228 0)
(0.726825 0.0552991 0)
(0.730321 0.144105 0)
(0.717854 0.230583 0)
(0.691965 0.313614 0)
(0.654571 0.391665 0)
(0.607352 0.46326 0)
(0.551927 0.527442 0)
(0.489777 0.583704 0)
(0.422176 0.631875 0)
(0.350313 0.671923 0)
(0.275347 0.703853 0)
(0.198175 0.727655 0)
(0.119358 0.744144 0)
(0.0390966 0.734799 0)
(2.07085 0.41392 0)
(2.23941 0.500093 0)
(2.35825 0.57818 0)
(2.38315 0.612394 0)
(2.31744 0.607533 0)
(2.1581 0.534945 0)
(1.96934 0.455048 0)
(1.76587 0.36036 0)
(1.63219 0.290859 0)
(1.55415 0.275357 0)
(1.56965 0.297559 0)
(1.61892 0.337381 0)
(1.69041 0.385751 0)
(1.74993 0.421176 0)
(1.80107 0.459719 0)
(1.84888 0.512033 0)
(1.88527 0.561719 0)
(1.88785 0.584217 0)
(1.83326 0.561436 0)
(1.71788 0.489464 0)
(1.55145 0.37119 0)
(1.30826 0.193863 0)
(1.03608 0.0158872 0)
(0.877309 -0.0865381 0)
(0.79263 -0.10301 0)
(0.777552 -0.0495641 0)
(0.793595 0.0429866 0)
(0.802828 0.146606 0)
(0.792226 0.247657 0)
(0.763627 0.342465 0)
(0.721112 0.430225 0)
(0.667598 0.50995 0)
(0.60525 0.580791 0)
(0.535886 0.642364 0)
(0.460997 0.694662 0)
(0.381863 0.73786 0)
(0.299709 0.772129 0)
(0.215464 0.797569 0)
(0.129677 0.815158 0)
(0.0425209 0.80567 0)
(1.83754 0.271708 0)
(1.97019 0.336303 0)
(2.1357 0.440541 0)
(2.28469 0.546687 0)
(2.37501 0.625346 0)
(2.37958 0.64997 0)
(2.30411 0.629092 0)
(2.15717 0.559178 0)
(1.97685 0.463791 0)
(1.79035 0.37246 0)
(1.65534 0.289313 0)
(1.58568 0.273806 0)
(1.61438 0.306059 0)
(1.68622 0.367423 0)
(1.76596 0.427952 0)
(1.8276 0.476332 0)
(1.87611 0.530782 0)
(1.90731 0.58227 0)
(1.90381 0.604756 0)
(1.84746 0.580986 0)
(1.73774 0.509027 0)
(1.58794 0.396835 0)
(1.35347 0.22173 0)
(1.12369 0.0691129 0)
(0.970264 -0.0285959 0)
(0.889634 -0.0384987 0)
(0.875828 0.0327689 0)
(0.8829 0.145713 0)
(0.875282 0.264818 0)
(0.844736 0.375249 0)
(0.796134 0.474647 0)
(0.734823 0.563349 0)
(0.664144 0.641257 0)
(0.586361 0.708309 0)
(0.503173 0.764742 0)
(0.415936 0.810992 0)
(0.325889 0.847467 0)
(0.233957 0.87442 0)
(0.140689 0.893036 0)
(0.0461808 0.883368 0)
(1.75626 0.228266 0)
(1.79183 0.24422 0)
(1.87673 0.305509 0)
(2.00754 0.404961 0)
(2.15251 0.51668 0)
(2.27043 0.606903 0)
(2.33194 0.657434 0)
(2.32286 0.660225 0)
(2.24568 0.623401 0)
(2.11061 0.55325 0)
(1.94162 0.454139 0)
(1.76951 0.360931 0)
(1.65083 0.281339 0)
(1.61125 0.278595 0)
(1.67856 0.342352 0)
(1.77758 0.430853 0)
(1.85349 0.498251 0)
(1.90394 0.558025 0)
(1.92814 0.609527 0)
(1.91504 0.628109 0)
(1.85308 0.598964 0)
(1.74703 0.523982 0)
(1.61148 0.415817 0)
(1.38632 0.247044 0)
(1.195 0.111344 0)
(1.05966 0.0281217 0)
(0.993287 0.0467947 0)
(0.978143 0.148269 0)
(0.967822 0.282054 0)
(0.93565 0.411961 0)
(0.88043 0.52618 0)
(0.809637 0.625004 0)
(0.728877 0.710221 0)
(0.641237 0.782696 0)
(0.548618 0.843085 0)
(0.45239 0.892137 0)
(0.353739 0.930553 0)
(0.25354 0.958802 0)
(0.152319 0.978314 0)
(0.0500492 0.968392 0)
(1.77345 0.230213 0)
(1.77048 0.231801 0)
(1.78052 0.253997 0)
(1.82743 0.308875 0)
(1.91849 0.394548 0)
(2.03694 0.49152 0)
(2.15342 0.577434 0)
(2.23984 0.635835 0)
(2.27662 0.660273 0)
(2.25436 0.649101 0)
(2.17287 0.605068 0)
(2.04001 0.530447 0)
(1.87594 0.425368 0)
(1.71952 0.327939 0)
(1.64108 0.272327 0)
(1.67202 0.318092 0)
(1.78897 0.430655 0)
(1.88263 0.526174 0)
(1.93223 0.593852 0)
(1.9458 0.642494 0)
(1.92 0.652358 0)
(1.85048 0.613694 0)
(1.7479 0.533629 0)
(1.62277 0.426247 0)
(1.41884 0.269009 0)
(1.25319 0.14331 0)
(1.14658 0.100233 0)
(1.09663 0.167929 0)
(1.07299 0.304036 0)
(1.03663 0.453266 0)
(0.974273 0.585869 0)
(0.892363 0.696658 0)
(0.799508 0.789348 0)
(0.700349 0.866871 0)
(0.597062 0.930757 0)
(0.49093 0.982147 0)
(0.382994 1.02208 0)
(0.27401 1.05129 0)
(0.164443 1.07148 0)
(0.0540803 1.06119 0)
(1.80044 0.226622 0)
(1.80666 0.236724 0)
(1.80483 0.253265 0)
(1.80832 0.283374 0)
(1.83412 0.332949 0)
(1.89171 0.400653 0)
(1.97613 0.47726 0)
(2.07081 0.549741 0)
(2.1554 0.607376 0)
(2.21163 0.64352 0)
(2.22495 0.653514 0)
(2.18558 0.632542 0)
(2.09097 0.578362 0)
(1.94865 0.486907 0)
(1.7843 0.367685 0)
(1.67142 0.284568 0)
(1.67802 0.300952 0)
(1.81265 0.438821 0)
(1.9181 0.564239 0)
(1.95964 0.638333 0)
(1.95758 0.679075 0)
(1.91674 0.674696 0)
(1.83997 0.62333 0)
(1.74135 0.537433 0)
(1.61799 0.423522 0)
(1.43938 0.281197 0)
(1.30772 0.190782 0)
(1.22913 0.210344 0)
(1.19026 0.335671 0)
(1.14766 0.501503 0)
(1.07736 0.65509 0)
(0.982828 0.780157 0)
(0.875747 0.880535 0)
(0.763232 0.962356 0)
(0.647984 1.02889 0)
(0.531059 1.08188 0)
(0.413233 1.1227 0)
(0.295062 1.15238 0)
(0.176873 1.17295 0)
(0.0582061 1.16212 0)
(1.81634 0.208768 0)
(1.83807 0.227537 0)
(1.85154 0.251341 0)
(1.85884 0.281137 0)
(1.86673 0.318425 0)
(1.88474 0.364424 0)
(1.9201 0.418365 0)
(1.9736 0.476671 0)
(2.03913 0.534276 0)
(2.10592 0.585887 0)
(2.16081 0.626009 0)
(2.18929 0.648865 0)
(2.17698 0.646605 0)
(2.11139 0.609076 0)
(1.99082 0.529875 0)
(1.82942 0.402946 0)
(1.69279 0.291083 0)
(1.70602 0.301592 0)
(1.8537 0.467359 0)
(1.95621 0.616116 0)
(1.98087 0.689396 0)
(1.9594 0.715056 0)
(1.90372 0.691502 0)
(1.82295 0.62628 0)
(1.73037 0.537291 0)
(1.58982 0.406822 0)
(1.4472 0.295091 0)
(1.35366 0.267691 0)
(1.30665 0.372603 0)
(1.26432 0.555697 0)
(1.18814 0.73508 0)
(1.08009 0.877447 0)
(0.956708 0.985783 0)
(0.828974 1.07075 0)
(0.700512 1.13862 0)
(0.572024 1.19212 0)
(0.443855 1.23296 0)
(0.316267 1.26249 0)
(0.189349 1.28302 0)
(0.0623348 1.27144 0)
(1.83051 0.181683 0)
(1.86162 0.205129 0)
(1.88772 0.234495 0)
(1.90877 0.26943 0)
(1.9255 0.308833 0)
(1.9403 0.351462 0)
(1.95712 0.396279 0)
(1.97996 0.4424 0)
(2.01109 0.488873 0)
(2.05018 0.534572 0)
(2.094 0.578114 0)
(2.13589 0.616963 0)
(2.16486 0.645867 0)
(2.16519 0.655969 0)
(2.11855 0.632595 0)
(2.0118 0.557068 0)
(1.85077 0.420811 0)
(1.70134 0.281128 0)
(1.73956 0.319146 0)
(1.9078 0.529653 0)
(1.98907 0.682546 0)
(1.989 0.741948 0)
(1.94783 0.744261 0)
(1.88096 0.698837 0)
(1.80244 0.623198 0)
(1.71371 0.531884 0)
(1.57076 0.40935 0)
(1.46317 0.340326 0)
(1.41028 0.410066 0)
(1.37573 0.608017 0)
(1.30183 0.823826 0)
(1.18196 0.989966 0)
(1.04074 1.1071 0)
(0.896091 1.19364 0)
(0.75336 1.26099 0)
(0.612771 1.31351 0)
(0.474049 1.35327 0)
(0.337053 1.38184 0)
(0.201531 1.40181 0)
(0.0663503 1.3892 0)
(1.85084 0.148086 0)
(1.88799 0.175465 0)
(1.92068 0.208481 0)
(1.94966 0.246977 0)
(1.97516 0.289929 0)
(1.99717 0.335585 0)
(2.01593 0.381916 0)
(2.03234 0.427186 0)
(2.04783 0.470253 0)
(2.06419 0.510688 0)
(2.08318 0.54868 0)
(2.106 0.584803 0)
(2.13166 0.619336 0)
(2.15406 0.650082 0)
(2.15808 0.668177 0)
(2.11978 0.652528 0)
(2.01482 0.571134 0)
(1.84413 0.415982 0)
(1.69849 0.276233 0)
(1.79292 0.366231 0)
(1.96503 0.62426 0)
(2.00618 0.755509 0)
(1.97925 0.786823 0)
(1.92243 0.760393 0)
(1.85147 0.695062 0)
(1.77909 0.614904 0)
(1.67812 0.511606 0)
(1.56267 0.42092 0)
(1.49968 0.450674 0)
(1.47003 0.650636 0)
(1.40923 0.913817 0)
(1.28391 1.11674 0)
(1.12508 1.24597 0)
(0.962367 1.33235 0)
(0.80474 1.39678 0)
(0.651911 1.44644 0)
(0.502783 1.48376 0)
(0.356709 1.51042 0)
(0.212998 1.52921 0)
(0.0701129 1.51526 0)
(1.87842 0.108963 0)
(1.92054 0.140798 0)
(1.95783 0.177696 0)
(1.99109 0.219488 0)
(2.02076 0.26545 0)
(2.04692 0.314279 0)
(2.06926 0.364194 0)
(2.08734 0.413239 0)
(2.10081 0.45964 0)
(2.10984 0.502093 0)
(2.11539 0.539812 0)
(2.11957 0.572735 0)
(2.12584 0.602137 0)
(2.13755 0.631378 0)
(2.15304 0.662755 0)
(2.15703 0.686989 0)
(2.11767 0.67131 0)
(2.00137 0.571062 0)
(1.81311 0.390287 0)
(1.71177 0.276965 0)
(1.88508 0.463958 0)
(2.00253 0.736812 0)
(1.99974 0.819879 0)
(1.95141 0.814309 0)
(1.8866 0.759786 0)
(1.82093 0.683985 0)
(1.7516 0.603175 0)
(1.64318 0.506556 0)
(1.57018 0.499377 0)
(1.54196 0.684303 0)
(1.49896 0.995642 0)
(1.37844 1.2532 0)
(1.20551 1.40232 0)
(1.02484 1.48763 0)
(0.852386 1.54634 0)
(0.687738 1.59088 0)
(0.52882 1.62421 0)
(0.374392 1.64789 0)
(0.223259 1.66483 0)
(0.0734617 1.64918 0)
(1.9103 0.0651439 0)
(1.95742 0.10167 0)
(1.99945 0.142881 0)
(2.0368 0.188635 0)
(2.06958 0.238306 0)
(2.09783 0.29083 0)
(2.12134 0.344728 0)
(2.13971 0.398278 0)
(2.15244 0.449723 0)
(2.15921 0.497393 0)
(2.16009 0.539718 0)
(2.15585 0.575226 0)
(2.14865 0.602982 0)
(2.14322 0.625237 0)
(2.14631 0.65015 0)
(2.15885 0.684861 0)
(2.16192 0.714491 0)
(2.11294 0.687154 0)
(1.97163 0.548717 0)
(1.77305 0.345833 0)
(1.77802 0.314722 0)
(1.97126 0.660346 0)
(2.00726 0.83779 0)
(1.97064 0.862247 0)
(1.91081 0.819222 0)
(1.8478 0.745297 0)
(1.78936 0.669711 0)
(1.70171 0.579414 0)
(1.62478 0.550079 0)
(1.59314 0.710083 0)
(1.56456 1.0621 0)
(1.45702 1.39129 0)
(1.27626 1.5736 0)
(1.07981 1.6591 0)
(0.893633 1.70933 0)
(0.718302 1.74628 0)
(0.550775 1.77394 0)
(0.389166 1.79353 0)
(0.231769 1.8079 0)
(0.0762199 1.79018 0)
(1.94533 0.0157866 0)
(1.99805 0.0572675 0)
(2.04533 0.103347 0)
(2.08725 0.15397 0)
(2.1235 0.208512 0)
(2.15387 0.266018 0)
(2.17818 0.325194 0)
(2.19592 0.384371 0)
(2.20642 0.441683 0)
(2.20943 0.495296 0)
(2.20559 0.543338 0)
(2.19627 0.583623 0)
(2.18315 0.613685 0)
(2.16859 0.632923 0)
(2.1576 0.647411 0)
(2.15876 0.671468 0)
(2.17368 0.714021 0)
(2.17442 0.744667 0)
(2.10405 0.685388 0)
(1.92364 0.491979 0)
(1.75431 0.304254 0)
(1.91234 0.492064 0)
(1.99997 0.830685 0)
(1.9797 0.903382 0)
(1.92548 0.874395 0)
(1.86513 0.803823 0)
(1.81195 0.728444 0)
(1.7491 0.65607 0)
(1.66547 0.605853 0)
(1.6305 0.739565 0)
(1.60743 1.11783 0)
(1.51315 1.52517 0)
(1.33113 1.75524 0)
(1.12315 1.8448 0)
(0.925638 1.88452 0)
(0.74156 1.91147 0)
(0.567201 1.93178 0)
(0.400058 1.94618 0)
(0.237965 1.9573 0)
(0.0782029 1.93711 0)
(1.98484 -0.0397547 0)
(2.04363 0.00698767 0)
(2.0965 0.0585691 0)
(2.14336 0.115043 0)
(2.18351 0.175735 0)
(2.21647 0.239539 0)
(2.24207 0.30533 0)
(2.25976 0.371826 0)
(2.2682 0.436978 0)
(2.26604 0.497944 0)
(2.25369 0.55213 0)
(2.23461 0.597586 0)
(2.21456 0.631624 0)
(2.19816 0.652174 0)
(2.18623 0.662106 0)
(2.18085 0.671799 0)
(2.18877 0.700922 0)
(2.20829 0.753503 0)
(2.19673 0.769363 0)
(2.08396 0.64989 0)
(1.87432 0.414473 0)
(1.86182 0.356489 0)
(1.98481 0.787928 0)
(1.97761 0.934794 0)
(1.93025 0.924989 0)
(1.87379 0.858323 0)
(1.82345 0.780481 0)
(1.77356 0.714891 0)
(1.69902 0.659055 0)
(1.65945 0.772545 0)
(1.63399 1.1682 0)
(1.54552 1.65279 0)
(1.36574 1.94228 0)
(1.15109 2.04127 0)
(0.945741 2.06961 0)
(0.755588 2.08456 0)
(0.576713 2.09604 0)
(0.406126 2.10424 0)
(0.241298 2.11147 0)
(0.079228 2.08844 0)
(2.02939 -0.101334 0)
(2.09446 -0.0493165 0)
(2.15367 0.00826941 0)
(2.20621 0.0713323 0)
(2.25112 0.139183 0)
(2.2873 0.210502 0)
(2.31429 0.284159 0)
(2.33192 0.359605 0)
(2.33861 0.435848 0)
(2.3312 0.509339 0)
(2.30859 0.572992 0)
(2.27573 0.619165 0)
(2.24442 0.644194 0)
(2.22835 0.654142 0)
(2.23103 0.660619 0)
(2.23865 0.668413 0)
(2.24121 0.68771 0)
(2.24967 0.736952 0)
(2.25872 0.798445 0)
(2.20923 0.767845 0)
(2.03632 0.570423 0)
(1.88409 0.377639 0)
(1.97781 0.716337 0)
(1.96748 0.959175 0)
(1.92579 0.97096 0)
(1.87432 0.908407 0)
(1.82767 0.82749 0)
(1.78478 0.762114 0)
(1.72011 0.707765 0)
(1.68003 0.813546 0)
(1.64706 1.22414 0)
(1.55834 1.77985 0)
(1.37936 2.13239 0)
(1.16132 2.24465 0)
(0.951855 2.26154 0)
(0.758757 2.26311 0)
(0.578084 2.26455 0)
(0.406516 2.26568 0)
(0.241265 2.26846 0)
(0.079126 2.24224 0)
(2.07946 -0.170063 0)
(2.15117 -0.113141 0)
(2.21726 -0.0493929 0)
(2.27638 0.0212315 0)
(2.32682 0.0979874 0)
(2.3669 0.179141 0)
(2.39559 0.262792 0)
(2.41352 0.348775 0)
(2.42021 0.437893 0)
(2.41067 0.52715 0)
(2.3775 0.607828 0)
(2.31891 0.668109 0)
(2.25664 0.691589 0)
(2.23473 0.673565 0)
(2.26765 0.653341 0)
(2.31842 0.66036 0)
(2.34626 0.68711 0)
(2.34289 0.7342 0)
(2.33042 0.808674 0)
(2.2962 0.842619 0)
(2.17243 0.718416 0)
(1.97289 0.496396 0)
(1.98757 0.659878 0)
(1.95136 0.991959 0)
(1.91269 1.01522 0)
(1.86734 0.954006 0)
(1.82567 0.870547 0)
(1.78873 0.80305 0)
(1.73216 0.753429 0)
(1.69078 0.856821 0)
(1.65196 1.28653 0)
(1.55889 1.9113 0)
(1.37524 2.32655 0)
(1.15335 2.45236 0)
(0.942631 2.45714 0)
(0.74978 2.44422 0)
(0.570277 2.43467 0)
(0.400494 2.42805 0)
(0.237437 2.42597 0)
(0.0777541 2.39623 0)
(2.13455 -0.245563 0)
(2.214 -0.183895 0)
(2.28795 -0.114079 0)
(2.35489 -0.0357161 0)
(2.41253 0.0510116 0)
(2.45849 0.143993 0)
(2.49046 0.239575 0)
(2.50889 0.336469 0)
(2.51625 0.439186 0)
(2.50964 0.55056 0)
(2.47558 0.659587 0)
(2.40621 0.733453 0)
(2.33356 0.721901 0)
(2.30631 0.64819 0)
(2.32704 0.594841 0)
(2.38677 0.601 0)
(2.4552 0.667718 0)
(2.46695 0.754205 0)
(2.43401 0.84158 0)
(2.38362 0.910691 0)
(2.27255 0.850878 0)
(2.0779 0.662466 0)
(1.99573 0.662592 0)
(1.92969 1.03626 0)
(1.89064 1.05585 0)
(1.85256 0.99415 0)
(1.81672 0.910115 0)
(1.78559 0.841061 0)
(1.73742 0.795615 0)
(1.69345 0.899717 0)
(1.6513 1.35139 0)
(1.54869 2.05094 0)
(1.35234 2.52799 0)
(1.12539 2.66339 0)
(0.916453 2.6535 0)
(0.727395 2.62471 0)
(0.552401 2.6034 0)
(0.387488 2.5886 0)
(0.229507 2.58143 0)
(0.0750154 2.54797 0)
)
;

boundaryField
{
    leftWall
    {
        type            fixedValue;
        value           nonuniform 0();
    }
    rightWall
    {
        type            fixedValue;
        value           uniform (0 0 0);
    }
    lowerWall
    {
        type            fixedValue;
        value           uniform (0 0 0);
    }
    atmosphere
    {
        type            pressureInletOutletVelocity;
        value           nonuniform 0();
    }
    defaultFaces
    {
        type            empty;
    }
    procBoundary1to0
    {
        type            processor;
        value           nonuniform List<vector> 
44
(
(-0.384503 0.019819 0)
(-0.269009 0.00429277 0)
(0.029467 0.0761245 0)
(0.283904 0.155155 0)
(0.441414 0.232541 0)
(0.502558 0.299169 0)
(0.502169 0.359153 0)
(0.488785 0.417245 0)
(0.497373 0.474688 0)
(0.538905 0.529963 0)
(0.612177 0.57306 0)
(0.702133 0.588509 0)
(0.787371 0.577349 0)
(0.857982 0.554923 0)
(0.914018 0.531128 0)
(0.959908 0.506686 0)
(0.99882 0.484355 0)
(1.0339 0.461915 0)
(1.06001 0.443236 0)
(1.08091 0.426124 0)
(1.1231 0.43276 0)
(1.1231 0.43276 0)
(1.13887 0.421207 0)
(1.1686 0.427433 0)
(1.42127 0.508404 0)
(1.75752 0.494832 0)
(1.79234 0.451167 0)
(1.651 0.341389 0)
(1.54062 0.267881 0)
(1.5367 0.229627 0)
(1.59896 0.209629 0)
(1.6707 0.216092 0)
(1.71012 0.235023 0)
(1.70108 0.245546 0)
(1.6499 0.23098 0)
(1.58874 0.184541 0)
(1.55234 0.116345 0)
(1.54034 0.0405289 0)
(1.5444 -0.0417303 0)
(1.55549 -0.124649 0)
(1.57155 -0.20927 0)
(1.59353 -0.295447 0)
(1.61956 -0.382671 0)
(1.64841 -0.472065 0)
)
;
    }
    procBoundary1to3
    {
        type            processor;
        value           nonuniform List<vector> 
45
(
(1.76874 -0.533789 0)
(1.85552 -0.502243 0)
(1.9401 -0.467391 0)
(2.02437 -0.428229 0)
(2.10749 -0.383681 0)
(2.19451 -0.329264 0)
(2.28273 -0.262824 0)
(2.366 -0.186427 0)
(2.44228 -0.0998357 0)
(2.50928 -0.00298538 0)
(2.56427 0.103164 0)
(2.60348 0.213696 0)
(2.62414 0.323274 0)
(2.63022 0.435813 0)
(2.62894 0.563309 0)
(2.61672 0.701537 0)
(2.58154 0.801947 0)
(2.51951 0.785347 0)
(2.4528 0.643054 0)
(2.43749 0.540402 0)
(2.47723 0.530349 0)
(2.526 0.618376 0)
(2.53937 0.761633 0)
(2.50728 0.894136 0)
(2.44642 0.989818 0)
(2.34769 0.979002 0)
(2.1651 0.827915 0)
(2.01675 0.805784 0)
(1.90414 1.08526 0)
(1.85892 1.09407 0)
(1.82932 1.02734 0)
(1.801 0.944558 0)
(1.77595 0.87791 0)
(1.73873 0.839307 0)
(1.69149 0.941253 0)
(1.63967 1.42037 0)
(1.51617 2.20285 0)
(1.29909 2.73869 0)
(1.07196 2.87604 0)
(0.871011 2.84717 0)
(0.69044 2.80101 0)
(0.523892 2.7674 0)
(0.367249 2.74417 0)
(0.217381 2.73178 0)
(0.0708875 2.69439 0)
)
;
    }
}


// ************************************************************************* //
