/*--------------------------------*- C++ -*----------------------------------*\
| =========                 |                                                 |
| \\      /  F ield         | OpenFOAM: The Open Source CFD Toolbox           |
|  \\    /   O peration     | Version:  3.0.1                                 |
|   \\  /    A nd           | Web:      www.OpenFOAM.org                      |
|    \\/     M anipulation  |                                                 |
\*---------------------------------------------------------------------------*/
FoamFile
{
    version     2.0;
    format      ascii;
    class       surfaceScalarField;
    location    "0.2";
    object      phi;
}
// * * * * * * * * * * * * * * * * * * * * * * * * * * * * * * * * * * * * * //

dimensions      [0 3 -1 0 0 0 0];

internalField   nonuniform List<scalar> 
3742
(
-5.51279e-05
-7.85334e-05
-6.16048e-05
-5.3713e-05
-5.84662e-05
-3.27332e-05
-4.77288e-05
-1.82161e-05
-4.30381e-05
-9.36262e-06
-5.61733e-05
2.7255e-06
-5.43446e-05
1.63595e-05
-4.48052e-05
4.52949e-06
-3.99243e-05
-6.55085e-06
-3.64007e-05
-1.21262e-05
-3.40407e-05
-1.94627e-05
-3.25918e-05
-2.60297e-05
-3.18825e-05
-3.26124e-05
-3.17896e-05
-3.91798e-05
-3.22611e-05
-4.59362e-05
-3.32821e-05
-5.30285e-05
-3.48775e-05
-6.06513e-05
-3.70984e-05
-6.90261e-05
-4.00144e-05
-7.84352e-05
-4.37076e-05
-8.92665e-05
-4.83299e-05
-0.000102209
-5.41642e-05
-0.000118718
-6.08176e-05
-0.000140222
-6.44272e-05
-0.00016044
-0.000153367
5.40412e-07
-8.10503e-05
3.48333e-07
-8.69195e-05
2.64508e-07
-8.74973e-05
9.91262e-08
-8.85372e-05
-2.05969e-07
-8.99437e-05
-7.04605e-07
-9.17388e-05
-1.45985e-06
-9.39334e-05
-2.54768e-06
-9.65478e-05
-4.05916e-06
-9.96092e-05
-6.10923e-06
-0.000103127
-8.82657e-06
-0.00010702
-1.23883e-05
-0.000111266
-1.72341e-05
-0.000116526
-2.42429e-05
-0.000124395
-3.39562e-05
-0.000135707
-4.53107e-05
-0.00014759
-5.51061e-05
-0.000153413
-6.02835e-05
-0.00014765
-6.14306e-05
-0.000129991
-6.21124e-05
-0.000104425
-6.33657e-05
-7.72802e-05
-6.30037e-05
-5.4075e-05
-6.03763e-05
-3.53606e-05
-6.00309e-05
-1.85615e-05
-6.60045e-05
-3.38895e-06
-7.12638e-05
7.98478e-06
-6.24857e-05
7.58137e-06
-5.30845e-05
-4.87172e-06
-4.82923e-05
-1.13431e-05
-4.44363e-05
-1.59823e-05
-4.18664e-05
-2.20326e-05
-4.02917e-05
-2.76044e-05
-3.96041e-05
-3.33e-05
-3.9696e-05
-3.90878e-05
-4.05356e-05
-4.50965e-05
-4.21367e-05
-5.14274e-05
-4.45642e-05
-5.82238e-05
-4.79349e-05
-6.56554e-05
-5.24295e-05
-7.39406e-05
-5.83214e-05
-8.33746e-05
-6.6086e-05
-9.44441e-05
-7.66877e-05
-0.000108116
-9.11885e-05
-0.000125722
-0.000106832
-0.000144797
-0.000148497
-1.09373e-08
-8.10393e-05
-4.73006e-07
-8.64574e-05
-9.54439e-07
-8.70159e-05
-1.5501e-06
-8.79415e-05
-2.30464e-06
-8.91892e-05
-3.27796e-06
-9.07655e-05
-4.53631e-06
-9.26751e-05
-6.16001e-06
-9.49241e-05
-8.24726e-06
-9.7522e-05
-1.09146e-05
-0.000100459
-1.42829e-05
-0.000103651
-1.85389e-05
-0.00010701
-2.4211e-05
-0.000110854
-3.23818e-05
-0.000116224
-4.40783e-05
-0.00012401
-5.87808e-05
-0.000132887
-7.36063e-05
-0.000138587
-8.4836e-05
-0.00013642
-9.03764e-05
-0.000124451
-9.07845e-05
-0.000104017
-8.85753e-05
-7.94895e-05
-8.70667e-05
-5.55836e-05
-8.78193e-05
-3.46079e-05
-8.97771e-05
-1.66038e-05
-8.92871e-05
-3.87889e-06
-8.10766e-05
-2.25708e-07
-6.83262e-05
-5.16906e-06
-6.0113e-05
-1.30849e-05
-5.52647e-05
-1.61914e-05
-5.13273e-05
-1.99197e-05
-4.87245e-05
-2.46353e-05
-4.71943e-05
-2.91347e-05
-4.66255e-05
-3.38689e-05
-4.69527e-05
-3.87606e-05
-4.81546e-05
-4.38946e-05
-5.02775e-05
-4.93045e-05
-5.34199e-05
-5.50814e-05
-5.77507e-05
-6.13246e-05
-6.35338e-05
-6.81574e-05
-7.11719e-05
-7.57365e-05
-8.13377e-05
-8.42782e-05
-9.52895e-05
-9.41642e-05
-0.000115087
-0.000105924
-0.000140868
-0.000119015
-0.000125744
-4.38916e-07
-8.06004e-05
-1.21327e-06
-8.56831e-05
-2.07113e-06
-8.6158e-05
-3.04898e-06
-8.69636e-05
-4.19982e-06
-8.80383e-05
-5.58213e-06
-8.93832e-05
-7.26232e-06
-9.09949e-05
-9.31914e-06
-9.28673e-05
-1.18481e-05
-9.4993e-05
-1.49576e-05
-9.73498e-05
-1.87519e-05
-9.98569e-05
-2.33779e-05
-0.000102384
-2.92651e-05
-0.000104967
-3.74087e-05
-0.00010808
-4.90879e-05
-0.000112331
-6.46294e-05
-0.000117346
-8.22796e-05
-0.000120937
-9.8764e-05
-0.000119935
-0.00011107
-0.000112145
-0.000117704
-9.73827e-05
-0.000119729
-7.74641e-05
-0.000119231
-5.6082e-05
-0.000116253
-3.75852e-05
-0.000108978
-2.38792e-05
-9.74023e-05
-1.54547e-05
-8.3806e-05
-1.3822e-05
-7.19182e-05
-1.70568e-05
-6.53491e-05
-1.9654e-05
-6.06479e-05
-2.08927e-05
-5.69078e-05
-2.36598e-05
-5.44829e-05
-2.70603e-05
-5.31439e-05
-3.04737e-05
-5.27713e-05
-3.42414e-05
-5.33466e-05
-3.81854e-05
-5.48792e-05
-4.2362e-05
-5.74245e-05
-4.67593e-05
-6.11002e-05
-5.14056e-05
-6.6097e-05
-5.63279e-05
-7.27061e-05
-6.15484e-05
-8.1365e-05
-6.70777e-05
-9.27427e-05
-7.29005e-05
-0.000107965
-7.89423e-05
-0.000128853
-8.50355e-05
-0.000157302
-9.05663e-05
-9.20624e-05
-8.08146e-07
-7.97923e-05
-1.89144e-06
-8.45998e-05
-3.07281e-06
-8.49766e-05
-4.38279e-06
-8.56537e-05
-5.87119e-06
-8.65499e-05
-7.59319e-06
-8.76612e-05
-9.61141e-06
-8.89767e-05
-1.1998e-05
-9.04807e-05
-1.48383e-05
-9.21527e-05
-1.82267e-05
-9.39615e-05
-2.22471e-05
-9.58365e-05
-2.69853e-05
-9.76454e-05
-3.26721e-05
-9.92802e-05
-3.99336e-05
-0.000100819
-4.97872e-05
-0.000102477
-6.29472e-05
-0.000104186
-7.88196e-05
-0.000105065
-9.53144e-05
-0.000103441
-0.000109708
-9.77519e-05
-0.000119615
-8.74751e-05
-0.000123587
-7.34927e-05
-0.000121599
-5.80698e-05
-0.000115056
-4.41276e-05
-0.000105166
-3.37692e-05
-9.2985e-05
-2.76361e-05
-8.15122e-05
-2.52948e-05
-7.3646e-05
-2.4923e-05
-6.86238e-05
-2.46763e-05
-6.43837e-05
-2.51328e-05
-6.11365e-05
-2.6907e-05
-5.9096e-05
-2.91007e-05
-5.80245e-05
-3.15451e-05
-5.79203e-05
-3.43456e-05
-5.87509e-05
-3.73547e-05
-6.0556e-05
-4.05569e-05
-6.33978e-05
-4.39175e-05
-6.73966e-05
-4.74068e-05
-7.27356e-05
-5.09889e-05
-7.968e-05
-5.4604e-05
-8.86073e-05
-5.81504e-05
-0.000100053
-6.14546e-05
-0.000114796
-6.41996e-05
-0.000133955
-6.58762e-05
-0.000159005
-6.55171e-05
-6.0637e-05
-1.1208e-06
-7.86715e-05
-2.48575e-06
-8.32348e-05
-3.94745e-06
-8.3515e-05
-5.53889e-06
-8.40622e-05
-7.30613e-06
-8.47827e-05
-9.29979e-06
-8.56675e-05
-1.15762e-05
-8.67003e-05
-1.41981e-05
-8.78587e-05
-1.72369e-05
-8.91138e-05
-2.07706e-05
-9.04278e-05
-2.48674e-05
-9.17397e-05
-2.95715e-05
-9.29413e-05
-3.49541e-05
-9.38975e-05
-4.12543e-05
-9.45187e-05
-4.8961e-05
-9.47705e-05
-5.85849e-05
-9.45617e-05
-7.00893e-05
-9.35605e-05
-8.24463e-05
-9.10836e-05
-9.38719e-05
-8.63262e-05
-0.000102456
-7.88911e-05
-0.000106694
-6.92547e-05
-0.000105993
-5.87711e-05
-0.000101078
-4.90427e-05
-9.37046e-05
-4.11422e-05
-8.58239e-05
-3.55168e-05
-7.91253e-05
-3.19933e-05
-7.4186e-05
-2.98623e-05
-7.01804e-05
-2.86819e-05
-6.66784e-05
-2.86347e-05
-6.41298e-05
-2.94557e-05
-6.25653e-05
-3.06652e-05
-6.18588e-05
-3.22516e-05
-6.20355e-05
-3.41689e-05
-6.31047e-05
-3.62856e-05
-6.51067e-05
-3.85549e-05
-6.81109e-05
-4.09133e-05
-7.2224e-05
-4.32937e-05
-7.76002e-05
-4.56127e-05
-8.44471e-05
-4.77571e-05
-9.30421e-05
-4.95554e-05
-0.000103737
-5.07593e-05
-0.000116961
-5.09763e-05
-0.000133197
-4.96394e-05
-0.000152969
-4.57457e-05
-3.7509e-05
-1.38438e-06
-7.72871e-05
-2.99237e-06
-8.16269e-05
-4.69054e-06
-8.18168e-05
-6.51338e-06
-8.22393e-05
-8.503e-06
-8.2793e-05
-1.07046e-05
-8.34659e-05
-1.31668e-05
-8.4238e-05
-1.59422e-05
-8.50833e-05
-1.90873e-05
-8.59687e-05
-2.26631e-05
-8.68521e-05
-2.67246e-05
-8.76782e-05
-3.13018e-05
-8.8364e-05
-3.64014e-05
-8.87979e-05
-4.20578e-05
-8.88623e-05
-4.83868e-05
-8.84415e-05
-5.55524e-05
-8.73961e-05
-6.35742e-05
-8.55386e-05
-7.20328e-05
-8.26251e-05
-7.99676e-05
-7.83914e-05
-8.61562e-05
-7.27025e-05
-8.96359e-05
-6.5775e-05
-9.01587e-05
-5.82482e-05
-8.82445e-05
-5.09569e-05
-8.4808e-05
-4.45787e-05
-8.08278e-05
-3.94969e-05
-7.70279e-05
-3.57932e-05
-7.36143e-05
-3.32758e-05
-7.0496e-05
-3.18003e-05
-6.78958e-05
-3.12349e-05
-6.60774e-05
-3.1274e-05
-6.50097e-05
-3.17329e-05
-6.46787e-05
-3.25826e-05
-6.51349e-05
-3.37127e-05
-6.64028e-05
-3.50176e-05
-6.85263e-05
-3.64314e-05
-7.15702e-05
-3.78694e-05
-7.56208e-05
-3.9243e-05
-8.07924e-05
-4.04412e-05
-8.72255e-05
-4.1324e-05
-9.50824e-05
-4.16984e-05
-0.000104554
-4.12873e-05
-0.000115777
-3.97541e-05
-0.000128914
-3.65018e-05
-0.000143803
-3.08568e-05
-2.16428e-05
-1.60398e-06
-7.56831e-05
-3.41289e-06
-7.9818e-05
-5.30382e-06
-7.99258e-05
-7.31028e-06
-8.02328e-05
-9.46987e-06
-8.06334e-05
-1.18218e-05
-8.11139e-05
-1.4407e-05
-8.16527e-05
-1.72675e-05
-8.22228e-05
-2.0446e-05
-8.27901e-05
-2.39863e-05
-8.33117e-05
-2.79287e-05
-8.37358e-05
-3.22965e-05
-8.39963e-05
-3.70846e-05
-8.40098e-05
-4.22685e-05
-8.36783e-05
-4.78182e-05
-8.28918e-05
-5.36895e-05
-8.15248e-05
-5.97814e-05
-7.94467e-05
-6.58573e-05
-7.65492e-05
-7.14878e-05
-7.27609e-05
-7.61099e-05
-6.80804e-05
-7.92211e-05
-6.26638e-05
-8.0606e-05
-5.68633e-05
-8.04276e-05
-5.11354e-05
-7.90881e-05
-4.59183e-05
-7.70352e-05
-4.15498e-05
-7.46666e-05
-3.81619e-05
-7.22602e-05
-3.56822e-05
-7.006e-05
-3.40004e-05
-6.8321e-05
-3.29739e-05
-6.71497e-05
-3.24452e-05
-6.65526e-05
-3.233e-05
-6.65804e-05
-3.25548e-05
-6.72851e-05
-3.30079e-05
-6.87005e-05
-3.36023e-05
-7.0872e-05
-3.42598e-05
-7.38528e-05
-3.48885e-05
-7.77062e-05
-3.53897e-05
-8.25038e-05
-3.56436e-05
-8.83242e-05
-3.55037e-05
-9.5246e-05
-3.47766e-05
-0.000103303
-3.323e-05
-0.000112525
-3.05323e-05
-0.00012274
-2.6287e-05
-0.000133604
-1.99927e-05
-1.10469e-05
-1.78248e-06
-7.39007e-05
-3.75195e-06
-7.78485e-05
-5.79382e-06
-7.78839e-05
-7.93961e-06
-7.8087e-05
-1.0222e-05
-7.83509e-05
-1.26743e-05
-7.86616e-05
-1.53294e-05
-7.89975e-05
-1.82201e-05
-7.93321e-05
-2.13769e-05
-7.96332e-05
-2.48284e-05
-7.98603e-05
-2.85985e-05
-7.99656e-05
-3.27006e-05
-7.98942e-05
-3.71273e-05
-7.9583e-05
-4.18457e-05
-7.89598e-05
-4.67954e-05
-7.7942e-05
-5.18813e-05
-7.64389e-05
-5.69666e-05
-7.43615e-05
-6.1867e-05
-7.16487e-05
-6.63351e-05
-6.82929e-05
-7.00694e-05
-6.4346e-05
-7.28027e-05
-5.99305e-05
-7.4404e-05
-5.5262e-05
-7.4905e-05
-5.06344e-05
-7.44732e-05
-4.635e-05
-7.33855e-05
-4.26375e-05
-7.19619e-05
-3.95855e-05
-7.04736e-05
-3.71705e-05
-6.91437e-05
-3.53303e-05
-6.8127e-05
-3.39906e-05
-6.75025e-05
-3.30697e-05
-6.7327e-05
-3.25055e-05
-6.76685e-05
-3.22134e-05
-6.85753e-05
-3.21011e-05
-7.00856e-05
-3.2092e-05
-7.22409e-05
-3.21045e-05
-7.50813e-05
-3.20482e-05
-7.86469e-05
-3.1824e-05
-8.29747e-05
-3.13158e-05
-8.80946e-05
-3.03838e-05
-9.401e-05
-2.88612e-05
-0.000100692
-2.6548e-05
-0.000108031
-2.31931e-05
-0.0001158
-1.85178e-05
-0.000123588
-1.22054e-05
-3.96809e-06
-1.92284e-06
-7.19778e-05
-4.01548e-06
-7.57558e-05
-6.16983e-06
-7.57295e-05
-8.41516e-06
-7.58416e-05
-1.07792e-05
-7.59868e-05
-1.32893e-05
-7.61515e-05
-1.59715e-05
-7.63153e-05
-1.885e-05
-7.64536e-05
-2.19459e-05
-7.65373e-05
-2.52755e-05
-7.65307e-05
-2.8849e-05
-7.63921e-05
-3.26682e-05
-7.6075e-05
-3.67207e-05
-7.55305e-05
-4.0974e-05
-7.47065e-05
-4.53694e-05
-7.35466e-05
-4.98176e-05
-7.19907e-05
-5.41943e-05
-6.99847e-05
-5.83453e-05
-6.74977e-05
-6.20988e-05
-6.45394e-05
-6.52769e-05
-6.11679e-05
-6.77202e-05
-5.74871e-05
-6.93368e-05
-5.36454e-05
-7.01415e-05
-4.98298e-05
-7.02565e-05
-4.6235e-05
-6.98828e-05
-4.30112e-05
-6.92416e-05
-4.02266e-05
-6.85257e-05
-3.78863e-05
-6.78895e-05
-3.59665e-05
-6.74462e-05
-3.44339e-05
-6.72758e-05
-3.32401e-05
-6.74561e-05
-3.23253e-05
-6.80525e-05
-3.16169e-05
-6.91099e-05
-3.10437e-05
-7.06658e-05
-3.05361e-05
-7.27539e-05
-3.00164e-05
-7.54019e-05
-2.94003e-05
-7.86308e-05
-2.8595e-05
-8.24477e-05
-2.7499e-05
-8.68494e-05
-2.59821e-05
-9.17997e-05
-2.39109e-05
-9.72076e-05
-2.11401e-05
-0.000102941
-1.74593e-05
-0.00010873
-1.27291e-05
-0.000114225
-6.71029e-06
6.87999e-07
-2.02836e-06
-6.99494e-05
-4.21016e-06
-7.3574e-05
-6.44267e-06
-7.3497e-05
-8.75267e-06
-7.35316e-05
-1.11633e-05
-7.35762e-05
-1.36963e-05
-7.36184e-05
-1.63718e-05
-7.36398e-05
-1.92071e-05
-7.36183e-05
-2.22157e-05
-7.35286e-05
-2.54059e-05
-7.33405e-05
-2.87784e-05
-7.30195e-05
-3.23258e-05
-7.25276e-05
-3.60302e-05
-7.1826e-05
-3.98594e-05
-7.08774e-05
-4.37605e-05
-6.96455e-05
-4.76573e-05
-6.80939e-05
-5.14514e-05
-6.61905e-05
-5.50283e-05
-6.39208e-05
-5.82658e-05
-6.13018e-05
-6.10474e-05
-5.83863e-05
-6.32788e-05
-5.52557e-05
-6.491e-05
-5.20143e-05
-6.59557e-05
-4.87841e-05
-6.65009e-05
-4.56898e-05
-6.668e-05
-4.28321e-05
-6.66367e-05
-4.02699e-05
-6.65021e-05
-3.80209e-05
-6.63852e-05
-3.60834e-05
-6.63843e-05
-3.44348e-05
-6.65833e-05
-3.30412e-05
-6.70485e-05
-3.186e-05
-6.78401e-05
-3.08253e-05
-6.89989e-05
-2.98849e-05
-7.05573e-05
-2.89777e-05
-7.25408e-05
-2.80329e-05
-7.49658e-05
-2.69754e-05
-7.78387e-05
-2.57222e-05
-8.11408e-05
-2.41968e-05
-8.48583e-05
-2.22647e-05
-8.89219e-05
-1.98473e-05
-9.32437e-05
-1.68183e-05
-9.76476e-05
-1.30554e-05
-0.000101934
-8.44221e-06
-0.00010575
-2.89479e-06
3.65499e-06
-2.1024e-06
-6.7847e-05
-4.34309e-06
-7.13333e-05
-6.62379e-06
-7.12163e-05
-8.96867e-06
-7.11868e-05
-1.13966e-05
-7.11483e-05
-1.39247e-05
-7.10903e-05
-1.65678e-05
-7.09966e-05
-1.93379e-05
-7.08482e-05
-2.22431e-05
-7.06234e-05
-2.52862e-05
-7.02975e-05
-2.8463e-05
-6.98427e-05
-3.17613e-05
-6.92294e-05
-3.51598e-05
-6.84275e-05
-3.86275e-05
-6.74097e-05
-4.21195e-05
-6.61535e-05
-4.55734e-05
-6.464e-05
-4.89107e-05
-6.28532e-05
-5.20454e-05
-6.07862e-05
-5.48954e-05
-5.84518e-05
-5.7391e-05
-5.58907e-05
-5.94786e-05
-5.31681e-05
-6.11298e-05
-5.03631e-05
-6.23549e-05
-4.7559e-05
-6.32077e-05
-4.48369e-05
-6.37738e-05
-4.22661e-05
-6.415e-05
-3.98937e-05
-6.4429e-05
-3.77418e-05
-6.46978e-05
-3.58147e-05
-6.5039e-05
-3.40935e-05
-6.55215e-05
-3.25588e-05
-6.62052e-05
-3.11763e-05
-6.71362e-05
-2.98943e-05
-6.83498e-05
-2.86714e-05
-6.98744e-05
-2.7453e-05
-7.17285e-05
-2.61789e-05
-7.39189e-05
-2.4785e-05
-7.64383e-05
-2.32028e-05
-7.92751e-05
-2.136e-05
-8.23696e-05
-1.91701e-05
-8.56636e-05
-1.65533e-05
-8.90616e-05
-1.34204e-05
-9.23932e-05
-9.72387e-06
-9.55037e-05
-5.33166e-06
-9.81378e-05
-2.60576e-07
5.49095e-06
-2.14842e-06
-6.56986e-05
-4.4215e-06
-6.90602e-05
-6.72471e-06
-6.89131e-05
-9.07951e-06
-6.8832e-05
-1.1501e-05
-6.87269e-05
-1.40022e-05
-6.8589e-05
-1.65941e-05
-6.84047e-05
-1.92844e-05
-6.8158e-05
-2.20771e-05
-6.78307e-05
-2.49718e-05
-6.74028e-05
-2.79619e-05
-6.68526e-05
-3.10336e-05
-6.61577e-05
-3.41654e-05
-6.52957e-05
-3.7328e-05
-6.4247e-05
-4.04842e-05
-6.29973e-05
-4.35867e-05
-6.15375e-05
-4.65774e-05
-5.98624e-05
-4.93917e-05
-5.79718e-05
-5.19682e-05
-5.58753e-05
-5.42586e-05
-5.36002e-05
-5.62337e-05
-5.11931e-05
-5.78829e-05
-4.87139e-05
-5.92163e-05
-4.62256e-05
-6.02677e-05
-4.37856e-05
-6.10923e-05
-4.14415e-05
-6.17576e-05
-3.92284e-05
-6.23321e-05
-3.71673e-05
-6.28863e-05
-3.52605e-05
-6.34783e-05
-3.35015e-05
-6.41702e-05
-3.18668e-05
-6.50061e-05
-3.03404e-05
-6.60274e-05
-2.88731e-05
-6.72607e-05
-2.7438e-05
-6.87281e-05
-2.59856e-05
-7.04405e-05
-2.44665e-05
-7.23978e-05
-2.28278e-05
-7.45871e-05
-2.10135e-05
-7.69842e-05
-1.89629e-05
-7.9537e-05
-1.66173e-05
-8.2172e-05
-1.39184e-05
-8.48125e-05
-1.07799e-05
-8.73438e-05
-7.19252e-06
-8.95633e-05
-3.11218e-06
-9.13224e-05
1.49849e-06
6.56861e-06
-2.16981e-06
-6.35288e-05
-4.45244e-06
-6.67776e-05
-6.75644e-06
-6.66091e-05
-9.10055e-06
-6.64879e-05
-1.14965e-05
-6.6331e-05
-1.39542e-05
-6.61314e-05
-1.64812e-05
-6.58777e-05
-1.90824e-05
-6.55568e-05
-2.1759e-05
-6.5154e-05
-2.45085e-05
-6.46533e-05
-2.7323e-05
-6.40381e-05
-3.01892e-05
-6.32915e-05
-3.30875e-05
-6.23974e-05
-3.59922e-05
-6.13423e-05
-3.88726e-05
-6.01168e-05
-4.16929e-05
-5.87171e-05
-4.44111e-05
-5.71443e-05
-4.69798e-05
-5.5403e-05
-4.9353e-05
-5.35022e-05
-5.14943e-05
-5.14589e-05
-5.33835e-05
-4.93039e-05
-5.50177e-05
-4.70797e-05
-5.6409e-05
-4.48343e-05
-5.7583e-05
-4.26115e-05
-5.85779e-05
-4.04466e-05
-5.94411e-05
-3.83652e-05
-6.02246e-05
-3.63838e-05
-6.09797e-05
-3.45054e-05
-6.17555e-05
-3.27257e-05
-6.2591e-05
-3.10313e-05
-6.35306e-05
-2.94007e-05
-6.45991e-05
-2.78046e-05
-6.5821e-05
-2.62161e-05
-6.72124e-05
-2.45943e-05
-6.87777e-05
-2.29012e-05
-7.05119e-05
-2.10936e-05
-7.23991e-05
-1.91263e-05
-7.44076e-05
-1.69544e-05
-7.64976e-05
-1.45274e-05
-7.86108e-05
-1.18051e-05
-8.06449e-05
-8.74589e-06
-8.2507e-05
-5.33044e-06
-8.40859e-05
-1.53328e-06
-8.52224e-05
2.63496e-06
7.12915e-06
-2.16984e-06
-6.13589e-05
-4.4425e-06
-6.45049e-05
-6.72906e-06
-6.43226e-05
-9.04557e-06
-6.41714e-05
-1.1401e-05
-6.39756e-05
-1.38024e-05
-6.37299e-05
-1.62553e-05
-6.34249e-05
-1.8762e-05
-6.30501e-05
-2.13224e-05
-6.25936e-05
-2.39324e-05
-6.20433e-05
-2.65842e-05
-6.13864e-05
-2.92652e-05
-6.06105e-05
-3.19586e-05
-5.97041e-05
-3.46429e-05
-5.86581e-05
-3.72929e-05
-5.74667e-05
-3.98811e-05
-5.61289e-05
-4.2377e-05
-5.46484e-05
-4.47476e-05
-5.30324e-05
-4.6959e-05
-5.12907e-05
-4.89828e-05
-4.94352e-05
-5.08025e-05
-4.74841e-05
-5.24172e-05
-4.54649e-05
-5.3839e-05
-4.34125e-05
-5.50889e-05
-4.13616e-05
-5.61949e-05
-3.93406e-05
-5.71911e-05
-3.7369e-05
-5.81162e-05
-3.54587e-05
-5.90075e-05
-3.36141e-05
-5.99026e-05
-3.18306e-05
-6.08344e-05
-3.00995e-05
-6.18321e-05
-2.84031e-05
-6.2917e-05
-2.67196e-05
-6.41079e-05
-2.50252e-05
-6.5413e-05
-2.32892e-05
-6.68339e-05
-2.14803e-05
-6.83628e-05
-1.95646e-05
-6.99827e-05
-1.75065e-05
-7.16574e-05
-1.52797e-05
-7.33585e-05
-1.28263e-05
-7.50246e-05
-1.0139e-05
-7.65825e-05
-7.18806e-06
-7.79475e-05
-3.96546e-06
-7.90355e-05
-4.45251e-07
-7.97323e-05
3.33175e-06
7.33895e-06
-2.15155e-06
-5.92074e-05
-4.39771e-06
-6.22587e-05
-6.65157e-06
-6.20688e-05
-8.92672e-06
-6.18962e-05
-1.12297e-05
-6.16726e-05
-1.35657e-05
-6.13939e-05
-1.59381e-05
-6.10525e-05
-1.8348e-05
-6.06401e-05
-2.0794e-05
-6.01477e-05
-2.32716e-05
-5.95657e-05
-2.57732e-05
-5.88848e-05
-2.82879e-05
-5.80959e-05
-3.0801e-05
-5.7191e-05
-3.32949e-05
-5.61642e-05
-3.57494e-05
-5.50122e-05
-3.8143e-05
-5.37353e-05
-4.04534e-05
-5.23379e-05
-4.2658e-05
-5.08278e-05
-4.47337e-05
-4.9215e-05
-4.66592e-05
-4.75097e-05
-4.84196e-05
-4.57237e-05
-5.00118e-05
-4.38728e-05
-5.1445e-05
-4.19793e-05
-5.2737e-05
-4.00696e-05
-5.39105e-05
-3.81671e-05
-5.49911e-05
-3.62884e-05
-5.60068e-05
-3.44429e-05
-5.69857e-05
-3.26351e-05
-5.79552e-05
-3.0861e-05
-5.89404e-05
-2.91142e-05
-5.9964e-05
-2.73795e-05
-6.10409e-05
-2.56427e-05
-6.21837e-05
-2.38824e-05
-6.33964e-05
-2.20765e-05
-6.46787e-05
-2.01981e-05
-6.60204e-05
-1.82228e-05
-6.74039e-05
-1.6123e-05
-6.88086e-05
-1.38751e-05
-7.01814e-05
-1.14534e-05
-7.14878e-05
-8.83264e-06
-7.26651e-05
-6.0108e-06
-7.36569e-05
-2.97361e-06
-7.43789e-05
2.76827e-07
-7.47613e-05
3.71418e-06
7.3113e-06
-2.11778e-06
-5.70896e-05
-4.32365e-06
-6.00529e-05
-6.53208e-06
-5.98603e-05
-8.75471e-06
-5.96736e-05
-1.09961e-05
-5.94312e-05
-1.32598e-05
-5.91302e-05
-1.55479e-05
-5.87645e-05
-1.78603e-05
-5.83277e-05
-2.0195e-05
-5.7813e-05
-2.25474e-05
-5.72132e-05
-2.49107e-05
-5.65215e-05
-2.72752e-05
-5.57314e-05
-2.96287e-05
-5.48375e-05
-3.19568e-05
-5.38361e-05
-3.42434e-05
-5.27256e-05
-3.64717e-05
-5.15071e-05
-3.86251e-05
-5.01845e-05
-4.06878e-05
-4.87652e-05
-4.26444e-05
-4.72583e-05
-4.44803e-05
-4.56738e-05
-4.61833e-05
-4.40207e-05
-4.77482e-05
-4.23079e-05
-4.91794e-05
-4.05481e-05
-5.04907e-05
-3.87582e-05
-5.17006e-05
-3.69572e-05
-5.28291e-05
-3.516e-05
-5.38968e-05
-3.33752e-05
-5.49257e-05
-3.16061e-05
-5.59349e-05
-2.98518e-05
-5.69441e-05
-2.81051e-05
-5.79677e-05
-2.63559e-05
-5.90184e-05
-2.45919e-05
-6.01033e-05
-2.27975e-05
-6.12246e-05
-2.09551e-05
-6.23781e-05
-1.90445e-05
-6.35526e-05
-1.70483e-05
-6.47334e-05
-1.49422e-05
-6.58984e-05
-1.271e-05
-6.70065e-05
-1.03453e-05
-6.80296e-05
-7.8095e-06
-6.89131e-05
-5.12732e-06
-6.96124e-05
-2.27422e-06
-7.00688e-05
7.33273e-07
-7.02287e-05
3.87405e-06
7.12489e-06
-2.07131e-06
-5.50183e-05
-4.22552e-06
-5.78987e-05
-6.37808e-06
-5.77078e-05
-8.53922e-06
-5.75125e-05
-1.07119e-05
-5.72585e-05
-1.28984e-05
-5.69436e-05
-1.50997e-05
-5.65632e-05
-1.73151e-05
-5.61123e-05
-1.95421e-05
-5.5586e-05
-2.17764e-05
-5.49789e-05
-2.40118e-05
-5.42861e-05
-2.624e-05
-5.35032e-05
-2.8451e-05
-5.26265e-05
-3.0633e-05
-5.16541e-05
-3.27733e-05
-5.05853e-05
-3.48587e-05
-4.94217e-05
-3.68764e-05
-4.81668e-05
-3.8815e-05
-4.68266e-05
-4.06644e-05
-4.5409e-05
-4.24152e-05
-4.3923e-05
-4.40591e-05
-4.23767e-05
-4.55902e-05
-4.07768e-05
-4.70087e-05
-3.91297e-05
-4.83225e-05
-3.74444e-05
-4.95459e-05
-3.57337e-05
-5.06953e-05
-3.40105e-05
-5.1787e-05
-3.22836e-05
-5.28368e-05
-3.05563e-05
-5.38598e-05
-2.88288e-05
-5.4869e-05
-2.70958e-05
-5.58759e-05
-2.53491e-05
-5.68874e-05
-2.35805e-05
-5.79084e-05
-2.17765e-05
-5.89397e-05
-1.99238e-05
-5.9973e-05
-1.80113e-05
-6.10039e-05
-1.60173e-05
-6.20078e-05
-1.39383e-05
-6.29731e-05
-1.17447e-05
-6.38749e-05
-9.44353e-06
-6.46681e-05
-7.01629e-06
-6.5323e-05
-4.47234e-06
-6.58022e-05
-1.79504e-06
-6.60632e-05
9.94386e-07
-6.60663e-05
3.87708e-06
6.8343e-06
-2.01481e-06
-5.30035e-05
-4.10821e-06
-5.58053e-05
-6.19657e-06
-5.56194e-05
-8.28914e-06
-5.54199e-05
-1.03877e-05
-5.516e-05
-1.24935e-05
-5.48378e-05
-1.46067e-05
-5.445e-05
-1.67261e-05
-5.39929e-05
-1.88491e-05
-5.34629e-05
-2.09717e-05
-5.28563e-05
-2.30883e-05
-5.21695e-05
-2.51919e-05
-5.13996e-05
-2.72741e-05
-5.05443e-05
-2.93256e-05
-4.96026e-05
-3.13362e-05
-4.85747e-05
-3.32956e-05
-4.74623e-05
-3.51938e-05
-4.62686e-05
-3.70222e-05
-4.49983e-05
-3.87735e-05
-4.36577e-05
-4.04422e-05
-4.22543e-05
-4.20234e-05
-4.07956e-05
-4.35126e-05
-3.92877e-05
-4.49074e-05
-3.77349e-05
-4.62107e-05
-3.61411e-05
-4.74316e-05
-3.45129e-05
-4.85828e-05
-3.28593e-05
-4.96777e-05
-3.11887e-05
-5.0728e-05
-2.9506e-05
-5.17454e-05
-2.78115e-05
-5.27379e-05
-2.61033e-05
-5.37144e-05
-2.43726e-05
-5.46781e-05
-2.26167e-05
-5.56342e-05
-2.08204e-05
-5.65781e-05
-1.89799e-05
-5.75078e-05
-1.70816e-05
-5.84047e-05
-1.51203e-05
-5.927e-05
-1.3073e-05
-6.00694e-05
-1.09453e-05
-6.07933e-05
-8.71962e-06
-6.1407e-05
-6.40256e-06
-6.18896e-05
-3.98971e-06
-6.22037e-05
-1.48093e-06
-6.23226e-05
1.11335e-06
-6.22168e-05
3.77133e-06
6.47834e-06
-1.9507e-06
-5.10528e-05
-3.97609e-06
-5.37799e-05
-5.99389e-06
-5.36016e-05
-8.01251e-06
-5.34013e-05
-1.00329e-05
-5.31396e-05
-1.20555e-05
-5.28151e-05
-1.408e-05
-5.24255e-05
-1.61048e-05
-5.19681e-05
-1.81273e-05
-5.14404e-05
-2.01437e-05
-5.08399e-05
-2.21491e-05
-5.0164e-05
-2.41376e-05
-4.9411e-05
-2.61024e-05
-4.85796e-05
-2.80357e-05
-4.76693e-05
-2.99294e-05
-4.6681e-05
-3.17756e-05
-4.56162e-05
-3.35663e-05
-4.44778e-05
-3.52949e-05
-4.32697e-05
-3.69559e-05
-4.19968e-05
-3.85453e-05
-4.06648e-05
-4.00607e-05
-3.92802e-05
-4.14998e-05
-3.78487e-05
-4.28603e-05
-3.63743e-05
-4.41419e-05
-3.48595e-05
-4.53483e-05
-3.33065e-05
-4.64875e-05
-3.172e-05
-4.757e-05
-3.01063e-05
-4.86054e-05
-2.84705e-05
-4.96025e-05
-2.68144e-05
-5.05681e-05
-2.51376e-05
-5.15059e-05
-2.34348e-05
-5.24206e-05
-2.1702e-05
-5.33092e-05
-1.99317e-05
-5.41719e-05
-1.81171e-05
-5.50023e-05
-1.62512e-05
-5.57961e-05
-1.43266e-05
-5.65287e-05
-1.23404e-05
-5.72005e-05
-1.02735e-05
-5.77836e-05
-8.13651e-06
-5.82522e-05
-5.93394e-06
-5.86016e-05
-3.64034e-06
-5.87945e-05
-1.28797e-06
-5.88116e-05
1.1304e-06
-5.86322e-05
3.59192e-06
6.08436e-06
-1.8809e-06
-4.91719e-05
-3.83275e-06
-5.18281e-05
-5.77534e-06
-5.16591e-05
-7.71612e-06
-5.14606e-05
-9.65556e-06
-5.12002e-05
-1.15935e-05
-5.08772e-05
-1.35291e-05
-5.04898e-05
-1.54607e-05
-5.00365e-05
-1.73857e-05
-4.95155e-05
-1.93006e-05
-4.89249e-05
-2.12013e-05
-4.82634e-05
-2.30825e-05
-4.75298e-05
-2.49387e-05
-4.67235e-05
-2.67634e-05
-4.58446e-05
-2.85503e-05
-4.48941e-05
-3.02929e-05
-4.38736e-05
-3.19851e-05
-4.27856e-05
-3.36216e-05
-4.16332e-05
-3.5198e-05
-4.04204e-05
-3.67112e-05
-3.91516e-05
-3.81597e-05
-3.78317e-05
-3.95425e-05
-3.64659e-05
-4.08588e-05
-3.50581e-05
-4.21075e-05
-3.36108e-05
-4.32888e-05
-3.21252e-05
-4.44062e-05
-3.06025e-05
-4.54666e-05
-2.90459e-05
-4.64773e-05
-2.74597e-05
-4.74448e-05
-2.58469e-05
-4.83744e-05
-2.4208e-05
-4.9268e-05
-2.25412e-05
-5.01283e-05
-2.08417e-05
-5.09537e-05
-1.91063e-05
-5.17414e-05
-1.73294e-05
-5.24861e-05
-1.55065e-05
-5.318e-05
-1.36327e-05
-5.38161e-05
-1.17043e-05
-5.43735e-05
-9.71615e-06
-5.48405e-05
-7.6695e-06
-5.52112e-05
-5.56322e-06
-5.54527e-05
-3.39883e-06
-5.55551e-05
-1.18557e-06
-5.54998e-05
1.07507e-06
-5.52724e-05
3.3645e-06
5.67162e-06
-1.80669e-06
-4.73652e-05
-3.68088e-06
-4.99539e-05
-5.5449e-06
-4.97951e-05
-7.40521e-06
-4.96003e-05
-9.26187e-06
-4.93435e-05
-1.11143e-05
-4.90247e-05
-1.29614e-05
-4.86427e-05
-1.48013e-05
-4.81966e-05
-1.66316e-05
-4.76852e-05
-1.84491e-05
-4.71074e-05
-2.02502e-05
-4.64623e-05
-2.20304e-05
-4.57495e-05
-2.3785e-05
-4.49689e-05
-2.55087e-05
-4.41209e-05
-2.71964e-05
-4.32065e-05
-2.88428e-05
-4.22272e-05
-3.04432e-05
-4.11852e-05
-3.19933e-05
-4.00832e-05
-3.34894e-05
-3.89243e-05
-3.4929e-05
-3.7712e-05
-3.63106e-05
-3.64502e-05
-3.76337e-05
-3.51427e-05
-3.88984e-05
-3.37933e-05
-4.01044e-05
-3.24049e-05
-4.12508e-05
-3.09788e-05
-4.23379e-05
-2.95153e-05
-4.33685e-05
-2.80154e-05
-4.4347e-05
-2.64812e-05
-4.52785e-05
-2.49154e-05
-4.61672e-05
-2.33193e-05
-4.70146e-05
-2.16938e-05
-4.78213e-05
-2.0035e-05
-4.8586e-05
-1.83416e-05
-4.93051e-05
-1.66103e-05
-4.99742e-05
-1.48374e-05
-5.0586e-05
-1.30209e-05
-5.11323e-05
-1.1158e-05
-5.16015e-05
-9.24693e-06
-5.19824e-05
-7.28857e-06
-5.22621e-05
-5.28351e-06
-5.2427e-05
-3.23389e-06
-5.24646e-05
-1.148e-06
-5.23604e-05
9.70853e-07
-5.21042e-05
3.10839e-06
5.25429e-06
-1.72883e-06
-4.56364e-05
-3.52235e-06
-4.81604e-05
-5.30536e-06
-4.80121e-05
-7.08348e-06
-4.78221e-05
-8.85628e-06
-4.75707e-05
-1.06229e-05
-4.72581e-05
-1.23821e-05
-4.68836e-05
-1.41319e-05
-4.64468e-05
-1.587e-05
-4.5947e-05
-1.75937e-05
-4.53837e-05
-1.92995e-05
-4.47565e-05
-2.09838e-05
-4.40653e-05
-2.26425e-05
-4.33103e-05
-2.42712e-05
-4.24922e-05
-2.58656e-05
-4.1612e-05
-2.74216e-05
-4.06712e-05
-2.89352e-05
-3.96716e-05
-3.0403e-05
-3.86154e-05
-3.18219e-05
-3.75053e-05
-3.31898e-05
-3.63441e-05
-3.45051e-05
-3.51349e-05
-3.57671e-05
-3.38806e-05
-3.6976e-05
-3.25844e-05
-3.8132e-05
-3.12489e-05
-3.92346e-05
-2.98761e-05
-4.02833e-05
-2.84667e-05
-4.12778e-05
-2.70209e-05
-4.22198e-05
-2.55391e-05
-4.31122e-05
-2.4023e-05
-4.39573e-05
-2.24741e-05
-4.47575e-05
-2.08936e-05
-4.55112e-05
-1.92812e-05
-4.6218e-05
-1.76348e-05
-4.68748e-05
-1.59536e-05
-4.7477e-05
-1.42352e-05
-4.80193e-05
-1.24786e-05
-4.84912e-05
-1.0686e-05
-4.88867e-05
-8.85141e-06
-4.91961e-05
-6.97919e-06
-4.94073e-05
-5.07235e-06
-4.9516e-05
-3.12519e-06
-4.95071e-05
-1.15681e-06
-4.93709e-05
8.34633e-07
-4.91e-05
2.83746e-06
4.84225e-06
-1.64784e-06
-4.39886e-05
-3.35851e-06
-4.64498e-05
-5.05874e-06
-4.63119e-05
-6.75354e-06
-4.61273e-05
-8.44198e-06
-4.58822e-05
-1.0123e-05
-4.5577e-05
-1.17951e-05
-4.52115e-05
-1.34564e-05
-4.47855e-05
-1.51048e-05
-4.42987e-05
-1.67376e-05
-4.37509e-05
-1.83519e-05
-4.31422e-05
-1.99444e-05
-4.24728e-05
-2.15116e-05
-4.17431e-05
-2.305e-05
-4.09539e-05
-2.45558e-05
-4.01061e-05
-2.60258e-05
-3.92012e-05
-2.74566e-05
-3.82408e-05
-2.88453e-05
-3.72267e-05
-3.01894e-05
-3.61612e-05
-3.14869e-05
-3.50466e-05
-3.27363e-05
-3.38854e-05
-3.39367e-05
-3.26802e-05
-3.50879e-05
-3.14332e-05
-3.61899e-05
-3.01469e-05
-3.72428e-05
-2.88232e-05
-3.8246e-05
-2.74634e-05
-3.91986e-05
-2.60682e-05
-4.00999e-05
-2.46378e-05
-4.09503e-05
-2.31726e-05
-4.17509e-05
-2.16735e-05
-4.2503e-05
-2.01415e-05
-4.32062e-05
-1.85779e-05
-4.38587e-05
-1.69823e-05
-4.4458e-05
-1.53542e-05
-4.49999e-05
-1.36933e-05
-4.54792e-05
-1.19993e-05
-4.58922e-05
-1.02731e-05
-4.62301e-05
-8.51354e-06
-4.64854e-05
-6.72385e-06
-4.66511e-05
-4.90663e-06
-4.67133e-05
-3.063e-06
-4.66688e-05
-1.20131e-06
-4.65123e-05
6.78158e-07
-4.62365e-05
2.56168e-06
4.44236e-06
-1.56441e-06
-4.24242e-05
-3.19059e-06
-4.48236e-05
-4.80681e-06
-4.46957e-05
-6.41755e-06
-4.45166e-05
-8.02143e-06
-4.42783e-05
-9.61718e-06
-4.39813e-05
-1.12032e-05
-4.36256e-05
-1.27775e-05
-4.32111e-05
-1.43382e-05
-4.2738e-05
-1.58827e-05
-4.22064e-05
-1.74085e-05
-4.16165e-05
-1.89126e-05
-4.09687e-05
-2.03921e-05
-4.02637e-05
-2.18438e-05
-3.95021e-05
-2.32649e-05
-3.8685e-05
-2.46523e-05
-3.78138e-05
-2.60033e-05
-3.68897e-05
-2.73155e-05
-3.59145e-05
-2.85866e-05
-3.48901e-05
-2.98148e-05
-3.38184e-05
-3.09988e-05
-3.27015e-05
-3.21373e-05
-3.15416e-05
-3.32298e-05
-3.03407e-05
-3.4276e-05
-2.91007e-05
-3.52757e-05
-2.78235e-05
-3.62286e-05
-2.65104e-05
-3.71341e-05
-2.51628e-05
-3.79908e-05
-2.37811e-05
-3.87975e-05
-2.23658e-05
-3.95538e-05
-2.09172e-05
-4.02594e-05
-1.9436e-05
-4.09142e-05
-1.7923e-05
-4.15164e-05
-1.63801e-05
-4.20646e-05
-1.48061e-05
-4.25546e-05
-1.32033e-05
-4.29825e-05
-1.15714e-05
-4.33438e-05
-9.91182e-06
-4.36325e-05
-8.22477e-06
-4.38433e-05
-6.51309e-06
-4.39652e-05
-4.78471e-06
-4.40014e-05
-3.0268e-06
-4.39317e-05
-1.271e-06
-4.37669e-05
5.13374e-07
-4.34941e-05
2.28893e-06
4.0595e-06
-1.47945e-06
-4.09447e-05
-3.02001e-06
-4.3283e-05
-4.55145e-06
-4.31642e-05
-6.07765e-06
-4.29903e-05
-7.59693e-06
-4.2759e-05
-9.10781e-06
-4.24704e-05
-1.06086e-05
-4.21248e-05
-1.20973e-05
-4.17224e-05
-1.3572e-05
-4.12634e-05
-1.50304e-05
-4.0748e-05
-1.64701e-05
-4.01768e-05
-1.78886e-05
-3.95503e-05
-1.92833e-05
-3.8869e-05
-2.06514e-05
-3.81339e-05
-2.19906e-05
-3.73459e-05
-2.32982e-05
-3.65062e-05
-2.45719e-05
-3.5616e-05
-2.58095e-05
-3.46769e-05
-2.70091e-05
-3.36904e-05
-2.8169e-05
-3.26585e-05
-2.92878e-05
-3.15827e-05
-3.03643e-05
-3.04651e-05
-3.13977e-05
-2.93073e-05
-3.23873e-05
-2.81111e-05
-3.33326e-05
-2.68781e-05
-3.42332e-05
-2.56098e-05
-3.50884e-05
-2.43075e-05
-3.58972e-05
-2.29723e-05
-3.6658e-05
-2.16049e-05
-3.73694e-05
-2.02058e-05
-3.80301e-05
-1.87753e-05
-3.86389e-05
-1.73142e-05
-3.91954e-05
-1.58237e-05
-3.96963e-05
-1.43052e-05
-4.01403e-05
-1.27593e-05
-4.05231e-05
-1.11886e-05
-4.08407e-05
-9.59418e-06
-4.10891e-05
-7.97635e-06
-4.12612e-05
-6.34097e-06
-4.13598e-05
-4.68615e-06
-4.13671e-05
-3.01948e-06
-4.1295e-05
-1.34311e-06
-4.11228e-05
3.4115e-07
-4.08566e-05
2.02271e-06
3.69634e-06
-1.39401e-06
-3.95507e-05
-2.84836e-06
-4.18287e-05
-4.29462e-06
-4.1718e-05
-5.73603e-06
-4.15489e-05
-7.17073e-06
-4.13243e-05
-8.59708e-06
-4.10441e-05
-1.00132e-05
-4.07087e-05
-1.14174e-05
-4.03183e-05
-1.28075e-05
-3.98733e-05
-1.41814e-05
-3.93741e-05
-1.55371e-05
-3.88213e-05
-1.68721e-05
-3.82153e-05
-1.81842e-05
-3.75569e-05
-1.94711e-05
-3.6847e-05
-2.07307e-05
-3.60864e-05
-2.19606e-05
-3.52762e-05
-2.31589e-05
-3.44177e-05
-2.43236e-05
-3.35122e-05
-2.54529e-05
-3.25611e-05
-2.65453e-05
-3.1566e-05
-2.75993e-05
-3.05286e-05
-2.86139e-05
-2.94505e-05
-2.9588e-05
-2.83333e-05
-3.05207e-05
-2.71785e-05
-3.14111e-05
-2.59877e-05
-3.22588e-05
-2.47622e-05
-3.30628e-05
-2.35035e-05
-3.38223e-05
-2.22128e-05
-3.45359e-05
-2.08913e-05
-3.5202e-05
-1.95397e-05
-3.58186e-05
-1.81587e-05
-3.63841e-05
-1.67487e-05
-3.68972e-05
-1.53105e-05
-3.73563e-05
-1.38461e-05
-3.77591e-05
-1.23565e-05
-3.81022e-05
-1.08454e-05
-3.83835e-05
-9.3129e-06
-3.85992e-05
-7.76061e-06
-3.87463e-05
-6.19387e-06
-3.88188e-05
-4.61368e-06
-3.88149e-05
-3.02336e-06
-3.87305e-05
-1.42754e-06
-3.85619e-05
1.7258e-07
-3.83077e-05
1.76857e-06
3.35551e-06
-1.30906e-06
-3.82416e-05
-2.67716e-06
-4.04606e-05
-4.03815e-06
-4.0357e-05
-5.3947e-06
-4.01924e-05
-6.74485e-06
-3.99742e-05
-8.08689e-06
-3.97021e-05
-9.41895e-06
-3.93766e-05
-1.07392e-05
-3.89981e-05
-1.20456e-05
-3.85669e-05
-1.33364e-05
-3.80834e-05
-1.46094e-05
-3.75483e-05
-1.58626e-05
-3.69621e-05
-1.70939e-05
-3.63255e-05
-1.83015e-05
-3.56394e-05
-1.94832e-05
-3.49047e-05
-2.06371e-05
-3.41222e-05
-2.17615e-05
-3.32933e-05
-2.28545e-05
-3.24192e-05
-2.39145e-05
-3.15011e-05
-2.49401e-05
-3.05405e-05
-2.59299e-05
-2.95389e-05
-2.68827e-05
-2.84977e-05
-2.77974e-05
-2.74186e-05
-2.86731e-05
-2.63028e-05
-2.95087e-05
-2.5152e-05
-3.03035e-05
-2.39675e-05
-3.10564e-05
-2.27506e-05
-3.17665e-05
-2.15028e-05
-3.24325e-05
-2.02252e-05
-3.30532e-05
-1.8919e-05
-3.36267e-05
-1.75852e-05
-3.41509e-05
-1.62245e-05
-3.46238e-05
-1.48376e-05
-3.50444e-05
-1.34255e-05
-3.54097e-05
-1.19913e-05
-3.57202e-05
-1.05349e-05
-3.59716e-05
-9.0615e-06
-3.616e-05
-7.57212e-06
-3.62844e-05
-6.06946e-06
-3.63395e-05
-4.5586e-06
-3.63254e-05
-3.03743e-06
-3.62383e-05
-1.51461e-06
-3.60753e-05
9.49201e-09
-3.58354e-05
1.52872e-06
3.03821e-06
-1.22527e-06
-3.70164e-05
-2.50752e-06
-3.91784e-05
-3.78337e-06
-3.90811e-05
-5.0551e-06
-3.89207e-05
-6.32078e-06
-3.87085e-05
-7.57865e-06
-3.84442e-05
-8.8269e-06
-3.81284e-05
-1.00637e-05
-3.77613e-05
-1.12872e-05
-3.73434e-05
-1.24956e-05
-3.68751e-05
-1.3687e-05
-3.63569e-05
-1.48596e-05
-3.57895e-05
-1.60115e-05
-3.51736e-05
-1.7141e-05
-3.451e-05
-1.82462e-05
-3.37995e-05
-1.93254e-05
-3.3043e-05
-2.0377e-05
-3.22418e-05
-2.13993e-05
-3.13969e-05
-2.23909e-05
-3.05095e-05
-2.33503e-05
-2.95811e-05
-2.42762e-05
-2.86129e-05
-2.51675e-05
-2.76064e-05
-2.60231e-05
-2.6563e-05
-2.68418e-05
-2.54841e-05
-2.76228e-05
-2.43711e-05
-2.83649e-05
-2.32254e-05
-2.90672e-05
-2.20483e-05
-2.97287e-05
-2.08413e-05
-3.03481e-05
-1.96057e-05
-3.09241e-05
-1.83429e-05
-3.14553e-05
-1.70541e-05
-3.19396e-05
-1.57402e-05
-3.23752e-05
-1.44019e-05
-3.27603e-05
-1.30404e-05
-3.30939e-05
-1.16576e-05
-3.33734e-05
-1.02554e-05
-3.35976e-05
-8.83725e-06
-3.3764e-05
-7.40571e-06
-3.38701e-05
-5.96336e-06
-3.39154e-05
-4.51326e-06
-3.38943e-05
-3.0585e-06
-3.38074e-05
-1.60156e-06
-3.36522e-05
-1.45648e-07
-3.34283e-05
1.30474e-06
2.7449e-06
-1.14297e-06
-3.58734e-05
-2.33992e-06
-3.79815e-05
-3.53091e-06
-3.78902e-05
-4.71794e-06
-3.77337e-05
-5.89925e-06
-3.75272e-05
-7.07306e-06
-3.72704e-05
-8.23768e-06
-3.69638e-05
-9.39137e-06
-3.66076e-05
-1.05324e-05
-3.62023e-05
-1.16591e-05
-3.57484e-05
-1.27697e-05
-3.52463e-05
-1.38626e-05
-3.46967e-05
-1.4936e-05
-3.41002e-05
-1.59884e-05
-3.34576e-05
-1.70181e-05
-3.27698e-05
-1.80235e-05
-3.20376e-05
-1.90031e-05
-3.12622e-05
-1.99555e-05
-3.04445e-05
-2.08792e-05
-2.95858e-05
-2.1773e-05
-2.86874e-05
-2.26355e-05
-2.77504e-05
-2.34656e-05
-2.67763e-05
-2.42623e-05
-2.57664e-05
-2.50244e-05
-2.4722e-05
-2.57509e-05
-2.36446e-05
-2.64408e-05
-2.25355e-05
-2.70931e-05
-2.1396e-05
-2.77067e-05
-2.02277e-05
-2.82805e-05
-1.90319e-05
-2.88133e-05
-1.78101e-05
-2.93036e-05
-1.65637e-05
-2.97499e-05
-1.52939e-05
-3.01502e-05
-1.40016e-05
-3.05027e-05
-1.26878e-05
-3.08063e-05
-1.1354e-05
-3.10593e-05
-1.00025e-05
-3.12605e-05
-8.63605e-06
-3.14081e-05
-7.25812e-06
-3.15003e-05
-5.87115e-06
-3.15356e-05
-4.47792e-06
-3.15125e-05
-3.08153e-06
-3.14288e-05
-1.68525e-06
-3.12831e-05
-2.91316e-07
-3.10762e-05
1.09782e-06
2.47583e-06
-1.06209e-06
-3.48113e-05
-2.17426e-06
-3.68693e-05
-3.28066e-06
-3.67838e-05
-4.38315e-06
-3.66312e-05
-5.48018e-06
-3.64302e-05
-6.57005e-06
-3.61805e-05
-7.65122e-06
-3.58826e-05
-8.72207e-06
-3.55368e-05
-9.78099e-06
-3.51434e-05
-1.08264e-05
-3.4703e-05
-1.18568e-05
-3.42159e-05
-1.28706e-05
-3.36829e-05
-1.38662e-05
-3.31046e-05
-1.48422e-05
-3.24817e-05
-1.57971e-05
-3.18149e-05
-1.67294e-05
-3.11054e-05
-1.76377e-05
-3.03539e-05
-1.85208e-05
-2.95615e-05
-1.93771e-05
-2.87295e-05
-2.02056e-05
-2.78589e-05
-2.10051e-05
-2.6951e-05
-2.17744e-05
-2.60071e-05
-2.25125e-05
-2.50284e-05
-2.32182e-05
-2.40163e-05
-2.38907e-05
-2.29721e-05
-2.45289e-05
-2.18973e-05
-2.51318e-05
-2.07931e-05
-2.56984e-05
-1.96611e-05
-2.62276e-05
-1.85027e-05
-2.67183e-05
-1.73194e-05
-2.71693e-05
-1.61128e-05
-2.7579e-05
-1.48842e-05
-2.79458e-05
-1.36347e-05
-2.82681e-05
-1.23655e-05
-2.85444e-05
-1.10777e-05
-2.87736e-05
-9.77327e-06
-2.89546e-05
-8.45503e-06
-2.90863e-05
-7.12637e-06
-2.91673e-05
-5.79008e-06
-2.91964e-05
-4.44879e-06
-2.91727e-05
-3.10523e-06
-2.9092e-05
-1.76593e-06
-2.89589e-05
-4.24387e-07
-2.87696e-05
9.08574e-07
2.23094e-06
-9.82335e-07
-3.3829e-05
-2.00999e-06
-3.58417e-05
-3.03195e-06
-3.57619e-05
-4.04999e-06
-3.56132e-05
-5.06278e-06
-3.54174e-05
-6.06886e-06
-3.51745e-05
-7.06675e-06
-3.48848e-05
-8.05501e-06
-3.45486e-05
-9.03215e-06
-3.41663e-05
-9.99673e-06
-3.37384e-05
-1.09473e-05
-3.32654e-05
-1.18825e-05
-3.27478e-05
-1.28009e-05
-3.21862e-05
-1.3701e-05
-3.15815e-05
-1.45816e-05
-3.09344e-05
-1.54413e-05
-3.02457e-05
-1.62788e-05
-2.95164e-05
-1.70928e-05
-2.87475e-05
-1.78822e-05
-2.79401e-05
-1.86459e-05
-2.70953e-05
-1.93826e-05
-2.62143e-05
-2.00913e-05
-2.52983e-05
-2.07711e-05
-2.43486e-05
-2.14209e-05
-2.33665e-05
-2.20398e-05
-2.23533e-05
-2.26267e-05
-2.13103e-05
-2.31808e-05
-2.0239e-05
-2.37011e-05
-1.91408e-05
-2.41865e-05
-1.80172e-05
-2.46362e-05
-1.68697e-05
-2.5049e-05
-1.56999e-05
-2.54237e-05
-1.45094e-05
-2.57588e-05
-1.32996e-05
-2.60527e-05
-1.20716e-05
-2.63039e-05
-1.08264e-05
-2.65115e-05
-9.56565e-06
-2.66747e-05
-8.29184e-06
-2.67927e-05
-7.00837e-06
-2.68642e-05
-5.71851e-06
-2.68887e-05
-4.42433e-06
-2.68643e-05
-3.12955e-06
-2.67941e-05
-1.83616e-06
-2.66716e-05
-5.46847e-07
-2.64999e-05
7.36813e-07
2.00974e-06
-9.03285e-07
-3.29258e-05
-1.84632e-06
-3.48987e-05
-2.7837e-06
-3.48246e-05
-3.71725e-06
-3.46797e-05
-4.64585e-06
-3.44888e-05
-5.56823e-06
-3.42522e-05
-6.48303e-06
-3.397e-05
-7.38893e-06
-3.36427e-05
-8.28457e-06
-3.32707e-05
-9.16863e-06
-3.28544e-05
-1.00398e-05
-3.23942e-05
-1.08967e-05
-3.18908e-05
-1.17382e-05
-3.13448e-05
-1.25629e-05
-3.07569e-05
-1.33695e-05
-3.01278e-05
-1.41569e-05
-2.94583e-05
-1.49239e-05
-2.87495e-05
-1.56693e-05
-2.80021e-05
-1.6392e-05
-2.72174e-05
-1.7091e-05
-2.63963e-05
-1.77653e-05
-2.55401e-05
-1.84138e-05
-2.46499e-05
-1.90355e-05
-2.37269e-05
-1.96297e-05
-2.27723e-05
-2.01953e-05
-2.17877e-05
-2.07315e-05
-2.07741e-05
-2.12373e-05
-1.97332e-05
-2.1712e-05
-1.86662e-05
-2.21545e-05
-1.75747e-05
-2.2564e-05
-1.64602e-05
-2.29396e-05
-1.53243e-05
-2.32803e-05
-1.41687e-05
-2.35849e-05
-1.2995e-05
-2.38519e-05
-1.18045e-05
-2.408e-05
-1.05984e-05
-2.42678e-05
-9.3778e-06
-2.4415e-05
-8.14469e-06
-2.45211e-05
-6.9023e-06
-2.45855e-05
-5.65411e-06
-2.46072e-05
-4.40254e-06
-2.45854e-05
-3.15132e-06
-2.45207e-05
-1.90086e-06
-2.44118e-05
-6.55783e-07
-2.42582e-05
5.83272e-07
1.81211e-06
-8.24471e-07
-3.21013e-05
-1.68234e-06
-3.4041e-05
-2.5347e-06
-3.39723e-05
-3.38357e-06
-3.38308e-05
-4.22799e-06
-3.36444e-05
-5.06675e-06
-3.34134e-05
-5.89864e-06
-3.31381e-05
-6.7224e-06
-3.2819e-05
-7.53679e-06
-3.24563e-05
-8.34059e-06
-3.20506e-05
-9.13258e-06
-3.16023e-05
-9.91156e-06
-3.11119e-05
-1.06764e-05
-3.05801e-05
-1.14258e-05
-3.00075e-05
-1.21587e-05
-2.93949e-05
-1.2874e-05
-2.8743e-05
-1.35707e-05
-2.80528e-05
-1.42476e-05
-2.73252e-05
-1.49038e-05
-2.65612e-05
-1.55384e-05
-2.57618e-05
-1.61503e-05
-2.49282e-05
-1.67387e-05
-2.40614e-05
-1.73027e-05
-2.31628e-05
-1.78415e-05
-2.22336e-05
-1.83542e-05
-2.1275e-05
-1.884e-05
-2.02883e-05
-1.9298e-05
-1.92751e-05
-1.97276e-05
-1.82366e-05
-2.01278e-05
-1.71744e-05
-2.04979e-05
-1.609e-05
-2.08371e-05
-1.4985e-05
-2.11447e-05
-1.38611e-05
-2.14196e-05
-1.272e-05
-2.16608e-05
-1.15633e-05
-2.18669e-05
-1.03923e-05
-2.20367e-05
-9.20804e-06
-2.21694e-05
-8.01199e-06
-2.22651e-05
-6.80669e-06
-2.23232e-05
-5.59601e-06
-2.23433e-05
-4.38247e-06
-2.23257e-05
-3.16893e-06
-2.22683e-05
-1.9582e-06
-2.21719e-05
-7.52191e-07
-2.20368e-05
4.48236e-07
1.63792e-06
-7.45278e-07
-3.13561e-05
-1.51701e-06
-3.32693e-05
-2.28352e-06
-3.32058e-05
-3.04744e-06
-3.30669e-05
-3.80762e-06
-3.28843e-05
-4.56288e-06
-3.26582e-05
-5.31204e-06
-3.2389e-05
-6.05388e-06
-3.20771e-05
-6.78723e-06
-3.1723e-05
-7.51095e-06
-3.13269e-05
-8.22393e-06
-3.08893e-05
-8.92507e-06
-3.04108e-05
-9.6133e-06
-2.98919e-05
-1.02876e-05
-2.93332e-05
-1.09468e-05
-2.87356e-05
-1.15901e-05
-2.80997e-05
-1.22165e-05
-2.74264e-05
-1.28251e-05
-2.67167e-05
-1.34148e-05
-2.59714e-05
-1.3985e-05
-2.51916e-05
-1.45347e-05
-2.43785e-05
-1.50631e-05
-2.3533e-05
-1.55695e-05
-2.26565e-05
-1.6053e-05
-2.175e-05
-1.65129e-05
-2.0815e-05
-1.69486e-05
-1.98527e-05
-1.73592e-05
-1.88645e-05
-1.7744e-05
-1.78517e-05
-1.81025e-05
-1.6816e-05
-1.84337e-05
-1.57587e-05
-1.87372e-05
-1.46816e-05
-1.90122e-05
-1.35861e-05
-1.92581e-05
-1.24741e-05
-1.94741e-05
-1.13473e-05
-1.9659e-05
-1.02073e-05
-1.98118e-05
-9.05531e-06
-1.99313e-05
-7.89249e-06
-2.00176e-05
-6.72045e-06
-2.00706e-05
-5.54298e-06
-2.00902e-05
-4.36295e-06
-2.00758e-05
-3.18327e-06
-2.00277e-05
-2.00633e-06
-1.99453e-05
-8.346e-07
-1.9828e-05
3.31006e-07
1.48664e-06
-6.64244e-07
-3.06919e-05
-1.34855e-06
-3.2585e-05
-2.02823e-06
-3.25262e-05
-2.70697e-06
-3.23882e-05
-3.38293e-06
-3.22083e-05
-4.05491e-06
-3.19862e-05
-4.72156e-06
-3.17224e-05
-5.38168e-06
-3.1417e-05
-6.03415e-06
-3.10705e-05
-6.67789e-06
-3.06831e-05
-7.31189e-06
-3.02553e-05
-7.93518e-06
-2.97875e-05
-8.54678e-06
-2.92803e-05
-9.14579e-06
-2.87342e-05
-9.73133e-06
-2.815e-05
-1.03025e-05
-2.75285e-05
-1.08585e-05
-2.68704e-05
-1.13986e-05
-2.61766e-05
-1.19218e-05
-2.54481e-05
-1.24275e-05
-2.46859e-05
-1.29149e-05
-2.3891e-05
-1.33833e-05
-2.30646e-05
-1.3832e-05
-2.22078e-05
-1.42604e-05
-2.13217e-05
-1.46677e-05
-2.04077e-05
-1.50533e-05
-1.94671e-05
-1.54166e-05
-1.85012e-05
-1.5757e-05
-1.75114e-05
-1.60738e-05
-1.64991e-05
-1.63666e-05
-1.54659e-05
-1.66348e-05
-1.44134e-05
-1.68777e-05
-1.33431e-05
-1.7095e-05
-1.22568e-05
-1.7286e-05
-1.11563e-05
-1.74502e-05
-1.00432e-05
-1.75864e-05
-8.91908e-06
-1.76937e-05
-7.78519e-06
-1.77716e-05
-6.64258e-06
-1.78207e-05
-5.49388e-06
-1.78404e-05
-4.3433e-06
-1.78309e-05
-3.19282e-06
-1.77922e-05
-2.04503e-06
-1.77217e-05
-9.05043e-07
-1.76236e-05
2.32834e-07
1.35834e-06
-5.76559e-07
-3.01154e-05
-1.17279e-06
-3.19888e-05
-1.76573e-06
-3.19332e-05
-2.35979e-06
-3.17942e-05
-2.95217e-06
-3.16159e-05
-3.54141e-06
-3.1397e-05
-4.12598e-06
-3.11378e-05
-4.70465e-06
-3.08383e-05
-5.27635e-06
-3.04988e-05
-5.84011e-06
-3.01194e-05
-6.39501e-06
-2.97004e-05
-6.94022e-06
-2.92423e-05
-7.47493e-06
-2.87456e-05
-7.99838e-06
-2.82108e-05
-8.50982e-06
-2.76386e-05
-9.00853e-06
-2.70298e-05
-9.49379e-06
-2.63851e-05
-9.96493e-06
-2.57055e-05
-1.04213e-05
-2.49918e-05
-1.08622e-05
-2.4245e-05
-1.1287e-05
-2.34662e-05
-1.16952e-05
-2.26564e-05
-1.20861e-05
-2.18169e-05
-1.24591e-05
-2.09487e-05
-1.28137e-05
-2.00532e-05
-1.31492e-05
-1.91315e-05
-1.34653e-05
-1.81852e-05
-1.37612e-05
-1.72154e-05
-1.40367e-05
-1.62237e-05
-1.42912e-05
-1.52115e-05
-1.45242e-05
-1.41804e-05
-1.47353e-05
-1.3132e-05
-1.49243e-05
-1.20679e-05
-1.50907e-05
-1.09899e-05
-1.52341e-05
-9.89976e-06
-1.53539e-05
-8.79926e-06
-1.54493e-05
-7.6898e-06
-1.55195e-05
-6.57235e-06
-1.55648e-05
-5.4486e-06
-1.55854e-05
-4.32279e-06
-1.5581e-05
-3.19723e-06
-1.55504e-05
-2.07554e-06
-1.54976e-05
-9.57867e-07
-1.5417e-05
1.52304e-07
1.25262e-06
-4.70753e-07
-2.96446e-05
-9.80677e-07
-3.14789e-05
-1.49044e-06
-3.14235e-05
-2.00234e-06
-3.12823e-05
-2.51296e-06
-3.11053e-05
-3.02058e-06
-3.08893e-05
-3.52372e-06
-3.06346e-05
-4.02125e-06
-3.03408e-05
-4.51228e-06
-3.00078e-05
-4.996e-06
-2.96357e-05
-5.47167e-06
-2.92248e-05
-5.93861e-06
-2.87754e-05
-6.39617e-06
-2.8288e-05
-6.84373e-06
-2.77632e-05
-7.28069e-06
-2.72017e-05
-7.70645e-06
-2.6604e-05
-8.12044e-06
-2.59711e-05
-8.52211e-06
-2.53038e-05
-8.91094e-06
-2.46029e-05
-9.28641e-06
-2.38695e-05
-9.64802e-06
-2.31046e-05
-9.99528e-06
-2.23092e-05
-1.03277e-05
-2.14845e-05
-1.06448e-05
-2.06316e-05
-1.09462e-05
-1.97519e-05
-1.12313e-05
-1.88465e-05
-1.14997e-05
-1.79167e-05
-1.17511e-05
-1.6964e-05
-1.1985e-05
-1.59897e-05
-1.22011e-05
-1.49954e-05
-1.2399e-05
-1.39825e-05
-1.25784e-05
-1.29525e-05
-1.27391e-05
-1.19072e-05
-1.28808e-05
-1.08481e-05
-1.30035e-05
-9.7771e-06
-1.31068e-05
-8.69595e-06
-1.31902e-05
-7.60634e-06
-1.32531e-05
-6.50948e-06
-1.32955e-05
-5.40621e-06
-1.33174e-05
-4.3009e-06
-1.33185e-05
-3.19613e-06
-1.33001e-05
-2.09389e-06
-1.32603e-05
-9.97728e-07
-1.31993e-05
9.14324e-08
1.17043e-06
-3.32438e-07
-2.93122e-05
-7.60954e-07
-3.10504e-05
-1.19544e-06
-3.0989e-05
-1.62931e-06
-3.08484e-05
-2.06019e-06
-3.06744e-05
-2.48685e-06
-3.04626e-05
-2.90856e-06
-3.02129e-05
-3.32466e-06
-2.99247e-05
-3.7346e-06
-2.95978e-05
-4.13789e-06
-2.92324e-05
-4.534e-06
-2.88286e-05
-4.92246e-06
-2.83869e-05
-5.30279e-06
-2.79077e-05
-5.67449e-06
-2.73915e-05
-6.03707e-06
-2.68391e-05
-6.39003e-06
-2.62511e-05
-6.7329e-06
-2.56282e-05
-7.06523e-06
-2.49714e-05
-7.38657e-06
-2.42816e-05
-7.69651e-06
-2.35596e-05
-7.99465e-06
-2.28064e-05
-8.28062e-06
-2.20232e-05
-8.55405e-06
-2.12111e-05
-8.8146e-06
-2.03711e-05
-9.06195e-06
-1.95045e-05
-9.2958e-06
-1.86126e-05
-9.51584e-06
-1.76967e-05
-9.7218e-06
-1.67581e-05
-9.91341e-06
-1.57981e-05
-1.00904e-05
-1.48184e-05
-1.02526e-05
-1.38203e-05
-1.03999e-05
-1.28053e-05
-1.05319e-05
-1.17751e-05
-1.06488e-05
-1.07312e-05
-1.07505e-05
-9.6754e-06
-1.0837e-05
-8.60946e-06
-1.09081e-05
-7.53519e-06
-1.09636e-05
-6.45405e-06
-1.10031e-05
-5.36666e-06
-1.10271e-05
-4.27693e-06
-1.10357e-05
-3.1875e-06
-1.10278e-05
-2.10181e-06
-1.10041e-05
-1.02144e-06
-1.09632e-05
5.05521e-08
1.11236e-06
-1.64101e-07
-2.91481e-05
-5.16098e-07
-3.06984e-05
-8.81727e-07
-3.06234e-05
-1.23908e-06
-3.0491e-05
-1.58982e-06
-3.03237e-05
-1.93417e-06
-3.01183e-05
-2.27256e-06
-2.98745e-05
-2.60508e-06
-2.95921e-05
-2.93177e-06
-2.92711e-05
-3.25257e-06
-2.89116e-05
-3.56734e-06
-2.85138e-05
-3.87587e-06
-2.80784e-05
-4.17788e-06
-2.76057e-05
-4.47301e-06
-2.70964e-05
-4.76091e-06
-2.65512e-05
-5.04115e-06
-2.59708e-05
-5.31333e-06
-2.53561e-05
-5.57704e-06
-2.47077e-05
-5.83186e-06
-2.40267e-05
-6.0774e-06
-2.3314e-05
-6.31328e-06
-2.25706e-05
-6.53914e-06
-2.17974e-05
-6.75467e-06
-2.09955e-05
-6.95957e-06
-2.01662e-05
-7.1536e-06
-1.93105e-05
-7.33654e-06
-1.84297e-05
-7.50822e-06
-1.7525e-05
-7.66848e-06
-1.65978e-05
-7.81724e-06
-1.56494e-05
-7.9544e-06
-1.46812e-05
-8.07995e-06
-1.36947e-05
-8.19388e-06
-1.26914e-05
-8.29625e-06
-1.16727e-05
-8.38718e-06
-1.06402e-05
-8.46687e-06
-9.59569e-06
-8.53558e-06
-8.54073e-06
-8.5936e-06
-7.47715e-06
-8.641e-06
-6.40664e-06
-8.67794e-06
-5.32971e-06
-8.70483e-06
-4.25003e-06
-8.72102e-06
-3.17129e-06
-8.72634e-06
-2.09647e-06
-8.71959e-06
-1.02821e-06
-8.70022e-06
3.1141e-08
1.07961e-06
-4.73682e-09
-2.91433e-05
-2.74498e-07
-3.04286e-05
-5.674e-07
-3.03305e-05
-8.44967e-07
-3.02135e-05
-1.11249e-06
-3.00561e-05
-1.37103e-06
-2.98597e-05
-1.62216e-06
-2.96233e-05
-1.86699e-06
-2.93473e-05
-2.1063e-06
-2.90318e-05
-2.3406e-06
-2.86773e-05
-2.57017e-06
-2.82843e-05
-2.7951e-06
-2.78535e-05
-3.01536e-06
-2.73855e-05
-3.2308e-06
-2.6881e-05
-3.44121e-06
-2.63408e-05
-3.64632e-06
-2.57657e-05
-3.84585e-06
-2.51565e-05
-4.03946e-06
-2.45141e-05
-4.22681e-06
-2.38394e-05
-4.40755e-06
-2.31333e-05
-4.58132e-06
-2.23968e-05
-4.74777e-06
-2.16309e-05
-4.90655e-06
-2.08368e-05
-5.05735e-06
-2.00154e-05
-5.19989e-06
-1.9168e-05
-5.33392e-06
-1.82957e-05
-5.45923e-06
-1.73997e-05
-5.57567e-06
-1.64814e-05
-5.68315e-06
-1.55419e-05
-5.78165e-06
-1.45827e-05
-5.87123e-06
-1.36051e-05
-5.95202e-06
-1.26106e-05
-6.02427e-06
-1.16004e-05
-6.08834e-06
-1.05762e-05
-6.14469e-06
-9.53933e-06
-6.19399e-06
-8.49142e-06
-6.23711e-06
-7.43403e-06
-6.27487e-06
-6.36888e-06
-6.30874e-06
-5.29583e-06
-6.33902e-06
-4.21974e-06
-6.36488e-06
-3.14541e-06
-6.38487e-06
-2.07645e-06
-6.39757e-06
-1.01549e-06
-6.40187e-06
3.54197e-08
1.07427e-06
1.22758e-07
-2.92661e-05
-7.50332e-08
-3.02309e-05
-2.862e-07
-3.01193e-05
-4.76676e-07
-3.0023e-05
-6.52832e-07
-2.98799e-05
-8.18199e-07
-2.96943e-05
-9.75726e-07
-2.94658e-05
-1.12746e-06
-2.91955e-05
-1.27468e-06
-2.88845e-05
-1.4182e-06
-2.85337e-05
-1.55848e-06
-2.8144e-05
-1.69576e-06
-2.77162e-05
-1.83014e-06
-2.72511e-05
-1.96162e-06
-2.67495e-05
-2.09014e-06
-2.62123e-05
-2.21559e-06
-2.56403e-05
-2.33785e-06
-2.50343e-05
-2.45674e-06
-2.43952e-05
-2.57209e-06
-2.3724e-05
-2.6837e-06
-2.30217e-05
-2.79133e-06
-2.22891e-05
-2.89478e-06
-2.15275e-05
-2.99379e-06
-2.07377e-05
-3.08812e-06
-1.99211e-05
-3.17753e-06
-1.90786e-05
-3.26178e-06
-1.82114e-05
-3.34064e-06
-1.73209e-05
-3.41392e-06
-1.64081e-05
-3.48144e-06
-1.54744e-05
-3.54309e-06
-1.45211e-05
-3.59883e-06
-1.35494e-05
-3.64871e-06
-1.25607e-05
-3.69291e-06
-1.15562e-05
-3.73181e-06
-1.05373e-05
-3.76599e-06
-9.50514e-06
-3.79637e-06
-8.46103e-06
-3.82427e-06
-7.40613e-06
-3.8512e-06
-6.34193e-06
-3.88042e-06
-5.2666e-06
-3.91414e-06
-4.18601e-06
-3.95327e-06
-3.10626e-06
-3.99317e-06
-2.03651e-06
-4.03105e-06
-9.77583e-07
-4.06532e-06
6.97259e-08
1.10268e-06
1.54428e-07
2.33296e-08
-7.52994e-08
-1.51092e-07
-2.1592e-07
-2.74388e-07
-3.28973e-07
-3.8099e-07
-4.31154e-07
-4.79863e-07
-5.27339e-07
-5.73703e-07
-6.19012e-07
-6.63285e-07
-7.06516e-07
-7.48685e-07
-7.89765e-07
-8.29723e-07
-8.68516e-07
-9.06098e-07
-9.42417e-07
-9.77422e-07
-1.01106e-06
-1.04326e-06
-1.07396e-06
-1.10308e-06
-1.13056e-06
-1.15632e-06
-1.18027e-06
-1.20236e-06
-1.22252e-06
-1.24073e-06
-1.25704e-06
-1.2716e-06
-1.28475e-06
-1.29722e-06
-1.31043e-06
-1.32666e-06
-1.34474e-06
-1.36903e-06
-1.39885e-06
-1.43144e-06
-1.46482e-06
-1.49865e-06
)
;

boundaryField
{
    leftWall
    {
        type            calculated;
        value           uniform 0;
    }
    rightWall
    {
        type            calculated;
        value           nonuniform 0();
    }
    lowerWall
    {
        type            calculated;
        value           nonuniform 0();
    }
    atmosphere
    {
        type            calculated;
        value           nonuniform List<scalar> 
45
(
-2.94206e-05
-3.00998e-05
-3.00207e-05
-2.99472e-05
-2.98151e-05
-2.96358e-05
-2.94112e-05
-2.91435e-05
-2.88343e-05
-2.8485e-05
-2.80965e-05
-2.76698e-05
-2.72058e-05
-2.67053e-05
-2.61691e-05
-2.55981e-05
-2.49932e-05
-2.43553e-05
-2.36852e-05
-2.29841e-05
-2.22528e-05
-2.14925e-05
-2.07041e-05
-1.98889e-05
-1.90479e-05
-1.81823e-05
-1.72934e-05
-1.63824e-05
-1.54505e-05
-1.4499e-05
-1.35293e-05
-1.25425e-05
-1.15399e-05
-1.05227e-05
-9.49199e-06
-8.44856e-06
-7.39291e-06
-6.3257e-06
-5.24852e-06
-4.1617e-06
-3.07643e-06
-2.00392e-06
-9.44186e-07
1.03607e-07
1.13481e-06
)
;
    }
    defaultFaces
    {
        type            empty;
        value           nonuniform 0();
    }
    procBoundary2to0
    {
        type            processor;
        value           nonuniform List<scalar> 
46
(
8.96161e-05
6.01901e-05
2.95947e-05
7.47859e-06
4.67186e-06
1.04096e-05
-1.8188e-05
-1.40688e-05
1.66989e-06
8.6025e-06
1.71026e-05
2.45808e-05
3.19032e-05
3.90869e-05
4.64075e-05
5.40495e-05
6.22467e-05
7.12469e-05
8.13513e-05
9.29595e-05
0.000106831
0.000124552
0.000146876
0.00016405
0.000145163
8.05099e-05
8.71116e-05
8.75811e-05
8.87025e-05
9.02488e-05
9.22375e-05
9.46888e-05
9.76358e-05
0.000101121
0.000105177
0.000109737
0.000114827
0.000121372
0.000131404
0.00014542
0.000158944
0.000163209
0.000152827
0.000131138
4.40454e-05
0.000105107
)
;
    }
    procBoundary2to3
    {
        type            processor;
        value           nonuniform List<scalar> 
43
(
-5.62236e-05
-0.000111702
-0.000163622
-0.000190983
-0.00019043
-0.000176097
-0.00015967
-0.0001442
-0.000130667
-0.000118881
-0.000108717
-9.99738e-05
-9.24002e-05
-8.5783e-05
-7.99423e-05
-7.47338e-05
-7.00423e-05
-6.57759e-05
-6.18608e-05
-5.8238e-05
-5.48597e-05
-5.16869e-05
-4.8688e-05
-4.58367e-05
-4.31112e-05
-4.04934e-05
-3.79666e-05
-3.55177e-05
-3.31348e-05
-3.0807e-05
-2.85246e-05
-2.62788e-05
-2.40608e-05
-2.18626e-05
-1.96766e-05
-1.74955e-05
-1.53117e-05
-1.31171e-05
-1.09048e-05
-8.66734e-06
-6.39664e-06
-4.09384e-06
-1.53079e-06
)
;
    }
}


// ************************************************************************* //
