/*--------------------------------*- C++ -*----------------------------------*\
| =========                 |                                                 |
| \\      /  F ield         | OpenFOAM: The Open Source CFD Toolbox           |
|  \\    /   O peration     | Version:  3.0.1                                 |
|   \\  /    A nd           | Web:      www.OpenFOAM.org                      |
|    \\/     M anipulation  |                                                 |
\*---------------------------------------------------------------------------*/
FoamFile
{
    version     2.0;
    format      ascii;
    class       volVectorField;
    location    "0.2";
    object      U;
}
// * * * * * * * * * * * * * * * * * * * * * * * * * * * * * * * * * * * * * //

dimensions      [0 1 -1 0 0 0 0];

internalField   nonuniform List<vector> 
1915
(
(-0.505121 -0.880489 0)
(-0.642015 -0.58461 0)
(-0.639892 -0.333049 0)
(-0.518252 -0.189079 0)
(-0.419021 -0.132995 0)
(-0.523269 -0.035422 0)
(-0.597601 0.209678 0)
(-0.512284 0.104095 0)
(-0.43166 -0.0431266 0)
(-0.394762 -0.109663 0)
(-0.363304 -0.195798 0)
(-0.343241 -0.272029 0)
(-0.332209 -0.347516 0)
(-0.327687 -0.422073 0)
(-0.329441 -0.498398 0)
(-0.336794 -0.578249 0)
(-0.34984 -0.664015 0)
(-0.368873 -0.758277 0)
(-0.394465 -0.86429 0)
(-0.427286 -0.986458 0)
(-0.467764 -1.13291 0)
(-0.516248 -1.32096 0)
(-0.577942 -1.56402 0)
(-0.65586 -1.77121 0)
(-0.660495 -1.638 0)
(0.00456319 -0.873175 0)
(0.00486188 -0.939516 0)
(0.00323314 -0.945572 0)
(0.00215937 -0.95733 0)
(-4.67581e-05 -0.973326 0)
(-0.00396749 -0.993815 0)
(-0.0101647 -1.01897 0)
(-0.0193349 -1.04907 0)
(-0.0323052 -1.08451 0)
(-0.0501182 -1.12548 0)
(-0.0741147 -1.17117 0)
(-0.105613 -1.22169 0)
(-0.146049 -1.28596 0)
(-0.201393 -1.38388 0)
(-0.286162 -1.52289 0)
(-0.406529 -1.66273 0)
(-0.531229 -1.72028 0)
(-0.608646 -1.63564 0)
(-0.62877 -1.42264 0)
(-0.640127 -1.13932 0)
(-0.64356 -0.853283 0)
(-0.655701 -0.618 0)
(-0.620878 -0.423824 0)
(-0.582359 -0.24547 0)
(-0.632701 -0.0755518 0)
(-0.73369 0.100365 0)
(-0.697946 0.145729 0)
(-0.581869 -0.00365696 0)
(-0.517881 -0.0953455 0)
(-0.472922 -0.15029 0)
(-0.440844 -0.222777 0)
(-0.41881 -0.288604 0)
(-0.407704 -0.355154 0)
(-0.40427 -0.42211 0)
(-0.408939 -0.491259 0)
(-0.421061 -0.563934 0)
(-0.441206 -0.642014 0)
(-0.47015 -0.727637 0)
(-0.509347 -0.823559 0)
(-0.560916 -0.933525 0)
(-0.628002 -1.06386 0)
(-0.715519 -1.22788 0)
(-0.835348 -1.44179 0)
(-1.00143 -1.6614 0)
(-1.1553 -1.63958 0)
(0.00144946 -0.875905 0)
(-0.00206485 -0.935897 0)
(-0.0068903 -0.94244 0)
(-0.0123328 -0.95308 0)
(-0.01898 -0.967442 0)
(-0.027571 -0.985672 0)
(-0.0386683 -1.00786 0)
(-0.0530228 -1.03413 0)
(-0.0715089 -1.0647 0)
(-0.0952407 -1.09953 0)
(-0.125539 -1.13769 0)
(-0.163543 -1.17856 0)
(-0.211107 -1.22739 0)
(-0.27588 -1.29858 0)
(-0.37423 -1.40219 0)
(-0.516206 -1.5165 0)
(-0.680836 -1.5827 0)
(-0.821325 -1.54346 0)
(-0.904629 -1.38284 0)
(-0.937785 -1.12665 0)
(-0.917159 -0.844562 0)
(-0.882794 -0.587474 0)
(-0.864042 -0.359806 0)
(-0.894661 -0.148647 0)
(-0.931059 0.00761149 0)
(-0.876531 0.0655322 0)
(-0.751021 0.018189 0)
(-0.643547 -0.100351 0)
(-0.584592 -0.147478 0)
(-0.538265 -0.192727 0)
(-0.505802 -0.251042 0)
(-0.484436 -0.30562 0)
(-0.474225 -0.362062 0)
(-0.472719 -0.419944 0)
(-0.480414 -0.48013 0)
(-0.496936 -0.543618 0)
(-0.523195 -0.611583 0)
(-0.560388 -0.68548 0)
(-0.610648 -0.767141 0)
(-0.677199 -0.858981 0)
(-0.764992 -0.9646 0)
(-0.881582 -1.09072 0)
(-1.04181 -1.2479 0)
(-1.27565 -1.42437 0)
(-1.5782 -1.49162 0)
(-0.00106469 -0.872901 0)
(-0.00817105 -0.929538 0)
(-0.0161374 -0.93508 0)
(-0.0253236 -0.944441 0)
(-0.0358417 -0.956988 0)
(-0.0484049 -0.972757 0)
(-0.0635855 -0.991754 0)
(-0.0821199 -1.01397 0)
(-0.104859 -1.03941 0)
(-0.132865 -1.06789 0)
(-0.167339 -1.09848 0)
(-0.209188 -1.12989 0)
(-0.259866 -1.16369 0)
(-0.325829 -1.20774 0)
(-0.421766 -1.27065 0)
(-0.561497 -1.34508 0)
(-0.738688 -1.39734 0)
(-0.92105 -1.38345 0)
(-1.07074 -1.27769 0)
(-1.16831 -1.08173 0)
(-1.20365 -0.823145 0)
(-1.20229 -0.561054 0)
(-1.18836 -0.353981 0)
(-1.14305 -0.197436 0)
(-1.04312 -0.0871176 0)
(-0.905062 -0.0673741 0)
(-0.770578 -0.128464 0)
(-0.685361 -0.180123 0)
(-0.631841 -0.199643 0)
(-0.588129 -0.234948 0)
(-0.55752 -0.278785 0)
(-0.538811 -0.321565 0)
(-0.530377 -0.367279 0)
(-0.531278 -0.415112 0)
(-0.541827 -0.465208 0)
(-0.562044 -0.51812 0)
(-0.59292 -0.574313 0)
(-0.63591 -0.63444 0)
(-0.69337 -0.699234 0)
(-0.768833 -0.769495 0)
(-0.867657 -0.846067 0)
(-0.997595 -0.929938 0)
(-1.17183 -1.02256 0)
(-1.41773 -1.1196 0)
(-1.7585 -1.17402 0)
(-0.0029507 -0.866065 0)
(-0.0133239 -0.919353 0)
(-0.0243661 -0.923943 0)
(-0.0367092 -0.931943 0)
(-0.0504784 -0.94257 0)
(-0.0663092 -0.955804 0)
(-0.0847441 -0.971562 0)
(-0.106462 -0.989719 0)
(-0.132226 -1.01011 0)
(-0.162969 -1.03245 0)
(-0.199708 -1.0559 0)
(-0.243119 -1.07896 0)
(-0.293878 -1.10087 0)
(-0.355545 -1.12395 0)
(-0.437542 -1.15251 0)
(-0.551901 -1.18561 0)
(-0.701604 -1.20885 0)
(-0.871041 -1.19696 0)
(-1.03227 -1.12979 0)
(-1.15798 -1.00414 0)
(-1.22747 -0.829688 0)
(-1.23324 -0.629275 0)
(-1.18713 -0.441188 0)
(-1.10257 -0.306405 0)
(-0.984897 -0.240476 0)
(-0.859212 -0.227732 0)
(-0.764899 -0.236808 0)
(-0.706462 -0.241427 0)
(-0.660403 -0.249028 0)
(-0.622201 -0.273661 0)
(-0.596356 -0.303412 0)
(-0.581172 -0.334821 0)
(-0.575352 -0.369967 0)
(-0.578975 -0.407446 0)
(-0.592045 -0.447076 0)
(-0.614982 -0.488803 0)
(-0.648741 -0.532517 0)
(-0.694794 -0.57812 0)
(-0.755347 -0.625343 0)
(-0.833543 -0.673608 0)
(-0.933812 -0.721692 0)
(-1.06229 -0.767063 0)
(-1.2282 -0.805212 0)
(-1.44769 -0.826948 0)
(-1.73783 -0.806116 0)
(-0.00451891 -0.855502 0)
(-0.017682 -0.90602 0)
(-0.0314027 -0.909544 0)
(-0.0463997 -0.916135 0)
(-0.0628204 -0.924834 0)
(-0.0812357 -0.935565 0)
(-0.102139 -0.948176 0)
(-0.126125 -0.962453 0)
(-0.153842 -0.978119 0)
(-0.186049 -0.994796 0)
(-0.223571 -1.01179 0)
(-0.266945 -1.02778 0)
(-0.316338 -1.04126 0)
(-0.372828 -1.05165 0)
(-0.440256 -1.0595 0)
(-0.524907 -1.06448 0)
(-0.630926 -1.06174 0)
(-0.753401 -1.0396 0)
(-0.876469 -0.984372 0)
(-0.97947 -0.890526 0)
(-1.04454 -0.767083 0)
(-1.06105 -0.635129 0)
(-1.02964 -0.51692 0)
(-0.963343 -0.424152 0)
(-0.882439 -0.360177 0)
(-0.808637 -0.323087 0)
(-0.753748 -0.301927 0)
(-0.71117 -0.290041 0)
(-0.67302 -0.292002 0)
(-0.642836 -0.305532 0)
(-0.623056 -0.323137 0)
(-0.611984 -0.344501 0)
(-0.609367 -0.369702 0)
(-0.615563 -0.397136 0)
(-0.630661 -0.426447 0)
(-0.655228 -0.45708 0)
(-0.690138 -0.488471 0)
(-0.736663 -0.519929 0)
(-0.796597 -0.550447 0)
(-0.872371 -0.578507 0)
(-0.967013 -0.601654 0)
(-1.08425 -0.615861 0)
(-1.22921 -0.614766 0)
(-1.40833 -0.587669 0)
(-1.62432 -0.513513 0)
(-0.00581369 -0.841857 0)
(-0.0212913 -0.889845 0)
(-0.0372445 -0.892361 0)
(-0.0543906 -0.89757 0)
(-0.0728945 -0.904409 0)
(-0.0932603 -0.912761 0)
(-0.115921 -0.922425 0)
(-0.141379 -0.933134 0)
(-0.170159 -0.944541 0)
(-0.202844 -0.956209 0)
(-0.240064 -0.967523 0)
(-0.282278 -0.977475 0)
(-0.329548 -0.984691 0)
(-0.381882 -0.987861 0)
(-0.440009 -0.985894 0)
(-0.505675 -0.97747 0)
(-0.580532 -0.960401 0)
(-0.663249 -0.931081 0)
(-0.7467 -0.884943 0)
(-0.818701 -0.81901 0)
(-0.867182 -0.735364 0)
(-0.886056 -0.642391 0)
(-0.877042 -0.552284 0)
(-0.847692 -0.475188 0)
(-0.808882 -0.415254 0)
(-0.770534 -0.372351 0)
(-0.735861 -0.344215 0)
(-0.703342 -0.329042 0)
(-0.674533 -0.325395 0)
(-0.653009 -0.329179 0)
(-0.639142 -0.337485 0)
(-0.632273 -0.35025 0)
(-0.632903 -0.366361 0)
(-0.641367 -0.384531 0)
(-0.657906 -0.404141 0)
(-0.683089 -0.424347 0)
(-0.717647 -0.444272 0)
(-0.762579 -0.462845 0)
(-0.819161 -0.478638 0)
(-0.888908 -0.489641 0)
(-0.973441 -0.492908 0)
(-1.07459 -0.484301 0)
(-1.19433 -0.457812 0)
(-1.33309 -0.404086 0)
(-1.48689 -0.308946 0)
(-0.00686762 -0.825615 0)
(-0.0242073 -0.871292 0)
(-0.0419359 -0.872875 0)
(-0.060751 -0.876783 0)
(-0.0808135 -0.881888 0)
(-0.102562 -0.888052 0)
(-0.126362 -0.895043 0)
(-0.152625 -0.902571 0)
(-0.181758 -0.910265 0)
(-0.214182 -0.917659 0)
(-0.250333 -0.924176 0)
(-0.290562 -0.929034 0)
(-0.334951 -0.931196 0)
(-0.383302 -0.92946 0)
(-0.435352 -0.922531 0)
(-0.490865 -0.908927 0)
(-0.549344 -0.887051 0)
(-0.60933 -0.855404 0)
(-0.667489 -0.812613 0)
(-0.718572 -0.758047 0)
(-0.75688 -0.693562 0)
(-0.778546 -0.624056 0)
(-0.783335 -0.55551 0)
(-0.774544 -0.493218 0)
(-0.757063 -0.441415 0)
(-0.735115 -0.40222 0)
(-0.711356 -0.374948 0)
(-0.688251 -0.35777 0)
(-0.668833 -0.348579 0)
(-0.65481 -0.345161 0)
(-0.646229 -0.346499 0)
(-0.643397 -0.351925 0)
(-0.64696 -0.360122 0)
(-0.657237 -0.370069 0)
(-0.674588 -0.38096 0)
(-0.69951 -0.391816 0)
(-0.732561 -0.401599 0)
(-0.774419 -0.409055 0)
(-0.825842 -0.412579 0)
(-0.887575 -0.410069 0)
(-0.960287 -0.398742 0)
(-1.04434 -0.374967 0)
(-1.1392 -0.333747 0)
(-1.24281 -0.26821 0)
(-1.34923 -0.170186 0)
(-0.00770033 -0.80724 0)
(-0.0264868 -0.850805 0)
(-0.0455575 -0.851553 0)
(-0.0656006 -0.854273 0)
(-0.0867517 -0.857812 0)
(-0.109389 -0.862018 0)
(-0.133809 -0.866654 0)
(-0.160339 -0.871428 0)
(-0.189281 -0.875977 0)
(-0.220922 -0.879845 0)
(-0.255522 -0.88249 0)
(-0.293288 -0.883268 0)
(-0.334268 -0.881411 0)
(-0.378268 -0.876007 0)
(-0.424855 -0.866022 0)
(-0.47334 -0.850306 0)
(-0.522638 -0.827692 0)
(-0.57121 -0.797359 0)
(-0.616962 -0.759127 0)
(-0.657092 -0.713447 0)
(-0.688601 -0.661572 0)
(-0.709426 -0.606138 0)
(-0.719104 -0.551066 0)
(-0.718739 -0.500385 0)
(-0.710706 -0.457034 0)
(-0.697959 -0.422247 0)
(-0.683318 -0.395691 0)
(-0.669314 -0.376332 0)
(-0.657879 -0.362994 0)
(-0.649927 -0.354677 0)
(-0.645964 -0.35064 0)
(-0.646691 -0.349927 0)
(-0.652675 -0.351437 0)
(-0.664267 -0.354302 0)
(-0.681852 -0.357636 0)
(-0.705823 -0.360439 0)
(-0.736565 -0.361629 0)
(-0.774468 -0.35992 0)
(-0.819871 -0.353744 0)
(-0.872977 -0.341185 0)
(-0.933703 -0.319838 0)
(-1.0014 -0.286699 0)
(-1.07455 -0.238085 0)
(-1.15036 -0.169716 0)
(-1.22327 -0.0771594 0)
(-0.00833337 -0.787163 0)
(-0.0281888 -0.828804 0)
(-0.0482079 -0.828828 0)
(-0.0690861 -0.830495 0)
(-0.0909175 -0.832655 0)
(-0.114026 -0.835157 0)
(-0.138646 -0.837772 0)
(-0.165025 -0.840223 0)
(-0.193381 -0.842176 0)
(-0.223897 -0.843217 0)
(-0.256701 -0.84286 0)
(-0.291861 -0.84056 0)
(-0.329344 -0.835726 0)
(-0.368952 -0.827704 0)
(-0.410264 -0.815763 0)
(-0.452606 -0.799134 0)
(-0.494975 -0.777112 0)
(-0.536004 -0.749229 0)
(-0.574082 -0.715473 0)
(-0.607492 -0.676438 0)
(-0.634532 -0.633393 0)
(-0.653881 -0.58826 0)
(-0.66514 -0.543453 0)
(-0.669057 -0.501488 0)
(-0.667293 -0.46433 0)
(-0.66193 -0.432861 0)
(-0.655017 -0.407024 0)
(-0.648292 -0.38641 0)
(-0.642982 -0.370525 0)
(-0.639897 -0.358804 0)
(-0.639805 -0.350529 0)
(-0.643435 -0.344821 0)
(-0.651275 -0.340834 0)
(-0.663685 -0.337779 0)
(-0.681014 -0.334783 0)
(-0.703554 -0.330896 0)
(-0.731526 -0.325084 0)
(-0.765081 -0.316131 0)
(-0.804279 -0.302614 0)
(-0.848923 -0.282896 0)
(-0.898451 -0.255036 0)
(-0.951816 -0.216819 0)
(-1.00711 -0.165785 0)
(-1.06157 -0.0994601 0)
(-1.11079 -0.0155147 0)
(-0.00878908 -0.765772 0)
(-0.0293726 -0.805672 0)
(-0.0499945 -0.805089 0)
(-0.0713664 -0.805848 0)
(-0.0935331 -0.806825 0)
(-0.116772 -0.807882 0)
(-0.141258 -0.808805 0)
(-0.167178 -0.809345 0)
(-0.194679 -0.809204 0)
(-0.223868 -0.80803 0)
(-0.254792 -0.80541 0)
(-0.287423 -0.80089 0)
(-0.321648 -0.794002 0)
(-0.357247 -0.784281 0)
(-0.393835 -0.771244 0)
(-0.430812 -0.754384 0)
(-0.467348 -0.733258 0)
(-0.502414 -0.707673 0)
(-0.534855 -0.67784 0)
(-0.563499 -0.644371 0)
(-0.587298 -0.6082 0)
(-0.605515 -0.570588 0)
(-0.617965 -0.533112 0)
(-0.625161 -0.49742 0)
(-0.628216 -0.464811 0)
(-0.628509 -0.435965 0)
(-0.627363 -0.411072 0)
(-0.625931 -0.390061 0)
(-0.625189 -0.372671 0)
(-0.625952 -0.358475 0)
(-0.628956 -0.346899 0)
(-0.634816 -0.33726 0)
(-0.643969 -0.328868 0)
(-0.656752 -0.321001 0)
(-0.673446 -0.312869 0)
(-0.694252 -0.303609 0)
(-0.719251 -0.292273 0)
(-0.74841 -0.277824 0)
(-0.781599 -0.259082 0)
(-0.818437 -0.23464 0)
(-0.85819 -0.203058 0)
(-0.899625 -0.16278 0)
(-0.940964 -0.112194 0)
(-0.979644 -0.0500822 0)
(-1.01216 0.0244423 0)
(-0.00908896 -0.743424 0)
(-0.0300971 -0.781753 0)
(-0.0510267 -0.780682 0)
(-0.0726022 -0.780677 0)
(-0.0948201 -0.780666 0)
(-0.117915 -0.780526 0)
(-0.142016 -0.780067 0)
(-0.167257 -0.779071 0)
(-0.193731 -0.777282 0)
(-0.221495 -0.774406 0)
(-0.250548 -0.77011 0)
(-0.280814 -0.764033 0)
(-0.31214 -0.755805 0)
(-0.344287 -0.745087 0)
(-0.376913 -0.731583 0)
(-0.409528 -0.715022 0)
(-0.441462 -0.695166 0)
(-0.471913 -0.6719 0)
(-0.500062 -0.645375 0)
(-0.525184 -0.616096 0)
(-0.546688 -0.584863 0)
(-0.56416 -0.552643 0)
(-0.577491 -0.52047 0)
(-0.587004 -0.489376 0)
(-0.593398 -0.460247 0)
(-0.597556 -0.433661 0)
(-0.600388 -0.409876 0)
(-0.602747 -0.388917 0)
(-0.605422 -0.370615 0)
(-0.609121 -0.354647 0)
(-0.614466 -0.340583 0)
(-0.621938 -0.327911 0)
(-0.631904 -0.316057 0)
(-0.644672 -0.304392 0)
(-0.660454 -0.292227 0)
(-0.679353 -0.278814 0)
(-0.701399 -0.263329 0)
(-0.726489 -0.244902 0)
(-0.754271 -0.222593 0)
(-0.78425 -0.195307 0)
(-0.81569 -0.161943 0)
(-0.847342 -0.121482 0)
(-0.877711 -0.0730741 0)
(-0.904859 -0.0159459 0)
(-0.926069 0.0498586 0)
(-0.00925297 -0.720436 0)
(-0.0304206 -0.757349 0)
(-0.0514118 -0.755902 0)
(-0.0729493 -0.755275 0)
(-0.0949896 -0.754461 0)
(-0.117727 -0.753354 0)
(-0.141257 -0.751795 0)
(-0.165669 -0.749594 0)
(-0.191021 -0.746538 0)
(-0.217332 -0.742387 0)
(-0.244572 -0.736878 0)
(-0.272651 -0.729733 0)
(-0.301407 -0.720676 0)
(-0.330605 -0.709459 0)
(-0.35994 -0.695894 0)
(-0.389028 -0.67985 0)
(-0.417381 -0.661226 0)
(-0.444411 -0.639987 0)
(-0.469501 -0.616254 0)
(-0.492118 -0.590383 0)
(-0.511901 -0.562959 0)
(-0.528665 -0.53471 0)
(-0.542408 -0.506403 0)
(-0.553327 -0.478757 0)
(-0.561846 -0.452379 0)
(-0.568563 -0.427703 0)
(-0.574138 -0.404967 0)
(-0.5792 -0.384223 0)
(-0.584356 -0.365368 0)
(-0.59018 -0.348167 0)
(-0.597159 -0.332295 0)
(-0.605689 -0.317348 0)
(-0.616075 -0.302849 0)
(-0.628552 -0.288279 0)
(-0.643267 -0.273054 0)
(-0.660263 -0.256547 0)
(-0.679494 -0.238082 0)
(-0.700789 -0.21691 0)
(-0.723767 -0.192258 0)
(-0.747866 -0.163421 0)
(-0.772445 -0.129637 0)
(-0.796559 -0.0901872 0)
(-0.818715 -0.0446456 0)
(-0.837329 0.00723155 0)
(-0.850682 0.0652949 0)
(-0.00929975 -0.697091 0)
(-0.0304003 -0.732727 0)
(-0.0512501 -0.731005 0)
(-0.0725516 -0.729886 0)
(-0.0942334 -0.728437 0)
(-0.116453 -0.726572 0)
(-0.139277 -0.724159 0)
(-0.162767 -0.721038 0)
(-0.186952 -0.717036 0)
(-0.211828 -0.711959 0)
(-0.23735 -0.705604 0)
(-0.263423 -0.697762 0)
(-0.289896 -0.688232 0)
(-0.316562 -0.676841 0)
(-0.34316 -0.663465 0)
(-0.369388 -0.648045 0)
(-0.394892 -0.630573 0)
(-0.419253 -0.611078 0)
(-0.44202 -0.589648 0)
(-0.46279 -0.566509 0)
(-0.481295 -0.542074 0)
(-0.497433 -0.516892 0)
(-0.511254 -0.491541 0)
(-0.522936 -0.466545 0)
(-0.532772 -0.442335 0)
(-0.541162 -0.419238 0)
(-0.548584 -0.397438 0)
(-0.555523 -0.376984 0)
(-0.562424 -0.357819 0)
(-0.569714 -0.339786 0)
(-0.577783 -0.32263 0)
(-0.586926 -0.306025 0)
(-0.597384 -0.289587 0)
(-0.609348 -0.272883 0)
(-0.622903 -0.255432 0)
(-0.63805 -0.236722 0)
(-0.654683 -0.21621 0)
(-0.672584 -0.193308 0)
(-0.691457 -0.167422 0)
(-0.710825 -0.138051 0)
(-0.729939 -0.104722 0)
(-0.747926 -0.066957 0)
(-0.763827 -0.0244627 0)
(-0.77641 0.0225921 0)
(-0.784346 0.0739595 0)
(-0.0092465 -0.673638 0)
(-0.0300892 -0.708114 0)
(-0.0506321 -0.706205 0)
(-0.0715373 -0.704711 0)
(-0.0927196 -0.702777 0)
(-0.114301 -0.700338 0)
(-0.136329 -0.697281 0)
(-0.158843 -0.69348 0)
(-0.181853 -0.688793 0)
(-0.205342 -0.68307 0)
(-0.229257 -0.676155 0)
(-0.253506 -0.667894 0)
(-0.277957 -0.658142 0)
(-0.302435 -0.646782 0)
(-0.326725 -0.633735 0)
(-0.350588 -0.61898 0)
(-0.373759 -0.60255 0)
(-0.39595 -0.584519 0)
(-0.416845 -0.564986 0)
(-0.436142 -0.544092 0)
(-0.453623 -0.522081 0)
(-0.469209 -0.499323 0)
(-0.482958 -0.476265 0)
(-0.495032 -0.453327 0)
(-0.505658 -0.430838 0)
(-0.51512 -0.409033 0)
(-0.52375 -0.388061 0)
(-0.531905 -0.367971 0)
(-0.539935 -0.348711 0)
(-0.548159 -0.330166 0)
(-0.556858 -0.312138 0)
(-0.566267 -0.294369 0)
(-0.576572 -0.276559 0)
(-0.587889 -0.258356 0)
(-0.600269 -0.23937 0)
(-0.613687 -0.219187 0)
(-0.628011 -0.197375 0)
(-0.643011 -0.173521 0)
(-0.65841 -0.147213 0)
(-0.673776 -0.118001 0)
(-0.688497 -0.0855622 0)
(-0.701862 -0.0497075 0)
(-0.713087 -0.0103882 0)
(-0.721285 0.0323074 0)
(-0.725511 0.0780029 0)
(-0.00910932 -0.65029 0)
(-0.0295365 -0.683704 0)
(-0.0496376 -0.681681 0)
(-0.0700188 -0.679915 0)
(-0.0905923 -0.677626 0)
(-0.111449 -0.674766 0)
(-0.132623 -0.671243 0)
(-0.154136 -0.666958 0)
(-0.175986 -0.661798 0)
(-0.19815 -0.655648 0)
(-0.220572 -0.648392 0)
(-0.243171 -0.639916 0)
(-0.26583 -0.630119 0)
(-0.288404 -0.618922 0)
(-0.310722 -0.60628 0)
(-0.332592 -0.592191 0)
(-0.353816 -0.576703 0)
(-0.374193 -0.559903 0)
(-0.393514 -0.541897 0)
(-0.41157 -0.522799 0)
(-0.428182 -0.502757 0)
(-0.443264 -0.481988 0)
(-0.456845 -0.460798 0)
(-0.469058 -0.439518 0)
(-0.480095 -0.418423 0)
(-0.490176 -0.3977 0)
(-0.499541 -0.37746 0)
(-0.508446 -0.35775 0)
(-0.517145 -0.338544 0)
(-0.525883 -0.319742 0)
(-0.534873 -0.301186 0)
(-0.544285 -0.282676 0)
(-0.554245 -0.263971 0)
(-0.564829 -0.244791 0)
(-0.576053 -0.224835 0)
(-0.587863 -0.203773 0)
(-0.600157 -0.181271 0)
(-0.612741 -0.157022 0)
(-0.625274 -0.130737 0)
(-0.637381 -0.102109 0)
(-0.648619 -0.0709565 0)
(-0.658444 -0.0371691 0)
(-0.666214 -0.000796428 0)
(-0.671245 0.0380126 0)
(-0.672911 0.0789133 0)
(-0.0089033 -0.627228 0)
(-0.028788 -0.65966 0)
(-0.0483368 -0.657584 0)
(-0.0680946 -0.65563 0)
(-0.0879757 -0.653094 0)
(-0.108048 -0.649942 0)
(-0.128332 -0.646099 0)
(-0.148839 -0.641487 0)
(-0.169559 -0.636022 0)
(-0.190465 -0.629616 0)
(-0.211504 -0.622182 0)
(-0.232605 -0.61364 0)
(-0.253669 -0.60392 0)
(-0.274576 -0.592971 0)
(-0.29519 -0.580771 0)
(-0.315361 -0.567327 0)
(-0.334938 -0.552687 0)
(-0.353775 -0.536933 0)
(-0.371735 -0.520173 0)
(-0.38868 -0.502514 0)
(-0.404485 -0.484059 0)
(-0.419058 -0.464928 0)
(-0.432395 -0.4453 0)
(-0.444583 -0.425407 0)
(-0.455776 -0.405482 0)
(-0.466155 -0.385694 0)
(-0.475897 -0.366135 0)
(-0.48519 -0.346838 0)
(-0.494225 -0.327789 0)
(-0.503178 -0.308916 0)
(-0.5122 -0.290097 0)
(-0.521414 -0.271171 0)
(-0.530914 -0.251947 0)
(-0.540738 -0.232211 0)
(-0.550873 -0.211726 0)
(-0.561254 -0.19025 0)
(-0.571775 -0.167536 0)
(-0.582257 -0.143318 0)
(-0.592418 -0.117401 0)
(-0.60196 -0.0896545 0)
(-0.610499 -0.059931 0)
(-0.617601 -0.0282103 0)
(-0.622799 0.00545647 0)
(-0.625587 0.0408627 0)
(-0.625506 0.0777148 0)
(-0.00864225 -0.604605 0)
(-0.0278866 -0.636118 0)
(-0.0467932 -0.634039 0)
(-0.0658524 -0.631965 0)
(-0.0849789 -0.62927 0)
(-0.104226 -0.625928 0)
(-0.123602 -0.62188 0)
(-0.14311 -0.617068 0)
(-0.162736 -0.611427 0)
(-0.182452 -0.604894 0)
(-0.202209 -0.597405 0)
(-0.221945 -0.588902 0)
(-0.241578 -0.579341 0)
(-0.261011 -0.568691 0)
(-0.280135 -0.556943 0)
(-0.298834 -0.544111 0)
(-0.31699 -0.530236 0)
(-0.334494 -0.51539 0)
(-0.351252 -0.499666 0)
(-0.36718 -0.483169 0)
(-0.382197 -0.465989 0)
(-0.396232 -0.4482 0)
(-0.409253 -0.429891 0)
(-0.421296 -0.411199 0)
(-0.432465 -0.392296 0)
(-0.442907 -0.373339 0)
(-0.452768 -0.354418 0)
(-0.462188 -0.335568 0)
(-0.471304 -0.316776 0)
(-0.480246 -0.297989 0)
(-0.489119 -0.279114 0)
(-0.498006 -0.260027 0)
(-0.506967 -0.240579 0)
(-0.516018 -0.220608 0)
(-0.525136 -0.199936 0)
(-0.534255 -0.178376 0)
(-0.543242 -0.15575 0)
(-0.551965 -0.131894 0)
(-0.560239 -0.106646 0)
(-0.567744 -0.0799328 0)
(-0.574167 -0.051679 0)
(-0.579208 -0.021926 0)
(-0.582515 0.00926068 0)
(-0.583709 0.0416951 0)
(-0.582452 0.0751179 0)
(-0.00833841 -0.582544 0)
(-0.0268719 -0.613187 0)
(-0.0450656 -0.611146 0)
(-0.063371 -0.609006 0)
(-0.0816994 -0.606221 0)
(-0.100094 -0.602768 0)
(-0.118556 -0.598607 0)
(-0.13708 -0.593691 0)
(-0.155651 -0.587974 0)
(-0.17424 -0.58141 0)
(-0.192805 -0.573954 0)
(-0.211291 -0.565567 0)
(-0.22963 -0.556219 0)
(-0.247744 -0.545895 0)
(-0.265546 -0.534593 0)
(-0.282946 -0.522333 0)
(-0.299854 -0.509151 0)
(-0.316185 -0.495103 0)
(-0.331869 -0.480265 0)
(-0.346851 -0.464728 0)
(-0.361088 -0.448577 0)
(-0.374537 -0.431879 0)
(-0.38716 -0.414681 0)
(-0.398955 -0.397046 0)
(-0.409974 -0.379072 0)
(-0.420322 -0.360881 0)
(-0.43012 -0.342572 0)
(-0.439481 -0.324188 0)
(-0.4485 -0.305723 0)
(-0.457267 -0.287143 0)
(-0.465857 -0.268377 0)
(-0.474325 -0.249337 0)
(-0.482713 -0.22991 0)
(-0.491022 -0.20996 0)
(-0.499209 -0.189362 0)
(-0.507202 -0.167989 0)
(-0.514924 -0.145707 0)
(-0.522215 -0.122408 0)
(-0.528895 -0.0980007 0)
(-0.534765 -0.0723988 0)
(-0.539581 -0.0456049 0)
(-0.543087 -0.0176908 0)
(-0.545011 0.0112685 0)
(-0.545088 0.0411133 0)
(-0.543063 0.0716189 0)
(-0.00800282 -0.561141 0)
(-0.0257768 -0.590956 0)
(-0.0432069 -0.588985 0)
(-0.0607197 -0.58682 0)
(-0.0782227 -0.583996 0)
(-0.0957506 -0.580496 0)
(-0.113298 -0.576289 0)
(-0.130858 -0.571343 0)
(-0.148412 -0.565624 0)
(-0.165932 -0.5591 0)
(-0.183382 -0.551741 0)
(-0.200714 -0.543519 0)
(-0.217873 -0.534419 0)
(-0.234794 -0.524433 0)
(-0.251408 -0.513566 0)
(-0.267645 -0.501838 0)
(-0.283434 -0.489281 0)
(-0.298711 -0.475941 0)
(-0.313422 -0.461877 0)
(-0.327526 -0.44716 0)
(-0.340996 -0.431867 0)
(-0.353813 -0.416062 0)
(-0.365957 -0.399787 0)
(-0.377411 -0.383068 0)
(-0.388185 -0.365945 0)
(-0.398331 -0.348492 0)
(-0.407936 -0.330793 0)
(-0.417094 -0.312902 0)
(-0.425885 -0.294832 0)
(-0.43437 -0.276559 0)
(-0.442607 -0.258034 0)
(-0.450624 -0.239194 0)
(-0.458424 -0.219957 0)
(-0.466004 -0.200226 0)
(-0.473349 -0.1799 0)
(-0.480386 -0.158888 0)
(-0.486999 -0.137117 0)
(-0.493104 -0.114499 0)
(-0.498547 -0.0909796 0)
(-0.503111 -0.0665292 0)
(-0.506675 -0.0411919 0)
(-0.509038 -0.0149874 0)
(-0.50997 0.0119745 0)
(-0.50928 0.0395584 0)
(-0.50678 0.0675692 0)
(-0.0076458 -0.540464 0)
(-0.0246259 -0.569493 0)
(-0.0412612 -0.567615 0)
(-0.0579557 -0.565457 0)
(-0.0746187 -0.562633 0)
(-0.0912746 -0.559132 0)
(-0.107917 -0.554931 0)
(-0.124533 -0.550009 0)
(-0.141106 -0.544342 0)
(-0.15761 -0.537909 0)
(-0.174011 -0.530689 0)
(-0.190271 -0.522667 0)
(-0.206341 -0.513833 0)
(-0.222169 -0.504188 0)
(-0.237701 -0.493739 0)
(-0.25288 -0.482506 0)
(-0.267652 -0.470517 0)
(-0.281966 -0.457809 0)
(-0.29578 -0.44443 0)
(-0.30906 -0.430433 0)
(-0.321788 -0.415878 0)
(-0.333954 -0.400826 0)
(-0.345552 -0.385322 0)
(-0.356573 -0.369388 0)
(-0.367008 -0.353037 0)
(-0.376869 -0.336293 0)
(-0.386202 -0.319209 0)
(-0.395078 -0.301841 0)
(-0.403561 -0.284217 0)
(-0.411692 -0.266331 0)
(-0.419506 -0.248151 0)
(-0.427028 -0.229629 0)
(-0.434258 -0.210707 0)
(-0.441178 -0.191329 0)
(-0.44775 -0.171424 0)
(-0.453932 -0.150919 0)
(-0.459649 -0.129758 0)
(-0.464768 -0.107916 0)
(-0.469173 -0.0853365 0)
(-0.472782 -0.062036 0)
(-0.475414 -0.0380567 0)
(-0.476897 -0.0134273 0)
(-0.477117 0.0117497 0)
(-0.475911 0.0373539 0)
(-0.473147 0.063217 0)
(-0.0072765 -0.520567 0)
(-0.0234355 -0.548849 0)
(-0.0392605 -0.547078 0)
(-0.055123 -0.544952 0)
(-0.0709406 -0.542156 0)
(-0.0867276 -0.538687 0)
(-0.102476 -0.534531 0)
(-0.118173 -0.529672 0)
(-0.1338 -0.524096 0)
(-0.149333 -0.517789 0)
(-0.164744 -0.510738 0)
(-0.179998 -0.502935 0)
(-0.195056 -0.494378 0)
(-0.209874 -0.485069 0)
(-0.224407 -0.475019 0)
(-0.238612 -0.464246 0)
(-0.252444 -0.452775 0)
(-0.265865 -0.440636 0)
(-0.278839 -0.427868 0)
(-0.291341 -0.414512 0)
(-0.303353 -0.400615 0)
(-0.314866 -0.386224 0)
(-0.325881 -0.371383 0)
(-0.336398 -0.356122 0)
(-0.34641 -0.340452 0)
(-0.355912 -0.324375 0)
(-0.364913 -0.307909 0)
(-0.373447 -0.291089 0)
(-0.38156 -0.273949 0)
(-0.389292 -0.256501 0)
(-0.396667 -0.238737 0)
(-0.403697 -0.220627 0)
(-0.410376 -0.202129 0)
(-0.416682 -0.183202 0)
(-0.422584 -0.163804 0)
(-0.428032 -0.143901 0)
(-0.432958 -0.123447 0)
(-0.437278 -0.102409 0)
(-0.440897 -0.080802 0)
(-0.443709 -0.058628 0)
(-0.445604 -0.0358965 0)
(-0.446469 -0.0127043 0)
(-0.446196 0.010877 0)
(-0.444667 0.0347395 0)
(-0.441787 0.0587409 0)
(-0.00690143 -0.50149 0)
(-0.0222172 -0.529061 0)
(-0.037226 -0.527404 0)
(-0.0522523 -0.525325 0)
(-0.0672258 -0.522579 0)
(-0.0821534 -0.519169 0)
(-0.0970244 -0.515083 0)
(-0.111826 -0.510316 0)
(-0.12654 -0.504857 0)
(-0.141146 -0.498699 0)
(-0.155617 -0.491836 0)
(-0.169923 -0.484264 0)
(-0.18403 -0.475984 0)
(-0.197904 -0.467004 0)
(-0.211508 -0.457333 0)
(-0.224804 -0.446989 0)
(-0.237759 -0.435993 0)
(-0.250341 -0.424371 0)
(-0.262523 -0.412153 0)
(-0.274281 -0.399375 0)
(-0.285599 -0.38607 0)
(-0.296469 -0.372278 0)
(-0.306888 -0.358032 0)
(-0.31686 -0.343366 0)
(-0.326384 -0.328297 0)
(-0.335455 -0.31283 0)
(-0.344066 -0.296965 0)
(-0.352221 -0.280714 0)
(-0.359942 -0.264098 0)
(-0.36726 -0.24714 0)
(-0.374187 -0.229845 0)
(-0.380727 -0.212203 0)
(-0.386876 -0.19419 0)
(-0.392619 -0.17578 0)
(-0.397924 -0.156947 0)
(-0.402745 -0.137666 0)
(-0.407016 -0.117921 0)
(-0.410672 -0.0977103 0)
(-0.413641 -0.0770396 0)
(-0.415834 -0.0559329 0)
(-0.417185 -0.0344279 0)
(-0.417606 -0.0125689 0)
(-0.417 0.00957245 0)
(-0.415285 0.0318935 0)
(-0.412394 0.0542696 0)
(-0.00652351 -0.483271 0)
(-0.0209809 -0.510158 0)
(-0.0351722 -0.508614 0)
(-0.0493652 -0.506592 0)
(-0.0635006 -0.50391 0)
(-0.0775819 -0.500575 0)
(-0.0915945 -0.496581 0)
(-0.105527 -0.491924 0)
(-0.11936 -0.4866 0)
(-0.133076 -0.480606 0)
(-0.146651 -0.47394 0)
(-0.160057 -0.466603 0)
(-0.173268 -0.458599 0)
(-0.186253 -0.449936 0)
(-0.198982 -0.440625 0)
(-0.211425 -0.430681 0)
(-0.223553 -0.420123 0)
(-0.235341 -0.408973 0)
(-0.246766 -0.397257 0)
(-0.257808 -0.385002 0)
(-0.268453 -0.372238 0)
(-0.278691 -0.358994 0)
(-0.288516 -0.345298 0)
(-0.297928 -0.331177 0)
(-0.30693 -0.316654 0)
(-0.315519 -0.301741 0)
(-0.32369 -0.28644 0)
(-0.331431 -0.270753 0)
(-0.33874 -0.254687 0)
(-0.345628 -0.238257 0)
(-0.352106 -0.221472 0)
(-0.358176 -0.204339 0)
(-0.363832 -0.186855 0)
(-0.369056 -0.169006 0)
(-0.373815 -0.15078 0)
(-0.378076 -0.132164 0)
(-0.381801 -0.113154 0)
(-0.384935 -0.0937629 0)
(-0.387411 -0.0740062 0)
(-0.389167 -0.0539106 0)
(-0.390114 -0.0335125 0)
(-0.390187 -0.0128652 0)
(-0.38935 0.0079901 0)
(-0.387544 0.028944 0)
(-0.384713 0.0498935 0)
(-0.00614311 -0.465942 0)
(-0.0197373 -0.492159 0)
(-0.0331118 -0.490725 0)
(-0.0464791 -0.488763 0)
(-0.0597858 -0.486154 0)
(-0.0730359 -0.482904 0)
(-0.08621 -0.479012 0)
(-0.0992976 -0.474477 0)
(-0.112281 -0.469299 0)
(-0.125141 -0.463477 0)
(-0.137858 -0.457014 0)
(-0.150408 -0.449912 0)
(-0.162767 -0.442178 0)
(-0.174909 -0.43382 0)
(-0.18681 -0.424849 0)
(-0.198443 -0.41528 0)
(-0.209787 -0.405128 0)
(-0.220818 -0.394413 0)
(-0.231517 -0.383157 0)
(-0.241868 -0.371383 0)
(-0.251857 -0.359114 0)
(-0.261473 -0.346376 0)
(-0.270709 -0.333192 0)
(-0.279562 -0.319585 0)
(-0.288029 -0.305573 0)
(-0.29611 -0.291175 0)
(-0.303802 -0.2764 0)
(-0.311094 -0.261252 0)
(-0.317976 -0.245731 0)
(-0.324439 -0.229844 0)
(-0.330483 -0.213599 0)
(-0.336105 -0.197008 0)
(-0.3413 -0.18008 0)
(-0.346056 -0.162816 0)
(-0.350347 -0.145216 0)
(-0.354141 -0.127283 0)
(-0.357403 -0.109022 0)
(-0.360092 -0.0904381 0)
(-0.362153 -0.07155 0)
(-0.363525 -0.0523858 0)
(-0.364178 -0.0329936 0)
(-0.364036 -0.0134182 0)
(-0.363065 0.00625665 0)
(-0.361252 0.0259868 0)
(-0.358532 0.0456759 0)
(-0.00576076 -0.449525 0)
(-0.0184981 -0.475078 0)
(-0.0310596 -0.473748 0)
(-0.0436108 -0.471843 0)
(-0.0561008 -0.46931 0)
(-0.0685349 -0.466151 0)
(-0.0808902 -0.462367 0)
(-0.0931565 -0.457961 0)
(-0.105316 -0.452934 0)
(-0.117352 -0.447288 0)
(-0.129245 -0.441028 0)
(-0.140974 -0.434158 0)
(-0.152519 -0.426686 0)
(-0.163858 -0.418619 0)
(-0.174968 -0.409971 0)
(-0.185831 -0.400752 0)
(-0.196424 -0.390978 0)
(-0.20673 -0.380667 0)
(-0.216731 -0.369835 0)
(-0.226413 -0.358504 0)
(-0.235762 -0.346695 0)
(-0.244768 -0.334427 0)
(-0.253422 -0.321723 0)
(-0.261719 -0.3086 0)
(-0.269654 -0.295076 0)
(-0.277223 -0.281169 0)
(-0.284422 -0.266892 0)
(-0.291245 -0.252255 0)
(-0.29768 -0.237263 0)
(-0.303714 -0.221918 0)
(-0.309335 -0.206224 0)
(-0.314536 -0.190189 0)
(-0.319308 -0.173827 0)
(-0.323637 -0.157153 0)
(-0.327507 -0.140176 0)
(-0.330892 -0.122906 0)
(-0.333761 -0.105352 0)
(-0.336075 -0.0875315 0)
(-0.337796 -0.0694672 0)
(-0.338903 -0.0511942 0)
(-0.339332 -0.0327557 0)
(-0.339064 -0.0141848 0)
(-0.338059 0.00444098 0)
(-0.336258 0.0230832 0)
(-0.333673 0.0416574 0)
(-0.00537925 -0.434029 0)
(-0.0172752 -0.458925 0)
(-0.0290312 -0.457688 0)
(-0.0407776 -0.455838 0)
(-0.0524642 -0.453379 0)
(-0.0640971 -0.450311 0)
(-0.0756518 -0.446638 0)
(-0.0871175 -0.442362 0)
(-0.0984774 -0.437488 0)
(-0.109715 -0.432018 0)
(-0.120813 -0.425958 0)
(-0.131753 -0.419314 0)
(-0.142516 -0.412094 0)
(-0.153083 -0.404306 0)
(-0.163437 -0.395962 0)
(-0.17356 -0.387072 0)
(-0.183433 -0.377651 0)
(-0.19304 -0.367714 0)
(-0.202366 -0.357277 0)
(-0.211398 -0.346358 0)
(-0.220124 -0.334976 0)
(-0.228532 -0.323148 0)
(-0.236614 -0.310893 0)
(-0.244363 -0.298228 0)
(-0.251771 -0.28517 0)
(-0.258832 -0.271735 0)
(-0.265542 -0.257936 0)
(-0.271893 -0.243786 0)
(-0.277877 -0.229297 0)
(-0.283481 -0.214475 0)
(-0.288689 -0.199324 0)
(-0.293488 -0.183849 0)
(-0.297865 -0.168058 0)
(-0.30181 -0.151969 0)
(-0.305306 -0.135604 0)
(-0.308331 -0.118978 0)
(-0.310863 -0.102114 0)
(-0.312879 -0.0850288 0)
(-0.314349 -0.0677512 0)
(-0.315235 -0.0503138 0)
(-0.31551 -0.032739 0)
(-0.315148 -0.0150929 0)
(-0.314116 0.0026066 0)
(-0.312395 0.0202812 0)
(-0.309973 0.0378664 0)
(-0.00500365 -0.419454 0)
(-0.016079 -0.443704 0)
(-0.0270406 -0.442548 0)
(-0.037995 -0.440749 0)
(-0.048892 -0.438361 0)
(-0.0597379 -0.435382 0)
(-0.0705085 -0.431818 0)
(-0.0811919 -0.427672 0)
(-0.0917724 -0.422948 0)
(-0.102234 -0.417651 0)
(-0.112562 -0.411786 0)
(-0.122738 -0.40536 0)
(-0.132747 -0.398381 0)
(-0.142572 -0.390858 0)
(-0.152196 -0.3828 0)
(-0.161605 -0.37422 0)
(-0.170783 -0.365129 0)
(-0.179715 -0.355541 0)
(-0.188387 -0.345471 0)
(-0.196788 -0.334937 0)
(-0.204905 -0.323952 0)
(-0.212728 -0.312536 0)
(-0.220249 -0.300703 0)
(-0.227458 -0.288472 0)
(-0.234347 -0.275856 0)
(-0.240911 -0.262872 0)
(-0.24714 -0.249533 0)
(-0.253029 -0.235854 0)
(-0.258567 -0.221848 0)
(-0.263745 -0.207526 0)
(-0.26855 -0.192895 0)
(-0.272966 -0.177963 0)
(-0.276977 -0.162734 0)
(-0.280567 -0.147221 0)
(-0.283724 -0.13145 0)
(-0.286442 -0.115449 0)
(-0.288699 -0.0992394 0)
(-0.290465 -0.0828456 0)
(-0.29172 -0.0662909 0)
(-0.292437 -0.0496075 0)
(-0.292598 -0.0328379 0)
(-0.292188 -0.0160131 0)
(-0.291177 0.000823603 0)
(-0.28955 0.0176226 0)
(-0.287303 0.0343234 0)
(-0.00463909 -0.40579 0)
(-0.0149165 -0.429412 0)
(-0.0250974 -0.428329 0)
(-0.0352736 -0.426576 0)
(-0.0453952 -0.424254 0)
(-0.0554681 -0.421362 0)
(-0.0654694 -0.417904 0)
(-0.0753871 -0.413884 0)
(-0.0852062 -0.409306 0)
(-0.0949121 -0.404176 0)
(-0.10449 -0.398498 0)
(-0.113925 -0.392281 0)
(-0.123203 -0.385532 0)
(-0.132308 -0.378258 0)
(-0.141227 -0.370471 0)
(-0.149946 -0.36218 0)
(-0.15845 -0.353397 0)
(-0.166727 -0.344135 0)
(-0.174764 -0.334409 0)
(-0.182549 -0.324232 0)
(-0.190073 -0.31362 0)
(-0.197324 -0.302589 0)
(-0.204294 -0.291154 0)
(-0.210973 -0.279331 0)
(-0.217354 -0.267134 0)
(-0.22343 -0.254578 0)
(-0.22919 -0.241679 0)
(-0.234629 -0.228451 0)
(-0.239736 -0.214908 0)
(-0.244503 -0.201064 0)
(-0.248917 -0.18693 0)
(-0.252965 -0.172515 0)
(-0.25663 -0.157826 0)
(-0.2599 -0.142873 0)
(-0.262762 -0.127678 0)
(-0.265203 -0.112271 0)
(-0.267208 -0.0966781 0)
(-0.268761 -0.0809266 0)
(-0.269844 -0.0650438 0)
(-0.270444 -0.0490607 0)
(-0.270535 -0.0330177 0)
(-0.2701 -0.0169475 0)
(-0.269131 -0.00088513 0)
(-0.267615 0.0151276 0)
(-0.265549 0.0310372 0)
(-0.00428822 -0.393022 0)
(-0.0137901 -0.416045 0)
(-0.0232052 -0.415027 0)
(-0.0326176 -0.413317 0)
(-0.0419782 -0.411059 0)
(-0.0512919 -0.408249 0)
(-0.0605383 -0.404893 0)
(-0.0697055 -0.400994 0)
(-0.0787794 -0.396556 0)
(-0.0877467 -0.391585 0)
(-0.0965937 -0.386087 0)
(-0.105307 -0.380067 0)
(-0.113873 -0.373534 0)
(-0.12228 -0.366495 0)
(-0.130513 -0.358961 0)
(-0.13856 -0.35094 0)
(-0.14641 -0.342445 0)
(-0.154049 -0.333488 0)
(-0.161467 -0.324081 0)
(-0.168653 -0.314239 0)
(-0.175597 -0.303975 0)
(-0.182289 -0.293304 0)
(-0.18872 -0.282242 0)
(-0.194881 -0.270802 0)
(-0.200765 -0.259 0)
(-0.206363 -0.246851 0)
(-0.211667 -0.234369 0)
(-0.216669 -0.221569 0)
(-0.22136 -0.208467 0)
(-0.225732 -0.195077 0)
(-0.229773 -0.181414 0)
(-0.233472 -0.167488 0)
(-0.236815 -0.153309 0)
(-0.239787 -0.138889 0)
(-0.242376 -0.12424 0)
(-0.244571 -0.109391 0)
(-0.246361 -0.0943769 0)
(-0.247736 -0.0792273 0)
(-0.248679 -0.0639703 0)
(-0.249179 -0.0486348 0)
(-0.249223 -0.0332527 0)
(-0.248797 -0.0178644 0)
(-0.247887 -0.00249523 0)
(-0.24649 0.0128106 0)
(-0.244606 0.0280115 0)
(-0.00395044 -0.381136 0)
(-0.0126981 -0.403594 0)
(-0.0213623 -0.40264 0)
(-0.0300251 -0.400971 0)
(-0.0386391 -0.398773 0)
(-0.0472074 -0.396042 0)
(-0.0557131 -0.392783 0)
(-0.0641444 -0.388999 0)
(-0.0724885 -0.384694 0)
(-0.0807331 -0.379873 0)
(-0.088866 -0.374543 0)
(-0.0968748 -0.368709 0)
(-0.104748 -0.362378 0)
(-0.112472 -0.355559 0)
(-0.120037 -0.348261 0)
(-0.127431 -0.340493 0)
(-0.134642 -0.332265 0)
(-0.14166 -0.323591 0)
(-0.148474 -0.314482 0)
(-0.155075 -0.304951 0)
(-0.161452 -0.295011 0)
(-0.167597 -0.284678 0)
(-0.1735 -0.273963 0)
(-0.179155 -0.262883 0)
(-0.184553 -0.251452 0)
(-0.189685 -0.239684 0)
(-0.194544 -0.227594 0)
(-0.199123 -0.215198 0)
(-0.203412 -0.202511 0)
(-0.207404 -0.18955 0)
(-0.21109 -0.17633 0)
(-0.214458 -0.162864 0)
(-0.217496 -0.149164 0)
(-0.220192 -0.135241 0)
(-0.222532 -0.121107 0)
(-0.224508 -0.106786 0)
(-0.22611 -0.0923089 0)
(-0.22733 -0.0777131 0)
(-0.22816 -0.0630283 0)
(-0.228588 -0.0482811 0)
(-0.228604 -0.0335023 0)
(-0.228191 -0.0187247 0)
(-0.227352 -0.00398839 0)
(-0.226086 0.0106812 0)
(-0.224383 0.0252468 0)
(-0.00362331 -0.370115 0)
(-0.0116354 -0.392056 0)
(-0.0195635 -0.391164 0)
(-0.0274894 -0.389537 0)
(-0.0353706 -0.387397 0)
(-0.0432072 -0.384741 0)
(-0.0509861 -0.381573 0)
(-0.0586959 -0.377897 0)
(-0.0663251 -0.373717 0)
(-0.0738625 -0.369037 0)
(-0.0812968 -0.363863 0)
(-0.088617 -0.358201 0)
(-0.0958121 -0.352059 0)
(-0.102871 -0.345444 0)
(-0.109784 -0.338365 0)
(-0.116539 -0.330831 0)
(-0.123127 -0.322852 0)
(-0.129537 -0.31444 0)
(-0.135761 -0.305607 0)
(-0.141789 -0.296365 0)
(-0.147612 -0.286726 0)
(-0.153221 -0.276705 0)
(-0.15861 -0.266315 0)
(-0.163769 -0.25557 0)
(-0.168692 -0.244484 0)
(-0.17337 -0.233072 0)
(-0.177797 -0.22135 0)
(-0.181964 -0.209332 0)
(-0.185865 -0.197033 0)
(-0.189491 -0.184472 0)
(-0.192836 -0.171664 0)
(-0.19589 -0.158626 0)
(-0.198642 -0.145371 0)
(-0.20108 -0.131909 0)
(-0.203191 -0.118254 0)
(-0.204968 -0.104424 0)
(-0.206403 -0.0904469 0)
(-0.20749 -0.0763599 0)
(-0.208223 -0.0621971 0)
(-0.208591 -0.0479856 0)
(-0.208588 -0.0337534 0)
(-0.208218 -0.0195318 0)
(-0.207467 -0.00536018 0)
(-0.206323 0.00874157 0)
(-0.204797 0.0227403 0)
(-0.00330466 -0.359946 0)
(-0.0105959 -0.381426 0)
(-0.0178006 -0.380595 0)
(-0.0250011 -0.379011 0)
(-0.032162 -0.376927 0)
(-0.0392805 -0.374342 0)
(-0.0463464 -0.37126 0)
(-0.0533488 -0.367684 0)
(-0.0602776 -0.363619 0)
(-0.0671224 -0.359069 0)
(-0.073873 -0.354041 0)
(-0.0805194 -0.348539 0)
(-0.0870515 -0.342571 0)
(-0.0934596 -0.336145 0)
(-0.0997336 -0.329268 0)
(-0.105864 -0.32195 0)
(-0.111842 -0.3142 0)
(-0.117658 -0.306031 0)
(-0.123304 -0.297452 0)
(-0.128771 -0.288477 0)
(-0.134052 -0.279116 0)
(-0.139138 -0.269384 0)
(-0.144022 -0.259293 0)
(-0.148697 -0.248858 0)
(-0.153156 -0.238093 0)
(-0.157391 -0.227011 0)
(-0.161397 -0.215629 0)
(-0.165165 -0.203961 0)
(-0.16869 -0.192023 0)
(-0.171963 -0.179832 0)
(-0.17498 -0.167405 0)
(-0.177732 -0.15476 0)
(-0.180211 -0.141914 0)
(-0.182407 -0.128877 0)
(-0.184308 -0.115663 0)
(-0.185903 -0.102285 0)
(-0.187188 -0.0887687 0)
(-0.188158 -0.0751471 0)
(-0.18881 -0.061457 0)
(-0.189139 -0.0477297 0)
(-0.189135 -0.0339921 0)
(-0.188799 -0.0202767 0)
(-0.188129 -0.00660333 0)
(-0.187118 0.00699422 0)
(-0.185768 0.0204884 0)
(-0.00299351 -0.350619 0)
(-0.00957359 -0.371705 0)
(-0.0160642 -0.370934 0)
(-0.0225499 -0.369391 0)
(-0.0290019 -0.367358 0)
(-0.0354156 -0.364839 0)
(-0.0417818 -0.361835 0)
(-0.0480908 -0.358352 0)
(-0.0543332 -0.354393 0)
(-0.0604995 -0.349964 0)
(-0.0665804 -0.345069 0)
(-0.0725667 -0.339714 0)
(-0.0784493 -0.333907 0)
(-0.0842193 -0.327654 0)
(-0.0898678 -0.320963 0)
(-0.0953862 -0.313844 0)
(-0.100766 -0.306306 0)
(-0.106 -0.298359 0)
(-0.11108 -0.290014 0)
(-0.115998 -0.281283 0)
(-0.120747 -0.272178 0)
(-0.12532 -0.262711 0)
(-0.12971 -0.252896 0)
(-0.133911 -0.242745 0)
(-0.137916 -0.232274 0)
(-0.141719 -0.221496 0)
(-0.145313 -0.210426 0)
(-0.148694 -0.19908 0)
(-0.151853 -0.187473 0)
(-0.154786 -0.175622 0)
(-0.157486 -0.163544 0)
(-0.159948 -0.151257 0)
(-0.162165 -0.13878 0)
(-0.16413 -0.126128 0)
(-0.165832 -0.113314 0)
(-0.167261 -0.10035 0)
(-0.16841 -0.0872544 0)
(-0.169277 -0.0740556 0)
(-0.16986 -0.060792 0)
(-0.170156 -0.0474978 0)
(-0.170163 -0.0341987 0)
(-0.169874 -0.020924 0)
(-0.169285 -0.00770123 0)
(-0.168402 0.00544473 0)
(-0.167223 0.0184898 0)
(-0.00268943 -0.342151 0)
(-0.00856225 -0.362915 0)
(-0.0143434 -0.362203 0)
(-0.0201242 -0.360694 0)
(-0.0258782 -0.358706 0)
(-0.0315998 -0.356243 0)
(-0.0372799 -0.353309 0)
(-0.0429092 -0.349908 0)
(-0.0484788 -0.346045 0)
(-0.0539799 -0.341724 0)
(-0.0594041 -0.33695 0)
(-0.064743 -0.331729 0)
(-0.0699885 -0.326067 0)
(-0.0751324 -0.319972 0)
(-0.080167 -0.313451 0)
(-0.0850846 -0.306512 0)
(-0.0898781 -0.299166 0)
(-0.0945401 -0.291422 0)
(-0.0990639 -0.28329 0)
(-0.103443 -0.274782 0)
(-0.10767 -0.265909 0)
(-0.111739 -0.256684 0)
(-0.115645 -0.247119 0)
(-0.119381 -0.237228 0)
(-0.122942 -0.227024 0)
(-0.126322 -0.216522 0)
(-0.129515 -0.205736 0)
(-0.132516 -0.194683 0)
(-0.135321 -0.183376 0)
(-0.137922 -0.171834 0)
(-0.140316 -0.160072 0)
(-0.142498 -0.148109 0)
(-0.144462 -0.135964 0)
(-0.146204 -0.123655 0)
(-0.147716 -0.111197 0)
(-0.148989 -0.0986026 0)
(-0.150014 -0.0858859 0)
(-0.150788 -0.0730691 0)
(-0.151311 -0.0601876 0)
(-0.151584 -0.0472787 0)
(-0.151602 -0.0343705 0)
(-0.151363 -0.0214875 0)
(-0.150868 -0.00866068 0)
(-0.150113 0.00409078 0)
(-0.149099 0.0167409 0)
(-0.0023865 -0.334565 0)
(-0.00754849 -0.355083 0)
(-0.0126246 -0.354426 0)
(-0.0177085 -0.352937 0)
(-0.0227771 -0.350983 0)
(-0.0278196 -0.348567 0)
(-0.0328274 -0.345693 0)
(-0.0377906 -0.342366 0)
(-0.0427007 -0.338588 0)
(-0.0475494 -0.334365 0)
(-0.0523289 -0.3297 0)
(-0.0570319 -0.324599 0)
(-0.0616511 -0.319068 0)
(-0.0661795 -0.313114 0)
(-0.0706103 -0.306745 0)
(-0.0749371 -0.299969 0)
(-0.0791533 -0.292794 0)
(-0.083253 -0.285231 0)
(-0.0872299 -0.277289 0)
(-0.0910783 -0.26898 0)
(-0.0947927 -0.260316 0)
(-0.0983674 -0.251307 0)
(-0.101797 -0.241966 0)
(-0.105077 -0.232308 0)
(-0.108202 -0.222344 0)
(-0.111166 -0.212089 0)
(-0.113966 -0.201559 0)
(-0.116597 -0.190767 0)
(-0.119054 -0.179729 0)
(-0.121333 -0.168463 0)
(-0.123429 -0.156984 0)
(-0.125339 -0.14531 0)
(-0.127058 -0.13346 0)
(-0.128584 -0.121453 0)
(-0.129911 -0.109307 0)
(-0.131033 -0.0970374 0)
(-0.131942 -0.0846557 0)
(-0.132633 -0.072179 0)
(-0.133106 -0.0596348 0)
(-0.133361 -0.0470616 0)
(-0.133398 -0.0344944 0)
(-0.133215 -0.021955 0)
(-0.132805 -0.00946818 0)
(-0.132174 0.00293522 0)
(-0.131328 0.0152391 0)
(-0.00205557 -0.327854 0)
(-0.00648984 -0.348183 0)
(-0.0108869 -0.347571 0)
(-0.0152815 -0.346081 0)
(-0.0196844 -0.344151 0)
(-0.0240634 -0.341773 0)
(-0.0284147 -0.338954 0)
(-0.0327261 -0.335694 0)
(-0.0369897 -0.331996 0)
(-0.0411978 -0.327863 0)
(-0.0453436 -0.323299 0)
(-0.0494207 -0.318309 0)
(-0.0534229 -0.312898 0)
(-0.0573444 -0.307073 0)
(-0.0611796 -0.300841 0)
(-0.0649232 -0.294211 0)
(-0.0685697 -0.28719 0)
(-0.072114 -0.279789 0)
(-0.0755511 -0.272017 0)
(-0.0788761 -0.263885 0)
(-0.0820843 -0.255405 0)
(-0.085171 -0.246587 0)
(-0.0881318 -0.237445 0)
(-0.0909621 -0.227991 0)
(-0.0936578 -0.218239 0)
(-0.0962145 -0.208202 0)
(-0.0986283 -0.197896 0)
(-0.100895 -0.187334 0)
(-0.103012 -0.176533 0)
(-0.104974 -0.165509 0)
(-0.10678 -0.154277 0)
(-0.108424 -0.142857 0)
(-0.109905 -0.131264 0)
(-0.11122 -0.11952 0)
(-0.112367 -0.107642 0)
(-0.113342 -0.0956495 0)
(-0.114139 -0.0835557 0)
(-0.114751 -0.0713737 0)
(-0.115177 -0.0591234 0)
(-0.11542 -0.0468405 0)
(-0.115479 -0.0345642 0)
(-0.115348 -0.0223175 0)
(-0.115037 -0.0101278 0)
(-0.114542 0.00197729 0)
(-0.113854 0.0139826 0)
(-0.0016254 -0.322103 0)
(-0.00529063 -0.342187 0)
(-0.00908811 -0.341594 0)
(-0.0128117 -0.340082 0)
(-0.0165808 -0.338166 0)
(-0.0203168 -0.335821 0)
(-0.0240297 -0.333051 0)
(-0.027704 -0.329854 0)
(-0.0313339 -0.32623 0)
(-0.034913 -0.322181 0)
(-0.0384356 -0.317711 0)
(-0.0418966 -0.312822 0)
(-0.0452911 -0.307521 0)
(-0.0486144 -0.301814 0)
(-0.0518621 -0.295707 0)
(-0.0550298 -0.289208 0)
(-0.0581131 -0.282326 0)
(-0.0611079 -0.275069 0)
(-0.0640103 -0.267449 0)
(-0.0668164 -0.259474 0)
(-0.0695225 -0.251157 0)
(-0.072125 -0.242509 0)
(-0.0746203 -0.233541 0)
(-0.0770048 -0.224268 0)
(-0.0792751 -0.214701 0)
(-0.0814278 -0.204855 0)
(-0.0834597 -0.194744 0)
(-0.0853676 -0.184382 0)
(-0.0871486 -0.173786 0)
(-0.0887999 -0.16297 0)
(-0.0903188 -0.151952 0)
(-0.0917031 -0.140748 0)
(-0.0929506 -0.129375 0)
(-0.0940597 -0.117854 0)
(-0.0950294 -0.106202 0)
(-0.0958581 -0.0944392 0)
(-0.0965431 -0.0825831 0)
(-0.0970803 -0.0706467 0)
(-0.0974662 -0.0586449 0)
(-0.0977005 -0.0466075 0)
(-0.0977851 -0.0345745 0)
(-0.0977209 -0.0225766 0)
(-0.0975051 -0.0106389 0)
(-0.0971346 0.00121999 0)
(-0.0966101 0.0129746 0)
(-0.00101456 -0.317639 0)
(-0.00384811 -0.33711 0)
(-0.00717188 -0.336495 0)
(-0.0102584 -0.334962 0)
(-0.0134307 -0.33306 0)
(-0.016542 -0.330748 0)
(-0.0196299 -0.328025 0)
(-0.0226769 -0.324885 0)
(-0.0256816 -0.321328 0)
(-0.0286397 -0.317354 0)
(-0.0315476 -0.312965 0)
(-0.0344016 -0.308165 0)
(-0.0371982 -0.302958 0)
(-0.0399339 -0.297351 0)
(-0.0426051 -0.29135 0)
(-0.0452081 -0.284964 0)
(-0.0477394 -0.2782 0)
(-0.0501956 -0.271068 0)
(-0.0525735 -0.263577 0)
(-0.0548699 -0.255737 0)
(-0.0570819 -0.24756 0)
(-0.0592066 -0.239057 0)
(-0.0612413 -0.23024 0)
(-0.0631835 -0.221121 0)
(-0.0650308 -0.211713 0)
(-0.0667809 -0.20203 0)
(-0.0684315 -0.192086 0)
(-0.0699807 -0.181896 0)
(-0.0714264 -0.171474 0)
(-0.0727668 -0.160836 0)
(-0.0740001 -0.149998 0)
(-0.075125 -0.138976 0)
(-0.0761403 -0.127788 0)
(-0.0770452 -0.116452 0)
(-0.0778394 -0.104986 0)
(-0.0785232 -0.0934094 0)
(-0.0790962 -0.0817428 0)
(-0.0795567 -0.0700019 0)
(-0.0799026 -0.058199 0)
(-0.0801328 -0.0463576 0)
(-0.0802521 -0.0345177 0)
(-0.0802543 -0.0227173 0)
(-0.0801379 -0.0109776 0)
(-0.0799025 0.000676138 0)
(-0.0795425 0.0122231 0)
(-0.000238466 -0.314878 0)
(-0.00220588 -0.332911 0)
(-0.00514794 -0.332203 0)
(-0.00761872 -0.330695 0)
(-0.0102149 -0.328833 0)
(-0.0127045 -0.326572 0)
(-0.0151661 -0.323905 0)
(-0.0175823 -0.320827 0)
(-0.019957 -0.317334 0)
(-0.0222898 -0.313427 0)
(-0.02458 -0.309109 0)
(-0.026826 -0.304383 0)
(-0.0290263 -0.299256 0)
(-0.0311784 -0.293732 0)
(-0.0332798 -0.287819 0)
(-0.0353276 -0.281525 0)
(-0.0373187 -0.274859 0)
(-0.0392503 -0.267828 0)
(-0.0411193 -0.260443 0)
(-0.0429229 -0.252714 0)
(-0.0446581 -0.244651 0)
(-0.0463223 -0.236267 0)
(-0.0479132 -0.227571 0)
(-0.0494284 -0.218578 0)
(-0.0508661 -0.209299 0)
(-0.0522245 -0.199748 0)
(-0.0535024 -0.189939 0)
(-0.0546984 -0.179886 0)
(-0.0558118 -0.169604 0)
(-0.0568419 -0.159108 0)
(-0.0577882 -0.148415 0)
(-0.0586508 -0.137539 0)
(-0.0594299 -0.126498 0)
(-0.060126 -0.115309 0)
(-0.0607404 -0.103989 0)
(-0.0612749 -0.0925568 0)
(-0.0617314 -0.081033 0)
(-0.0621112 -0.0694357 0)
(-0.0624168 -0.0577793 0)
(-0.0626474 -0.0460827 0)
(-0.0628035 -0.0343827 0)
(-0.0628816 -0.0227267 0)
(-0.0628759 -0.0111395 0)
(-0.0627812 0.000356419 0)
(-0.062594 0.0117392 0)
(0.000530299 -0.314493 0)
(-0.000633623 -0.329916 0)
(-0.00317336 -0.32898 0)
(-0.00500934 -0.3276 0)
(-0.00701839 -0.325835 0)
(-0.00887557 -0.323663 0)
(-0.0106936 -0.321071 0)
(-0.0124613 -0.318059 0)
(-0.014188 -0.314625 0)
(-0.0158778 -0.310773 0)
(-0.0175332 -0.306508 0)
(-0.0191555 -0.301835 0)
(-0.0207449 -0.296761 0)
(-0.0223005 -0.291292 0)
(-0.023821 -0.285437 0)
(-0.0253048 -0.279204 0)
(-0.0267498 -0.272601 0)
(-0.0281538 -0.265638 0)
(-0.0295144 -0.258324 0)
(-0.0308291 -0.250669 0)
(-0.0320954 -0.242684 0)
(-0.0333106 -0.23438 0)
(-0.0344722 -0.225769 0)
(-0.035578 -0.216861 0)
(-0.0366258 -0.207671 0)
(-0.0376136 -0.198209 0)
(-0.0385399 -0.188492 0)
(-0.0394033 -0.178531 0)
(-0.0402029 -0.168341 0)
(-0.0409384 -0.157938 0)
(-0.0416099 -0.147337 0)
(-0.042218 -0.136553 0)
(-0.0427643 -0.125604 0)
(-0.0432507 -0.114504 0)
(-0.0436802 -0.103273 0)
(-0.0440571 -0.0919278 0)
(-0.0443867 -0.0804881 0)
(-0.0446748 -0.068974 0)
(-0.0449325 -0.0574014 0)
(-0.0451639 -0.0457848 0)
(-0.0453666 -0.0341617 0)
(-0.0455319 -0.022596 0)
(-0.0456485 -0.0111097 0)
(-0.0457086 0.000273942 0)
(-0.045706 0.0115334 0)
(0.0010496 -0.31669 0)
(0.000522636 -0.328339 0)
(-0.00149584 -0.327152 0)
(-0.00266723 -0.326043 0)
(-0.00402165 -0.324446 0)
(-0.00520995 -0.322398 0)
(-0.00634863 -0.319894 0)
(-0.00743961 -0.316946 0)
(-0.00849535 -0.31356 0)
(-0.00952266 -0.309746 0)
(-0.0105258 -0.305512 0)
(-0.0115071 -0.300867 0)
(-0.0124677 -0.295817 0)
(-0.0134079 -0.290372 0)
(-0.0143275 -0.284541 0)
(-0.0152259 -0.278332 0)
(-0.0161021 -0.271753 0)
(-0.0169553 -0.264816 0)
(-0.0177841 -0.25753 0)
(-0.0185872 -0.249904 0)
(-0.0193631 -0.24195 0)
(-0.0201103 -0.233679 0)
(-0.020827 -0.225102 0)
(-0.0215115 -0.216232 0)
(-0.0221621 -0.207079 0)
(-0.0227771 -0.197658 0)
(-0.0233548 -0.187982 0)
(-0.0238938 -0.178063 0)
(-0.0243926 -0.167915 0)
(-0.0248502 -0.157553 0)
(-0.0252662 -0.146991 0)
(-0.0256404 -0.136243 0)
(-0.0259736 -0.125326 0)
(-0.0262678 -0.114253 0)
(-0.0265263 -0.10304 0)
(-0.0267544 -0.091703 0)
(-0.0269606 -0.0802597 0)
(-0.0271536 -0.0687313 0)
(-0.0273514 -0.0571349 0)
(-0.0275793 -0.0454729 0)
(-0.0278384 -0.0338166 0)
(-0.0281219 -0.0222602 0)
(-0.0283978 -0.0108128 0)
(-0.0286528 0.000509994 0)
(-0.0288752 0.0116857 0)
(0.000925299 -0.317029 0)
(0.000802585 -0.324515 0)
(-0.000345382 -0.323637 0)
(-0.000779638 -0.322834 0)
(-0.0012955 -0.321405 0)
(-0.00171977 -0.319471 0)
(-0.0021148 -0.317049 0)
(-0.00248745 -0.314163 0)
(-0.002845 -0.310832 0)
(-0.00319112 -0.307067 0)
(-0.00352792 -0.302881 0)
(-0.00385656 -0.298284 0)
(-0.00417764 -0.293284 0)
(-0.00449142 -0.287891 0)
(-0.00479794 -0.282114 0)
(-0.00509711 -0.275962 0)
(-0.00538877 -0.269445 0)
(-0.0056727 -0.262572 0)
(-0.00594864 -0.255353 0)
(-0.00621628 -0.247798 0)
(-0.00647528 -0.239919 0)
(-0.00672529 -0.231726 0)
(-0.00696593 -0.223232 0)
(-0.00719678 -0.214447 0)
(-0.00741739 -0.205385 0)
(-0.00762729 -0.196058 0)
(-0.00782596 -0.186479 0)
(-0.00801288 -0.176662 0)
(-0.00818751 -0.166619 0)
(-0.00834934 -0.156365 0)
(-0.00849793 -0.145913 0)
(-0.00863301 -0.135277 0)
(-0.00875462 -0.12447 0)
(-0.00886334 -0.113505 0)
(-0.00896077 -0.102394 0)
(-0.0090505 -0.0911445 0)
(-0.00914049 -0.0797626 0)
(-0.00923889 -0.0682552 0)
(-0.00936029 -0.0566393 0)
(-0.00955534 -0.0449183 0)
(-0.00970879 -0.0332138 0)
(-0.00993022 -0.0216468 0)
(-0.0101677 -0.0102175 0)
(-0.0104022 0.00108384 0)
(-0.010623 0.0122093 0)
)
;

boundaryField
{
    leftWall
    {
        type            fixedValue;
        value           uniform (0 0 0);
    }
    rightWall
    {
        type            fixedValue;
        value           nonuniform 0();
    }
    lowerWall
    {
        type            fixedValue;
        value           nonuniform 0();
    }
    atmosphere
    {
        type            pressureInletOutletVelocity;
        value           nonuniform List<vector> 
45
(
(0 -0.317029 0)
(0 -0.324515 0)
(0 -0.323637 0)
(0 -0.322834 0)
(0 -0.321405 0)
(0 -0.319471 0)
(0 -0.317049 0)
(0 -0.314163 0)
(0 -0.310832 0)
(0 -0.307067 0)
(0 -0.302881 0)
(0 -0.298284 0)
(0 -0.293284 0)
(0 -0.287891 0)
(0 -0.282114 0)
(0 -0.275962 0)
(0 -0.269445 0)
(0 -0.262572 0)
(0 -0.255353 0)
(0 -0.247798 0)
(0 -0.239919 0)
(0 -0.231726 0)
(0 -0.223232 0)
(0 -0.214447 0)
(0 -0.205385 0)
(0 -0.196058 0)
(0 -0.186479 0)
(0 -0.176662 0)
(0 -0.166619 0)
(0 -0.156365 0)
(0 -0.145913 0)
(0 -0.135277 0)
(0 -0.12447 0)
(0 -0.113505 0)
(0 -0.102394 0)
(0 -0.0911445 0)
(0 -0.0797626 0)
(0 -0.0682552 0)
(0 -0.0566393 0)
(0 -0.0449183 0)
(0 -0.0332138 0)
(0 -0.0216468 0)
(0 -0.0102175 0)
(-0.0104022 0.00108384 0)
(-0.010623 0.0122093 0)
)
;
    }
    defaultFaces
    {
        type            empty;
    }
    procBoundary2to0
    {
        type            processor;
        value           nonuniform List<vector> 
46
(
(-0.357953 -1.02878 0)
(-0.544366 -0.682318 0)
(-0.600672 -0.274979 0)
(-0.528889 0.031377 0)
(-0.30115 0.0386606 0)
(-0.304119 -0.168938 0)
(-0.413843 0.187192 0)
(-0.428484 0.205289 0)
(-0.325219 0.0111678 0)
(-0.303067 -0.0745575 0)
(-0.274184 -0.172559 0)
(-0.259196 -0.257952 0)
(-0.249688 -0.340307 0)
(-0.245158 -0.420445 0)
(-0.244366 -0.501683 0)
(-0.246932 -0.586257 0)
(-0.252549 -0.676824 0)
(-0.261106 -0.776134 0)
(-0.272388 -0.887425 0)
(-0.285823 -1.01496 0)
(-0.299778 -1.16715 0)
(-0.310071 -1.36139 0)
(-0.317128 -1.59981 0)
(-0.320031 -1.76132 0)
(-0.234592 -1.50856 0)
(0.00795992 -0.864251 0)
(0.0123446 -0.940196 0)
(0.0140935 -0.944237 0)
(0.0179177 -0.956697 0)
(0.0207081 -0.974061 0)
(0.0220951 -0.996495 0)
(0.0215598 -1.02424 0)
(0.0185043 -1.05771 0)
(0.0122141 -1.09743 0)
(0.00179396 -1.1439 0)
(-0.0139056 -1.19656 0)
(-0.0363452 -1.25573 0)
(-0.0663003 -1.33241 0)
(-0.105425 -1.45081 0)
(-0.16388 -1.61376 0)
(-0.250938 -1.76527 0)
(-0.335994 -1.80133 0)
(-0.371814 -1.66765 0)
(-0.373176 -1.42579 0)
(-0.414882 -1.16148 0)
(-0.414882 -1.16148 0)
)
;
    }
    procBoundary2to3
    {
        type            processor;
        value           nonuniform List<vector> 
43
(
(-0.378922 -0.830106 0)
(-1.10076 -1.00932 0)
(-1.78386 -1.13197 0)
(-2.11898 -1.02325 0)
(-2.08347 -0.681097 0)
(-1.8656 -0.360234 0)
(-1.64239 -0.155159 0)
(-1.44783 -0.0311032 0)
(-1.28425 0.0426582 0)
(-1.14807 0.0867492 0)
(-1.03423 0.111278 0)
(-0.938372 0.123757 0)
(-0.856721 0.128687 0)
(-0.786319 0.128863 0)
(-0.724862 0.126043 0)
(-0.670588 0.121365 0)
(-0.622144 0.115578 0)
(-0.578481 0.109179 0)
(-0.538775 0.102503 0)
(-0.502376 0.0957755 0)
(-0.468764 0.089148 0)
(-0.437519 0.0827228 0)
(-0.408304 0.0765676 0)
(-0.38084 0.0707265 0)
(-0.354898 0.0652257 0)
(-0.330289 0.0600789 0)
(-0.306846 0.055291 0)
(-0.284433 0.0508613 0)
(-0.262931 0.0467857 0)
(-0.242234 0.0430566 0)
(-0.222248 0.0396632 0)
(-0.202889 0.0365958 0)
(-0.184079 0.0338461 0)
(-0.165746 0.0314054 0)
(-0.147826 0.0292653 0)
(-0.130256 0.0274209 0)
(-0.112976 0.0258695 0)
(-0.0959273 0.0246105 0)
(-0.0790553 0.0236479 0)
(-0.0623074 0.0229925 0)
(-0.0456294 0.0226526 0)
(-0.0290466 0.0227029 0)
(-0.0108374 0.0231468 0)
)
;
    }
}


// ************************************************************************* //
