/*--------------------------------*- C++ -*----------------------------------*\
| =========                 |                                                 |
| \\      /  F ield         | OpenFOAM: The Open Source CFD Toolbox           |
|  \\    /   O peration     | Version:  3.0.1                                 |
|   \\  /    A nd           | Web:      www.OpenFOAM.org                      |
|    \\/     M anipulation  |                                                 |
\*---------------------------------------------------------------------------*/
FoamFile
{
    version     2.0;
    format      ascii;
    class       surfaceScalarField;
    location    "0.25";
    object      alphaPhi;
}
// * * * * * * * * * * * * * * * * * * * * * * * * * * * * * * * * * * * * * //

dimensions      [0 3 -1 0 0 0 0];

internalField   nonuniform List<scalar> 
3781
(
-6.27965e-08
6.27965e-08
1.72825e-06
-1.79105e-06
4.35518e-06
-2.62693e-06
7.06402e-06
-2.70884e-06
9.5053e-06
-2.44128e-06
1.16223e-05
-2.11704e-06
1.34959e-05
-1.87356e-06
1.52363e-05
-1.74037e-06
1.69318e-05
-1.69556e-06
1.86352e-05
-1.70341e-06
2.03685e-05
-1.73327e-06
2.2134e-05
-1.76554e-06
2.39246e-05
-1.79058e-06
2.57299e-05
-1.80523e-06
2.75394e-05
-1.80955e-06
2.93441e-05
-1.80471e-06
3.11358e-05
-1.79172e-06
3.29069e-05
-1.77101e-06
3.46492e-05
-1.7423e-06
3.63539e-05
-1.70475e-06
3.8011e-05
-1.65705e-06
3.96085e-05
-1.59756e-06
4.11329e-05
-1.52435e-06
4.25681e-05
-1.43522e-06
4.38958e-05
-1.3277e-06
4.50947e-05
-1.19889e-06
4.614e-05
-1.04532e-06
4.70022e-05
-8.62161e-07
4.76409e-05
-6.38763e-07
4.79962e-05
-3.55278e-07
4.79811e-05
1.51305e-08
4.73683e-05
6.1275e-07
4.59908e-05
1.37755e-06
4.36148e-05
2.37602e-06
3.99656e-05
3.64917e-06
3.47537e-05
5.21192e-06
2.77556e-05
6.99809e-06
1.90327e-05
8.72286e-06
9.22367e-06
9.80904e-06
-2.80035e-07
9.5037e-06
-5.10562e-06
6.97081e-06
-9.70703e-06
4.4386e-06
-1.92855e-05
8.01749e-06
2.86621e-06
-3.43761e-08
9.71723e-08
1.77318e-06
-3.5986e-06
4.41082e-06
-5.26458e-06
7.11948e-06
-5.4175e-06
9.55738e-06
-4.87918e-06
1.16751e-05
-4.23477e-06
1.35566e-05
-3.7551e-06
1.53119e-05
-3.49561e-06
1.70267e-05
-3.41036e-06
1.8751e-05
-3.42768e-06
2.05048e-05
-3.48713e-06
2.22898e-05
-3.55051e-06
2.40985e-05
-3.59925e-06
2.59207e-05
-3.62747e-06
2.77467e-05
-3.63552e-06
2.95677e-05
-3.62572e-06
3.1376e-05
-3.60004e-06
3.31642e-05
-3.55923e-06
3.49246e-05
-3.50269e-06
3.66485e-05
-3.42867e-06
3.8326e-05
-3.33456e-06
3.99455e-05
-3.21706e-06
4.14936e-05
-3.07237e-06
4.29545e-05
-2.89614e-06
4.43103e-05
-2.68349e-06
4.55402e-05
-2.42883e-06
4.66204e-05
-2.1255e-06
4.75233e-05
-1.7651e-06
4.82214e-05
-1.33684e-06
4.86954e-05
-8.29253e-07
4.89521e-05
-2.41646e-07
4.90793e-05
4.85635e-07
4.90852e-05
1.37163e-06
4.89294e-05
2.53176e-06
4.84827e-05
4.09594e-06
4.74419e-05
6.25269e-06
4.52574e-05
9.18261e-06
4.11921e-05
1.27882e-05
3.44015e-05
1.65996e-05
2.44113e-05
1.94939e-05
1.13853e-05
2.00551e-05
-8.52872e-07
1.88716e-05
-8.31721e-06
1.45913e-05
6.12956e-06
7.41888e-09
8.97532e-08
1.8271e-06
-5.41828e-06
4.45642e-06
-7.8939e-06
7.13218e-06
-8.09325e-06
9.52948e-06
-7.27648e-06
1.16153e-05
-6.32059e-06
1.34812e-05
-5.62098e-06
1.52362e-05
-5.25064e-06
1.6961e-05
-5.13512e-06
1.86995e-05
-5.16618e-06
2.04676e-05
-5.25523e-06
2.22646e-05
-5.34755e-06
2.40827e-05
-5.41735e-06
2.59123e-05
-5.45701e-06
2.77443e-05
-5.46756e-06
2.95711e-05
-5.45251e-06
3.13857e-05
-5.41462e-06
3.31812e-05
-5.35478e-06
3.49504e-05
-5.27188e-06
3.66849e-05
-5.16317e-06
3.8375e-05
-5.02466e-06
4.00094e-05
-4.85142e-06
4.15748e-05
-4.63776e-06
4.30559e-05
-4.37726e-06
4.44351e-05
-4.06274e-06
4.56924e-05
-3.68608e-06
4.68049e-05
-3.23803e-06
4.77476e-05
-2.70776e-06
4.84936e-05
-2.08284e-06
4.90123e-05
-1.34803e-06
4.92564e-05
-4.85692e-07
4.92093e-05
5.3274e-07
4.8842e-05
1.7389e-06
4.81891e-05
3.18468e-06
4.73395e-05
4.94555e-06
4.64528e-05
7.13939e-06
4.56826e-05
9.95282e-06
4.48721e-05
1.35986e-05
4.32977e-05
1.8174e-05
3.95595e-05
2.3232e-05
3.231e-05
2.73046e-05
2.21666e-05
2.90159e-05
1.21728e-05
2.71036e-05
1.27706e-05
5.33037e-08
3.64492e-08
1.90389e-06
-7.26887e-06
4.52213e-06
-1.05121e-05
7.1509e-06
-1.0722e-05
9.49164e-06
-9.61722e-06
1.15349e-05
-8.36385e-06
1.3382e-05
-7.46808e-06
1.51398e-05
-7.00842e-06
1.68808e-05
-6.87611e-06
1.86407e-05
-6.92612e-06
2.04297e-05
-7.04424e-06
2.22444e-05
-7.16228e-06
2.40766e-05
-7.24951e-06
2.59174e-05
-7.29785e-06
2.77594e-05
-7.30948e-06
2.95959e-05
-7.28906e-06
3.14212e-05
-7.2399e-06
3.32291e-05
-7.16272e-06
3.50129e-05
-7.05569e-06
3.67647e-05
-6.91492e-06
3.84751e-05
-6.73501e-06
4.0133e-05
-6.50936e-06
4.17257e-05
-6.23043e-06
4.32382e-05
-5.88978e-06
4.46535e-05
-5.47804e-06
4.59522e-05
-4.98477e-06
4.71125e-05
-4.39833e-06
4.81102e-05
-3.70554e-06
4.89189e-05
-2.89146e-06
4.95091e-05
-1.93827e-06
4.9849e-05
-8.25544e-07
4.99078e-05
4.73902e-07
4.96516e-05
1.99505e-06
4.90578e-05
3.77846e-06
4.81304e-05
5.87294e-06
4.69414e-05
8.32842e-06
4.56915e-05
1.12027e-05
4.46984e-05
1.45917e-05
4.42092e-05
1.86633e-05
4.38754e-05
2.35658e-05
4.23663e-05
2.88136e-05
3.86457e-05
3.27366e-05
3.30636e-05
3.30229e-05
2.4486e-05
1.16822e-07
-8.03727e-08
2.00127e-06
-9.15332e-06
4.60091e-06
-1.31118e-05
7.16804e-06
-1.32892e-05
9.43839e-06
-1.18876e-05
1.14312e-05
-1.03567e-05
1.32583e-05
-9.29518e-06
1.5022e-05
-8.7721e-06
1.67842e-05
-8.63826e-06
1.85704e-05
-8.71235e-06
2.03842e-05
-8.85809e-06
2.22196e-05
-8.99764e-06
2.40681e-05
-9.09802e-06
2.59223e-05
-9.15208e-06
2.77764e-05
-9.16354e-06
2.96254e-05
-9.13807e-06
3.14647e-05
-9.07916e-06
3.3289e-05
-8.98703e-06
3.50922e-05
-8.85888e-06
3.68668e-05
-8.68955e-06
3.86039e-05
-8.47216e-06
4.0293e-05
-8.19846e-06
4.19217e-05
-7.85912e-06
4.34757e-05
-7.44371e-06
4.49384e-05
-6.94076e-06
4.62912e-05
-6.33763e-06
4.75133e-05
-5.62042e-06
4.85816e-05
-4.77378e-06
4.94707e-05
-3.78061e-06
5.01541e-05
-2.62165e-06
5.06036e-05
-1.27501e-06
5.07919e-05
2.85556e-07
5.0696e-05
2.09101e-06
5.02971e-05
4.17737e-06
4.95861e-05
6.58391e-06
4.85691e-05
9.34545e-06
4.72932e-05
1.24786e-05
4.59144e-05
1.59705e-05
4.47768e-05
1.98009e-05
4.43085e-05
2.40342e-05
4.43727e-05
2.87494e-05
4.37732e-05
3.3336e-05
4.08587e-05
3.59375e-05
3.24877e-05
1.98855e-07
-2.79228e-07
2.11685e-06
-1.10713e-05
4.68835e-06
-1.56833e-05
7.18056e-06
-1.57814e-05
9.37051e-06
-1.40775e-05
1.13093e-05
-1.22955e-05
1.31179e-05
-1.11038e-05
1.48916e-05
-1.05457e-05
1.6679e-05
-1.04257e-05
1.84947e-05
-1.0528e-05
2.03353e-05
-1.06987e-05
2.21925e-05
-1.08549e-05
2.40584e-05
-1.09639e-05
2.59274e-05
-1.1021e-05
2.77954e-05
-1.10316e-05
2.96593e-05
-1.1002e-05
3.15157e-05
-1.09356e-05
3.33603e-05
-1.08316e-05
3.51875e-05
-1.06861e-05
3.69904e-05
-1.04925e-05
3.87607e-05
-1.02424e-05
4.04883e-05
-9.92608e-06
4.21615e-05
-9.53228e-06
4.37665e-05
-9.04871e-06
4.52876e-05
-8.46185e-06
4.67069e-05
-7.75692e-06
4.80043e-05
-6.91786e-06
4.91578e-05
-5.92725e-06
5.01434e-05
-4.76623e-06
5.0936e-05
-3.4143e-06
5.15101e-05
-1.84907e-06
5.18412e-05
-4.55097e-08
5.19087e-05
2.02351e-06
5.16975e-05
4.38853e-06
5.12018e-05
7.0796e-06
5.04244e-05
1.01228e-05
4.93734e-05
1.35296e-05
4.80672e-05
1.72767e-05
4.65867e-05
2.12814e-05
4.51979e-05
2.54231e-05
4.42638e-05
2.96834e-05
4.35322e-05
3.40677e-05
4.14261e-05
3.80435e-05
3.92284e-05
2.93099e-07
-5.72327e-07
2.24635e-06
-1.30246e-05
4.77993e-06
-1.82169e-05
7.18596e-06
-1.81874e-05
9.28946e-06
-1.6181e-05
1.11744e-05
-1.41804e-05
1.29684e-05
-1.28979e-05
1.47562e-05
-1.23336e-05
1.65718e-05
-1.22414e-05
1.84179e-05
-1.23741e-05
2.02853e-05
-1.25661e-05
2.21639e-05
-1.27335e-05
2.4047e-05
-1.28471e-05
2.59312e-05
-1.29052e-05
2.78146e-05
-1.2915e-05
2.96957e-05
-1.28831e-05
3.15722e-05
-1.2812e-05
3.34406e-05
-1.27e-05
3.52961e-05
-1.25416e-05
3.71325e-05
-1.23288e-05
3.89418e-05
-1.20518e-05
4.07149e-05
-1.16992e-05
4.24406e-05
-1.12579e-05
4.41059e-05
-1.0714e-05
4.56958e-05
-1.00518e-05
4.71932e-05
-9.25435e-06
4.85789e-05
-8.30353e-06
4.98316e-05
-7.1799e-06
5.09283e-05
-5.86296e-06
5.18451e-05
-4.33113e-06
5.25579e-05
-2.56187e-06
5.30439e-05
-5.31434e-07
5.32829e-05
1.78442e-06
5.32602e-05
4.41123e-06
5.29668e-05
7.37301e-06
5.24011e-05
1.06885e-05
5.15647e-05
1.43661e-05
5.04477e-05
1.83936e-05
4.90114e-05
2.27177e-05
4.72218e-05
2.72126e-05
4.51838e-05
3.17214e-05
4.30215e-05
3.623e-05
4.01027e-05
4.09623e-05
4.54832e-05
3.97086e-07
-9.69413e-07
2.38591e-06
-1.50134e-05
4.87186e-06
-2.07028e-05
7.18292e-06
-2.04984e-05
9.19782e-06
-1.81959e-05
1.10324e-05
-1.60149e-05
1.28171e-05
-1.46826e-05
1.46229e-05
-1.41395e-05
1.64679e-05
-1.40863e-05
1.83435e-05
-1.42497e-05
2.02356e-05
-1.44582e-05
2.21338e-05
-1.46317e-05
2.40332e-05
-1.47465e-05
2.59328e-05
-1.48047e-05
2.78326e-05
-1.48148e-05
2.97328e-05
-1.47832e-05
3.1632e-05
-1.47113e-05
3.35276e-05
-1.45956e-05
3.54154e-05
-1.44294e-05
3.72899e-05
-1.42033e-05
3.91439e-05
-1.39058e-05
4.09689e-05
-1.35242e-05
4.27547e-05
-1.30437e-05
4.4489e-05
-1.24484e-05
4.61578e-05
-1.17206e-05
4.77446e-05
-1.08412e-05
4.92309e-05
-9.78983e-06
5.05961e-05
-8.54507e-06
5.18179e-05
-7.08473e-06
5.28729e-05
-5.38617e-06
5.37378e-05
-3.42673e-06
5.439e-05
-1.18372e-06
5.48094e-05
1.36509e-06
5.49801e-05
4.2405e-06
5.48894e-05
7.46376e-06
5.45285e-05
1.10493e-05
5.3889e-05
1.50057e-05
5.29524e-05
1.93302e-05
5.16655e-05
2.40047e-05
4.98981e-05
2.898e-05
4.74674e-05
3.41521e-05
4.42606e-05
3.94368e-05
4.00972e-05
4.51257e-05
5.20289e-05
5.0875e-07
-1.47816e-06
2.53212e-06
-1.70368e-05
4.96123e-06
-2.31319e-05
7.17124e-06
-2.27085e-05
9.09892e-06
-2.01236e-05
1.08892e-05
-1.78052e-05
1.26705e-05
-1.64639e-05
1.44972e-05
-1.59661e-05
1.63708e-05
-1.59599e-05
1.82731e-05
-1.6152e-05
2.01866e-05
-1.63717e-05
2.21018e-05
-1.65469e-05
2.40162e-05
-1.66609e-05
2.59309e-05
-1.67194e-05
2.78481e-05
-1.67321e-05
2.97691e-05
-1.67042e-05
3.16934e-05
-1.66356e-05
3.3619e-05
-1.65213e-05
3.55427e-05
-1.6353e-05
3.74594e-05
-1.612e-05
3.93631e-05
-1.58095e-05
4.1246e-05
-1.54072e-05
4.3099e-05
-1.48967e-05
4.49108e-05
-1.42602e-05
4.6668e-05
-1.34778e-05
4.8355e-05
-1.25282e-05
4.9954e-05
-1.13887e-05
5.14446e-05
-1.00357e-05
5.2805e-05
-8.44513e-06
5.40119e-05
-6.59307e-06
5.50417e-05
-4.45654e-06
5.58718e-05
-2.01377e-06
5.64806e-05
7.56255e-07
5.68516e-05
3.86954e-06
5.69692e-05
7.34617e-06
5.68199e-05
1.11986e-05
5.63877e-05
1.54379e-05
5.56458e-05
2.00721e-05
5.45422e-05
2.51083e-05
5.29591e-05
3.05631e-05
5.06536e-05
3.64576e-05
4.72599e-05
4.28305e-05
4.25105e-05
4.98751e-05
5.89059e-05
6.26238e-07
-2.1044e-06
2.68195e-06
-1.90925e-05
5.04586e-06
-2.54958e-05
7.15153e-06
-2.48141e-05
8.99644e-06
-2.19685e-05
1.07502e-05
-1.9559e-05
1.25338e-05
-1.82475e-05
1.43827e-05
-1.7815e-05
1.62826e-05
-1.78598e-05
1.82074e-05
-1.80767e-05
2.01381e-05
-1.83025e-05
2.20672e-05
-1.8476e-05
2.39947e-05
-1.85884e-05
2.59244e-05
-1.8649e-05
2.78596e-05
-1.86673e-05
2.98027e-05
-1.86473e-05
3.1754e-05
-1.85869e-05
3.37122e-05
-1.84795e-05
3.56746e-05
-1.83154e-05
3.76372e-05
-1.80827e-05
3.95951e-05
-1.77673e-05
4.15415e-05
-1.73536e-05
4.34683e-05
-1.68235e-05
4.53653e-05
-1.61572e-05
4.72201e-05
-1.53326e-05
4.90179e-05
-1.4326e-05
5.07412e-05
-1.3112e-05
5.23702e-05
-1.16647e-05
5.38827e-05
-9.95768e-06
5.52551e-05
-7.96544e-06
5.64628e-05
-5.66429e-06
5.74822e-05
-3.03314e-06
5.82913e-05
-5.28278e-08
5.8871e-05
3.2898e-06
5.92056e-05
7.01165e-06
5.92791e-05
1.1125e-05
5.90736e-05
1.56434e-05
5.85617e-05
2.0584e-05
5.76964e-05
2.59736e-05
5.63883e-05
3.18712e-05
5.44663e-05
3.83796e-05
5.15479e-05
4.57489e-05
4.72557e-05
5.41673e-05
6.55535e-05
7.62148e-07
-2.86655e-06
2.88475e-06
-2.12151e-05
5.21695e-06
-2.7828e-05
7.25258e-06
-2.68498e-05
9.05249e-06
-2.37684e-05
1.08089e-05
-2.13154e-05
1.26319e-05
-2.00705e-05
1.45364e-05
-1.97195e-05
1.64933e-05
-1.98166e-05
1.84702e-05
-2.00536e-05
2.04484e-05
-2.02807e-05
2.2423e-05
-2.04506e-05
2.43971e-05
-2.05625e-05
2.63761e-05
-2.06281e-05
2.83651e-05
-2.06563e-05
3.03668e-05
-2.0649e-05
3.23821e-05
-2.06022e-05
3.44106e-05
-2.05079e-05
3.64504e-05
-2.03552e-05
3.84986e-05
-2.01308e-05
4.05511e-05
-1.98199e-05
4.26026e-05
-1.9405e-05
4.46459e-05
-1.88669e-05
4.66721e-05
-1.81833e-05
4.86694e-05
-1.733e-05
5.06237e-05
-1.62803e-05
5.25177e-05
-1.5006e-05
5.43313e-05
-1.34783e-05
5.60413e-05
-1.16678e-05
5.76226e-05
-9.54672e-06
5.90487e-05
-7.09043e-06
6.02939e-05
-4.2783e-06
6.13348e-05
-1.09368e-06
6.21495e-05
2.47506e-06
6.27236e-05
6.43756e-06
6.30403e-05
1.08083e-05
6.3084e-05
1.55997e-05
6.28338e-05
2.08342e-05
6.22584e-05
2.6549e-05
6.13024e-05
3.28272e-05
5.9888e-05
3.97939e-05
5.78075e-05
4.78294e-05
5.4847e-05
5.71277e-05
6.95171e-05
8.99431e-07
-3.76598e-06
3.06827e-06
-2.33839e-05
5.34005e-06
-3.00998e-05
7.28619e-06
-2.87959e-05
9.03201e-06
-2.55142e-05
1.07843e-05
-2.30676e-05
1.26355e-05
-2.19217e-05
1.45787e-05
-2.16627e-05
1.65716e-05
-2.18096e-05
1.85788e-05
-2.20608e-05
2.05836e-05
-2.22855e-05
2.25846e-05
-2.24516e-05
2.45876e-05
-2.25654e-05
2.65997e-05
-2.26402e-05
2.86266e-05
-2.26832e-05
3.06717e-05
-2.2694e-05
3.27364e-05
-2.2667e-05
3.4821e-05
-2.25925e-05
3.69246e-05
-2.24588e-05
3.90457e-05
-2.22519e-05
4.11816e-05
-2.19557e-05
4.33284e-05
-2.15518e-05
4.54803e-05
-2.10188e-05
4.76297e-05
-2.03327e-05
4.97662e-05
-1.94664e-05
5.18762e-05
-1.83902e-05
5.39429e-05
-1.70728e-05
5.59459e-05
-1.54813e-05
5.78612e-05
-1.3583e-05
5.96613e-05
-1.13468e-05
6.13174e-05
-8.74652e-06
6.28012e-05
-5.76213e-06
6.40874e-05
-2.3799e-06
6.51511e-05
1.41136e-06
6.59806e-05
5.60807e-06
6.65597e-05
1.02293e-05
6.6878e-05
1.52814e-05
6.69261e-05
2.0786e-05
6.66964e-05
2.67788e-05
6.61819e-05
3.33417e-05
6.53902e-05
4.05857e-05
6.43824e-05
4.88372e-05
6.32572e-05
5.8253e-05
6.98093e-05
1.04166e-06
-4.80764e-06
3.25261e-06
-2.55949e-05
5.45681e-06
-3.2304e-05
7.31467e-06
-3.06537e-05
9.01498e-06
-2.72145e-05
1.07712e-05
-2.48239e-05
1.26533e-05
-2.38038e-05
1.46321e-05
-2.36415e-05
1.66552e-05
-2.38327e-05
1.86868e-05
-2.40923e-05
2.07138e-05
-2.43126e-05
2.27386e-05
-2.44764e-05
2.47694e-05
-2.45962e-05
2.68144e-05
-2.46852e-05
2.88795e-05
-2.47483e-05
3.09686e-05
-2.47831e-05
3.30838e-05
-2.47821e-05
3.52261e-05
-2.47349e-05
3.7396e-05
-2.46288e-05
3.95934e-05
-2.44493e-05
4.18171e-05
-2.41794e-05
4.40649e-05
-2.37996e-05
4.63328e-05
-2.32868e-05
4.86148e-05
-2.26147e-05
5.09018e-05
-2.17534e-05
5.31815e-05
-2.067e-05
5.54379e-05
-1.93291e-05
5.76504e-05
-1.76938e-05
5.97932e-05
-1.57258e-05
6.18358e-05
-1.33894e-05
6.37456e-05
-1.06563e-05
6.54903e-05
-7.50691e-06
6.7042e-05
-3.93161e-06
6.83745e-05
7.89179e-08
6.94764e-05
4.50615e-06
7.03343e-05
9.37134e-06
7.09425e-05
1.46733e-05
7.1304e-05
2.04246e-05
7.14346e-05
2.66481e-05
7.13786e-05
3.33976e-05
7.12057e-05
4.07586e-05
7.11351e-05
4.89078e-05
7.13694e-05
5.80187e-05
6.8438e-05
1.18758e-06
-5.99522e-06
3.43548e-06
-2.78428e-05
5.56601e-06
-3.44345e-05
7.33892e-06
-3.24267e-05
9.00334e-06
-2.8879e-05
1.07709e-05
-2.65914e-05
1.26844e-05
-2.57173e-05
1.46941e-05
-2.56512e-05
1.67409e-05
-2.58795e-05
1.87909e-05
-2.61424e-05
2.08361e-05
-2.63577e-05
2.28824e-05
-2.65227e-05
2.49398e-05
-2.66536e-05
2.7017e-05
-2.67624e-05
2.91202e-05
-2.68515e-05
3.12533e-05
-2.69163e-05
3.34192e-05
-2.6948e-05
3.562e-05
-2.69357e-05
3.78577e-05
-2.68664e-05
4.01334e-05
-2.6725e-05
4.24481e-05
-2.64941e-05
4.48015e-05
-2.61529e-05
4.71916e-05
-2.56769e-05
4.96145e-05
-2.50377e-05
5.20637e-05
-2.42026e-05
5.45291e-05
-2.31353e-05
5.69956e-05
-2.17956e-05
5.94425e-05
-2.01407e-05
6.18407e-05
-1.8124e-05
6.41546e-05
-1.57034e-05
6.63459e-05
-1.28476e-05
6.83763e-05
-9.53729e-06
7.02124e-05
-5.76772e-06
7.18346e-05
-1.5433e-06
7.32187e-05
3.12205e-06
7.43627e-05
8.22732e-06
7.52636e-05
1.37724e-05
7.59352e-05
1.97529e-05
7.64104e-05
2.6173e-05
7.67643e-05
3.30437e-05
7.71034e-05
4.04195e-05
7.76517e-05
4.83595e-05
7.86535e-05
5.70168e-05
6.65013e-05
1.336e-06
-7.33122e-06
3.61459e-06
-3.01214e-05
5.66646e-06
-3.64864e-05
7.35968e-06
-3.41199e-05
8.99832e-06
-3.05176e-05
1.07831e-05
-2.83762e-05
1.27268e-05
-2.76611e-05
1.47615e-05
-2.76858e-05
1.68248e-05
-2.79428e-05
1.88877e-05
-2.82053e-05
2.09474e-05
-2.84175e-05
2.30131e-05
-2.85883e-05
2.50957e-05
-2.87363e-05
2.72041e-05
-2.88708e-05
2.93442e-05
-2.89916e-05
3.15204e-05
-2.90925e-05
3.37363e-05
-2.91639e-05
3.59952e-05
-2.91946e-05
3.83005e-05
-2.91717e-05
4.06555e-05
-2.908e-05
4.3063e-05
-2.89017e-05
4.55254e-05
-2.86154e-05
4.80441e-05
-2.81956e-05
5.06189e-05
-2.76124e-05
5.32473e-05
-2.6831e-05
5.59221e-05
-2.58101e-05
5.8628e-05
-2.45015e-05
6.13417e-05
-2.28544e-05
6.40282e-05
-2.08105e-05
6.66456e-05
-1.83208e-05
6.91498e-05
-1.53517e-05
7.14946e-05
-1.18821e-05
7.36405e-05
-7.91363e-06
7.55619e-05
-3.46467e-06
7.72397e-05
1.44418e-06
7.86707e-05
6.79631e-06
7.98561e-05
1.2587e-05
8.08108e-05
1.87982e-05
8.15823e-05
2.54015e-05
8.2271e-05
3.23549e-05
8.30052e-05
3.96853e-05
8.39509e-05
4.74138e-05
8.53758e-05
5.5592e-05
6.42686e-05
1.48569e-06
-8.81692e-06
3.78759e-06
-3.24232e-05
5.75692e-06
-3.84557e-05
7.37743e-06
-3.57404e-05
9.00041e-06
-3.21406e-05
1.08066e-05
-3.01824e-05
1.27773e-05
-2.96318e-05
1.48299e-05
-2.97384e-05
1.69028e-05
-3.00157e-05
1.89736e-05
-3.0276e-05
2.10446e-05
-3.04885e-05
2.31275e-05
-3.06713e-05
2.52336e-05
-3.08424e-05
2.73712e-05
-3.10084e-05
2.95462e-05
-3.11666e-05
3.17634e-05
-3.13096e-05
3.40273e-05
-3.14278e-05
3.63427e-05
-3.151e-05
3.87148e-05
-3.15439e-05
4.11495e-05
-3.15147e-05
4.3653e-05
-3.14051e-05
4.62313e-05
-3.11937e-05
4.88911e-05
-3.08554e-05
5.16381e-05
-3.03594e-05
5.44728e-05
-2.96658e-05
5.73861e-05
-2.87233e-05
6.03547e-05
-2.74701e-05
6.33514e-05
-2.58512e-05
6.63368e-05
-2.37958e-05
6.92701e-05
-2.12542e-05
7.21094e-05
-1.8191e-05
7.47982e-05
-1.45709e-05
7.72869e-05
-1.04024e-05
7.95399e-05
-5.71769e-06
8.15456e-05
-5.61472e-07
8.32752e-05
5.06673e-06
8.4751e-05
1.11112e-05
8.59667e-05
1.75825e-05
8.69674e-05
2.44009e-05
8.78759e-05
3.14463e-05
8.88557e-05
3.87056e-05
9.00595e-05
4.621e-05
9.17114e-05
5.39401e-05
6.19033e-05
1.63534e-06
-1.04523e-05
3.95201e-06
-3.47399e-05
5.83606e-06
-4.03398e-05
7.39229e-06
-3.72966e-05
9.00922e-06
-3.37575e-05
1.0839e-05
-3.20121e-05
1.28318e-05
-3.16246e-05
1.48946e-05
-3.18012e-05
1.69706e-05
-3.20917e-05
1.90446e-05
-3.235e-05
2.11241e-05
-3.2568e-05
2.32218e-05
-3.2769e-05
2.53488e-05
-3.29694e-05
2.75129e-05
-3.31724e-05
2.97199e-05
-3.33737e-05
3.19755e-05
-3.35652e-05
3.42855e-05
-3.37378e-05
3.66568e-05
-3.38814e-05
3.90976e-05
-3.39846e-05
4.16172e-05
-3.40344e-05
4.42262e-05
-3.40141e-05
4.69354e-05
-3.39029e-05
4.97565e-05
-3.36764e-05
5.26961e-05
-3.3299e-05
5.57447e-05
-3.27143e-05
5.88764e-05
-3.18551e-05
6.20529e-05
-3.06467e-05
6.52641e-05
-2.90624e-05
6.84874e-05
-2.70192e-05
7.17094e-05
-2.44762e-05
7.4895e-05
-2.13767e-05
7.79528e-05
-1.76287e-05
8.08202e-05
-1.32697e-05
8.34719e-05
-8.36938e-06
8.58855e-05
-2.9751e-06
8.80132e-05
2.93899e-06
8.9868e-05
9.25634e-06
9.13752e-05
1.60754e-05
9.26082e-05
2.31679e-05
9.37081e-05
3.03464e-05
9.4839e-05
3.75747e-05
9.61449e-05
4.49041e-05
9.77987e-05
5.22862e-05
5.96591e-05
1.7835e-06
-1.22358e-05
4.10519e-06
-3.70616e-05
5.90241e-06
-4.2137e-05
7.40399e-06
-3.87982e-05
9.02342e-06
-3.5377e-05
1.08767e-05
-3.38654e-05
1.2885e-05
-3.36329e-05
1.49503e-05
-3.38666e-05
1.70233e-05
-3.41647e-05
1.90968e-05
-3.44235e-05
2.11819e-05
-3.4653e-05
2.3292e-05
-3.48791e-05
2.54373e-05
-3.51147e-05
2.76254e-05
-3.53605e-05
2.98628e-05
-3.56111e-05
3.21564e-05
-3.58588e-05
3.45145e-05
-3.60958e-05
3.69466e-05
-3.63135e-05
3.94643e-05
-3.65023e-05
4.20803e-05
-3.66503e-05
4.48058e-05
-3.67396e-05
4.76509e-05
-3.67481e-05
5.06203e-05
-3.66458e-05
5.37013e-05
-3.638e-05
5.6849e-05
-3.5862e-05
6.00263e-05
-3.50324e-05
6.32162e-05
-3.38367e-05
6.6515e-05
-3.23615e-05
6.99534e-05
-3.04581e-05
7.35612e-05
-2.80854e-05
7.72314e-05
-2.50486e-05
8.07141e-05
-2.11105e-05
8.39251e-05
-1.64805e-05
8.68695e-05
-1.13138e-05
8.9683e-05
-5.78862e-06
9.23054e-05
3.15256e-07
9.47828e-05
6.77892e-06
9.676e-05
1.40981e-05
9.83753e-05
2.15526e-05
9.9751e-05
2.89707e-05
0.000101043
3.62825e-05
0.000102365
4.3582e-05
0.000103851
5.08005e-05
5.77747e-05
1.92844e-06
-1.41642e-05
4.24422e-06
-3.93774e-05
5.95477e-06
-4.38476e-05
7.41222e-06
-4.02557e-05
9.04105e-06
-3.70058e-05
1.09155e-05
-3.57399e-05
1.29317e-05
-3.56491e-05
1.49922e-05
-3.59271e-05
1.70575e-05
-3.623e-05
1.91279e-05
-3.64939e-05
2.1217e-05
-3.67422e-05
2.33382e-05
-3.70003e-05
2.55013e-05
-3.72778e-05
2.77142e-05
-3.75733e-05
2.99846e-05
-3.78814e-05
3.23212e-05
-3.81955e-05
3.47343e-05
-3.85089e-05
3.72345e-05
-3.88137e-05
3.98324e-05
-3.91002e-05
4.25348e-05
-3.93528e-05
4.5339e-05
-3.95438e-05
4.82349e-05
-3.96439e-05
5.11953e-05
-3.96063e-05
5.41747e-05
-3.93596e-05
5.71182e-05
-3.88057e-05
6.00899e-05
-3.80048e-05
6.32178e-05
-3.6967e-05
6.68407e-05
-3.59864e-05
7.09295e-05
-3.45472e-05
7.54712e-05
-3.26292e-05
8.00572e-05
-2.96358e-05
8.41818e-05
-2.52376e-05
8.77463e-05
-2.00584e-05
9.02926e-05
-1.35194e-05
9.24093e-05
-7.21659e-06
9.52372e-05
-2.16748e-06
9.85829e-05
3.26184e-06
0.000101323
1.1358e-05
0.000103229
1.96468e-05
0.000105005
2.7194e-05
0.000106916
3.43715e-05
0.000108776
4.17228e-05
0.000110472
4.91045e-05
5.60954e-05
2.06797e-06
-1.62322e-05
4.36627e-06
-4.16757e-05
5.9933e-06
-4.54746e-05
7.41774e-06
-4.16801e-05
9.06085e-06
-3.86489e-05
1.09522e-05
-3.76313e-05
1.29691e-05
-3.76659e-05
1.50194e-05
-3.79774e-05
1.70748e-05
-3.82854e-05
1.91422e-05
-3.85613e-05
2.12368e-05
-3.88368e-05
2.33713e-05
-3.91349e-05
2.55553e-05
-3.94617e-05
2.77969e-05
-3.9815e-05
3.01042e-05
-4.01888e-05
3.24851e-05
-4.05764e-05
3.49458e-05
-4.09696e-05
3.74883e-05
-4.13562e-05
4.01069e-05
-4.17188e-05
4.27817e-05
-4.20275e-05
4.54719e-05
-4.22341e-05
4.81374e-05
-4.23095e-05
5.07339e-05
-4.22033e-05
5.32756e-05
-4.19024e-05
5.58789e-05
-4.14115e-05
5.89576e-05
-4.10979e-05
6.28003e-05
-4.08228e-05
6.79074e-05
-4.11006e-05
7.34367e-05
-4.00932e-05
7.66973e-05
-3.41482e-05
7.26851e-05
-2.15019e-05
6.11198e-05
-8.05001e-06
5.01791e-05
-2.0269e-06
4.31271e-05
-4.13091e-07
4.14473e-05
-9.64847e-08
4.43432e-05
-1.12161e-08
5.12103e-05
1.72273e-07
6.2459e-05
6.47916e-07
7.77384e-05
2.63064e-06
9.4583e-05
8.21127e-06
0.000105839
2.08046e-05
0.000112357
3.52053e-05
0.000115087
4.63739e-05
5.38705e-05
2.19938e-06
-1.84315e-05
4.46866e-06
-4.3945e-05
6.02017e-06
-4.70261e-05
7.42335e-06
-4.30833e-05
9.0839e-06
-4.03094e-05
1.09878e-05
-3.95352e-05
1.3e-05
-3.96782e-05
1.50383e-05
-4.00157e-05
1.70853e-05
-4.03324e-05
1.91526e-05
-4.06286e-05
2.12555e-05
-4.09396e-05
2.34047e-05
-4.1284e-05
2.56074e-05
-4.16645e-05
2.78692e-05
-4.20767e-05
3.01918e-05
-4.25114e-05
3.25717e-05
-4.29563e-05
3.49966e-05
-4.33946e-05
3.74415e-05
-4.38011e-05
3.98651e-05
-4.41426e-05
4.22135e-05
-4.43762e-05
4.4429e-05
-4.44504e-05
4.65284e-05
-4.44107e-05
4.86187e-05
-4.42972e-05
5.10455e-05
-4.43504e-05
5.43071e-05
-4.47013e-05
5.93173e-05
-4.61109e-05
6.5008e-05
-4.66233e-05
6.23971e-05
-3.26696e-05
4.23724e-05
-1.0195e-05
2.11404e-05
-2.15073e-06
7.22479e-06
-3.77789e-07
2.24803e-06
-3.81781e-08
4.06408e-07
-6.94234e-08
1.23689e-07
-3.99728e-08
1.08697e-07
-4.79705e-08
1.12205e-07
-3.20259e-08
2.4715e-07
-3.68079e-11
8.61745e-07
8.96391e-08
3.08758e-06
3.7975e-08
9.7515e-06
1.91849e-07
2.7037e-05
3.81887e-07
5.57276e-05
7.2215e-07
9.01529e-05
4.82948e-06
0.000110839
3.02513e-05
5.06592e-05
2.31781e-06
-2.07494e-05
4.54609e-06
-4.61732e-05
6.03662e-06
-4.85166e-05
7.43154e-06
-4.44782e-05
9.11201e-06
-4.19899e-05
1.10249e-05
-4.14481e-05
1.30293e-05
-4.16826e-05
1.50545e-05
-4.20409e-05
1.70923e-05
-4.23702e-05
1.91561e-05
-4.26924e-05
2.12567e-05
-4.30403e-05
2.33983e-05
-4.34256e-05
2.55793e-05
-4.38455e-05
2.7793e-05
-4.42904e-05
3.00223e-05
-4.47408e-05
3.22374e-05
-4.51715e-05
3.43952e-05
-4.55526e-05
3.64433e-05
-4.58498e-05
3.83349e-05
-4.60353e-05
4.00692e-05
-4.61135e-05
4.17448e-05
-4.61313e-05
4.36871e-05
-4.63855e-05
4.64405e-05
-4.70544e-05
5.0949e-05
-4.8863e-05
5.6218e-05
-4.95497e-05
5.05313e-05
-2.9819e-05
2.815e-05
-8.54621e-06
1.24949e-05
-1.63557e-06
2.49824e-06
-2.04016e-07
3.78483e-07
-2.62192e-08
2.84643e-08
-1.19224e-08
2.23954e-08
-7.67686e-09
6.46024e-08
-9.57249e-09
1.27991e-07
-3.37325e-08
1.49963e-07
-1.01289e-07
1.43983e-07
-9.8989e-08
1.17481e-07
-3.84765e-08
1.32754e-07
5.04861e-09
1.60465e-07
-1.57944e-09
3.58279e-07
-1.62371e-09
7.26762e-07
2.02173e-08
1.418e-06
6.66797e-08
6.1222e-06
2.05634e-07
3.21762e-05
6.55173e-07
1.92373e-06
2.41094e-06
-2.31603e-05
4.58425e-06
-4.83466e-05
6.03193e-06
-4.99643e-05
7.43203e-06
-4.58783e-05
9.13254e-06
-4.36904e-05
1.10473e-05
-4.33628e-05
1.30334e-05
-4.36687e-05
1.50307e-05
-4.40382e-05
1.70362e-05
-4.43758e-05
1.90588e-05
-4.47151e-05
2.10969e-05
-4.50784e-05
2.31394e-05
-4.54682e-05
2.51671e-05
-4.58735e-05
2.71529e-05
-4.62765e-05
2.90564e-05
-4.66449e-05
3.08309e-05
-4.69473e-05
3.24435e-05
-4.71678e-05
3.38997e-05
-4.73116e-05
3.53215e-05
-4.74671e-05
3.70016e-05
-4.7834e-05
3.94859e-05
-4.86183e-05
4.37147e-05
-5.06209e-05
4.82469e-05
-4.91392e-05
4.20386e-05
-2.75924e-05
2.13752e-05
-7.41536e-06
1.02178e-05
-1.2858e-06
1.84795e-06
-1.65584e-07
2.31491e-07
-2.12386e-08
2.72828e-08
-4.46025e-10
2.33496e-09
-4.89935e-11
5.9953e-09
-1.31591e-10
2.98207e-08
-6.1424e-09
1.58778e-07
-8.62372e-08
2.95129e-07
-1.38207e-07
3.33645e-07
-1.33274e-07
3.55562e-07
-1.23867e-07
3.46979e-07
-4.27443e-08
1.59156e-08
7.64115e-10
1.36372e-08
2.84747e-10
1.73018e-08
-3.65894e-10
5.12702e-08
7.51959e-10
1.34602e-07
2.28104e-09
3.41086e-07
6.97541e-09
9.83452e-07
4.06692e-08
1.30225e-07
2.46839e-06
-2.56287e-05
4.55958e-06
-5.04378e-05
5.96305e-06
-5.1368e-05
7.37234e-06
-4.72877e-05
9.0809e-06
-4.53991e-05
1.09701e-05
-4.52522e-05
1.28971e-05
-4.55958e-05
1.481e-05
-4.59513e-05
1.67052e-05
-4.62714e-05
1.85808e-05
-4.65912e-05
2.04153e-05
-4.69136e-05
2.21807e-05
-4.72348e-05
2.38473e-05
-4.7542e-05
2.53938e-05
-4.78265e-05
2.68009e-05
-4.80581e-05
2.80986e-05
-4.82531e-05
2.94235e-05
-4.85254e-05
3.10691e-05
-4.89687e-05
3.35768e-05
-4.9976e-05
3.77903e-05
-5.20663e-05
4.10336e-05
-4.54695e-05
3.4102e-05
-2.29773e-05
1.63462e-05
-5.50471e-06
8.76182e-06
-8.85534e-07
1.46633e-06
-1.14905e-07
1.90335e-07
-1.49844e-08
2.45975e-08
1.0131e-10
3.50397e-09
3.71899e-11
5.36547e-11
2.81553e-12
5.57269e-11
-5.07023e-13
1.24506e-08
-1.12926e-08
2.12767e-07
-6.08205e-08
2.74705e-07
-1.4276e-07
3.02174e-07
-1.53592e-07
2.94656e-07
-1.17526e-07
2.19897e-07
-4.82878e-08
1.85053e-08
-1.15256e-08
1.75002e-10
-4.81349e-10
1.17833e-09
-5.32384e-11
1.45198e-09
-3.11892e-11
3.30402e-09
3.12548e-11
8.44454e-09
1.15416e-10
2.27842e-08
3.94402e-10
8.83142e-08
1.89064e-09
3.203e-09
2.54557e-06
-2.81743e-05
4.46826e-06
-5.23609e-05
5.75011e-06
-5.26512e-05
7.13902e-06
-4.86776e-05
8.81317e-06
-4.70742e-05
1.06075e-05
-4.70478e-05
1.23861e-05
-4.73761e-05
1.41064e-05
-4.76741e-05
1.57655e-05
-4.79339e-05
1.7358e-05
-4.81884e-05
1.8855e-05
-4.84161e-05
2.0245e-05
-4.86312e-05
2.15497e-05
-4.88593e-05
2.28581e-05
-4.91751e-05
2.43166e-05
-4.95202e-05
2.62007e-05
-5.01378e-05
2.91701e-05
-5.14978e-05
3.2972e-05
-4.95285e-05
3.36263e-05
-3.66945e-05
2.53888e-05
-1.45581e-05
1.12585e-05
-2.30095e-06
6.47164e-06
-3.31988e-07
1.01271e-06
-4.33723e-08
1.32641e-07
-5.76284e-09
1.76105e-08
1.48452e-10
2.66989e-09
4.14848e-11
-1.53468e-10
5.95852e-12
-6.05937e-11
-5.10545e-12
-5.9124e-12
-3.37e-13
3.33374e-11
-3.4909e-11
1.72358e-07
-2.33422e-08
2.44656e-07
-1.1966e-07
2.73086e-07
-1.60068e-07
2.72038e-07
-1.39877e-07
9.563e-08
-6.89483e-08
1.11343e-08
-4.04826e-09
2.24691e-10
-5.12421e-10
7.79713e-11
-2.53878e-11
6.05339e-11
-1.7809e-12
7.55833e-11
-1.78583e-12
2.29986e-10
-2.10076e-13
6.93382e-10
9.86064e-13
1.9223e-09
4.47106e-12
6.2646e-09
6.85115e-11
1.42934e-10
2.82506e-06
-3.09998e-05
4.44162e-06
-5.39826e-05
5.38168e-06
-5.35981e-05
6.64625e-06
-4.99473e-05
8.20822e-06
-4.86412e-05
9.82164e-06
-4.86677e-05
1.13761e-05
-4.89398e-05
1.28532e-05
-4.91653e-05
1.42727e-05
-4.93781e-05
1.56687e-05
-4.96496e-05
1.70713e-05
-4.98217e-05
1.85696e-05
-5.01298e-05
2.04124e-05
-5.07029e-05
2.29923e-05
-5.17622e-05
2.5897e-05
-4.74066e-05
2.71791e-05
-3.62679e-05
2.43313e-05
-2.08553e-05
1.52353e-05
-4.26927e-06
8.62867e-06
-6.14504e-07
2.673e-06
-6.03901e-08
3.79633e-07
-8.8181e-09
5.01022e-08
-7.99618e-10
6.6872e-09
4.9336e-11
9.6764e-10
1.21039e-11
-2.1405e-10
8.20308e-13
-6.17173e-11
-7.8942e-12
-9.61969e-12
-7.18793e-12
1.04549e-11
-1.50415e-12
1.58695e-11
-1.02575e-12
3.28246e-09
-3.24174e-09
2.23841e-07
-5.40922e-08
2.53261e-07
-1.38564e-07
2.63788e-07
-1.61821e-07
1.12711e-07
-1.38415e-07
3.77265e-09
-6.96184e-09
3.61718e-10
-5.34112e-10
-2.66322e-11
-4.24717e-11
-5.77428e-13
-2.55195e-12
2.03113e-12
-4.82281e-15
2.89095e-12
-1.63096e-13
1.18214e-11
-2.38736e-13
4.53624e-11
-4.19881e-13
1.49041e-10
-1.56096e-12
5.24815e-10
-2.30181e-12
-9.68243e-12
3.58913e-06
-3.45931e-05
4.99971e-06
-5.53879e-05
5.13971e-06
-5.37408e-05
6.08892e-06
-5.08981e-05
7.53746e-06
-5.00897e-05
9.05094e-06
-5.01801e-05
1.05617e-05
-5.04503e-05
1.21354e-05
-5.07419e-05
1.39026e-05
-5.11519e-05
1.59282e-05
-5.05497e-05
1.79225e-05
-4.48643e-05
1.95362e-05
-3.66184e-05
1.99977e-05
-2.70742e-05
1.8076e-05
-1.62748e-05
1.23553e-05
-2.23402e-06
6.44978e-06
-2.36925e-07
4.92643e-06
-2.54499e-08
6.59964e-07
-2.79997e-09
6.94259e-08
-3.24098e-10
1.01403e-08
-8.76047e-12
1.32245e-09
-7.46207e-14
1.24259e-10
-1.43254e-11
-6.93225e-11
-6.34667e-12
-1.71912e-11
-2.58563e-12
-1.23446e-12
-2.93947e-12
1.40075e-11
4.36546e-14
1.42865e-11
-5.24813e-13
2.58384e-11
-7.62711e-13
8.27969e-11
-7.24398e-13
1.79229e-07
-4.13779e-10
2.40123e-07
-1.0035e-07
2.48825e-07
-1.34734e-07
2.17624e-07
-1.20157e-07
6.09187e-09
-2.53451e-08
1.16073e-10
-1.05149e-09
-9.18268e-12
-5.92036e-11
-3.02888e-12
-4.2855e-12
-3.24397e-13
-3.80962e-13
2.60971e-13
-1.17714e-14
2.46623e-13
1.37052e-14
5.10857e-13
-1.13952e-14
2.37288e-12
-2.65577e-14
9.26816e-12
-1.47401e-13
3.65787e-11
-5.27033e-13
-1.93158e-12
5.4037e-06
-3.99915e-05
6.53261e-06
-3.96889e-05
5.53833e-06
-3.98872e-05
6.1871e-06
-3.99148e-05
7.67724e-06
-3.71842e-05
9.17641e-06
-3.28739e-05
1.05032e-05
-2.80756e-05
1.1525e-05
-2.28962e-05
1.1995e-05
-1.74996e-05
1.13074e-05
-6.54641e-06
9.01865e-06
-3.93988e-07
6.42017e-06
-2.75938e-08
3.33545e-06
-2.13663e-09
2.49953e-06
-1.7952e-10
2.65509e-07
-1.33181e-11
2.85891e-08
-9.29486e-13
3.16463e-09
8.38263e-15
3.63278e-10
1.0473e-16
3.9506e-11
3.35627e-14
1.36705e-12
-9.83812e-13
9.61863e-14
-1.51363e-12
1.52476e-12
-3.61339e-12
2.29661e-12
-9.92969e-13
4.20242e-12
-1.2041e-13
7.88053e-12
1.29913e-14
1.50411e-11
5.63574e-13
2.0648e-11
3.38681e-13
2.32674e-11
-6.50901e-14
6.90633e-11
-2.56148e-13
8.03069e-08
2.28064e-10
2.46295e-07
-4.36187e-08
2.24755e-07
-1.04356e-07
3.72016e-08
-8.91834e-08
1.40345e-10
-3.38435e-09
-4.78339e-11
-2.50808e-10
-1.01501e-11
-1.44538e-11
-1.87775e-12
-1.0703e-12
-8.25347e-14
-9.35013e-14
1.32927e-13
-1.29442e-15
1.14917e-13
1.51093e-14
9.80089e-14
1.85566e-14
1.70023e-13
1.74589e-14
5.47254e-13
8.47384e-15
2.27521e-12
-1.54731e-14
-1.56487e-13
6.33018e-06
-2.29502e-05
2.58807e-06
-1.64254e-06
3.09606e-06
-2.74069e-08
3.41895e-06
-5.48367e-10
3.38489e-06
-1.26981e-11
3.1949e-06
-3.57237e-13
2.758e-06
-4.35284e-15
1.97972e-06
1.36097e-15
1.76767e-06
3.50368e-15
4.23915e-07
5.00286e-15
2.99266e-08
6.3165e-15
2.33279e-09
9.77546e-15
1.96146e-10
1.40948e-14
1.72473e-11
2.07281e-14
1.36199e-12
2.81555e-14
1.00124e-13
3.57813e-14
-9.61024e-15
3.88027e-14
-1.18879e-16
-8.80004e-15
-4.03609e-14
-3.63103e-13
7.87904e-13
1.55804e-14
3.28208e-12
-4.13026e-13
5.203e-12
-1.23945e-12
6.25196e-12
-2.08244e-12
6.78492e-12
3.81981e-13
1.16873e-11
9.69897e-13
2.07978e-11
1.78625e-12
2.58642e-11
8.76143e-12
2.45561e-11
9.53861e-12
3.91046e-11
-2.07303e-13
2.77199e-10
4.16698e-12
1.7036e-07
-4.21502e-09
1.46977e-07
-3.97235e-08
1.6726e-09
-2.02679e-08
-1.0061e-10
-1.63621e-09
-3.39012e-11
-6.82419e-11
-6.56169e-12
-4.65651e-12
-1.08199e-12
-3.56778e-13
-7.54094e-15
-3.36368e-14
1.04216e-13
-6.34341e-16
9.8767e-14
8.11604e-15
8.16995e-14
1.49902e-14
7.45816e-14
1.86983e-14
7.49337e-14
1.6726e-14
1.68178e-13
1.60291e-14
-3.54234e-15
1.67051e-06
7.34353e-17
2.79683e-08
5.9125e-17
5.61444e-10
3.11597e-16
1.30764e-11
1.20382e-15
3.75619e-13
2.68351e-15
1.30015e-14
5.38001e-15
1.8892e-16
8.45971e-15
-1.03328e-15
1.20615e-14
-2.68876e-15
1.67894e-14
-3.97709e-15
2.07888e-14
-5.44078e-15
2.52671e-14
-8.88429e-15
3.13183e-14
-1.30695e-14
3.92833e-14
-1.92084e-14
4.83744e-14
-2.63805e-14
5.71638e-14
-3.43181e-14
6.26584e-14
-3.88859e-14
5.60723e-14
2.84485e-14
-7.70617e-14
3.85918e-13
-7.20701e-13
2.15512e-12
6.11145e-14
4.56098e-12
1.01106e-12
5.87433e-12
-1.60404e-12
6.78732e-12
-3.22415e-12
1.75291e-11
-7.88689e-12
5.04467e-11
-9.10119e-12
1.33784e-10
-2.89969e-11
2.06546e-10
1.75892e-12
8.46415e-11
1.37677e-10
7.42831e-11
1.81941e-11
6.09084e-11
2.90174e-12
1.79897e-08
1.82896e-10
1.44812e-08
-1.04469e-09
1.11125e-08
-6.37652e-09
-2.15903e-11
-8.43163e-10
-1.73004e-11
-7.61699e-11
-3.66029e-12
-3.69885e-12
-6.25273e-13
-2.81669e-13
3.74083e-14
-2.73684e-14
9.33982e-14
-2.04798e-15
8.66712e-14
4.25118e-15
8.28055e-14
8.887e-15
7.72794e-14
1.3667e-14
5.73504e-14
1.37593e-14
5.02833e-14
1.29289e-14
8.56063e-15
-2.11346e-18
1.23276e-16
-4.38985e-18
1.72208e-16
-7.66192e-17
8.42554e-16
-4.24824e-16
3.13642e-15
-1.08497e-15
7.43393e-15
-2.50066e-15
1.2608e-14
-4.45317e-15
1.79556e-14
-6.98168e-15
2.28677e-14
-1.0272e-14
2.69521e-14
-1.34024e-14
3.03575e-14
-1.73846e-14
3.46492e-14
-2.28821e-14
4.07451e-14
-3.00243e-14
4.79864e-14
-3.82248e-14
5.47288e-14
-4.66112e-14
5.94786e-14
-5.30037e-14
5.94611e-14
-4.95348e-14
4.11262e-14
2.91227e-13
-4.12262e-13
3.2036e-12
-2.40661e-12
7.68851e-12
2.99532e-12
8.14048e-12
7.1154e-12
1.00209e-11
-2.11897e-13
1.62476e-11
-8.14538e-12
1.50731e-10
-1.06159e-10
6.04312e-10
-3.58428e-10
1.58791e-09
-9.7409e-10
2.47204e-09
-1.73105e-09
1.96671e-09
-4.4368e-10
1.08638e-09
2.08461e-10
9.79464e-10
2.88034e-10
1.40273e-09
7.53137e-11
8.7583e-09
9.38794e-11
6.25146e-09
-1.04957e-09
-6.07012e-11
-5.76638e-10
-2.84613e-11
-6.06379e-11
-5.03748e-12
-5.26631e-12
-9.23496e-13
-4.24961e-13
-3.43038e-15
-4.03739e-14
7.7629e-14
-5.1092e-15
6.56963e-14
1.48176e-15
6.22704e-14
3.84598e-15
6.17664e-14
5.87083e-15
5.71462e-14
8.50463e-15
4.68409e-14
1.00141e-14
6.68707e-15
6.97259e-18
3.03929e-17
-6.14618e-18
2.16153e-16
-1.38104e-16
1.17778e-15
-8.48495e-16
4.50461e-15
-2.49026e-15
1.01875e-14
-4.88381e-15
1.6773e-14
-7.88322e-15
2.29244e-14
-1.11229e-14
2.76892e-14
-1.41881e-14
3.08682e-14
-1.71066e-14
3.32358e-14
-2.08402e-14
3.6556e-14
-2.59755e-14
4.12827e-14
-3.20756e-14
4.55543e-14
-3.7988e-14
4.69667e-14
-4.2718e-14
4.55478e-14
-4.44186e-14
4.0835e-14
-3.22872e-14
1.32767e-14
2.46469e-12
-2.90546e-12
2.34867e-11
-1.66612e-11
4.21041e-11
1.52485e-11
2.61731e-11
5.06724e-11
2.9613e-11
3.94793e-12
9.24173e-11
-4.81891e-11
1.47831e-09
-1.39157e-09
8.5323e-09
-7.16597e-09
5.70745e-08
-4.67234e-08
7.55096e-08
-5.57211e-08
5.14494e-08
-3.38849e-08
4.57782e-09
-1.92207e-09
2.76176e-09
1.16739e-09
2.59514e-09
5.48556e-10
1.46566e-08
1.93594e-09
1.44194e-08
-8.59884e-11
5.02765e-11
-9.42393e-10
-5.03894e-11
-1.5803e-10
-9.48313e-12
-1.26491e-11
-1.81681e-12
-1.15492e-12
-1.45455e-13
-1.22601e-13
6.60909e-14
-1.69797e-14
5.62225e-14
-1.96774e-15
4.23887e-14
1.21568e-15
3.66022e-14
2.40855e-15
3.18921e-14
2.82603e-15
2.80299e-14
2.95224e-15
3.5774e-15
5.72736e-18
2.74009e-17
-1.36074e-17
2.25778e-16
-1.7962e-16
1.28227e-15
-1.0221e-15
5.0788e-15
-2.91468e-15
1.12395e-14
-5.65626e-15
1.78945e-14
-8.81376e-15
2.35202e-14
-1.18295e-14
2.72526e-14
-1.43555e-14
2.9211e-14
-1.65874e-14
3.06781e-14
-1.93914e-14
3.33215e-14
-2.30542e-14
3.63631e-14
-2.65057e-14
3.61116e-14
-2.82473e-14
3.02869e-14
-2.82997e-14
2.29476e-14
-2.64272e-14
1.84955e-14
-9.3882e-15
3.04011e-15
1.88393e-11
-2.17451e-11
1.57347e-10
-1.20559e-10
2.6615e-10
5.82006e-11
1.01219e-10
3.89276e-10
1.33302e-10
-5.86836e-12
6.19699e-10
-4.6151e-10
2.49699e-08
-1.78751e-08
9.48385e-08
-7.59989e-08
1.13866e-07
-7.99363e-08
1.18482e-07
-5.98147e-08
1.19021e-07
-3.69705e-08
3.34383e-08
-9.01774e-09
6.41803e-09
4.31469e-09
5.76342e-09
1.13301e-09
1.78083e-08
6.33824e-09
1.76442e-08
1.60729e-09
3.594e-09
-9.06402e-10
-7.24582e-11
-2.28058e-10
-1.93607e-11
-2.35155e-11
-3.10434e-12
-1.7178e-12
-4.32629e-13
-2.08306e-13
4.75807e-14
-3.31907e-14
6.32706e-14
-7.38439e-15
4.09002e-14
-1.33757e-15
3.06234e-14
4.46692e-16
2.17323e-14
1.12879e-15
1.6248e-14
1.21793e-15
1.47688e-15
-2.0781e-19
2.46732e-17
-1.61382e-17
1.99526e-16
-1.73055e-16
1.20372e-15
-9.87798e-16
4.90033e-15
-2.78266e-15
1.07199e-14
-5.27577e-15
1.65533e-14
-7.93459e-15
2.09756e-14
-1.02271e-14
2.34044e-14
-1.19359e-14
2.43404e-14
-1.34279e-14
2.53399e-14
-1.54212e-14
2.77119e-14
-1.75872e-14
2.8494e-14
-1.80551e-14
2.21904e-14
-1.55503e-14
8.49682e-15
-1.21156e-14
-2.87486e-15
-1.01156e-14
5.82245e-16
-6.68626e-15
-5.9586e-16
1.85544e-10
-2.07254e-10
1.02563e-09
-1.02967e-09
1.39608e-09
-5.13608e-10
7.32783e-10
-1.87619e-09
7.49935e-10
-7.18437e-11
9.35462e-09
-8.59588e-09
8.01032e-08
-6.14051e-08
8.99379e-08
-9.28502e-08
9.36193e-08
-8.11074e-08
9.40318e-08
-6.16526e-08
9.53819e-08
-3.73557e-08
9.34775e-08
-8.66321e-09
7.14113e-09
6.32414e-09
4.86608e-09
2.47764e-09
1.81239e-08
6.75413e-09
1.86281e-08
1.96683e-09
5.05905e-09
-9.37624e-10
-1.94447e-11
-1.77615e-10
-1.99834e-11
-2.09469e-11
-3.29447e-12
-1.55738e-12
-5.21405e-13
-1.93095e-13
3.98248e-14
-3.31874e-14
6.49462e-14
-8.23474e-15
3.99955e-14
-2.70987e-15
2.82904e-14
-1.09474e-15
1.85188e-14
-1.42055e-16
1.33092e-14
3.0102e-16
7.33776e-16
-7.65161e-19
2.11979e-17
-1.49727e-17
1.60224e-16
-1.45722e-16
1.02028e-15
-8.33121e-16
4.22179e-15
-2.32373e-15
9.12458e-15
-4.2837e-15
1.36751e-14
-6.21072e-15
1.6738e-14
-7.69873e-15
1.80621e-14
-8.699e-15
1.842e-14
-9.66568e-15
1.9352e-14
-1.11113e-14
2.14054e-14
-1.18422e-14
1.88605e-14
-9.43933e-15
5.8413e-15
-3.67156e-15
-1.4482e-14
1.26008e-15
-1.35423e-14
-2.58462e-16
-9.24399e-15
1.6204e-15
-8.19595e-16
1.51304e-09
-1.72387e-09
1.07603e-08
-2.42797e-08
9.98994e-09
-5.61739e-08
1.31517e-09
-1.36519e-08
2.0733e-09
-8.33964e-10
3.51947e-08
-4.35625e-09
6.03202e-08
-8.93624e-08
6.17543e-08
-9.32757e-08
5.98828e-08
-8.08992e-08
5.85832e-08
-5.7903e-08
4.9416e-08
-3.14378e-08
1.91684e-08
-5.76361e-09
-3.00971e-09
3.6033e-09
1.01123e-08
5.87644e-09
1.64036e-08
1.36737e-09
1.79944e-08
1.27489e-09
2.5897e-09
-4.64524e-10
1.34695e-12
-2.98338e-11
-6.64658e-12
-4.42635e-12
-1.23841e-12
-3.36523e-13
-1.94723e-13
-4.01526e-14
3.15909e-14
-5.55989e-15
3.06009e-14
-2.03949e-15
2.10327e-14
-1.57556e-15
1.65682e-14
-9.0304e-16
1.16011e-14
-4.80957e-16
1.05359e-14
-2.15961e-16
4.13165e-18
-9.90614e-19
1.67053e-17
-1.19339e-17
1.20132e-16
-1.12539e-16
7.98372e-16
-6.3922e-16
3.31167e-15
-1.74743e-15
7.04146e-15
-3.11368e-15
1.02475e-14
-4.34823e-15
1.21432e-14
-5.19893e-15
1.27456e-14
-5.74105e-15
1.29319e-14
-6.40585e-15
1.39579e-14
-7.39405e-15
1.54047e-14
-6.68455e-15
8.63448e-15
-2.09118e-15
-9.59091e-15
7.65938e-15
-4.7333e-14
1.05935e-14
-5.97907e-14
3.14139e-15
-1.4166e-14
7.31224e-15
-3.27679e-15
1.05598e-08
-2.10862e-08
1.74568e-08
-5.82141e-08
1.62305e-08
-5.94223e-08
5.08141e-10
-1.39291e-08
9.59154e-10
-1.05149e-09
1.89463e-08
-2.94011e-09
3.00978e-08
-9.42643e-08
2.44299e-08
-8.99648e-08
1.55623e-08
-7.09935e-08
7.26853e-09
-2.31716e-08
3.73311e-09
-1.19329e-08
4.00785e-09
-4.54038e-09
4.73682e-09
7.07871e-10
1.13106e-08
1.7681e-09
1.27468e-08
1.36322e-09
4.37931e-09
-1.37283e-10
2.74255e-11
-3.48863e-11
2.56334e-12
-2.88935e-12
1.23353e-13
-3.1045e-13
1.04711e-14
-4.78129e-14
7.11294e-15
-4.30072e-15
6.8233e-15
-8.59126e-16
8.45278e-15
-5.52702e-16
8.81388e-15
-4.91211e-16
7.33792e-15
-5.19363e-16
6.69308e-15
-5.49324e-16
7.4192e-15
-4.9495e-16
-3.43841e-16
-9.25647e-19
1.20005e-17
-8.62502e-18
8.49969e-17
-8.04719e-17
5.81495e-16
-4.49533e-16
2.38395e-15
-1.19546e-15
4.96695e-15
-2.05516e-15
7.02097e-15
-2.76727e-15
8.07816e-15
-3.20639e-15
8.32004e-15
-3.50695e-15
8.56343e-15
-3.99523e-15
9.6078e-15
-4.56161e-15
1.01358e-14
-2.59263e-15
-8.78611e-16
6.76851e-15
-3.4616e-14
2.02488e-14
-9.62012e-14
1.70329e-14
-7.95456e-14
3.44533e-15
-1.26742e-14
1.44729e-14
-3.67264e-15
7.43007e-09
-2.97711e-08
8.09717e-09
-6.3736e-08
6.90985e-09
-6.03143e-08
7.06953e-11
-8.75911e-09
3.5157e-10
-1.08254e-10
2.83309e-09
-6.1339e-09
1.53869e-09
-8.58171e-08
-1.51611e-09
-9.25458e-08
-1.50404e-09
-3.46442e-08
-1.54171e-09
-2.56486e-08
-4.65582e-10
-1.51976e-08
1.73485e-09
-9.48181e-09
2.26105e-09
-4.2942e-09
3.07959e-10
-7.5306e-10
1.58429e-10
-4.74787e-11
3.59802e-11
-6.07481e-12
2.92086e-12
-6.15122e-13
1.37326e-13
-5.38576e-14
1.05428e-14
-5.37736e-15
4.0399e-15
-9.06321e-16
3.62206e-15
-6.25169e-16
2.68126e-15
-4.46247e-16
2.66317e-15
-5.16399e-16
3.00055e-15
-5.60572e-16
3.77887e-15
-6.33249e-16
5.01453e-15
-9.8263e-16
6.12426e-15
-9.35407e-16
-8.27528e-16
-6.95362e-19
7.87541e-18
-5.7443e-18
5.69238e-17
-5.34806e-17
3.94932e-16
-2.90387e-16
1.57935e-15
-7.48007e-16
3.21304e-15
-1.24052e-15
4.41414e-15
-1.61425e-15
4.95335e-15
-1.82726e-15
5.07336e-15
-2.01689e-15
5.41613e-15
-2.37234e-15
6.29134e-15
-2.58798e-15
5.80682e-15
2.33904e-15
-5.92512e-15
2.01268e-14
-7.99018e-14
2.35386e-14
-1.07382e-13
1.16399e-14
-7.72956e-14
1.82804e-15
-8.5497e-15
1.8281e-14
-1.3899e-15
2.64341e-09
-1.05808e-08
1.10084e-09
-6.42922e-08
-3.66038e-10
-5.98997e-08
-5.46288e-10
-4.61277e-08
-1.6216e-10
-1.77448e-08
-1.64251e-09
-5.71222e-08
-9.80994e-09
-1.14131e-07
-1.10846e-08
-9.60595e-08
-6.66293e-09
-4.91233e-08
-3.20778e-09
-3.13126e-08
-2.20475e-09
-3.71846e-08
3.11167e-09
-9.97364e-09
3.86913e-09
-5.06671e-09
4.68497e-11
-1.67788e-10
6.30335e-12
-4.65251e-12
6.13619e-13
-2.91925e-13
4.10484e-14
-2.09306e-14
1.57293e-15
-7.62027e-16
1.26705e-15
-2.7982e-16
1.44404e-15
-2.77932e-16
1.59356e-15
-3.62973e-16
1.58833e-15
-4.40095e-16
2.131e-15
-5.28148e-16
2.57531e-15
-6.52471e-16
3.31848e-15
-9.189e-16
7.40262e-15
-1.4645e-15
9.55417e-15
-2.64771e-15
-3.12078e-15
-4.42187e-19
4.7484e-18
-3.5354e-18
3.60295e-17
-3.29466e-17
2.49598e-16
-1.72276e-16
9.62412e-16
-4.28856e-16
1.90595e-15
-6.86809e-16
2.54861e-15
-8.67512e-16
2.80908e-15
-9.7211e-16
2.91508e-15
-1.10724e-15
3.28872e-15
-1.33995e-15
3.84096e-15
-1.25822e-15
2.56738e-15
5.85513e-15
-2.40016e-14
1.84029e-14
-9.56388e-14
2.01871e-14
-1.06194e-13
6.61663e-15
-5.80422e-14
7.95179e-16
-5.53628e-15
8.53307e-15
-1.4042e-16
-4.4104e-10
-3.36926e-10
-4.14516e-09
-4.36561e-08
-6.26462e-09
-5.21844e-08
-4.8449e-09
-4.5727e-08
-1.06591e-08
-4.5553e-08
-6.56613e-09
-4.85518e-08
-1.29317e-08
-7.11941e-08
-1.30537e-08
-5.77305e-08
-9.26108e-09
-2.18561e-08
-6.60963e-09
-2.25359e-16
-9.70541e-10
-4.02219e-16
8.69476e-10
-8.76587e-16
1.72649e-10
-4.51456e-16
4.86798e-12
-8.95658e-17
2.98663e-13
-7.81368e-16
2.20292e-14
-1.38857e-16
1.40287e-15
-1.22667e-16
4.32671e-16
-1.37313e-16
5.43106e-16
-1.98388e-16
7.12299e-16
-2.71844e-16
1.04009e-15
-3.67249e-16
1.34655e-15
-4.86938e-16
1.74965e-15
-6.47428e-16
2.54585e-15
-1.11023e-15
4.9008e-15
-1.73726e-15
1.21933e-14
-3.34387e-15
2.8141e-14
-7.31218e-15
-1.20002e-14
-2.44463e-19
2.6475e-18
-2.01729e-18
2.14357e-17
-1.8758e-17
1.46014e-16
-9.36692e-17
5.37607e-16
-2.25102e-16
1.03371e-15
-3.48966e-16
1.34934e-15
-4.3107e-16
1.47669e-15
-4.87397e-16
1.58821e-15
-5.84097e-16
1.90328e-15
-7.07242e-16
2.09682e-15
-4.78353e-16
5.02503e-16
9.22293e-15
-2.94825e-14
1.73496e-14
-9.68349e-14
1.65849e-14
-1.02488e-13
2.89061e-15
-4.29902e-14
4.04313e-16
-4.51599e-15
7.52225e-16
-3.02258e-17
-3.34487e-10
-2.42935e-12
-3.40225e-09
-7.11376e-10
-6.87923e-09
-3.5278e-08
-9.64855e-09
-4.0549e-08
-1.06943e-08
-2.4208e-08
-6.8469e-09
-9.53333e-09
-3.93922e-09
-9.20007e-18
-2.78627e-09
-9.57901e-17
-2.40093e-17
-4.97773e-16
-1.78591e-17
-1.12556e-16
-6.14065e-18
-1.18518e-16
2.10288e-17
-3.76788e-16
5.39559e-17
-3.83373e-16
8.79155e-17
-3.25225e-16
1.54568e-16
-2.76158e-16
1.91536e-16
-2.39957e-16
2.23706e-16
-2.18637e-16
2.68688e-16
-2.22122e-16
4.12872e-16
-2.61988e-16
6.01486e-16
-3.49066e-16
8.66904e-16
-4.89817e-16
1.23306e-15
-6.66546e-16
1.94555e-15
-1.18494e-15
5.11918e-15
-2.37888e-15
1.21984e-14
-4.68813e-15
2.58835e-14
-9.05248e-15
5.78784e-14
-1.98427e-14
-2.67595e-14
-1.20364e-19
1.37193e-18
-1.06713e-18
1.1877e-17
-9.81887e-18
7.84324e-17
-4.64917e-17
2.73638e-16
-1.07816e-16
5.09826e-16
-1.62464e-16
6.5288e-16
-1.9855e-16
7.20359e-16
-2.31898e-16
8.20386e-16
-2.94263e-16
1.02477e-15
-3.35074e-16
9.40401e-16
-8.10465e-17
-4.51025e-16
8.44607e-15
-2.81713e-14
1.50531e-14
-9.15735e-14
1.358e-14
-9.09257e-14
1.70441e-15
-3.46442e-14
3.10335e-16
-4.09599e-15
1.48329e-16
2.54665e-16
-2.4296e-12
3.38524e-16
-7.1381e-10
4.13189e-15
-2.92055e-09
3.849e-15
-1.5471e-09
8.3945e-15
-1.77047e-10
9.69362e-15
-1.582e-18
8.37546e-20
-2.54231e-18
-1.39542e-17
-7.13899e-18
-3.02874e-17
-1.35873e-17
-1.62288e-16
-7.11841e-18
-3.55561e-16
8.62596e-18
-4.80042e-16
9.59128e-17
-5.2453e-16
1.90166e-16
-5.46592e-16
2.50606e-16
-4.1706e-16
2.84132e-16
-3.19e-16
2.98749e-16
-2.47218e-16
3.10984e-16
-2.11419e-16
3.49651e-16
-2.28147e-16
4.48686e-16
-3.0495e-16
6.45004e-16
-4.48831e-16
9.73631e-16
-6.61224e-16
1.57246e-15
-1.16763e-15
4.39598e-15
-2.23702e-15
1.2343e-14
-5.52822e-15
2.53307e-14
-1.09819e-14
5.14214e-14
-2.11174e-14
1.00072e-13
-3.46323e-14
-4.90239e-14
-5.37719e-20
6.61203e-19
-5.20849e-19
6.04878e-18
-4.68959e-18
3.82593e-17
-2.0942e-17
1.25785e-16
-4.68656e-17
2.26832e-16
-6.90709e-17
2.87171e-16
-8.48807e-17
3.25592e-16
-1.04734e-16
3.96675e-16
-1.3827e-16
4.89569e-16
-1.3098e-16
2.64345e-16
3.0222e-16
-9.27391e-16
5.90326e-15
-1.66596e-14
1.04661e-14
-6.06581e-14
9.33075e-15
-6.82127e-14
1.49945e-15
-3.04537e-14
3.16797e-16
-4.37267e-15
-9.25836e-18
-8.64281e-16
3.10518e-17
1.60401e-15
1.91771e-16
9.66537e-15
6.8933e-16
1.81241e-14
9.26393e-16
2.68326e-14
7.71492e-21
2.03958e-14
-1.11917e-18
1.99525e-18
-1.86893e-18
-6.34092e-17
-5.92274e-18
-1.16143e-16
8.01481e-19
-2.28642e-16
2.68772e-17
-3.39632e-16
8.31571e-17
-3.80066e-16
1.68445e-16
-3.93511e-16
2.5643e-16
-3.54654e-16
2.75167e-16
-2.41096e-16
2.70541e-16
-1.84608e-16
2.52602e-16
-1.49285e-16
2.49008e-16
-1.55863e-16
3.00865e-16
-2.26406e-16
4.42101e-16
-3.66629e-16
7.0759e-16
-5.83139e-16
1.12693e-15
-8.95291e-16
2.88822e-15
-1.93972e-15
8.84861e-15
-4.58084e-15
2.23105e-14
-1.08292e-14
4.52408e-14
-2.29261e-14
8.02767e-14
-3.65061e-14
1.23983e-13
-4.55351e-14
-5.50843e-14
-2.20075e-20
2.94317e-19
-2.32352e-19
2.78235e-18
-2.0229e-18
1.66954e-17
-8.48906e-18
5.15667e-17
-1.83439e-17
9.00462e-17
-2.66768e-17
1.13912e-16
-3.36314e-17
1.35176e-16
-4.43374e-17
1.73435e-16
-5.77966e-17
1.87985e-16
-3.222e-17
-5.50053e-17
2.5998e-16
-9.22936e-16
2.54354e-15
-6.77745e-15
6.2072e-15
-2.69979e-14
6.14264e-15
-4.20866e-14
1.56166e-15
-2.63838e-14
3.75445e-16
-4.97924e-15
5.13595e-17
-1.6436e-15
-4.67688e-17
1.45421e-15
-2.25041e-17
1.09275e-14
4.5047e-16
2.48479e-14
5.32809e-16
4.73347e-20
-6.67759e-19
6.74764e-19
4.51093e-18
1.79375e-17
4.58823e-17
8.14052e-17
1.25955e-16
1.22109e-16
1.43216e-16
1.36464e-16
1.31282e-16
1.57673e-16
2.5713e-16
4.59607e-16
7.97866e-16
1.50991e-15
5.10974e-15
1.47991e-14
3.56774e-14
6.70672e-14
9.46585e-14
1.26042e-13
-8.24186e-21
-9.32972e-20
-7.77068e-19
-3.05966e-18
-6.39524e-18
-9.28464e-18
-1.22424e-17
-1.69921e-17
-1.94615e-17
5.88772e-18
1.3896e-16
8.45013e-16
2.65421e-15
3.15679e-15
1.66956e-15
4.35244e-16
1.20155e-16
-8.05917e-17
-4.27254e-16
)
;

boundaryField
{
    leftWall
    {
        type            calculated;
        value           uniform 0;
    }
    rightWall
    {
        type            calculated;
        value           nonuniform 0();
    }
    lowerWall
    {
        type            calculated;
        value           uniform 0;
    }
    atmosphere
    {
        type            calculated;
        value           nonuniform 0();
    }
    defaultFaces
    {
        type            empty;
        value           nonuniform 0();
    }
    procBoundary0to1
    {
        type            processor;
        value           nonuniform List<scalar> 
44
(
-2.69615e-05
-1.49089e-05
5.33406e-06
2.40062e-05
3.28565e-05
3.46844e-05
3.38477e-05
3.35515e-05
3.56335e-05
4.06082e-05
5.08834e-05
6.29649e-05
7.27408e-05
8.05902e-05
8.76085e-05
9.40766e-05
0.000100043
0.000105735
0.000112151
0.000117311
-6.03575e-05
0.000120538
7.23984e-05
2.869e-06
2.43897e-07
1.59017e-08
1.45986e-09
1.15287e-10
7.90569e-12
5.17128e-13
4.81225e-14
2.5664e-14
2.32513e-14
1.5169e-14
1.35753e-14
1.11352e-14
8.0915e-15
6.69146e-15
8.83713e-15
3.63164e-14
9.58537e-14
1.45011e-13
1.46535e-13
1.63113e-13
)
;
    }
    procBoundary0to2
    {
        type            processor;
        value           nonuniform List<scalar> 
46
(
3.52893e-14
2.65556e-14
1.32164e-16
-6.75303e-17
-1.08443e-16
-1.79497e-16
-2.34275e-16
-2.46398e-16
-2.32277e-16
-1.79754e-16
-1.32296e-16
-1.00691e-16
-9.80687e-17
-1.42926e-16
-2.63214e-16
-4.64935e-16
-7.43933e-16
-1.47025e-15
-3.45879e-15
-7.94534e-15
-2.00624e-14
-3.79113e-14
-4.28885e-14
-4.49299e-14
-5.58041e-14
1.18893e-19
1.12967e-18
6.38545e-18
1.85244e-17
3.14098e-17
4.01985e-17
5.02128e-17
6.33811e-17
4.01285e-17
-1.52199e-16
-6.85773e-16
-2.34618e-15
-1.09903e-14
-2.03444e-14
-1.9333e-14
-4.8606e-15
-2.29802e-15
-4.76396e-16
5.58145e-15
-6.79777e-16
1.60462e-14
)
;
    }
}


// ************************************************************************* //
