/*--------------------------------*- C++ -*----------------------------------*\
| =========                 |                                                 |
| \\      /  F ield         | OpenFOAM: The Open Source CFD Toolbox           |
|  \\    /   O peration     | Version:  3.0.1                                 |
|   \\  /    A nd           | Web:      www.OpenFOAM.org                      |
|    \\/     M anipulation  |                                                 |
\*---------------------------------------------------------------------------*/
FoamFile
{
    version     2.0;
    format      ascii;
    class       volScalarField;
    location    "0.25";
    object      p;
}
// * * * * * * * * * * * * * * * * * * * * * * * * * * * * * * * * * * * * * //

dimensions      [1 -1 -2 0 0 0 0];

internalField   nonuniform List<scalar> 
1935
(
1581.17
1582.84
1583.88
1583.52
1581.32
1577.84
1573.75
1569.42
1564.97
1560.41
1555.71
1550.84
1545.78
1540.54
1535.15
1529.68
1524.19
1518.79
1513.59
1508.74
1504.38
1500.69
1497.88
1496.19
1495.87
1497.21
1500.55
1506.25
1514.72
1526.5
1542.4
1562.55
1587.31
1616.98
1651.59
1690.5
1731.7
1771.36
1803.63
1821.86
1829.34
1832.09
1799.7
1776.22
1533.34
1535.06
1536.1
1535.72
1533.52
1530.05
1526
1521.7
1517.27
1512.72
1508.02
1503.13
1498.04
1492.77
1487.35
1481.83
1476.3
1470.85
1465.6
1460.68
1456.26
1452.49
1449.61
1447.82
1447.4
1448.64
1451.85
1457.38
1465.6
1476.82
1491.07
1509.22
1531.75
1559.1
1591.51
1628.75
1669.7
1711.61
1749.01
1775.47
1787.62
1793.85
1750.56
1668.42
1484.7
1486.67
1487.64
1487.22
1485
1481.57
1477.58
1473.34
1468.96
1464.42
1459.71
1454.79
1449.65
1444.31
1438.81
1433.21
1427.59
1422.05
1416.69
1411.65
1407.09
1403.18
1400.13
1398.17
1397.55
1398.57
1401.52
1406.76
1414.61
1425.43
1439.63
1457.52
1479.33
1505.18
1534.86
1567.79
1602.95
1638.61
1672.86
1702.43
1721.19
1726.87
1696.09
1633.4
1435.44
1437.59
1438.5
1438.02
1435.79
1432.41
1428.52
1424.37
1420.05
1415.53
1410.79
1405.81
1400.6
1395.16
1389.56
1383.84
1378.08
1372.39
1366.86
1361.65
1356.88
1352.76
1349.46
1347.23
1346.32
1347
1349.59
1354.4
1361.77
1372.05
1385.55
1402.51
1423.14
1447.45
1475.15
1505.51
1537.31
1568.85
1598.47
1624.54
1644.33
1654.13
1646.95
1627.99
1385.62
1387.81
1388.7
1388.15
1385.91
1382.62
1378.84
1374.8
1370.54
1366.03
1361.26
1356.2
1350.88
1345.33
1339.57
1333.69
1327.76
1321.86
1316.12
1310.66
1305.63
1301.2
1297.58
1294.99
1293.67
1293.92
1296.02
1300.28
1307.04
1316.61
1329.26
1345.23
1364.63
1387.43
1413.31
1441.62
1471.29
1500.82
1528.49
1552.88
1573.53
1590.9
1607.44
1632.08
1335.25
1337.37
1338.26
1337.65
1335.42
1332.22
1328.57
1324.65
1320.45
1315.94
1311.11
1305.96
1300.51
1294.8
1288.87
1282.78
1276.62
1270.48
1264.46
1258.69
1253.32
1248.51
1244.48
1241.43
1239.61
1239.3
1240.79
1244.38
1250.39
1259.11
1270.81
1285.67
1303.78
1325.08
1349.25
1375.72
1403.57
1431.64
1458.63
1483.55
1506.56
1530.17
1560.07
1606.48
1284.39
1286.38
1287.23
1286.56
1284.34
1281.25
1277.75
1273.93
1269.78
1265.26
1260.36
1255.09
1249.48
1243.58
1237.43
1231.1
1224.67
1218.23
1211.87
1205.72
1199.94
1194.68
1190.13
1186.52
1184.1
1183.11
1183.87
1186.65
1191.78
1199.53
1210.14
1223.8
1240.55
1260.34
1282.87
1307.62
1333.82
1360.56
1386.93
1412.38
1437.22
1463.79
1497.35
1547.78
1233.04
1234.88
1235.68
1234.93
1232.73
1229.76
1226.39
1222.68
1218.56
1214
1209.01
1203.59
1197.79
1191.67
1185.27
1178.66
1171.91
1165.11
1158.35
1151.76
1145.48
1139.67
1134.53
1130.26
1127.1
1125.32
1125.21
1127.05
1131.15
1137.78
1147.19
1159.53
1174.87
1193.12
1214.04
1237.14
1261.78
1287.2
1312.68
1337.85
1362.94
1389.5
1420.8
1463.84
1181.23
1182.94
1183.64
1182.81
1180.63
1177.78
1174.54
1170.9
1166.79
1162.17
1157.05
1151.46
1145.45
1139.08
1132.39
1125.45
1118.34
1111.12
1103.9
1096.79
1089.94
1083.49
1077.64
1072.59
1068.58
1065.88
1064.75
1065.5
1068.42
1073.79
1081.85
1092.76
1106.58
1123.26
1142.55
1164.02
1187.09
1211.07
1235.27
1259.22
1282.82
1306.57
1331.29
1359.02
1129.01
1130.58
1131.16
1130.24
1128.1
1125.35
1122.22
1118.63
1114.49
1109.78
1104.51
1098.72
1092.47
1085.81
1078.8
1071.49
1063.95
1056.26
1048.51
1040.82
1033.3
1026.12
1019.45
1013.51
1008.51
1004.73
1002.43
1001.92
1003.49
1007.43
1013.99
1023.33
1035.52
1050.55
1068.16
1087.95
1109.37
1131.72
1154.21
1176.08
1196.57
1214.71
1228.74
1233.22
1075.94
1077.38
1077.82
1076.8
1074.68
1072.03
1068.97
1065.39
1061.2
1056.36
1050.91
1044.89
1038.37
1031.39
1024.01
1016.29
1008.28
1000.05
991.693
983.316
975.04
967.014
959.409
952.425
946.287
941.252
937.6
935.63
935.65
937.957
942.813
950.416
960.874
974.074
989.892
1007.92
1027.57
1048.08
1068.5
1087.62
1103.85
1114.24
1114.58
1085.42
1021.8
1023.12
1023.39
1022.26
1020.16
1017.58
1014.56
1010.96
1006.67
1001.67
996.003
989.726
982.894
975.559
967.767
959.567
951.015
942.177
933.133
923.979
914.834
905.835
897.148
888.962
881.5
875.013
869.782
866.114
864.33
864.746
867.654
873.279
881.745
893.012
906.917
923.051
940.82
959.368
977.526
993.607
1005.28
1007.65
995.232
940.876
966.85
968.041
968.114
966.864
964.769
962.23
959.213
955.543
951.115
945.923
940.013
933.443
926.268
918.534
910.281
901.552
892.397
882.872
873.051
863.021
852.89
842.785
832.861
823.3
814.314
806.15
799.091
793.452
789.572
787.798
788.463
791.837
798.086
807.204
819.049
833.189
849.02
865.592
881.558
894.877
902.755
899.498
879.932
823.255
911.098
912.164
912.019
910.64
908.534
906.002
902.942
899.158
894.554
889.132
882.945
876.049
868.494
860.318
851.555
842.239
832.411
822.122
811.432
800.418
789.176
777.821
766.493
755.361
744.627
734.531
725.353
717.422
711.098
706.77
704.832
705.622
709.37
716.124
725.691
737.724
751.604
766.335
780.46
791.79
797.375
791.941
770.62
721.846
854.569
855.509
855.121
853.604
851.465
848.902
845.753
841.812
836.991
831.307
824.81
817.555
809.581
800.919
791.593
781.63
771.059
759.921
748.266
736.155
723.669
710.907
697.993
685.077
672.343
660.021
648.384
637.776
628.582
621.248
616.261
614.048
614.963
619.106
626.251
635.983
647.866
660.932
673.765
684.214
689.22
684.177
664.153
622.635
797.282
798.092
797.437
795.771
793.574
790.941
787.657
783.516
778.444
772.463
765.625
757.975
749.544
740.35
730.409
719.735
708.35
696.278
683.557
670.23
656.36
642.025
627.324
612.386
597.364
582.474
567.965
554.196
541.567
530.606
521.942
516.103
513.711
514.995
519.766
527.165
537.283
548.963
561.033
571.712
577.938
575.33
559.022
524.661
739.25
739.926
738.982
737.155
734.876
732.131
728.669
724.288
718.93
712.623
705.412
697.333
688.404
678.633
668.022
656.576
644.303
631.212
617.321
602.655
587.25
571.16
554.454
537.224
519.576
501.706
483.806
466.285
449.524
434.258
421.316
411.212
404.927
402.508
403.514
408.55
417.387
428.502
441.162
453.564
462.787
464.67
454.801
429.915
680.489
681.021
679.769
677.772
675.384
672.488
668.807
664.152
658.478
651.814
644.2
635.657
626.191
615.797
604.464
592.185
578.95
564.753
549.587
533.452
516.35
498.307
479.347
459.517
438.841
417.548
395.768
374.12
352.839
332.931
315.418
300.972
291.542
285.859
282.467
281.357
286.772
296.781
311.319
327.584
341.712
349.33
347.481
334.257
621.01
621.386
619.813
617.638
615.116
612.031
608.095
603.136
597.119
590.072
582.025
572.985
562.944
551.883
539.776
526.601
512.332
496.938
480.39
462.649
443.677
423.471
401.984
379.255
355.259
330.488
304.932
279.317
252.921
226.481
200.584
176.978
164.288
157.667
155.178
154.517
150.531
157.458
174.045
197.942
222.784
238.794
244.827
241.945
560.825
561.032
559.13
556.77
554.09
550.784
546.564
541.275
534.891
527.437
518.926
509.357
498.705
486.934
474.001
459.87
444.494
427.817
409.783
390.305
369.287
346.752
322.609
297.105
270.173
242.359
212.571
181.053
144.668
108.158
69.9921
29.2377
16.6443
12.1271
9.80427
8.86754
9.0024
11.4648
18.7213
39.1815
72.7562
103.889
128.714
146.508
499.942
499.96
497.73
495.18
492.324
488.771
484.244
478.607
471.837
463.948
454.945
444.816
433.523
421.006
407.197
392.052
375.51
357.47
337.872
316.596
293.502
268.853
242.528
214.794
184.864
152.137
113.67
73.7508
30.3509
10.6995
2.41202
-1.71963
-1.79236
-1.60038
-1.5483
-1.58858
-1.76557
-2.31596
-3.2749
-3.42079
-1.23179
3.70469
14.9648
40.4514
63.3
438.37
438.168
435.616
432.88
429.841
426.026
421.18
415.182
408.009
399.661
390.135
379.422
367.469
354.182
339.446
323.239
305.498
286.075
265.025
242.201
217.494
191.235
162.759
131.448
94.693
56.6852
20.5792
3.32213
-2.06449
-2.59397
-2.51207
-2.25717
-2.11652
-1.98906
-2.01222
-2.26678
-2.83139
-3.60709
-4.2888
-4.56744
-4.60569
-4.32869
-3.87486
-1.95877
4.45815
376.098
375.695
372.844
369.905
366.686
362.602
357.43
351.067
343.476
334.636
324.548
313.23
300.61
286.55
270.839
253.604
234.819
214.233
192.398
168.481
141.847
113.257
79.4421
46.4708
15.1765
0.472186
-2.91537
-3.12743
-2.93291
-2.90058
-2.768
-2.53872
-2.42365
-2.48102
-2.77217
-3.32752
-4.03691
-4.63674
-4.8781
-4.92034
-4.89552
-4.83722
-4.86126
-5.03744
-4.91298
313.039
312.499
309.425
306.219
302.842
298.498
293.002
286.273
278.251
268.871
258.161
246.256
233.079
218.386
201.729
183.841
164.512
142.709
120.375
95.9634
63.8301
36.6545
10.5957
-1.21667
-3.55891
-3.54448
-3.39508
-3.38539
-3.29413
-3.18495
-3.04807
-2.89879
-2.89092
-3.23713
-3.77865
-4.39281
-4.87215
-5.1792
-5.26363
-5.23209
-5.17582
-5.13229
-5.13516
-5.2018
-5.27633
249.221
248.101
245.176
241.783
238.297
233.72
227.934
220.907
212.525
202.554
191.171
178.907
165.627
150.818
133.022
114.589
95.3724
69.7136
46.1929
26.8491
6.27722
-2.98528
-4.06848
-3.89112
-3.79016
-3.79193
-3.7176
-3.63821
-3.5719
-3.50182
-3.35149
-3.40567
-3.61194
-3.99828
-4.49526
-4.81296
-5.06445
-5.28577
-5.41176
-5.4221
-5.37584
-5.32194
-5.30241
-5.34883
-5.42722
185.094
182.704
180.707
177.318
173.543
168.683
162.684
155.568
147.139
136.591
124.334
111.717
98.5998
85.0549
64.0312
45.734
31.9886
10.9362
-0.204173
-4.73817
-4.16476
-4.10474
-4.14402
-4.15629
-4.09599
-4.03162
-3.96383
-3.88972
-3.85329
-3.84542
-3.79769
-3.96635
-4.18798
-4.55183
-4.8175
-4.97031
-5.13863
-5.32674
-5.46884
-5.49602
-5.47815
-5.44839
-5.43995
-5.47226
-5.5313
121.445
119.677
117.386
113.312
108.757
103.5
97.2341
90.0918
82.2288
71.5809
57.3417
44.6901
33.7666
26.4788
9.60538
1.48937
-3.53042
-4.43179
-4.69168
-4.60345
-4.52119
-4.45682
-4.42312
-4.38604
-4.33203
-4.27021
-4.20982
-4.15534
-4.15238
-4.21604
-4.33659
-4.46699
-4.66
-4.87646
-4.98739
-5.07917
-5.1998
-5.32733
-5.41204
-5.48479
-5.50781
-5.51491
-5.53029
-5.56644
-5.62314
63.4019
60.456
52.4211
48.3101
44.3245
39.7542
34.4579
28.8545
23.7859
15.858
7.37974
2.53549
-1.62781
-4.04551
-4.05173
-4.32209
-4.49966
-4.56818
-4.674
-4.71157
-4.67797
-4.64001
-4.62104
-4.59999
-4.5692
-4.52962
-4.48819
-4.45669
-4.47575
-4.58525
-4.78309
-4.85467
-4.98439
-5.05288
-5.10905
-5.18532
-5.27801
-5.36887
-5.4365
-5.49463
-5.53065
-5.55998
-5.59412
-5.64039
-5.70131
23.8116
7.04867
3.85937
4.80815
3.37707
1.49069
-0.336897
-2.08097
-3.76279
-4.08248
-4.06891
-4.29573
-4.49656
-4.48133
-4.4104
-4.45575
-4.56097
-4.64818
-4.72667
-4.7843
-4.80677
-4.81932
-4.83361
-4.84163
-4.83917
-4.82645
-4.80782
-4.79605
-4.82056
-4.91054
-5.09582
-5.17537
-5.17152
-5.17153
-5.22231
-5.29402
-5.37054
-5.44454
-5.50847
-5.55191
-5.58923
-5.62562
-5.66733
-5.719
-5.78244
-0.883502
-3.9682
-4.32766
-4.35589
-4.39008
-4.42539
-4.46515
-4.50751
-4.52854
-4.41284
-4.34597
-4.39557
-4.48456
-4.5185
-4.51836
-4.55033
-4.62406
-4.7101
-4.79973
-4.88753
-4.96122
-5.02158
-5.07132
-5.10961
-5.13825
-5.15647
-5.1643
-5.16966
-5.18611
-5.21905
-5.3002
-5.33059
-5.27267
-5.28465
-5.34065
-5.40554
-5.47109
-5.53396
-5.58874
-5.63343
-5.67384
-5.71431
-5.75952
-5.81313
-5.87672
-4.48127
-4.52318
-4.4475
-4.43632
-4.4551
-4.47998
-4.50617
-4.52938
-4.53642
-4.49969
-4.47013
-4.48759
-4.53158
-4.56641
-4.59402
-4.63697
-4.70663
-4.79807
-4.90763
-5.02911
-5.14627
-5.24638
-5.32577
-5.38813
-5.44328
-5.4913
-5.52745
-5.55025
-5.55679
-5.53203
-5.49091
-5.42188
-5.37595
-5.40925
-5.46603
-5.52271
-5.58021
-5.63591
-5.68613
-5.73041
-5.77236
-5.81561
-5.86349
-5.91858
-5.98223
-4.53429
-4.4947
-4.50383
-4.51253
-4.52828
-4.54678
-4.5647
-4.579
-4.58363
-4.5744
-4.56795
-4.58038
-4.60861
-4.6413
-4.67789
-4.7275
-4.80034
-4.90254
-5.0384
-5.19975
-5.35773
-5.48674
-5.58144
-5.65481
-5.73779
-5.84132
-5.93188
-5.97132
-5.95018
-5.86024
-5.72039
-5.57231
-5.51378
-5.54717
-5.59709
-5.64565
-5.69623
-5.74624
-5.79321
-5.83731
-5.88066
-5.9261
-5.97614
-6.03271
-6.09687
-4.60978
-4.59178
-4.59075
-4.5968
-4.60786
-4.62139
-4.63475
-4.64593
-4.6526
-4.65487
-4.65934
-4.67296
-4.69657
-4.72758
-4.76671
-4.82043
-4.90097
-5.02123
-5.19116
-5.39612
-5.58636
-5.72669
-5.82315
-5.90777
-6.05739
-6.26882
-6.44141
-6.49848
-6.39928
-6.20038
-5.97449
-5.76179
-5.67824
-5.69017
-5.73041
-5.77111
-5.81545
-5.86132
-5.90656
-5.95131
-5.99672
-6.04473
-6.09722
-6.15565
-6.22092
-4.69391
-4.68054
-4.67899
-4.68323
-4.69108
-4.7014
-4.7125
-4.72301
-4.7321
-4.74038
-4.75091
-4.76718
-4.79066
-4.82171
-4.86218
-4.91953
-5.00986
-5.14958
-5.35286
-5.59937
-5.81028
-5.94887
-6.04791
-6.16616
-6.4027
-6.70139
-6.91845
-6.98365
-6.84184
-6.53915
-6.20685
-5.94485
-5.83156
-5.83068
-5.86057
-5.89463
-5.93497
-5.9789
-6.02431
-6.07104
-6.1196
-6.17113
-6.22695
-6.28814
-6.35545
-4.77709
-4.76602
-4.76669
-4.77073
-4.77715
-4.78609
-4.79651
-4.80753
-4.81889
-4.83114
-4.8459
-4.86519
-4.89028
-4.92243
-4.96392
-5.02455
-5.12249
-5.27531
-5.5032
-5.78456
-6.00146
-6.12963
-6.22701
-6.38164
-6.66899
-6.96837
-7.16537
-7.20155
-7.0268
-6.70823
-6.34471
-6.07745
-5.96616
-5.96179
-5.98296
-6.01393
-6.05356
-6.09823
-6.14604
-6.1965
-6.24957
-6.30583
-6.36617
-6.43137
-6.50213
-4.86025
-4.85369
-4.85538
-4.8595
-4.86561
-4.87434
-4.88504
-4.89717
-4.91072
-4.92614
-4.94439
-4.96677
-4.99426
-5.0283
-5.07114
-5.13448
-5.23416
-5.39214
-5.64116
-5.93073
-6.12599
-6.23675
-6.33062
-6.49233
-6.75874
-6.98412
-7.11236
-7.10327
-6.95312
-6.68912
-6.37281
-6.15871
-6.07951
-6.07588
-6.0961
-6.12923
-6.17169
-6.22005
-6.27264
-6.32865
-6.38775
-6.45014
-6.5164
-6.58703
-6.66255
-4.94388
-4.94145
-4.94433
-4.94907
-4.95568
-4.96497
-4.97656
-4.99016
-5.0059
-5.02415
-5.04559
-5.07116
-5.10156
-5.13816
-5.1832
-5.24853
-5.34668
-5.49628
-5.74159
-6.01789
-6.18653
-6.28401
-6.36745
-6.49574
-6.72255
-6.86114
-6.93401
-6.90572
-6.78027
-6.53648
-6.33647
-6.21743
-6.17662
-6.17859
-6.20417
-6.24359
-6.29197
-6.34661
-6.406
-6.46921
-6.53579
-6.60579
-6.67957
-6.75758
-6.8404
-5.02844
-5.02949
-5.0335
-5.03919
-5.04676
-5.05705
-5.06987
-5.08514
-5.10304
-5.12394
-5.1484
-5.17711
-5.21069
-5.25027
-5.29806
-5.36378
-5.45806
-5.59555
-5.79971
-6.04563
-6.1974
-6.29691
-6.38337
-6.49333
-6.64157
-6.73928
-6.76458
-6.72246
-6.60786
-6.45604
-6.34603
-6.28443
-6.26713
-6.28083
-6.315
-6.36222
-6.4183
-6.48088
-6.54848
-6.62022
-6.69568
-6.77484
-6.85792
-6.94528
-7.03754
-5.11418
-5.11789
-5.12281
-5.12956
-5.13827
-5.14974
-5.16395
-5.18092
-5.20091
-5.22427
-5.25152
-5.28322
-5.31994
-5.36259
-5.41306
-5.47786
-5.56612
-5.68474
-5.85016
-6.03919
-6.18313
-6.28697
-6.37373
-6.46883
-6.55954
-6.61387
-6.62869
-6.59972
-6.52835
-6.45422
-6.39598
-6.36458
-6.36422
-6.3898
-6.4335
-6.48947
-6.55417
-6.62552
-6.70227
-6.78374
-6.86957
-6.95969
-7.05422
-7.15334
-7.25738
-5.20091
-5.20657
-5.21206
-5.21983
-5.22968
-5.24236
-5.25794
-5.27655
-5.29847
-5.32406
-5.35377
-5.38812
-5.42766
-5.47309
-5.52586
-5.58982
-5.67122
-5.77172
-5.90152
-6.04127
-6.17057
-6.27479
-6.36318
-6.44108
-6.50436
-6.54739
-6.56375
-6.55322
-6.51899
-6.48316
-6.45813
-6.45311
-6.47149
-6.51007
-6.5637
-6.62846
-6.70187
-6.78242
-6.86917
-6.9616
-7.05941
-7.1626
-7.27134
-7.38562
-7.50579
-5.28825
-5.29521
-5.30098
-5.30961
-5.3205
-5.33429
-5.35116
-5.37126
-5.39488
-5.42237
-5.45415
-5.49069
-5.5325
-5.58013
-5.6346
-5.69809
-5.77387
-5.86385
-5.96808
-6.079
-6.19158
-6.28887
-6.36514
-6.43494
-6.49346
-6.53526
-6.55493
-6.55661
-6.54955
-6.54165
-6.5432
-6.56024
-6.59424
-6.6438
-6.70646
-6.77991
-6.86245
-6.95294
-7.05068
-7.15531
-7.26671
-7.38505
-7.51076
-7.6439
-7.78595
-5.37566
-5.3833
-5.38922
-5.39851
-5.41028
-5.42504
-5.44302
-5.46439
-5.48945
-5.5185
-5.55193
-5.59015
-5.6336
-5.68272
-5.73813
-5.80093
-5.87255
-5.95385
-6.04364
-6.13745
-6.23261
-6.31788
-6.39295
-6.45946
-6.51514
-6.55704
-6.58211
-6.60092
-6.6142
-6.62799
-6.64897
-6.68209
-6.72885
-6.78882
-6.8609
-6.94377
-7.03629
-7.13769
-7.24757
-7.36578
-7.49241
-7.62776
-7.7725
-7.92681
-8.09328
-5.46249
-5.47031
-5.47634
-5.4861
-5.49857
-5.51413
-5.53305
-5.55548
-5.5817
-5.61199
-5.64667
-5.6861
-5.73062
-5.78056
-5.83624
-5.89808
-5.96662
-6.04177
-6.1221
-6.2062
-6.28906
-6.36635
-6.43756
-6.50171
-6.55747
-6.60325
-6.63993
-6.67123
-6.69982
-6.73021
-6.76718
-6.81438
-6.8733
-6.94403
-7.02625
-7.1194
-7.22289
-7.33638
-7.45974
-7.59307
-7.7367
-7.89091
-8.05644
-8.23337
-8.42303
-5.54809
-5.55571
-5.56189
-5.57197
-5.58499
-5.60122
-5.62089
-5.64419
-5.67134
-5.7026
-5.73822
-5.77847
-5.8236
-5.87381
-5.92923
-5.98995
-6.05597
-6.12686
-6.20145
-6.27819
)
;

boundaryField
{
    leftWall
    {
        type            calculated;
        value           nonuniform List<scalar> 
44
(
1581.17
1533.34
1484.7
1435.44
1385.62
1335.25
1284.39
1233.04
1181.23
1129.01
1075.94
1021.8
966.85
911.098
854.569
797.282
739.25
680.489
621.01
560.825
499.942
438.37
376.098
313.039
249.221
185.094
121.445
63.4019
23.8116
-0.883502
-4.48127
-4.53429
-4.60978
-4.69391
-4.77709
-4.86025
-4.94388
-5.02844
-5.11418
-5.20091
-5.28825
-5.37566
-5.46249
-5.54809
)
;
    }
    rightWall
    {
        type            calculated;
        value           nonuniform 0();
    }
    lowerWall
    {
        type            calculated;
        value           nonuniform List<scalar> 
44
(
1604.71
1606.38
1607.42
1607.06
1604.87
1601.38
1597.29
1592.96
1588.51
1583.95
1579.25
1574.38
1569.32
1564.08
1558.69
1553.22
1547.73
1542.33
1537.14
1532.28
1527.92
1524.23
1521.42
1519.73
1519.41
1520.76
1524.1
1529.79
1538.27
1550.04
1565.94
1586.1
1610.85
1640.52
1675.14
1714.04
1755.25
1794.9
1827.18
1845.41
1851.37
1847.83
1815.54
1799.06
)
;
    }
    atmosphere
    {
        type            calculated;
        value           nonuniform 0();
    }
    defaultFaces
    {
        type            empty;
    }
    procBoundary0to1
    {
        type            processor;
        value           nonuniform List<scalar> 
44
(
1821.65
1682.19
1627.23
1652.04
1686.37
1677.32
1620.38
1522.28
1388.57
1226.39
1022.34
845.801
729.788
637.24
549.256
465.635
386.515
307.048
228.27
149.757
149.757
76.5124
17.8093
-4.0487
-5.41775
-5.52132
-5.61315
-5.69764
-5.77525
-5.85677
-5.95003
-6.05446
-6.16865
-6.29307
-6.42899
-6.57842
-6.74384
-6.92856
-7.13495
-7.36614
-7.6312
-7.93659
-8.27332
-8.62852
)
;
    }
    procBoundary0to2
    {
        type            processor;
        value           nonuniform List<scalar> 
46
(
-6.35422
-6.42692
-6.49551
-6.5591
-6.61686
-6.66838
-6.7143
-6.75679
-6.79885
-6.84392
-6.89522
-6.95543
-7.02615
-7.10801
-7.20124
-7.3058
-7.42158
-7.54859
-7.68701
-7.83723
-7.99976
-8.175
-8.36363
-8.56547
-8.78052
-5.63189
-5.63912
-5.64546
-5.65577
-5.66921
-5.68596
-5.70625
-5.73024
-5.75813
-5.79011
-5.8264
-5.86718
-5.91261
-5.96276
-6.01763
-6.07715
-6.14106
-6.20882
-6.27944
-6.35422
-6.35168
)
;
    }
}


// ************************************************************************* //
