/*--------------------------------*- C++ -*----------------------------------*\
| =========                 |                                                 |
| \\      /  F ield         | OpenFOAM: The Open Source CFD Toolbox           |
|  \\    /   O peration     | Version:  3.0.1                                 |
|   \\  /    A nd           | Web:      www.OpenFOAM.org                      |
|    \\/     M anipulation  |                                                 |
\*---------------------------------------------------------------------------*/
FoamFile
{
    version     2.0;
    format      ascii;
    class       volScalarField;
    location    "0.25";
    object      p_rgh;
}
// * * * * * * * * * * * * * * * * * * * * * * * * * * * * * * * * * * * * * //

dimensions      [1 -1 -2 0 0 0 0];

internalField   nonuniform List<scalar> 
1935
(
1604.71
1606.38
1607.42
1607.06
1604.87
1601.38
1597.29
1592.96
1588.51
1583.95
1579.25
1574.38
1569.32
1564.08
1558.69
1553.22
1547.73
1542.33
1537.14
1532.28
1527.92
1524.23
1521.42
1519.73
1519.41
1520.76
1524.1
1529.79
1538.27
1550.04
1565.94
1586.1
1610.85
1640.52
1675.14
1714.04
1755.25
1794.9
1827.18
1845.41
1851.37
1847.83
1815.54
1799.06
1603.97
1605.69
1606.73
1606.35
1604.15
1600.68
1596.63
1592.33
1587.9
1583.35
1578.65
1573.76
1568.68
1563.4
1557.98
1552.46
1546.93
1541.48
1536.23
1531.31
1526.89
1523.13
1520.24
1518.45
1518.03
1519.27
1522.48
1528.01
1536.23
1547.45
1561.7
1579.85
1602.39
1629.73
1662.14
1699.38
1740.33
1782.24
1819.64
1846.1
1858.23
1858.26
1798.29
1726.52
1602.41
1604.39
1605.36
1604.94
1602.72
1599.29
1595.29
1591.06
1586.68
1582.14
1577.43
1572.5
1567.37
1562.03
1556.53
1550.93
1545.31
1539.76
1534.41
1529.37
1524.81
1520.9
1517.85
1515.89
1515.27
1516.28
1519.24
1524.47
1532.33
1543.15
1557.35
1575.23
1597.05
1622.9
1652.58
1685.51
1720.67
1756.33
1790.58
1820.14
1838.9
1844.59
1791.8
1728.85
1600.25
1602.39
1603.31
1602.83
1600.59
1597.22
1593.32
1589.18
1584.85
1580.33
1575.59
1570.62
1565.4
1559.97
1554.36
1548.64
1542.89
1537.19
1531.67
1526.45
1521.69
1517.56
1514.27
1512.04
1511.12
1511.8
1514.39
1519.2
1526.58
1536.85
1550.35
1567.32
1587.95
1612.26
1639.95
1670.32
1702.12
1733.65
1763.27
1789.34
1809.13
1818.93
1811.26
1787.86
1597.51
1599.7
1600.59
1600.05
1597.8
1594.51
1590.73
1586.69
1582.43
1577.92
1573.15
1568.1
1562.78
1557.22
1551.47
1545.58
1539.65
1533.76
1528.01
1522.55
1517.52
1513.09
1509.47
1506.88
1505.57
1505.81
1507.91
1512.17
1518.93
1528.5
1541.15
1557.12
1576.52
1599.32
1625.2
1653.51
1683.18
1712.71
1740.38
1764.77
1785.42
1802.79
1819.33
1843.96
1594.23
1596.35
1597.24
1596.63
1594.39
1591.2
1587.55
1583.62
1579.42
1574.92
1570.09
1564.94
1559.49
1553.78
1547.84
1541.76
1535.6
1529.46
1523.44
1517.67
1512.29
1507.49
1503.45
1500.4
1498.59
1498.28
1499.77
1503.36
1509.37
1518.09
1529.79
1544.64
1562.76
1584.06
1608.23
1634.7
1662.55
1690.61
1717.61
1742.52
1765.54
1789.15
1819.04
1865.45
1590.45
1592.44
1593.3
1592.63
1590.4
1587.32
1583.81
1580
1575.85
1571.33
1566.43
1561.16
1555.55
1549.64
1543.5
1537.17
1530.74
1524.29
1517.93
1511.79
1506
1500.74
1496.2
1492.59
1490.16
1489.18
1489.93
1492.72
1497.84
1505.59
1516.2
1529.86
1546.62
1566.41
1588.94
1613.68
1639.88
1666.62
1693
1718.44
1743.29
1769.86
1803.41
1853.84
1586.19
1588.04
1588.83
1588.08
1585.88
1582.91
1579.54
1575.83
1571.71
1567.16
1562.16
1556.74
1550.95
1544.82
1538.42
1531.81
1525.06
1518.26
1511.5
1504.91
1498.63
1492.83
1487.68
1483.41
1480.25
1478.47
1478.36
1480.2
1484.3
1490.93
1500.34
1512.68
1528.02
1546.28
1567.19
1590.29
1614.94
1640.35
1665.84
1691
1716.1
1742.65
1773.95
1817
1581.47
1583.18
1583.88
1583.05
1580.87
1578.02
1574.78
1571.14
1567.03
1562.41
1557.29
1551.7
1545.69
1539.32
1532.63
1525.69
1518.57
1511.36
1504.14
1497.03
1490.18
1483.73
1477.88
1472.83
1468.82
1466.12
1464.99
1465.74
1468.66
1474.03
1482.09
1493
1506.82
1523.5
1542.79
1564.26
1587.33
1611.31
1635.51
1659.46
1683.06
1706.81
1731.53
1759.26
1576.33
1577.91
1578.49
1577.57
1575.42
1572.68
1569.54
1565.95
1561.82
1557.11
1551.83
1546.05
1539.8
1533.14
1526.12
1518.82
1511.28
1503.59
1495.84
1488.14
1480.63
1473.45
1466.78
1460.83
1455.84
1452.05
1449.76
1449.25
1450.82
1454.76
1461.32
1470.66
1482.84
1497.88
1515.48
1535.28
1556.7
1579.04
1601.54
1623.41
1643.89
1662.03
1676.07
1680.55
1570.78
1572.22
1572.66
1571.63
1569.52
1566.86
1563.8
1560.23
1556.04
1551.2
1545.75
1539.73
1533.21
1526.23
1518.85
1511.12
1503.11
1494.88
1486.53
1478.15
1469.88
1461.85
1454.24
1447.26
1441.12
1436.09
1432.44
1430.47
1430.49
1432.79
1437.65
1445.25
1455.71
1468.91
1484.73
1502.75
1522.4
1542.92
1563.34
1582.45
1598.68
1609.08
1609.42
1580.26
1564.79
1566.11
1566.38
1565.25
1563.15
1560.56
1557.55
1553.95
1549.65
1544.66
1538.99
1532.71
1525.88
1518.55
1510.76
1502.56
1494
1485.17
1476.12
1466.97
1457.82
1448.82
1440.14
1431.95
1424.49
1418
1412.77
1409.1
1407.32
1407.73
1410.64
1416.27
1424.73
1436
1449.91
1466.04
1483.81
1502.36
1520.52
1536.6
1548.27
1550.64
1538.22
1483.86
1558.44
1559.63
1559.7
1558.45
1556.36
1553.82
1550.8
1547.13
1542.7
1537.51
1531.6
1525.03
1517.86
1510.12
1501.87
1493.14
1483.99
1474.46
1464.64
1454.61
1444.48
1434.37
1424.45
1414.89
1405.9
1397.74
1390.68
1385.04
1381.16
1379.39
1380.05
1383.43
1389.68
1398.79
1410.64
1424.78
1440.61
1457.18
1473.15
1486.47
1494.34
1491.09
1471.52
1414.84
1551.74
1552.81
1552.66
1551.28
1549.18
1546.64
1543.58
1539.8
1535.19
1529.77
1523.59
1516.69
1509.14
1500.96
1492.2
1482.88
1473.05
1462.76
1452.07
1441.06
1429.82
1418.46
1407.13
1396
1385.27
1375.17
1365.99
1358.06
1351.74
1347.41
1345.47
1346.26
1350.01
1356.77
1366.33
1378.37
1392.25
1406.98
1421.1
1432.43
1438.02
1432.58
1411.26
1362.49
1544.72
1545.66
1545.27
1543.75
1541.61
1539.05
1535.9
1531.96
1527.14
1521.46
1514.96
1507.7
1499.73
1491.07
1481.74
1471.78
1461.21
1450.07
1438.41
1426.3
1413.82
1401.06
1388.14
1375.23
1362.49
1350.17
1338.53
1327.92
1318.73
1311.4
1306.41
1304.2
1305.11
1309.25
1316.4
1326.13
1338.01
1351.08
1363.91
1374.36
1379.37
1374.33
1354.3
1312.78
1537.4
1538.21
1537.55
1535.89
1533.69
1531.06
1527.77
1523.63
1518.56
1512.58
1505.74
1498.09
1489.66
1480.47
1470.52
1459.85
1448.47
1436.39
1423.67
1410.35
1396.48
1382.14
1367.44
1352.5
1337.48
1322.59
1308.08
1294.31
1281.68
1270.72
1262.06
1256.22
1253.83
1255.11
1259.88
1267.28
1277.4
1289.08
1301.15
1311.83
1318.05
1315.45
1299.14
1264.78
1529.8
1530.47
1529.53
1527.7
1525.42
1522.68
1519.22
1514.83
1509.48
1503.17
1495.96
1487.88
1478.95
1469.18
1458.57
1447.12
1434.85
1421.76
1407.87
1393.2
1377.8
1361.71
1345
1327.77
1310.12
1292.25
1274.35
1256.83
1240.07
1224.8
1211.86
1201.76
1195.47
1193.05
1194.06
1199.1
1207.93
1219.05
1231.71
1244.11
1253.33
1255.22
1245.35
1220.46
1521.93
1522.47
1521.21
1519.22
1516.83
1513.93
1510.25
1505.6
1499.92
1493.26
1485.65
1477.1
1467.64
1457.24
1445.91
1433.63
1420.4
1406.2
1391.03
1374.9
1357.8
1339.75
1320.79
1300.96
1280.29
1258.99
1237.21
1215.57
1194.28
1174.37
1156.86
1142.42
1132.99
1127.3
1123.91
1122.78
1128.22
1138.23
1152.76
1169.03
1183.16
1190.78
1188.93
1175.7
1513.83
1514.2
1512.63
1510.46
1507.93
1504.85
1500.91
1495.95
1489.94
1482.89
1474.84
1465.8
1455.76
1444.7
1432.59
1419.42
1405.15
1389.76
1373.21
1355.47
1336.49
1316.29
1294.8
1272.07
1248.08
1223.3
1197.75
1172.13
1145.73
1119.27
1093.35
1069.72
1057.02
1046.29
1037.38
1033.85
1036.65
1050.27
1066.86
1090.76
1115.6
1131.61
1137.64
1134.76
1505.49
1505.7
1503.8
1501.44
1498.76
1495.45
1491.23
1485.94
1479.56
1472.1
1463.59
1454.02
1443.37
1431.6
1418.67
1404.54
1389.16
1372.48
1354.45
1334.97
1313.95
1291.42
1267.27
1241.77
1214.83
1187.02
1157.21
1125.63
1089.06
1036
931.132
761.702
608
484.023
400.606
374.825
396.55
456.981
564.693
728.061
959.502
1048.55
1073.38
1091.18
1496.94
1496.96
1494.73
1492.18
1489.32
1485.77
1481.24
1475.6
1468.83
1460.94
1451.94
1441.81
1430.52
1418
1404.19
1389.05
1372.51
1354.47
1334.87
1313.59
1290.5
1265.85
1239.52
1211.77
1181.82
1148.94
1109.63
1001.89
740.489
429.972
188.031
1.43476
-0.51383
-0.109026
0.139368
0.146662
-0.0555512
0.0641059
6.31219
34.5599
123.315
288.338
554.193
965.627
1060.3
1488.18
1487.98
1485.43
1482.69
1479.65
1475.84
1470.99
1464.99
1457.82
1449.47
1439.95
1429.23
1417.28
1403.99
1389.26
1373.05
1355.31
1335.89
1314.83
1292.01
1267.29
1241.02
1212.5
1180.97
1140.48
991.132
659.736
237.49
-0.866098
-1.5239
-1.43421
-1.10749
-0.822661
-0.375628
0.0744129
-0.173722
-1.00559
-1.95721
-3.11288
-3.42773
-3.37276
-2.86096
7.49519
121.364
355.925
1479.22
1478.81
1475.96
1473.02
1469.8
1465.72
1460.55
1454.19
1446.59
1437.75
1427.67
1416.35
1403.73
1389.67
1373.96
1356.72
1337.93
1317.34
1295.49
1271.56
1244.85
1215.95
1168.81
990.787
615.969
155.881
-1.71984
-2.05863
-1.83183
-1.79736
-1.64557
-1.3421
-0.990751
1.12672
1.10923
0.526933
-0.193911
-2.31522
-3.75712
-3.80462
-3.78729
-3.70136
-3.66512
-3.62542
-2.99827
1469.96
1469.42
1466.34
1463.14
1459.76
1455.42
1449.92
1443.19
1435.17
1425.79
1415.08
1403.17
1389.99
1375.3
1358.64
1340.73
1321.38
1299.55
1277.05
1252.2
1182.04
961.082
557.76
116.149
-2.34886
-2.4077
-2.23823
-2.22895
-2.13733
-2.02801
-1.89105
-0.197151
1.20743
0.849295
0.310325
-0.32215
-2.3851
-3.97524
-4.10597
-4.07384
-4.01641
-3.96863
-3.96599
-4.0245
-4.04574
1460.44
1459.32
1456.39
1453
1449.52
1444.94
1439.15
1432.12
1423.74
1413.76
1402.38
1390.1
1376.8
1361.96
1344.15
1325.56
1306
1266.77
1143.79
857.142
449.032
61.509
-2.84625
-2.69599
-2.57898
-2.58099
-2.50783
-2.42763
-2.36076
-2.2906
-1.58104
0.874537
0.672471
0.283054
-0.800199
-3.46896
-3.85085
-4.07379
-4.20042
-4.21079
-4.16439
-4.11004
-4.08938
-4.13191
-4.20031
1451.12
1448.72
1446.71
1443.32
1439.55
1434.68
1428.67
1421.54
1413.07
1402.54
1390.25
1377.52
1364.18
1350.28
1308.24
1197.52
979.877
616.898
270.913
-3.42388
-2.89773
-2.84515
-2.878
-2.89036
-2.83193
-2.76619
-2.6979
-2.62363
-2.58726
-2.57939
-0.136709
0.511915
0.290291
-0.286743
-3.29586
-3.7018
-3.87229
-4.06059
-4.20279
-4.22998
-4.21211
-4.18231
-4.17373
-4.20561
-4.26357
1442.77
1440.79
1438.51
1434.48
1429.89
1424.56
1418.18
1410.88
1402.79
1388.17
1347.04
1264.66
1122.29
907.985
586.911
296.771
55.3015
-3.10884
-3.40877
-3.2841
-3.19986
-3.1355
-3.10242
-3.06486
-3.0107
-2.9488
-2.88833
-2.83385
-2.83103
-2.64889
0.286483
0.181969
0.0181596
-2.55911
-3.66044
-3.75725
-3.87836
-4.00597
-4.09068
-4.16345
-4.18647
-4.19357
-4.20893
-4.24504
-4.30163
1440.33
1323.37
1357.02
1362.12
1332.3
1278.49
1203.24
1101.13
967.137
784.305
553.724
341.757
164.078
19.4066
-2.67455
-2.94496
-3.12288
-3.19102
-3.29683
-3.33441
-3.3008
-3.26284
-3.24386
-3.22279
-3.192
-3.15239
-3.1109
-3.07936
-3.09848
-3.20795
-0.692154
-0.0327128
-1.29166
-3.5947
-3.73046
-3.80786
-3.9008
-3.99169
-4.05933
-4.11746
-4.15348
-4.18281
-4.21695
-4.26322
-4.32413
1217.59
383.233
443.395
459.781
391.541
298.701
208.499
124.662
50.2977
-2.64897
-2.6354
-2.86221
-3.06305
-3.04782
-2.97689
-3.02224
-3.12746
-3.21467
-3.29316
-3.35079
-3.37324
-3.38578
-3.40005
-3.40807
-3.40561
-3.39285
-3.37417
-3.36236
-3.38687
-3.47684
-2.95167
-0.974926
-2.89609
-3.73274
-3.78792
-3.86036
-3.937
-4.01103
-4.07495
-4.1184
-4.15571
-4.19211
-4.23381
-4.28549
-4.34893
176.791
-2.47782
-2.83728
-2.86551
-2.8997
-2.93501
-2.97477
-3.01713
-3.03816
-2.92246
-2.85559
-2.90519
-2.99418
-3.02812
-3.02798
-3.05995
-3.13367
-3.21972
-3.30935
-3.39715
-3.47081
-3.53116
-3.58089
-3.61918
-3.64776
-3.66589
-3.67371
-3.67905
-3.69552
-3.7284
-3.63813
-3.67836
-3.57047
-3.74302
-3.84994
-3.91509
-3.98069
-4.04357
-4.09836
-4.14304
-4.18346
-4.22393
-4.26914
-4.32274
-4.38634
-2.93349
-2.9754
-2.89972
-2.88854
-2.90733
-2.9322
-2.95839
-2.9816
-2.98864
-2.95191
-2.92235
-2.93981
-2.9838
-3.01863
-3.04625
-3.08919
-3.15885
-3.25029
-3.35985
-3.48131
-3.59845
-3.69856
-3.77794
-3.84029
-3.89519
-3.94251
-3.97403
-3.99378
-3.99893
-3.9757
-3.93435
-3.85738
-3.67228
-3.7985
-3.9178
-3.97482
-4.03241
-4.08813
-4.13835
-4.18263
-4.22458
-4.26783
-4.31571
-4.3708
-4.43445
-2.92858
-2.889
-2.89812
-2.90682
-2.92257
-2.94107
-2.95899
-2.9733
-2.97792
-2.96869
-2.96225
-2.97467
-3.0029
-3.03559
-3.07219
-3.1218
-3.19463
-3.29683
-3.43268
-3.5939
-3.75187
-3.88094
-3.97566
-4.04896
-4.12933
-3.99906
-3.45965
-3.51622
-3.98195
-4.24314
-4.10408
-3.91907
-3.5878
-3.7991
-3.98975
-4.03973
-4.09048
-4.14052
-4.1875
-4.2316
-4.27495
-4.32039
-4.37043
-4.427
-4.49116
-2.9456
-2.92761
-2.92657
-2.93262
-2.94369
-2.95721
-2.97058
-2.98175
-2.98842
-2.99069
-2.99516
-3.00879
-3.03239
-3.0634
-3.10253
-3.15626
-3.23679
-3.35705
-3.52689
-3.73123
-3.92172
-4.06212
-4.15879
-4.21046
-3.79864
-2.97123
-3.1677
-3.21986
-3.40693
-4.41605
-4.29538
-3.90248
-3.67438
-3.76824
-4.04835
-4.10669
-4.15122
-4.19713
-4.24238
-4.28713
-4.33255
-4.38056
-4.43304
-4.49147
-4.55674
-2.97073
-2.95736
-2.9558
-2.96005
-2.9679
-2.97821
-2.98931
-2.99983
-3.00891
-3.01719
-3.02772
-3.044
-3.06747
-3.09853
-3.13899
-3.19634
-3.28667
-3.42639
-3.6291
-3.87244
-4.073
-4.22419
-4.32357
-3.37346
-3.0021
-3.31249
-3.52768
-3.59272
-3.45106
-4.24864
-4.45399
-3.92982
-3.75421
-3.79688
-4.10962
-4.17116
-4.21171
-4.2557
-4.30112
-4.34786
-4.39641
-4.44794
-4.50376
-4.56495
-4.63226
-2.99435
-2.98328
-2.98395
-2.98798
-2.99441
-3.00335
-3.01376
-3.02478
-3.03614
-3.0484
-3.06316
-3.08245
-3.10754
-3.13969
-3.18118
-3.24181
-3.33974
-3.49257
-3.59362
-3.65956
-4.07555
-4.34381
-4.36061
-2.87619
-3.15998
-3.45414
-3.65919
-3.69004
-3.75247
-4.58378
-4.4744
-3.92838
-3.81709
-3.92538
-4.18808
-4.23106
-4.27079
-4.31548
-4.36329
-4.41375
-4.46682
-4.52309
-4.58343
-4.64863
-4.71938
-3.01739
-3.01083
-3.01253
-3.01665
-3.02275
-3.03148
-3.04218
-3.05431
-3.06787
-3.08328
-3.10153
-3.12392
-3.15141
-3.18544
-3.22828
-3.29162
-3.3913
-3.50927
-3.09341
-3.30049
-4.0355
-4.38389
-4.44064
-2.90675
-3.13609
-3.35432
-3.86626
-4.37827
-4.8713
-4.62511
-4.1834
-3.9414
-3.95578
-4.20995
-4.25324
-4.28637
-4.32884
-4.3772
-4.42978
-4.4858
-4.54489
-4.60729
-4.67354
-4.74418
-4.8197
-3.04035
-3.03792
-3.0408
-3.04555
-3.05216
-3.06144
-3.07304
-3.08664
-3.10237
-3.12063
-3.14207
-3.16763
-3.19803
-3.23463
-3.27968
-3.345
-3.44315
-3.24597
-3.02498
-3.29844
-4.06246
-4.36196
-4.42795
-3.14662
-2.98624
-4.27398
-4.58567
-4.56034
-4.41886
-4.06856
-4.18492
-4.29668
-4.27304
-4.27506
-4.30064
-4.34007
-4.38844
-4.44308
-4.50247
-4.56568
-4.63226
-4.70226
-4.77605
-4.85405
-4.93688
-3.06368
-3.06473
-3.06874
-3.07443
-3.082
-3.09229
-3.10511
-3.12038
-3.13828
-3.15918
-3.18364
-3.21235
-3.24593
-3.28551
-3.3333
-3.39902
-3.4933
-3.25725
-2.99278
-3.23731
-3.88898
-4.22084
-3.89512
-3.00858
-2.7955
-4.12054
-4.34376
-4.02943
-3.87373
-3.76471
-4.28036
-4.31965
-4.30237
-4.31607
-4.35024
-4.39746
-4.45354
-4.51612
-4.58372
-4.65546
-4.73092
-4.81008
-4.89316
-4.98052
-5.07278
-3.08762
-3.09132
-3.09625
-3.103
-3.11171
-3.12318
-3.13739
-3.15436
-3.17435
-3.19771
-3.22496
-3.25666
-3.29337
-3.33602
-3.3865
-3.4513
-3.53956
-3.63384
-3.02068
-3.14374
-3.28681
-3.46723
-3.02911
-3.12974
-3.2679
-3.31326
-3.60565
-3.83978
-3.96494
-4.38894
-4.36942
-4.33802
-4.33766
-4.36323
-4.40694
-4.46291
-4.52761
-4.59896
-4.67571
-4.75718
-4.84301
-4.93313
-5.02766
-5.12678
-5.23082
-3.11198
-3.11764
-3.12312
-3.13089
-3.14075
-3.15342
-3.16901
-3.18761
-3.20954
-3.23512
-3.26483
-3.29918
-3.33872
-3.38416
-3.43692
-3.50088
-3.58228
-3.68279
-3.66015
-3.0737
-3.18709
-3.33857
-3.63316
-3.989
-4.15167
-4.23824
-4.47481
-4.46428
-4.43005
-4.39423
-4.36919
-4.36417
-4.38256
-4.42113
-4.47476
-4.53952
-4.61293
-4.69348
-4.78023
-4.87266
-4.97047
-5.07366
-5.1824
-5.29668
-5.41685
-3.13636
-3.14332
-3.14909
-3.15772
-3.16861
-3.1824
-3.19927
-3.21937
-3.24299
-3.27048
-3.30226
-3.3388
-3.38061
-3.42824
-3.48271
-3.54619
-3.62198
-3.71196
-3.81619
-3.8519
-3.64684
-4.09557
-4.21325
-4.28304
-4.34157
-4.38337
-4.40304
-4.40472
-4.39766
-4.38976
-4.39131
-4.40835
-4.44235
-4.49191
-4.55457
-4.62802
-4.71056
-4.80105
-4.89879
-5.00342
-5.11482
-5.23316
-5.35887
-5.49201
-5.63406
-3.16023
-3.16787
-3.17379
-3.18308
-3.19485
-3.20961
-3.22759
-3.24896
-3.27402
-3.30307
-3.3365
-3.37472
-3.41817
-3.46728
-3.5227
-3.5855
-3.65712
-3.73842
-3.82821
-3.92202
-4.01718
-4.10245
-4.17752
-4.24403
-4.29971
-4.34161
-4.36669
-4.38549
-4.39877
-4.41256
-4.43354
-4.46666
-4.51342
-4.57339
-4.64547
-4.72834
-4.82086
-4.92226
-5.03214
-5.15035
-5.27698
-5.41233
-5.55707
-5.71138
-5.87784
-3.18293
-3.19075
-3.19678
-3.20654
-3.21901
-3.23458
-3.25349
-3.27592
-3.30214
-3.33243
-3.36711
-3.40654
-3.45107
-3.501
-3.55668
-3.61852
-3.68706
-3.76222
-3.84254
-3.92664
-4.00951
-4.0868
-4.158
-4.22215
-4.27791
-4.32369
-4.36037
-4.39167
-4.42026
-4.45065
-4.48762
-4.53483
-4.59374
-4.66447
-4.74669
-4.83984
-4.94333
-5.05682
-5.18018
-5.31352
-5.45714
-5.61135
-5.77688
-5.95381
-6.14347
-3.2038
-3.21143
-3.2176
-3.22768
-3.24071
-3.25693
-3.27661
-3.29991
-3.32706
-3.35832
-3.39393
-3.43418
-3.47932
-3.52953
-3.58495
-3.64567
-3.71169
-3.78257
-3.85716
-3.93391
)
;

boundaryField
{
    leftWall
    {
        type            fixedFluxPressure;
        gradient        uniform 0;
        value           nonuniform List<scalar> 
44
(
1604.71
1603.97
1602.41
1600.25
1597.51
1594.23
1590.45
1586.19
1581.47
1576.33
1570.78
1564.79
1558.44
1551.74
1544.72
1537.4
1529.8
1521.93
1513.83
1505.49
1496.94
1488.18
1479.22
1469.96
1460.44
1451.12
1442.77
1440.33
1217.59
176.791
-2.93349
-2.92858
-2.9456
-2.97073
-2.99435
-3.01739
-3.04035
-3.06368
-3.08762
-3.11198
-3.13636
-3.16023
-3.18293
-3.2038
)
;
    }
    rightWall
    {
        type            fixedFluxPressure;
        gradient        nonuniform 0();
        value           nonuniform 0();
    }
    lowerWall
    {
        type            fixedFluxPressure;
        gradient        uniform 0;
        value           nonuniform List<scalar> 
44
(
1604.71
1606.38
1607.42
1607.06
1604.87
1601.38
1597.29
1592.96
1588.51
1583.95
1579.25
1574.38
1569.32
1564.08
1558.69
1553.22
1547.73
1542.33
1537.14
1532.28
1527.92
1524.23
1521.42
1519.73
1519.41
1520.76
1524.1
1529.79
1538.27
1550.04
1565.94
1586.1
1610.85
1640.52
1675.14
1714.04
1755.25
1794.9
1827.18
1845.41
1851.37
1847.83
1815.54
1799.06
)
;
    }
    atmosphere
    {
        type            totalPressure;
        rho             rho;
        psi             none;
        gamma           1;
        p0              nonuniform 0();
        value           nonuniform 0();
    }
    defaultFaces
    {
        type            empty;
    }
    procBoundary0to1
    {
        type            processor;
        value           nonuniform List<scalar> 
44
(
1845.09
1752.51
1738.43
1815.75
1898.24
1936.29
1926.45
1875.44
1788.81
1673.72
1517.18
1388.79
1321.38
1277.88
1239.4
1205.75
1177.06
1148.49
1121.09
1094.42
1094.42
1073.55
801.661
53.8562
-4.01297
-4.28854
-4.34224
-4.37578
-4.39803
-4.42326
-4.45965
-4.50668
-4.56295
-4.6289
-4.7058
-4.79567
-4.90099
-5.02503
-5.17019
-5.33958
-5.54226
-5.7847
-6.05789
-6.34896
)
;
    }
    procBoundary0to2
    {
        type            processor;
        value           nonuniform List<scalar> 
46
(
-4.00994
-4.08264
-4.15123
-4.21482
-4.27258
-4.3241
-4.37002
-4.41251
-4.45456
-4.49964
-4.55094
-4.61115
-4.68186
-4.76373
-4.85696
-4.96151
-5.0773
-5.20431
-5.34273
-5.49294
-5.65547
-5.83071
-6.01934
-6.22119
-6.43624
-3.22228
-3.22951
-3.23585
-3.24616
-3.2596
-3.27635
-3.29664
-3.32063
-3.34852
-3.38051
-3.4168
-3.45758
-3.503
-3.55315
-3.60802
-3.66754
-3.73145
-3.79921
-3.86984
-4.00994
-3.94207
)
;
    }
}


// ************************************************************************* //
