/*--------------------------------*- C++ -*----------------------------------*\
| =========                 |                                                 |
| \\      /  F ield         | OpenFOAM: The Open Source CFD Toolbox           |
|  \\    /   O peration     | Version:  3.0.1                                 |
|   \\  /    A nd           | Web:      www.OpenFOAM.org                      |
|    \\/     M anipulation  |                                                 |
\*---------------------------------------------------------------------------*/
FoamFile
{
    version     2.0;
    format      ascii;
    class       volScalarField;
    location    "0.05";
    object      p_rgh;
}
// * * * * * * * * * * * * * * * * * * * * * * * * * * * * * * * * * * * * * //

dimensions      [1 -1 -2 0 0 0 0];

internalField   nonuniform List<scalar> 
7700
(
1342.43
1340.23
1335.39
1328.07
1318.27
1305.95
1291.05
1273.5
1253.23
1230.15
1204.13
1175.05
1142.74
1107.02
1067.67
1024.44
977.025
925.099
868.204
805.965
737.85
662.372
580.418
491.331
386.792
264.045
145.708
62.7927
16.699
5.21593
3.18655
2.35955
2.07621
1.98219
1.92617
1.87327
1.82356
1.77808
1.73741
1.70188
1.67151
1.64633
1.62638
1.61158
1.60188
1.5971
1343.4
1341.2
1336.36
1329.05
1319.26
1306.95
1292.06
1274.54
1254.29
1231.22
1205.23
1176.17
1143.89
1108.2
1068.87
1025.65
978.237
926.295
869.344
807.012
738.679
662.688
580.208
490.187
380.394
246.675
117.313
35.1301
7.50938
4.06802
3.05413
2.31585
2.07927
1.99231
1.93058
1.87339
1.82126
1.7747
1.73361
1.69787
1.6674
1.64219
1.62222
1.60742
1.59769
1.59291
1345.35
1343.15
1338.32
1331.02
1321.25
1308.97
1294.11
1276.62
1256.41
1233.39
1207.44
1178.44
1146.21
1110.57
1071.29
1028.1
980.702
928.744
871.713
809.221
740.494
663.675
580.227
488.143
369.592
213.762
60.5218
8.71789
3.9497
3.02043
2.6485
2.30979
2.03884
1.94502
1.90004
1.85165
1.8047
1.76114
1.72183
1.68713
1.65723
1.63228
1.61236
1.59748
1.58763
1.58276
1348.28
1346.08
1341.26
1333.98
1324.25
1312
1297.18
1279.74
1259.59
1236.64
1210.77
1181.84
1149.69
1114.13
1074.93
1031.81
984.461
932.513
875.416
812.76
743.572
665.839
581.343
486.258
357.953
172.667
28.356
5.32988
2.89018
2.21161
1.94432
1.93819
1.92002
1.88209
1.85357
1.81835
1.77946
1.74067
1.70418
1.67109
1.64201
1.61736
1.59738
1.58224
1.57205
1.56693
1352.18
1349.99
1345.19
1337.94
1328.24
1316.04
1301.29
1283.92
1263.85
1240.98
1215.21
1186.39
1154.36
1118.92
1079.84
1036.83
989.577
937.695
880.599
817.86
748.307
669.888
584.743
486.148
347.63
124.83
11.432
3.70249
2.50752
2.03206
1.83169
1.78713
1.81152
1.82508
1.8108
1.78368
1.75081
1.7162
1.68237
1.65082
1.62247
1.59794
1.57764
1.5619
1.551
1.54533
1357.07
1354.88
1350.1
1342.89
1333.25
1321.11
1306.43
1289.15
1269.18
1246.43
1220.79
1192.11
1160.23
1124.95
1086.04
1043.2
996.118
944.393
887.414
824.755
755.074
676.443
591.38
490.169
335.649
89.927
5.72567
2.86643
2.2254
1.9478
1.82835
1.78752
1.78767
1.78822
1.77442
1.75044
1.72104
1.68932
1.65752
1.62713
1.59919
1.57444
1.55339
1.53647
1.52419
1.51735
1362.93
1360.75
1356
1348.84
1339.25
1327.19
1312.61
1295.43
1275.59
1252.98
1227.5
1199
1167.31
1132.25
1093.56
1050.98
1004.15
952.701
896.001
833.646
764.174
685.945
601.781
498.975
323.392
63.1173
4.20734
2.4636
2.06129
1.89877
1.81858
1.78285
1.76983
1.75917
1.74214
1.71876
1.69104
1.66104
1.63051
1.60079
1.57285
1.5474
1.52497
1.50603
1.49123
1.48174
1369.78
1367.61
1362.89
1355.79
1346.27
1334.3
1319.82
1302.78
1283.08
1260.65
1235.36
1207.07
1175.63
1140.83
1102.44
1060.19
1013.73
962.697
906.463
844.674
775.796
698.612
616.137
512.95
309.992
41.7096
3.26552
2.22495
1.96798
1.86445
1.80429
1.7704
1.74993
1.73239
1.71228
1.68832
1.66113
1.63195
1.60206
1.57251
1.54412
1.51746
1.4929
1.47077
1.45165
1.4361
1377.62
1375.45
1370.77
1363.73
1354.3
1342.43
1328.08
1311.18
1291.66
1269.43
1244.37
1216.35
1185.2
1150.73
1112.71
1070.87
1024.9
974.433
918.866
857.91
790.003
714.441
634.274
531.924
295.778
26.0343
2.72014
2.07502
1.90922
1.83598
1.78717
1.75367
1.72856
1.70646
1.68369
1.65869
1.63138
1.60243
1.5727
1.54294
1.51372
1.48538
1.45793
1.43113
1.40493
1.37457
1386.43
1384.28
1379.65
1372.67
1363.33
1351.59
1337.38
1320.66
1301.34
1279.34
1254.54
1226.82
1196.02
1161.94
1124.37
1083.05
1037.69
987.934
933.229
873.358
806.761
733.282
655.831
555.334
274.034
14.997
2.42187
1.98744
1.86731
1.8096
1.76707
1.73349
1.70551
1.68038
1.65554
1.62946
1.60175
1.5727
1.54284
1.51265
1.48241
1.45211
1.42124
1.38827
1.35326
1.28826
0.870207
0.868716
0.865482
0.860712
0.85464
0.847523
0.839618
0.831158
0.822336
0.813311
0.804212
0.795136
0.786162
0.777351
0.768753
0.760404
0.752334
0.744563
0.737108
0.729982
0.723193
0.716748
0.710651
0.704902
0.699503
0.694452
0.68975
0.685395
0.681384
0.677717
0.67439
0.671401
0.668752
0.666439
0.664463
0.66282
0.66151
0.660532
0.659886
0.659566
0.870819
0.869348
0.866087
0.861249
0.855085
0.847869
0.839871
0.831327
0.822432
0.813345
0.804194
0.795078
0.786074
0.777241
0.768626
0.760264
0.752183
0.744404
0.736943
0.729813
0.723022
0.716576
0.710477
0.704727
0.699328
0.694278
0.689576
0.685222
0.681212
0.677545
0.674219
0.671231
0.668583
0.666272
0.664295
0.662653
0.661344
0.660367
0.659721
0.659402
0.872068
0.870648
0.867335
0.862352
0.855995
0.848576
0.840384
0.831667
0.822625
0.813417
0.804168
0.794973
0.785906
0.777024
0.76837
0.759978
0.751875
0.744079
0.736607
0.729468
0.72267
0.716219
0.710118
0.704367
0.698967
0.693918
0.689217
0.684864
0.680857
0.677191
0.673867
0.670882
0.668236
0.665926
0.663951
0.66231
0.661002
0.660027
0.659382
0.659062
0.87393
0.872643
0.869262
0.864046
0.857381
0.84964
0.841147
0.832167
0.822902
0.81351
0.804115
0.794802
0.785641
0.776686
0.767975
0.75954
0.751404
0.743584
0.736093
0.728941
0.722135
0.715678
0.709573
0.70382
0.69842
0.693371
0.688672
0.684322
0.680317
0.676654
0.673333
0.670352
0.667709
0.665402
0.663429
0.661791
0.660485
0.659511
0.658866
0.658547
0.87631
0.87536
0.871917
0.866353
0.859241
0.851048
0.842141
0.832803
0.82324
0.813606
0.804018
0.794551
0.785268
0.776218
0.767434
0.758943
0.750765
0.742914
0.7354
0.728232
0.721414
0.71495
0.70884
0.703085
0.697685
0.692638
0.687941
0.683594
0.679593
0.675935
0.672619
0.669642
0.667002
0.664699
0.66273
0.661095
0.659791
0.658819
0.658175
0.657856
0.879022
0.878872
0.875389
0.869304
0.861568
0.852773
0.843332
0.833542
0.82361
0.813673
0.803854
0.794201
0.784772
0.775608
0.766737
0.75818
0.749952
0.742064
0.734523
0.727336
0.720505
0.714033
0.707918
0.702162
0.696762
0.691717
0.687024
0.682681
0.678685
0.675033
0.671722
0.66875
0.666116
0.663818
0.661854
0.660222
0.658922
0.657952
0.657309
0.656992
0.882151
0.883441
0.879809
0.872928
0.864338
0.854771
0.84467
0.834338
0.823973
0.813707
0.803599
0.79373
0.784135
0.774842
0.765873
0.757241
0.748957
0.741028
0.733458
0.72625
0.719406
0.712924
0.706806
0.701049
0.695651
0.690609
0.685921
0.681584
0.677594
0.673949
0.670644
0.667679
0.665051
0.662759
0.6608
0.659174
0.657877
0.65691
0.65627
0.655953
0.885195
0.889408
0.885243
0.877185
0.867494
0.856974
0.846086
0.835127
0.824269
0.813616
0.803212
0.793109
0.783334
0.773902
0.764826
0.756115
0.747772
0.7398
0.732199
0.72497
0.718112
0.711623
0.705502
0.699745
0.69435
0.689313
0.684631
0.680302
0.67632
0.672682
0.669385
0.666428
0.663808
0.661523
0.659571
0.657949
0.656657
0.655694
0.655056
0.654741
0.881032
0.896319
0.892034
0.88204
0.870931
0.859278
0.847484
0.835832
0.824439
0.813376
0.802657
0.792309
0.782345
0.772769
0.763584
0.754791
0.746387
0.738371
0.73074
0.723491
0.716621
0.710126
0.704004
0.698249
0.692858
0.687828
0.683155
0.678835
0.674862
0.671233
0.667946
0.664998
0.662387
0.66011
0.658165
0.65655
0.655264
0.654304
0.65367
0.653356
0.86254
0.903614
0.901104
0.887663
0.874468
0.861513
0.848739
0.836357
0.824428
0.812933
0.801892
0.791298
0.781144
0.771424
0.762131
0.753256
0.744794
0.736735
0.729075
0.721808
0.714928
0.70843
0.702309
0.696558
0.691175
0.686154
0.681492
0.677182
0.67322
0.669602
0.666326
0.663389
0.660788
0.65852
0.656584
0.654976
0.653696
0.652742
0.65211
0.651797
1396.32
1394.18
1389.6
1382.7
1373.47
1361.86
1347.82
1331.29
1312.2
1290.47
1265.98
1238.61
1208.21
1174.59
1137.56
1096.86
1052.23
1003.34
949.693
891.141
826.149
755.08
680.447
582.993
250.041
8.50768
2.27615
1.93087
1.83353
1.78325
1.74406
1.71024
1.68054
1.65346
1.6271
1.6001
1.57193
1.54266
1.51257
1.4819
1.45067
1.41847
1.38421
1.34378
1.29409
1.16634
1407.37
1405.24
1400.71
1393.91
1384.8
1373.34
1359.49
1343.18
1324.36
1302.93
1278.79
1251.82
1221.88
1188.8
1152.39
1112.42
1068.64
1020.78
968.373
911.356
848.227
779.818
708.008
612.795
223.884
4.71329
2.16712
1.886
1.80292
1.7561
1.71831
1.68427
1.6536
1.62533
1.59794
1.57027
1.54174
1.51229
1.48203
1.451
1.41906
1.38555
1.34908
1.30545
1.25172
1.17199
1419.55
1417.44
1412.98
1406.28
1397.3
1386.01
1372.37
1356.31
1337.78
1316.69
1292.95
1266.44
1237.02
1204.55
1168.83
1129.69
1086.89
1040.19
989.184
933.883
872.827
807.298
738.546
632.365
202.452
3.54725
2.07173
1.84753
1.77296
1.72743
1.69007
1.65596
1.62486
1.59596
1.56802
1.53997
1.51128
1.4818
1.45153
1.42043
1.38828
1.35446
1.31791
1.27671
1.22944
1.17923
1432.9
1430.82
1426.43
1419.83
1411
1399.9
1386.49
1370.71
1352.5
1331.79
1308.48
1282.48
1253.65
1221.85
1186.92
1148.7
1106.98
1061.56
1012.09
958.654
899.834
837.325
771.722
653.2
180.64
3.23576
1.99087
1.80846
1.74054
1.69618
1.65921
1.62535
1.59431
1.5653
1.53721
1.50913
1.48052
1.45122
1.42118
1.39033
1.35849
1.32521
1.28982
1.25159
1.20913
1.16406
1447.45
1445.38
1441.07
1434.6
1425.93
1415.03
1401.87
1386.39
1368.54
1348.24
1325.42
1299.97
1271.78
1240.72
1206.65
1169.43
1128.89
1084.86
1037.05
985.581
929.108
869.685
807.21
672.323
159.249
2.92132
1.90873
1.76428
1.70356
1.66151
1.62554
1.59248
1.56199
1.53332
1.5055
1.47769
1.44943
1.42055
1.39099
1.3607
1.32955
1.29722
1.26325
1.22712
1.18795
1.14625
1463.21
1461.17
1456.95
1450.6
1442.11
1431.43
1418.54
1403.39
1385.93
1366.08
1343.78
1318.93
1291.43
1261.18
1228.04
1191.9
1152.62
1110.06
1063.98
1014.57
960.507
904.168
844.726
689.079
138.789
2.59415
1.82514
1.71412
1.66143
1.62308
1.58903
1.5574
1.52797
1.50007
1.47288
1.44567
1.41801
1.38978
1.36093
1.33144
1.30122
1.27006
1.23764
1.20362
1.16767
1.13029
1480.21
1478.2
1474.07
1467.86
1459.56
1449.12
1436.53
1421.73
1404.68
1385.31
1363.57
1339.37
1312.62
1283.22
1251.07
1216.07
1178.12
1137.1
1092.83
1045.51
993.892
940.593
884.061
702.904
119.507
2.3077
1.74232
1.65893
1.61472
1.58118
1.54993
1.52034
1.49242
1.46566
1.43942
1.41307
1.38626
1.35888
1.33093
1.30242
1.27333
1.24352
1.21278
1.18092
1.14787
1.11399
1498.46
1496.49
1492.46
1486.4
1478.3
1468.12
1455.84
1441.41
1424.8
1405.96
1384.81
1361.29
1335.33
1306.84
1275.73
1241.94
1205.36
1165.94
1123.5
1078.3
1029.13
978.808
925.062
713.685
101.565
2.06928
1.66042
1.59997
1.5647
1.53658
1.50875
1.48164
1.45557
1.43026
1.40522
1.37994
1.35416
1.32782
1.30093
1.27357
1.24573
1.21736
1.18832
1.15852
1.12795
1.09688
1518
1516.06
1512.13
1506.23
1498.34
1488.44
1476.49
1462.46
1446.32
1428.02
1407.5
1384.71
1359.57
1332.03
1302.01
1269.45
1234.3
1196.5
1155.93
1112.85
1066.11
1018.68
967.61
721.698
84.9842
1.85948
1.58096
1.53968
1.5131
1.49033
1.46614
1.44174
1.41772
1.39405
1.37038
1.34635
1.32176
1.29659
1.27089
1.24478
1.21829
1.19141
1.16405
1.13616
1.10779
1.07916
1538.82
1536.92
1533.11
1527.38
1519.71
1510.09
1498.49
1484.88
1469.23
1451.5
1431.64
1409.6
1385.33
1358.77
1329.87
1298.59
1264.88
1228.73
1190.03
1149.07
1104.73
1060.09
1011.6
727.005
69.9834
1.6845
1.50699
1.48073
1.46159
1.44355
1.42285
1.40113
1.37921
1.35725
1.33506
1.31238
1.28908
1.26517
1.24077
1.21598
1.1909
1.16552
1.1398
1.11371
1.08734
1.06086
1560.95
1559.09
1555.39
1549.84
1542.41
1533.08
1521.85
1508.68
1493.54
1476.4
1457.23
1435.97
1412.59
1387.04
1359.29
1329.31
1297.07
1262.58
1225.74
1186.87
1144.87
1102.94
1056.92
729.166
56.7823
1.55128
1.44085
1.42499
1.41159
1.39723
1.37951
1.36023
1.34032
1.32007
1.29939
1.27811
1.25616
1.23359
1.21054
1.18713
1.16347
1.13959
1.11547
1.0911
1.06655
1.04198
1584.39
1582.58
1579
1573.63
1566.44
1557.43
1546.58
1533.86
1519.25
1502.73
1484.26
1463.81
1441.34
1416.82
1390.23
1361.57
1330.81
1297.96
1262.98
1226.15
1186.46
1147.13
1103.49
728.142
45.2756
1.45453
1.38265
1.3737
1.364
1.35204
1.3366
1.31939
1.3013
1.28268
1.26348
1.24361
1.22304
1.20186
1.18018
1.15818
1.13596
1.11357
1.091
1.06825
1.04539
1.02256
1609.15
1607.4
1603.94
1598.76
1591.83
1583.13
1572.67
1560.42
1546.36
1530.47
1512.72
1493.09
1471.55
1448.08
1422.67
1395.32
1366.04
1334.83
1301.67
1266.86
1229.4
1192.56
1151.22
724.455
35.1935
1.38746
1.33395
1.32735
1.31909
1.30828
1.29438
1.2788
1.26231
1.24519
1.22744
1.20896
1.18977
1.16997
1.1497
1.12911
1.10832
1.0874
1.06633
1.04514
1.02387
1.00265
1635.24
1633.54
1630.22
1625.22
1618.55
1610.19
1600.13
1588.36
1574.86
1559.61
1542.6
1523.8
1503.2
1480.79
1456.56
1430.53
1402.71
1373.13
1341.76
1308.9
1273.61
1239.16
1200.02
718.177
26.5853
1.34157
1.29338
1.28513
1.27646
1.2658
1.25282
1.23851
1.2234
1.20769
1.19131
1.1742
1.15638
1.13796
1.11909
1.09991
1.08054
1.06105
1.04144
1.02174
1.00197
0.98227
1662.66
1661.01
1657.82
1653.03
1646.62
1638.6
1628.95
1617.66
1604.73
1590.14
1573.87
1555.92
1536.26
1514.92
1491.87
1467.15
1440.78
1412.79
1383.17
1352.22
1319.03
1286.85
1249.83
709.103
19.6592
1.30765
1.2572
1.24516
1.23513
1.22415
1.21174
1.19847
1.18459
1.17019
1.15513
1.13936
1.12289
1.10584
1.08836
1.07057
1.0526
1.03451
1.01631
0.998028
0.979698
0.961418
1691.4
1689.81
1686.76
1682.16
1676.03
1668.35
1659.12
1648.33
1635.97
1622.04
1606.52
1589.42
1570.72
1550.43
1528.56
1505.14
1480.2
1453.77
1425.86
1396.74
1365.58
1335.57
1300.58
697.484
14.1419
1.27003
1.22042
1.20505
1.19387
1.18267
1.17083
1.15854
1.14584
1.13269
1.11893
1.10446
1.08932
1.07363
1.05751
1.04109
1.0245
1.00777
0.990939
0.974023
0.95706
0.940136
1721.46
1719.93
1717.02
1712.63
1706.77
1699.44
1690.63
1680.34
1668.56
1655.3
1640.54
1624.28
1606.53
1587.29
1566.59
1544.45
1520.91
1496.01
1469.76
1442.42
1413.21
1385.26
1352.21
683.828
9.55405
1.2253
1.1795
1.1628
1.15164
1.14083
1.12982
1.1186
1.1071
1.09519
1.08269
1.06951
1.05569
1.04132
1.02655
1.01148
0.996224
0.980831
0.965329
0.949733
0.934083
0.918453
1752.84
1751.37
1748.59
1744.41
1738.83
1731.85
1723.47
1713.68
1702.49
1689.89
1675.89
1660.47
1643.66
1625.47
1605.92
1585.04
1562.87
1539.46
1514.82
1489.21
1461.87
1435.86
1404.68
668.378
5.78612
1.17112
1.13228
1.11759
1.10799
1.09836
1.08856
1.07858
1.06833
1.05768
1.04644
1.03453
1.022
1.00895
0.99549
0.981742
0.967796
0.953702
0.939488
0.92517
0.910785
0.896397
1785.52
1784.12
1781.48
1777.51
1772.21
1765.58
1757.62
1748.34
1737.73
1725.8
1712.54
1697.97
1682.1
1664.94
1646.52
1626.88
1606.05
1584.09
1561.01
1537.06
1511.52
1487.36
1457.95
650.749
3.25491
1.11225
1.07963
1.07022
1.06325
1.05537
1.04707
1.03847
1.02954
1.02016
1.01017
0.999528
0.988274
0.976509
0.964344
0.951886
0.939219
0.926392
0.913428
0.900348
0.887185
0.873995
1819.49
1818.15
1815.65
1811.89
1806.87
1800.59
1793.07
1784.29
1774.26
1762.99
1750.49
1736.75
1721.8
1705.66
1688.35
1669.92
1650.4
1629.85
1608.28
1585.92
1562.11
1539.71
1512.03
630.9
1.89651
1.04561
1.02675
1.02261
1.01822
1.01222
1.00551
0.998342
0.990747
0.982643
0.97391
0.964515
0.954519
0.944018
0.93312
0.921924
0.910506
0.898913
0.887165
0.875284
0.863303
0.851276
1854.73
1853.47
1851.1
1847.55
1842.81
1836.89
1829.78
1821.51
1812.06
1801.45
1789.68
1776.77
1762.73
1747.59
1731.37
1714.12
1695.88
1676.7
1656.59
1635.77
1613.62
1592.9
1566.91
609.739
1.22695
0.984693
0.978388
0.976388
0.973638
0.969248
0.964051
0.958289
0.952013
0.945171
0.937674
0.929512
0.920753
0.911492
0.901832
0.891868
0.881668
0.871277
0.860714
0.849999
0.839164
0.828263
1891.24
1890.03
1887.81
1884.46
1880
1874.43
1867.75
1859.97
1851.09
1841.13
1830.1
1818
1804.86
1790.7
1775.55
1759.45
1742.45
1724.59
1705.89
1686.55
1666
1646.88
1622.54
587.39
1.16021
0.944176
0.933862
0.931512
0.929634
0.926577
0.922789
0.918382
0.913389
0.90778
0.901496
0.894543
0.886995
0.878946
0.870494
0.861731
0.852719
0.843498
0.83409
0.824512
0.814791
0.804977
1928.98
1927.84
1925.75
1922.61
1918.42
1913.2
1906.94
1899.65
1891.34
1882.02
1871.7
1860.4
1848.14
1834.94
1820.83
1805.86
1790.06
1773.48
1756.15
1738.24
1719.23
1701.62
1678.88
564.001
1.07156
0.902039
0.888206
0.886525
0.885816
0.884153
0.881764
0.878675
0.874926
0.870513
0.865407
0.859631
0.853262
0.846393
0.83912
0.831527
0.823673
0.815593
0.807309
0.798839
0.790208
0.781443
1967.93
1966.86
1964.91
1961.97
1958.05
1953.17
1947.32
1940.52
1932.77
1924.08
1914.47
1903.96
1892.55
1880.29
1867.2
1853.32
1838.69
1823.36
1807.34
1790.8
1773.27
1757.1
1735.9
539.964
0.943001
0.85043
0.83925
0.84065
0.841971
0.841972
0.841027
0.83923
0.83668
0.833413
0.829438
0.824798
0.819572
0.81385
0.807724
0.80127
0.794545
0.787578
0.78039
0.772998
0.765432
0.757691
2008.08
2007.08
2005.26
2002.52
1998.87
1994.33
1988.89
1982.56
1975.36
1967.3
1958.38
1948.64
1938.08
1926.73
1914.63
1901.82
1888.32
1874.19
1859.45
1844.24
1828.12
1813.33
1793.61
515.264
0.828618
0.793886
0.789306
0.794728
0.798466
0.800233
0.800705
0.800135
0.79871
0.796523
0.79362
0.790065
0.785939
0.781328
0.776316
0.770973
0.765348
0.759468
0.753349
0.747009
0.740478
0.733754
2049.41
2048.46
2046.78
2044.24
2040.86
2036.65
2031.62
2025.76
2019.1
2011.65
2003.41
1994.42
1984.68
1974.23
1963.1
1951.32
1938.93
1925.97
1912.45
1898.52
1883.77
1870.29
1852.03
489.845
0.746927
0.738671
0.741703
0.750265
0.756004
0.75928
0.760973
0.761484
0.761072
0.759876
0.757975
0.755446
0.752373
0.748834
0.744904
0.740644
0.736093
0.731277
0.726207
0.720895
0.71537
0.709653
2091.88
2091
2089.45
2087.11
2084
2080.12
2075.48
2070.09
2063.96
2057.11
2049.54
2041.28
2032.35
2022.77
2012.58
2001.81
1990.49
1978.66
1966.33
1953.64
1940.21
1927.97
1911.15
463.691
0.694358
0.69029
0.698394
0.708359
0.715172
0.719403
0.721971
0.723339
0.723791
0.723481
0.722504
0.720943
0.718876
0.716372
0.713493
0.710289
0.706791
0.703018
0.698977
0.694679
0.690142
0.685404
2135.47
2134.67
2133.25
2131.1
2128.25
2124.7
2120.45
2115.52
2109.91
2103.64
2096.73
2089.18
2081.04
2072.32
2063.04
2053.25
2042.97
2032.23
2021.06
2009.56
1997.41
1986.36
1970.97
436.815
0.660473
0.650945
0.659851
0.669368
0.676183
0.680706
0.683732
0.685693
0.686842
0.687311
0.687185
0.686538
0.685434
0.683933
0.682081
0.679913
0.67745
0.674703
0.671676
0.668378
0.664819
0.661028
2180.15
2179.42
2178.13
2176.18
2173.58
2170.35
2166.49
2162
2156.91
2151.21
2144.94
2138.1
2130.72
2122.83
2114.44
2105.6
2096.33
2086.66
2076.61
2066.27
2055.35
2045.45
2031.48
409.345
0.634
0.618279
0.625109
0.632886
0.638836
0.64306
0.646153
0.648452
0.650138
0.651291
0.651958
0.652186
0.65202
0.651501
0.65066
0.649516
0.648078
0.646345
0.64432
0.642007
0.639417
0.636558
2225.88
2225.21
2224.05
2222.29
2219.95
2217.03
2213.54
2209.5
2204.9
2199.77
2194.12
2187.97
2181.34
2174.25
2166.73
2158.81
2150.52
2141.88
2132.91
2123.71
2113.99
2105.22
2092.67
381.415
0.606123
0.588054
0.592486
0.598041
0.602624
0.606139
0.609001
0.611435
0.613532
0.615302
0.616731
0.61782
0.618587
0.619049
0.619218
0.619097
0.61868
0.617959
0.616928
0.615591
0.613956
0.612025
2272.64
2272.01
2270.96
2269.39
2267.29
2264.68
2261.56
2257.94
2253.84
2249.26
2244.21
2238.73
2232.82
2226.52
2219.84
2212.81
2205.47
2197.84
2189.93
2181.84
2173.32
2165.65
2154.53
352.873
0.575976
0.558984
0.560674
0.563951
0.566924
0.569486
0.571934
0.574381
0.576822
0.579184
0.581379
0.583349
0.585073
0.586539
0.587737
0.58865
0.589263
0.589556
0.589519
0.589154
0.588466
0.587457
2320.38
2319.8
2318.86
2317.46
2315.59
2313.28
2310.51
2307.31
2303.68
2299.63
2295.18
2290.34
2285.14
2279.59
2273.73
2267.57
2261.15
2254.49
2247.63
2240.64
2233.29
2226.72
2217.07
323.512
0.545419
0.529646
0.528964
0.529928
0.531125
0.532591
0.534546
0.536975
0.539767
0.542756
0.545768
0.548678
0.551415
0.553935
0.556198
0.558172
0.559833
0.561154
0.562116
0.562722
0.562976
0.562886
2368.94
2368.43
2367.6
2366.36
2364.73
2362.7
2360.28
2357.48
2354.31
2350.78
2346.9
2342.69
2338.17
2333.35
2328.28
2322.96
2317.43
2311.72
2305.89
2299.98
2293.77
2288.31
2280.29
293.675
0.51756
0.500553
0.497066
0.495366
0.494529
0.494809
0.496312
0.498829
0.50209
0.505817
0.509756
0.513709
0.517551
0.521202
0.524591
0.527666
0.530401
0.532772
0.53475
0.536333
0.53753
0.538347
2418.21
2417.78
2417.08
2416.03
2414.63
2412.89
2410.81
2408.4
2405.67
2402.64
2399.31
2395.71
2391.84
2387.74
2383.42
2378.92
2374.25
2369.48
2364.63
2359.79
2354.78
2350.45
2344.16
264.41
0.491693
0.471857
0.464688
0.459566
0.456331
0.455399
0.456613
0.459475
0.463474
0.468166
0.473218
0.47837
0.483451
0.488331
0.492926
0.497177
0.501032
0.504459
0.507454
0.510038
0.512191
0.513852
2468.69
2468.33
2467.78
2466.91
2465.75
2464.3
2462.55
2460.53
2458.24
2455.7
2452.92
2449.91
2446.69
2443.28
2439.71
2436
2432.2
2428.35
2424.49
2420.69
2416.79
2413.48
2408.76
232.871
0.466918
0.442818
0.431168
0.421577
0.415641
0.41359
0.414773
0.418336
0.423447
0.429454
0.435953
0.442557
0.449072
0.455336
0.461238
0.466714
0.471728
0.476256
0.480293
0.483855
0.486935
0.48951
2520.69
2520.28
2519.87
2519.17
2518.21
2517.04
2515.62
2513.98
2512.12
2510.06
2507.8
2505.36
2502.75
2500
2497.13
2494.17
2491.18
2488.19
2485.26
2482.49
2479.67
2477.33
2474.04
195.455
0.445284
0.416142
0.394922
0.379198
0.370519
0.367888
0.369814
0.374808
0.38164
0.389498
0.397849
0.406254
0.414448
0.422261
0.429584
0.436365
0.442583
0.448231
0.453314
0.457825
0.461815
0.465396
2570.93
2570.37
2570.06
2569.51
2568.75
2567.81
2566.68
2565.37
2563.89
2562.24
2560.44
2558.49
2556.4
2554.21
2551.93
2549.6
2547.26
2544.99
2542.83
2540.93
2539.1
2538.23
2536.31
171.692
0.448215
0.391601
0.351215
0.328144
0.317857
0.316302
0.320559
0.328399
0.337871
0.348297
0.359008
0.369551
0.379659
0.389179
0.398032
0.406191
0.41366
0.420455
0.4266
0.432108
0.437016
0.441401
2617.93
2617.54
2617.35
2616.94
2616.39
2615.7
2614.88
2613.93
2612.85
2611.66
2610.35
2608.94
2607.45
2605.88
2604.27
2602.67
2601.09
2599.55
2598.2
2597.16
2596.1
2596.4
2578.63
301.949
0.517704
0.370469
0.29072
0.261858
0.253949
0.256909
0.266203
0.278432
0.29202
0.305939
0.319591
0.332632
0.344879
0.356246
0.366715
0.376302
0.385048
0.392998
0.400199
0.406688
0.41251
0.417712
2664.83
2664.57
2664.24
2663.71
2662.71
2661.45
2659.92
2658.1
2655.8
2653.19
2650.24
2646.81
2642.78
2638.33
2633.5
2628.31
2622.81
2617.11
2611.38
2605.85
2586.19
2528.17
2263.66
580.346
3.82418
0.308944
0.17864
0.167101
0.173516
0.187649
0.205932
0.225303
0.24449
0.262795
0.279935
0.295797
0.310367
0.323683
0.335818
0.346854
0.356879
0.365975
0.374213
0.381656
0.388365
0.394393
1577.78
1576.01
1570.79
1565.4
1557.81
1548.39
1537.13
1523.98
1508.01
1490.25
1470.76
1449.77
1426.9
1400.04
1371.65
1342.21
1311.61
1280
1248.73
1218.25
1117.86
925.08
511.308
421.23
44.898
0.225622
-0.0335175
0.0222375
0.0701788
0.107337
0.140596
0.170047
0.196256
0.219673
0.240667
0.259526
0.276494
0.291782
0.305577
0.318043
0.32932
0.339529
0.348773
0.357135
0.364691
0.371496
24.3663
24.3393
22.6183
21.3585
19.3639
16.9361
14.0704
10.9606
8.741
6.32095
3.72295
0.96644
-0.948321
-0.955823
-0.959655
-0.973572
-0.980753
-0.998369
-1.03883
-1.11906
-1.1952
-1.28573
-1.37538
-1.60677
52.1745
9.01626
-0.39137
-0.170373
-0.0520417
0.0213617
0.0740755
0.115251
0.149093
0.177803
0.202651
0.22444
0.24372
0.260891
0.276264
0.290083
0.302543
0.313803
0.323992
0.333217
0.341567
0.349105
-1.09582
-1.09206
-1.09138
-1.08731
-1.08226
-1.07639
-1.06993
-1.06319
-1.05645
-1.04953
-1.04286
-1.0372
-1.03374
-1.03218
-1.03135
-1.03226
-1.03629
-1.04487
-1.06025
-1.0829
-1.11056
-1.16403
-1.26432
-1.42453
3.5554
7.45717
-0.644776
-0.330229
-0.158077
-0.054979
0.0139608
0.0651335
0.105493
0.138734
0.166904
0.19124
0.212547
0.231384
0.248164
0.263198
0.276727
0.288941
0.299992
0.310003
0.31908
0.327302
-1.04782
-1.04645
-1.04442
-1.04064
-1.03579
-1.03016
-1.02395
-1.01729
-1.01031
-1.00315
-0.996112
-0.989605
-0.984002
-0.979204
-0.974989
-0.971715
-0.969731
-0.969266
-0.970756
-0.972027
-0.969984
-0.976401
-1.0543
-0.767509
0.15889
0.806823
-0.610825
-0.372735
-0.209827
-0.10515
-0.0315456
0.0239637
0.0678613
0.103932
0.134379
0.160578
0.183443
0.20361
0.221546
0.2376
0.252043
0.265083
0.276889
0.287596
0.297319
0.306156
-0.997093
-0.996385
-0.994008
-0.990371
-0.98592
-0.980696
-0.974773
-0.968227
-0.961197
-0.953863
-0.946417
-0.93905
-0.931839
-0.924703
-0.917554
-0.91037
-0.902924
-0.895008
-0.886385
-0.874709
-0.856836
-0.83955
-0.849888
-0.855556
-0.777923
-0.638897
-0.458271
-0.322678
-0.211593
-0.126997
-0.0601939
-0.00657976
0.0373891
0.0742418
0.105687
0.132912
0.156757
0.177841
0.196626
0.213466
0.228635
0.242351
0.254787
0.266086
0.276365
0.285732
-0.950847
-0.9496
-0.947271
-0.944015
-0.939934
-0.934996
-0.929197
-0.922614
-0.915389
-0.907679
-0.899595
-0.891193
-0.882438
-0.873185
-0.863288
-0.852489
-0.8403
-0.82629
-0.809766
-0.788554
-0.761279
-0.73326
-0.710381
-0.671538
-0.587337
-0.470746
-0.36485
-0.277353
-0.200211
-0.133965
-0.0769527
-0.0281978
0.0135879
0.0496252
0.080952
0.10841
0.132664
0.154239
0.173549
0.190921
0.206615
0.220841
0.233771
0.245547
0.256286
0.266091
-0.903856
-0.90233
-0.900144
-0.897228
-0.893345
-0.888447
-0.88255
-0.875729
-0.86811
-0.859825
-0.850929
-0.841395
-0.831115
-0.819918
-0.807603
-0.793836
-0.778113
-0.75992
-0.738471
-0.712449
-0.681408
-0.646854
-0.608405
-0.558474
-0.491361
-0.41075
-0.330071
-0.258663
-0.194827
-0.138335
-0.0882941
-0.0440847
-0.0050721
0.029377
0.0598727
0.0869712
0.111158
0.132846
0.152376
0.170034
0.186051
0.20062
0.213903
0.226036
0.237133
0.247287
-0.857164
-0.8561
-0.85423
-0.851473
-0.847616
-0.842646
-0.836596
-0.829535
-0.821556
-0.812754
-0.803155
-0.792704
-0.781243
-0.768589
-0.754529
-0.738749
-0.72081
-0.700222
-0.676326
-0.648406
-0.616309
-0.58011
-0.538228
-0.487895
-0.429594
-0.36734
-0.305351
-0.246368
-0.191615
-0.141797
-0.096803
-0.0563212
-0.0199653
0.0126669
0.0419745
0.0683389
0.0921118
0.113607
0.133098
0.15082
0.166971
0.181724
0.195222
0.207592
0.218942
0.229357
-0.812277
-0.811665
-0.81005
-0.807284
-0.803334
-0.798249
-0.79206
-0.784802
-0.776544
-0.767337
-0.757188
-0.746032
-0.733716
-0.720054
-0.704835
-0.687797
-0.668577
-0.646749
-0.621828
-0.593376
-0.561204
-0.525123
-0.484448
-0.438538
-0.388228
-0.336022
-0.284261
-0.23436
-0.187147
-0.14319
-0.102691
-0.0656274
-0.0318435
-0.00111236
0.0268219
0.0522214
0.0753396
0.0964124
0.115653
0.133249
0.149369
0.164157
0.177742
0.190235
0.201736
0.212328
-0.769775
-0.769279
-0.767694
-0.764857
-0.760849
-0.755728
-0.749509
-0.742183
-0.733778
-0.724317
-0.713796
-0.702145
-0.689238
-0.674898
-0.658938
-0.641143
-0.621233
-0.598891
-0.573789
-0.545665
-0.514368
-0.479755
-0.441665
-0.400254
-0.356365
-0.311431
-0.266816
-0.223478
-0.182035
-0.142931
-0.106395
-0.0724979
-0.0412041
-0.0124036
0.0140551
0.0383447
0.0606429
0.0811226
0.0999463
0.117263
0.133208
0.147903
0.161458
0.17397
0.185525
0.196208
-0.728272
-0.727672
-0.725963
-0.723081
-0.719115
-0.714075
-0.707949
-0.700704
-0.692321
-0.682791
-0.672096
-0.660176
-0.646928
-0.632206
-0.615861
-0.597721
-0.577589
-0.555256
-0.530529
-0.503257
-0.473369
-0.440861
-0.405827
-0.368609
-0.329879
-0.290542
-0.251487
-0.213347
-0.176577
-0.141536
-0.10845
-0.0774269
-0.048486
-0.0215851
0.00335921
0.0264554
0.047824
0.0675886
0.0858696
0.102782
0.118434
0.132926
0.146348
0.158784
0.170308
0.180995
-0.686559
-0.685763
-0.683919
-0.681051
-0.677188
-0.672298
-0.666336
-0.659261
-0.651024
-0.641592
-0.630932
-0.618993
-0.605689
-0.590916
-0.574562
-0.556501
-0.536607
-0.514763
-0.49087
-0.46487
-0.436767
-0.406643
-0.374687
-0.341248
-0.306836
-0.272052
-0.237489
-0.203625
-0.170783
-0.139241
-0.109203
-0.0807879
-0.0540466
-0.0289777
-0.00554258
0.0163222
0.0366947
0.0556599
0.0733049
0.0897167
0.10498
0.119175
0.132376
0.144653
0.15607
0.166682
-0.644501
-0.643528
-0.641618
-0.638804
-0.635051
-0.630309
-0.624526
-0.617652
-0.60963
-0.600412
-0.589959
-0.57822
-0.565132
-0.550625
-0.534616
-0.517024
-0.497781
-0.476832
-0.454145
-0.429724
-0.403628
-0.375979
-0.346982
-0.316936
-0.286224
-0.255268
-0.224476
-0.194201
-0.164725
-0.136236
-0.108909
-0.082865
-0.0581699
-0.0348473
-0.0128885
0.00773836
0.0270797
0.0451911
0.0621338
0.0779721
0.0927709
0.106593
0.119497
0.13154
0.142779
0.153256
-0.60276
-0.601706
-0.599799
-0.597047
-0.593387
-0.588767
-0.583146
-0.576471
-0.568692
-0.559757
-0.549626
-0.538254
-0.525594
-0.511598
-0.496211
-0.47939
-0.461106
-0.441343
-0.42011
-0.39745
-0.373448
-0.348239
-0.322007
-0.294997
-0.2675
-0.239823
-0.212261
-0.185079
-0.158499
-0.132684
-0.107776
-0.083886
-0.0610866
-0.0394153
-0.0188825
0.000521046
0.0188189
0.0360449
0.0522406
0.0674521
0.0817278
0.0951147
0.107659
0.119406
0.130404
0.140692
-0.562275
-0.561237
-0.559372
-0.556672
-0.553081
-0.54856
-0.543083
-0.536603
-0.529078
-0.520468
-0.51073
-0.499829
-0.487733
-0.474406
-0.459819
-0.443955
-0.426808
-0.408385
-0.38872
-0.367873
-0.345936
-0.323035
-0.299332
-0.275022
-0.25033
-0.225485
-0.200711
-0.176208
-0.152155
-0.128702
-0.105962
-0.0840316
-0.0629847
-0.0428664
-0.0236999
-0.00549113
0.0117675
0.0280941
0.0435151
0.0580622
0.0717699
0.0846727
0.0968053
0.108205
0.118909
0.128957
-0.523787
-0.522813
-0.521001
-0.518355
-0.514832
-0.510415
-0.505079
-0.498799
-0.491542
-0.483276
-0.473969
-0.463596
-0.452131
-0.439552
-0.42585
-0.411022
-0.395072
-0.378025
-0.359925
-0.340836
-0.320846
-0.300067
-0.278636
-0.256712
-0.234468
-0.212084
-0.189732
-0.167571
-0.145746
-0.124384
-0.103592
-0.0834459
-0.0640174
-0.0453559
-0.0274916
-0.0104401
0.00579528
0.0212215
0.0358532
0.0497106
0.0628172
0.0751976
0.0868778
0.0978868
0.108255
0.118017
-0.487611
-0.486705
-0.484954
-0.482375
-0.478942
-0.474651
-0.46948
-0.463422
-0.456454
-0.448553
-0.4397
-0.429878
-0.419066
-0.40726
-0.394458
-0.380664
-0.365894
-0.350179
-0.333567
-0.316118
-0.297912
-0.279046
-0.259636
-0.239812
-0.219712
-0.199475
-0.179241
-0.159141
-0.139292
-0.119802
-0.100764
-0.0822426
-0.0643105
-0.0470142
-0.030387
-0.0144501
0.00078595
0.0153197
0.029157
0.0423093
0.0547917
0.0666211
0.0778167
0.0884008
0.098397
0.107834
-0.453681
-0.452829
-0.451155
-0.448667
-0.445358
-0.441224
-0.436259
-0.430457
-0.423804
-0.416293
-0.407911
-0.398647
-0.388492
-0.377451
-0.365527
-0.352728
-0.339081
-0.324617
-0.309382
-0.293431
-0.276836
-0.259683
-0.242068
-0.224096
-0.205879
-0.187531
-0.169165
-0.150888
-0.132799
-0.114987
-0.0975283
-0.0805087
-0.063967
-0.0479511
-0.032497
-0.0176296
-0.00336464
0.0102905
0.0233356
0.0357754
0.0476186
0.0588767
0.0695631
0.0796947
0.0892895
0.0983659
-0.421761
-0.420956
-0.419366
-0.416994
-0.413839
-0.409895
-0.40517
-0.399658
-0.393352
-0.386254
-0.378355
-0.369653
-0.360151
-0.349857
-0.338774
-0.326922
-0.314329
-0.301026
-0.287054
-0.272466
-0.257325
-0.241706
-0.225688
-0.209359
-0.192811
-0.176138
-0.159432
-0.142784
-0.126278
-0.109988
-0.0939838
-0.0783299
-0.0630764
-0.0482598
-0.0339167
-0.0200738
-0.00674949
0.00604511
0.0183053
0.0300314
0.0412273
0.0518999
0.0620584
0.0717152
0.0808846
0.0895719
-0.391587
-0.390831
-0.389333
-0.387092
-0.384108
-0.380383
-0.375923
-0.370722
-0.364788
-0.358117
-0.350711
-0.342576
-0.333719
-0.324147
-0.313872
-0.302919
-0.291315
-0.279088
-0.266277
-0.252932
-0.23911
-0.224872
-0.210287
-0.195428
-0.180373
-0.165199
-0.149984
-0.134803
-0.119729
-0.104826
-0.0901537
-0.0757653
-0.0617075
-0.048017
-0.0347279
-0.0218662
-0.00945143
0.00250319
0.01399
0.0250058
0.0355511
0.0456291
0.0552459
0.06441
0.0731327
0.0814136
-0.362942
-0.362239
-0.360837
-0.358736
-0.355935
-0.352441
-0.348255
-0.343382
-0.337829
-0.331594
-0.324687
-0.317117
-0.30889
-0.300018
-0.290522
-0.280424
-0.269747
-0.258521
-0.246784
-0.234581
-0.221962
-0.208979
-0.19569
-0.182159
-0.168452
-0.154633
-0.140767
-0.12692
-0.113151
-0.0995176
-0.0860708
-0.0728564
-0.0599156
-0.0472892
-0.0350023
-0.0230806
-0.0115442
-0.000407515
0.0103198
0.0206321
0.0305272
0.0400061
0.0490718
0.0577298
0.0659881
0.0738502
-0.33565
-0.335001
-0.333698
-0.331737
-0.329125
-0.325864
-0.32196
-0.317422
-0.312251
-0.306454
-0.300045
-0.293028
-0.285415
-0.277225
-0.268476
-0.259189
-0.249386
-0.239096
-0.228358
-0.21721
-0.205695
-0.19386
-0.181755
-0.169435
-0.156956
-0.144372
-0.131739
-0.119112
-0.106542
-0.0940791
-0.0817685
-0.0696504
-0.057762
-0.0461383
-0.034804
-0.0237826
-0.0130939
-0.00275268
0.00723036
0.0168481
0.0260966
0.034975
0.0434846
0.0516277
0.0594089
0.0668368
-0.309559
-0.308965
-0.307757
-0.305938
-0.303515
-0.300488
-0.296869
-0.292664
-0.287873
-0.282512
-0.27659
-0.270115
-0.263101
-0.255569
-0.247535
-0.239015
-0.230036
-0.220627
-0.210822
-0.200654
-0.190161
-0.179384
-0.168369
-0.157162
-0.145811
-0.134362
-0.122863
-0.111361
-0.0999004
-0.0885249
-0.0772738
-0.0661835
-0.0552863
-0.0446109
-0.0341862
-0.0240298
-0.0141602
-0.00459211
0.00466283
0.0135965
0.0222039
0.030483
0.0384337
0.0460564
0.0533527
0.0603299
-0.284538
-0.283995
-0.282881
-0.281204
-0.278966
-0.276175
-0.272837
-0.268958
-0.264546
-0.259613
-0.254167
-0.248219
-0.241786
-0.234886
-0.227532
-0.219743
-0.211546
-0.202967
-0.194036
-0.184781
-0.175238
-0.165445
-0.15544
-0.145264
-0.134957
-0.124558
-0.11411
-0.103654
-0.0932275
-0.0828685
-0.0726116
-0.0624891
-0.0525298
-0.0427594
-0.0332015
-0.0238761
-0.0147972
-0.00598011
0.00256334
0.0108245
0.0187978
0.0264803
0.0338709
0.0409691
0.0477747
0.0542907
-0.260473
-0.259975
-0.258954
-0.257414
-0.25536
-0.252801
-0.249739
-0.246182
-0.242143
-0.237625
-0.232641
-0.227206
-0.221335
-0.215039
-0.208334
-0.201243
-0.193789
-0.185994
-0.177884
-0.169486
-0.160833
-0.151959
-0.142897
-0.133681
-0.124346
-0.114927
-0.105461
-0.0959825
-0.0865258
-0.0771223
-0.0678028
-0.0585957
-0.0495272
-0.0406198
-0.0318935
-0.0233667
-0.0150522
-0.00696526
0.000882888
0.00848344
0.0158303
0.02292
0.0297509
0.0363217
0.0426314
0.0486817
-0.237261
-0.236806
-0.235875
-0.234468
-0.232597
-0.230264
-0.227471
-0.224232
-0.220552
-0.216438
-0.211905
-0.206966
-0.201632
-0.195915
-0.189834
-0.183409
-0.17666
-0.169606
-0.162271
-0.154682
-0.146869
-0.138859
-0.130681
-0.122364
-0.11394
-0.105441
-0.0968978
-0.0883406
-0.0797977
-0.0712969
-0.0628653
-0.0545282
-0.0463086
-0.038226
-0.0302976
-0.0225393
-0.0149676
-0.00759156
-0.000423488
0.0065278
0.0132562
0.019758
0.0260311
0.0320736
0.0378839
0.0434641
-0.214818
-0.214405
-0.213559
-0.212286
-0.210591
-0.208475
-0.205947
-0.203014
-0.199682
-0.195961
-0.191865
-0.187403
-0.182584
-0.177424
-0.171942
-0.166153
-0.160074
-0.153723
-0.147125
-0.140304
-0.133285
-0.12609
-0.118745
-0.111276
-0.103712
-0.0960808
-0.0884096
-0.080723
-0.0730453
-0.0654011
-0.0578142
-0.050307
-0.0428993
-0.0356082
-0.028449
-0.0214358
-0.014583
-0.00789955
-0.00139737
0.00491552
0.0110334
0.0169526
0.0226707
0.0281856
0.033495
0.0385994
-0.193069
-0.192693
-0.191932
-0.190788
-0.189262
-0.18736
-0.185088
-0.182452
-0.179458
-0.176119
-0.172442
-0.168436
-0.164114
-0.15949
-0.154581
-0.149399
-0.143959
-0.13828
-0.132385
-0.126294
-0.120027
-0.113605
-0.107049
-0.100384
-0.0936364
-0.0868291
-0.0799847
-0.0731245
-0.0662699
-0.0594423
-0.0526625
-0.04595
-0.0393217
-0.0327926
-0.0263762
-0.0200847
-0.0139301
-0.00792567
-0.0020769
0.00360782
0.00912294
0.0144648
0.019631
0.0246191
0.0294268
0.034052
-0.171939
-0.171601
-0.170924
-0.169903
-0.168543
-0.166848
-0.164823
-0.162474
-0.159809
-0.156836
-0.153562
-0.149996
-0.146154
-0.142046
-0.137685
-0.133083
-0.128255
-0.123221
-0.117998
-0.112603
-0.107052
-0.101364
-0.0955607
-0.0896629
-0.0836924
-0.0776692
-0.0716124
-0.0655407
-0.0594728
-0.0534272
-0.0474218
-0.0414731
-0.0355958
-0.0298033
-0.0241074
-0.018519
-0.0130485
-0.00770585
-0.00249781
0.00256864
0.0074885
0.0122582
0.0168752
0.0213372
0.0256421
0.0297873
-0.151357
-0.15106
-0.150463
-0.149561
-0.148363
-0.146869
-0.145082
-0.143011
-0.140663
-0.138042
-0.135157
-0.132019
-0.12864
-0.125028
-0.121193
-0.117148
-0.11291
-0.108494
-0.103914
-0.0991828
-0.0943168
-0.0893331
-0.08425
-0.0790859
-0.0738585
-0.0685852
-0.0632828
-0.0579676
-0.0526556
-0.0473624
-0.042103
-0.0368916
-0.0317413
-0.0266635
-0.0216687
-0.016766
-0.0119639
-0.00727054
-0.00269286
0.0017641
0.00609535
0.0102975
0.014368
0.0183048
0.0221059
0.0257705
-0.131254
-0.130997
-0.130475
-0.129691
-0.128648
-0.127346
-0.125792
-0.123992
-0.121949
-0.11967
-0.117164
-0.114441
-0.111507
-0.108372
-0.105045
-0.10154
-0.0978712
-0.0940487
-0.0900842
-0.0859909
-0.0817835
-0.0774772
-0.073087
-0.0686277
-0.0641146
-0.0595628
-0.0549873
-0.0504019
-0.0458199
-0.0412539
-0.0367166
-0.0322203
-0.0277765
-0.0233952
-0.0190847
-0.0148526
-0.0107057
-0.0066503
-0.00269329
0.00116156
0.00490969
0.00854804
0.0120744
0.015487
0.018784
0.0219661
-0.111555
-0.111332
-0.110887
-0.110216
-0.109323
-0.108211
-0.106883
-0.105344
-0.103599
-0.101653
-0.0995166
-0.0971937
-0.0946909
-0.0920177
-0.0891854
-0.0862046
-0.0830841
-0.079833
-0.0764625
-0.0729857
-0.0694156
-0.0657643
-0.0620432
-0.0582646
-0.0544419
-0.0505888
-0.0467179
-0.0428404
-0.0389666
-0.035107
-0.0312722
-0.0274729
-0.023719
-0.0200184
-0.0163781
-0.0128036
-0.00930063
-0.00587453
-0.00253073
0.000728525
0.00389817
0.00697581
0.00995989
0.0128491
0.0156418
0.018339
-0.0921742
-0.0919885
-0.0916173
-0.0910579
-0.0903129
-0.0893864
-0.0882798
-0.0869957
-0.0855409
-0.0839221
-0.0821434
-0.0802091
-0.0781268
-0.0759062
-0.073556
-0.0710827
-0.0684929
-0.0657959
-0.0630035
-0.0601274
-0.0571775
-0.0541623
-0.0510906
-0.0479734
-0.0448228
-0.0416504
-0.0384662
-0.0352787
-0.0320957
-0.0289258
-0.0257779
-0.0226612
-0.0195835
-0.0165511
-0.013569
-0.0106417
-0.00777357
-0.00496958
-0.00223566
0.000434142
0.00302859
0.00554751
0.00799038
0.0103564
0.0126445
0.0148543
-0.0730365
-0.0728893
-0.072591
-0.0721414
-0.071543
-0.070797
-0.0699052
-0.0688725
-0.0677043
-0.0664041
-0.0649746
-0.0634213
-0.0617524
-0.0599753
-0.0580947
-0.0561151
-0.0540435
-0.0518897
-0.0496646
-0.0473769
-0.0450328
-0.0426384
-0.0402013
-0.0377314
-0.0352391
-0.0327336
-0.0302221
-0.0277105
-0.0252049
-0.022712
-0.0202394
-0.0177943
-0.0153825
-0.0130087
-0.0106763
-0.00838839
-0.00614817
-0.0039585
-0.00182093
0.000252242
0.0022701
0.00423036
0.00613206
0.00797453
0.00975694
0.011478
-0.0541277
-0.0540206
-0.0537949
-0.0534538
-0.0529975
-0.0524273
-0.0517469
-0.0509607
-0.0500712
-0.0490802
-0.0479916
-0.0468117
-0.0455469
-0.044201
-0.0427771
-0.0412797
-0.0397165
-0.0380965
-0.0364277
-0.0347151
-0.0329628
-0.0311757
-0.0293608
-0.0275266
-0.025681
-0.0238305
-0.0219796
-0.0201324
-0.0182935
-0.0164682
-0.0146622
-0.0128808
-0.0111278
-0.0094062
-0.00771819
-0.00606595
-0.00445174
-0.00287772
-0.00134582
0.000142216
0.00158731
0.00298997
0.00435036
0.00566834
0.00694356
0.00817486
-0.0353227
-0.0352611
-0.035112
-0.0348796
-0.0345643
-0.0341693
-0.0336986
-0.0331546
-0.0325386
-0.0318527
-0.0311017
-0.0302906
-0.029423
-0.0285013
-0.0275283
-0.0265091
-0.0254502
-0.0243582
-0.0232376
-0.0220913
-0.0209225
-0.0197356
-0.0185366
-0.0173314
-0.0161252
-0.0149216
-0.0137236
-0.0125339
-0.0113557
-0.0101929
-0.00904911
-0.00792728
-0.00682956
-0.00575742
-0.00471204
-0.00369454
-0.00270601
-0.00174724
-0.000818497
7.98058e-05
0.000949399
0.00179261
0.00261008
0.0034019
0.00416799
0.00490795
-0.0160364
-0.0160521
-0.0159836
-0.0158628
-0.0156941
-0.0154816
-0.0152279
-0.0149347
-0.0146036
-0.0142371
-0.0138386
-0.0134108
-0.0129559
-0.0124758
-0.0119733
-0.011452
-0.0109159
-0.0103683
-0.00981165
-0.00924822
-0.00868054
-0.00811171
-0.00754509
-0.00698372
-0.00643003
-0.00588586
-0.00535278
-0.00483239
-0.00432642
-0.00383656
-0.00336423
-0.00291041
-0.00247567
-0.00206028
-0.00166438
-0.00128797
-0.000930895
-0.000592647
-0.000272194
3.02257e-05
0.000319213
0.000599704
0.000871755
0.00113531
0.00139041
0.001637
0.902297
0.971985
0.99819
0.964911
1.05644
1.03326
1.01424
0.983987
1.10337
1.05055
1.02019
0.992131
1.10597
1.0595
1.02676
0.997806
1.10107
1.06132
1.02827
0.999024
1.09233
1.05693
1.02526
0.996819
1.08034
1.04849
1.01895
0.991813
1.06647
1.03756
1.01014
0.984471
1.05136
1.02485
0.999382
0.975214
1.03524
1.01077
0.987078
0.96438
1.01826
0.995595
0.973521
0.952229
1.00056
0.979503
0.958916
0.938961
0.982214
0.962618
0.943414
0.924728
0.963267
0.945034
0.927129
0.90965
0.943773
0.926824
0.910147
0.893822
0.92378
0.908048
0.89254
0.877322
0.903329
0.888759
0.874369
0.860215
0.882455
0.869
0.855684
0.842557
0.86119
0.84881
0.836532
0.824399
0.839568
0.828226
0.816952
0.805785
0.817619
0.807282
0.796983
0.786754
0.795371
0.786012
0.77666
0.767346
0.77285
0.764445
0.756017
0.747594
0.750083
0.74261
0.735084
0.727534
0.727101
0.720537
0.713894
0.707197
0.703934
0.698256
0.692476
0.686615
0.680605
0.675796
0.670861
0.665819
0.657137
0.653184
0.649079
0.644841
0.63356
0.630449
0.62716
0.623712
0.609904
0.607622
0.605136
0.602465
0.586201
0.584737
0.583041
0.581132
0.562486
0.561828
0.560909
0.559749
0.538791
0.538928
0.538772
0.538348
0.515147
0.516077
0.516675
0.516975
0.491632
0.493327
0.49466
0.495668
0.468293
0.470713
0.472768
0.474465
0.445115
0.448283
0.451042
0.453411
0.42221
0.426097
0.429536
0.432552
0.399643
0.404218
0.408307
0.411943
0.377463
0.382695
0.387404
0.39163
0.355742
0.36159
0.366882
0.371663
0.334552
0.340967
0.346799
0.352094
0.31396
0.320888
0.32721
0.332974
0.294025
0.301407
0.308166
0.314349
0.274802
0.282575
0.289711
0.296262
0.256337
0.264434
0.271888
0.27875
0.238666
0.247018
0.254728
0.261844
0.221816
0.230353
0.238256
0.245571
0.205801
0.214456
0.222491
0.229947
0.190625
0.199335
0.207442
0.214986
0.176283
0.184989
0.193113
0.200692
0.162764
0.171411
0.179499
0.187064
0.150052
0.158587
0.166592
0.174097
0.138121
0.146499
0.154376
0.161778
0.126943
0.135123
0.142832
0.150092
0.116485
0.124431
0.131936
0.13902
0.106711
0.114392
0.121662
0.128538
0.0975841
0.104973
0.111981
0.118622
0.089068
0.0961419
0.102863
0.109244
0.0811258
0.0878632
0.0942767
0.100377
0.0737184
0.0801023
0.08619
0.0919896
0.0668059
0.072823
0.0785696
0.0840528
0.0603507
0.0659894
0.0713824
0.0765353
0.0543166
0.059567
0.0645953
0.0694059
0.0486671
0.053521
0.0581753
0.0626334
0.0433657
0.0478168
0.0520894
0.0561862
0.0383772
0.0424202
0.0463047
0.0500329
0.0336673
0.0372975
0.0407883
0.0441416
0.029202
0.0324152
0.0355075
0.0384802
0.0249467
0.0277395
0.0304291
0.0330165
0.0208667
0.0232364
0.0255198
0.0277176
0.0169274
0.0188715
0.0207456
0.0225503
0.0130943
0.0146104
0.0160723
0.0174806
0.00933194
0.0104175
0.0114645
0.0124734
0.00560356
0.00625621
0.00688582
0.00749266
0.0018688
0.00208629
0.00229616
0.0024985
0.91248
0.918059
0.910294
0.893443
0.877775
0.863426
0.849695
0.836598
0.824124
0.812221
0.800866
0.79003
0.779693
0.769833
0.760435
0.751483
0.742964
0.734867
0.727182
0.7199
0.713014
0.706515
0.700398
0.694655
0.689283
0.684274
0.679624
0.675328
0.671379
0.667775
0.664512
0.661587
0.658997
0.65674
0.654812
0.653213
0.651941
0.650991
0.650363
0.650052
0.946979
0.928912
0.914859
0.89733
0.880315
0.864762
0.850176
0.836436
0.823455
0.811169
0.799519
0.788458
0.777947
0.767957
0.758462
0.74944
0.740872
0.732742
0.725036
0.717745
0.710856
0.704361
0.698252
0.692521
0.687163
0.68217
0.677536
0.673255
0.669323
0.665734
0.662487
0.659576
0.656999
0.654754
0.652837
0.651247
0.649982
0.649038
0.648414
0.648105
0.961135
0.937162
0.91865
0.899888
0.881857
0.865351
0.850063
0.835755
0.822339
0.809716
0.797805
0.786544
0.775881
0.765777
0.756197
0.747115
0.738507
0.730352
0.722633
0.715338
0.708453
0.701967
0.695871
0.690157
0.684817
0.679843
0.675229
0.670967
0.667054
0.663484
0.660254
0.657359
0.654797
0.652565
0.650661
0.649081
0.647824
0.646887
0.646267
0.645959
0.968323
0.942356
0.920855
0.900938
0.882239
0.865063
0.849212
0.834469
0.820704
0.807805
0.795678
0.78425
0.773461
0.763263
0.753617
0.74449
0.735853
0.727683
0.71996
0.712669
0.705794
0.699324
0.693248
0.687555
0.682238
0.677287
0.672697
0.668459
0.664568
0.661019
0.657809
0.654933
0.652388
0.650171
0.64828
0.646711
0.645463
0.644533
0.643917
0.643613
0.970462
0.944043
0.921239
0.900564
0.881419
0.863807
0.847571
0.832514
0.818491
0.805384
0.793094
0.78154
0.770657
0.760392
0.750701
0.741545
0.732893
0.72472
0.717004
0.709726
0.702871
0.696424
0.690373
0.684708
0.679419
0.674497
0.669934
0.665723
0.661858
0.658334
0.655147
0.652292
0.649766
0.647566
0.64569
0.644134
0.642896
0.641973
0.641363
0.641061
0.96921
0.943053
0.919816
0.898758
0.879382
0.861544
0.845088
0.829839
0.815654
0.802414
0.790018
0.778383
0.767443
0.75714
0.747426
0.738261
0.729613
0.721451
0.713754
0.706501
0.699673
0.693258
0.68724
0.681609
0.676354
0.671465
0.666935
0.662755
0.65892
0.655425
0.652263
0.649432
0.646928
0.644748
0.642888
0.641346
0.640119
0.639204
0.6386
0.638301
0.965251
0.939706
0.916595
0.895524
0.876138
0.858258
0.841734
0.826412
0.812159
0.79886
0.786419
0.774753
0.763794
0.753485
0.743775
0.734624
0.725997
0.717863
0.710199
0.702981
0.696193
0.689817
0.683841
0.678251
0.673036
0.668187
0.663694
0.659551
0.65575
0.652286
0.649154
0.64635
0.64387
0.641711
0.639869
0.638343
0.637128
0.636223
0.635625
0.635329
0.959083
0.934379
0.911731
0.890924
0.871719
0.853956
0.837499
0.822215
0.807984
0.794701
0.782275
0.770627
0.759691
0.749409
0.739732
0.730618
0.722033
0.713944
0.706327
0.699159
0.69242
0.686095
0.680169
0.674628
0.66946
0.664656
0.660207
0.656104
0.652341
0.648913
0.645815
0.643041
0.640588
0.638453
0.636631
0.635122
0.633921
0.633026
0.632434
0.632142
0.951079
0.927356
0.905381
0.885037
0.866172
0.848661
0.832389
0.817242
0.803118
0.789922
0.77757
0.765989
0.755117
0.744897
0.735282
0.726232
0.717709
0.709685
0.702131
0.695025
0.688349
0.682084
0.676217
0.670733
0.66562
0.660868
0.656467
0.652411
0.648691
0.645303
0.642242
0.639502
0.637079
0.634969
0.63317
0.631679
0.630493
0.629609
0.629025
0.628736
0.941525
0.918863
0.89769
0.87795
0.859552
0.842406
0.826419
0.811499
0.797558
0.784514
0.772293
0.760828
0.750061
0.739938
0.730416
0.721454
0.713017
0.705075
0.697601
0.690572
0.683971
0.677778
0.67198
0.666561
0.661511
0.656817
0.652472
0.648467
0.644796
0.641452
0.638431
0.635728
0.633338
0.631257
0.629483
0.628012
0.626842
0.62597
0.625394
0.625109
0.930646
0.909085
0.888794
0.869756
0.851923
0.835232
0.819615
0.804998
0.791309
0.778479
0.766441
0.755138
0.744515
0.734525
0.725125
0.716277
0.707948
0.700107
0.69273
0.685794
0.67928
0.673171
0.667452
0.662108
0.657127
0.6525
0.648216
0.644268
0.640651
0.637356
0.63438
0.631717
0.629362
0.627313
0.625565
0.624117
0.622965
0.622106
0.621538
0.621258
0.918621
0.898175
0.878813
0.860544
0.843347
0.827184
0.812007
0.797759
0.784382
0.77182
0.760015
0.748916
0.738476
0.728652
0.719404
0.710696
0.702496
0.694777
0.687513
0.680685
0.674272
0.668258
0.662628
0.657368
0.652466
0.647912
0.643696
0.639812
0.636253
0.633012
0.630085
0.627465
0.62515
0.623134
0.621416
0.619991
0.618858
0.618013
0.617455
0.617179
0.905596
0.886261
0.867853
0.850396
0.833887
0.818308
0.803628
0.789805
0.776794
0.764547
0.753019
0.742166
0.731944
0.722317
0.713249
0.704705
0.696657
0.689078
0.681946
0.67524
0.668941
0.663034
0.657504
0.652338
0.647523
0.64305
0.63891
0.635095
0.6316
0.628418
0.625543
0.622971
0.620697
0.618718
0.617031
0.615632
0.614519
0.613689
0.613141
0.612869
0.891686
0.873451
0.856006
0.839387
0.823604
0.808653
0.794516
0.781164
0.768563
0.756675
0.745464
0.734891
0.724922
0.715522
0.706659
0.698304
0.690428
0.683009
0.676025
0.669456
0.663286
0.657498
0.652078
0.647015
0.642296
0.637911
0.633853
0.630115
0.626689
0.62357
0.620752
0.618231
0.616002
0.614062
0.612408
0.611037
0.609946
0.609132
0.608594
0.608328
0.876989
0.859833
0.843352
0.827586
0.812556
0.798266
0.784709
0.771866
0.759712
0.74822
0.73736
0.727102
0.717414
0.708269
0.699637
0.691492
0.68381
0.67657
0.66975
0.663333
0.657303
0.651646
0.646348
0.641397
0.636782
0.632494
0.628525
0.624868
0.621517
0.618466
0.61571
0.613243
0.611063
0.609164
0.607546
0.606204
0.605136
0.604339
0.603812
0.603551
0.861583
0.845486
0.829963
0.815059
0.800798
0.787193
0.774243
0.761939
0.750265
0.7392
0.728723
0.718807
0.709429
0.700564
0.692186
0.684273
0.676804
0.669759
0.663119
0.656869
0.650993
0.645478
0.640311
0.635482
0.63098
0.626796
0.622923
0.619355
0.616084
0.613106
0.610415
0.608006
0.605877
0.604023
0.602442
0.601131
0.600088
0.599309
0.598794
0.598539
0.845537
0.830476
0.815903
0.801861
0.78838
0.775476
0.763155
0.751415
0.740247
0.729637
0.719568
0.710021
0.700977
0.692414
0.684312
0.676651
0.669413
0.66258
0.656135
0.650065
0.644355
0.638994
0.633969
0.629271
0.62489
0.620818
0.617047
0.613573
0.610388
0.607487
0.604866
0.602519
0.600444
0.598638
0.597096
0.595818
0.5948
0.594041
0.593538
0.59329
0.82891
0.814863
0.801228
0.788046
0.77535
0.763158
0.751482
0.740325
0.729684
0.719551
0.709913
0.700758
0.692069
0.683829
0.676022
0.668632
0.661641
0.655035
0.6488
0.642923
0.637392
0.632195
0.627322
0.622763
0.618511
0.614558
0.610897
0.607522
0.604428
0.60161
0.599062
0.596781
0.594763
0.593006
0.591507
0.590264
0.589273
0.588534
0.588045
0.587803
0.811754
0.798699
0.785989
0.773662
0.761751
0.750279
0.73926
0.728701
0.718604
0.708966
0.699779
0.691033
0.682718
0.67482
0.667326
0.660222
0.653494
0.647131
0.641119
0.635447
0.630105
0.625083
0.620371
0.615961
0.611845
0.608018
0.604473
0.601203
0.598205
0.595473
0.593003
0.590791
0.588834
0.58713
0.585675
0.584468
0.583506
0.582788
0.582313
0.582078
0.794115
0.782033
0.770232
0.758753
0.747626
0.736876
0.726522
0.716572
0.707033
0.697904
0.689183
0.680865
0.67294
0.6654
0.658233
0.651431
0.644981
0.638872
0.633095
0.627641
0.622499
0.617661
0.613119
0.608865
0.604894
0.601199
0.597776
0.594617
0.591719
0.589078
0.586689
0.58455
0.582657
0.581007
0.579599
0.57843
0.577498
0.576803
0.576343
0.576116
0.776037
0.764907
0.754002
0.74336
0.733014
0.722988
0.713302
0.703969
0.694998
0.686391
0.678149
0.67027
0.66275
0.655581
0.648757
0.642269
0.636108
0.630267
0.624737
0.619509
0.614577
0.609933
0.605569
0.60148
0.59766
0.594104
0.590808
0.587765
0.584972
0.582426
0.580123
0.578059
0.576233
0.57464
0.573281
0.572152
0.571252
0.57058
0.570136
0.569916
0.757558
0.74736
0.737336
0.727523
0.717952
0.708649
0.699634
0.690923
0.682526
0.67445
0.666697
0.65927
0.652165
0.64538
0.638909
0.632747
0.626888
0.621324
0.61605
0.61106
0.606346
0.601903
0.597726
0.593809
0.590147
0.586736
0.583571
0.580649
0.577966
0.575519
0.573304
0.57132
0.569562
0.56803
0.566721
0.565634
0.564767
0.56412
0.563692
0.56348
0.738716
0.729432
0.720275
0.71128
0.702477
0.693893
0.685549
0.677462
0.669645
0.662106
0.654851
0.647883
0.641204
0.634812
0.628704
0.622878
0.617329
0.612053
0.607044
0.602299
0.597812
0.593579
0.589595
0.585856
0.582358
0.579097
0.57607
0.573274
0.570704
0.568359
0.566237
0.564334
0.562648
0.561178
0.559921
0.558877
0.558045
0.557423
0.557012
0.556809
0.719545
0.711158
0.702853
0.694664
0.686622
0.678753
0.671078
0.663617
0.656381
0.649384
0.642632
0.636131
0.629884
0.623893
0.618157
0.612675
0.607445
0.602463
0.597728
0.593235
0.588983
0.584966
0.581181
0.577626
0.574298
0.571193
0.568308
0.565641
0.563189
0.56095
0.558923
0.557104
0.555492
0.554086
0.552884
0.551885
0.551088
0.550493
0.550099
0.549905
0.700079
0.692572
0.685105
0.677712
0.670422
0.663261
0.656253
0.649415
0.642763
0.636309
0.630063
0.624034
0.618226
0.612642
0.607284
0.602152
0.597247
0.592568
0.588112
0.583879
0.579866
0.576072
0.572493
0.569127
0.565973
0.563027
0.560289
0.557755
0.555425
0.553295
0.551366
0.549634
0.548098
0.546758
0.545611
0.544658
0.543898
0.54333
0.542955
0.54277
0.680352
0.673708
0.667065
0.660456
0.653909
0.64745
0.641103
0.634885
0.628815
0.622906
0.617169
0.611614
0.606248
0.601075
0.5961
0.591325
0.586751
0.582379
0.578209
0.57424
0.570473
0.566905
0.563536
0.560364
0.557388
0.554607
0.552018
0.549621
0.547415
0.545398
0.543569
0.541926
0.540469
0.539196
0.538106
0.537201
0.536478
0.535939
0.535582
0.535405
0.660394
0.654598
0.648766
0.642929
0.637115
0.63135
0.625657
0.620057
0.614566
0.6092
0.603972
0.598892
0.59397
0.589213
0.584624
0.580208
0.57597
0.571909
0.568029
0.56433
0.560812
0.557475
0.55432
0.551345
0.548551
0.545937
0.543502
0.541245
0.539166
0.537264
0.535537
0.533986
0.532608
0.531404
0.530373
0.529516
0.528832
0.528321
0.527983
0.527816
0.640238
0.635276
0.630241
0.625163
0.620072
0.614992
0.609947
0.604957
0.600041
0.595216
0.590496
0.585892
0.581415
0.577073
0.572872
0.56882
0.564919
0.561173
0.557586
0.554159
0.550894
0.547791
0.544853
0.542078
0.539469
0.537025
0.534746
0.532631
0.530682
0.528897
0.527275
0.525816
0.52452
0.523386
0.522415
0.521607
0.520962
0.520481
0.520162
0.520004
0.619918
0.615773
0.611521
0.607191
0.602811
0.598406
0.594
0.589615
0.585269
0.580981
0.576765
0.572635
0.568602
0.564676
0.560864
0.557175
0.553614
0.550185
0.546893
0.543741
0.54073
0.537864
0.535144
0.532573
0.53015
0.527878
0.525757
0.523788
0.521969
0.520303
0.518787
0.517423
0.516209
0.515147
0.514237
0.513479
0.512874
0.512422
0.512123
0.511975
0.599464
0.596123
0.59264
0.589044
0.585363
0.581622
0.577847
0.574058
0.570276
0.566519
0.562804
0.559144
0.555553
0.552041
0.548619
0.545293
0.542071
0.53896
0.535964
0.533087
0.530332
0.527704
0.525205
0.522838
0.520604
0.518506
0.516544
0.514721
0.513035
0.511488
0.51008
0.508811
0.507681
0.506692
0.505843
0.505136
0.504572
0.50415
0.50387
0.503732
0.578911
0.576359
0.573631
0.570755
0.567761
0.564673
0.561517
0.558315
0.555089
0.551858
0.548637
0.545444
0.542291
0.53919
0.536154
0.53319
0.530307
0.527513
0.524812
0.522211
0.519714
0.517324
0.515046
0.512884
0.51084
0.508916
0.507115
0.505438
0.503886
0.502459
0.501159
0.499987
0.498942
0.498026
0.49724
0.496584
0.49606
0.495668
0.495409
0.495281
0.558292
0.556513
0.554525
0.552356
0.550035
0.547589
0.545041
0.542417
0.539737
0.537022
0.53429
0.531556
0.528837
0.526144
0.523489
0.520884
0.518338
0.515858
0.513453
0.511127
0.508886
0.506736
0.50468
0.502722
0.500867
0.499118
0.497478
0.495948
0.49453
0.493224
0.492033
0.490957
0.489998
0.489156
0.488432
0.487828
0.487345
0.486984
0.486744
0.486626
0.537642
0.536622
0.535357
0.533879
0.532217
0.5304
0.52845
0.526391
0.524247
0.522038
0.519785
0.517505
0.515213
0.512923
0.510646
0.508397
0.506183
0.504014
0.5019
0.499847
0.497863
0.495952
0.494118
0.492365
0.490698
0.489122
0.487641
0.486258
0.484974
0.48379
0.482708
0.48173
0.480856
0.480088
0.479427
0.478875
0.478434
0.478104
0.477885
0.477778
0.517005
0.516726
0.51617
0.515367
0.514347
0.513137
0.511766
0.51026
0.508643
0.506933
0.505151
0.503314
0.50144
0.499543
0.497639
0.49574
0.493857
0.492
0.490176
0.488393
0.486657
0.484978
0.483361
0.481813
0.480338
0.478939
0.477619
0.476381
0.475229
0.474164
0.47319
0.472308
0.471519
0.470825
0.470226
0.469725
0.469324
0.469023
0.468823
0.468724
0.496414
0.496856
0.496987
0.496841
0.496447
0.495835
0.495031
0.494064
0.492957
0.491732
0.49041
0.489008
0.487545
0.486036
0.484497
0.482941
0.48138
0.479824
0.478285
0.476769
0.475285
0.47384
0.472441
0.471093
0.469804
0.468576
0.467413
0.46632
0.4653
0.464355
0.463488
0.462703
0.461999
0.461379
0.460844
0.460397
0.460037
0.459768
0.459588
0.459498
0.475908
0.477052
0.477853
0.478344
0.478558
0.478525
0.478273
0.477829
0.477219
0.476465
0.475589
0.47461
0.473548
0.472418
0.471236
0.470016
0.468771
0.467513
0.466252
0.464998
0.463759
0.462544
0.461359
0.460211
0.459105
0.458046
0.457039
0.456089
0.455199
0.454373
0.453613
0.452922
0.452303
0.451756
0.451284
0.450888
0.45057
0.450332
0.450173
0.450094
0.455529
0.457355
0.458805
0.459912
0.460714
0.46124
0.461521
0.461584
0.461455
0.461157
0.460715
0.460147
0.459473
0.458711
0.457877
0.456985
0.456048
0.455081
0.454093
0.453095
0.452097
0.451107
0.450131
0.449178
0.448252
0.447361
0.446507
0.445698
0.444937
0.444227
0.443573
0.442976
0.442439
0.441965
0.441555
0.44121
0.440933
0.440724
0.440586
0.440517
0.435328
0.43781
0.439885
0.441582
0.44295
0.444014
0.444807
0.445357
0.445692
0.445835
0.445811
0.44564
0.445343
0.444937
0.44444
0.443866
0.443231
0.442546
0.441825
0.441077
0.440313
0.439542
0.438771
0.438008
0.437259
0.436531
0.435828
0.435158
0.434523
0.433928
0.433377
0.432872
0.432417
0.432014
0.431664
0.43137
0.431133
0.430954
0.430835
0.430777
0.415346
0.418455
0.421125
0.423394
0.425302
0.426882
0.428162
0.429181
0.42996
0.430526
0.430904
0.431115
0.43118
0.431119
0.430947
0.430681
0.430337
0.429927
0.429463
0.428958
0.428422
0.427863
0.427291
0.426713
0.426137
0.425568
0.425014
0.424479
0.423967
0.423485
0.423035
0.42262
0.422245
0.421911
0.42162
0.421375
0.421178
0.421028
0.420929
0.42088
0.395628
0.399333
0.40257
0.405379
0.407801
0.409871
0.411621
0.413085
0.414288
0.415257
0.41602
0.416597
0.41701
0.417278
0.417419
0.41745
0.417385
0.417239
0.417025
0.416754
0.416438
0.416085
0.415706
0.415308
0.414899
0.414486
0.414075
0.413671
0.413281
0.412907
0.412555
0.412229
0.411931
0.411665
0.411432
0.411235
0.411076
0.410955
0.410875
0.410835
0.376221
0.380487
0.384258
0.387577
0.390484
0.393018
0.395211
0.397096
0.398701
0.400056
0.401184
0.40211
0.402853
0.403436
0.403876
0.40419
0.404394
0.404501
0.404526
0.40448
0.404376
0.404222
0.404029
0.403805
0.403558
0.403295
0.403023
0.402747
0.402473
0.402205
0.401949
0.401708
0.401485
0.401285
0.401108
0.400958
0.400836
0.400743
0.400681
0.40065
0.357172
0.36196
0.366229
0.370024
0.373386
0.376353
0.378962
0.381243
0.383229
0.384946
0.38642
0.387675
0.388733
0.389615
0.390338
0.390921
0.39138
0.391729
0.391982
0.392153
0.392251
0.392289
0.392274
0.392218
0.392126
0.392008
0.391869
0.391716
0.391554
0.391388
0.391224
0.391066
0.390917
0.39078
0.390657
0.390552
0.390466
0.3904
0.390356
0.390333
0.338527
0.343795
0.348522
0.352756
0.356539
0.35991
0.362905
0.365557
0.367897
0.369953
0.371751
0.373316
0.374669
0.375832
0.376824
0.377662
0.378362
0.378941
0.379411
0.379787
0.380079
0.380298
0.380455
0.380558
0.380616
0.380635
0.380624
0.380588
0.380534
0.380467
0.380392
0.380313
0.380234
0.380158
0.380088
0.380026
0.379974
0.379934
0.379907
0.379893
0.32033
0.32603
0.331174
0.335808
0.339976
0.343717
0.347068
0.350062
0.35273
0.355101
0.357201
0.359054
0.360683
0.362109
0.363352
0.364429
0.365358
0.366153
0.366829
0.367399
0.367875
0.368265
0.368584
0.368839
0.369038
0.369187
0.369298
0.369375
0.369425
0.369452
0.369462
0.369459
0.369448
0.36943
0.36941
0.369389
0.36937
0.369355
0.369344
0.369338
0.302619
0.308703
0.314219
0.319212
0.323728
0.327804
0.331478
0.334784
0.337753
0.340413
0.34279
0.34491
0.346795
0.348465
0.349942
0.351242
0.352383
0.353381
0.354249
0.355002
0.35565
0.356203
0.356674
0.357072
0.357407
0.357675
0.357903
0.358088
0.358236
0.358354
0.358444
0.358514
0.358566
0.358604
0.358631
0.35865
0.358662
0.35867
0.358675
0.358677
0.28543
0.291847
0.297687
0.302998
0.307821
0.312196
0.316161
0.319748
0.322988
0.32591
0.32854
0.330904
0.333023
0.334919
0.336611
0.338117
0.339456
0.340641
0.341688
0.34261
0.343418
0.344123
0.344737
0.345268
0.345726
0.346117
0.346453
0.346738
0.346979
0.347183
0.347347
0.347486
0.347599
0.347689
0.347761
0.347817
0.347859
0.347889
0.347909
0.347918
0.268793
0.27549
0.281608
0.28719
0.292281
0.296918
0.301138
0.304974
0.308456
0.311613
0.314471
0.317055
0.319386
0.321487
0.323376
0.325071
0.32659
0.327948
0.329159
0.330237
0.331193
0.332039
0.332784
0.33344
0.334015
0.334517
0.334955
0.335334
0.335662
0.335944
0.336183
0.336385
0.336554
0.336694
0.336808
0.336899
0.336969
0.33702
0.337053
0.33707
0.252732
0.259657
0.266003
0.271813
0.27713
0.281991
0.286431
0.290483
0.294177
0.297541
0.300601
0.303381
0.305902
0.308186
0.310252
0.312118
0.3138
0.315315
0.316675
0.317896
0.318987
0.319962
0.320829
0.3216
0.322284
0.322887
0.32342
0.323887
0.324296
0.324651
0.324957
0.325219
0.325441
0.325627
0.325781
0.325904
0.326
0.326071
0.326117
0.326141
0.237267
0.244367
0.250891
0.256885
0.262386
0.267433
0.272058
0.276294
0.280169
0.283711
0.286946
0.289897
0.292585
0.295031
0.297254
0.299271
0.301099
0.302754
0.30425
0.305598
0.306813
0.307905
0.308884
0.30976
0.310542
0.311239
0.311858
0.312406
0.312889
0.313312
0.31368
0.313997
0.314268
0.314497
0.314687
0.314841
0.314961
0.31505
0.315108
0.315138
0.222411
0.229632
0.236289
0.242421
0.248066
0.253259
0.258034
0.26242
0.266446
0.270137
0.27352
0.276617
0.279448
0.282034
0.284394
0.286544
0.2885
0.290279
0.291894
0.293358
0.294682
0.295879
0.296958
0.297929
0.298801
0.299582
0.30028
0.300901
0.301451
0.301935
0.302359
0.302726
0.303042
0.303311
0.303534
0.303716
0.303859
0.303964
0.304033
0.304068
0.20817
0.215464
0.222205
0.228431
0.23418
0.239483
0.244371
0.248874
0.253019
0.256832
0.260336
0.263553
0.266504
0.269208
0.271684
0.273947
0.276015
0.277901
0.27962
0.281184
0.282605
0.283895
0.285062
0.286118
0.287069
0.287925
0.288693
0.289378
0.289989
0.290528
0.291003
0.291416
0.291773
0.292077
0.292331
0.292538
0.292701
0.292821
0.2929
0.29294
0.194546
0.201864
0.208645
0.214924
0.220735
0.22611
0.231078
0.235666
0.2399
0.243805
0.247403
0.250716
0.253763
0.256564
0.259135
0.261493
0.263653
0.26563
0.267438
0.269088
0.270592
0.271962
0.273206
0.274334
0.275355
0.276276
0.277105
0.277848
0.278512
0.2791
0.27962
0.280074
0.280467
0.280802
0.281084
0.281313
0.281494
0.281628
0.281715
0.281759
0.181537
0.188832
0.195609
0.2019
0.207737
0.213148
0.218161
0.222802
0.227095
0.231064
0.23473
0.238114
0.241235
0.24411
0.246756
0.249189
0.251425
0.253476
0.255356
0.257077
0.258651
0.260087
0.261396
0.262586
0.263666
0.264643
0.265525
0.266318
0.267027
0.267658
0.268217
0.268706
0.269131
0.269494
0.269799
0.270049
0.270245
0.27039
0.270485
0.270532
0.169134
0.176363
0.183096
0.18936
0.195184
0.200596
0.205622
0.210285
0.214609
0.218615
0.222324
0.225754
0.228925
0.231853
0.234555
0.237044
0.239337
0.241445
0.243382
0.24516
0.246789
0.248279
0.249641
0.250882
0.25201
0.253034
0.25396
0.254794
0.255542
0.256209
0.2568
0.25732
0.257771
0.258158
0.258483
0.258749
0.258959
0.259114
0.259216
0.259266
0.157323
0.164448
0.171096
0.177297
0.183075
0.188455
0.193463
0.198118
0.202445
0.206461
0.210187
0.213641
0.21684
0.2198
0.222536
0.225063
0.227395
0.229544
0.231522
0.233341
0.235012
0.236544
0.237946
0.239226
0.240393
0.241454
0.242415
0.243283
0.244063
0.244759
0.245377
0.245921
0.246394
0.2468
0.247142
0.247422
0.247643
0.247806
0.247913
0.247966
0.14609
0.153072
0.159602
0.165705
0.171403
0.176721
0.18168
0.1863
0.190602
0.194603
0.198322
0.201776
0.204981
0.207952
0.210703
0.213249
0.215603
0.217776
0.21978
0.221626
0.223325
0.224885
0.226316
0.227626
0.228821
0.22991
0.230898
0.231791
0.232594
0.233313
0.233952
0.234515
0.235005
0.235426
0.235781
0.236072
0.236301
0.236471
0.236583
0.236638
0.135415
0.14222
0.148599
0.154572
0.160162
0.165387
0.17027
0.174827
0.179078
0.183039
0.186728
0.190159
0.193349
0.196311
0.199059
0.201606
0.203964
0.206145
0.20816
0.210019
0.211732
0.213309
0.214757
0.216084
0.217298
0.218405
0.219411
0.220321
0.221141
0.221876
0.222529
0.223106
0.223608
0.22404
0.224404
0.224703
0.224939
0.225114
0.225229
0.225286
0.125276
0.131875
0.138072
0.143887
0.149338
0.154444
0.159223
0.163692
0.167868
0.171766
0.175401
0.178789
0.181943
0.184876
0.187602
0.190132
0.192479
0.194652
0.196663
0.198522
0.200237
0.201817
0.203271
0.204606
0.205828
0.206943
0.207958
0.208878
0.209708
0.210451
0.211113
0.211697
0.212207
0.212646
0.213016
0.213321
0.213561
0.213739
0.213857
0.213915
0.115649
0.122014
0.128003
0.133632
0.138919
0.14388
0.148531
0.152888
0.156965
0.160777
0.164338
0.167661
0.17076
0.173646
0.176332
0.178829
0.181148
0.183299
0.185291
0.187136
0.18884
0.190412
0.191861
0.193192
0.194412
0.195527
0.196543
0.197464
0.198296
0.199042
0.199706
0.200293
0.200806
0.201248
0.201621
0.201928
0.20217
0.20235
0.202469
0.202528
0.10651
0.112616
0.118371
0.123791
0.12889
0.133682
0.138182
0.142403
0.14636
0.150066
0.153532
0.156771
0.159796
0.162617
0.165246
0.167694
0.169969
0.172083
0.174044
0.175861
0.177542
0.179094
0.180526
0.181844
0.183052
0.184158
0.185166
0.186081
0.186908
0.18765
0.188311
0.188896
0.189408
0.189848
0.190221
0.190527
0.19077
0.19095
0.191069
0.191127
0.0978306
0.103656
0.109156
0.114344
0.119232
0.123833
0.128161
0.132227
0.136043
0.139622
0.142974
0.146111
0.149045
0.151784
0.15434
0.156723
0.15894
0.161003
0.162918
0.164695
0.166341
0.167863
0.169267
0.170561
0.171748
0.172836
0.173828
0.17473
0.175544
0.176277
0.17693
0.177508
0.178013
0.178449
0.178818
0.179121
0.179362
0.17954
0.179658
0.179716
0.0895835
0.0951083
0.100333
0.105269
0.109927
0.114317
0.118453
0.122344
0.126001
0.129435
0.132656
0.135674
0.138499
0.14114
0.143608
0.14591
0.148056
0.150054
0.151911
0.153636
0.155234
0.156714
0.158082
0.159341
0.160499
0.161561
0.162529
0.16341
0.164207
0.164923
0.165563
0.166129
0.166624
0.167051
0.167413
0.167711
0.167947
0.168123
0.168239
0.168296
0.0817402
0.0869474
0.0918792
0.0965448
0.100954
0.105116
0.109042
0.11274
0.11622
0.119492
0.122565
0.125447
0.128149
0.130677
0.133042
0.13525
0.13731
0.13923
0.141017
0.142678
0.144219
0.145647
0.146967
0.148184
0.149303
0.15033
0.151268
0.152121
0.152894
0.153589
0.154209
0.154759
0.15524
0.155655
0.156007
0.156297
0.156527
0.156698
0.156811
0.156867
0.0742713
0.0791458
0.0837689
0.0881485
0.0922927
0.0962101
0.0999091
0.103398
0.106686
0.10978
0.112689
0.115421
0.117984
0.120385
0.122633
0.124734
0.126696
0.128526
0.130231
0.131817
0.13329
0.134655
0.135918
0.137084
0.138157
0.139142
0.140042
0.140861
0.141603
0.142271
0.142869
0.143398
0.143861
0.144261
0.1446
0.14488
0.145101
0.145266
0.145376
0.145429
0.0671476
0.0716762
0.0759767
0.0800559
0.0839206
0.0875782
0.0910359
0.0943011
0.097381
0.100283
0.103014
0.105581
0.107991
0.110252
0.11237
0.114352
0.116204
0.117933
0.119545
0.121046
0.122441
0.123734
0.124932
0.126038
0.127057
0.127992
0.128847
0.129627
0.130333
0.130969
0.131538
0.132042
0.132484
0.132866
0.13319
0.133457
0.133669
0.133826
0.133931
0.133982
0.0603392
0.0645103
0.0684761
0.072242
0.0758141
0.0791985
0.0824013
0.085429
0.0882877
0.0909837
0.0935234
0.0959128
0.0981584
0.100266
0.102242
0.104093
0.105825
0.107442
0.108951
0.110357
0.111664
0.112877
0.114001
0.115039
0.115996
0.116875
0.11768
0.118414
0.119079
0.119678
0.120215
0.12069
0.121108
0.121468
0.121774
0.122026
0.122226
0.122376
0.122474
0.122523
0.0538159
0.0576195
0.0612397
0.0646812
0.0679489
0.0710479
0.0739836
0.0767614
0.0793865
0.0818644
0.0842006
0.0864005
0.0884694
0.0904131
0.0922368
0.093946
0.095546
0.0970417
0.0984381
0.0997395
0.100951
0.102075
0.103117
0.104081
0.10497
0.105787
0.106535
0.107217
0.107836
0.108394
0.108894
0.109338
0.109727
0.110063
0.110349
0.110585
0.110772
0.110911
0.111004
0.111049
0.047547
0.0509743
0.0542396
0.0573465
0.0602993
0.0631023
0.0657598
0.0682765
0.0706568
0.0729055
0.0750272
0.0770266
0.0789085
0.0806776
0.0823387
0.0838966
0.0853558
0.0867207
0.0879956
0.0891845
0.0902914
0.0913198
0.0922734
0.0931556
0.0939695
0.094718
0.095404
0.09603
0.0965983
0.0971112
0.0975707
0.0979788
0.098337
0.0986471
0.0989101
0.0991274
0.0992998
0.0994283
0.0995133
0.0995551
0.0415015
0.0445449
0.0474468
0.0502104
0.0528391
0.0553363
0.0577058
0.0599514
0.062077
0.0640865
0.0659838
0.0677729
0.0694581
0.0710433
0.0725327
0.0739302
0.0752399
0.0764656
0.077611
0.0786797
0.0796751
0.0806004
0.0814589
0.0822534
0.0829868
0.0836617
0.0842805
0.0848455
0.0853588
0.0858223
0.086238
0.0866074
0.0869319
0.0872129
0.0874513
0.0876483
0.0878045
0.0879209
0.087998
0.0880356
0.035648
0.0383007
0.040832
0.0432445
0.0455408
0.0477238
0.0497966
0.0517623
0.0536241
0.0553854
0.0570494
0.0586196
0.0600994
0.0614922
0.0628015
0.0640307
0.0651831
0.066262
0.0672707
0.0682122
0.0690895
0.0699055
0.0706629
0.0713643
0.0720119
0.0726082
0.0731552
0.0736549
0.0741092
0.0745198
0.0748883
0.075216
0.0755041
0.0757535
0.0759653
0.0761402
0.0762789
0.0763822
0.0764505
0.0764837
0.0299543
0.0322105
0.0343648
0.0364193
0.0383761
0.0402374
0.0420058
0.0436838
0.045274
0.0467792
0.0482021
0.0495456
0.0508123
0.0520052
0.0531269
0.0541805
0.0551686
0.056094
0.0569595
0.0577677
0.0585212
0.0592224
0.0598734
0.0604766
0.0610338
0.061547
0.062018
0.0624485
0.0628402
0.0631945
0.0635127
0.0637958
0.0640449
0.0642606
0.0644438
0.064595
0.0647149
0.0648041
0.0648631
0.0648915
0.0243878
0.0262424
0.0280142
0.0297047
0.0313157
0.0328488
0.0343061
0.0356895
0.0370013
0.0382436
0.0394185
0.0405284
0.0415753
0.0425615
0.0434893
0.0443608
0.0451785
0.0459446
0.0466614
0.047331
0.0479555
0.048537
0.0490771
0.0495776
0.0500401
0.0504663
0.0508576
0.0512154
0.0515412
0.0518362
0.0521012
0.0523372
0.0525448
0.0527247
0.0528774
0.0530035
0.0531034
0.0531777
0.0532268
0.0532503
0.018915
0.0203634
0.0217478
0.0230692
0.0243289
0.0255283
0.0266687
0.0277519
0.0287793
0.0297527
0.0306738
0.0315442
0.0323654
0.0331393
0.0338675
0.0345518
0.0351939
0.0357957
0.036359
0.0368854
0.0373766
0.037834
0.0382591
0.0386531
0.0390173
0.039353
0.0396613
0.0399435
0.0402005
0.0404333
0.0406427
0.0408291
0.0409933
0.0411355
0.0412562
0.0413558
0.0414347
0.0414934
0.0415321
0.0415503
0.0135014
0.0145397
0.0155324
0.0164802
0.0173841
0.0182449
0.0190637
0.0198417
0.0205799
0.0212795
0.0219418
0.0225677
0.0231585
0.0237153
0.0242393
0.0247319
0.0251942
0.0256276
0.0260334
0.0264128
0.026767
0.0270969
0.0274035
0.0276877
0.0279505
0.0281928
0.0284155
0.0286193
0.0288051
0.0289735
0.0291249
0.0292599
0.0293787
0.0294816
0.0295689
0.029641
0.0296981
0.0297405
0.0297685
0.0297814
0.00811106
0.00873585
0.00933335
0.00990397
0.0104482
0.0109667
0.01146
0.0119288
0.0123738
0.0127956
0.013195
0.0135726
0.0139291
0.0142651
0.0145813
0.0148786
0.0151578
0.0154195
0.0156647
0.015894
0.0161081
0.0163075
0.0164929
0.0166648
0.0168238
0.0169704
0.0171051
0.0172285
0.0173411
0.0174431
0.0175349
0.0176167
0.0176887
0.0177511
0.017804
0.0178477
0.0178823
0.017908
0.017925
0.0179324
0.00270474
0.00291319
0.00311258
0.00330306
0.00348478
0.00365793
0.00382273
0.00397939
0.00412816
0.00426923
0.00440283
0.00452917
0.00464845
0.00476092
0.0048668
0.00496636
0.00505987
0.0051476
0.00522979
0.00530668
0.00537848
0.00544539
0.00550759
0.00556527
0.00561862
0.00566782
0.00571307
0.00575454
0.00579236
0.00582667
0.00585755
0.00588507
0.00590929
0.00593026
0.00594806
0.00596274
0.00597437
0.00598301
0.00598873
0.00599109
)
;

boundaryField
{
    leftWall
    {
        type            fixedFluxPressure;
        gradient        uniform 0;
        value           nonuniform List<scalar> 
86
(
1342.43
1343.4
1345.35
1348.28
1352.18
1357.07
1362.93
1369.78
1377.62
1386.43
1396.32
1407.37
1419.55
1432.9
1447.45
1463.21
1480.21
1498.46
1518
1538.82
1560.95
1584.39
1609.15
1635.24
1662.66
1691.4
1721.46
1752.84
1785.52
1819.49
1854.73
1891.24
1928.98
1967.93
2008.08
2049.41
2091.88
2135.47
2180.15
2225.88
2272.64
2320.38
2368.94
2418.21
2468.69
2520.69
2570.93
2617.93
2664.83
1577.78
24.3663
-1.09582
-1.04782
-0.997093
-0.950847
-0.903856
-0.857164
-0.812277
-0.769775
-0.728272
-0.686559
-0.644501
-0.60276
-0.562275
-0.523787
-0.487611
-0.453681
-0.421761
-0.391587
-0.362942
-0.33565
-0.309559
-0.284538
-0.260473
-0.237261
-0.214818
-0.193069
-0.171939
-0.151357
-0.131254
-0.111555
-0.0921742
-0.0730365
-0.0541277
-0.0353227
-0.0160364
)
;
    }
    rightWall
    {
        type            fixedFluxPressure;
        gradient        uniform 0;
        value           nonuniform List<scalar> 
86
(
0.659566
0.659402
0.659062
0.658547
0.657856
0.656992
0.655953
0.654741
0.653356
0.651797
0.650052
0.648105
0.645959
0.643613
0.641061
0.638301
0.635329
0.632142
0.628736
0.625109
0.621258
0.617179
0.612869
0.608328
0.603551
0.598539
0.59329
0.587803
0.582078
0.576116
0.569916
0.56348
0.556809
0.549905
0.54277
0.535405
0.527816
0.520004
0.511975
0.503732
0.495281
0.486626
0.477778
0.468724
0.459498
0.450094
0.440517
0.430777
0.42088
0.410835
0.40065
0.390333
0.379893
0.369338
0.358677
0.347918
0.33707
0.326141
0.315138
0.304068
0.29294
0.281759
0.270532
0.259266
0.247966
0.236638
0.225286
0.213915
0.202528
0.191127
0.179716
0.168296
0.156867
0.145429
0.133982
0.122523
0.111049
0.0995551
0.0880356
0.0764837
0.0648915
0.0532503
0.0415503
0.0297814
0.0179324
0.00599109
)
;
    }
    lowerWall
    {
        type            fixedFluxPressure;
        gradient        uniform 0;
        value           nonuniform List<scalar> 
110
(
1342.43
1340.23
1335.39
1328.07
1318.27
1305.95
1291.05
1273.5
1253.23
1230.15
1204.13
1175.05
1142.74
1107.02
1067.67
1024.44
977.025
925.099
868.204
805.965
737.85
662.372
580.418
491.331
386.792
264.045
145.708
62.7927
16.699
5.21593
3.18655
2.35955
2.07621
1.98219
1.92617
1.87327
1.82356
1.77808
1.73741
1.70188
1.67151
1.64633
1.62638
1.61158
1.60188
1.5971
1.5971
1.59291
1.58276
1.56693
1.54533
1.51735
1.48174
1.4361
1.37457
1.28826
0.902297
0.971985
0.99819
0.964911
0.870207
0.870819
0.872068
0.87393
0.87631
0.879022
0.882151
0.885195
0.881032
0.86254
0.870207
0.868716
0.865482
0.860712
0.85464
0.847523
0.839618
0.831158
0.822336
0.813311
0.804212
0.795136
0.786162
0.777351
0.768753
0.760404
0.752334
0.744563
0.737108
0.729982
0.723193
0.716748
0.710651
0.704902
0.699503
0.694452
0.68975
0.685395
0.681384
0.677717
0.67439
0.671401
0.668752
0.666439
0.664463
0.66282
0.66151
0.660532
0.659886
0.659566
)
;
    }
    atmosphere
    {
        type            totalPressure;
        rho             rho;
        psi             none;
        gamma           1;
        p0              uniform 0;
        value           nonuniform List<scalar> 
90
(
-0.00572079
-0.00588209
-0.00583921
-0.00577132
-0.00568058
-0.00556815
-0.00543522
-0.00528308
-0.00511312
-0.00492686
-0.00472595
-0.00451215
-0.00428729
-0.00405331
-0.00381219
-0.00356594
-0.00331657
-0.00306612
-0.00281653
-0.00256974
-0.00232758
-0.00209177
-0.00186393
-0.00164553
-0.00143789
-0.00124218
-0.00105938
-0.000890315
-0.00073561
-0.000595729
-0.000470956
-0.000361412
-0.000267057
-0.000187706
-0.000123042
-7.26305e-05
-3.59343e-05
-1.23363e-05
-1.17353e-06
0
0
0
0
0
0
0
0
0
0
0
0
0
0
0
0
0
0
0
0
0
0
0
0
0
0
0
0
0
0
0
0
0
0
0
0
0
0
0
0
0
0
0
0
0
0
0
0
0
0
0
)
;
    }
    defaultFaces
    {
        type            empty;
    }
}


// ************************************************************************* //
