/*--------------------------------*- C++ -*----------------------------------*\
| =========                 |                                                 |
| \\      /  F ield         | OpenFOAM: The Open Source CFD Toolbox           |
|  \\    /   O peration     | Version:  3.0.1                                 |
|   \\  /    A nd           | Web:      www.OpenFOAM.org                      |
|    \\/     M anipulation  |                                                 |
\*---------------------------------------------------------------------------*/
FoamFile
{
    version     2.0;
    format      ascii;
    class       surfaceScalarField;
    location    "0.1";
    object      alphaPhi;
}
// * * * * * * * * * * * * * * * * * * * * * * * * * * * * * * * * * * * * * //

dimensions      [0 3 -1 0 0 0 0];

internalField   nonuniform List<scalar> 
3781
(
1.92844e-06
-1.92844e-06
4.29203e-06
-2.36361e-06
6.55576e-06
-2.26374e-06
8.77265e-06
-2.21689e-06
1.10015e-05
-2.22885e-06
1.32604e-05
-2.25887e-06
1.5555e-05
-2.2946e-06
1.78904e-05
-2.33544e-06
2.02727e-05
-2.38226e-06
2.27083e-05
-2.43568e-06
2.52045e-05
-2.49614e-06
2.77686e-05
-2.56412e-06
3.04087e-05
-2.64011e-06
3.31334e-05
-2.72464e-06
3.59516e-05
-2.81827e-06
3.88733e-05
-2.92164e-06
4.19085e-05
-3.03524e-06
4.50685e-05
-3.16004e-06
4.83649e-05
-3.29636e-06
5.18098e-05
-3.44491e-06
5.54167e-05
-3.60684e-06
5.91979e-05
-3.78124e-06
6.31648e-05
-3.96688e-06
6.73286e-05
-4.16379e-06
7.16928e-05
-4.36425e-06
7.62467e-05
-4.5539e-06
8.09889e-05
-4.74213e-06
8.59503e-05
-4.96142e-06
9.11332e-05
-5.18305e-06
9.63847e-05
-5.25194e-06
0.000101333
-4.94967e-06
0.00010548
-4.14805e-06
0.000108386
-2.92627e-06
0.000109741
-1.59485e-06
0.00011007
-5.23753e-07
0.000109862
-3.05843e-09
0.000108483
-6.95366e-08
8.47971e-05
-1.18634e-07
1.58616e-05
1.55426e-06
3.12681e-06
1.37084e-06
9.32905e-07
8.74282e-07
2.32368e-07
3.47401e-07
4.80286e-08
1.11519e-07
2.64293e-08
1.93708e-06
-3.86553e-06
4.3007e-06
-4.72723e-06
6.56834e-06
-4.53138e-06
8.79011e-06
-4.43866e-06
1.10231e-05
-4.46187e-06
1.32857e-05
-4.52143e-06
1.55836e-05
-4.5925e-06
1.79219e-05
-4.67373e-06
2.03066e-05
-4.76692e-06
2.27442e-05
-4.8733e-06
2.52418e-05
-4.99378e-06
2.7807e-05
-5.12926e-06
3.04476e-05
-5.28071e-06
3.31721e-05
-5.44922e-06
3.59897e-05
-5.63589e-06
3.89101e-05
-5.84202e-06
4.19436e-05
-6.06872e-06
4.51014e-05
-6.31788e-06
4.83952e-05
-6.59013e-06
5.18377e-05
-6.88739e-06
5.54427e-05
-7.21181e-06
5.9221e-05
-7.55954e-06
6.31839e-05
-7.92978e-06
6.73503e-05
-8.33025e-06
7.17338e-05
-8.74769e-06
7.63186e-05
-9.13874e-06
8.10772e-05
-9.50073e-06
8.60105e-05
-9.89473e-06
9.11294e-05
-1.03023e-05
9.63611e-05
-1.04853e-05
0.00010148
-1.00759e-05
0.000106166
-8.85216e-06
0.000110119
-6.93282e-06
0.000112846
-4.74179e-06
0.000112581
-2.82248e-06
0.000110146
-1.74563e-06
0.000107033
-1.9623e-06
9.54711e-05
-2.2656e-06
3.77681e-05
-1.31992e-06
5.86272e-06
9.57139e-07
2.70846e-06
1.53489e-06
1.08079e-06
9.60135e-07
3.2557e-07
5.30504e-07
2.03428e-07
1.93629e-06
-5.80182e-06
4.2894e-06
-7.08035e-06
6.54787e-06
-6.78985e-06
8.76246e-06
-6.65325e-06
1.09883e-05
-6.68775e-06
1.32432e-05
-6.77632e-06
1.55329e-05
-6.88217e-06
1.78623e-05
-7.00317e-06
2.02375e-05
-7.14207e-06
2.26649e-05
-7.30074e-06
2.51516e-05
-7.4805e-06
2.77051e-05
-7.6827e-06
3.03332e-05
-7.9088e-06
3.30443e-05
-8.16039e-06
3.58476e-05
-8.43919e-06
3.87528e-05
-8.74715e-06
4.17701e-05
-9.08611e-06
4.49111e-05
-9.45886e-06
4.81875e-05
-9.86649e-06
5.16126e-05
-1.03125e-05
5.52003e-05
-1.07995e-05
5.89616e-05
-1.13208e-05
6.2911e-05
-1.18791e-05
6.70741e-05
-1.24933e-05
7.14638e-05
-1.31374e-05
7.60583e-05
-1.37332e-05
8.08384e-05
-1.42808e-05
8.5829e-05
-1.48855e-05
9.10553e-05
-1.55296e-05
9.64437e-05
-1.58806e-05
0.0001018
-1.54572e-05
0.000106851
-1.40423e-05
0.00011143
-1.1922e-05
0.00011501
-9.5129e-06
0.000111862
-7.18813e-06
7.78112e-05
-4.03335e-06
2.22284e-05
-8.32964e-07
1.537e-05
-4.03099e-07
1.63793e-05
-4.59186e-07
1.23189e-05
4.46135e-08
1.71734e-06
5.71607e-07
4.83996e-07
5.7974e-07
2.16257e-07
4.56441e-07
2.55943e-07
1.93395e-06
-7.73577e-06
4.27344e-06
-9.41984e-06
6.51889e-06
-9.03531e-06
8.72283e-06
-8.85719e-06
1.09385e-05
-8.90342e-06
1.31827e-05
-9.02049e-06
1.54609e-05
-9.16039e-06
1.77781e-05
-9.32041e-06
2.01403e-05
-9.50422e-06
2.25539e-05
-9.71431e-06
2.50258e-05
-9.95243e-06
2.75634e-05
-1.02204e-05
3.01746e-05
-1.052e-05
3.28677e-05
-1.08535e-05
3.56517e-05
-1.12232e-05
3.85363e-05
-1.16317e-05
4.15318e-05
-1.20817e-05
4.46499e-05
-1.2577e-05
4.79026e-05
-1.31192e-05
5.13038e-05
-1.37136e-05
5.48674e-05
-1.43632e-05
5.8606e-05
-1.50594e-05
6.25392e-05
-1.58124e-05
6.66948e-05
-1.66489e-05
7.10785e-05
-1.75211e-05
7.56695e-05
-1.83242e-05
8.04826e-05
-1.9094e-05
8.56008e-05
-2.00039e-05
9.10973e-05
-2.10291e-05
9.69163e-05
-2.17176e-05
0.000102792
-2.14522e-05
0.000108138
-1.99176e-05
0.00011148
-1.70762e-05
0.000103604
-1.31306e-05
6.17926e-05
-5.95454e-06
1.51188e-05
-2.21436e-06
4.02607e-06
-3.64354e-07
2.25519e-06
-1.35659e-08
2.32717e-06
-2.51388e-08
3.43343e-06
-4.08198e-08
3.09634e-06
-7.37997e-08
7.24103e-07
3.1688e-07
-4.71077e-08
3.1716e-07
1.31613e-07
1.93019e-06
-9.66596e-06
4.25217e-06
-1.17418e-05
6.4807e-06
-1.12638e-05
8.67053e-06
-1.1047e-05
1.08727e-05
-1.11056e-05
1.31029e-05
-1.12506e-05
1.53662e-05
-1.14237e-05
1.76677e-05
-1.16219e-05
2.00131e-05
-1.18496e-05
2.24088e-05
-1.21101e-05
2.48618e-05
-1.24054e-05
2.73793e-05
-1.27378e-05
2.99688e-05
-1.31096e-05
3.26388e-05
-1.35235e-05
3.5398e-05
-1.39824e-05
3.82562e-05
-1.44899e-05
4.12238e-05
-1.50493e-05
4.43123e-05
-1.56655e-05
4.75341e-05
-1.6341e-05
5.09036e-05
-1.70831e-05
5.44348e-05
-1.78944e-05
5.81424e-05
-1.8767e-05
6.20518e-05
-1.97218e-05
6.61901e-05
-2.07872e-05
7.05548e-05
-2.18858e-05
7.51371e-05
-2.29066e-05
7.99993e-05
-2.39561e-05
8.52851e-05
-2.52902e-05
9.11091e-05
-2.6859e-05
9.74201e-05
-2.80775e-05
0.00010376
-2.80871e-05
0.000107456
-2.56652e-05
8.99485e-05
-2.0288e-05
3.31406e-05
-7.43473e-06
6.35986e-06
-1.96293e-06
3.3811e-06
-4.7317e-07
1.73391e-06
-2.96608e-08
4.67138e-07
-5.31641e-09
2.70391e-07
-1.03119e-08
2.74972e-07
-4.10466e-09
5.29967e-07
-1.81976e-08
4.70609e-07
-2.21734e-09
7.08351e-08
8.03024e-08
6.39793e-08
1.92505e-06
-1.1591e-05
4.22554e-06
-1.40423e-05
6.4334e-06
-1.34717e-05
8.6058e-06
-1.32194e-05
1.07914e-05
-1.32912e-05
1.30042e-05
-1.34635e-05
1.52493e-05
-1.36688e-05
1.75314e-05
-1.3904e-05
1.98564e-05
-1.41746e-05
2.22305e-05
-1.44842e-05
2.46605e-05
-1.48354e-05
2.71534e-05
-1.52307e-05
2.97167e-05
-1.56729e-05
3.23585e-05
-1.61653e-05
3.50877e-05
-1.67115e-05
3.79136e-05
-1.73158e-05
4.08468e-05
-1.79825e-05
4.38989e-05
-1.87175e-05
4.70823e-05
-1.95243e-05
5.04117e-05
-2.04126e-05
5.39016e-05
-2.13843e-05
5.75686e-05
-2.2434e-05
6.14434e-05
-2.35965e-05
6.55502e-05
-2.48939e-05
6.98801e-05
-2.62158e-05
7.44452e-05
-2.74717e-05
7.93678e-05
-2.88787e-05
8.48487e-05
-3.07714e-05
9.10164e-05
-3.3037e-05
9.77519e-05
-3.48664e-05
0.000102714
-3.41372e-05
8.34011e-05
-2.95578e-05
2.30504e-05
-1.02948e-05
4.49758e-06
-2.46131e-06
1.81838e-06
-4.92167e-07
6.63807e-07
-6.30591e-11
3.12202e-07
-6.04082e-09
1.10239e-07
-5.82856e-09
5.23681e-08
-1.23512e-09
4.13698e-08
-8.064e-10
3.53126e-08
-3.52735e-09
4.44663e-08
3.32056e-09
2.27005e-08
3.10295e-08
1.13624e-08
1.91843e-06
-1.35094e-05
4.19353e-06
-1.63174e-05
6.37713e-06
-1.56553e-05
8.52896e-06
-1.53713e-05
1.06948e-05
-1.54571e-05
1.28872e-05
-1.56558e-05
1.51106e-05
-1.58922e-05
1.737e-05
-1.61634e-05
1.9671e-05
-1.64756e-05
2.20197e-05
-1.68329e-05
2.44226e-05
-1.72383e-05
2.68867e-05
-1.76947e-05
2.94192e-05
-1.82054e-05
3.2028e-05
-1.87742e-05
3.47218e-05
-1.94053e-05
3.75098e-05
-2.01038e-05
4.04024e-05
-2.08751e-05
4.3411e-05
-2.17261e-05
4.65482e-05
-2.26615e-05
4.98289e-05
-2.36932e-05
5.32675e-05
-2.4823e-05
5.68832e-05
-2.60497e-05
6.07098e-05
-2.74231e-05
6.47665e-05
-2.89506e-05
6.90411e-05
-3.04904e-05
7.35776e-05
-3.20081e-05
7.85602e-05
-3.38614e-05
8.42238e-05
-3.6435e-05
9.0679e-05
-3.94924e-05
9.70506e-05
-4.12628e-05
8.48884e-05
-3.87874e-05
2.62474e-05
-1.65209e-05
4.67871e-06
-3.7475e-06
1.54221e-06
-8.25609e-07
4.2319e-07
-1.33054e-08
1.55256e-07
7.87998e-09
5.66061e-08
3.23875e-09
1.94252e-08
1.38248e-09
7.19787e-09
7.86105e-10
5.45098e-09
-2.14619e-11
4.33699e-09
-1.04258e-09
3.69402e-09
2.47993e-09
7.28239e-10
1.40885e-08
6.58597e-09
1.91021e-06
-1.54197e-05
4.15615e-06
-1.85633e-05
6.31213e-06
-1.78113e-05
8.44038e-06
-1.74995e-05
1.05835e-05
-1.76002e-05
1.27523e-05
-1.78246e-05
1.4951e-05
-1.80909e-05
1.71843e-05
-1.83967e-05
1.94578e-05
-1.8749e-05
2.17774e-05
-1.91526e-05
2.41495e-05
-1.96104e-05
2.65807e-05
-2.01259e-05
2.9078e-05
-2.07027e-05
3.16491e-05
-2.13453e-05
3.43023e-05
-2.20585e-05
3.70468e-05
-2.28483e-05
3.98925e-05
-2.37208e-05
4.28508e-05
-2.46843e-05
4.59339e-05
-2.57446e-05
4.91568e-05
-2.69161e-05
5.25338e-05
-2.82e-05
5.60861e-05
-2.9602e-05
5.98487e-05
-3.11856e-05
6.38333e-05
-3.29353e-05
6.80297e-05
-3.46868e-05
7.25213e-05
-3.64997e-05
7.75416e-05
-3.88817e-05
8.33358e-05
-4.22291e-05
8.98663e-05
-4.60248e-05
8.87884e-05
-4.51115e-05
3.98875e-05
-3.0741e-05
5.26927e-06
-6.6311e-06
1.57953e-06
-1.56542e-06
4.11684e-07
-1.5706e-07
1.35199e-07
1.51628e-08
4.29281e-08
1.03311e-08
1.24707e-08
4.37568e-09
3.40692e-09
1.75533e-09
1.06235e-09
5.70472e-10
8.26797e-10
5.26051e-11
3.69384e-10
-1.25264e-10
-5.51004e-10
1.33692e-09
-3.62066e-10
5.37961e-09
2.52461e-09
1.9003e-06
-1.732e-05
4.11347e-06
-2.07765e-05
6.23868e-06
-1.99365e-05
8.34054e-06
-1.96014e-05
1.04581e-05
-1.97177e-05
1.26003e-05
-1.99669e-05
1.47712e-05
-2.02618e-05
1.69753e-05
-2.06008e-05
1.9218e-05
-2.09918e-05
2.15051e-05
-2.14397e-05
2.38427e-05
-2.19479e-05
2.6237e-05
-2.25202e-05
2.86949e-05
-2.31606e-05
3.12238e-05
-2.38741e-05
3.38315e-05
-2.46663e-05
3.6527e-05
-2.55437e-05
3.93198e-05
-2.65136e-05
4.22207e-05
-2.75853e-05
4.52419e-05
-2.87658e-05
4.83977e-05
-3.0072e-05
5.17022e-05
-3.15045e-05
5.51783e-05
-3.30781e-05
5.88591e-05
-3.48665e-05
6.27479e-05
-3.6824e-05
6.68416e-05
-3.87806e-05
7.12651e-05
-4.09231e-05
7.62837e-05
-4.39003e-05
8.21308e-05
-4.80764e-05
8.7992e-05
-5.19009e-05
6.23204e-05
-4.88183e-05
7.8638e-06
-1.35057e-05
2.27302e-06
-2.97603e-06
5.26788e-07
-5.38039e-07
1.30511e-07
1.3557e-08
3.62483e-08
1.778e-08
9.65221e-09
7.17433e-09
2.58197e-09
2.32397e-09
6.41199e-10
7.68366e-10
1.8129e-10
2.52805e-10
1.35804e-10
4.69932e-11
2.56023e-11
5.18115e-11
-1.19964e-10
6.19739e-10
1.51158e-10
1.87635e-09
9.13084e-10
1.88863e-06
-1.92086e-05
4.06552e-06
-2.29534e-05
6.15709e-06
-2.20281e-05
8.22986e-06
-2.16741e-05
1.0319e-05
-2.18068e-05
1.24319e-05
-2.20798e-05
1.45719e-05
-2.24019e-05
1.67438e-05
-2.27726e-05
1.89526e-05
-2.32006e-05
2.12038e-05
-2.3691e-05
2.35033e-05
-2.42474e-05
2.58571e-05
-2.4874e-05
2.82716e-05
-2.55752e-05
3.07538e-05
-2.63563e-05
3.33113e-05
-2.72238e-05
3.59524e-05
-2.81848e-05
3.86862e-05
-2.92474e-05
4.15231e-05
-3.04221e-05
4.44743e-05
-3.17171e-05
4.75539e-05
-3.31515e-05
5.07748e-05
-3.47254e-05
5.4161e-05
-3.64643e-05
5.77418e-05
-3.84473e-05
6.1511e-05
-4.05932e-05
6.54777e-05
-4.27472e-05
6.98029e-05
-4.52484e-05
7.47743e-05
-4.88716e-05
8.052e-05
-5.3822e-05
7.89615e-05
-5.18044e-05
2.43618e-05
-3.58521e-05
3.34523e-06
-5.96037e-06
8.93736e-07
-1.38955e-06
1.49716e-07
-8.48142e-08
3.5541e-08
2.37075e-08
8.4074e-09
1.13478e-08
2.03378e-09
3.51702e-09
5.15165e-10
9.94714e-10
1.3545e-10
2.90582e-10
4.43132e-11
9.68437e-11
4.23194e-11
2.7239e-11
4.66867e-11
4.48755e-11
1.24338e-10
2.52119e-10
2.51364e-10
6.54785e-10
3.44253e-10
1.90811e-06
-2.11167e-05
4.08387e-06
-2.51292e-05
6.17552e-06
-2.41197e-05
8.25289e-06
-2.37515e-05
1.03476e-05
-2.39015e-05
1.24652e-05
-2.41974e-05
1.4609e-05
-2.45457e-05
1.67836e-05
-2.49471e-05
1.89939e-05
-2.54109e-05
2.12454e-05
-2.59424e-05
2.35435e-05
-2.65456e-05
2.5894e-05
-2.72245e-05
2.83032e-05
-2.79843e-05
3.07776e-05
-2.88308e-05
3.33245e-05
-2.97707e-05
3.59518e-05
-3.08121e-05
3.86681e-05
-3.19637e-05
4.14831e-05
-3.32372e-05
4.44076e-05
-3.46416e-05
4.74546e-05
-3.61986e-05
5.06363e-05
-3.7907e-05
5.39771e-05
-3.98052e-05
5.75006e-05
-4.19709e-05
6.11917e-05
-4.42843e-05
6.50751e-05
-4.66306e-05
6.93464e-05
-4.95196e-05
7.43138e-05
-5.38391e-05
7.97607e-05
-5.92532e-05
5.71744e-05
-5.72507e-05
5.91364e-06
-1.58103e-05
1.60037e-06
-3.0512e-06
2.67559e-07
-4.97978e-07
4.16229e-08
2.12856e-08
7.54347e-09
1.81635e-08
1.65612e-09
5.50281e-09
4.24028e-10
1.41523e-09
1.17521e-10
3.7125e-10
3.62359e-11
1.0618e-10
1.58235e-11
3.50373e-11
2.0609e-11
1.25489e-11
3.81025e-11
2.07708e-11
1.11874e-10
9.44206e-11
1.74163e-10
2.17566e-10
1.09577e-10
1.909e-06
-2.30257e-05
4.06048e-06
-2.72806e-05
6.13078e-06
-2.619e-05
8.19155e-06
-2.58123e-05
1.02702e-05
-2.59802e-05
1.23708e-05
-2.6298e-05
1.44962e-05
-2.66711e-05
1.66508e-05
-2.71018e-05
1.88396e-05
-2.75997e-05
2.10676e-05
-2.81704e-05
2.334e-05
-2.88179e-05
2.56622e-05
-2.95467e-05
2.804e-05
-3.03621e-05
3.04796e-05
-3.12704e-05
3.29877e-05
-3.22788e-05
3.55717e-05
-3.3396e-05
3.82393e-05
-3.46314e-05
4.09996e-05
-3.59974e-05
4.38622e-05
-3.75042e-05
4.6839e-05
-3.91753e-05
4.99404e-05
-4.10085e-05
5.31906e-05
-4.30553e-05
5.66051e-05
-4.53854e-05
6.01611e-05
-4.78403e-05
6.39027e-05
-5.03722e-05
6.8057e-05
-5.36739e-05
7.29309e-05
-5.87129e-05
7.51256e-05
-6.14926e-05
2.55521e-05
-4.79399e-05
2.90827e-06
-7.17052e-06
6.83611e-07
-1.53902e-06
6.7037e-08
-8.55053e-08
7.45336e-09
2.63066e-08
1.12531e-09
9.36783e-09
3.08119e-10
2.22225e-09
9.84263e-11
5.19582e-10
3.23588e-11
1.31877e-10
1.17975e-11
3.80622e-11
6.47734e-12
1.24124e-11
9.53646e-12
5.07524e-12
1.93843e-11
7.53776e-12
5.7191e-11
3.29807e-11
8.74503e-11
6.83706e-11
3.91812e-11
1.90714e-06
-2.49328e-05
4.03028e-06
-2.94038e-05
6.07585e-06
-2.82356e-05
8.11673e-06
-2.78532e-05
1.01759e-05
-2.80394e-05
1.22558e-05
-2.83778e-05
1.4359e-05
-2.87743e-05
1.64899e-05
-2.92327e-05
1.86532e-05
-2.9763e-05
2.08535e-05
-3.03707e-05
2.30957e-05
-3.10601e-05
2.53849e-05
-3.18358e-05
2.77263e-05
-3.27035e-05
3.01257e-05
-3.36698e-05
3.25891e-05
-3.47423e-05
3.51233e-05
-3.59302e-05
3.77351e-05
-3.72433e-05
4.04326e-05
-3.86949e-05
4.32241e-05
-4.02957e-05
4.612e-05
-4.20712e-05
4.91291e-05
-4.40175e-05
5.22736e-05
-4.61998e-05
5.55604e-05
-4.86723e-05
5.89607e-05
-5.12406e-05
6.25392e-05
-5.39507e-05
6.65619e-05
-5.76967e-05
7.12621e-05
-6.34065e-05
6.20971e-05
-6.02221e-05
7.99778e-06
-2.82463e-05
1.46937e-06
-3.68608e-06
2.1322e-07
-6.33276e-07
1.27911e-08
2.31166e-08
2.03976e-10
1.75309e-08
6.1227e-11
4.03536e-09
5.7486e-11
8.21185e-10
2.6083e-11
1.81992e-10
1.02475e-11
4.55065e-11
4.18783e-12
1.33531e-11
2.61316e-12
4.32897e-12
3.88427e-12
1.91067e-12
7.78809e-12
2.39387e-12
2.26515e-11
1.01152e-11
3.62476e-11
1.94018e-11
1.26376e-11
1.9023e-06
-2.68351e-05
3.99315e-06
-3.14946e-05
6.01072e-06
-3.02532e-05
8.0284e-06
-2.98708e-05
1.00646e-05
-3.00756e-05
1.21201e-05
-3.04333e-05
1.41975e-05
-3.08516e-05
1.63008e-05
-3.13361e-05
1.84346e-05
-3.18968e-05
2.06031e-05
-3.25392e-05
2.28107e-05
-3.32678e-05
2.50622e-05
-3.40873e-05
2.73623e-05
-3.50036e-05
2.97162e-05
-3.60237e-05
3.21293e-05
-3.71554e-05
3.46074e-05
-3.84082e-05
3.71566e-05
-3.97925e-05
3.97836e-05
-4.13219e-05
4.24955e-05
-4.30076e-05
4.53008e-05
-4.48765e-05
4.82062e-05
-4.69229e-05
5.12315e-05
-4.92251e-05
5.43744e-05
-5.18152e-05
5.76018e-05
-5.4468e-05
6.09994e-05
-5.73483e-05
6.48764e-05
-6.15737e-05
6.89773e-05
-6.75093e-05
3.9581e-05
-6.26461e-05
2.9382e-06
-1.22245e-05
6.85628e-07
-2.16069e-06
4.30199e-08
-1.66128e-07
-1.14929e-09
2.93367e-08
-5.63822e-10
8.62042e-09
-4.25589e-11
1.55624e-09
1.11914e-11
2.91266e-10
7.77863e-12
6.23694e-11
3.52579e-12
1.54541e-11
1.52903e-12
4.61412e-12
1.00337e-12
1.51482e-12
1.4303e-12
7.12033e-13
2.63292e-12
7.27819e-13
7.45974e-12
2.82196e-12
1.18818e-11
5.11176e-12
3.688e-12
1.89427e-06
-2.87294e-05
3.94899e-06
-3.35494e-05
5.93542e-06
-3.22396e-05
7.92661e-06
-3.1862e-05
9.93629e-06
-3.20853e-05
1.19638e-05
-3.24609e-05
1.40116e-05
-3.28994e-05
1.60836e-05
-3.34081e-05
1.8184e-05
-3.39971e-05
2.03165e-05
-3.46718e-05
2.24854e-05
-3.54366e-05
2.46947e-05
-3.62966e-05
2.69488e-05
-3.72577e-05
2.92521e-05
-3.8327e-05
3.16094e-05
-3.95127e-05
3.40256e-05
-4.08244e-05
3.65057e-05
-4.22726e-05
3.90553e-05
-4.38714e-05
4.16798e-05
-4.56321e-05
4.43858e-05
-4.75825e-05
4.71777e-05
-4.97148e-05
5.00725e-05
-5.21199e-05
5.30582e-05
-5.48009e-05
5.61004e-05
-5.75101e-05
5.93102e-05
-6.0558e-05
6.30299e-05
-6.52934e-05
6.50837e-05
-6.95703e-05
1.70068e-05
-5.07625e-05
1.78001e-06
-6.05321e-06
2.63808e-07
-1.04443e-06
2.7104e-09
1.14411e-08
-2.14267e-09
1.94627e-08
-3.25375e-10
3.63318e-09
-2.81963e-11
5.72917e-10
2.04641e-12
1.01358e-10
2.45783e-12
2.11119e-11
1.24641e-12
5.21073e-12
5.60029e-13
1.57368e-12
3.71653e-13
5.5487e-13
4.86627e-13
2.78757e-13
7.9617e-13
2.52552e-13
2.16265e-12
7.25302e-13
3.41675e-12
1.24915e-12
9.51227e-13
1.88287e-06
-3.06123e-05
3.89776e-06
-3.55643e-05
5.85001e-06
-3.41918e-05
7.81148e-06
-3.38235e-05
9.79114e-06
-3.4065e-05
1.17871e-05
-3.44569e-05
1.38017e-05
-3.4914e-05
1.58387e-05
-3.54451e-05
1.79018e-05
-3.60601e-05
1.99945e-05
-3.67645e-05
2.21204e-05
-3.75626e-05
2.42833e-05
-3.84594e-05
2.64868e-05
-3.94612e-05
2.87348e-05
-4.0575e-05
3.10312e-05
-4.18091e-05
3.338e-05
-4.31732e-05
3.57853e-05
-4.46779e-05
3.82511e-05
-4.63372e-05
4.07813e-05
-4.81624e-05
4.33807e-05
-5.01819e-05
4.60511e-05
-5.23851e-05
4.88064e-05
-5.48751e-05
5.16257e-05
-5.76203e-05
5.44752e-05
-6.03596e-05
5.75046e-05
-6.35874e-05
6.10825e-05
-6.88706e-05
5.58236e-05
-6.66345e-05
5.87392e-06
-3.16448e-05
8.74442e-07
-3.30808e-06
5.36123e-08
-4.13504e-07
-4.59564e-09
3.32778e-08
-1.16459e-09
9.94783e-09
-1.42844e-10
1.43336e-09
-1.32018e-11
2.07425e-10
2.41734e-13
3.49224e-11
7.9649e-13
7.11045e-12
4.37709e-13
1.77922e-12
2.07659e-13
5.58938e-13
1.3713e-13
2.29467e-13
1.55303e-13
1.31982e-13
2.29032e-13
1.05794e-13
5.65445e-13
1.91966e-13
8.70612e-13
2.79007e-13
2.33766e-13
1.86796e-06
-3.24802e-05
3.83948e-06
-3.75358e-05
5.75465e-06
-3.6107e-05
7.68319e-06
-3.5752e-05
9.6294e-06
-3.60112e-05
1.15904e-05
-3.64179e-05
1.35682e-05
-3.68919e-05
1.55665e-05
-3.74434e-05
1.75886e-05
-3.80822e-05
1.96376e-05
-3.88135e-05
2.17167e-05
-3.96416e-05
2.3829e-05
-4.05717e-05
2.59776e-05
-4.16099e-05
2.81659e-05
-4.27632e-05
3.03967e-05
-4.404e-05
3.26733e-05
-4.54498e-05
3.49986e-05
-4.70031e-05
3.73752e-05
-4.87139e-05
3.98055e-05
-5.05927e-05
4.22924e-05
-5.26687e-05
4.4835e-05
-5.49278e-05
4.74444e-05
-5.74845e-05
5.00913e-05
-6.02672e-05
5.27439e-05
-6.30123e-05
5.56006e-05
-6.64441e-05
5.89452e-05
-7.22147e-05
3.78706e-05
-7.05649e-05
2.15355e-06
-1.67202e-05
4.20448e-07
-2.08343e-06
4.25936e-09
-8.95141e-08
-3.6892e-09
2.62789e-08
-5.21454e-10
4.45699e-09
-5.92007e-11
5.48102e-10
-5.62028e-12
7.42152e-11
-5.11309e-14
1.19614e-11
2.65512e-13
2.41073e-12
1.56954e-13
6.36806e-13
8.14974e-14
2.26567e-13
5.48988e-14
1.1364e-13
5.2997e-14
7.39045e-14
6.69693e-14
5.33763e-14
1.35453e-13
6.16043e-14
2.03635e-13
7.93955e-14
6.83642e-14
1.84943e-06
-3.43297e-05
3.77423e-06
-3.94606e-05
5.64953e-06
-3.79823e-05
7.542e-06
-3.76445e-05
9.45139e-06
-3.79206e-05
1.13739e-05
-3.83404e-05
1.33116e-05
-3.88296e-05
1.52677e-05
-3.93995e-05
1.72453e-05
-4.00598e-05
1.9247e-05
-4.08152e-05
2.12754e-05
-4.16701e-05
2.33333e-05
-4.26296e-05
2.54232e-05
-4.36997e-05
2.75476e-05
-4.48876e-05
2.97087e-05
-4.62012e-05
3.19087e-05
-4.76499e-05
3.41495e-05
-4.92439e-05
3.64324e-05
-5.09968e-05
3.87583e-05
-5.29186e-05
4.1128e-05
-5.50385e-05
4.35386e-05
-5.73384e-05
4.59982e-05
-5.99441e-05
4.84691e-05
-6.27381e-05
5.09249e-05
-6.5468e-05
5.36237e-05
-6.91429e-05
5.64499e-05
-7.50421e-05
2.09946e-05
-6.1718e-05
1.42232e-06
-7.7696e-06
1.51216e-07
-1.10914e-06
-7.5924e-09
2.26835e-08
-1.92163e-09
1.46847e-08
-2.18435e-10
1.81279e-09
-2.36919e-11
2.04683e-10
-2.27361e-12
2.62744e-11
-5.49392e-14
4.09446e-12
9.37599e-14
8.45611e-13
6.1526e-14
2.54712e-13
3.66654e-14
1.08931e-13
2.61606e-14
7.31984e-14
2.22551e-14
4.97098e-14
2.36895e-14
3.41048e-14
3.54158e-14
2.80816e-14
5.05082e-14
2.53947e-14
2.37034e-14
1.82722e-06
-3.61569e-05
3.70214e-06
-4.13355e-05
5.53491e-06
-3.98151e-05
7.38826e-06
-3.94979e-05
9.25754e-06
-3.97899e-05
1.11383e-05
-4.02211e-05
1.30325e-05
-4.07238e-05
1.49431e-05
-4.13102e-05
1.68728e-05
-4.19894e-05
1.88237e-05
-4.27661e-05
2.0798e-05
-4.36445e-05
2.27979e-05
-4.46295e-05
2.48254e-05
-4.57272e-05
2.68823e-05
-4.69444e-05
2.897e-05
-4.82889e-05
3.10898e-05
-4.97696e-05
3.32424e-05
-5.13965e-05
3.5428e-05
-5.31825e-05
3.76461e-05
-5.51366e-05
3.98956e-05
-5.72879e-05
4.21714e-05
-5.96142e-05
4.44799e-05
-6.22526e-05
4.67745e-05
-6.50327e-05
4.90418e-05
-6.77352e-05
5.15936e-05
-7.16947e-05
5.28074e-05
-7.62561e-05
8.97423e-06
-4.84743e-05
8.06296e-07
-4.28545e-06
2.7082e-08
-4.81072e-07
-6.24809e-09
3.50728e-08
-8.3075e-10
7.05752e-09
-8.73662e-11
7.1442e-10
-9.21061e-12
7.53104e-11
-8.85873e-13
9.22745e-12
-2.51991e-14
1.41946e-12
3.85994e-14
3.19358e-13
2.82242e-14
1.19452e-13
2.17229e-14
6.98694e-14
1.65089e-14
4.82311e-14
1.22169e-14
3.07926e-14
1.10432e-14
1.9827e-14
1.14502e-14
1.48445e-14
1.40707e-14
1.22147e-14
1.04756e-14
1.8013e-06
-3.79582e-05
3.62339e-06
-4.31576e-05
5.41111e-06
-4.16028e-05
7.22234e-06
-4.13091e-05
9.04834e-06
-4.16159e-05
1.08842e-05
-4.2057e-05
1.27317e-05
-4.25714e-05
1.45937e-05
-4.31721e-05
1.64722e-05
-4.38679e-05
1.8369e-05
-4.4663e-05
2.0286e-05
-4.55615e-05
2.22248e-05
-4.65682e-05
2.41866e-05
-4.76891e-05
2.61727e-05
-4.89305e-05
2.81838e-05
-5.03e-05
3.02203e-05
-5.18061e-05
3.22818e-05
-5.34581e-05
3.43675e-05
-5.52681e-05
3.64754e-05
-5.72445e-05
3.86029e-05
-5.94154e-05
4.0743e-05
-6.17543e-05
4.29008e-05
-6.44104e-05
4.50211e-05
-6.7153e-05
4.71174e-05
-6.98316e-05
4.95582e-05
-7.41352e-05
4.55663e-05
-7.3123e-05
3.14558e-06
-3.18537e-05
3.95768e-07
-2.48526e-06
-3.07185e-09
-1.50079e-07
-3.38739e-09
2.72215e-08
-3.43599e-10
3.13344e-09
-3.41386e-11
2.76429e-10
-3.50461e-12
2.73757e-11
-3.32128e-13
3.22794e-12
-6.57875e-15
5.08884e-13
1.9855e-14
1.38415e-13
1.80307e-14
6.76824e-14
1.38263e-14
4.52282e-14
9.49151e-15
2.75657e-14
6.26686e-15
1.54558e-14
4.77671e-15
9.06696e-15
4.48482e-15
5.98362e-15
4.50044e-15
4.72747e-15
3.46893e-15
1.7717e-06
-3.97299e-05
3.53821e-06
-4.49241e-05
5.27845e-06
-4.3343e-05
7.04469e-06
-4.30753e-05
8.82437e-06
-4.33956e-05
1.06123e-05
-4.38448e-05
1.24102e-05
-4.43693e-05
1.42204e-05
-4.49824e-05
1.60447e-05
-4.56922e-05
1.78846e-05
-4.65028e-05
1.97412e-05
-4.74181e-05
2.16158e-05
-4.84428e-05
2.35091e-05
-4.95824e-05
2.54216e-05
-5.0843e-05
2.73535e-05
-5.22319e-05
2.93041e-05
-5.37568e-05
3.12725e-05
-5.54264e-05
3.32564e-05
-5.72521e-05
3.5253e-05
-5.9241e-05
3.7258e-05
-6.14204e-05
3.92629e-05
-6.37593e-05
4.12713e-05
-6.64188e-05
4.32194e-05
-6.91011e-05
4.51531e-05
-7.17653e-05
4.74523e-05
-7.64343e-05
3.14385e-05
-7.57253e-05
1.3097e-06
-1.89816e-05
1.78061e-07
-1.65792e-06
-9.94946e-09
3.69363e-09
-1.65316e-09
1.56172e-08
-1.39957e-10
1.2847e-09
-1.31347e-11
1.04386e-10
-1.3094e-12
9.8162e-12
-1.20338e-13
1.13351e-12
2.84894e-15
1.9946e-13
1.33739e-14
7.13979e-14
1.1392e-14
4.29364e-14
7.79166e-15
2.53743e-14
4.56126e-15
1.31466e-14
2.64166e-15
6.34997e-15
1.74656e-15
3.35843e-15
1.38414e-15
1.97758e-15
1.25335e-15
1.61325e-15
1.25728e-15
1.28975e-15
8.78959e-16
1.73846e-06
-4.14683e-05
3.44684e-06
-4.66324e-05
5.1373e-06
-4.50335e-05
6.85576e-06
-4.47938e-05
8.58622e-06
-4.5126e-05
1.03233e-05
-4.55819e-05
1.20687e-05
-4.61146e-05
1.38244e-05
-4.67381e-05
1.55917e-05
-4.74596e-05
1.73717e-05
-4.82828e-05
1.91653e-05
-4.92117e-05
2.09731e-05
-5.02505e-05
2.27953e-05
-5.14046e-05
2.46319e-05
-5.26797e-05
2.64823e-05
-5.40823e-05
2.83453e-05
-5.56198e-05
3.0219e-05
-5.73001e-05
3.21003e-05
-5.91335e-05
3.39853e-05
-6.1126e-05
3.58686e-05
-6.33036e-05
3.77403e-05
-6.5631e-05
3.96024e-05
-6.82809e-05
4.13823e-05
-7.0881e-05
4.31645e-05
-7.35474e-05
4.52774e-05
-7.85473e-05
2.06613e-05
-6.93852e-05
9.08855e-07
-1.0214e-05
4.25497e-08
-9.53764e-07
-7.97189e-09
3.64115e-08
-7.24111e-10
7.128e-09
-5.53786e-11
5.01553e-10
-4.96903e-12
3.84249e-11
-4.80297e-13
3.468e-12
-3.87779e-14
4.08524e-13
6.47601e-15
8.94753e-14
9.37289e-15
4.47306e-14
6.57566e-15
2.52067e-14
3.64388e-15
1.21324e-14
1.86007e-15
5.41668e-15
1.11055e-15
2.75546e-15
7.52341e-16
1.57604e-15
6.28963e-16
1.28441e-15
5.92271e-16
1.22932e-15
5.08068e-16
9.44234e-16
6.36418e-16
1.70164e-06
-4.317e-05
3.34954e-06
-4.82803e-05
4.98804e-06
-4.6672e-05
6.65604e-06
-4.64618e-05
8.3345e-06
-4.68045e-05
1.0018e-05
-4.72654e-05
1.17082e-05
-4.78048e-05
1.34067e-05
-4.84365e-05
1.51144e-05
-4.91673e-05
1.68321e-05
-5.00005e-05
1.85601e-05
-5.09397e-05
2.02987e-05
-5.19891e-05
2.20477e-05
-5.31535e-05
2.38064e-05
-5.44384e-05
2.55737e-05
-5.58496e-05
2.73478e-05
-5.73938e-05
2.9126e-05
-5.90783e-05
3.09045e-05
-6.0912e-05
3.26788e-05
-6.29003e-05
3.44421e-05
-6.5067e-05
3.61843e-05
-6.73732e-05
3.79054e-05
-7.00021e-05
3.95253e-05
-7.25009e-05
4.11728e-05
-7.5195e-05
4.29353e-05
-8.03098e-05
1.13854e-05
-5.9433e-05
6.09068e-07
-5.01873e-06
-8.8219e-10
-4.42578e-07
-3.9713e-09
3.18382e-08
-2.8573e-10
3.01206e-09
-2.12894e-11
1.89259e-10
-1.83991e-12
1.37492e-11
-1.70044e-13
1.21165e-12
-9.50638e-15
1.57742e-13
7.17362e-15
5.13587e-14
5.90817e-15
2.75169e-14
3.15587e-15
1.27693e-14
1.46276e-15
5.1249e-15
8.13649e-16
2.4737e-15
5.52011e-16
1.58156e-15
4.73758e-16
1.24272e-15
3.57643e-16
8.47889e-16
2.66064e-16
5.69296e-16
1.98478e-16
3.83068e-16
2.33875e-16
1.66134e-06
-4.48313e-05
3.24659e-06
-4.98656e-05
4.83102e-06
-4.82564e-05
6.446e-06
-4.80768e-05
8.06982e-06
-4.84283e-05
9.6972e-06
-4.88927e-05
1.13296e-05
-4.94373e-05
1.29684e-05
-5.00753e-05
1.46142e-05
-5.0813e-05
1.62672e-05
-5.16535e-05
1.79275e-05
-5.26e-05
1.95948e-05
-5.36565e-05
2.12687e-05
-5.48274e-05
2.29479e-05
-5.61176e-05
2.46309e-05
-5.75326e-05
2.63152e-05
-5.90781e-05
2.79977e-05
-6.07608e-05
2.96741e-05
-6.25884e-05
3.1339e-05
-6.45652e-05
3.29852e-05
-6.67132e-05
3.46025e-05
-6.89905e-05
3.61898e-05
-7.15894e-05
3.76619e-05
-7.3973e-05
3.91999e-05
-7.6733e-05
4.00217e-05
-8.11314e-05
4.8515e-06
-4.71314e-05
3.18718e-07
-2.93314e-06
-9.98584e-09
-1.53567e-07
-1.76378e-09
2.0831e-08
-1.08841e-10
1.21776e-09
-7.93019e-12
6.88616e-11
-6.57583e-13
4.77134e-12
-5.61092e-14
4.25152e-13
2.55726e-15
7.27229e-14
5.25118e-15
3.22456e-14
3.11025e-15
1.52218e-14
1.35887e-15
5.8564e-15
6.7484e-16
2.51518e-15
5.69273e-16
1.85878e-15
3.7916e-16
1.12568e-15
2.45197e-16
6.61134e-16
1.65672e-16
4.05358e-16
1.11582e-16
2.47692e-16
7.42025e-17
1.49525e-16
8.36412e-17
1.61766e-06
-4.6449e-05
3.13825e-06
-5.13862e-05
4.6666e-06
-4.97848e-05
6.22611e-06
-4.96363e-05
7.7928e-06
-4.9995e-05
9.36164e-06
-5.04616e-05
1.0934e-05
-5.10096e-05
1.25108e-05
-5.16521e-05
1.40923e-05
-5.23946e-05
1.56785e-05
-5.32397e-05
1.72691e-05
-5.41906e-05
1.88635e-05
-5.52509e-05
2.04607e-05
-5.64246e-05
2.20592e-05
-5.77161e-05
2.3657e-05
-5.91304e-05
2.52512e-05
-6.06724e-05
2.68383e-05
-6.2348e-05
2.84135e-05
-6.41636e-05
2.99713e-05
-6.6123e-05
3.15037e-05
-6.82455e-05
3.30012e-05
-7.0488e-05
3.44613e-05
-7.30495e-05
3.58005e-05
-7.53122e-05
3.72573e-05
-7.81898e-05
3.51683e-05
-7.90362e-05
1.77966e-06
-3.36147e-05
1.4421e-07
-1.80542e-06
-9.3247e-09
-1.4819e-08
-7.50824e-10
1.17531e-08
-4.0939e-11
4.74783e-10
-2.84736e-12
2.43295e-11
-2.23195e-13
1.61691e-12
-1.28017e-14
1.58246e-13
4.00259e-15
3.94461e-14
3.26079e-15
1.91599e-14
1.45477e-15
7.76367e-15
6.29184e-16
2.8708e-15
5.20477e-16
1.92467e-15
3.2598e-16
1.09768e-15
1.98266e-16
6.07873e-16
1.1797e-16
3.29292e-16
7.19056e-17
1.82771e-16
4.39329e-17
1.01766e-16
2.64151e-17
5.58445e-17
2.88307e-17
1.57073e-06
-4.80197e-05
3.02479e-06
-5.28402e-05
4.49514e-06
-5.12551e-05
5.99684e-06
-5.11379e-05
7.50407e-06
-5.15022e-05
9.01211e-06
-5.19696e-05
1.05222e-05
-5.25197e-05
1.20349e-05
-5.31649e-05
1.35502e-05
-5.39098e-05
1.50677e-05
-5.47572e-05
1.65868e-05
-5.57098e-05
1.81067e-05
-5.67708e-05
1.9626e-05
-5.79439e-05
2.11429e-05
-5.9233e-05
2.2655e-05
-6.06425e-05
2.41592e-05
-6.21766e-05
2.56517e-05
-6.38404e-05
2.71273e-05
-6.56391e-05
2.85804e-05
-6.75761e-05
3.00025e-05
-6.96677e-05
3.13854e-05
-7.18709e-05
3.27243e-05
-7.43884e-05
3.39401e-05
-7.6528e-05
3.53153e-05
-7.95649e-05
2.53336e-05
-8.01181e-05
6.95442e-07
-2.26853e-05
5.55674e-08
-1.29638e-06
-6.48358e-09
3.76556e-08
-3.10911e-10
5.46947e-09
-1.50428e-11
1.76472e-10
-9.82377e-13
8.37448e-12
-6.88968e-14
5.44986e-13
-2.61292e-16
6.80218e-14
2.93753e-15
2.40532e-14
1.68037e-15
1.06586e-14
7.01778e-16
3.91085e-15
5.20435e-16
2.19711e-15
3.10258e-16
1.19175e-15
1.7761e-16
6.21366e-16
9.83959e-17
3.13784e-16
5.35352e-17
1.55752e-16
2.95446e-17
7.8504e-17
1.63973e-17
3.98552e-17
8.97852e-18
2.00061e-17
9.56932e-18
1.52065e-06
-4.95403e-05
2.90649e-06
-5.42261e-05
4.31701e-06
-5.26657e-05
5.75868e-06
-5.25796e-05
7.20427e-06
-5.29478e-05
8.64942e-06
-5.34148e-05
1.00952e-05
-5.39654e-05
1.15418e-05
-5.46115e-05
1.2989e-05
-5.5357e-05
1.44362e-05
-5.62043e-05
1.58824e-05
-5.7156e-05
1.73265e-05
-5.82149e-05
1.8767e-05
-5.93843e-05
2.02016e-05
-6.06677e-05
2.16279e-05
-6.20688e-05
2.30425e-05
-6.35912e-05
2.44413e-05
-6.52393e-05
2.58192e-05
-6.70169e-05
2.71703e-05
-6.89273e-05
2.84861e-05
-7.09834e-05
2.97594e-05
-7.31442e-05
3.09825e-05
-7.56115e-05
3.20836e-05
-7.76291e-05
3.33731e-05
-8.08544e-05
1.87255e-05
-7.5809e-05
5.68649e-07
-1.43186e-05
4.47641e-09
-8.1553e-07
-3.27661e-09
4.21179e-08
-1.20066e-10
2.16775e-09
-5.35499e-12
6.32997e-11
-3.22766e-13
2.82303e-12
-1.75769e-14
1.9235e-13
2.12703e-15
3.34996e-14
1.73943e-15
1.52431e-14
8.14437e-16
5.76328e-15
4.3679e-16
2.25541e-15
3.19928e-16
1.41518e-15
1.76801e-16
7.10915e-16
9.24992e-17
3.38742e-16
4.66994e-17
1.56016e-16
2.31907e-17
7.07981e-17
1.16146e-17
3.24612e-17
5.86082e-18
1.50293e-17
2.93176e-18
6.91695e-18
3.06903e-18
1.46752e-06
-5.10079e-05
2.78363e-06
-5.55422e-05
4.1326e-06
-5.40146e-05
5.51215e-06
-5.39592e-05
6.89407e-06
-5.43297e-05
8.2744e-06
-5.47951e-05
9.654e-06
-5.5345e-05
1.10328e-05
-5.59904e-05
1.24103e-05
-5.67345e-05
1.37856e-05
-5.75796e-05
1.51577e-05
-5.8528e-05
1.6525e-05
-5.95822e-05
1.78858e-05
-6.07451e-05
1.92378e-05
-6.20198e-05
2.05784e-05
-6.34093e-05
2.19039e-05
-6.49167e-05
2.32105e-05
-6.65458e-05
2.44926e-05
-6.82991e-05
2.57449e-05
-7.01795e-05
2.69583e-05
-7.21968e-05
2.8127e-05
-7.43129e-05
2.92395e-05
-7.6724e-05
3.02351e-05
-7.86246e-05
3.14335e-05
-8.20528e-05
1.31051e-05
-6.98191e-05
4.44013e-07
-8.26916e-06
-1.5503e-08
-4.12049e-07
-1.43319e-09
2.75419e-08
-4.36196e-11
7.90116e-10
-1.83908e-12
2.15291e-11
-9.76481e-14
9.65413e-13
-2.83636e-15
7.66224e-14
1.60497e-15
1.90235e-14
1.00082e-15
9.17482e-15
4.00803e-16
2.86302e-15
3.42684e-16
1.77007e-15
1.89525e-16
8.85906e-16
9.65896e-17
4.09902e-16
4.6259e-17
1.7872e-16
2.13408e-17
7.52463e-17
9.68108e-18
3.12276e-17
4.40988e-18
1.30458e-17
2.02483e-18
5.50905e-18
9.26222e-19
2.32502e-18
9.5626e-19
1.41148e-06
-5.24194e-05
2.65653e-06
-5.67872e-05
3.94232e-06
-5.53004e-05
5.25783e-06
-5.52747e-05
6.57421e-06
-5.56461e-05
7.88794e-06
-5.61088e-05
9.19968e-06
-5.66568e-05
1.05091e-05
-5.72998e-05
1.18155e-05
-5.80409e-05
1.31176e-05
-5.88818e-05
1.44143e-05
-5.98246e-05
1.57039e-05
-6.08718e-05
1.69845e-05
-6.20257e-05
1.82537e-05
-6.3289e-05
1.95087e-05
-6.46643e-05
2.07461e-05
-6.61541e-05
2.19617e-05
-6.77615e-05
2.31505e-05
-6.94878e-05
2.4307e-05
-7.13361e-05
2.54223e-05
-7.3312e-05
2.64918e-05
-7.53825e-05
2.74993e-05
-7.77315e-05
2.83984e-05
-7.95237e-05
2.94742e-05
-8.31286e-05
8.05851e-06
-6.19466e-05
2.58711e-07
-4.34191e-06
-1.61778e-08
-1.5684e-07
-5.61209e-10
1.18146e-08
-1.56588e-11
2.4038e-10
-5.79199e-13
7.45254e-12
-2.7566e-14
3.50039e-13
5.56514e-16
3.484e-14
1.00503e-15
1.20945e-14
5.32566e-16
4.79209e-15
3.69022e-16
2.27042e-15
2.10825e-16
1.16468e-15
1.08009e-16
5.38498e-16
5.06206e-17
2.28734e-16
2.22729e-17
9.15446e-17
9.42997e-18
3.53687e-17
3.91924e-18
1.34554e-17
1.62853e-18
5.13367e-18
6.81309e-19
1.97852e-18
2.85037e-19
7.6526e-19
2.9122e-19
1.35266e-06
-5.3772e-05
2.52553e-06
-5.79601e-05
3.74664e-06
-5.65215e-05
4.9963e-06
-5.65244e-05
6.24543e-06
-5.68952e-05
7.49094e-06
-5.73543e-05
8.73328e-06
-5.78991e-05
9.97188e-06
-5.85384e-05
1.12057e-05
-5.92747e-05
1.24336e-05
-6.01096e-05
1.36539e-05
-6.1045e-05
1.48651e-05
-6.2083e-05
1.60651e-05
-6.32257e-05
1.72514e-05
-6.44753e-05
1.84212e-05
-6.58341e-05
1.95711e-05
-6.7304e-05
2.06973e-05
-6.88877e-05
2.17949e-05
-7.05854e-05
2.28589e-05
-7.24002e-05
2.38806e-05
-7.43337e-05
2.48568e-05
-7.63587e-05
2.57666e-05
-7.86413e-05
2.65815e-05
-8.03386e-05
2.74248e-05
-8.39719e-05
3.98011e-06
-5.21078e-05
1.22446e-07
-2.25141e-06
-8.14916e-09
-3.18888e-08
-1.10376e-10
3.73858e-09
-3.54945e-12
7.65896e-11
-1.73914e-13
2.75629e-12
-6.97331e-15
1.30476e-13
7.19203e-16
1.71625e-14
5.52959e-16
7.72401e-15
2.54311e-16
2.40795e-15
2.33121e-16
1.55885e-15
1.24408e-16
7.43343e-16
5.881e-17
3.16032e-16
2.5422e-17
1.23522e-16
1.03285e-17
4.55811e-17
4.0343e-18
1.62354e-17
1.54292e-18
5.68326e-18
5.87211e-19
1.98699e-18
2.24384e-19
7.00112e-19
8.59007e-20
2.48108e-19
8.71758e-20
1.29125e-06
-5.50633e-05
2.39098e-06
-5.90598e-05
3.54602e-06
-5.76766e-05
4.72817e-06
-5.77065e-05
5.9085e-06
-5.80756e-05
7.08431e-06
-5.85301e-05
8.25585e-06
-5.90707e-05
9.42231e-06
-5.97049e-05
1.05825e-05
-6.04349e-05
1.1735e-05
-6.12621e-05
1.28782e-05
-6.21883e-05
1.40104e-05
-6.32151e-05
1.51293e-05
-6.43446e-05
1.62326e-05
-6.55786e-05
1.73175e-05
-6.6919e-05
1.83808e-05
-6.83673e-05
1.94189e-05
-6.99258e-05
2.04273e-05
-7.15938e-05
2.14019e-05
-7.33747e-05
2.23342e-05
-7.5266e-05
2.32234e-05
-7.72478e-05
2.40443e-05
-7.94622e-05
2.47904e-05
-8.10847e-05
2.50072e-05
-8.41887e-05
1.58817e-06
-4.1423e-05
4.60042e-08
-1.37226e-06
-2.44221e-09
1.57185e-08
-6.11521e-12
1.02451e-09
-6.80315e-13
1.41082e-11
-4.15583e-14
6.55081e-13
-9.11932e-16
4.70202e-14
5.28343e-16
9.465e-15
3.314e-16
4.2324e-15
2.46937e-16
2.07173e-15
1.41561e-16
1.04369e-15
6.9793e-17
4.5698e-16
3.04863e-17
1.78733e-16
1.22116e-17
6.45279e-17
4.60545e-18
2.20545e-17
1.66866e-18
7.27629e-18
5.90307e-19
2.35414e-18
2.06818e-19
7.57479e-19
7.24604e-20
2.44751e-19
2.5426e-20
7.95396e-20
2.57645e-20
1.22746e-06
-5.62907e-05
2.25326e-06
-6.00856e-05
3.34094e-06
-5.87643e-05
4.45407e-06
-5.88196e-05
5.56418e-06
-5.91857e-05
6.66897e-06
-5.96349e-05
7.76846e-06
-6.01702e-05
8.86162e-06
-6.0798e-05
9.9471e-06
-6.15204e-05
1.10234e-05
-6.23384e-05
1.20887e-05
-6.32536e-05
1.31413e-05
-6.42676e-05
1.41788e-05
-6.53821e-05
1.5199e-05
-6.65988e-05
1.61992e-05
-6.79192e-05
1.71765e-05
-6.93446e-05
1.81276e-05
-7.08769e-05
1.90487e-05
-7.25149e-05
1.99363e-05
-7.42623e-05
2.07829e-05
-7.61126e-05
2.15902e-05
-7.8055e-05
2.23317e-05
-8.02038e-05
2.30272e-05
-8.17802e-05
2.13288e-05
-8.24882e-05
5.07504e-07
-3.1229e-05
1.8169e-08
-9.11381e-07
-4.22489e-10
3.1915e-08
-2.03584e-12
3.24728e-10
-9.88911e-14
2.36814e-12
-6.18276e-15
1.24179e-13
1.86116e-16
1.84388e-14
2.62876e-16
6.21097e-15
2.60027e-16
2.90007e-15
1.53297e-16
1.45867e-15
8.14692e-17
6.73881e-16
3.70561e-17
2.70111e-16
1.50041e-17
9.73726e-17
5.59473e-18
3.25861e-17
1.9681e-18
1.03554e-17
6.64839e-19
3.17779e-18
2.18718e-19
9.54471e-19
7.09423e-20
2.8399e-19
2.29048e-20
8.44976e-20
7.39054e-21
2.52409e-20
7.53588e-21
1.16152e-06
-5.74522e-05
2.11274e-06
-6.10369e-05
3.13188e-06
-5.97834e-05
4.17464e-06
-5.98624e-05
5.21328e-06
-6.02243e-05
6.24588e-06
-6.06675e-05
7.27221e-06
-6.11965e-05
8.29106e-06
-6.18169e-05
9.30094e-06
-6.25302e-05
1.03002e-05
-6.33377e-05
1.1287e-05
-6.42404e-05
1.22595e-05
-6.52401e-05
1.32154e-05
-6.6338e-05
1.41524e-05
-6.75358e-05
1.5068e-05
-6.88348e-05
1.59596e-05
-7.02362e-05
1.68244e-05
-7.17417e-05
1.76591e-05
-7.33497e-05
1.84614e-05
-7.50646e-05
1.92249e-05
-7.68761e-05
1.99537e-05
-7.87838e-05
2.06205e-05
-8.08705e-05
2.12677e-05
-8.24273e-05
1.54006e-05
-8.22375e-05
2.4107e-07
-2.28991e-05
-1.31819e-09
-6.92091e-07
-3.21151e-10
3.22357e-08
-5.96786e-13
8.74573e-11
-1.05301e-14
1.19086e-12
-3.23098e-16
4.16271e-14
2.39352e-16
9.71449e-15
1.60499e-16
3.73605e-15
1.51234e-16
2.00327e-15
8.9964e-17
9.95682e-16
4.41025e-17
4.18385e-16
1.8537e-17
1.53428e-16
6.98384e-18
5.10842e-17
2.43416e-18
1.5889e-17
8.02053e-19
4.70837e-18
2.53752e-19
1.34838e-18
7.80257e-20
3.77454e-19
2.35647e-20
1.04331e-19
7.052e-21
2.87205e-20
2.10213e-21
7.91455e-21
2.18098e-21
1.09369e-06
-5.85459e-05
1.96979e-06
-6.1913e-05
2.91935e-06
-6.0733e-05
3.89054e-06
-6.08336e-05
4.85663e-06
-6.11904e-05
5.816e-06
-6.16269e-05
6.76821e-06
-6.21487e-05
7.71189e-06
-6.27606e-05
8.6454e-06
-6.34638e-05
9.56699e-06
-6.42592e-05
1.04748e-05
-6.51482e-05
1.13667e-05
-6.6132e-05
1.22406e-05
-6.72119e-05
1.30941e-05
-6.83894e-05
1.39251e-05
-6.96657e-05
1.4731e-05
-7.10421e-05
1.55095e-05
-7.25202e-05
1.62583e-05
-7.40985e-05
1.6976e-05
-7.57822e-05
1.76574e-05
-7.75576e-05
1.83094e-05
-7.94358e-05
1.89032e-05
-8.14643e-05
1.95013e-05
-8.30254e-05
1.19661e-05
-7.8928e-05
2.47453e-07
-1.60325e-05
-1.68006e-08
-4.45895e-07
-2.2298e-10
1.73003e-08
-2.94153e-13
5.37289e-11
5.96403e-17
1.96523e-12
-9.77803e-17
3.21641e-14
1.09682e-16
6.65874e-15
1.26817e-16
2.72387e-15
8.82219e-17
1.44879e-15
4.92155e-17
6.55588e-16
2.22453e-17
2.49218e-16
8.67942e-18
8.37212e-17
3.05562e-18
2.57919e-17
9.99276e-19
7.46895e-18
3.09553e-19
2.06767e-18
9.20938e-20
5.5389e-19
2.65919e-20
1.44954e-19
7.51938e-21
3.73719e-20
2.09846e-21
9.563e-21
5.8119e-22
2.44175e-21
6.22804e-22
1.02423e-06
-5.95701e-05
1.82479e-06
-6.27135e-05
2.70384e-06
-6.1612e-05
3.60242e-06
-6.17322e-05
4.49499e-06
-6.2083e-05
5.38024e-06
-6.25122e-05
6.25752e-06
-6.3026e-05
7.12529e-06
-6.36283e-05
7.98179e-06
-6.43203e-05
8.82517e-06
-6.51026e-05
9.65341e-06
-6.59765e-05
1.04644e-05
-6.6943e-05
1.12559e-05
-6.80034e-05
1.20257e-05
-6.91592e-05
1.27716e-05
-7.04116e-05
1.34914e-05
-7.17619e-05
1.41832e-05
-7.32121e-05
1.48454e-05
-7.47607e-05
1.54776e-05
-7.64144e-05
1.60764e-05
-7.81564e-05
1.66512e-05
-8.00106e-05
1.7173e-05
-8.1986e-05
1.77271e-05
-8.35796e-05
9.03111e-06
-7.47956e-05
2.38367e-07
-1.04604e-05
-1.08599e-08
-2.10494e-07
-4.83908e-11
9.48353e-09
-3.43849e-13
1.21427e-11
-1.49742e-14
1.72796e-12
-5.91766e-18
3.45439e-14
4.03509e-17
4.34437e-15
6.38339e-17
1.98489e-15
4.68306e-17
1.01731e-15
2.45232e-17
4.13056e-16
1.03185e-17
1.42289e-16
3.76366e-18
4.38762e-17
1.24426e-18
1.25206e-17
3.83299e-19
3.37821e-18
1.12043e-19
8.74437e-19
3.14692e-20
2.19415e-19
8.57175e-21
5.38e-20
2.28165e-21
1.29798e-20
5.97459e-22
3.10032e-21
1.54715e-22
7.36807e-22
1.74609e-22
9.53339e-07
-6.05235e-05
1.67809e-06
-6.34383e-05
2.48577e-06
-6.24197e-05
3.31079e-06
-6.25572e-05
4.129e-06
-6.29012e-05
4.93937e-06
-6.33225e-05
5.74099e-06
-6.38276e-05
6.53222e-06
-6.44196e-05
7.31119e-06
-6.50992e-05
8.07589e-06
-6.58673e-05
8.82421e-06
-6.67248e-05
9.5539e-06
-6.76727e-05
1.02627e-05
-6.87122e-05
1.09482e-05
-6.98447e-05
1.16083e-05
-7.10717e-05
1.22411e-05
-7.23947e-05
1.28449e-05
-7.38159e-05
1.34189e-05
-7.53347e-05
1.39636e-05
-7.69591e-05
1.44774e-05
-7.86702e-05
1.49721e-05
-8.05053e-05
1.54198e-05
-8.24337e-05
1.59269e-05
-8.40866e-05
6.34803e-06
-6.97398e-05
1.59516e-07
-6.10718e-06
-7.45794e-09
-4.37208e-08
-9.0992e-12
2.25934e-09
-1.72131e-13
1.99884e-12
-1.08418e-14
1.99153e-13
-1.33177e-16
2.01195e-14
1.01042e-17
2.9163e-15
2.6706e-17
1.47176e-15
2.13327e-17
6.82498e-16
1.08069e-17
2.48842e-16
4.30566e-18
7.79246e-17
1.48279e-18
2.20813e-17
4.63395e-19
5.83646e-18
1.3518e-19
1.46673e-18
3.7467e-20
3.5496e-19
9.98297e-21
8.34718e-20
2.57849e-21
1.92025e-20
6.49849e-22
4.34572e-21
1.60706e-22
9.72323e-22
3.91786e-23
2.15989e-22
4.77536e-23
8.81013e-07
-6.14045e-05
1.53002e-06
-6.40873e-05
2.26559e-06
-6.31553e-05
3.01621e-06
-6.33078e-05
3.75923e-06
-6.36442e-05
4.494e-06
-6.40573e-05
5.21934e-06
-6.45529e-05
5.93349e-06
-6.51337e-05
6.63447e-06
-6.58002e-05
7.32013e-06
-6.6553e-05
7.98819e-06
-6.73928e-05
8.63627e-06
-6.83207e-05
9.26191e-06
-6.93378e-05
9.86264e-06
-7.04454e-05
1.04362e-05
-7.16452e-05
1.09806e-05
-7.29391e-05
1.14945e-05
-7.43297e-05
1.19777e-05
-7.58178e-05
1.24312e-05
-7.74126e-05
1.28561e-05
-7.90949e-05
1.32654e-05
-8.09144e-05
1.3634e-05
-8.28021e-05
1.40787e-05
-8.45309e-05
3.96915e-06
-6.32131e-05
5.90263e-08
-2.9269e-06
-1.93486e-09
1.77959e-08
-1.65052e-12
3.51607e-10
-4.22838e-14
2.72884e-13
-1.67504e-15
8.06267e-15
-9.60288e-17
6.02686e-15
-9.25874e-18
2.00067e-15
5.74613e-18
1.06002e-15
7.45861e-18
4.3874e-16
3.94566e-18
1.43904e-16
1.53721e-18
4.09958e-17
5.09167e-19
1.0666e-17
1.52387e-19
2.60732e-18
4.25358e-20
6.09439e-19
1.12794e-20
1.37774e-19
2.87453e-21
3.03591e-20
7.09546e-22
6.55735e-21
1.70628e-22
1.39446e-21
4.0166e-23
2.93076e-22
9.29292e-24
6.10781e-23
1.26502e-23
8.07469e-07
-6.22119e-05
1.38133e-06
-6.46611e-05
2.04398e-06
-6.38179e-05
2.71937e-06
-6.39832e-05
3.38636e-06
-6.43112e-05
4.04481e-06
-6.47157e-05
4.69328e-06
-6.52013e-05
5.3299e-06
-6.57703e-05
5.95256e-06
-6.64228e-05
6.55897e-06
-6.71593e-05
7.14667e-06
-6.79805e-05
7.71309e-06
-6.88871e-05
8.25549e-06
-6.98801e-05
8.77115e-06
-7.0961e-05
9.25751e-06
-7.21315e-05
9.71243e-06
-7.33939e-05
1.01343e-05
-7.47515e-05
1.05234e-05
-7.62066e-05
1.08811e-05
-7.777e-05
1.12114e-05
-7.94249e-05
1.15266e-05
-8.12293e-05
1.18056e-05
-8.30805e-05
1.21604e-05
-8.48843e-05
1.94655e-06
-5.35495e-05
-7.36937e-09
-1.01207e-06
-3.15816e-10
1.07752e-08
-2.18442e-13
3.70475e-11
-6.36373e-15
4.11983e-14
-3.68918e-16
7.54714e-15
-6.34184e-17
2.40661e-15
-1.1832e-17
1.46566e-15
-1.39437e-18
7.45021e-16
9.72859e-19
2.72958e-16
9.12323e-19
8.0217e-17
3.9709e-19
2.07299e-17
1.35215e-19
4.9359e-18
4.0456e-20
1.11265e-18
1.11475e-20
2.41351e-19
2.89694e-21
5.08957e-20
7.19841e-22
1.05035e-20
1.72527e-22
2.13084e-21
4.01294e-23
4.26352e-22
9.10166e-24
8.43645e-23
2.0208e-24
1.65476e-23
3.22282e-24
7.3397e-07
-6.29458e-05
1.23372e-06
-6.51607e-05
1.82179e-06
-6.44058e-05
2.42096e-06
-6.45822e-05
3.01119e-06
-6.49013e-05
3.59281e-06
-6.52972e-05
4.16413e-06
-6.57725e-05
4.72313e-06
-6.63292e-05
5.26761e-06
-6.69671e-05
5.7951e-06
-6.76866e-05
6.30299e-06
-6.84881e-05
6.78845e-06
-6.93723e-05
7.24843e-06
-7.03398e-05
7.67979e-06
-7.1392e-05
8.07946e-06
-7.25307e-05
8.44471e-06
-7.37586e-05
8.77352e-06
-7.50796e-05
9.06588e-06
-7.64982e-05
9.32237e-06
-7.80254e-05
9.55061e-06
-7.96519e-05
9.75499e-06
-8.1432e-05
9.91652e-06
-8.32396e-05
1.01182e-05
-8.5081e-05
4.90964e-07
-3.93006e-05
-5.78945e-09
-4.11265e-07
-3.4922e-11
5.28927e-09
-6.59409e-14
5.40434e-12
-1.04179e-15
2.17133e-14
-1.17202e-16
3.95584e-15
-2.93804e-17
2.14695e-15
-9.63185e-18
1.12927e-15
-2.25876e-18
5.13404e-16
-4.06888e-19
1.65291e-16
-5.10326e-20
4.33072e-17
-1.24013e-22
1.00798e-17
1.27312e-20
2.17955e-18
5.81051e-21
4.51253e-19
1.91148e-21
9.05934e-20
5.42375e-22
1.7793e-20
1.40732e-22
3.43707e-21
3.43149e-23
6.55129e-22
7.98332e-24
1.23478e-22
1.78935e-24
2.30498e-23
3.88973e-25
4.26713e-24
7.84203e-25
6.59928e-07
-6.36053e-05
1.08886e-06
-6.55891e-05
1.60076e-06
-6.49172e-05
2.12313e-06
-6.51041e-05
2.63671e-06
-6.54143e-05
3.14186e-06
-6.58018e-05
3.63681e-06
-6.62668e-05
4.1193e-06
-6.68109e-05
4.5871e-06
-6.74341e-05
5.03765e-06
-6.81363e-05
5.46815e-06
-6.89176e-05
5.87562e-06
-6.97785e-05
6.25655e-06
-7.07192e-05
6.60718e-06
-7.17409e-05
6.92363e-06
-7.28451e-05
7.20195e-06
-7.40344e-05
7.4387e-06
-7.53134e-05
7.63238e-06
-7.66883e-05
7.78006e-06
-7.81689e-05
7.89245e-06
-7.97592e-05
7.9449e-06
-8.14778e-05
7.9206e-06
-8.32063e-05
7.77395e-06
-8.49156e-05
2.14987e-07
-2.40261e-05
-3.19451e-09
-1.9263e-07
-1.23699e-11
2.17894e-09
-1.36445e-14
2.36663e-12
-1.04717e-16
9.04197e-14
-3.11312e-17
2.94252e-15
-1.5798e-17
1.59629e-15
-6.79195e-18
8.87326e-16
-2.0906e-18
3.47155e-16
-5.13752e-19
9.75135e-17
-1.0714e-19
2.26535e-17
-1.95083e-20
4.72573e-18
-3.10517e-21
9.25429e-19
-4.09754e-22
1.74792e-19
-3.49525e-23
3.22633e-20
1.33448e-23
5.86791e-21
1.23335e-23
1.05692e-21
4.20876e-24
1.89399e-22
1.13665e-24
3.36716e-23
2.73914e-25
5.94147e-24
6.15001e-26
1.04088e-24
1.81087e-25
5.84651e-07
-6.41878e-05
9.513e-07
-6.59534e-05
1.38822e-06
-6.53518e-05
1.83503e-06
-6.55484e-05
2.27428e-06
-6.5851e-05
2.70542e-06
-6.62301e-05
3.12722e-06
-6.66856e-05
3.53718e-06
-6.72176e-05
3.93305e-06
-6.78263e-05
4.31222e-06
-6.85113e-05
4.67162e-06
-6.92723e-05
5.00809e-06
-7.01095e-05
5.3178e-06
-7.10225e-05
5.59598e-06
-7.20115e-05
5.83739e-06
-7.30775e-05
6.03581e-06
-7.42223e-05
6.18418e-06
-7.54493e-05
6.27435e-06
-7.67639e-05
6.2921e-06
-7.81694e-05
6.23841e-06
-7.96851e-05
6.06086e-06
-8.12745e-05
5.7068e-06
-8.2818e-05
4.85128e-06
-8.39894e-05
1.5614e-07
-1.38184e-05
-1.69558e-09
-3.46186e-08
-6.35355e-12
5.41765e-10
-9.29576e-15
3.84161e-12
-3.4693e-16
1.14143e-13
6.15918e-18
2.55619e-15
-6.40696e-18
1.32653e-15
-4.68296e-18
6.94062e-16
-1.68413e-18
2.30358e-16
-4.30322e-19
5.60467e-17
-9.03758e-20
1.14724e-17
-1.6779e-20
2.13577e-18
-2.85734e-21
3.77593e-19
-4.52716e-22
6.49889e-20
-6.67397e-23
1.10246e-20
-8.99621e-24
1.85543e-21
-1.05107e-24
3.10874e-22
-8.72678e-26
5.19574e-23
1.03914e-26
8.64954e-24
1.88125e-26
1.4365e-24
6.1419e-27
2.38784e-25
3.94497e-26
5.38301e-07
-6.47159e-05
8.33988e-07
-6.62377e-05
1.19589e-06
-6.57025e-05
1.56931e-06
-6.59103e-05
1.93997e-06
-6.62095e-05
2.30323e-06
-6.65806e-05
2.65826e-06
-6.70268e-05
3.00251e-06
-6.75467e-05
3.33346e-06
-6.81406e-05
3.64818e-06
-6.88074e-05
3.94333e-06
-6.95461e-05
4.21553e-06
-7.0357e-05
4.46076e-06
-7.12392e-05
4.67295e-06
-7.21905e-05
4.84509e-06
-7.3211e-05
4.96792e-06
-7.43002e-05
5.02921e-06
-7.54584e-05
5.01046e-06
-7.66847e-05
4.88838e-06
-7.79775e-05
4.60676e-06
-7.93219e-05
4.07794e-06
-8.06447e-05
3.22423e-06
-8.18343e-05
1.86051e-06
-8.23626e-05
1.26899e-09
-1.03154e-05
-4.63247e-10
-3.28625e-08
-9.40071e-13
7.60019e-11
4.40883e-15
1.32288e-12
-1.01385e-15
1.22352e-13
5.33803e-17
2.97317e-15
-3.4422e-19
1.16491e-15
-3.43756e-18
5.3777e-16
-1.29345e-18
1.50167e-16
-3.10939e-19
3.13434e-17
-6.06393e-20
5.61309e-18
-1.05263e-20
9.28951e-19
-1.70169e-21
1.47916e-19
-2.61974e-22
2.31729e-20
-3.87398e-23
3.61029e-21
-5.51282e-24
5.61964e-22
-7.51634e-25
8.75712e-23
-9.68581e-26
1.36696e-23
-1.14791e-26
2.1347e-24
-1.16586e-27
3.33612e-25
-7.67744e-29
5.21348e-26
8.1127e-27
5.1306e-07
-6.51801e-05
7.13659e-07
-6.63856e-05
1.01559e-06
-6.59522e-05
1.32385e-06
-6.61647e-05
1.63446e-06
-6.64638e-05
1.93885e-06
-6.68255e-05
2.23493e-06
-6.7259e-05
2.52034e-06
-6.77626e-05
2.79235e-06
-6.83361e-05
3.04749e-06
-6.89777e-05
3.28173e-06
-6.96843e-05
3.49086e-06
-7.04559e-05
3.67099e-06
-7.12927e-05
3.8143e-06
-7.21883e-05
3.91052e-06
-7.31397e-05
3.94514e-06
-7.41422e-05
3.89642e-06
-7.51894e-05
3.73132e-06
-7.62689e-05
3.41527e-06
-7.73766e-05
2.88313e-06
-7.84636e-05
2.05678e-06
8.92024e-07
-1.32227e-07
-1.07267e-07
-4.7115e-11
8.22807e-13
3.43966e-14
1.71341e-15
4.6409e-17
5.02069e-18
-2.81031e-18
-9.75564e-19
-2.07578e-19
-3.61788e-20
-5.69856e-21
-8.49214e-22
-1.22321e-22
-1.71943e-23
-2.36792e-24
-3.19487e-25
-4.20831e-26
-5.38e-27
-6.59943e-28
-7.6087e-29
4.62612e-07
5.60326e-07
8.07758e-07
1.0551e-06
1.29657e-06
1.52958e-06
1.75101e-06
1.95842e-06
2.14786e-06
2.31515e-06
2.45625e-06
2.56645e-06
2.6428e-06
2.67766e-06
2.6604e-06
2.57565e-06
2.40009e-06
2.1074e-06
1.68365e-06
)
;

boundaryField
{
    leftWall
    {
        type            calculated;
        value           uniform 0;
    }
    rightWall
    {
        type            calculated;
        value           nonuniform 0();
    }
    lowerWall
    {
        type            calculated;
        value           uniform 0;
    }
    atmosphere
    {
        type            calculated;
        value           nonuniform 0();
    }
    defaultFaces
    {
        type            empty;
        value           nonuniform 0();
    }
    procBoundary0to1
    {
        type            processor;
        value           nonuniform List<scalar> 
44
(
1.07576e-08
7.88442e-08
6.3094e-08
-1.73117e-08
-5.42807e-09
1.01675e-09
1.36697e-10
5.29222e-11
6.82848e-11
6.96185e-11
6.50509e-11
5.02311e-11
2.56775e-11
9.82139e-12
3.13616e-12
8.31541e-13
2.12907e-13
5.28982e-14
1.42828e-14
3.82507e-15
-2.14051e-15
8.64329e-16
3.82587e-16
1.3421e-16
4.56421e-17
1.49061e-17
4.67098e-18
1.40915e-18
4.11378e-19
1.16865e-19
3.24688e-20
8.85373e-21
2.37235e-21
6.23514e-22
1.59937e-22
3.9716e-23
9.44274e-24
2.11921e-24
4.40489e-25
8.23899e-26
1.31306e-26
1.53274e-27
3.15059e-29
-7.9571e-30
)
;
    }
    procBoundary0to2
    {
        type            processor;
        value           nonuniform List<scalar> 
46
(
-7.94222e-05
-8.01621e-05
-8.02375e-05
-1.08094e-05
-1.39585e-07
2.77228e-11
2.41432e-12
1.71702e-13
5.84426e-15
1.65088e-15
4.15705e-16
9.61237e-17
1.7016e-17
2.64693e-18
3.88074e-19
5.55491e-20
7.91393e-21
1.13182e-21
1.62925e-22
2.36193e-23
3.44641e-24
5.05223e-25
7.43136e-26
1.09394e-26
1.60835e-27
-6.54115e-05
-6.62388e-05
-6.59553e-05
-6.6161e-05
-6.64438e-05
-6.67837e-05
-6.71862e-05
-6.76513e-05
-6.8177e-05
-6.87606e-05
-6.93924e-05
-7.00726e-05
-7.08071e-05
-7.1584e-05
-7.23953e-05
-7.32317e-05
-7.4084e-05
-7.49341e-05
-7.57875e-05
1.09838e-06
-7.62022e-05
)
;
    }
}


// ************************************************************************* //
