/*--------------------------------*- C++ -*----------------------------------*\
| =========                 |                                                 |
| \\      /  F ield         | OpenFOAM: The Open Source CFD Toolbox           |
|  \\    /   O peration     | Version:  3.0.1                                 |
|   \\  /    A nd           | Web:      www.OpenFOAM.org                      |
|    \\/     M anipulation  |                                                 |
\*---------------------------------------------------------------------------*/
FoamFile
{
    version     2.0;
    format      ascii;
    class       volScalarField;
    location    "0.1";
    object      p;
}
// * * * * * * * * * * * * * * * * * * * * * * * * * * * * * * * * * * * * * //

dimensions      [1 -1 -2 0 0 0 0];

internalField   nonuniform List<scalar> 
1935
(
1937.04
1935.92
1931.92
1925.5
1916.99
1906.35
1893.48
1878.33
1860.83
1840.92
1818.49
1793.46
1765.69
1735.07
1701.43
1664.62
1624.45
1580.7
1533.17
1481.62
1425.81
1365.51
1300.49
1230.53
1155.48
1075.22
989.775
899.381
804.429
705.422
603.527
501.457
403.538
314.355
236.904
171.995
119.961
81.1221
49.0712
25.463
13.4078
9.00514
7.72368
7.37494
1890.02
1888.91
1884.88
1878.47
1869.96
1859.32
1846.44
1831.28
1813.78
1793.86
1771.42
1746.37
1718.58
1687.93
1654.26
1617.41
1577.18
1533.37
1485.76
1434.1
1378.16
1317.69
1252.46
1182.26
1106.9
1026.24
940.277
849.23
753.479
653.547
550.689
447.802
349.434
260.338
183.805
119.903
66.1919
32.2566
25.2233
13.1219
9.25136
7.42167
7.09065
7.11022
1843.08
1841.97
1837.92
1831.5
1823
1812.34
1799.46
1784.29
1766.77
1746.82
1724.36
1699.27
1671.45
1640.74
1607.01
1570.07
1529.73
1485.78
1438
1386.13
1329.93
1269.14
1203.52
1132.83
1056.83
975.357
888.369
796.061
698.696
596.72
491.562
386.566
286.722
196.85
120.116
59.888
21.5286
7.69487
5.1815
5.24771
4.11809
4.00478
5.11393
5.92566
1796.22
1795.1
1791.03
1784.61
1776.11
1765.44
1752.54
1737.35
1719.81
1699.83
1677.33
1652.19
1624.3
1593.52
1559.68
1522.61
1482.11
1437.97
1389.94
1337.77
1281.19
1219.93
1153.73
1082.3
1005.35
922.645
834.144
739.946
640.048
534.658
425.271
315.505
210.689
117.626
49.1916
16.001
4.99745
3.08176
2.18507
1.90123
1.53641
1.4948
3.04263
4.41149
1749.46
1748.33
1744.22
1737.8
1729.3
1718.62
1705.7
1690.49
1672.92
1652.91
1630.35
1605.15
1577.18
1546.29
1512.32
1475.08
1434.38
1389.97
1341.62
1289.06
1232
1170.14
1103.18
1030.78
952.559
868.219
777.682
680.841
577.298
466.847
350.504
231.424
119.7
41.3417
10.5253
3.44631
1.98994
1.64457
1.43918
1.36759
1.14471
0.86556
1.68139
3.15624
1702.8
1701.65
1697.51
1691.09
1682.59
1671.9
1658.96
1643.73
1626.12
1606.06
1583.45
1558.17
1530.1
1499.08
1464.96
1427.52
1386.57
1341.86
1293.13
1240.1
1182.45
1119.87
1052
978.412
898.617
812.262
719.173
618.918
510.513
392.536
264.224
134.757
42.8782
10.1965
3.29313
1.86258
1.37093
1.20306
1.19645
1.18316
1.07621
0.955036
1.34598
2.35717
1656.28
1655.1
1650.93
1644.51
1636
1625.3
1612.34
1597.08
1579.43
1559.32
1536.64
1511.28
1483.1
1451.95
1417.64
1379.99
1338.76
1293.7
1244.54
1190.98
1132.68
1069.27
1000.35
925.377
843.755
755.051
658.935
554.579
439.857
310.358
167.589
54.0274
11.9955
3.41591
1.76442
1.33732
1.16988
1.10699
1.1018
1.10156
1.05745
1.03261
1.31793
1.95241
1609.9
1608.68
1604.48
1598.06
1589.55
1578.84
1565.86
1550.57
1532.88
1512.72
1489.98
1464.53
1436.23
1404.93
1370.43
1332.54
1291.01
1245.58
1195.96
1141.82
1082.81
1018.5
948.42
871.922
788.276
696.963
597.508
488.553
365.242
220.529
80.4231
16.939
4.21323
1.70118
1.19853
1.0928
1.06182
1.04607
1.04674
1.05175
1.0445
1.07993
1.30426
1.67753
1563.68
1562.43
1558.2
1551.78
1543.27
1532.54
1519.55
1504.23
1486.51
1466.3
1443.48
1417.94
1389.53
1358.08
1323.39
1285.25
1243.41
1197.59
1147.49
1092.77
1033
967.749
896.452
818.334
732.545
638.495
535.676
421.543
286.381
130.84
29.0067
6.2921
1.90767
1.09239
0.942684
0.947909
0.961565
0.970338
0.98163
0.996904
1.01782
1.07625
1.23207
1.43188
1517.66
1516.36
1512.1
1505.69
1497.18
1486.44
1473.44
1458.1
1440.34
1420.08
1397.21
1371.58
1343.05
1311.45
1276.57
1238.19
1196.04
1149.84
1099.27
1043.95
983.436
917.233
844.701
764.937
676.973
580.27
474.307
353.605
204.898
59.632
10.8392
2.60457
1.03804
0.786143
0.791791
0.830462
0.860216
0.881322
0.901361
0.926011
0.95987
1.01677
1.1114
1.19545
1471.44
1470.09
1465.81
1459.41
1450.9
1440.16
1427.14
1411.79
1394.01
1373.71
1350.78
1325.08
1296.44
1264.7
1229.64
1191.02
1148.58
1102.02
1050.99
995.1
933.86
866.731
792.997
711.616
621.547
522.534
413.586
283.825
126.324
22.5867
4.46984
1.18888
0.674595
0.626201
0.676174
0.721428
0.75769
0.78558
0.811453
0.840687
0.876106
0.921187
0.971803
0.973299
1424.86
1423.45
1419.15
1412.76
1404.26
1393.52
1380.5
1365.14
1347.34
1327.02
1304.04
1278.27
1249.55
1217.69
1182.47
1143.64
1100.93
1054.04
1002.59
946.177
884.264
816.278
741.428
658.529
566.572
465.849
353.669
213.281
61.495
9.48971
1.88796
0.658837
0.485495
0.520685
0.572522
0.61764
0.655883
0.68698
0.715758
0.745797
0.77811
0.810578
0.83395
0.792399
1378.13
1376.67
1372.36
1365.98
1357.49
1346.77
1333.75
1318.39
1300.59
1280.25
1257.25
1231.44
1202.65
1170.69
1135.34
1096.34
1053.41
1006.24
954.442
897.573
835.079
766.356
690.541
606.304
512.884
411.111
294.52
145.73
24.1638
3.86781
0.783649
0.387252
0.369341
0.426277
0.473459
0.517516
0.555353
0.587274
0.616771
0.645816
0.674322
0.697709
0.709164
0.670103
1331.31
1329.78
1325.46
1319.11
1310.64
1299.93
1286.93
1271.59
1253.8
1233.47
1210.46
1184.63
1155.8
1123.79
1088.34
1049.23
1006.14
958.756
906.697
849.479
786.53
717.239
640.659
555.351
461.121
358.797
235.905
85.5825
10.488
1.63037
0.39007
0.23258
0.280743
0.332614
0.377192
0.419478
0.455696
0.487197
0.516272
0.543813
0.569221
0.587815
0.595263
0.572055
1284.42
1282.83
1278.51
1272.19
1263.74
1253.06
1240.1
1224.79
1207.03
1186.73
1163.74
1137.92
1109.1
1077.07
1041.59
1002.41
959.243
911.741
859.523
802.084
738.841
669.191
592.085
506.058
411.834
309.173
179.45
39.4682
4.66756
0.601914
0.16258
0.137116
0.196381
0.240008
0.282971
0.322643
0.356977
0.387565
0.415772
0.441802
0.464743
0.480745
0.485678
0.47079
1237.5
1235.86
1231.55
1225.26
1216.85
1206.21
1193.29
1178.03
1160.34
1140.09
1117.16
1091.39
1062.61
1030.62
995.167
956.009
912.841
865.327
813.078
755.568
692.222
622.458
545.091
458.786
365.338
261.794
127.36
15.4729
1.73304
0.170287
0.00744148
0.0559918
0.107914
0.148569
0.189793
0.226735
0.259357
0.288886
0.316067
0.340651
0.361428
0.375413
0.378554
0.366638
1190.61
1188.91
1184.62
1178.37
1170.01
1159.42
1146.58
1131.39
1113.77
1093.61
1070.77
1045.1
1016.42
984.523
949.174
910.119
867.055
819.651
767.512
710.101
646.869
577.257
499.924
413.9
321.775
215.748
80.3672
7.11851
0.639708
-0.0148337
-0.0856745
-0.0219993
0.0186087
0.0583372
0.0971689
0.131762
0.162904
0.191367
0.217486
0.2407
0.259644
0.272044
0.274746
0.265495
1143.79
1142.03
1137.76
1131.57
1123.26
1112.75
1099.99
1084.91
1067.4
1047.36
1024.66
999.135
970.607
938.874
903.705
864.846
821.999
774.836
722.962
665.835
602.953
533.77
456.796
371.754
281.473
172.413
42.5434
3.51125
0.124238
-0.17672
-0.161227
-0.10681
-0.0703048
-0.031306
0.00504588
0.0377792
0.0676378
0.0950888
0.120171
0.142139
0.159662
0.171019
0.174086
0.16757
1097.08
1095.26
1091.04
1084.9
1076.67
1066.25
1053.6
1038.64
1021.28
1001.4
978.88
953.552
925.243
893.75
858.848
820.29
777.778
730.997
679.552
622.904
560.618
492.133
415.852
332.511
244.254
132.348
18.0838
1.22444
-0.171009
-0.307655
-0.238929
-0.194884
-0.15829
-0.120645
-0.0864217
-0.0551841
-0.0264658
3.4079e-05
0.02413
0.0449886
0.0614175
0.0721082
0.0756457
0.071272
1050.53
1048.66
1044.48
1038.41
1030.27
1019.96
1007.44
992.643
975.463
955.792
933.497
908.425
880.402
849.23
814.687
776.537
734.487
688.234
637.387
581.418
519.975
452.44
377.187
296.127
209.54
96.6691
7.05325
0.120936
-0.335346
-0.386768
-0.318263
-0.282423
-0.245416
-0.209663
-0.177137
-0.147176
-0.119493
-0.0938969
-0.0707387
-0.0508677
-0.0353133
-0.025067
-0.0210802
-0.0237709
1004.18
1002.27
998.143
992.158
984.117
973.941
961.583
946.97
930.007
910.585
888.572
863.818
836.152
805.383
771.298
733.668
692.209
646.634
596.555
541.468
481.112
414.765
340.888
262.458
176.352
64.4531
3.41114
-0.230351
-0.475642
-0.454973
-0.402342
-0.368846
-0.332209
-0.298301
-0.267137
-0.23831
-0.211575
-0.186842
-0.164571
-0.145572
-0.13071
-0.120716
-0.116197
-0.117374
-0.124086
958.072
956.124
952.068
946.176
938.254
928.232
916.061
901.669
884.965
865.838
844.161
819.789
792.556
762.278
728.749
691.754
651.015
606.268
557.127
503.125
444.092
379.163
307.077
231.656
145.614
37.6852
1.74647
-0.405782
-0.597203
-0.527538
-0.488258
-0.454269
-0.418882
-0.386555
-0.356542
-0.328724
-0.302856
-0.278941
-0.257491
-0.239243
-0.224901
-0.214986
-0.209843
-0.209575
-0.213938
912.258
910.278
906.3
900.513
892.728
882.882
870.927
856.791
840.385
821.603
800.32
776.396
749.671
719.971
687.1
650.854
610.965
567.193
519.154
466.434
408.946
345.658
275.819
203.643
117.374
18.4923
0.502736
-0.546946
-0.682205
-0.604898
-0.573625
-0.539198
-0.505574
-0.474505
-0.44549
-0.418563
-0.393475
-0.370318
-0.349606
-0.331981
-0.318003
-0.308034
-0.30225
-0.30065
-0.302989
866.779
864.772
860.883
855.212
847.583
837.936
826.226
812.382
796.317
777.929
757.098
733.689
707.551
678.517
646.404
611.02
572.108
529.452
482.673
431.42
375.675
314.232
247.079
178.238
92.1463
7.18237
-0.373722
-0.701611
-0.744644
-0.68877
-0.658823
-0.624428
-0.592336
-0.56223
-0.534088
-0.507937
-0.483548
-0.461075
-0.441004
-0.423881
-0.410139
-0.400023
-0.393602
-0.390811
-0.391403
821.675
819.649
815.858
810.317
802.862
793.439
782.004
768.488
752.807
734.864
714.544
691.718
666.244
637.965
606.71
572.297
534.485
493.081
447.708
398.091
344.251
284.82
220.681
154.957
70.0748
2.44725
-0.77744
-0.852846
-0.81074
-0.776439
-0.744203
-0.710134
-0.679091
-0.649753
-0.622387
-0.596917
-0.573154
-0.55129
-0.531765
-0.515035
-0.501425
-0.491091
-0.484041
-0.48018
-0.479279
776.989
774.95
771.269
765.87
758.608
749.435
738.305
725.154
709.902
692.455
672.705
650.531
625.798
598.362
568.06
534.727
498.131
458.105
414.274
366.447
314.642
257.361
196.383
133.027
49.9894
0.902282
-0.913495
-0.9948
-0.888413
-0.86504
-0.829646
-0.796122
-0.76574
-0.737066
-0.7104
-0.68554
-0.662344
-0.641021
-0.621956
-0.605523
-0.591962
-0.581361
-0.573693
-0.568859
-0.566654
732.762
730.718
727.157
721.915
714.867
705.969
695.176
682.428
667.649
650.75
631.63
610.175
586.26
559.751
530.498
498.346
463.077
424.549
382.384
336.486
286.825
231.839
174.176
112.815
32.8877
0.23993
-0.977384
-1.10989
-0.974203
-0.951043
-0.914545
-0.882012
-0.852175
-0.824149
-0.798127
-0.773825
-0.751151
-0.73031
-0.711632
-0.695416
-0.681837
-0.67094
-0.662674
-0.656946
-0.653581
689.033
686.995
683.565
678.495
671.683
663.086
652.663
640.357
626.096
609.797
591.366
570.698
547.675
522.176
494.06
463.186
429.348
392.426
352.044
308.199
260.777
208.245
154.01
94.3635
19.4732
-0.276968
-1.0418
-1.16062
-1.06186
-1.034
-0.998628
-0.967524
-0.938339
-0.910999
-0.885581
-0.861801
-0.839611
-0.8192
-0.800848
-0.784787
-0.77114
-0.759927
-0.751089
-0.744539
-0.740126
645.839
643.818
640.532
635.651
629.096
620.829
610.81
598.984
585.287
569.641
551.957
532.14
510.081
485.669
458.775
429.268
396.955
361.738
323.241
281.56
236.461
186.553
135.812
77.7248
9.58594
-0.732533
-1.14055
-1.18683
-1.14347
-1.11443
-1.08217
-1.05272
-1.02432
-0.997677
-0.972817
-0.949514
-0.927767
-0.907739
-0.889658
-0.873702
-0.859954
-0.848414
-0.839029
-0.831721
-0.826359
603.212
601.22
598.093
593.417
587.144
579.235
569.652
558.348
545.259
530.314
513.434
494.529
473.502
450.249
424.653
396.593
365.888
332.46
295.937
256.51
213.801
166.689
119.442
62.9591
3.38809
-1.13571
-1.28107
-1.23589
-1.23216
-1.19607
-1.16644
-1.13806
-1.11033
-1.0843
-1.05992
-1.03704
-1.01568
-0.995984
-0.978123
-0.962227
-0.948351
-0.936485
-0.926578
-0.918567
-0.912343
561.175
559.227
556.27
551.817
545.848
538.324
529.211
518.465
506.027
491.832
475.807
457.87
437.933
415.903
391.67
365.125
336.098
304.53
270.052
232.947
192.674
148.496
104.657
50.0241
0.3555
-1.40217
-1.42129
-1.31549
-1.32583
-1.28057
-1.25206
-1.22384
-1.19654
-1.17097
-1.14697
-1.12445
-1.10343
-1.084
-1.06631
-1.05044
-1.03641
-1.02422
-1.01381
-1.00515
-0.998128
519.736
517.845
515.071
510.855
505.209
498.094
489.48
479.325
467.576
454.172
439.047
422.126
403.33
382.573
359.758
334.781
307.488
277.834
245.458
210.719
172.905
131.74
91.0807
38.6636
-0.739949
-1.52602
-1.54485
-1.40673
-1.41774
-1.36729
-1.33844
-1.30986
-1.28289
-1.2577
-1.23404
-1.21183
-1.19109
-1.17188
-1.1543
-1.13841
-1.12421
-1.11168
-1.1008
-1.09151
-1.08376
478.888
477.062
474.478
470.51
465.203
458.515
450.421
440.883
429.852
417.273
403.084
387.217
369.6
350.157
328.799
305.433
279.916
252.218
221.986
189.646
154.306
116.167
78.3073
28.3672
-1.01452
-1.5617
-1.6543
-1.49791
-1.50271
-1.45454
-1.42437
-1.39564
-1.36917
-1.34445
-1.32117
-1.29927
-1.27876
-1.25971
-1.24219
-1.22622
-1.21182
-1.19896
-1.1876
-1.17772
-1.16928
438.604
436.849
434.456
430.742
425.781
419.531
411.97
403.065
392.772
381.04
367.812
353.025
336.616
318.515
298.644
276.92
253.215
227.507
199.463
169.551
136.716
101.661
66.4428
19.5465
-1.14886
-1.61288
-1.71621
-1.58655
-1.57951
-1.53903
-1.5084
-1.48068
-1.45522
-1.43119
-1.4084
-1.38682
-1.36652
-1.34758
-1.33005
-1.31397
-1.29933
-1.2861
-1.27427
-1.26383
-1.25474
398.848
397.163
394.959
391.499
386.887
381.078
374.055
365.79
356.244
345.372
333.12
319.433
304.252
287.517
269.159
249.105
227.245
203.567
177.756
150.314
120.043
88.1488
55.4757
12.3116
-1.3574
-1.72535
-1.74762
-1.67513
-1.65156
-1.62063
-1.58983
-1.56506
-1.54106
-1.51795
-1.49578
-1.47458
-1.45447
-1.43558
-1.41798
-1.40172
-1.38679
-1.37318
-1.36087
-1.34987
-1.34016
359.572
357.956
355.935
352.73
348.471
343.108
336.626
329.004
320.21
310.206
298.942
286.369
272.436
257.091
240.275
221.927
201.954
180.351
156.834
131.913
104.281
75.6302
45.4122
6.48699
-1.61848
-1.86855
-1.78926
-1.75646
-1.7242
-1.69952
-1.6724
-1.64983
-1.62699
-1.60491
-1.58344
-1.56264
-1.54271
-1.52381
-1.50608
-1.48956
-1.47428
-1.46024
-1.44744
-1.43589
-1.42556
320.728
319.187
317.351
314.406
310.507
305.6
299.669
292.697
284.663
275.535
265.271
253.829
241.167
227.241
212.004
195.402
177.361
157.882
136.718
114.372
89.4601
64.1144
36.258
2.23537
-1.83115
-1.99577
-1.84563
-1.83691
-1.79865
-1.77849
-1.75479
-1.73418
-1.71312
-1.69227
-1.67157
-1.65115
-1.63134
-1.61236
-1.5944
-1.57755
-1.56186
-1.54735
-1.53402
-1.5219
-1.51098
282.283
280.832
279.188
276.513
272.981
268.541
263.173
256.864
249.6
241.359
232.108
221.815
210.447
197.969
184.342
169.525
153.452
136.129
117.351
97.6159
75.4962
53.4792
27.9161
-0.316716
-1.89372
-2.02034
-1.90309
-1.90471
-1.87211
-1.8566
-1.83717
-1.81912
-1.80003
-1.78043
-1.76043
-1.74029
-1.72049
-1.70133
-1.68303
-1.66576
-1.64957
-1.63453
-1.62065
-1.60795
-1.59641
244.232
242.865
241.407
239.009
235.849
231.879
227.082
221.447
214.965
207.624
199.403
190.279
180.23
169.231
157.254
144.263
130.201
115.066
98.6836
81.5635
62.2688
43.5323
20.1853
-1.4653
-1.92258
-1.99783
-1.95283
-1.9603
-1.94362
-1.93422
-1.92034
-1.90543
-1.88837
-1.8699
-1.85044
-1.83027
-1.81033
-1.79081
-1.77204
-1.75422
-1.73746
-1.72183
-1.70735
-1.69403
-1.68188
206.58
205.323
204.039
201.918
199.14
195.647
191.426
186.475
180.791
174.369
167.198
159.266
150.56
141.069
130.771
119.643
107.638
94.7451
80.7873
66.2632
49.7677
33.9373
12.7124
-1.84578
-1.9913
-2.02974
-2.01068
-2.01799
-2.01685
-2.01395
-2.00605
-1.99432
-1.97902
-1.96126
-1.94185
-1.92153
-1.90106
-1.88092
-1.86148
-1.84297
-1.82553
-1.80923
-1.7941
-1.78016
-1.76738
169.202
168.175
167.128
165.257
162.833
159.787
156.106
151.802
146.874
141.32
135.137
128.318
120.863
112.766
104.012
94.5908
84.4786
73.7049
62.0907
50.3153
37.5614
24.104
5.59657
-2.0924
-2.14799
-2.07206
-2.06651
-2.08074
-2.09609
-2.09865
-2.09665
-2.08744
-2.0731
-2.05528
-2.0353
-2.01419
-1.9928
-1.97172
-1.95137
-1.93201
-1.91377
-1.89673
-1.8809
-1.8663
-1.85289
132.076
130.952
130.211
128.586
126.476
123.846
120.669
116.971
112.754
108.02
102.769
97.0058
90.7372
83.9615
76.6674
68.8439
60.4785
51.6312
42.047
32.9397
24.4356
13.923
1.06011
-2.10609
-2.08911
-2.03663
-2.10671
-2.14847
-2.18083
-2.19335
-2.19496
-2.18659
-2.17172
-2.15263
-2.13111
-2.10846
-2.08562
-2.06323
-2.04171
-2.02131
-2.00215
-1.98428
-1.96771
-1.95242
-1.93838
94.7496
92.943
92.4169
91.0854
89.315
87.1176
84.471
81.4072
77.9403
74.0769
69.8296
65.2271
60.2868
55.0181
49.4256
43.4994
37.2457
30.7596
23.903
17.0118
9.96664
3.27698
-1.80938
-2.05124
-1.81066
-1.95591
-2.14068
-2.23214
-2.28368
-2.30283
-2.30418
-2.29375
-2.27595
-2.2538
-2.22946
-2.20437
-2.17948
-2.15537
-2.13241
-2.1108
-2.0906
-2.07184
-2.05448
-2.03848
-2.0238
57.2301
55.6409
55.399
54.333
52.9888
51.3363
49.3731
47.1164
44.6021
41.8401
38.8211
35.5844
32.1904
28.6862
25.1061
21.421
17.6309
13.8569
10.0827
6.52254
)
;

boundaryField
{
    leftWall
    {
        type            calculated;
        value           nonuniform List<scalar> 
44
(
1937.04
1890.02
1843.08
1796.22
1749.46
1702.8
1656.28
1609.9
1563.68
1517.66
1471.44
1424.86
1378.13
1331.31
1284.42
1237.5
1190.61
1143.79
1097.08
1050.53
1004.18
958.072
912.258
866.779
821.675
776.989
732.762
689.033
645.839
603.212
561.175
519.736
478.888
438.604
398.848
359.572
320.728
282.283
244.232
206.58
169.202
132.076
94.7496
57.2301
)
;
    }
    rightWall
    {
        type            calculated;
        value           nonuniform 0();
    }
    lowerWall
    {
        type            calculated;
        value           nonuniform List<scalar> 
44
(
1960.58
1959.47
1955.46
1949.04
1940.54
1929.89
1917.02
1901.87
1884.38
1864.46
1842.04
1817
1789.24
1758.61
1724.98
1688.17
1647.99
1604.25
1556.72
1505.17
1449.36
1389.05
1324.03
1254.08
1179.02
1098.76
1013.32
922.925
827.973
728.966
627.07
525
427.081
337.888
260.367
195.437
143.345
103.817
63.6382
27.3669
13.7358
9.10453
7.76204
7.40058
)
;
    }
    atmosphere
    {
        type            calculated;
        value           nonuniform 0();
    }
    defaultFaces
    {
        type            empty;
    }
    procBoundary0to1
    {
        type            processor;
        value           nonuniform List<scalar> 
44
(
7.27117
7.11555
6.37415
5.15716
4.00481
3.09346
2.43134
1.93655
1.52834
1.17997
0.871364
0.666641
0.574107
0.50354
0.419701
0.329391
0.239341
0.149076
0.0578879
-0.0334097
-0.0334097
-0.135357
-0.222019
-0.308543
-0.394834
-0.480885
-0.566691
-0.652249
-0.737582
-0.822728
-0.907724
-0.992606
-1.07741
-1.16217
-1.2469
-1.33164
-1.41639
-1.50118
-1.586
-1.67086
-1.75576
-1.84066
-1.92555
-2.01041
)
;
    }
    procBoundary0to2
    {
        type            processor;
        value           nonuniform List<scalar> 
46
(
2.87485
0.277343
-2.43411
-3.23899
-1.77045
-1.97013
-2.23427
-2.36622
-2.41986
-2.4347
-2.42816
-2.41058
-2.38634
-2.35884
-2.33021
-2.30173
-2.27417
-2.24796
-2.22332
-2.20033
-2.179
-2.15929
-2.14112
-2.12443
-2.10914
25.7435
24.8445
24.8632
24.2581
23.5128
22.5839
21.5103
20.3151
19.0516
17.7233
16.2831
14.7823
13.3185
11.9443
10.7548
9.73897
8.67644
7.68398
6.84357
2.87485
6.14719
)
;
    }
}


// ************************************************************************* //
