/*--------------------------------*- C++ -*----------------------------------*\
| =========                 |                                                 |
| \\      /  F ield         | OpenFOAM: The Open Source CFD Toolbox           |
|  \\    /   O peration     | Version:  3.0.1                                 |
|   \\  /    A nd           | Web:      www.OpenFOAM.org                      |
|    \\/     M anipulation  |                                                 |
\*---------------------------------------------------------------------------*/
FoamFile
{
    version     2.0;
    format      ascii;
    class       surfaceScalarField;
    location    "0.1";
    object      phi;
}
// * * * * * * * * * * * * * * * * * * * * * * * * * * * * * * * * * * * * * //

dimensions      [0 3 -1 0 0 0 0];

internalField   nonuniform List<scalar> 
3781
(
1.93974e-06
-1.93974e-06
4.33943e-06
-2.39969e-06
6.63728e-06
-2.29784e-06
8.88286e-06
-2.24558e-06
1.11384e-05
-2.25554e-06
1.34237e-05
-2.28532e-06
1.57448e-05
-2.32103e-06
1.81064e-05
-2.36169e-06
2.05146e-05
-2.40817e-06
2.29757e-05
-2.46109e-06
2.54966e-05
-2.52092e-06
2.80847e-05
-2.58808e-06
3.07477e-05
-2.66303e-06
3.3494e-05
-2.74625e-06
3.63322e-05
-2.83823e-06
3.92717e-05
-2.93955e-06
4.23224e-05
-3.05062e-06
4.54946e-05
-3.17225e-06
4.87994e-05
-3.30474e-06
5.22479e-05
-3.44855e-06
5.58525e-05
-3.60464e-06
5.96248e-05
-3.77229e-06
6.35748e-05
-3.94999e-06
6.77126e-05
-4.1378e-06
7.20426e-05
-4.32995e-06
7.65538e-05
-4.51126e-06
8.12354e-05
-4.68155e-06
8.6105e-05
-4.86962e-06
9.11792e-05
-5.07423e-06
9.63688e-05
-5.18953e-06
0.00010139
-5.02106e-06
0.000105793
-4.40322e-06
0.000109119
-3.32634e-06
0.000111124
-2.00437e-06
0.000111904
-7.79882e-07
0.00011188
2.33801e-08
0.000111677
2.03357e-07
0.000111789
-1.11622e-07
0.00011103
7.58562e-07
0.000105025
6.00457e-06
9.2931e-05
1.20944e-05
7.59315e-05
1.69995e-05
5.63779e-05
1.95536e-05
1.85038e-05
1.94884e-06
-3.88858e-06
4.34852e-06
-4.79937e-06
6.65044e-06
-4.59976e-06
8.90119e-06
-4.49633e-06
1.11612e-05
-4.51551e-06
1.34504e-05
-4.57458e-06
1.5775e-05
-4.64564e-06
1.81398e-05
-4.72652e-06
2.05507e-05
-4.81902e-06
2.3014e-05
-4.92442e-06
2.55367e-05
-5.04364e-06
2.81261e-05
-5.1775e-06
3.079e-05
-5.32689e-06
3.35365e-05
-5.49279e-06
3.63745e-05
-5.6762e-06
3.93132e-05
-5.87825e-06
4.23625e-05
-6.09991e-06
4.5533e-05
-6.34278e-06
4.88357e-05
-6.60741e-06
5.22823e-05
-6.89518e-06
5.58858e-05
-7.20809e-06
5.96564e-05
-7.54289e-06
6.36034e-05
-7.89706e-06
6.77427e-05
-8.27712e-06
7.20887e-05
-8.67588e-06
7.66308e-05
-9.05338e-06
8.13395e-05
-9.39023e-06
8.62029e-05
-9.73305e-06
9.12291e-05
-1.01005e-05
9.63745e-05
-1.03349e-05
0.000101465
-1.01112e-05
0.000106212
-9.15038e-06
0.000110335
-7.44907e-06
0.000113649
-5.31834e-06
0.000116093
-3.2239e-06
0.000117794
-1.67844e-06
0.00011938
-1.3819e-06
0.000122365
-3.09682e-06
0.000127322
-4.19867e-06
0.000132773
5.54132e-07
0.000133256
1.16107e-05
0.000124395
2.58607e-05
0.000107161
3.67876e-05
4.59992e-05
1.94841e-06
-5.83699e-06
4.33747e-06
-7.18842e-06
6.63003e-06
-6.89231e-06
8.87358e-06
-6.73987e-06
1.11265e-05
-6.76841e-06
1.34082e-05
-6.85628e-06
1.57246e-05
-6.96212e-06
1.80807e-05
-7.08261e-06
2.04822e-05
-7.2205e-06
2.29355e-05
-7.37774e-06
2.54475e-05
-7.55565e-06
2.80255e-05
-7.75547e-06
3.06771e-05
-7.97853e-06
3.34106e-05
-8.2263e-06
3.62347e-05
-8.50028e-06
3.91587e-05
-8.80224e-06
4.21925e-05
-9.13374e-06
4.53469e-05
-9.49719e-06
4.86331e-05
-9.89355e-06
5.20633e-05
-1.03254e-05
5.56508e-05
-1.07956e-05
5.94058e-05
-1.12979e-05
6.33402e-05
-1.18314e-05
6.74759e-05
-1.24128e-05
7.18286e-05
-1.30286e-05
7.63821e-05
-1.36069e-05
8.11107e-05
-1.41188e-05
8.60238e-05
-1.46462e-05
9.11483e-05
-1.5225e-05
9.64418e-05
-1.56284e-05
0.000101743
-1.54124e-05
0.00010684
-1.42477e-05
0.00011162
-1.22288e-05
0.00011615
-9.84807e-06
0.000120574
-7.64781e-06
0.000124641
-5.74627e-06
0.000126706
-3.44693e-06
0.000125023
-1.41346e-06
0.000124126
-3.30202e-06
0.000127404
-2.72356e-06
0.000132096
6.91835e-06
0.000130654
2.73026e-05
0.000115898
5.15436e-05
7.62226e-05
1.94655e-06
-7.78354e-06
4.32191e-06
-9.56377e-06
6.60122e-06
-9.17162e-06
8.83408e-06
-8.97274e-06
1.10769e-05
-9.01121e-06
1.3348e-05
-9.1274e-06
1.56532e-05
-9.26732e-06
1.79973e-05
-9.42669e-06
2.0386e-05
-9.6092e-06
2.28257e-05
-9.81745e-06
2.53232e-05
-1.00532e-05
2.78858e-05
-1.0318e-05
3.0521e-05
-1.06138e-05
3.3237e-05
-1.09423e-05
3.60425e-05
-1.13057e-05
3.89467e-05
-1.17065e-05
4.19597e-05
-1.21467e-05
4.50924e-05
-1.26299e-05
4.83562e-05
-1.31574e-05
5.17641e-05
-1.37333e-05
5.53294e-05
-1.43609e-05
5.90635e-05
-1.5032e-05
6.29829e-05
-1.57508e-05
6.71132e-05
-1.65432e-05
7.14643e-05
-1.73797e-05
7.60169e-05
-1.81594e-05
8.07688e-05
-1.88707e-05
8.57811e-05
-1.96585e-05
9.11322e-05
-2.05761e-05
9.68095e-05
-2.13057e-05
0.000102665
-2.12676e-05
0.000108467
-2.00504e-05
0.000113934
-1.76956e-05
0.000118709
-1.46231e-05
0.000122716
-1.16544e-05
0.000126218
-9.24829e-06
0.000128514
-5.74248e-06
0.000126317
7.83236e-07
0.000118021
4.99396e-06
0.000111636
3.661e-06
0.000109825
8.72934e-06
0.000107411
2.97173e-05
9.43282e-05
6.4626e-05
0.00010586
1.9434e-06
-9.72693e-06
4.30117e-06
-1.19215e-05
6.56326e-06
-1.14337e-05
8.78193e-06
-1.11914e-05
1.10114e-05
-1.12407e-05
1.32686e-05
-1.13847e-05
1.55592e-05
-1.15578e-05
1.78877e-05
-1.17552e-05
2.02599e-05
-1.19814e-05
2.26822e-05
-1.22397e-05
2.51612e-05
-1.25322e-05
2.7704e-05
-1.28609e-05
3.03182e-05
-1.3228e-05
3.30119e-05
-1.36359e-05
3.57935e-05
-1.40874e-05
3.86724e-05
-1.45854e-05
4.16587e-05
-1.5133e-05
4.47633e-05
-1.57346e-05
4.79981e-05
-1.63921e-05
5.13765e-05
-1.71117e-05
5.4912e-05
-1.78964e-05
5.86176e-05
-1.87376e-05
6.25154e-05
-1.96487e-05
6.66325e-05
-2.06602e-05
7.09711e-05
-2.17183e-05
7.55162e-05
-2.27045e-05
8.03041e-05
-2.36586e-05
8.54553e-05
-2.48097e-05
9.10942e-05
-2.62151e-05
9.72308e-05
-2.74422e-05
0.000103744
-2.77813e-05
0.000110386
-2.66916e-05
0.00011663
-2.39402e-05
0.000121626
-1.96187e-05
0.000123361
-1.33894e-05
0.00012199
-7.87748e-06
0.000119738
-3.4909e-06
0.000117652
2.86977e-06
0.000110215
1.24313e-05
9.5619e-05
1.82565e-05
8.28652e-05
2.14831e-05
7.35938e-05
3.89888e-05
5.78516e-05
8.03681e-05
0.00012767
1.93896e-06
-1.16659e-05
4.27516e-06
-1.42577e-05
6.51622e-06
-1.36748e-05
8.71738e-06
-1.33926e-05
1.09303e-05
-1.34536e-05
1.31705e-05
-1.36249e-05
1.5443e-05
-1.38303e-05
1.77525e-05
-1.40647e-05
2.01046e-05
-1.43335e-05
2.25056e-05
-1.46407e-05
2.49621e-05
-1.49887e-05
2.7481e-05
-1.53798e-05
3.00697e-05
-1.58167e-05
3.27361e-05
-1.63023e-05
3.54887e-05
-1.684e-05
3.83367e-05
-1.74334e-05
4.12903e-05
-1.80866e-05
4.43604e-05
-1.88047e-05
4.75591e-05
-1.95908e-05
5.09002e-05
-2.04529e-05
5.43976e-05
-2.13938e-05
5.80661e-05
-2.24061e-05
6.1933e-05
-2.35156e-05
6.60247e-05
-2.47519e-05
7.0336e-05
-2.60296e-05
7.48644e-05
-2.7233e-05
7.9699e-05
-2.84932e-05
8.50225e-05
-3.01332e-05
9.09824e-05
-3.2175e-05
9.75789e-05
-3.40387e-05
0.000104646
-3.48479e-05
0.000111644
-3.36902e-05
0.000117341
-2.96368e-05
0.0001189
-2.11782e-05
0.000116868
-1.1357e-05
0.000111557
-2.5663e-06
0.000103718
4.34768e-06
9.41811e-05
1.24068e-05
8.36856e-05
2.29268e-05
7.09905e-05
3.09514e-05
5.48935e-05
3.75801e-05
3.67929e-05
5.70894e-05
2.14275e-05
9.57334e-05
0.000138381
1.93315e-06
-1.3599e-05
4.24383e-06
-1.65684e-05
6.46023e-06
-1.58912e-05
8.64072e-06
-1.55731e-05
1.08341e-05
-1.5647e-05
1.3054e-05
-1.58448e-05
1.53052e-05
-1.60814e-05
1.75922e-05
-1.63517e-05
1.99207e-05
-1.6662e-05
2.22967e-05
-1.70167e-05
2.47267e-05
-1.74187e-05
2.72175e-05
-1.78706e-05
2.97762e-05
-1.83754e-05
3.24107e-05
-1.89368e-05
3.51292e-05
-1.95585e-05
3.79408e-05
-2.02451e-05
4.08557e-05
-2.10014e-05
4.38846e-05
-2.18337e-05
4.70399e-05
-2.2746e-05
5.03356e-05
-2.37486e-05
5.37858e-05
-2.4844e-05
5.74073e-05
-2.60276e-05
6.12315e-05
-2.73397e-05
6.52812e-05
-2.88016e-05
6.95458e-05
-3.02943e-05
7.40461e-05
-3.17332e-05
7.89317e-05
-3.33788e-05
8.44293e-05
-3.56308e-05
9.06769e-05
-3.84226e-05
9.76494e-05
-4.10112e-05
0.000104895
-4.20931e-05
0.000111186
-3.99813e-05
0.000113145
-3.15956e-05
0.000110942
-1.89757e-05
0.00010506
-5.47461e-06
9.55303e-05
6.96292e-06
8.21776e-05
1.77004e-05
6.72939e-05
2.72906e-05
5.37221e-05
3.64985e-05
4.06587e-05
4.40149e-05
2.55448e-05
5.2694e-05
1.01999e-05
7.24342e-05
-4.83007e-07
0.000106416
0.000140213
1.92581e-06
-1.55248e-05
4.20718e-06
-1.88498e-05
6.39551e-06
-1.80795e-05
8.55232e-06
-1.77299e-05
1.07231e-05
-1.78178e-05
1.29197e-05
-1.80414e-05
1.51464e-05
-1.83081e-05
1.74077e-05
-1.8613e-05
1.97091e-05
-1.89634e-05
2.20565e-05
-1.93642e-05
2.44563e-05
-1.98185e-05
2.6915e-05
-2.03292e-05
2.94395e-05
-2.09e-05
3.20374e-05
-2.15347e-05
3.47168e-05
-2.22379e-05
3.74866e-05
-2.30149e-05
4.03567e-05
-2.38715e-05
4.33379e-05
-2.48149e-05
4.64423e-05
-2.58504e-05
4.96841e-05
-2.69904e-05
5.30772e-05
-2.82371e-05
5.66408e-05
-2.95912e-05
6.0408e-05
-3.11069e-05
6.43958e-05
-3.27895e-05
6.85915e-05
-3.449e-05
7.30493e-05
-3.6191e-05
7.7973e-05
-3.83025e-05
8.3606e-05
-4.12638e-05
9.00758e-05
-4.48923e-05
9.71828e-05
-4.81183e-05
0.000103881
-4.87915e-05
0.000106938
-4.30378e-05
0.000105445
-3.01026e-05
9.94992e-05
-1.30302e-05
8.92868e-05
4.73779e-06
7.51169e-05
2.11328e-05
5.90186e-05
3.37987e-05
4.3811e-05
4.24982e-05
3.10577e-05
4.92517e-05
1.9416e-05
5.56567e-05
7.00175e-06
6.51081e-05
-3.85499e-06
8.3291e-05
-8.20357e-06
0.000110765
0.000136097
1.91685e-06
-1.74417e-05
4.16525e-06
-2.10982e-05
6.32233e-06
-2.02366e-05
8.45263e-06
-1.98602e-05
1.0598e-05
-1.99631e-05
1.27683e-05
-2.02117e-05
1.49674e-05
-2.05072e-05
1.71998e-05
-2.08454e-05
1.94709e-05
-2.12345e-05
2.17864e-05
-2.16797e-05
2.41523e-05
-2.21844e-05
2.65749e-05
-2.27519e-05
2.90611e-05
-2.33861e-05
3.1618e-05
-2.40915e-05
3.42534e-05
-2.48733e-05
3.69762e-05
-2.57377e-05
3.97956e-05
-2.66909e-05
4.27224e-05
-2.77417e-05
4.57683e-05
-2.88962e-05
4.89474e-05
-3.01695e-05
5.22732e-05
-3.15629e-05
5.57666e-05
-3.30846e-05
5.94608e-05
-3.48011e-05
6.33644e-05
-3.6693e-05
6.74674e-05
-3.8593e-05
7.18632e-05
-4.05868e-05
7.67942e-05
-4.32336e-05
8.24978e-05
-4.69674e-05
8.90588e-05
-5.14533e-05
9.58156e-05
-5.48751e-05
0.000100704
-5.36795e-05
0.000100346
-4.26802e-05
9.52098e-05
-2.49664e-05
8.49215e-05
-2.74189e-06
7.02432e-05
1.94161e-05
5.39546e-05
3.74214e-05
3.92111e-05
4.85422e-05
2.7169e-05
5.45403e-05
1.73792e-05
5.90414e-05
8.49988e-06
6.4536e-05
-1.2126e-08
7.36201e-05
-5.82683e-06
8.91058e-05
-5.3351e-06
0.000110273
0.000130178
1.90618e-06
-1.93479e-05
4.11804e-06
-2.33101e-05
6.24096e-06
-2.23595e-05
8.34207e-06
-2.19613e-05
1.04592e-05
-2.20803e-05
1.26004e-05
-2.23529e-05
1.4769e-05
-2.26758e-05
1.69694e-05
-2.30458e-05
1.9207e-05
-2.34721e-05
2.14872e-05
-2.39599e-05
2.38157e-05
-2.45129e-05
2.61987e-05
-2.51348e-05
2.86425e-05
-2.58299e-05
3.1154e-05
-2.66031e-05
3.37408e-05
-2.74602e-05
3.64112e-05
-2.8408e-05
3.91742e-05
-2.94539e-05
4.20399e-05
-3.06074e-05
4.50196e-05
-3.1876e-05
4.8127e-05
-3.32768e-05
5.13748e-05
-3.48107e-05
5.47854e-05
-3.64952e-05
5.83893e-05
-3.8405e-05
6.21857e-05
-4.04894e-05
6.61724e-05
-4.25797e-05
7.04813e-05
-4.48957e-05
7.53776e-05
-4.81299e-05
8.10894e-05
-5.26792e-05
8.74834e-05
-5.78472e-05
9.32956e-05
-6.06873e-05
9.46388e-05
-5.50227e-05
9.13574e-05
-3.93988e-05
8.19566e-05
-1.55656e-05
6.72644e-05
1.19502e-05
5.06161e-05
3.60644e-05
3.62751e-05
5.17623e-05
2.56756e-05
5.91416e-05
1.77201e-05
6.24957e-05
1.12259e-05
6.55355e-05
5.47494e-06
7.0287e-05
7.62247e-07
7.83327e-05
-1.03737e-06
9.09054e-05
2.17818e-06
0.000107058
0.000124136
1.927e-06
-2.12749e-05
4.13807e-06
-2.55211e-05
6.26107e-06
-2.44825e-05
8.36715e-06
-2.40673e-05
1.04905e-05
-2.42036e-05
1.26372e-05
-2.44996e-05
1.48103e-05
-2.48489e-05
1.70143e-05
-2.52498e-05
1.92544e-05
-2.57121e-05
2.15358e-05
-2.62414e-05
2.38642e-05
-2.68413e-05
2.62453e-05
-2.75159e-05
2.86854e-05
-2.82699e-05
3.1191e-05
-2.91087e-05
3.37695e-05
-3.00386e-05
3.64287e-05
-3.10672e-05
3.91773e-05
-3.22025e-05
4.20249e-05
-3.34551e-05
4.49824e-05
-3.48334e-05
4.80626e-05
-3.63571e-05
5.12777e-05
-3.80258e-05
5.4651e-05
-3.98685e-05
5.82089e-05
-4.19628e-05
6.19405e-05
-4.4221e-05
6.58567e-05
-4.64959e-05
7.01253e-05
-4.91643e-05
7.50321e-05
-5.30367e-05
8.07868e-05
-5.84339e-05
8.67343e-05
-6.37948e-05
9.06836e-05
-6.46365e-05
8.92626e-05
-5.36018e-05
8.18666e-05
-3.20028e-05
6.73413e-05
-1.04019e-06
4.97137e-05
2.95778e-05
3.46635e-05
5.11145e-05
2.47373e-05
6.16885e-05
1.84766e-05
6.54023e-05
1.39149e-05
6.70574e-05
1.01528e-05
6.92975e-05
7.0766e-06
7.3363e-05
5.32526e-06
8.00841e-05
6.26793e-06
8.99628e-05
1.12652e-05
0.00010206
0.00011603
1.92914e-06
-2.3204e-05
4.11587e-06
-2.77079e-05
6.21722e-06
-2.65838e-05
8.30685e-06
-2.6157e-05
1.04146e-05
-2.63114e-05
1.25447e-05
-2.66297e-05
1.46999e-05
-2.70041e-05
1.68846e-05
-2.74346e-05
1.91038e-05
-2.79314e-05
2.13626e-05
-2.85002e-05
2.36663e-05
-2.91449e-05
2.60202e-05
-2.98699e-05
2.84303e-05
-3.068e-05
3.09029e-05
-3.15813e-05
3.34446e-05
-3.25804e-05
3.60629e-05
-3.36855e-05
3.87658e-05
-3.49054e-05
4.15623e-05
-3.62516e-05
4.44623e-05
-3.77334e-05
4.74776e-05
-3.93724e-05
5.06192e-05
-4.11674e-05
5.39102e-05
-4.31595e-05
5.73705e-05
-4.54231e-05
6.09803e-05
-4.78309e-05
6.4768e-05
-5.02837e-05
6.89311e-05
-5.33273e-05
7.37689e-05
-5.78746e-05
7.93771e-05
-6.4042e-05
8.45599e-05
-6.89775e-05
8.55989e-05
-6.56756e-05
8.12956e-05
-4.92984e-05
6.90038e-05
-1.97111e-05
5.06416e-05
1.7322e-05
3.39884e-05
4.62309e-05
2.35318e-05
6.1571e-05
1.82401e-05
6.69803e-05
1.52951e-05
6.83473e-05
1.31498e-05
6.92027e-05
1.14365e-05
7.10106e-05
1.03917e-05
7.44078e-05
1.07269e-05
7.97489e-05
1.35128e-05
8.71769e-05
1.9864e-05
9.57091e-05
0.000104979
1.92855e-06
-2.51326e-05
4.08681e-06
-2.98661e-05
6.16309e-06
-2.86601e-05
8.23296e-06
-2.82268e-05
1.03216e-05
-2.84e-05
1.24315e-05
-2.87395e-05
1.4565e-05
-2.91376e-05
1.67266e-05
-2.95962e-05
1.89209e-05
-3.01257e-05
2.11529e-05
-3.07321e-05
2.34273e-05
-3.14194e-05
2.57494e-05
-3.21919e-05
2.81245e-05
-3.30552e-05
3.05585e-05
-3.40153e-05
3.30577e-05
-3.50795e-05
3.56286e-05
-3.62565e-05
3.82787e-05
-3.75555e-05
4.1016e-05
-3.89889e-05
4.38493e-05
-4.05666e-05
4.67892e-05
-4.23123e-05
4.9845e-05
-4.42232e-05
5.30388e-05
-4.63533e-05
5.63825e-05
-4.87669e-05
5.98492e-05
-5.12976e-05
6.34871e-05
-5.39216e-05
6.7526e-05
-5.73662e-05
7.22763e-05
-6.26248e-05
7.74608e-05
-6.92265e-05
8.12571e-05
-7.27739e-05
7.97498e-05
-6.41682e-05
7.14888e-05
-4.10375e-05
5.40785e-05
-2.30078e-06
3.5373e-05
3.60275e-05
2.30347e-05
5.85691e-05
1.75177e-05
6.7088e-05
1.54768e-05
6.90213e-05
1.45101e-05
6.9314e-05
1.38355e-05
6.98771e-05
1.34676e-05
7.13785e-05
1.37797e-05
7.40957e-05
1.54194e-05
7.81091e-05
1.92778e-05
8.33184e-05
2.60612e-05
8.89256e-05
9.39872e-05
1.92497e-06
-2.70575e-05
4.05073e-06
-3.19919e-05
6.09865e-06
-3.07081e-05
8.14544e-06
-3.02736e-05
1.02115e-05
-3.0466e-05
1.22974e-05
-3.08254e-05
1.44055e-05
-3.12457e-05
1.654e-05
-3.17307e-05
1.87055e-05
-3.22912e-05
2.09064e-05
-3.2933e-05
2.31473e-05
-3.36602e-05
2.54328e-05
-3.44775e-05
2.7768e-05
-3.53904e-05
3.01582e-05
-3.64054e-05
3.26089e-05
-3.75303e-05
3.51262e-05
-3.87738e-05
3.77166e-05
-4.01458e-05
4.03869e-05
-4.16592e-05
4.31449e-05
-4.33246e-05
4.59994e-05
-4.51668e-05
4.89579e-05
-4.71817e-05
5.20407e-05
-4.94361e-05
5.52508e-05
-5.19769e-05
5.85561e-05
-5.4603e-05
6.20242e-05
-5.73896e-05
6.59242e-05
-6.12663e-05
7.05571e-05
-6.72577e-05
7.51113e-05
-7.37807e-05
7.68224e-05
-7.4485e-05
7.279e-05
-6.01358e-05
5.97337e-05
-2.79811e-05
3.93749e-05
1.8058e-05
2.39987e-05
5.14036e-05
1.69426e-05
6.56253e-05
1.49704e-05
6.90602e-05
1.4686e-05
6.93056e-05
1.4739e-05
6.92609e-05
1.49055e-05
6.97106e-05
1.53774e-05
7.09066e-05
1.65322e-05
7.29408e-05
1.88747e-05
7.57666e-05
2.30766e-05
7.91163e-05
2.95047e-05
8.24975e-05
8.46896e-05
1.91818e-06
-2.89757e-05
4.0075e-06
-3.40812e-05
6.0239e-06
-3.27244e-05
8.04431e-06
-3.2294e-05
1.00841e-05
-3.25059e-05
1.21424e-05
-3.28837e-05
1.42214e-05
-3.33247e-05
1.63251e-05
-3.38344e-05
1.84577e-05
-3.44239e-05
2.06235e-05
-3.50987e-05
2.28264e-05
-3.58631e-05
2.50708e-05
-3.67219e-05
2.73613e-05
-3.76808e-05
2.97024e-05
-3.87466e-05
3.20993e-05
-3.99271e-05
3.4557e-05
-4.12315e-05
3.7081e-05
-4.26698e-05
3.96772e-05
-4.42555e-05
4.23518e-05
-4.59991e-05
4.51119e-05
-4.7927e-05
4.7963e-05
-5.00327e-05
5.09227e-05
-5.23959e-05
5.39849e-05
-5.50391e-05
5.71152e-05
-5.77332e-05
6.04004e-05
-6.06749e-05
6.41469e-05
-6.50127e-05
6.85437e-05
-7.16544e-05
7.23367e-05
-7.75738e-05
7.18053e-05
-7.39536e-05
6.46097e-05
-5.29403e-05
4.64607e-05
-9.832e-06
2.73253e-05
3.71933e-05
1.71489e-05
6.158e-05
1.427e-05
6.85042e-05
1.41841e-05
6.91461e-05
1.46715e-05
6.88181e-05
1.522e-05
6.87123e-05
1.58772e-05
6.90535e-05
1.68689e-05
6.99148e-05
1.85098e-05
7.12998e-05
2.11596e-05
7.31167e-05
2.52569e-05
7.5019e-05
3.10687e-05
7.66856e-05
7.70671e-05
1.90798e-06
-3.08837e-05
3.95708e-06
-3.61303e-05
5.93888e-06
-3.47063e-05
7.92965e-06
-3.42848e-05
9.93971e-06
-3.45159e-05
1.19668e-05
-3.49107e-05
1.40129e-05
-3.53708e-05
1.6082e-05
-3.59035e-05
1.81779e-05
-3.65198e-05
2.03044e-05
-3.72252e-05
2.24652e-05
-3.80239e-05
2.46641e-05
-3.89209e-05
2.69052e-05
-3.99219e-05
2.91925e-05
-4.10339e-05
3.15302e-05
-4.22648e-05
3.39226e-05
-4.3624e-05
3.63743e-05
-4.51215e-05
3.88898e-05
-4.6771e-05
4.14738e-05
-4.85831e-05
4.41317e-05
-5.05849e-05
4.68666e-05
-5.27677e-05
4.96934e-05
-5.52227e-05
5.25973e-05
-5.7943e-05
5.55441e-05
-6.06799e-05
5.86481e-05
-6.3779e-05
6.22582e-05
-6.86227e-05
6.62788e-05
-7.56751e-05
6.89535e-05
-8.02485e-05
6.62461e-05
-7.12461e-05
5.49877e-05
-4.16818e-05
3.37916e-05
1.13641e-05
1.89965e-05
5.19885e-05
1.38038e-05
6.67728e-05
1.33708e-05
6.89372e-05
1.40496e-05
6.84673e-05
1.48327e-05
6.80349e-05
1.56417e-05
6.79033e-05
1.66055e-05
6.80896e-05
1.79177e-05
6.86026e-05
1.98139e-05
6.94036e-05
2.25472e-05
7.03835e-05
2.63654e-05
7.12007e-05
3.14887e-05
7.15623e-05
7.07918e-05
1.89421e-06
-3.27779e-05
3.89944e-06
-3.81355e-05
5.84372e-06
-3.66505e-05
7.80161e-06
-3.62427e-05
9.77843e-06
-3.64927e-05
1.17707e-05
-3.6903e-05
1.37803e-05
-3.73804e-05
1.58111e-05
-3.79343e-05
1.78665e-05
-3.85752e-05
1.99498e-05
-3.93086e-05
2.20645e-05
-4.01385e-05
2.42137e-05
-4.10701e-05
2.6401e-05
-4.21092e-05
2.86298e-05
-4.32626e-05
3.09035e-05
-4.45385e-05
3.32255e-05
-4.59461e-05
3.55994e-05
-4.74953e-05
3.80284e-05
-4.92e-05
4.05156e-05
-5.10703e-05
4.30646e-05
-5.31339e-05
4.56763e-05
-5.53793e-05
4.83625e-05
-5.79089e-05
5.11005e-05
-6.0681e-05
5.38578e-05
-6.34372e-05
5.67935e-05
-6.67147e-05
6.02979e-05
-7.21272e-05
6.38497e-05
-7.92268e-05
6.51108e-05
-8.15096e-05
6.02323e-05
-6.63676e-05
4.41906e-05
-2.56401e-05
2.38779e-05
3.16769e-05
1.4243e-05
6.16234e-05
1.24981e-05
6.85178e-05
1.31362e-05
6.82993e-05
1.40441e-05
6.75594e-05
1.49476e-05
6.71314e-05
1.59185e-05
6.69323e-05
1.70807e-05
6.69274e-05
1.858e-05
6.71032e-05
2.05822e-05
6.74014e-05
2.32621e-05
6.77035e-05
2.67385e-05
6.77243e-05
3.11328e-05
6.7168e-05
6.56599e-05
1.87675e-06
-3.46547e-05
3.83465e-06
-4.00934e-05
5.7386e-06
-3.85545e-05
7.66043e-06
-3.81645e-05
9.60054e-06
-3.84328e-05
1.15545e-05
-3.88569e-05
1.35241e-05
-3.93501e-05
1.5513e-05
-3.99231e-05
1.75242e-05
-4.05865e-05
1.95607e-05
-4.1345e-05
2.16253e-05
-4.22031e-05
2.37209e-05
-4.31657e-05
2.58502e-05
-4.42385e-05
2.80162e-05
-4.54286e-05
3.02215e-05
-4.67438e-05
3.24686e-05
-4.81931e-05
3.47598e-05
-4.97866e-05
3.70974e-05
-5.15375e-05
3.94827e-05
-5.34556e-05
4.19176e-05
-5.55689e-05
4.44006e-05
-5.78623e-05
4.69407e-05
-6.04491e-05
4.95069e-05
-6.32472e-05
5.20692e-05
-6.59996e-05
5.48394e-05
-6.94848e-05
5.8177e-05
-7.54648e-05
6.11655e-05
-8.22154e-05
6.0773e-05
-8.11171e-05
5.32906e-05
-5.88852e-05
3.29153e-05
-5.26474e-06
1.68492e-05
4.7743e-05
1.19368e-05
6.65358e-05
1.20623e-05
6.83924e-05
1.30318e-05
6.73298e-05
1.39881e-05
6.66031e-05
1.49605e-05
6.61589e-05
1.60414e-05
6.58514e-05
1.73248e-05
6.56439e-05
1.89143e-05
6.55137e-05
2.09209e-05
6.53948e-05
2.34561e-05
6.51682e-05
2.65654e-05
6.46149e-05
3.02676e-05
6.34657e-05
6.14995e-05
1.8555e-06
-3.65102e-05
3.76283e-06
-4.20008e-05
5.62376e-06
-4.04154e-05
7.50641e-06
-4.00472e-05
9.40645e-06
-4.03329e-05
1.13187e-05
-4.07691e-05
1.32449e-05
-4.12764e-05
1.51884e-05
-4.18667e-05
1.71519e-05
-4.255e-05
1.9138e-05
-4.33311e-05
2.11489e-05
-4.4214e-05
2.3187e-05
-4.52038e-05
2.52547e-05
-4.63062e-05
2.7354e-05
-4.75279e-05
2.94869e-05
-4.88767e-05
3.1655e-05
-5.03612e-05
3.38596e-05
-5.19911e-05
3.61015e-05
-5.37795e-05
3.83809e-05
-5.5735e-05
4.06979e-05
-5.78859e-05
4.30486e-05
-6.0213e-05
4.54399e-05
-6.28404e-05
4.7832e-05
-6.56393e-05
5.02017e-05
-6.83693e-05
5.28154e-05
-7.20985e-05
5.59143e-05
-7.85636e-05
5.82164e-05
-8.45175e-05
5.58505e-05
-7.87513e-05
4.47851e-05
-4.78198e-05
2.33822e-05
1.61381e-05
1.26081e-05
5.8517e-05
1.09644e-05
6.81796e-05
1.18625e-05
6.74944e-05
1.28761e-05
6.63163e-05
1.38433e-05
6.56358e-05
1.4866e-05
6.51361e-05
1.60169e-05
6.47006e-05
1.73613e-05
6.42995e-05
1.89698e-05
6.39051e-05
2.09135e-05
6.34509e-05
2.32548e-05
6.28268e-05
2.60027e-05
6.1867e-05
2.91142e-05
6.03541e-05
5.81329e-05
1.83044e-06
-3.83406e-05
3.68413e-06
-4.38545e-05
5.49947e-06
-4.22308e-05
7.33989e-06
-4.18876e-05
9.1966e-06
-4.21896e-05
1.10638e-05
-4.26363e-05
1.29434e-05
-4.31559e-05
1.48382e-05
-4.37615e-05
1.67507e-05
-4.44624e-05
1.86829e-05
-4.52632e-05
2.06367e-05
-4.61679e-05
2.2614e-05
-4.71811e-05
2.46165e-05
-4.83087e-05
2.66457e-05
-4.95571e-05
2.87027e-05
-5.09337e-05
3.07883e-05
-5.24468e-05
3.29029e-05
-5.41057e-05
3.50461e-05
-5.59226e-05
3.72166e-05
-5.79055e-05
3.94131e-05
-6.00823e-05
4.16296e-05
-6.24295e-05
4.38716e-05
-6.50824e-05
4.60908e-05
-6.78585e-05
4.82805e-05
-7.0559e-05
5.07622e-05
-7.45802e-05
5.35446e-05
-8.13461e-05
5.50205e-05
-8.59934e-05
5.07675e-05
-7.44983e-05
3.56424e-05
-3.26946e-05
1.65323e-05
3.52482e-05
1.03648e-05
6.46844e-05
1.05418e-05
6.80027e-05
1.16437e-05
6.63926e-05
1.2632e-05
6.53279e-05
1.36098e-05
6.4658e-05
1.4667e-05
6.40789e-05
1.58537e-05
6.3514e-05
1.72133e-05
6.29399e-05
1.87925e-05
6.23259e-05
2.06338e-05
6.16095e-05
2.27661e-05
6.06945e-05
2.51788e-05
5.94543e-05
2.78059e-05
5.7727e-05
5.53999e-05
1.80156e-06
-4.01422e-05
3.59876e-06
-4.56517e-05
5.36605e-06
-4.39981e-05
7.16128e-06
-4.36828e-05
8.9715e-06
-4.39998e-05
1.07906e-05
-4.44554e-05
1.26204e-05
-4.49857e-05
1.44634e-05
-4.56045e-05
1.63217e-05
-4.63207e-05
1.81968e-05
-4.71384e-05
2.00904e-05
-4.80614e-05
2.20036e-05
-4.90944e-05
2.39378e-05
-5.02429e-05
2.58938e-05
-5.15131e-05
2.78719e-05
-5.29119e-05
2.98723e-05
-5.44472e-05
3.18942e-05
-5.61276e-05
3.39363e-05
-5.79647e-05
3.59961e-05
-5.99654e-05
3.80708e-05
-6.2157e-05
4.01527e-05
-6.45114e-05
4.22462e-05
-6.71759e-05
4.4295e-05
-6.99072e-05
4.63211e-05
-7.25852e-05
4.87034e-05
-7.69624e-05
5.11349e-05
-8.37776e-05
5.16849e-05
-8.65434e-05
4.59231e-05
-6.87364e-05
2.63546e-05
-1.3126e-05
1.18853e-05
4.97175e-05
9.26343e-06
6.73063e-05
1.02527e-05
6.70136e-05
1.1342e-05
6.53033e-05
1.23048e-05
6.43651e-05
1.32927e-05
6.36701e-05
1.43678e-05
6.30038e-05
1.55625e-05
6.23193e-05
1.6905e-05
6.15973e-05
1.84245e-05
6.08064e-05
2.01441e-05
5.98899e-05
2.20708e-05
5.87679e-05
2.41817e-05
5.73434e-05
2.64085e-05
5.55002e-05
2.8647e-05
5.31613e-05
5.0216e-05
1.76892e-06
-4.19111e-05
3.50695e-06
-4.73897e-05
5.22384e-06
-4.5715e-05
6.971e-06
-4.543e-05
8.7317e-06
-4.57605e-05
1.04996e-05
-4.62233e-05
1.22766e-05
-4.67627e-05
1.40649e-05
-4.73928e-05
1.5866e-05
-4.81218e-05
1.76811e-05
-4.89536e-05
1.95115e-05
-4.98918e-05
2.13579e-05
-5.09409e-05
2.3221e-05
-5.2106e-05
2.5101e-05
-5.33931e-05
2.69978e-05
-5.48086e-05
2.89106e-05
-5.63599e-05
3.08379e-05
-5.8055e-05
3.27775e-05
-5.99043e-05
3.47258e-05
-6.19138e-05
3.66787e-05
-6.41099e-05
3.8627e-05
-6.64597e-05
4.0574e-05
-6.91229e-05
4.24548e-05
-7.1788e-05
4.43242e-05
-7.44546e-05
4.65749e-05
-7.92131e-05
4.8619e-05
-8.58217e-05
4.81388e-05
-8.60631e-05
4.0301e-05
-6.08986e-05
1.85243e-05
8.65064e-06
9.12988e-06
5.91117e-05
8.7255e-06
6.77107e-05
9.9396e-06
6.57995e-05
1.09588e-05
6.42841e-05
1.19046e-05
6.34192e-05
1.28971e-05
6.26776e-05
1.39743e-05
6.19266e-05
1.5156e-05
6.11375e-05
1.64597e-05
6.02935e-05
1.79024e-05
5.93637e-05
1.94935e-05
5.82988e-05
2.12273e-05
5.70341e-05
2.30742e-05
5.54966e-05
2.49686e-05
5.36057e-05
2.68216e-05
5.13082e-05
4.85505e-05
1.73256e-06
-4.36436e-05
3.40895e-06
-4.90661e-05
5.07318e-06
-4.73792e-05
6.7695e-06
-4.71263e-05
8.47777e-06
-4.74688e-05
1.01917e-05
-4.79373e-05
1.19131e-05
-4.8484e-05
1.36437e-05
-4.91234e-05
1.53848e-05
-4.98629e-05
1.71373e-05
-5.0706e-05
1.89018e-05
-5.16562e-05
2.06787e-05
-5.27178e-05
2.24682e-05
-5.38956e-05
2.42701e-05
-5.5195e-05
2.60835e-05
-5.6622e-05
2.7907e-05
-5.81834e-05
2.97385e-05
-5.98865e-05
3.15748e-05
-6.17406e-05
3.34118e-05
-6.37507e-05
3.52439e-05
-6.5942e-05
3.70612e-05
-6.82769e-05
3.88657e-05
-7.09274e-05
4.05836e-05
-7.3506e-05
4.23122e-05
-7.61831e-05
4.44297e-05
-8.13307e-05
4.60961e-05
-8.74881e-05
4.41378e-05
-8.41048e-05
3.29198e-05
-4.96805e-05
1.30284e-05
2.8542e-05
7.63185e-06
6.45082e-05
8.36102e-06
6.69816e-05
9.54441e-06
6.46162e-05
1.05023e-05
6.33262e-05
1.14378e-05
6.24836e-05
1.24277e-05
6.16877e-05
1.3494e-05
6.08603e-05
1.46478e-05
5.99837e-05
1.58994e-05
5.90419e-05
1.72568e-05
5.80061e-05
1.87208e-05
5.6835e-05
2.02782e-05
5.54767e-05
2.18973e-05
5.38774e-05
2.35205e-05
5.19824e-05
2.50727e-05
4.97559e-05
4.71791e-05
1.69254e-06
-4.53362e-05
3.30501e-06
-5.06786e-05
4.91442e-06
-4.89886e-05
6.55721e-06
-4.87691e-05
8.21029e-06
-4.91219e-05
9.86752e-06
-4.95945e-05
1.15306e-05
-5.01471e-05
1.32009e-05
-5.07938e-05
1.48795e-05
-5.15415e-05
1.65667e-05
-5.23932e-05
1.82629e-05
-5.33524e-05
1.99681e-05
-5.4423e-05
2.16819e-05
-5.56094e-05
2.34037e-05
-5.69168e-05
2.51321e-05
-5.83505e-05
2.68652e-05
-5.99165e-05
2.86002e-05
-6.16215e-05
3.03334e-05
-6.34737e-05
3.20599e-05
-6.54773e-05
3.37733e-05
-6.76554e-05
3.54632e-05
-6.99669e-05
3.71305e-05
-7.25948e-05
3.86935e-05
-7.5069e-05
4.02999e-05
-7.77895e-05
4.2255e-05
-8.32858e-05
4.34809e-05
-8.8714e-05
3.96006e-05
-8.02245e-05
2.47248e-05
-3.48046e-05
9.04822e-06
4.42185e-05
6.73531e-06
6.68213e-05
7.96526e-06
6.57517e-05
9.06084e-06
6.35206e-05
9.98119e-06
6.24058e-05
1.09091e-05
6.15557e-05
1.18898e-05
6.07071e-05
1.29352e-05
5.98149e-05
1.40513e-05
5.88676e-05
1.52432e-05
5.78499e-05
1.65132e-05
5.67362e-05
1.78562e-05
5.5492e-05
1.92557e-05
5.40772e-05
2.06808e-05
5.24522e-05
2.20821e-05
5.0581e-05
2.33968e-05
4.84412e-05
4.60304e-05
1.64899e-06
-4.69852e-05
3.19538e-06
-5.2225e-05
4.74787e-06
-5.05411e-05
6.33456e-06
-5.03558e-05
7.92981e-06
-5.07171e-05
9.52778e-06
-5.11925e-05
1.113e-05
-5.17493e-05
1.27377e-05
-5.24015e-05
1.43512e-05
-5.3155e-05
1.59709e-05
-5.40129e-05
1.75966e-05
-5.49781e-05
1.9228e-05
-5.60544e-05
2.08643e-05
-5.72458e-05
2.25045e-05
-5.85569e-05
2.41468e-05
-5.99927e-05
2.57887e-05
-6.15584e-05
2.74271e-05
-6.326e-05
2.90577e-05
-6.51043e-05
3.06754e-05
-6.70949e-05
3.22729e-05
-6.92528e-05
3.38402e-05
-7.15342e-05
3.53769e-05
-7.41315e-05
3.67972e-05
-7.64893e-05
3.83019e-05
-7.92942e-05
4.00532e-05
-8.50371e-05
4.07769e-05
-8.94377e-05
3.54728e-05
-7.49204e-05
1.71825e-05
-1.65143e-05
6.3144e-06
5.50866e-05
6.11684e-06
6.7019e-05
7.49114e-06
6.43775e-05
8.50563e-06
6.25061e-05
9.4048e-06
6.15066e-05
1.0324e-05
6.06366e-05
1.12894e-05
5.97419e-05
1.23068e-05
5.87974e-05
1.33791e-05
5.77952e-05
1.45082e-05
5.67208e-05
1.56923e-05
5.55521e-05
1.69232e-05
5.42611e-05
1.81834e-05
5.28169e-05
1.94442e-05
5.11913e-05
2.06641e-05
4.93611e-05
2.17915e-05
4.73138e-05
4.50541e-05
1.60199e-06
-4.85872e-05
3.08032e-06
-5.37033e-05
4.5739e-06
-5.20347e-05
6.10202e-06
-5.18839e-05
7.63695e-06
-5.2252e-05
9.17323e-06
-5.27287e-05
1.07123e-05
-5.32883e-05
1.22549e-05
-5.39441e-05
1.38013e-05
-5.47014e-05
1.53513e-05
-5.55629e-05
1.69046e-05
-5.65314e-05
1.84604e-05
-5.76102e-05
2.00178e-05
-5.88032e-05
2.15752e-05
-6.01143e-05
2.31305e-05
-6.1548e-05
2.46809e-05
-6.31089e-05
2.62231e-05
-6.48022e-05
2.77522e-05
-6.66335e-05
2.92631e-05
-6.86058e-05
3.07479e-05
-7.07376e-05
3.21977e-05
-7.29839e-05
3.36104e-05
-7.55442e-05
3.49033e-05
-7.77821e-05
3.63363e-05
-8.07272e-05
3.78601e-05
-8.65609e-05
3.80886e-05
-8.96661e-05
3.23118e-05
-6.91436e-05
1.11602e-05
4.63725e-06
4.57121e-06
6.16756e-05
5.60036e-06
6.599e-05
6.94076e-06
6.30371e-05
7.89556e-06
6.15512e-05
8.78126e-06
6.06209e-05
9.6886e-06
5.97293e-05
1.06331e-05
5.87974e-05
1.16176e-05
5.78129e-05
1.26429e-05
5.67698e-05
1.37086e-05
5.5655e-05
1.48108e-05
5.44499e-05
1.59397e-05
5.31322e-05
1.70781e-05
5.16785e-05
1.82003e-05
5.0069e-05
1.92718e-05
4.82896e-05
2.02511e-05
4.63345e-05
4.42117e-05
1.55165e-06
-5.01388e-05
2.96011e-06
-5.51118e-05
4.39285e-06
-5.34674e-05
5.86004e-06
-5.33511e-05
7.33233e-06
-5.37243e-05
8.80467e-06
-5.42011e-05
1.02783e-05
-5.4762e-05
1.17539e-05
-5.54196e-05
1.32311e-05
-5.61787e-05
1.47096e-05
-5.70414e-05
1.61887e-05
-5.80105e-05
1.76674e-05
-5.9089e-05
1.91445e-05
-6.02803e-05
2.06182e-05
-6.15879e-05
2.2086e-05
-6.30159e-05
2.35451e-05
-6.45679e-05
2.49917e-05
-6.62488e-05
2.64209e-05
-6.80626e-05
2.78274e-05
-7.00123e-05
2.9203e-05
-7.21133e-05
3.05402e-05
-7.43211e-05
3.18343e-05
-7.68383e-05
3.30076e-05
-7.89554e-05
3.43581e-05
-8.20777e-05
3.56407e-05
-8.78435e-05
3.53083e-05
-8.93338e-05
2.80035e-05
-6.18388e-05
6.86019e-06
2.57805e-05
3.6387e-06
6.48972e-05
5.14036e-06
6.44884e-05
6.34481e-06
6.18326e-05
7.24832e-06
6.06477e-05
8.11854e-06
5.97508e-05
9.00883e-06
5.88391e-05
9.92776e-06
5.78785e-05
1.08758e-05
5.68647e-05
1.18528e-05
5.57928e-05
1.28567e-05
5.46511e-05
1.38822e-05
5.34245e-05
1.49193e-05
5.20951e-05
1.59518e-05
5.0646e-05
1.69573e-05
4.90634e-05
1.79073e-05
4.73396e-05
1.87688e-05
4.54732e-05
4.34738e-05
1.49807e-06
-5.16369e-05
2.83504e-06
-5.64487e-05
4.20512e-06
-5.48375e-05
5.60916e-06
-5.47551e-05
7.01662e-06
-5.51318e-05
8.42294e-06
-5.56074e-05
9.82922e-06
-5.61683e-05
1.12357e-05
-5.68261e-05
1.26419e-05
-5.75849e-05
1.40471e-05
-5.84467e-05
1.54506e-05
-5.94139e-05
1.6851e-05
-6.04894e-05
1.82468e-05
-6.16761e-05
1.9636e-05
-6.29772e-05
2.10162e-05
-6.4396e-05
2.23841e-05
-6.59359e-05
2.37361e-05
-6.76007e-05
2.5067e-05
-6.93936e-05
2.63718e-05
-7.13172e-05
2.76419e-05
-7.33834e-05
2.88712e-05
-7.55504e-05
3.00516e-05
-7.80188e-05
3.11145e-05
-8.00183e-05
3.23839e-05
-8.33471e-05
3.34611e-05
-8.89206e-05
3.22812e-05
-8.8154e-05
2.14006e-05
-5.09582e-05
4.15075e-06
4.30304e-05
3.21969e-06
6.58283e-05
4.70954e-06
6.29985e-05
5.727e-06
6.0815e-05
6.57484e-06
5.97999e-05
7.4221e-06
5.89037e-05
8.28987e-06
5.79714e-05
9.1795e-06
5.69888e-05
1.00892e-05
5.59549e-05
1.10178e-05
5.48643e-05
1.19624e-05
5.37067e-05
1.2917e-05
5.24699e-05
1.38719e-05
5.11402e-05
1.48126e-05
4.97052e-05
1.572e-05
4.8156e-05
1.65703e-05
4.64892e-05
1.73372e-05
4.47063e-05
4.28176e-05
1.44137e-06
-5.30782e-05
2.70541e-06
-5.77128e-05
4.01112e-06
-5.61432e-05
5.34992e-06
-5.60939e-05
6.69053e-06
-5.64724e-05
8.02889e-06
-5.69458e-05
9.36593e-06
-5.75053e-05
1.07015e-05
-5.81617e-05
1.20351e-05
-5.89184e-05
1.33656e-05
-5.97772e-05
1.4692e-05
-6.07403e-05
1.60129e-05
-6.18103e-05
1.73266e-05
-6.29898e-05
1.8631e-05
-6.42815e-05
1.99233e-05
-6.56884e-05
2.12006e-05
-6.72131e-05
2.2459e-05
-6.88591e-05
2.36935e-05
-7.06282e-05
2.48994e-05
-7.2523e-05
2.60678e-05
-7.45518e-05
2.71941e-05
-7.66767e-05
2.82657e-05
-7.90904e-05
2.92267e-05
-8.09793e-05
3.04114e-05
-8.45318e-05
3.12706e-05
-8.97797e-05
2.8698e-05
-8.55814e-05
1.39336e-05
-3.61937e-05
2.91364e-06
5.40505e-05
3.00496e-06
6.5737e-05
4.227e-06
6.17764e-05
5.07034e-06
5.99717e-05
5.86935e-06
5.9001e-05
6.69181e-06
5.80813e-05
7.5349e-06
5.71282e-05
8.39358e-06
5.613e-05
9.26456e-06
5.5084e-05
1.01458e-05
5.39831e-05
1.1034e-05
5.28185e-05
1.19234e-05
5.15804e-05
1.28051e-05
5.02584e-05
1.36664e-05
4.88439e-05
1.44908e-05
4.73316e-05
1.52591e-05
4.5721e-05
1.595e-05
4.40154e-05
4.22253e-05
1.38169e-06
-5.44599e-05
2.57159e-06
-5.89027e-05
3.81132e-06
-5.73829e-05
5.08292e-06
-5.73655e-05
6.35481e-06
-5.77443e-05
7.62345e-06
-5.82144e-05
8.88953e-06
-5.87714e-05
1.01527e-05
-5.94249e-05
1.1412e-05
-6.01777e-05
1.26664e-05
-6.10316e-05
1.39146e-05
-6.19885e-05
1.51551e-05
-6.30508e-05
1.6386e-05
-6.42206e-05
1.7605e-05
-6.55006e-05
1.88096e-05
-6.6893e-05
1.99967e-05
-6.84002e-05
2.11626e-05
-7.0025e-05
2.23027e-05
-7.17683e-05
2.34125e-05
-7.36328e-05
2.44832e-05
-7.56225e-05
2.55118e-05
-7.77053e-05
2.64806e-05
-8.00592e-05
2.73505e-05
-8.18492e-05
2.84454e-05
-8.56267e-05
2.90548e-05
-9.03892e-05
2.4509e-05
-8.10356e-05
7.2068e-06
-1.88914e-05
1.27104e-06
5.99863e-05
2.44642e-06
6.45616e-05
3.55014e-06
6.06726e-05
4.33309e-06
5.91888e-05
5.11809e-06
5.8216e-05
5.92559e-06
5.72737e-05
6.74661e-06
5.63071e-05
7.57492e-06
5.53017e-05
8.40769e-06
5.42514e-05
9.2431e-06
5.31478e-05
1.00782e-05
5.19834e-05
1.09078e-05
5.07506e-05
1.17243e-05
4.94419e-05
1.25166e-05
4.80517e-05
1.32709e-05
4.65774e-05
1.39714e-05
4.50206e-05
1.4601e-05
4.33858e-05
4.1683e-05
1.31923e-06
-5.57792e-05
2.43394e-06
-6.00174e-05
3.60618e-06
-5.85552e-05
4.80879e-06
-5.85682e-05
6.01026e-06
-5.89458e-05
7.20753e-06
-5.94117e-05
8.4011e-06
-5.99649e-05
9.59031e-06
-6.06141e-05
1.07741e-05
-6.13615e-05
1.19512e-05
-6.22087e-05
1.31201e-05
-6.31575e-05
1.42793e-05
-6.42099e-05
1.54267e-05
-6.5368e-05
1.65601e-05
-6.6634e-05
1.76769e-05
-6.80099e-05
1.87743e-05
-6.94976e-05
1.98488e-05
-7.10995e-05
2.08962e-05
-7.28156e-05
2.19125e-05
-7.46491e-05
2.28895e-05
-7.65994e-05
2.38261e-05
-7.86419e-05
2.46997e-05
-8.09328e-05
2.54924e-05
-8.26419e-05
2.64914e-05
-8.66257e-05
2.68421e-05
-9.07399e-05
2.04652e-05
-7.46587e-05
2.57944e-06
-1.00562e-06
-3.52675e-07
6.29184e-05
1.60345e-06
6.26055e-05
2.70741e-06
5.95688e-05
3.52188e-06
5.83744e-05
4.32469e-06
5.74132e-05
5.12802e-06
5.64704e-05
5.93023e-06
5.55049e-05
6.72912e-06
5.45028e-05
7.52427e-06
5.34563e-05
8.31526e-06
5.23568e-05
9.10011e-06
5.11985e-05
9.87483e-06
4.99759e-05
1.06329e-05
4.86839e-05
1.13651e-05
4.73196e-05
1.20599e-05
4.58827e-05
1.27043e-05
4.43762e-05
1.32845e-05
4.28055e-05
4.11801e-05
1.25419e-06
-5.70333e-05
2.29283e-06
-6.1056e-05
3.3962e-06
-5.96585e-05
4.52817e-06
-5.97001e-05
5.65766e-06
-6.00752e-05
6.7821e-06
-6.05361e-05
7.90173e-06
-6.10846e-05
9.01568e-06
-6.1728e-05
1.01227e-05
-6.24685e-05
1.12214e-05
-6.33073e-05
1.23101e-05
-6.42462e-05
1.33872e-05
-6.5287e-05
1.44505e-05
-6.64314e-05
1.5498e-05
-6.76814e-05
1.65271e-05
-6.9039e-05
1.75351e-05
-7.05056e-05
1.85189e-05
-7.20834e-05
1.9475e-05
-7.37717e-05
2.04002e-05
-7.55743e-05
2.12869e-05
-7.74862e-05
2.2137e-05
-7.94919e-05
2.29242e-05
-8.172e-05
2.36567e-05
-8.33744e-05
2.45499e-05
-8.75189e-05
2.46641e-05
-9.08541e-05
1.85128e-05
-6.85074e-05
-3.253e-08
1.75397e-05
-1.38232e-06
6.42682e-05
7.81341e-07
6.0442e-05
1.83548e-06
5.85147e-05
2.68889e-06
5.75211e-05
3.51211e-06
5.659e-05
4.31144e-06
5.5671e-05
5.09402e-06
5.47224e-05
5.86251e-06
5.37344e-05
6.61965e-06
5.26992e-05
7.36684e-06
5.16095e-05
8.10364e-06
5.04616e-05
8.82738e-06
4.92522e-05
9.53281e-06
4.79786e-05
1.02123e-05
4.66402e-05
1.08564e-05
4.52387e-05
1.14544e-05
4.37783e-05
1.19948e-05
4.2265e-05
4.07077e-05
1.18682e-06
-5.82202e-05
2.14867e-06
-6.20179e-05
3.18189e-06
-6.06918e-05
4.24172e-06
-6.07599e-05
5.29785e-06
-6.11314e-05
6.34814e-06
-6.15864e-05
7.39259e-06
-6.2129e-05
8.43012e-06
-6.27656e-05
9.4593e-06
-6.34977e-05
1.04786e-05
-6.43266e-05
1.14863e-05
-6.52539e-05
1.24806e-05
-6.62812e-05
1.34594e-05
-6.74102e-05
1.44205e-05
-6.86426e-05
1.53616e-05
-6.99801e-05
1.62803e-05
-7.14242e-05
1.71739e-05
-7.2977e-05
1.80395e-05
-7.46372e-05
1.88749e-05
-7.64097e-05
1.96738e-05
-7.82851e-05
2.04409e-05
-8.0259e-05
2.11492e-05
-8.24284e-05
2.18358e-05
-8.40609e-05
2.26006e-05
-8.82837e-05
2.24869e-05
-9.07403e-05
1.7046e-05
-6.30665e-05
-1.89168e-06
3.64773e-05
-1.90547e-06
6.42821e-05
6.03881e-08
5.84763e-05
9.93448e-07
5.75817e-05
1.87325e-06
5.66413e-05
2.70207e-06
5.57611e-05
3.48907e-06
5.4884e-05
4.24689e-06
5.39646e-05
4.98143e-06
5.29999e-05
5.69836e-06
5.19822e-05
6.40124e-06
5.09066e-05
7.09117e-06
4.97717e-05
7.76688e-06
4.85766e-05
8.42439e-06
4.73212e-05
9.0575e-06
4.60071e-05
9.65825e-06
4.46379e-05
1.02177e-05
4.32188e-05
1.07264e-05
4.17562e-05
4.02588e-05
1.11739e-06
-5.93376e-05
2.00183e-06
-6.29023e-05
2.96377e-06
-6.16537e-05
3.95014e-06
-6.17463e-05
4.93169e-06
-6.21129e-05
5.90668e-06
-6.25614e-05
6.87486e-06
-6.30972e-05
7.83495e-06
-6.37256e-05
8.78538e-06
-6.44481e-05
9.72449e-06
-6.52658e-05
1.06504e-05
-6.61799e-05
1.15613e-05
-6.71921e-05
1.2455e-05
-6.83039e-05
1.33293e-05
-6.95169e-05
1.41821e-05
-7.08329e-05
1.50111e-05
-7.22532e-05
1.58143e-05
-7.37802e-05
1.65893e-05
-7.54123e-05
1.73353e-05
-7.71557e-05
1.80472e-05
-7.8997e-05
1.87328e-05
-8.09447e-05
1.93635e-05
-8.30591e-05
1.99998e-05
-8.46972e-05
2.06321e-05
-8.89161e-05
2.02375e-05
-9.03457e-05
1.28182e-05
-5.56472e-05
-2.76979e-06
5.20653e-05
-1.90784e-06
6.34202e-05
-6.09925e-07
5.71784e-05
1.64896e-07
5.68069e-05
1.08679e-06
5.57194e-05
1.90528e-06
5.49427e-05
2.67085e-06
5.41184e-05
3.39641e-06
5.3239e-05
4.09113e-06
5.23051e-05
4.7638e-06
5.13094e-05
5.42034e-06
5.02501e-05
6.0635e-06
4.91286e-05
6.69319e-06
4.79469e-05
7.30656e-06
4.67078e-05
7.8985e-06
4.54151e-05
8.46222e-06
4.40741e-05
8.99003e-06
4.26909e-05
9.4739e-06
4.12724e-05
3.98269e-05
1.04619e-06
-6.03837e-05
1.85274e-06
-6.37088e-05
2.74234e-06
-6.25433e-05
3.65408e-06
-6.2658e-05
4.55997e-06
-6.30188e-05
5.45865e-06
-6.34601e-05
6.3496e-06
-6.39881e-05
7.23139e-06
-6.46074e-05
8.1023e-06
-6.5319e-05
8.96051e-06
-6.6124e-05
9.80409e-06
-6.70235e-05
1.0631e-05
-6.8019e-05
1.1439e-05
-6.91119e-05
1.22259e-05
-7.03039e-05
1.29897e-05
-7.15967e-05
1.37284e-05
-7.29919e-05
1.44402e-05
-7.4492e-05
1.51237e-05
-7.60958e-05
1.5779e-05
-7.78109e-05
1.64027e-05
-7.96207e-05
1.70058e-05
-8.15477e-05
1.75591e-05
-8.36125e-05
1.81483e-05
-8.52864e-05
1.86538e-05
-8.94216e-05
1.78646e-05
-8.95566e-05
4.76143e-06
-4.2544e-05
-4.73687e-06
6.15637e-05
-2.33372e-06
6.10171e-05
-1.61492e-06
5.64596e-05
-5.43622e-07
5.57356e-05
3.38843e-07
5.48369e-05
1.12952e-06
5.4152e-05
1.86583e-06
5.33822e-05
2.54944e-06
5.25554e-05
3.19565e-06
5.1659e-05
3.81773e-06
5.06873e-05
4.42422e-06
4.96436e-05
5.01948e-06
4.85334e-05
5.60439e-06
4.7362e-05
6.17675e-06
4.61354e-05
6.73211e-06
4.48597e-05
7.26441e-06
4.35417e-05
7.76669e-06
4.21886e-05
8.23171e-06
4.08075e-05
3.94063e-05
9.73395e-07
-6.13571e-05
1.70174e-06
-6.44372e-05
2.51806e-06
-6.33596e-05
3.3541e-06
-6.34941e-05
4.18336e-06
-6.38481e-05
5.00483e-06
-6.42816e-05
5.81773e-06
-6.4801e-05
6.62046e-06
-6.54102e-05
7.41118e-06
-6.61097e-05
8.1879e-06
-6.69007e-05
8.94855e-06
-6.77841e-05
9.6909e-06
-6.87613e-05
1.04127e-05
-6.98336e-05
1.11116e-05
-7.10028e-05
1.17855e-05
-7.22706e-05
1.24326e-05
-7.3639e-05
1.30513e-05
-7.51107e-05
1.36411e-05
-7.66856e-05
1.4203e-05
-7.83728e-05
1.47357e-05
-8.01534e-05
1.52524e-05
-8.20645e-05
1.57253e-05
-8.40854e-05
1.62628e-05
-8.58239e-05
1.65969e-05
-8.97557e-05
1.51195e-05
-8.80791e-05
-5.95148e-06
-2.1473e-05
-7.92183e-06
6.35341e-05
-4.0314e-06
5.71267e-05
-2.70932e-06
5.51375e-05
-1.3709e-06
5.43971e-05
-4.26866e-07
5.38928e-05
3.87279e-07
5.33379e-05
1.08713e-06
5.26823e-05
1.71344e-06
5.19291e-05
2.29764e-06
5.10747e-05
2.85963e-06
5.01253e-05
3.41052e-06
4.90927e-05
3.95577e-06
4.79881e-05
4.49655e-06
4.68213e-05
5.03073e-06
4.56012e-05
5.55386e-06
4.43365e-05
6.06004e-06
4.30355e-05
6.54253e-06
4.17062e-05
6.99436e-06
4.03557e-05
3.89917e-05
8.98974e-07
-6.22561e-05
1.54926e-06
-6.50875e-05
2.29147e-06
-6.41018e-05
3.05084e-06
-6.42534e-05
3.80251e-06
-6.45997e-05
4.54593e-06
-6.5025e-05
5.28001e-06
-6.55351e-05
6.00302e-06
-6.61332e-05
6.71298e-06
-6.68197e-05
7.40774e-06
-6.75955e-05
8.08502e-06
-6.84614e-05
8.74242e-06
-6.94187e-05
9.37745e-06
-7.04687e-05
9.98764e-06
-7.1613e-05
1.05707e-05
-7.28536e-05
1.11247e-05
-7.4193e-05
1.16482e-05
-7.56342e-05
1.21412e-05
-7.71786e-05
1.26054e-05
-7.8837e-05
1.30424e-05
-8.05903e-05
1.34662e-05
-8.24883e-05
1.38518e-05
-8.4471e-05
1.43227e-05
-8.62948e-05
1.44479e-05
-8.98809e-05
1.17371e-05
-8.53682e-05
-1.51188e-05
5.38292e-06
-1.04443e-05
5.88596e-05
-5.47131e-06
5.21537e-05
-3.49156e-06
5.31578e-05
-2.00667e-06
5.29124e-05
-1.01679e-06
5.2903e-05
-2.56761e-07
5.25779e-05
3.5828e-07
5.20673e-05
8.95854e-07
5.13915e-05
1.39675e-06
5.05738e-05
1.88545e-06
4.96367e-05
2.3735e-06
4.86047e-05
2.86607e-06
4.74956e-05
3.36341e-06
4.63239e-05
3.86245e-06
4.51021e-05
4.35795e-06
4.3841e-05
4.84347e-06
4.25501e-05
5.31196e-06
4.12378e-05
5.75633e-06
3.99114e-05
3.85783e-05
8.23318e-07
-6.30794e-05
1.39631e-06
-6.56604e-05
2.06342e-06
-6.47689e-05
2.74513e-06
-6.49351e-05
3.41826e-06
-6.52729e-05
4.08282e-06
-6.56895e-05
4.73742e-06
-6.61897e-05
5.38019e-06
-6.6776e-05
6.00902e-06
-6.74485e-05
6.62159e-06
-6.8208e-05
7.21541e-06
-6.90552e-05
7.78784e-06
-6.99911e-05
8.33608e-06
-7.10169e-05
8.85735e-06
-7.21342e-05
9.34899e-06
-7.33453e-05
9.80877e-06
-7.46527e-05
1.02351e-05
-7.60605e-05
1.0628e-05
-7.75716e-05
1.09892e-05
-7.91982e-05
1.13242e-05
-8.09253e-05
1.16441e-05
-8.28082e-05
1.19269e-05
-8.47538e-05
1.23086e-05
-8.66765e-05
1.22813e-05
-8.98536e-05
7.7108e-06
-8.07978e-05
-1.46583e-05
2.77521e-05
-8.92656e-06
5.31279e-05
-5.22985e-06
4.8457e-05
-3.38133e-06
5.13093e-05
-2.15553e-06
5.16866e-05
-1.34742e-06
5.2095e-05
-7.6685e-07
5.19973e-05
-3.09048e-07
5.16095e-05
9.52859e-08
5.09872e-05
4.84781e-07
5.01843e-05
8.85348e-07
4.92362e-05
1.30285e-06
4.81873e-05
1.74053e-06
4.70579e-05
2.196e-06
4.58685e-05
2.66389e-06
4.46342e-05
3.13721e-06
4.33677e-05
3.60822e-06
4.20791e-05
4.06904e-06
4.0777e-05
4.51204e-06
3.94685e-05
3.81604e-05
7.47752e-07
-6.38272e-05
1.24486e-06
-6.61576e-05
1.83506e-06
-6.53591e-05
2.43798e-06
-6.55381e-05
3.03186e-06
-6.58667e-05
3.61712e-06
-6.62748e-05
4.19208e-06
-6.67647e-05
4.75467e-06
-6.73385e-05
5.30268e-06
-6.79965e-05
5.83364e-06
-6.8739e-05
6.34483e-06
-6.95664e-05
6.83339e-06
-7.04797e-05
7.29614e-06
-7.14797e-05
7.72979e-06
-7.25679e-05
8.13109e-06
-7.37466e-05
8.49711e-06
-7.50188e-05
8.82557e-06
-7.6389e-05
9.11629e-06
-7.78623e-05
9.36875e-06
-7.94507e-05
9.59318e-06
-8.11498e-05
9.78572e-06
-8.30007e-05
9.92789e-06
-8.4896e-05
1.01841e-05
-8.69327e-05
1.01981e-05
-8.98677e-05
4.85303e-06
-7.54526e-05
-7.15284e-06
3.97579e-05
-4.54142e-06
5.05166e-05
-3.39015e-06
4.73058e-05
-2.44562e-06
5.03648e-05
-1.82801e-06
5.1069e-05
-1.42852e-06
5.16955e-05
-1.15579e-06
5.17246e-05
-9.31797e-07
5.13855e-05
-7.0707e-07
5.07625e-05
-4.50398e-07
4.99277e-05
-1.57947e-07
4.89438e-05
1.82446e-07
4.7847e-05
5.65211e-07
4.66752e-05
9.82525e-07
4.54511e-05
1.42515e-06
4.41916e-05
1.88327e-06
4.29096e-05
2.34715e-06
4.16153e-05
2.80757e-06
4.03166e-05
3.256e-06
3.90201e-05
3.77319e-05
6.71058e-07
-6.44982e-05
1.09686e-06
-6.65833e-05
1.60902e-06
-6.58713e-05
2.13286e-06
-6.60619e-05
2.64803e-06
-6.63819e-05
3.15478e-06
-6.67815e-05
3.65144e-06
-6.72613e-05
4.13563e-06
-6.78227e-05
4.60513e-06
-6.8466e-05
5.05735e-06
-6.91912e-05
5.48938e-06
-6.99984e-05
5.89815e-06
-7.08885e-05
6.28003e-06
-7.18615e-05
6.63101e-06
-7.29189e-05
6.94683e-06
-7.40624e-05
7.22294e-06
-7.52949e-05
7.45508e-06
-7.66211e-05
7.64081e-06
-7.80481e-05
7.77439e-06
-7.95842e-05
7.87029e-06
-8.12456e-05
7.88285e-06
-8.30133e-05
7.79649e-06
-8.48096e-05
7.81848e-06
-8.69547e-05
8.00499e-06
-9.00542e-05
2.17395e-06
-6.96216e-05
-2.66788e-06
4.45997e-05
-1.04677e-06
4.88955e-05
-1.3629e-06
4.76221e-05
-1.19177e-06
5.01937e-05
-1.26178e-06
5.1139e-05
-1.37997e-06
5.18137e-05
-1.49732e-06
5.18419e-05
-1.5667e-06
5.14548e-05
-1.55847e-06
5.07543e-05
-1.4623e-06
4.98315e-05
-1.27582e-06
4.87574e-05
-1.01055e-06
4.75817e-05
-6.7785e-07
4.63425e-05
-2.91278e-07
4.50645e-05
1.34832e-07
4.37654e-05
5.87006e-07
4.24574e-05
1.05288e-06
4.11494e-05
1.5215e-06
3.9848e-05
1.98315e-06
3.85584e-05
3.72859e-05
5.96555e-07
-6.50948e-05
9.58995e-07
-6.69458e-05
1.3945e-06
-6.63068e-05
1.84133e-06
-6.65087e-05
2.28134e-06
-6.68219e-05
2.71328e-06
-6.72135e-05
3.13602e-06
-6.76841e-05
3.54701e-06
-6.82337e-05
3.94394e-06
-6.8863e-05
4.32414e-06
-6.95714e-05
4.6844e-06
-7.03587e-05
5.02137e-06
-7.12254e-05
5.33117e-06
-7.21713e-05
5.60871e-06
-7.31964e-05
5.84817e-06
-7.43018e-05
6.04219e-06
-7.54889e-05
6.18151e-06
-7.67604e-05
6.25393e-06
-7.81205e-05
6.23855e-06
-7.95689e-05
6.12815e-06
-8.11352e-05
5.88211e-06
-8.27673e-05
5.42216e-06
-8.43496e-05
5.04019e-06
-8.65727e-05
4.93363e-06
-8.99478e-05
-3.09656e-06
-6.15913e-05
-1.1989e-06
4.2702e-05
8.22943e-07
4.68736e-05
4.27754e-07
4.80173e-05
1.09104e-07
5.05124e-05
-6.52867e-07
5.1901e-05
-1.33411e-06
5.2495e-05
-1.89595e-06
5.24037e-05
-2.29464e-06
5.18535e-05
-2.51982e-06
5.09795e-05
-2.58343e-06
4.98952e-05
-2.5044e-06
4.86783e-05
-2.30551e-06
4.73828e-05
-2.01063e-06
4.60475e-05
-1.64198e-06
4.46958e-05
-1.21963e-06
4.33431e-05
-7.61185e-07
4.1999e-05
-2.81956e-07
4.06702e-05
2.05086e-07
3.9361e-05
6.89085e-07
3.80742e-05
3.68147e-05
5.58126e-07
-6.56529e-05
8.42153e-07
-6.72298e-05
1.20091e-06
-6.66655e-05
1.57307e-06
-6.68809e-05
1.94401e-06
-6.71929e-05
2.30784e-06
-6.75773e-05
2.66347e-06
-6.80397e-05
3.00821e-06
-6.85785e-05
3.33949e-06
-6.91943e-05
3.65422e-06
-6.98861e-05
3.94875e-06
-7.06532e-05
4.21927e-06
-7.1496e-05
4.46196e-06
-7.2414e-05
4.6704e-06
-7.34048e-05
4.83682e-06
-7.44683e-05
4.95031e-06
-7.56024e-05
4.99582e-06
-7.68059e-05
4.9508e-06
-7.80755e-05
4.79402e-06
-7.94121e-05
4.42992e-06
-8.07711e-05
3.80075e-06
-8.21381e-05
2.81291e-06
-8.33618e-05
1.82027e-06
-8.55801e-05
3.1122e-07
-8.84387e-05
-7.86008e-06
-5.342e-05
1.06556e-08
3.48314e-05
3.19966e-06
4.36844e-05
2.72598e-06
4.8491e-05
1.45088e-06
5.17875e-05
-8.25805e-08
5.34344e-05
-1.4231e-06
5.38355e-05
-2.47299e-06
5.34537e-05
-3.21531e-06
5.25958e-05
-3.67177e-06
5.1436e-05
-3.88144e-06
5.0105e-05
-3.88782e-06
4.86847e-05
-3.73439e-06
4.72293e-05
-3.45663e-06
4.57697e-05
-3.08621e-06
4.43253e-05
-2.64987e-06
4.29067e-05
-2.16971e-06
4.15188e-05
-1.66368e-06
4.01642e-05
-1.14656e-06
3.88439e-05
-6.30205e-07
3.75577e-05
3.631e-05
5.29159e-07
-6.61821e-05
7.13191e-07
-6.74139e-05
1.01702e-06
-6.69694e-05
1.32674e-06
-6.71906e-05
1.63743e-06
-6.75036e-05
1.94153e-06
-6.78814e-05
2.23685e-06
-6.8335e-05
2.52089e-06
-6.88625e-05
2.79051e-06
-6.94639e-05
3.04205e-06
-7.01377e-05
3.27122e-06
-7.08824e-05
3.47259e-06
-7.16973e-05
3.64219e-06
-7.25836e-05
3.77201e-06
-7.35347e-05
3.85029e-06
-7.45466e-05
3.8599e-06
-7.5612e-05
3.77551e-06
-7.67215e-05
3.55944e-06
-7.78594e-05
3.1767e-06
-7.90293e-05
2.5765e-06
-8.01709e-05
1.72993e-06
6.08063e-07
-5.06857e-07
-3.40106e-06
-8.53194e-07
8.80709e-06
9.07028e-06
6.19102e-06
3.1231e-06
3.56308e-07
-1.79705e-06
-3.38717e-06
-4.46388e-06
-5.11476e-06
-5.42787e-06
-5.48026e-06
-5.33391e-06
-5.04021e-06
-4.64057e-06
-4.16717e-06
-3.64571e-06
-3.09665e-06
-2.53623e-06
-1.97581e-06
4.73171e-07
5.4761e-07
7.88738e-07
1.03365e-06
1.27042e-06
1.49794e-06
1.71239e-06
1.91098e-06
2.08927e-06
2.24401e-06
2.37117e-06
2.46341e-06
2.51704e-06
2.52406e-06
2.47191e-06
2.34378e-06
2.11688e-06
1.7686e-06
1.31485e-06
)
;

boundaryField
{
    leftWall
    {
        type            calculated;
        value           uniform 0;
    }
    rightWall
    {
        type            calculated;
        value           nonuniform 0();
    }
    lowerWall
    {
        type            calculated;
        value           uniform 0;
    }
    atmosphere
    {
        type            calculated;
        value           nonuniform 0();
    }
    defaultFaces
    {
        type            empty;
        value           nonuniform 0();
    }
    procBoundary0to1
    {
        type            processor;
        value           nonuniform List<scalar> 
44
(
3.78741e-05
7.96656e-05
8.5675e-05
6.46904e-05
3.60419e-05
1.07165e-05
-2.31557e-06
-4.08704e-06
5.83597e-07
8.21985e-06
1.93709e-05
3.09153e-05
3.7053e-05
3.88023e-05
3.86913e-05
3.77639e-05
3.62645e-05
3.44277e-05
3.24807e-05
3.05389e-05
-5.22678e-05
3.06988e-05
2.8487e-05
2.6444e-05
2.45451e-05
2.27674e-05
2.10932e-05
1.95065e-05
1.79935e-05
1.65425e-05
1.51433e-05
1.37875e-05
1.24671e-05
1.11754e-05
9.90582e-06
8.65218e-06
7.40858e-06
6.16954e-06
4.92996e-06
3.68494e-06
2.42969e-06
1.16063e-06
-1.25285e-07
-1.42716e-06
)
;
    }
    procBoundary0to2
    {
        type            processor;
        value           nonuniform List<scalar> 
46
(
-8.12915e-05
-8.22399e-05
-8.44651e-05
-8.55444e-05
-5.5968e-05
2.51714e-05
4.34211e-05
5.13701e-05
5.48556e-05
5.62011e-05
5.59887e-05
5.50439e-05
5.36725e-05
5.20867e-05
5.0418e-05
4.8737e-05
4.7083e-05
4.54762e-05
4.39259e-05
4.24333e-05
4.09973e-05
3.96151e-05
3.82836e-05
3.69977e-05
3.5763e-05
-6.66552e-05
-6.74883e-05
-6.72105e-05
-6.74355e-05
-6.77403e-05
-6.81089e-05
-6.85495e-05
-6.90611e-05
-6.96421e-05
-7.02924e-05
-7.10096e-05
-7.17896e-05
-7.26373e-05
-7.35417e-05
-7.44944e-05
-7.54839e-05
-7.64946e-05
-7.75111e-05
-7.85756e-05
7.83686e-07
-7.96398e-05
)
;
    }
}


// ************************************************************************* //
