/*--------------------------------*- C++ -*----------------------------------*\
| =========                 |                                                 |
| \\      /  F ield         | OpenFOAM: The Open Source CFD Toolbox           |
|  \\    /   O peration     | Version:  3.0.1                                 |
|   \\  /    A nd           | Web:      www.OpenFOAM.org                      |
|    \\/     M anipulation  |                                                 |
\*---------------------------------------------------------------------------*/
FoamFile
{
    version     2.0;
    format      ascii;
    class       volScalarField;
    location    "0.35";
    object      p;
}
// * * * * * * * * * * * * * * * * * * * * * * * * * * * * * * * * * * * * * //

dimensions      [1 -1 -2 0 0 0 0];

internalField   nonuniform List<scalar> 
7700
(
1049.11
1050.02
1052.71
1055.03
1055.38
1053.46
1049.94
1045.79
1041.68
1037.92
1034.6
1031.71
1029.22
1027.08
1025.27
1023.78
1022.63
1021.88
1021.59
1021.86
1022.78
1024.46
1027.03
1030.62
1035.35
1041.36
1048.82
1057.94
1068.8
1081.41
1095.9
1112.33
1130.67
1150.66
1171.6
1192.07
1209.7
1221.49
1225.42
1225.4
1225.13
1211.06
1178.69
1172.2
1209.62
1243.9
1001.11
1001.93
1004.7
1006.98
1007.31
1005.38
1001.9
997.843
993.839
990.178
986.939
984.107
981.643
979.509
977.685
976.175
975.005
974.225
973.908
974.141
975.027
976.679
979.216
982.764
987.448
993.393
1000.7
1009.38
1019.7
1031.74
1045.58
1061.3
1078.9
1098.2
1118.75
1139.58
1158.53
1172.49
1178.55
1181.49
1188.93
1169.9
1114.4
1084.85
1115.81
1172.51
952.124
952.949
955.773
957.99
958.276
956.34
952.955
949.072
945.274
941.804
938.714
935.98
933.563
931.437
929.592
928.042
926.82
925.984
925.607
925.78
926.605
928.195
930.666
934.142
938.745
944.595
951.806
960.511
970.722
982.61
996.174
1011.33
1027.91
1045.58
1063.86
1081.89
1098.81
1113.36
1124.01
1130.98
1133.7
1115.19
1048.92
1012.04
1034.2
1103.48
902.234
903.067
905.978
908.109
908.335
906.411
903.182
899.559
896.052
892.844
889.952
887.344
884.985
882.863
880.982
879.371
878.073
877.154
876.69
876.775
877.511
879.007
881.381
884.753
889.241
894.964
902.032
910.542
920.553
932.128
945.254
959.846
975.7
992.44
1009.47
1025.99
1041.19
1054.37
1064.84
1071.76
1071.59
1055.04
1010.37
983.784
998.805
1062.39
851.507
852.322
855.389
857.412
857.573
855.696
852.687
849.395
846.241
843.339
840.672
838.199
835.896
833.765
831.832
830.138
828.742
827.715
827.139
827.108
827.725
829.099
831.344
834.578
838.917
844.475
851.358
859.653
869.421
880.698
893.453
907.578
922.85
938.903
955.202
971.038
985.571
997.965
1007.51
1013.62
1014.13
1005.3
984.289
975.182
996.12
1047.17
800.015
800.734
804.141
805.992
806.089
804.311
801.585
798.68
795.914
793.333
790.891
788.543
786.281
784.125
782.12
780.324
778.807
777.649
776.937
776.765
777.235
778.456
780.54
783.602
787.757
793.115
799.777
807.827
817.321
828.282
840.668
854.361
869.141
884.664
900.448
915.876
930.218
942.715
952.647
959.656
963.194
963.328
960.446
968.049
995.678
1042.97
747.886
748.652
752.058
753.902
753.989
752.372
749.985
747.496
745.123
742.85
740.61
738.365
736.12
733.918
731.821
729.903
728.246
726.936
726.064
725.725
726.02
727.058
728.947
731.802
735.735
740.855
747.261
755.034
764.226
774.862
786.889
800.193
814.568
829.697
845.149
860.392
874.826
887.856
898.943
907.894
914.86
921.284
929.383
947.778
980.547
1023.3
695.224
696.006
699.402
701.256
701.385
699.988
697.976
695.905
693.9
691.899
689.824
687.647
685.391
683.119
680.911
678.853
677.038
675.556
674.5
673.967
674.059
674.88
676.539
679.149
682.821
687.664
693.775
701.236
710.094
720.4
732.08
745.039
759.093
773.958
789.257
804.534
819.295
833.077
845.516
856.529
866.405
876.586
889.402
910.512
940.938
979.09
642.161
642.895
646.291
648.167
648.379
647.246
645.618
643.939
642.257
640.475
638.517
636.368
634.071
631.706
629.367
627.153
625.162
623.487
622.224
621.47
621.325
621.894
623.286
625.609
628.977
633.498
639.272
646.388
654.915
664.838
676.169
688.815
702.613
717.32
732.61
748.093
763.354
778.019
791.829
804.748
816.999
829.444
843.275
861.257
882.282
910.399
588.849
589.421
592.827
594.733
595.058
594.207
592.946
591.611
590.188
588.564
586.669
584.506
582.138
579.658
577.172
574.785
572.599
570.71
569.213
568.207
567.792
568.071
569.153
571.145
574.16
578.308
583.695
590.413
598.532
608.079
619.057
631.404
644.991
659.619
675.007
690.818
706.692
722.308
737.448
752.07
766.265
780.235
793.787
806.244
812.835
814.696
534.718
534.712
534.701
534.687
534.67
534.651
534.632
534.613
534.594
534.577
534.561
534.547
534.534
534.523
534.515
534.508
534.503
534.501
534.501
534.504
534.509
534.517
534.526
534.538
534.551
534.566
534.583
534.6
534.618
534.636
534.654
534.672
534.688
534.704
534.718
534.73
534.74
534.748
534.753
534.755
534.671
534.665
534.654
534.64
534.622
534.603
534.584
534.564
534.546
534.528
534.512
534.498
534.486
534.475
534.466
534.459
534.455
534.453
534.453
534.456
534.461
534.468
534.478
534.49
534.503
534.518
534.535
534.552
534.57
534.588
534.607
534.624
534.641
534.657
534.671
534.683
534.693
534.701
534.706
534.708
534.624
534.617
534.606
534.591
534.573
534.554
534.534
534.515
534.496
534.479
534.463
534.449
534.437
534.426
534.417
534.41
534.406
534.403
534.403
534.406
534.411
534.419
534.428
534.44
534.454
534.469
534.486
534.504
534.522
534.54
534.559
534.577
534.594
534.609
534.623
534.636
534.646
534.654
534.659
534.661
534.575
534.568
534.556
534.541
534.523
534.504
534.484
534.464
534.446
534.429
534.413
534.399
534.386
534.376
534.367
534.36
534.355
534.352
534.353
534.355
534.36
534.368
534.378
534.39
534.404
534.419
534.436
534.454
534.473
534.492
534.51
534.529
534.546
534.562
534.576
534.589
534.599
534.607
534.612
534.614
534.525
534.517
534.505
534.49
534.472
534.453
534.432
534.413
534.394
534.377
534.362
534.348
534.335
534.324
534.315
534.308
534.303
534.3
534.3
534.303
534.308
534.316
534.326
534.338
534.353
534.369
534.386
534.404
534.423
534.443
534.462
534.48
534.498
534.515
534.529
534.542
534.553
534.561
534.566
534.568
534.474
534.464
534.452
534.438
534.42
534.4
534.38
534.36
534.341
534.324
534.309
534.295
534.283
534.272
534.263
534.255
534.25
534.247
534.247
534.25
534.255
534.263
534.273
534.286
534.3
534.317
534.335
534.354
534.373
534.393
534.413
534.432
534.45
534.467
534.482
534.495
534.506
534.515
534.52
534.523
534.42
534.407
534.396
534.383
534.366
534.347
534.326
534.305
534.287
534.27
534.255
534.242
534.23
534.219
534.209
534.201
534.196
534.193
534.192
534.195
534.2
534.208
534.219
534.232
534.247
534.264
534.282
534.302
534.322
534.343
534.363
534.383
534.402
534.42
534.435
534.449
534.46
534.469
534.475
534.477
534.362
534.343
534.333
534.326
534.311
534.292
534.27
534.249
534.231
534.215
534.201
534.188
534.176
534.164
534.154
534.146
534.14
534.137
534.136
534.138
534.144
534.152
534.163
534.177
534.192
534.21
534.229
534.25
534.271
534.292
534.314
534.334
534.354
534.372
534.389
534.403
534.415
534.424
534.43
534.432
534.29
534.264
534.262
534.267
534.254
534.237
534.214
534.191
534.173
534.158
534.145
534.133
534.121
534.109
534.099
534.09
534.083
534.079
534.078
534.08
534.086
534.094
534.106
534.12
534.137
534.155
534.175
534.196
534.219
534.241
534.263
534.285
534.306
534.325
534.342
534.357
534.369
534.379
534.385
534.388
534.207
534.167
534.175
534.204
534.196
534.181
534.156
534.132
534.114
534.1
534.088
534.077
534.065
534.053
534.042
534.032
534.024
534.02
534.018
534.021
534.026
534.035
534.047
534.062
534.079
534.099
534.12
534.142
534.166
534.189
534.213
534.235
534.257
534.277
534.295
534.311
534.324
534.334
534.341
534.344
534.965
535.202
538.615
540.565
541.01
540.434
539.499
538.443
537.206
535.674
533.789
531.574
529.105
526.488
523.837
521.259
518.856
516.725
514.964
513.669
512.943
512.888
513.61
515.218
517.822
521.537
526.473
532.73
540.39
549.504
560.095
572.134
585.533
600.134
615.701
631.932
648.497
665.092
681.502
697.631
713.452
728.628
742.253
749.61
742.787
675.997
480.326
480.164
483.468
485.459
486.007
485.675
485.007
484.151
483.023
481.515
479.588
477.281
474.685
471.91
469.073
466.281
463.634
461.23
459.164
457.536
456.451
456.011
456.319
457.479
459.604
462.81
467.216
472.934
480.058
488.663
498.807
510.502
523.706
538.309
554.115
570.846
588.166
605.748
623.354
640.817
658.05
674.362
689.269
695.962
695.649
637.563
425.088
424.709
427.689
429.658
430.274
430.138
429.663
428.922
427.822
426.273
424.256
421.823
419.073
416.119
413.074
410.041
407.118
404.399
401.982
399.969
398.468
397.585
397.416
398.057
399.619
402.225
406.007
411.088
417.58
425.565
435.171
446.472
459.468
474.088
490.172
507.458
525.571
544.121
562.822
581.454
599.905
617.288
633.689
642.608
651.092
622.729
369.377
368.686
371.283
373.202
373.844
373.824
373.444
372.72
371.567
369.917
367.765
365.175
362.244
359.085
355.8
352.489
349.242
346.151
343.316
340.844
338.849
337.446
336.717
336.742
337.632
339.521
342.558
346.89
352.649
359.933
368.805
379.589
392.348
407.071
423.604
441.626
460.646
480.159
499.826
519.43
538.837
557.109
574.138
585.201
593.589
579.989
313.348
311.777
314.061
316.038
316.712
316.684
316.276
315.468
314.183
312.374
310.047
307.264
304.121
300.719
297.153
293.511
289.882
286.354
283.025
280.011
277.442
275.454
274.093
273.4
273.479
274.485
276.597
280.001
284.882
291.391
299.412
309.448
321.629
336.177
353.106
372.046
392.222
412.862
433.552
454.181
474.585
493.82
511.179
524.138
531.492
528.249
257.384
253.712
255.345
257.801
258.779
258.651
258.077
257.077
255.584
253.574
251.049
248.065
244.704
241.055
237.204
233.232
229.223
225.265
221.454
217.914
214.816
212.363
210.477
209.115
208.371
208.404
209.389
211.505
214.944
219.958
227.057
236.441
248.136
262.647
280.211
300.398
321.934
343.587
364.931
386.274
407.559
427.742
445.776
460.556
469.992
473.067
202.52
195.408
195.141
199.074
200.866
200.364
199.307
197.913
196.102
193.877
191.189
188.052
184.527
180.685
176.601
172.347
168.001
163.644
159.361
155.267
151.579
148.799
146.565
144.638
143.199
142.498
142.735
144.041
146.421
149.607
153.604
161.244
171.512
184.967
202.245
223.246
246.108
268.917
291.336
314.382
337.671
359.366
378.53
394.972
407.321
414.664
151.171
140.475
136.933
141.766
144.027
142.227
140.087
138.022
135.724
133.259
130.41
127.096
123.325
119.144
114.622
109.839
104.86
99.7327
94.4995
89.1731
83.8069
80.1238
77.4435
74.5743
71.9784
70.193
69.6153
70.4877
73.059
77.6678
83.5299
85.3132
94.3191
108.44
128.137
152.234
176.143
197.254
217.229
239.682
264.21
287.817
309.234
328.196
343.457
354.689
106.625
93.707
83.2342
81.5884
84.0766
81.1211
77.8047
75.0539
72.2649
69.8059
66.9262
63.5396
59.7041
55.4971
51.0286
46.4253
41.777
37.1179
32.5086
28.0121
23.0916
20.9508
19.1968
17.6889
16.4207
15.42
14.7147
14.3192
14.2445
14.6019
15.2546
16.4233
18.505
24.1655
40.2989
68.2493
97.5227
120.666
142.97
168.812
194.052
216.804
238.342
259.396
277.938
293.313
70.2768
53.389
33.5288
22.7466
26.9969
26.3022
24.0881
22.1883
20.7116
19.6362
18.3112
16.8351
15.3101
13.7992
12.3535
11.0096
9.79912
8.75334
7.90639
7.33418
6.47486
6.20643
6.26729
6.39186
6.51058
6.62807
6.75522
6.89516
7.04415
7.18939
7.31879
7.44426
7.60457
7.92358
8.83819
10.8715
14.7587
21.9103
43.1272
80.8967
117.007
146.629
171.692
193.918
212.995
230.477
41.6513
19.6875
7.57121
6.17986
6.87344
6.60563
6.13912
5.76116
5.69992
5.72615
5.76356
5.80037
5.83913
5.88166
5.92922
5.98233
6.04106
6.10567
6.17563
6.24172
6.22875
6.21634
6.26366
6.35329
6.45516
6.56417
6.68678
6.82588
6.97775
7.12725
7.2635
7.39821
7.53271
7.64793
7.73674
7.82521
7.95219
8.27414
9.41268
13.7717
25.5299
57.7953
94.8188
125.785
150.515
170.945
23.9136
6.19999
5.54303
5.59643
5.60238
5.62787
5.66
5.66195
5.65902
5.67793
5.7079
5.74188
5.77897
5.8197
5.86472
5.91441
5.96852
6.02612
6.08464
6.13632
6.16252
6.18425
6.22987
6.30171
6.38826
6.48184
6.59347
6.72531
6.86539
7.00272
7.12167
7.22659
7.33163
7.449
7.58322
7.68362
7.79138
7.90866
7.97983
8.07867
8.46688
10.874
19.2416
42.3821
75.8887
106.005
5.51766
5.4823
5.48671
5.51483
5.53617
5.55391
5.57501
5.58775
5.5983
5.61729
5.64406
5.67583
5.71156
5.75111
5.79453
5.84177
5.89239
5.94525
5.99797
6.04614
6.08485
6.12275
6.1719
6.23568
6.31028
6.3864
6.48224
6.60769
6.73412
6.84725
6.9423
7.02339
7.1022
7.1802
7.26825
7.41719
7.58668
7.74003
7.85424
7.93188
7.93825
7.85922
7.96594
9.12209
15.6603
30.6611
5.4503
5.42851
5.44191
5.44894
5.46446
5.47771
5.49486
5.5104
5.52646
5.54722
5.57343
5.60427
5.63912
5.67772
5.7199
5.7654
5.81367
5.86369
5.91379
5.96185
6.00663
6.05174
6.10273
6.16208
6.22768
6.29101
6.36106
6.47159
6.58601
6.67977
6.75983
6.8392
6.91987
7.00896
7.11598
7.24944
7.42396
7.59684
7.71807
7.7787
7.79393
7.76259
7.64552
7.37791
7.24531
7.8733
5.3675
5.35522
5.36209
5.37247
5.38629
5.39906
5.41524
5.43223
5.45088
5.47297
5.49923
5.52955
5.56364
5.60125
5.64217
5.68608
5.73248
5.78056
5.82927
5.87761
5.92525
5.97356
6.02538
6.0825
6.14368
6.2042
6.25766
6.33832
6.44239
6.54029
6.62847
6.71468
6.80381
6.90005
7.00798
7.14131
7.32021
7.48932
7.60248
7.65442
7.64968
7.57494
7.45375
7.29552
7.13555
6.92946
5.27697
5.27131
5.2828
5.29162
5.30506
5.31779
5.33392
5.35176
5.37171
5.3946
5.42099
5.45095
5.48437
5.5211
5.56092
5.60353
5.64852
5.6953
5.74318
5.79163
5.84052
5.89009
5.942
5.99776
6.057
6.11746
6.1773
6.24508
6.3311
6.42459
6.51708
6.60607
6.69644
6.791
6.88809
6.97707
7.09013
7.24394
7.38122
7.46667
7.47193
7.39335
7.26582
7.11256
6.98314
6.90262
5.18519
5.18463
5.19656
5.20672
5.22057
5.23383
5.25011
5.26846
5.2891
5.31247
5.33894
5.36863
5.40152
5.43749
5.47638
5.51793
5.56183
5.60762
5.65485
5.70313
5.75236
5.80232
5.85373
5.90828
5.96612
6.02616
6.08808
6.15623
6.23547
6.32129
6.40757
6.49263
6.57821
6.66485
6.75096
6.82721
6.89263
6.96795
7.05743
7.15388
7.20422
7.17761
7.06307
6.917
6.81527
6.79059
5.09089
5.09305
5.10706
5.11804
5.13314
5.14697
5.16342
5.18212
5.20315
5.22679
5.25328
5.28272
5.31514
5.35045
5.38852
5.42918
5.47214
5.5171
5.56368
5.61158
5.66067
5.71074
5.76171
5.81522
5.87198
5.93146
5.99343
6.06012
6.134
6.21296
6.29326
6.3735
6.45392
6.53404
6.61176
6.68331
6.74808
6.80235
6.8414
6.87903
6.93138
6.91627
6.8108
6.69052
6.62487
6.63004
4.99548
4.99917
5.01527
5.02702
5.04223
5.05695
5.07368
5.09262
5.11388
5.13764
5.16406
5.19326
5.22523
5.25995
5.2973
5.33714
5.37927
5.42343
5.46933
5.51671
5.5654
5.61529
5.66636
5.71928
5.77499
5.8334
5.89446
5.95926
6.02889
6.10241
6.17756
6.25278
6.3275
6.40112
6.47167
6.53635
6.593
6.64127
6.67772
6.68223
6.6707
6.64784
6.54939
6.44613
6.41811
6.46191
4.90017
4.90402
4.92182
4.93352
4.94849
4.96382
4.98082
4.99992
5.02128
5.04504
5.07135
5.10026
5.13182
5.16597
5.20265
5.24174
5.28308
5.32646
5.37165
5.41842
5.46658
5.51607
5.56692
5.61949
5.67432
5.73155
5.79131
5.85412
5.92041
5.98957
6.06014
6.13077
6.20036
6.26825
6.33277
6.39151
6.44246
6.48309
6.5109
6.51769
6.47907
6.41524
6.3175
6.22136
6.22017
6.32116
4.8051
4.80791
4.82607
4.83811
4.85231
4.86774
4.88486
4.904
4.92535
4.94903
4.97515
5.00376
5.03489
5.06851
5.10455
5.14293
5.1835
5.22611
5.27056
5.31665
5.36422
5.4132
5.46361
5.51565
5.56966
5.62582
5.68427
5.74521
5.80875
5.87444
5.94126
6.00807
6.07372
6.13708
6.19694
6.25127
6.29783
6.33406
6.35611
6.3592
6.32607
6.24374
6.13813
6.05075
6.08324
6.21487
4.70947
4.71205
4.7275
4.74005
4.75357
4.76875
4.78578
4.80484
4.82608
4.8496
4.87547
4.90375
4.93445
4.96753
5.00296
5.04065
5.08049
5.12233
5.16603
5.21141
5.25834
5.30673
5.3566
5.40805
5.46129
5.51646
5.57367
5.63297
5.69431
5.7573
5.82115
5.8849
5.94751
6.00785
6.06463
6.1162
6.16047
6.19502
6.21636
6.21997
6.19718
6.12506
6.02686
5.95112
5.99575
6.13663
4.61163
4.61503
4.62678
4.63899
4.65197
4.66675
4.68355
4.70242
4.72345
4.74673
4.77231
4.80022
4.83047
4.86303
4.89786
4.93488
4.974
5.01511
5.05806
5.10273
5.14899
5.19676
5.24604
5.29688
5.34939
5.40368
5.45979
5.51772
5.57732
5.63824
5.69985
5.76134
5.82179
5.8802
5.9354
5.98598
6.03022
6.0661
6.09098
6.10092
6.09129
6.04846
5.97227
5.90873
5.95115
6.1046
4.51098
4.51478
4.52366
4.5349
4.54732
4.56164
4.57809
4.59667
4.61742
4.6404
4.66564
4.69315
4.72293
4.75497
4.78921
4.82559
4.86403
4.90442
4.94665
4.99062
5.0362
5.08335
5.13203
5.18227
5.23412
5.28764
5.34283
5.39963
5.4579
5.5173
5.57732
5.6373
5.69648
5.75398
5.80885
5.85997
5.90607
5.94568
5.97708
5.99797
6.00524
5.99402
5.95551
5.92254
5.95889
6.10979
4.40689
4.41066
4.41758
4.42767
4.43945
4.45327
4.4693
4.48752
4.50793
4.53056
4.55541
4.5825
4.61181
4.64332
4.67698
4.71274
4.75052
4.79023
4.83178
4.87506
4.92001
4.96655
5.01465
5.06432
5.11557
5.16842
5.22285
5.27879
5.33608
5.39443
5.45344
5.51258
5.57124
5.62873
5.68432
5.73721
5.78656
5.83149
5.87113
5.90466
5.93118
5.94989
5.95943
5.96397
5.9969
6.12814
4.29891
4.30249
4.308
4.31705
4.32818
4.34149
4.35707
4.37489
4.39491
4.41715
4.44159
4.46824
4.49706
4.52804
4.56114
4.59629
4.63344
4.6725
4.71339
4.75604
4.80037
4.84633
4.89388
4.94302
4.99374
5.04603
5.09987
5.15517
5.21179
5.2695
5.32799
5.38684
5.44561
5.5038
5.5609
5.6164
5.66987
5.72096
5.76949
5.8156
5.85997
5.90403
5.95069
6.00403
6.07293
6.17659
4.18677
4.19011
4.19463
4.20284
4.21337
4.22617
4.2413
4.25869
4.2783
4.30012
4.32413
4.35031
4.37864
4.4091
4.44163
4.4762
4.51273
4.55117
4.59145
4.63349
4.67724
4.72266
4.7697
4.81835
4.8686
4.92044
4.97382
5.02867
5.08489
5.14229
5.20064
5.25966
5.31901
5.3784
5.43752
5.49612
5.55409
5.61148
5.66863
5.72627
5.78574
5.8493
5.9204
6.00404
6.10701
6.23961
4.07033
4.07341
4.07728
4.08484
4.09484
4.10718
4.12186
4.13882
4.158
4.17938
4.20294
4.22866
4.25649
4.28642
4.31841
4.3524
4.38835
4.42619
4.46588
4.50735
4.55056
4.59546
4.64202
4.69024
4.74008
4.79154
4.84458
4.89916
4.95518
5.01252
5.07103
5.13052
5.19079
5.25169
5.31309
5.37495
5.43739
5.50074
5.5656
5.63301
5.70449
5.78223
5.86912
5.96862
6.08397
6.21759
3.94951
3.95236
3.95584
3.96292
3.97248
3.98439
3.99865
4.01518
4.03393
4.05488
4.07798
4.10322
4.13056
4.15996
4.1914
4.22483
4.26021
4.29748
4.33661
4.37753
4.42022
4.46464
4.51076
4.55857
4.60806
4.65922
4.71202
4.76643
4.82241
4.87987
4.93873
4.99889
5.06026
5.12281
5.18653
5.25155
5.31814
5.38676
5.45815
5.53335
5.61378
5.7012
5.7976
5.90478
6.02347
6.15171
3.82432
3.82699
3.83026
3.83698
3.84617
3.85771
3.87157
3.88769
3.90602
3.92652
3.94917
3.97393
4.00077
4.02965
4.06056
4.09344
4.12825
4.16497
4.20354
4.24394
4.28613
4.33008
4.37579
4.42323
4.4724
4.5233
4.57593
4.63026
4.68629
4.74398
4.8033
4.86422
4.92674
4.99091
5.05685
5.12475
5.19497
5.26802
5.34464
5.42576
5.51251
5.60616
5.70791
5.81852
5.93776
6.06409
3.69477
3.69731
3.70049
3.70695
3.71584
3.72704
3.74054
3.75626
3.77418
3.79425
3.81644
3.84072
3.86706
3.89543
3.92579
3.95813
3.99239
4.02856
4.0666
4.10648
4.14818
4.19168
4.23697
4.28405
4.33292
4.3836
4.43608
4.49038
4.54651
4.60447
4.66427
4.72595
4.78957
4.85524
4.92313
4.9935
5.06673
5.14333
5.22393
5.30931
5.4003
5.49772
5.60219
5.71383
5.832
5.955
3.56089
3.56334
3.56651
3.57278
3.58142
3.59233
3.60548
3.62083
3.63834
3.65798
3.67971
3.70351
3.72935
3.7572
3.78704
3.81882
3.85254
3.88816
3.92567
3.96503
4.00624
4.04929
4.09417
4.14089
4.18946
4.2399
4.29224
4.34651
4.40273
4.46093
4.52118
4.58354
4.64813
4.71508
4.78459
4.85696
4.93254
5.0118
5.09525
5.18349
5.2771
5.37652
5.48197
5.59321
5.70939
5.82885
3.42269
3.42509
3.42828
3.43442
3.44285
3.45349
3.46632
3.48131
3.49843
3.51764
3.53892
3.56225
3.58758
3.61491
3.6442
3.67544
3.70861
3.74368
3.78064
3.81948
3.86019
3.90277
3.94723
3.99357
4.04182
4.09201
4.14417
4.19835
4.25461
4.31299
4.37357
4.43647
4.50181
4.56977
4.64053
4.71439
4.79167
4.87276
4.95807
5.04801
5.14296
5.24311
5.34841
5.45841
5.57218
5.68828
3.28019
3.28257
3.2858
3.29183
3.30008
3.31047
3.323
3.33764
3.35437
3.37317
3.394
3.41684
3.44168
3.46848
3.49723
3.52791
3.56051
3.59503
3.63143
3.66973
3.70992
3.75201
3.796
3.84192
3.8898
3.93968
3.99161
4.04564
4.10183
4.16026
4.22103
4.28427
4.3501
4.41871
4.49032
4.56516
4.64352
4.72571
4.81203
4.90277
4.99807
5.09798
5.20231
5.3105
5.42163
5.53439
3.13342
3.13579
3.13906
3.14499
3.15307
3.16323
3.17547
3.18978
3.20613
3.2245
3.24488
3.26724
3.29156
3.31782
3.34602
3.37614
3.40817
3.44209
3.47792
3.51564
3.55528
3.59682
3.64031
3.68575
3.7332
3.7827
3.83429
3.88806
3.94406
4.00239
4.06317
4.12651
4.19256
4.26149
4.33351
4.40882
4.48767
4.57027
4.65686
4.74758
4.84249
4.94148
5.04424
5.15019
5.25845
5.36787
2.98238
2.98474
2.98803
2.99386
3.00178
3.01171
3.02367
3.03765
3.05362
3.07157
3.09148
3.11335
3.13714
3.16286
3.19049
3.22002
3.25145
3.28477
3.31999
3.3571
3.39613
3.43709
3.48
3.5249
3.57183
3.62084
3.67199
3.72536
3.78102
3.83907
3.89963
3.96282
4.02878
4.09767
4.16968
4.24498
4.32375
4.40618
4.49238
4.58243
4.67629
4.77377
4.87448
4.97785
5.08301
5.18892
2.82702
2.82938
2.83267
2.83841
2.84616
2.85587
2.86755
2.88119
2.89678
2.9143
2.93374
2.9551
2.97836
3.00351
3.03055
3.05948
3.09028
3.12296
3.15752
3.19397
3.23234
3.27264
3.31491
3.35918
3.40549
3.45391
3.50449
3.5573
3.61245
3.67001
3.73011
3.79286
3.85841
3.9269
3.99847
4.07329
4.15148
4.23316
4.3184
4.4072
4.49945
4.5949
4.69313
4.79356
4.89534
4.99747
2.66734
2.66967
2.67295
2.67858
2.68617
2.69565
2.70705
2.72035
2.73555
2.75263
2.7716
2.79244
2.81514
2.83971
2.86613
2.89441
2.92455
2.95654
2.9904
3.02614
3.06379
3.10336
3.1449
3.18844
3.23402
3.28171
3.33156
3.38366
3.43809
3.49494
3.55433
3.61636
3.68117
3.74887
3.8196
3.89347
3.97058
4.05101
4.13476
4.22177
4.3119
4.40483
4.50014
4.59723
4.69528
4.79326
2.5033
2.5056
2.50884
2.51436
2.52177
2.53102
2.54213
2.55508
2.56988
2.58651
2.60498
2.62529
2.64741
2.67137
2.69715
2.72475
2.75418
2.78544
2.81854
2.85351
2.89036
2.92912
2.96983
3.01253
3.05725
3.10407
3.15304
3.20424
3.25775
3.31365
3.37206
3.43307
3.49679
3.56334
3.63281
3.7053
3.78086
3.85953
3.94127
4.026
4.1135
4.20344
4.29536
4.38865
4.48251
4.57586
2.33487
2.33714
2.34032
2.34571
2.35294
2.36195
2.37275
2.38534
2.39972
2.41589
2.43385
2.4536
2.47512
2.49843
2.52353
2.55041
2.57909
2.60956
2.64184
2.67596
2.71194
2.7498
2.78957
2.83131
2.87505
2.92085
2.96876
3.01886
3.07123
3.12594
3.1831
3.24278
3.30508
3.3701
3.43791
3.50858
3.58212
3.65855
3.73781
3.81974
3.90411
3.99056
4.07859
4.16756
4.25665
4.34473
2.16204
2.16425
2.16736
2.17261
2.17964
2.18839
2.19887
2.21109
2.22504
2.24073
2.25815
2.27731
2.29821
2.32085
2.34522
2.37134
2.39921
2.42883
2.46023
2.49343
2.52844
2.5653
2.60403
2.64468
2.68729
2.73191
2.77859
2.82739
2.8784
2.93167
2.98729
3.04533
3.10588
3.169
3.23475
3.30316
3.37424
3.44796
3.52421
3.60284
3.68357
3.766
3.84959
3.93365
4.01729
4.09931
1.98478
1.98691
1.98993
1.99502
2.00185
2.01032
2.02047
2.0323
2.0458
2.06099
2.07785
2.0964
2.11664
2.13856
2.16217
2.18748
2.21448
2.2432
2.27364
2.30583
2.33979
2.37554
2.41312
2.45255
2.49388
2.53715
2.58242
2.62972
2.67913
2.73071
2.78452
2.84062
2.89907
2.95993
3.02321
3.08895
3.15711
3.22763
3.3004
3.37521
3.45175
3.5296
3.60816
3.68665
3.76406
3.83907
1.80306
1.8051
1.80802
1.81294
1.81954
1.82773
1.83752
1.84894
1.86197
1.87663
1.89291
1.91082
1.93036
1.95153
1.97433
1.99878
2.02486
2.05261
2.08202
2.11312
2.14593
2.18047
2.21677
2.25485
2.29475
2.33651
2.38017
2.42577
2.47336
2.52299
2.57471
2.62856
2.68459
2.74281
2.80325
2.86589
2.93068
2.99754
3.06632
3.13679
3.2086
3.28128
3.35417
3.42639
3.49674
3.56369
1.61687
1.61881
1.62161
1.62635
1.63271
1.64058
1.65001
1.661
1.67354
1.68765
1.70332
1.72056
1.73936
1.75974
1.78169
1.80521
1.83032
1.85702
1.88533
1.91525
1.94682
1.98004
2.01494
2.05154
2.08986
2.12994
2.17181
2.2155
2.26105
2.30848
2.35784
2.40915
2.46242
2.51766
2.57487
2.634
2.69499
2.75773
2.82203
2.88764
2.95416
3.02108
3.08765
3.15286
3.21529
3.27307
1.42621
1.42803
1.4307
1.43523
1.44134
1.44889
1.45793
1.46847
1.4805
1.49403
1.50906
1.52559
1.54362
1.56316
1.58421
1.60676
1.63083
1.65642
1.68355
1.71221
1.74244
1.77423
1.80761
1.84259
1.87919
1.91743
1.95733
1.99891
2.0422
2.0872
2.13393
2.1824
2.23261
2.28454
2.33816
2.39339
2.45017
2.50833
2.56769
2.62793
2.68864
2.74923
2.80887
2.86637
2.92003
2.96744
1.23107
1.23274
1.23528
1.2396
1.24543
1.25264
1.26127
1.27134
1.28283
1.29576
1.31011
1.32591
1.34313
1.3618
1.38189
1.40343
1.4264
1.45081
1.47667
1.504
1.53278
1.56305
1.59479
1.62802
1.66276
1.699
1.73676
1.77604
1.81685
1.85919
1.90306
1.94843
1.99529
2.04359
2.09327
2.14426
2.19643
2.24962
2.30359
2.35803
2.41247
2.46626
2.51847
2.56772
2.61195
2.64799
1.03144
1.03297
1.03536
1.03945
1.04499
1.05184
1.06005
1.06962
1.08055
1.09285
1.10651
1.12153
1.13791
1.15565
1.17475
1.19521
1.21702
1.24019
1.26472
1.29062
1.31788
1.34651
1.37651
1.40787
1.4406
1.4747
1.51015
1.54696
1.58511
1.62458
1.66535
1.70739
1.75063
1.79502
1.84048
1.8869
1.93413
1.98199
2.03023
2.07849
2.12631
2.17298
2.2175
2.25832
2.29302
2.31767
0.827334
0.82871
0.830948
0.834795
0.840027
0.846502
0.854267
0.863326
0.873675
0.885316
0.898247
0.912465
0.927966
0.944747
0.962804
0.982133
1.00273
1.0246
1.04773
1.07212
1.09777
1.12467
1.15281
1.18219
1.2128
1.24461
1.27761
1.31179
1.3471
1.38352
1.421
1.45948
1.49889
1.53914
1.58013
1.62172
1.66374
1.706
1.74822
1.79007
1.83105
1.87049
1.90739
1.94014
1.96608
1.98112
0.618766
0.619988
0.62207
0.62566
0.630569
0.636653
0.643956
0.652484
0.66223
0.673192
0.685367
0.698751
0.713337
0.729118
0.746089
0.764243
0.783572
0.804071
0.825732
0.848547
0.872503
0.897588
0.923786
0.951077
0.979439
1.00885
1.03927
1.07067
1.10301
1.13622
1.17024
1.205
1.2404
1.27632
1.31265
1.34922
1.38585
1.42233
1.45839
1.4937
1.52784
1.56019
1.58989
1.61556
1.63461
1.64402
0.40575
0.406823
0.408743
0.412067
0.416639
0.42232
0.429149
0.437128
0.446251
0.456513
0.467908
0.480429
0.494067
0.508813
0.524658
0.541592
0.559603
0.578681
0.598813
0.619984
0.642175
0.665365
0.68953
0.714639
0.740663
0.767562
0.795295
0.823808
0.853041
0.88292
0.913363
0.94427
0.975528
1.00701
1.03855
1.07
1.10114
1.13177
1.16162
1.19043
1.21786
1.24348
1.26672
1.2868
1.3018
1.31117
0.188308
0.189242
0.190994
0.194048
0.198274
0.203544
0.209886
0.217304
0.225787
0.235329
0.245921
0.257554
0.270216
0.283894
0.298577
0.31425
0.330898
0.348506
0.367055
0.386523
0.406885
0.428111
0.450168
0.473018
0.49662
0.520925
0.545878
0.571412
0.597453
0.623911
0.650687
0.677666
0.704716
0.731686
0.758407
0.784691
0.810331
0.835111
0.858807
0.8812
0.902087
0.9213
0.938687
0.954327
0.967647
0.98119
-0.0335293
-0.032723
-0.0311405
-0.028355
-0.0244798
-0.019627
-0.0137787
-0.00693434
0.000895928
0.00970152
0.019472
0.0301945
0.0418545
0.0544371
0.0679258
0.082303
0.09755
0.113645
0.130565
0.14828
0.166758
0.185961
0.20585
0.226377
0.247492
0.269137
0.291245
0.313738
0.336529
0.359515
0.382584
0.405604
0.428429
0.450891
0.472802
0.493961
0.514149
0.533151
0.550759
0.566804
0.58119
0.593966
0.605377
0.616235
0.627431
0.643375
-0.259717
-0.259023
-0.257613
-0.255088
-0.251563
-0.247131
-0.241781
-0.235518
-0.228352
-0.220296
-0.211364
-0.20157
-0.190933
-0.17947
-0.167201
-0.154148
-0.140335
-0.125788
-0.110536
-0.0946163
-0.0780665
-0.0609309
-0.0432577
-0.0251
-0.0065168
0.0124248
0.0316483
0.0510669
0.070582
0.0900827
0.109444
0.128522
0.147157
0.165167
0.182346
0.198476
0.213321
0.226651
0.238249
0.247948
0.255684
0.261579
0.266057
0.270218
0.27579
0.287152
-0.490189
-0.489592
-0.488356
-0.486084
-0.482905
-0.478893
-0.474045
-0.468369
-0.461875
-0.45458
-0.446497
-0.437647
-0.428048
-0.417723
-0.406695
-0.39499
-0.382635
-0.369664
-0.35611
-0.342016
-0.327427
-0.312391
-0.296964
-0.281204
-0.26518
-0.248963
-0.232639
-0.216301
-0.200054
-0.184017
-0.168324
-0.153127
-0.138599
-0.124935
-0.112355
-0.101104
-0.0914413
-0.0836356
-0.0779515
-0.074619
-0.0737852
-0.0754456
-0.0793071
-0.0845081
-0.089389
-0.0907965
-0.724858
-0.72435
-0.723287
-0.721259
-0.718418
-0.714827
-0.710482
-0.705397
-0.699581
-0.693052
-0.685828
-0.677931
-0.669383
-0.660209
-0.650436
-0.640094
-0.629216
-0.617839
-0.606003
-0.593755
-0.581144
-0.568225
-0.555059
-0.54171
-0.52825
-0.514759
-0.501324
-0.488044
-0.475029
-0.462401
-0.450301
-0.438887
-0.42834
-0.418868
-0.410709
-0.404133
-0.399439
-0.39695
-0.397019
-0.400001
-0.406238
-0.416027
-0.429502
-0.446513
-0.466434
-0.488559
-0.963619
-0.963199
-0.962308
-0.960518
-0.95801
-0.954838
-0.950995
-0.946501
-0.941364
-0.935606
-0.929245
-0.922307
-0.914815
-0.906799
-0.89829
-0.88932
-0.879928
-0.870155
-0.860045
-0.84965
-0.839024
-0.828225
-0.817318
-0.806374
-0.795467
-0.784679
-0.7741
-0.76383
-0.753982
-0.744681
-0.736068
-0.728306
-0.721581
-0.716113
-0.712156
-0.710006
-0.710004
-0.712542
-0.718082
-0.727141
-0.740322
-0.758336
-0.781918
-0.811907
-0.849352
-0.89702
-1.20636
-1.20603
-1.20531
-1.20376
-1.20157
-1.19882
-1.19548
-1.19157
-1.18711
-1.18213
-1.17663
-1.17065
-1.16422
-1.15736
-1.15011
-1.14252
-1.13461
-1.12644
-1.11805
-1.10951
-1.10086
-1.09217
-1.0835
-1.07494
-1.06655
-1.05843
-1.05065
-1.04332
-1.03655
-1.03047
-1.02522
-1.02096
-1.01788
-1.0162
-1.0162
-1.01819
-1.02255
-1.02972
-1.04029
-1.05492
-1.07447
-1.10007
-1.13305
-1.17523
-1.22941
-1.30203
-1.45297
-1.45274
-1.45219
-1.45086
-1.449
-1.44666
-1.44381
-1.44049
-1.43671
-1.43249
-1.42785
-1.42283
-1.41744
-1.41174
-1.40575
-1.39952
-1.39309
-1.38651
-1.37984
-1.37312
-1.36643
-1.35982
-1.35337
-1.34715
-1.34123
-1.3357
-1.33065
-1.32618
-1.32239
-1.31941
-1.31738
-1.31646
-1.31683
-1.31874
-1.32244
-1.32826
-1.3366
-1.34795
-1.36294
-1.38234
-1.40722
-1.43898
-1.47938
-1.53101
-1.598
-1.69009
-1.70333
-1.7032
-1.70281
-1.70171
-1.70016
-1.69823
-1.69587
-1.69314
-1.69002
-1.68656
-1.68277
-1.67869
-1.67435
-1.66979
-1.66505
-1.66017
-1.6552
-1.65019
-1.6452
-1.64029
-1.63551
-1.63095
-1.62666
-1.62272
-1.61921
-1.61621
-1.6138
-1.61209
-1.61117
-1.61117
-1.61222
-1.61449
-1.61816
-1.62344
-1.63061
-1.63998
-1.65192
-1.66692
-1.6856
-1.70874
-1.73747
-1.77327
-1.81806
-1.87491
-1.94862
-2.05165
-1.95733
-1.9573
-1.95706
-1.95618
-1.95493
-1.95341
-1.95153
-1.94937
-1.94692
-1.9442
-1.94125
-1.93811
-1.93479
-1.93135
-1.92783
-1.92428
-1.92074
-1.91728
-1.91394
-1.91079
-1.90789
-1.90531
-1.90313
-1.90141
-1.90023
-1.89966
-1.8998
-1.90074
-1.90259
-1.90546
-1.90948
-1.91481
-1.92164
-1.93016
-1.94062
-1.9533
-1.96851
-1.98667
-2.00829
-2.03401
-2.06482
-2.10204
-2.14735
-2.20396
-2.27667
-2.37993
-2.21485
-2.21488
-2.21479
-2.21414
-2.21318
-2.21207
-2.21066
-2.20906
-2.20725
-2.20527
-2.20315
-2.20091
-2.1986
-2.19627
-2.19394
-2.19169
-2.18955
-2.18758
-2.18585
-2.18441
-2.18333
-2.18267
-2.18252
-2.18294
-2.184
-2.18579
-2.18838
-2.19188
-2.19639
-2.20203
-2.20893
-2.21725
-2.22717
-2.23886
-2.25254
-2.26843
-2.28674
-2.30773
-2.33169
-2.35897
-2.39013
-2.42596
-2.46744
-2.51716
-2.57915
-2.66786
-2.47574
-2.47582
-2.47586
-2.47544
-2.47477
-2.47406
-2.47311
-2.47206
-2.47089
-2.46962
-2.46831
-2.46696
-2.46563
-2.46437
-2.46321
-2.46221
-2.46142
-2.46091
-2.46073
-2.46093
-2.4616
-2.4628
-2.4646
-2.46707
-2.47029
-2.47432
-2.47928
-2.48524
-2.49233
-2.50066
-2.51039
-2.52167
-2.53467
-2.54958
-2.56655
-2.58574
-2.60726
-2.63116
-2.65739
-2.68588
-2.71644
-2.74896
-2.78295
-2.81935
-2.8597
-2.91445
-2.73982
-2.73996
-2.74011
-2.73995
-2.73954
-2.73923
-2.73873
-2.73822
-2.73767
-2.7371
-2.73657
-2.73609
-2.73572
-2.73549
-2.73545
-2.73567
-2.73619
-2.73707
-2.73837
-2.74016
-2.7425
-2.74546
-2.74912
-2.75355
-2.75881
-2.76501
-2.77222
-2.78056
-2.79015
-2.80112
-2.81365
-2.82791
-2.84406
-2.86231
-2.88279
-2.90561
-2.9308
-2.95822
-2.98754
-3.01821
-3.04915
-3.0792
-3.10557
-3.12676
-3.13901
-3.14376
-3.00692
-3.00715
-3.00738
-3.00749
-3.00735
-3.00742
-3.00737
-3.00738
-3.00743
-3.00755
-3.00777
-3.00813
-3.00867
-3.00944
-3.01049
-3.01187
-3.01363
-3.01584
-3.01855
-3.02184
-3.02577
-3.03041
-3.03582
-3.0421
-3.04931
-3.05755
-3.06692
-3.07754
-3.08956
-3.10314
-3.11845
-3.13571
-3.15512
-3.17688
-3.20117
-3.2281
-3.25768
-3.28972
-3.32382
-3.35916
-3.39415
-3.42697
-3.45246
-3.46722
-3.46019
-3.42446
-3.27685
-3.27721
-3.27751
-3.27791
-3.27802
-3.27848
-3.27886
-3.27939
-3.28002
-3.28079
-3.28175
-3.28291
-3.28433
-3.28605
-3.28813
-3.29061
-3.29355
-3.29701
-3.30106
-3.30576
-3.31117
-3.31737
-3.32444
-3.33244
-3.34148
-3.35164
-3.36306
-3.37587
-3.39023
-3.40634
-3.42441
-3.44469
-3.46743
-3.49289
-3.52127
-3.55276
-3.58745
-3.62528
-3.66604
-3.70916
-3.75344
-3.79758
-3.83581
-3.86532
-3.87147
-3.84876
-3.54946
-3.55001
-3.55034
-3.55106
-3.55142
-3.55225
-3.55307
-3.55408
-3.55528
-3.55669
-3.55834
-3.56027
-3.56253
-3.56515
-3.5682
-3.57172
-3.57576
-3.5804
-3.58569
-3.59169
-3.59848
-3.60613
-3.61471
-3.62431
-3.63503
-3.64699
-3.66031
-3.67517
-3.69175
-3.71029
-3.73105
-3.75432
-3.78042
-3.80965
-3.84232
-3.87871
-3.91901
-3.9634
-4.01197
-4.06477
-4.12185
-4.18379
-4.24705
-4.31503
-4.38006
-4.45027
-3.82462
-3.82541
-3.82577
-3.82682
-3.82742
-3.82863
-3.82986
-3.83135
-3.8331
-3.83511
-3.83743
-3.84009
-3.84313
-3.84661
-3.85056
-3.85505
-3.86013
-3.86585
-3.87228
-3.87948
-3.88752
-3.89648
-3.90644
-3.91749
-3.92974
-3.94331
-3.95837
-3.97509
-3.99372
-4.01453
-4.03781
-4.06394
-4.0933
-4.12628
-4.16331
-4.20477
-4.25101
-4.30234
-4.35908
-4.4217
-4.49128
-4.56985
-4.65751
-4.76936
-4.91022
-5.11187
-4.10223
-4.10332
-4.10368
-4.10506
-4.10592
-4.10747
-4.10912
-4.11107
-4.11333
-4.11592
-4.11888
-4.12223
-4.12602
-4.13029
-4.13509
-4.14048
-4.1465
-4.15321
-4.16068
-4.16896
-4.17813
-4.18827
-4.19945
-4.21177
-4.22535
-4.24034
-4.25691
-4.27527
-4.29568
-4.31846
-4.34398
-4.37266
-4.40499
-4.4415
-4.48274
-4.52926
-4.58161
-4.64028
-4.70564
-4.77818
-4.85891
-4.9486
-5.04959
-5.18228
-5.35332
-5.61806
-4.38203
-4.38347
-4.3838
-4.38553
-4.38662
-4.38852
-4.39055
-4.39295
-4.39571
-4.39885
-4.4024
-4.4064
-4.41089
-4.4159
-4.42148
-4.42769
-4.43457
-4.44217
-4.45057
-4.45981
-4.46997
-4.48111
-4.49334
-4.50674
-4.52144
-4.53759
-4.55537
-4.57503
-4.59685
-4.62117
-4.64842
-4.6791
-4.7138
-4.75319
-4.79804
-4.84916
-4.90743
-4.97373
-5.04876
-5.13319
-5.22742
-5.32948
-5.44112
-5.56924
-5.70791
-5.91391
-4.66374
-4.66555
-4.6658
-4.66787
-4.6692
-4.67141
-4.67384
-4.67666
-4.67988
-4.68354
-4.68765
-4.69226
-4.69738
-4.70307
-4.70937
-4.71632
-4.72396
-4.73236
-4.74157
-4.75164
-4.76263
-4.77463
-4.7877
-4.80196
-4.81752
-4.83453
-4.85319
-4.87374
-4.89645
-4.92172
-4.94997
-4.98178
-5.01781
-5.05889
-5.10599
-5.16027
-5.2231
-5.29608
-5.38111
-5.48011
-5.59429
-5.72281
-5.86747
-6.01028
-6.13052
-6.23725
-4.94781
-4.95006
-4.9502
-4.95261
-4.9542
-4.95672
-4.95951
-4.96274
-4.96642
-4.97057
-4.97521
-4.98038
-4.98611
-4.99243
-4.99938
-5.00701
-5.01536
-5.02446
-5.03439
-5.04517
-5.05688
-5.06957
-5.08333
-5.09824
-5.11442
-5.13201
-5.15118
-5.17216
-5.19522
-5.22072
-5.24909
-5.2809
-5.31684
-5.35781
-5.40492
-5.45958
-5.52362
-5.59944
-5.6905
-5.80115
-5.93567
-6.10225
-6.31235
-6.53704
-6.8148
-7.21445
-5.23505
-5.23801
-5.23801
-5.24074
-5.24262
-5.24542
-5.24859
-5.25222
-5.25634
-5.26097
-5.26613
-5.27185
-5.27816
-5.28508
-5.29266
-5.30093
-5.30992
-5.31968
-5.33025
-5.34168
-5.354
-5.36728
-5.38159
-5.39699
-5.41358
-5.43148
-5.45083
-5.47181
-5.49465
-5.51965
-5.54718
-5.57772
-5.6119
-5.65053
-5.69466
-5.74568
-5.80557
-5.87712
-5.96423
-6.0733
-6.20941
-6.39303
-6.64173
-6.95419
-7.51028
-8.57883
-5.52252
-5.52645
-5.52632
-5.52926
-5.53146
-5.53453
-5.53804
-5.54206
-5.5466
-5.55168
-5.55733
-5.56355
-5.57039
-5.57786
-5.586
-5.59483
-5.60439
-5.61471
-5.62583
-5.63778
-5.65059
-5.66431
-5.67899
-5.69468
-5.71144
-5.72937
-5.74854
-5.7691
-5.79117
-5.81496
-5.84071
-5.86874
-5.89949
-5.93352
-5.97153
-6.01458
-6.06428
-6.12298
-6.19087
-6.27787
-6.38936
-6.54041
-6.74702
-7.03779
-7.57976
-8.53752
-5.80546
-5.81006
-5.80992
-5.81296
-5.81554
-5.81888
-5.82272
-5.82709
-5.83201
-5.83748
-5.84354
-5.8502
-5.85748
-5.8654
-5.87399
-5.88328
-5.89329
-5.90404
-5.91557
-5.92789
-5.94104
-5.95504
-5.96991
-5.98569
-6.00241
-6.02011
-6.03883
-6.05862
-6.07952
-6.1016
-6.12495
-6.14966
-6.17587
-6.20375
-6.23348
-6.26534
-6.29984
-6.33746
-6.37945
-6.42837
-6.48797
-6.56477
-6.66664
-6.80921
-7.06599
-7.54078
-6.09044
-6.09506
-6.09555
-6.09875
-6.10182
-6.10548
-6.10966
-6.11438
-6.11966
-6.12552
-6.13198
-6.13906
-6.14677
-6.15514
-6.16419
-6.17393
-6.18438
-6.19557
-6.20752
-6.22023
-6.23372
-6.248
-6.26308
-6.27898
-6.29568
-6.31318
-6.33147
-6.35051
-6.37027
-6.39067
-6.41162
-6.43299
-6.45461
-6.4762
-6.49741
-6.51768
-6.53643
-6.55258
-6.56494
-6.57214
-6.5725
-6.56442
-6.54779
-6.52502
-6.50939
-6.57019
-6.38949
-6.3973
-6.3986
-6.40208
-6.4056
-6.40963
-6.41418
-6.4193
-6.42501
-6.43134
-6.4383
-6.44591
-6.45419
-6.46314
-6.4728
-6.48317
-6.49426
-6.50608
-6.51865
-6.53197
-6.54605
-6.56087
-6.57643
-6.59271
-6.60968
-6.62729
-6.64548
-6.66414
-6.68314
-6.70232
-6.72141
-6.7401
-6.75792
-6.77427
-6.78831
-6.79884
-6.8054
-6.80408
-6.79299
-6.76802
-6.7235
-6.65169
-6.54221
-6.38242
-6.16203
-5.88541
537.993
538.686
536.548
534.419
538.377
538.623
536.187
534.141
569.6
534.249
534.629
533.56
530.801
466.433
501.63
532.762
501.896
446.048
439.077
470.497
467.465
445.204
426.427
421.716
416.462
412.242
408.239
403.956
361.257
364.455
369.501
375.305
304.664
312.799
321.085
330.452
245.479
258.063
269.754
281.03
187.255
201.367
215.366
228.926
128.888
146.667
162.596
176.636
56.4716
82.0463
103.824
122.756
11.4963
18.9904
32.6321
54.1457
6.89474
7.10537
8.11221
11.796
6.91947
6.94934
6.89531
7.00834
6.82689
6.89172
6.96793
7.0939
6.70463
6.81692
6.93779
7.0717
6.57103
6.72178
6.87814
7.03125
6.44848
6.61979
6.80594
6.98789
6.35484
6.53286
6.73438
6.92926
6.29993
6.48028
6.67532
6.84959
6.29757
6.47487
6.64608
6.78755
6.31857
6.50507
6.66378
6.79601
6.33819
6.52456
6.68685
6.83033
6.34363
6.52156
6.69248
6.84101
6.37449
6.52204
6.66942
6.80271
6.35718
6.49345
6.6201
6.73477
6.28781
6.41688
6.53734
6.64715
6.19162
6.31347
6.42943
6.53801
6.07669
6.19326
6.30537
6.4119
5.94596
6.05828
6.16729
6.27206
5.80151
5.91017
6.01627
6.11914
5.64405
5.7493
5.85245
5.95298
5.474
5.57584
5.67581
5.77351
5.29142
5.38965
5.48605
5.58032
5.09604
5.19032
5.28261
5.37269
4.88743
4.97717
5.06465
5.14961
4.66501
4.74944
4.83117
4.90983
4.4281
4.50623
4.581
4.65186
4.17595
4.24659
4.31287
4.37397
3.90786
3.96954
4.02534
4.07406
3.62331
3.67435
3.71727
3.75026
3.32206
3.36057
3.38786
3.40124
3.00415
3.02767
3.03535
3.02318
2.6709
2.6763
2.65849
2.60918
2.32648
2.31163
2.26346
2.15976
1.97814
1.94598
1.86875
1.69869
1.63492
1.59741
1.50554
1.29917
1.30489
1.28205
1.20356
1.03638
0.986938
0.996521
0.963739
0.922272
0.660856
0.697836
0.725488
0.842739
0.305179
0.343504
0.390864
0.482327
-0.0857166
-0.064812
-0.0287344
0.010174
-0.511321
-0.531199
-0.550358
-0.578152
-0.957606
-1.03385
-1.12644
-1.23543
-1.40026
-1.52819
-1.67764
-1.82979
-1.81667
-1.97542
-2.13859
-2.2794
-2.19261
-2.35672
-2.50231
-2.60897
-2.51847
-2.66546
-2.78801
-2.84861
-2.78102
-2.88884
-2.97715
-2.99354
-2.97316
-3.01502
-3.03153
-3.00402
-3.12284
-3.06668
-2.97058
-2.8847
-3.33513
-3.18718
-2.99234
-2.76817
-3.76454
-3.60199
-3.39614
-3.14859
-4.47168
-4.37718
-4.24784
-4.04957
-5.27782
-5.24913
-5.09621
-4.868
-5.82086
-5.71117
-5.4722
-5.21843
-6.00291
-5.8514
-5.5908
-5.39681
-6.07227
-5.9423
-5.68549
-6.07383
-7.21582
-7.01817
-7.8954
-24.6305
-9.03675
-10.5078
-47.6285
-42.1755
-9.84642
-11.8193
-23.3034
-22.3499
-8.00061
-7.71928
-5.9891
-4.2652
-6.78278
-7.12618
-7.41074
-7.14944
-5.67118
-5.64805
-5.8053
-6.16615
534.158
534.015
534.057
534.146
534.14
534.126
534.097
534.07
534.051
534.04
534.03
534.021
534.009
533.996
533.984
533.972
533.963
533.958
533.956
533.958
533.964
533.973
533.986
534.002
534.02
534.041
534.063
534.087
534.111
534.136
534.161
534.185
534.208
534.229
534.248
534.265
534.279
534.29
534.297
534.3
533.87
533.769
533.859
534.101
534.082
534.072
534.036
534.003
533.984
533.976
533.971
533.963
533.952
533.938
533.923
533.91
533.9
533.893
533.891
533.893
533.899
533.909
533.922
533.939
533.958
533.98
534.004
534.029
534.055
534.082
534.108
534.134
534.158
534.181
534.201
534.219
534.234
534.245
534.253
534.256
533.582
533.486
533.499
534.127
534.03
534.024
533.973
533.931
533.911
533.908
533.912
533.907
533.896
533.88
533.862
533.846
533.833
533.825
533.822
533.824
533.831
533.841
533.856
533.874
533.894
533.918
533.943
533.97
533.997
534.026
534.054
534.081
534.107
534.132
534.154
534.173
534.188
534.201
534.209
534.212
533.15
533.24
533.01
534.018
533.962
533.979
533.918
533.859
533.834
533.834
533.855
533.853
533.841
533.821
533.798
533.778
533.763
533.753
533.75
533.752
533.759
533.771
533.786
533.806
533.828
533.853
533.88
533.908
533.938
533.968
533.999
534.028
534.056
534.082
534.106
534.126
534.143
534.157
534.166
534.169
522.973
527.059
530.337
533.23
534.098
534.072
533.857
533.728
533.732
533.749
533.81
533.802
533.79
533.763
533.731
533.707
533.688
533.677
533.673
533.675
533.684
533.697
533.714
533.735
533.758
533.785
533.814
533.845
533.877
533.909
533.942
533.974
534.004
534.032
534.058
534.08
534.098
534.113
534.122
534.126
436.892
439.838
509.811
531.514
533.374
533.801
533.755
533.647
533.679
533.589
533.746
533.759
533.748
533.707
533.66
533.631
533.608
533.595
533.591
533.594
533.604
533.619
533.638
533.66
533.686
533.714
533.746
533.779
533.813
533.849
533.884
533.918
533.951
533.982
534.009
534.033
534.053
534.069
534.08
534.083
401.052
399.182
436.432
472.295
519.177
531.715
533.616
533.134
533.401
533.605
533.859
533.743
533.706
533.633
533.575
533.55
533.519
533.507
533.503
533.508
533.52
533.537
533.558
533.583
533.61
533.641
533.674
533.71
533.748
533.786
533.825
533.862
533.897
533.93
533.96
533.987
534.009
534.026
534.037
534.041
382.481
385.279
402.547
417.141
440.793
466.694
521.38
521.343
531.977
532.678
533.659
533.778
533.756
533.628
533.471
533.456
533.418
533.414
533.408
533.416
533.431
533.452
533.475
533.501
533.531
533.563
533.6
533.639
533.68
533.722
533.763
533.804
533.843
533.879
533.912
533.94
533.964
533.983
533.996
534
342.813
353.003
367.084
376.442
388.621
396.074
421.145
423.307
481.807
516.755
531.731
533.59
533.474
533.446
533.297
533.472
533.328
533.32
533.302
533.318
533.337
533.363
533.388
533.417
533.447
533.482
533.521
533.564
533.609
533.655
533.701
533.745
533.787
533.826
533.862
533.894
533.92
533.941
533.955
533.96
293.851
306.742
321.675
335.586
349.937
356.702
360.022
373.066
405.226
428.742
458.055
517.495
523.789
532.717
532.785
533.106
533.134
533.212
533.169
533.211
533.237
533.271
533.298
533.328
533.359
533.396
533.438
533.485
533.535
533.586
533.636
533.684
533.73
533.773
533.813
533.848
533.877
533.9
533.916
533.921
243.197
257.741
272.875
287.881
303.56
316.23
326.278
339.93
353.155
367.778
381.501
415.59
444.528
483.176
517.837
531.241
532.826
532.882
532.983
533.087
533.127
533.181
533.204
533.237
533.267
533.304
533.35
533.402
533.458
533.514
533.569
533.622
533.672
533.719
533.763
533.801
533.834
533.86
533.878
533.884
190.955
205.969
220.784
235.461
250.435
264.284
277.967
291.985
306.626
322.736
334.326
345.648
367.592
393.716
429.806
465.502
515.996
527.86
532.639
532.966
533.002
533.086
533.102
533.148
533.172
533.206
533.255
533.312
533.376
533.44
533.5
533.558
533.613
533.664
533.712
533.755
533.792
533.821
533.841
533.848
140.266
156.534
170.237
183.356
196.471
208.71
221.305
235.183
250.914
268.085
284.745
301.453
318.957
335.306
353.577
379.234
412.416
450.033
511.149
526.407
532.721
532.999
532.978
533.033
533.051
533.082
533.152
533.221
533.293
533.363
533.43
533.493
533.552
533.608
533.661
533.709
533.75
533.783
533.806
533.814
77.8284
98.4694
115.377
131.463
146.572
159.209
171.203
183.114
195.666
209.703
225.355
242.354
259.391
279.05
300.743
321.14
338.376
368.451
404.194
444.438
508.942
527.998
532.64
532.856
532.878
532.925
533.051
533.131
533.206
533.282
533.356
533.425
533.489
533.55
533.608
533.662
533.709
533.747
533.774
533.783
18.5145
28.42
42.7965
60.8574
78.5601
94.1957
108.688
122.993
137.717
154.084
172.207
188.573
202.802
219.996
240.306
260.274
281.783
308.138
331.869
363.971
404.854
452.248
512.938
530.191
532.715
532.76
532.94
533.016
533.089
533.197
533.282
533.355
533.423
533.49
533.554
533.615
533.669
533.713
533.745
533.755
7.28526
8.06968
10.3075
13.4701
16.8987
21.8154
28.7663
38.8086
54.2829
73.6626
96.9593
118.351
136.27
157.716
184.064
204.964
223.596
246.774
271.902
298.922
326.683
365.243
412.057
466.632
519.534
532.463
532.895
532.875
532.928
533.096
533.21
533.288
533.357
533.426
533.498
533.567
533.629
533.682
533.719
533.731
7.24764
7.35321
7.53792
7.78086
7.91485
8.10216
8.90623
10.2932
12.174
14.733
19.4628
27.0235
41.4005
66.5553
101.59
129.563
153.936
186.969
215.271
238.359
265.212
295.028
325.949
370.334
426.755
497.322
526.609
532.689
532.708
532.929
533.127
533.223
533.292
533.361
533.437
533.517
533.59
533.653
533.698
533.712
7.22354
7.37835
7.55677
7.75655
7.93282
8.09843
8.26453
8.44035
8.59886
8.6466
8.6943
9.28376
10.8794
13.7484
19.1145
28.8591
53.2055
96.0335
134.141
168.037
205.661
235.391
263.161
294.835
331.963
383.589
450.072
519.196
532.219
532.857
533.023
533.137
533.218
533.293
533.373
533.462
533.55
533.626
533.682
533.699
7.19466
7.35139
7.50287
7.69661
7.93979
8.10723
8.23763
8.38878
8.55202
8.69607
8.82985
8.97919
9.19975
9.30193
9.39602
9.93169
12.2958
17.6293
28.5164
62.5291
113.275
156.324
199.391
236.288
267.615
303.698
357.703
428.438
503.695
530.305
532.99
533.033
533.099
533.202
533.302
533.404
533.508
533.602
533.672
533.695
7.17335
7.34342
7.491
7.69498
7.92195
8.06095
8.18525
8.33513
8.49832
8.64756
8.78984
8.95156
9.15255
9.34224
9.47941
9.61209
9.78765
9.96592
10.4331
13.4162
20.96
44.1866
96.3816
153.208
204.812
247.778
286.289
333.13
402.966
490.03
529.003
533.079
532.987
533.079
533.202
533.34
533.466
533.582
533.671
533.701
7.12932
7.31607
7.4818
7.68473
7.86163
7.99757
8.12879
8.27439
8.42927
8.57971
8.73173
8.90061
9.09073
9.27032
9.43278
9.61339
9.82267
9.99293
10.1307
10.285
10.6985
11.8955
18.2523
41.0405
97.0195
165.189
222.223
267.892
317.916
390.228
481.204
528.32
533.151
533.01
533.042
533.233
533.417
533.559
533.677
533.723
7.04654
7.24338
7.4409
7.62327
7.77655
7.91663
8.05341
8.20341
8.3607
8.51837
8.67785
8.84478
9.02161
9.1983
9.37488
9.565
9.76046
9.94802
10.1488
10.3599
10.5362
10.6779
11.0137
12.0167
18.9223
51.3959
118.32
194.467
255.296
307.481
379.363
477.095
529.182
533.139
532.87
532.972
533.306
533.519
533.696
533.771
6.94617
7.15789
7.36468
7.54115
7.6884
7.8234
7.96954
8.12681
8.28857
8.45125
8.61532
8.78412
8.95968
9.13838
9.31769
9.50304
9.69503
9.89445
10.1087
10.3167
10.5261
10.7442
10.9339
11.1166
11.4799
13.1342
26.2867
80.7751
168.656
242.661
300.915
379.068
482.875
530.363
532.551
532.516
533.068
533.464
533.758
533.871
6.92071
7.10737
7.29562
7.45462
7.59782
7.74028
7.89282
8.05245
8.21519
8.37937
8.54593
8.71707
8.89386
9.07467
9.25817
9.4466
9.64086
9.8398
10.0478
10.2622
10.4929
10.7225
10.944
11.1721
11.3757
11.5611
12.2128
16.8339
57.363
147.406
233.969
302.427
391.206
496.377
530.403
532.021
532.92
533.508
533.907
534.045
6.95621
7.09166
7.23768
7.38731
7.53481
7.68176
7.82805
7.98045
8.1395
8.30265
8.46987
8.64259
8.82134
9.00544
9.19415
9.38766
9.58558
9.78733
9.99671
10.2158
10.4458
10.681
10.9244
11.1693
11.4045
11.6222
11.8221
12.0695
14.7634
43.8883
134.812
233.254
313.266
416.84
514.542
531.648
533.215
533.658
534.145
534.291
6.96854
7.0869
7.20919
7.3425
7.4801
7.61896
7.75851
7.90368
8.05753
8.21879
8.38626
8.56049
8.74169
8.92935
9.1229
9.3221
9.52645
9.73536
9.94999
10.1717
10.4024
10.6434
10.893
11.1452
11.4008
11.6403
11.8744
12.0949
12.365
13.7601
36.7107
135.518
243.912
335.389
454.113
535.788
533.267
533.421
534.431
534.658
6.92633
7.04143
7.15507
7.27539
7.40216
7.53411
7.67095
7.8136
7.96577
8.12646
8.29456
8.47041
8.65407
8.8452
9.04348
9.24874
9.46049
9.67787
9.90055
10.1288
10.3643
10.6088
10.8621
11.1221
11.3869
11.646
11.9116
12.1486
12.3735
12.6445
13.5909
39.1024
153.507
267.746
373.54
499.647
530.43
532.805
534.906
535.391
6.84567
6.95628
7.06766
7.18503
7.30828
7.43701
7.572
7.71426
7.86541
8.02552
8.19422
8.37161
8.5577
8.7523
8.95527
9.16644
9.38545
9.61161
9.84414
10.0824
10.3262
10.5764
10.8342
11.0997
11.3715
11.644
11.9161
12.1782
12.4239
12.6733
12.9548
14.1821
55.84
190.012
306.327
431.555
531.597
534.129
535.792
536.654
6.75464
6.86316
6.97242
7.0867
7.20715
7.33329
7.46584
7.60612
7.75565
7.91502
8.08408
8.26283
8.45131
8.64944
8.85712
9.07424
9.30053
9.53547
9.77821
10.0276
10.2826
10.5426
10.8078
11.0788
11.3558
11.6369
11.9184
12.1976
12.4668
12.7279
12.9882
13.1187
16.4062
97.3997
245.158
369.379
511.257
536.853
536.011
538.221
6.64632
6.75594
6.86489
6.97705
7.09433
7.21742
7.34749
7.48605
7.63443
7.79324
7.96258
8.1426
8.33342
8.53511
8.74766
8.971
9.20488
9.44878
9.70187
9.96291
10.2304
10.5027
10.7789
11.0586
11.3421
11.6296
11.9202
12.2106
12.4939
12.7658
13.0258
13.2217
13.3864
29.4803
169.819
312.591
460.749
539.375
536.566
540.782
6.51966
6.62964
6.73872
6.84999
6.96556
7.0869
7.21551
7.35293
7.50039
7.6587
7.82829
8.00949
8.2026
8.40786
8.62542
8.85528
9.09721
9.35065
9.61468
9.88793
10.1686
10.4546
10.7441
11.0355
11.3285
11.6234
11.9205
12.2184
12.513
12.7973
13.0728
13.3464
13.6339
13.9716
60.1449
251.699
411.331
533.718
540.675
545.298
6.379
6.48877
6.59757
6.70807
6.82243
6.94238
7.0696
7.20574
7.35217
7.50989
7.67959
7.86186
8.05722
8.26609
8.48879
8.72548
8.97601
9.23978
9.51574
9.80224
10.0971
10.3979
10.7019
11.007
11.3119
11.6163
11.9205
12.2246
12.5273
12.8228
13.0985
13.404
13.7059
13.6162
16.4636
201.055
376.03
529.376
552.599
551.318
6.22489
6.33389
6.44193
6.55133
6.66428
6.78264
6.90822
7.04278
7.18793
7.34491
7.51462
7.69786
7.89542
8.108
8.33608
8.57999
8.83971
9.11471
9.40377
9.70493
10.0155
10.3322
10.652
10.9719
11.2901
11.6058
11.9192
12.2309
12.5418
12.8511
13.1409
13.4445
13.7842
13.9587
14.2539
122.604
337.329
509.953
555.417
559.893
6.05688
6.16438
6.27099
6.3787
6.48961
6.60578
6.72924
6.86191
7.0055
7.16147
7.33105
7.51535
7.71535
7.9319
8.16573
8.41738
8.68699
8.97413
9.27752
9.59483
9.9227
10.257
10.5937
10.9293
11.2618
11.59
11.9143
12.2362
12.5585
12.8846
13.204
13.518
13.8944
14.1356
14.7115
39.7019
315.811
518.07
576.632
592.634
5.87476
5.97974
6.08389
6.18896
6.29702
6.41023
6.5308
6.66086
6.80234
6.95698
7.12631
7.3117
7.51429
7.73513
7.97517
8.23515
8.51543
8.81572
9.13482
9.47016
9.81757
10.1716
10.5268
10.879
11.226
11.567
11.9028
12.236
12.5723
12.9181
13.2704
13.6088
13.9826
14.2964
14.2332
14.6741
334.149
605.909
717.341
728.822
5.67807
5.7794
5.87984
5.9811
6.08518
6.19433
6.31096
6.43744
6.57605
6.7288
6.89749
7.08369
7.28876
7.51392
7.76028
8.02879
8.32015
8.63453
8.97103
9.32699
9.69723
10.0742
10.4503
10.8201
11.1815
11.5347
11.8807
12.222
12.5693
12.9398
13.3332
13.7159
14.1075
14.5017
14.6325
15.1245
354.605
768.399
1010.13
1028.12
5.46596
5.56238
5.65764
5.75352
5.85217
5.95587
6.06723
6.189
6.32376
6.47384
6.64128
6.82782
7.03498
7.26409
7.51637
7.7931
8.0955
8.42458
8.78049
9.1612
9.56011
9.96541
10.3653
10.7531
11.1277
11.4907
11.8434
12.1868
12.5406
12.9397
13.3798
13.8236
14.2725
14.7636
15.0111
15.9231
361.766
931.917
1175.06
1200.31
5.23716
5.32711
5.41542
5.504
5.59521
5.69165
5.79616
5.91185
6.04166
6.18822
6.35376
6.54011
6.74879
6.98114
7.23852
7.52253
7.83534
8.17943
8.55659
8.96631
9.40091
9.84166
10.2695
10.6759
11.0614
11.4292
11.7812
12.1092
12.4559
12.8978
13.4132
13.929
14.4331
15.0019
15.3158
16.4216
334.905
1051.13
1233.72
1252.38
4.99009
5.07162
5.15073
5.22952
5.31076
5.39759
5.49325
5.60121
5.72487
5.86709
6.03017
6.21586
6.42553
6.66028
6.92138
7.21076
7.5316
7.88884
8.28989
8.74179
9.23178
9.71986
10.1744
10.5911
10.9778
11.3401
11.6733
11.9507
12.2626
12.7603
13.4628
14.0707
14.5879
15.1841
15.5235
16.3861
258.699
1092.45
1305.59
1345.31
4.72286
4.79338
4.86029
4.92602
4.99403
5.06816
5.15253
5.25093
5.36715
5.50427
5.66452
5.84932
6.05951
6.29566
6.55866
6.85061
7.17629
7.54384
7.96348
8.45523
9.01847
9.57873
10.073
10.4967
10.8751
11.2231
11.5356
11.7803
12.0878
12.6359
13.38
14.1234
14.7163
15.3166
15.6735
15.7416
162.13
1072.46
1412.17
1463.96
4.43308
4.48915
4.5398
4.58807
4.6384
4.69589
4.76566
4.8525
4.96003
5.09157
5.24929
5.43368
5.64448
5.88115
6.1434
6.43246
6.75265
7.11294
7.54626
8.1473
8.85416
9.47301
9.97021
10.3777
10.7481
11.0882
11.4058
11.6825
11.9806
12.5029
13.234
14.0248
14.7363
15.4027
15.9674
16.2626
80.8965
1058.93
1559.84
1606.3
4.11773
4.15463
4.18346
4.20829
4.23503
4.27029
4.32074
4.3939
4.49169
4.61829
4.77542
4.96181
5.17516
5.4131
5.67315
5.95465
6.26152
6.5959
6.9801
7.62695
8.55807
9.41341
9.88395
10.2087
10.5565
10.914
11.2628
11.5996
11.9205
12.3581
13.0433
13.8098
14.5829
15.2882
16.0264
15.8372
22.2692
1019.7
1717.11
1796.37
3.77389
3.78539
3.78475
3.7776
3.77209
3.7766
3.79783
3.85566
3.94397
4.06933
4.23179
4.42691
4.6492
4.89324
5.15204
5.41941
5.68922
5.92962
6.22555
6.77289
7.75647
8.73648
9.3291
9.80298
10.1843
10.6192
11.0526
11.4627
11.8309
12.2356
12.8292
13.5451
14.2758
14.9649
15.7349
15.5868
15.6657
964.558
1959.93
2121.51
3.39971
3.37789
3.33596
3.28233
3.2297
3.19117
3.1812
3.20517
3.28432
3.41841
3.60018
3.81851
4.06321
4.32495
4.58837
4.83448
5.0499
5.17582
5.31586
5.56798
6.41785
7.31135
8.1039
8.95395
9.53875
10.1413
10.7342
11.2366
11.6622
12.1194
12.6312
13.2763
13.9308
14.6582
15.5777
16.249
13.9316
966.278
2131.74
2546.34
2.98597
2.90898
2.79264
2.65584
2.52391
2.41799
2.35841
2.36046
2.44635
2.61809
2.85286
3.12415
3.4159
3.71858
4.00962
4.26124
4.50982
4.66714
4.51929
4.51331
5.17635
5.96563
6.71158
7.71458
8.67012
9.52206
10.3102
10.9089
11.3985
11.8803
12.3988
12.9442
13.4323
13.9416
14.7073
14.9388
62.487
478.241
945.895
1744.79
2.50602
2.31291
2.04437
1.75135
1.48704
1.28437
1.17934
1.19073
1.32302
1.58844
1.9357
2.31204
2.69433
3.07279
3.41544
3.69132
3.96697
4.056
3.87266
3.82656
4.11178
4.59166
5.16397
6.29157
7.62581
8.81049
9.80004
10.5025
11.0816
11.566
12.0766
12.4657
12.7916
12.9941
6.49143
-21.0942
-152.085
-372.419
-564.355
268.992
1.94553
1.58131
1.13216
0.68516
0.285923
-0.0530674
-0.239705
-0.209245
-0.00424573
0.393538
0.885062
1.39193
1.89731
2.39098
2.84178
3.2252
3.31459
3.12031
2.88603
2.84889
3.09911
3.36372
3.63709
4.99882
6.56348
8.08645
9.25361
10.0779
10.7422
11.3204
11.7616
11.9785
12.2851
6.50155
13.9044
-0.285146
-21.9332
-208.744
-276.694
33.0422
1.36434
0.898639
0.436102
0.0129438
-0.424076
-0.87941
-1.17577
-1.27121
-1.07716
-0.615101
-0.0455046
0.525095
1.12212
1.75235
2.36527
2.73102
2.54407
2.16225
1.92416
1.97695
2.24878
2.43401
2.63016
3.96525
5.80377
7.46567
8.69563
9.62858
10.4346
11.1632
11.637
11.9686
9.17357
14.3024
15.9934
35.3207
-15.4682
-62.5289
-61.3455
9.13896
0.901186
0.332864
-0.137022
-0.370893
-0.689442
-1.03579
-1.2446
-1.35557
-1.2946
-0.942169
-0.48102
-0.0163678
0.551371
1.1868
1.86065
2.02198
1.72797
1.38946
1.29129
1.36809
1.59978
1.88852
2.46557
3.69309
5.42416
6.91392
8.10879
9.12954
10.1294
11.1075
11.5962
14.5172
19.1682
28.5866
1.94716
14.1657
-5.39553
-19.204
-9.52267
2.80483
0.693688
0.0824154
-0.496826
-0.662733
-0.68085
-0.701561
-1.04021
-1.26856
-1.12472
-0.636788
-0.313088
-0.0440696
0.351279
0.814889
1.20368
1.35057
1.10795
0.959213
0.932764
1.03857
1.34974
1.86343
2.61184
3.78516
5.23394
6.4712
7.45201
8.41704
9.78054
10.092
24.1946
18.4632
14.895
31.2503
20.4676
0.860302
-15.0008
-21.2222
-13.3424
-7.10471
0.76247
-0.133422
-1.0668
-1.09489
-0.939425
-0.682682
-0.421191
-0.158094
-0.107634
-0.215891
-0.100806
0.0872902
0.348642
0.655267
0.866055
0.891788
0.764203
0.733267
0.777543
0.982916
1.4075
2.0449
2.9634
4.08493
5.14661
6.11304
6.61171
7.11717
6.83311
26.0084
12.0171
0.363586
-6.11917
-0.836688
5.0453
-9.8162
-28.9656
-37.541
-34.6662
-25.5356
0.809677
-0.79554
-1.51913
-1.60916
-1.37333
-0.933524
-0.614776
-0.486667
-0.291496
-0.0216186
0.0550459
0.123657
0.310299
0.549198
0.740037
0.720144
0.657108
0.676101
0.771057
1.05896
1.56308
2.27683
3.24227
4.32964
4.9736
6.30227
6.97946
-3.88642
22.5361
3.17097
-9.24998
-11.9753
-11.2373
-9.31205
-5.02121
-14.3465
-38.9357
-49.0922
-51.1906
-40.9379
0.487999
-1.08599
-1.81765
-2.02376
-1.81479
-1.35248
-1.07609
-1.06962
-1.0095
-0.695141
-0.259981
0.00634718
0.191163
0.420541
0.653735
0.72192
0.692172
0.67593
0.703344
1.02183
1.71059
2.56327
3.3775
5.14897
5.89295
-1.89233
50.6022
5.4166
-8.44007
-16.9894
-17.5412
-16.1085
-13.836
-11.9021
-9.57477
-14.8551
-34.5937
-45.6167
-45.1117
-38.4006
-0.0351849
-0.961687
-1.97651
-2.21468
-2.03944
-1.68481
-1.50391
-1.51804
-1.40911
-1.05646
-0.564777
-0.165685
0.113196
0.385036
0.649681
0.797749
0.776134
0.628031
0.438804
0.784311
1.74587
3.3014
2.4029
-3.38205
30.9838
15.8814
4.46188
-20.4494
-16.7564
-21.309
-21.0921
-19.0214
-16.9567
-15.3546
-14.2642
-15.5202
-22.287
-26.9874
-23.6249
-19.1211
-0.656833
-0.985438
-1.7504
-2.01023
-1.90886
-1.76101
-1.72429
-1.78982
-1.64813
-1.27376
-0.745771
-0.233859
0.152779
0.469615
0.740984
0.903273
0.915644
0.555585
-0.461399
-0.769976
-1.02019
-0.925108
35.2194
2.01544
-0.684015
-14.9859
-21.1489
-24.5631
-24.4609
-23.7327
-23.2083
-22.4543
-21.5952
-20.7384
-20.0575
-19.508
-19.1758
-15.0426
-5.41856
-2.16719
-1.3452
-1.4893
-1.6046
-1.61395
-1.67209
-1.74874
-1.79412
-1.81978
-1.68517
-1.36634
-0.781579
-0.231017
0.20311
0.542806
0.812914
1.09693
1.51245
1.78238
-1.00289
-12.1615
10.1059
-2.72079
-3.89079
-14.3529
-17.888
-20.3864
-24.6032
-26.0444
-25.9602
-26.0372
-26.4136
-26.7617
-26.8631
-26.6496
-26.0417
-24.7418
-21.8968
-13.9073
-0.866554
2.61954
-1.9496
-1.89986
-1.70549
-1.6013
-1.76493
-1.90576
-1.94775
-1.78248
-1.47323
-1.18593
-0.662358
-0.147572
0.241255
0.511382
0.764186
1.18404
1.74279
1.62541
2.95454
-10.84
-9.12843
-13.377
-14.6958
-18.0315
-21.1405
-22.5966
-23.6526
-25.0956
-26.4774
-27.9401
-29.4219
-30.8249
-31.9281
-32.5376
-32.2308
-30.4089
-26.5622
-16.6518
-3.88846
-1.57244
-2.34516
-2.17277
-1.88397
-1.85846
-2.0455
-2.12613
-2.17785
-1.70015
-1.06044
-0.784531
-0.369283
0.0432697
0.291189
0.409076
0.44964
0.57344
0.595603
4.50348
-3.38827
-12.4903
-14.0702
-15.6845
-16.9021
-18.0938
-19.5068
-21.1686
-22.9389
-24.9874
-27.1367
-29.4046
-31.8523
-34.3755
-36.7523
-38.4523
-38.6038
-36.2583
-31.0626
-19.6532
-10.8571
-9.76059
-2.5892
-2.3796
-2.2398
-2.27335
-2.37435
-2.32333
-2.27817
-1.64988
-0.766439
-0.300772
0.0970557
0.364661
0.433667
0.368322
0.200981
-0.692186
-5.55163
-6.81244
-11.2963
-14.2624
-14.9507
-15.5129
-16.4661
-17.726
-19.2186
-20.8481
-22.619
-24.6799
-27.1162
-30.0006
-33.3733
-37.0868
-40.7249
-43.361
-43.6884
-40.8211
-34.676
-24.8323
-18.479
-18.1473
-2.82549
-2.61333
-2.68064
-2.78912
-2.83744
-2.70406
-2.68125
-2.30807
-0.244703
0.466827
0.759511
0.927726
0.750231
0.486366
0.0105306
-5.50475
-8.01999
-10.1264
-13.8732
-14.3297
-14.7139
-15.3774
-16.3257
-17.3753
-18.6015
-20.0559
-21.7912
-23.8545
-26.4146
-29.6183
-33.5246
-37.925
-42.2012
-45.0819
-45.1107
-41.7669
-36.3897
-30.9284
-26.4143
-25.3748
-2.96537
-2.88188
-3.101
-3.38718
-3.55956
-3.61492
-3.52546
-4.20058
0.00312406
1.01717
1.34831
1.54986
1.3733
1.01025
-2.72554
-6.81414
-9.37678
-12.8932
-13.3653
-13.7323
-14.1693
-14.8293
-15.6144
-16.595
-17.72
-19.0265
-20.5694
-22.4961
-24.922
-27.9976
-31.7882
-35.9496
-39.7092
-41.7626
-40.9959
-37.8186
-35.2785
-34.6905
-32.1961
-30.0166
-2.83352
-3.00744
-3.48414
-4.03017
-4.47244
-4.85266
-4.75138
-5.71588
-6.50735
-1.10492
1.57418
1.91782
1.38002
3.07255
-3.58812
-7.24904
-10.0495
-11.6758
-12.2623
-12.7475
-13.3432
-14.0277
-14.7952
-15.6694
-16.656
-17.7795
-19.0864
-20.6626
-22.6183
-25.0844
-27.994
-31.0066
-33.2889
-33.9273
-32.6364
-30.8339
-31.2367
-33.4544
-33.1266
-30.2413
-2.4374
-2.97535
-3.93483
-4.66615
-5.30926
-5.92644
-5.93995
-6.36222
-6.70142
-6.28293
-0.729642
-3.35941
4.71141
-0.142365
-5.08653
-7.86336
-9.84052
-10.3835
-11.1238
-11.7996
-12.4651
-13.1514
-13.8743
-14.6476
-15.4825
-16.3946
-17.4099
-18.5724
-19.937
-21.5287
-23.2331
-24.7045
-25.4013
-24.948
-23.7511
-23.4053
-25.3654
-28.0241
-28.745
-27.2415
-2.32648
-3.15107
-4.48238
-5.21948
-5.86522
-6.45732
-6.72844
-6.50935
-6.28172
-6.00704
-10.7373
-5.67773
-2.67876
-6.37678
-7.72973
-8.75175
-8.98188
-9.70718
-10.3956
-11.0483
-11.686
-12.3206
-12.9612
-13.615
-14.2868
-14.9802
-15.7002
-16.4539
-17.2426
-18.0298
-18.6881
-18.9804
-18.6673
-17.7768
-16.9274
-17.2884
-19.4118
-21.6759
-22.5533
-22.2074
-3.105
-3.6985
-5.20911
-5.68871
-6.18053
-6.71744
-7.02334
-6.84573
-6.80064
-7.32452
-9.05586
-7.22862
-6.4207
-8.12068
-8.30637
-8.39635
-8.84124
-9.3697
-9.92309
-10.4811
-11.0313
-11.572
-12.1037
-12.6258
-13.1356
-13.6272
-14.0912
-14.5128
-14.8663
-15.0992
-15.1156
-14.795
-14.0931
-13.2075
-12.671
-13.1495
-14.7647
-16.404
-17.1433
-17.278
-4.28058
-4.40989
-5.06894
-5.72132
-6.17127
-6.66059
-7.08116
-7.30972
-7.77418
-8.77413
-9.82463
-8.85523
-8.18775
-7.9072
-8.1281
-8.40872
-8.7414
-9.13902
-9.57295
-10.0173
-10.4597
-10.8921
-11.3086
-11.7034
-12.0687
-12.3936
-12.6626
-12.8547
-12.9404
-12.8772
-12.6103
-12.0978
-11.3806
-10.6669
-10.3285
-10.6962
-11.7183
-12.7949
-13.3446
-13.5879
-4.99679
-4.66019
-4.48891
-5.82555
-5.91898
-6.26958
-6.67879
-7.14185
-7.66909
-8.31852
-8.72192
-8.47818
-8.15992
-8.10504
-8.22138
-8.38385
-8.62275
-8.92162
-9.24959
-9.59001
-9.93028
-10.2605
-10.5721
-10.8569
-11.1049
-11.3044
-11.4402
-11.4936
-11.4422
-11.2599
-10.9231
-10.4298
-9.84032
-9.31457
-9.08536
-9.31394
-9.9133
-10.5704
-10.9373
-11.1322
-5.29638
-5.37142
-5.66664
-5.07518
-5.33375
-5.73798
-6.22389
-6.69092
-7.18705
-7.65324
-7.93589
-8.01968
-8.03308
-8.04583
-8.11588
-8.24966
-8.43956
-8.66496
-8.91165
-9.16774
-9.4224
-9.66645
-9.89126
-10.0882
-10.248
-10.3601
-10.4124
-10.3918
-10.2843
-10.0774
-9.76508
-9.35998
-8.91485
-8.53732
-8.36566
-8.48021
-8.80301
-9.24088
-9.45228
-9.57723
-5.17015
-5.86231
-5.4321
-3.76563
-4.70168
-4.88054
-5.91661
-6.46508
-6.90936
-7.26732
-7.49413
-7.62281
-7.715
-7.80062
-7.90712
-8.03988
-8.19546
-8.3692
-8.5549
-8.74487
-8.93138
-9.10687
-9.26382
-9.39466
-9.49155
-9.54632
-9.55048
-9.49579
-9.37513
-9.18425
-8.92502
-8.61227
-8.28427
-8.00922
-7.86971
-7.9139
-8.09964
-8.3285
-8.47129
-8.55423
-5.93336
-6.63444
-7.37201
-7.59653
0.0991275
-4.9809
-6.02134
-6.48975
-6.95867
-7.27221
-7.43887
-7.5254
-7.58393
-7.64558
-7.72312
-7.81856
-7.93088
-8.05663
-8.19059
-8.3268
-8.45909
-8.58115
-8.68673
-8.76958
-8.82355
-8.84274
-8.82163
-8.75562
-8.64179
-8.48007
-8.27495
-8.0387
-7.79636
-7.58922
-7.46711
-7.46202
-7.55613
-7.68909
-7.7838
-7.83917
-10.8287
-9.05061
-10.2673
-14.236
-27.3418
-7.05357
-5.45097
-6.39727
-7.32404
-7.58919
-7.62237
-7.57459
-7.53548
-7.52412
-7.54292
-7.58815
-7.65416
-7.73489
-7.8243
-7.91654
-8.00598
-8.08714
-8.15476
-8.20384
-8.22971
-8.22826
-8.19608
-8.13086
-8.03196
-7.90097
-7.7425
-7.56541
-7.38506
-7.22552
-7.11711
-7.08352
-7.12274
-7.20309
-7.26905
-7.30799
-23.9578
-20.0824
-12.0718
-20.1522
-29.1186
-21.6082
-6.3394
-7.53447
-9.50998
-8.54305
-7.98902
-7.65823
-7.46591
-7.36743
-7.32845
-7.32922
-7.35636
-7.4006
-7.45482
-7.51304
-7.57
-7.62092
-7.66149
-7.68777
-7.69631
-7.6843
-7.64971
-7.59154
-7.51016
-7.40753
-7.28748
-7.15597
-7.02204
-6.89931
-6.80621
-6.76078
-6.7693
-6.81722
-6.86534
-6.89394
-10.8919
-11.1942
8.50675
-15.9535
-23.8008
-25.2999
-20.5001
-13.5122
-10.3328
-8.91253
-8.01354
-7.51982
-7.25938
-7.12073
-7.05322
-7.02863
-7.03104
-7.05039
-7.07963
-7.11333
-7.14695
-7.17655
-7.19871
-7.21046
-7.20936
-7.19353
-7.16178
-7.11379
-7.05025
-6.97291
-6.88461
-6.7892
-6.69178
-6.59977
-6.52411
-6.47812
-6.47129
-6.49945
-6.53542
-6.55771
-5.38761
-7.33885
-5.70564
-12.3563
-21.214
-33.1189
-39.369
-18.0383
-9.681
-7.76987
-7.29649
-7.0067
-6.84946
-6.75739
-6.70699
-6.68353
-6.67837
-6.68527
-6.69954
-6.71738
-6.73552
-6.75115
-6.76182
-6.76548
-6.76047
-6.74561
-6.72026
-6.68438
-6.63862
-6.58431
-6.52335
-6.45807
-6.39117
-6.32641
-6.26993
-6.23085
-6.21859
-6.23465
-6.26089
-6.27758
-6.94064
-7.25492
-8.17551
-10.3064
-13.8872
-25.8299
-29.5594
-18.2185
-6.73124
-6.51418
-6.44183
-6.40562
-6.37107
-6.34125
-6.32089
-6.30912
-6.30499
-6.30662
-6.31213
-6.31964
-6.32738
-6.33369
-6.33717
-6.3366
-6.33104
-6.31982
-6.30263
-6.27951
-6.25095
-6.21778
-6.18113
-6.1422
-6.10206
-6.06203
-6.02472
-5.99557
-5.98285
-5.99223
-6.01396
-6.03244
-6.96541
-7.84938
-8.94822
-10.9859
-15.2366
-22.412
-26.0996
-18.6132
-9.2465
-6.18633
-6.08351
-5.96176
-5.92844
-5.91838
-5.91649
-5.91722
-5.91935
-5.92235
-5.92588
-5.92959
-5.93308
-5.93591
-5.93769
-5.93807
-5.93681
-5.93373
-5.92877
-5.92198
-5.91353
-5.90367
-5.89273
-5.88098
-5.86874
-5.85662
-5.84605
-5.83933
-5.83861
-5.8422
-5.83907
-5.82862
)
;

boundaryField
{
    leftWall
    {
        type            calculated;
        value           nonuniform List<scalar> 
86
(
1049.11
1001.11
952.124
902.234
851.507
800.015
747.886
695.224
642.161
588.849
534.965
480.326
425.088
369.377
313.348
257.384
202.52
151.171
106.625
70.2768
41.6513
23.9136
5.51766
5.4503
5.3675
5.27697
5.18519
5.09089
4.99548
4.90017
4.8051
4.70947
4.61163
4.51098
4.40689
4.29891
4.18677
4.07033
3.94951
3.82432
3.69477
3.56089
3.42269
3.28019
3.13342
2.98238
2.82702
2.66734
2.5033
2.33487
2.16204
1.98478
1.80306
1.61687
1.42621
1.23107
1.03144
0.827334
0.618766
0.40575
0.188308
-0.0335293
-0.259717
-0.490189
-0.724858
-0.963619
-1.20636
-1.45297
-1.70333
-1.95733
-2.21485
-2.47574
-2.73982
-3.00692
-3.27685
-3.54946
-3.82462
-4.10223
-4.38203
-4.66374
-4.94781
-5.23505
-5.52252
-5.80546
-6.09044
-6.38949
)
;
    }
    rightWall
    {
        type            calculated;
        value           nonuniform List<scalar> 
86
(
534.755
534.708
534.661
534.614
534.568
534.523
534.477
534.432
534.388
534.344
534.3
534.256
534.212
534.169
534.126
534.083
534.041
534
533.96
533.921
533.884
533.848
533.814
533.783
533.755
533.731
533.712
533.699
533.695
533.701
533.723
533.771
533.871
534.045
534.291
534.658
535.391
536.654
538.221
540.782
545.298
551.318
559.893
592.634
728.822
1028.12
1200.31
1252.38
1345.31
1463.96
1606.3
1796.37
2121.51
2546.34
1744.79
268.992
33.0422
9.13896
2.80483
-7.10471
-25.5356
-40.9379
-38.4006
-19.1211
-2.16719
2.61954
-1.57244
-9.76059
-18.1473
-25.3748
-30.0166
-30.2413
-27.2415
-22.2074
-17.278
-13.5879
-11.1322
-9.57723
-8.55423
-7.83917
-7.30799
-6.89394
-6.55771
-6.27758
-6.03244
-5.82862
)
;
    }
    lowerWall
    {
        type            calculated;
        value           nonuniform List<scalar> 
110
(
1072.65
1073.56
1076.25
1078.57
1078.93
1077
1073.48
1069.33
1065.22
1061.46
1058.14
1055.25
1052.76
1050.62
1048.81
1047.32
1046.18
1045.42
1045.14
1045.4
1046.32
1048
1050.57
1054.16
1058.89
1064.9
1072.36
1081.48
1092.34
1104.96
1119.45
1135.87
1154.21
1174.2
1195.14
1215.61
1233.24
1245.03
1248.94
1246.9
1245.65
1233.67
1202.16
1195.66
1233
1267.28
1243.9
1172.51
1103.48
1062.39
1047.17
1042.97
1023.3
979.09
910.399
814.696
542.545
538.715
536.607
534.491
534.718
534.671
534.624
534.575
534.525
534.474
534.42
534.362
534.29
534.207
534.741
534.735
534.725
534.711
534.694
534.675
534.655
534.636
534.618
534.6
534.584
534.57
534.558
534.547
534.538
534.532
534.527
534.525
534.525
534.528
534.533
534.54
534.55
534.561
534.575
534.59
534.606
534.623
534.641
534.66
534.678
534.695
534.712
534.728
534.742
534.754
534.764
534.771
534.777
534.779
)
;
    }
    atmosphere
    {
        type            calculated;
        value           nonuniform List<scalar> 
90
(
-6.55043
-6.56923
-6.56818
-6.57172
-6.57534
-6.57952
-6.58429
-6.58966
-6.59566
-6.60231
-6.60963
-6.61763
-6.62632
-6.63572
-6.64584
-6.6567
-6.6683
-6.68064
-6.69375
-6.7076
-6.72221
-6.73756
-6.75362
-6.77038
-6.78777
-6.80574
-6.8242
-6.84302
-6.86204
-6.88104
-6.89971
-6.91766
-6.93436
-6.9491
-6.96096
-6.96876
-6.97084
-6.96483
-6.94781
-6.91565
-6.86282
-6.78201
-6.66472
-6.50186
-6.27353
-5.97196
-5.76114
-5.72952
-5.73928
-5.93425
-7.06869
-7.57427
-7.75996
-9.04237
-15.5096
-31.3262
-35.7366
-22.3768
-22.0263
-5.72904
-5.72904
-5.72904
-5.72904
-5.72904
-5.72904
-5.72904
-5.72904
-5.72904
-5.72904
-5.72904
-5.72904
-5.72904
-5.72904
-5.72904
-5.72904
-5.72904
-5.72904
-5.72904
-5.72904
-5.72904
-5.72904
-5.72904
-5.72904
-5.72904
-5.72904
-5.72904
-5.72904
-5.72904
-5.72904
-5.72904
)
;
    }
    defaultFaces
    {
        type            empty;
    }
}


// ************************************************************************* //
