/*--------------------------------*- C++ -*----------------------------------*\
| =========                 |                                                 |
| \\      /  F ield         | OpenFOAM: The Open Source CFD Toolbox           |
|  \\    /   O peration     | Version:  3.0.1                                 |
|   \\  /    A nd           | Web:      www.OpenFOAM.org                      |
|    \\/     M anipulation  |                                                 |
\*---------------------------------------------------------------------------*/
FoamFile
{
    version     2.0;
    format      ascii;
    class       surfaceScalarField;
    location    "0.15";
    object      phi;
}
// * * * * * * * * * * * * * * * * * * * * * * * * * * * * * * * * * * * * * //

dimensions      [0 3 -1 0 0 0 0];

internalField   nonuniform List<scalar> 
3731
(
-2.22189e-05
1.10593e-05
-2.22189e-05
1.54338e-05
3.15631e-05
-6.78517e-06
3.14967e-05
5.6291e-05
2.47115e-05
3.51134e-05
7.95666e-05
5.98249e-05
3.38558e-05
0.000103151
9.36806e-05
3.5092e-05
0.000129167
0.000128773
4.03239e-05
0.000160132
0.000169096
4.56007e-05
0.000196184
0.000214697
4.61697e-05
0.000231986
0.000260867
4.19482e-05
0.000261385
0.000302815
-4.34173e-06
4.34173e-06
-8.08088e-06
3.73916e-06
-1.1141e-05
3.06011e-06
-1.34356e-05
2.29465e-06
-1.49583e-05
1.52275e-06
-1.57911e-05
8.32784e-07
-1.60349e-05
2.43828e-07
-1.58203e-05
-2.14612e-07
-1.52676e-05
-5.52713e-07
-1.44776e-05
-7.89917e-07
-1.35393e-05
-9.38337e-07
-1.25238e-05
-1.01552e-06
-1.14815e-05
-1.04227e-06
-1.04448e-05
-1.03666e-06
-9.43664e-06
-1.00813e-06
-8.47324e-06
-9.63335e-07
-7.57231e-06
-9.00909e-07
-6.73377e-06
-8.38556e-07
-5.9631e-06
-7.70668e-07
-5.26005e-06
-7.03001e-07
-4.62405e-06
-6.35976e-07
-4.04872e-06
-5.7533e-07
-3.53637e-06
-5.12376e-07
-3.07762e-06
-4.5878e-07
-2.66943e-06
-4.08222e-07
-2.30873e-06
-3.60711e-07
-1.98918e-06
-3.19532e-07
-1.70653e-06
-2.82634e-07
-1.45921e-06
-2.47322e-07
-1.24105e-06
-2.18169e-07
-1.05011e-06
-1.90934e-07
-8.79585e-07
-1.70515e-07
-7.30751e-07
-1.48836e-07
-5.98281e-07
-1.32489e-07
-4.80859e-07
-1.1745e-07
-3.74446e-07
-1.06442e-07
-2.76928e-07
-9.75491e-08
-1.86131e-07
-9.08278e-08
-9.92329e-08
-8.69166e-08
-9.92333e-08
-4.82804e-06
9.16979e-06
-8.78069e-06
7.69185e-06
-1.17907e-05
6.07012e-06
-1.38761e-05
4.38007e-06
-1.51596e-05
2.80627e-06
-1.57628e-05
1.43604e-06
-1.58268e-05
3.07868e-07
-1.54682e-05
-5.73242e-07
-1.479e-05
-1.23077e-06
-1.38932e-05
-1.68682e-06
-1.28578e-05
-1.97361e-06
-1.17474e-05
-2.12596e-06
-1.06148e-05
-2.17484e-06
-9.50165e-06
-2.14967e-06
-8.43898e-06
-2.0708e-06
-7.44638e-06
-1.95596e-06
-6.52213e-06
-1.82512e-06
-5.68163e-06
-1.67895e-06
-4.92155e-06
-1.5307e-06
-4.24045e-06
-1.38413e-06
-3.63321e-06
-1.24326e-06
-3.09784e-06
-1.11069e-06
-2.62397e-06
-9.86227e-07
-2.21071e-06
-8.72034e-07
-1.85156e-06
-7.67379e-07
-1.54034e-06
-6.71933e-07
-1.27329e-06
-5.8659e-07
-1.04583e-06
-5.10116e-07
-8.51612e-07
-4.41547e-07
-6.88562e-07
-3.81209e-07
-5.51313e-07
-3.28172e-07
-4.38753e-07
-2.83085e-07
-3.45192e-07
-2.42429e-07
-2.69008e-07
-2.08713e-07
-2.06144e-07
-1.8036e-07
-1.55382e-07
-1.57254e-07
-1.13842e-07
-1.39138e-07
-7.89952e-08
-1.25707e-07
-4.84278e-08
-1.17491e-07
-1.4766e-07
-5.19711e-06
1.43669e-05
-9.40005e-06
1.18948e-05
-1.25014e-05
9.1715e-06
-1.45857e-05
6.46439e-06
-1.58094e-05
4.03003e-06
-1.63302e-05
1.95681e-06
-1.62772e-05
2.54936e-07
-1.5797e-05
-1.05343e-06
-1.50094e-05
-2.01829e-06
-1.40215e-05
-2.67467e-06
-1.29183e-05
-3.07677e-06
-1.17644e-05
-3.27984e-06
-1.06082e-05
-3.33113e-06
-9.48439e-06
-3.27346e-06
-8.41677e-06
-3.13836e-06
-7.41903e-06
-2.9536e-06
-6.49947e-06
-2.74464e-06
-5.66127e-06
-2.51717e-06
-4.9038e-06
-2.28813e-06
-4.22571e-06
-2.06213e-06
-3.62185e-06
-1.84705e-06
-3.08964e-06
-1.6429e-06
-2.61806e-06
-1.45783e-06
-2.20679e-06
-1.28331e-06
-1.84983e-06
-1.12436e-06
-1.54048e-06
-9.81312e-07
-1.2746e-06
-8.5249e-07
-1.04811e-06
-7.36603e-07
-8.54815e-07
-6.34832e-07
-6.91883e-07
-5.44132e-07
-5.55461e-07
-4.64595e-07
-4.43564e-07
-3.9499e-07
-3.49055e-07
-3.36953e-07
-2.72055e-07
-2.85738e-07
-2.09203e-07
-2.43251e-07
-1.57842e-07
-2.08668e-07
-1.15607e-07
-1.81423e-07
-8.00442e-08
-1.61299e-07
-4.87954e-08
-1.48747e-07
-1.96456e-07
-6.0481e-06
2.0415e-05
-1.075e-05
1.65968e-05
-1.39355e-05
1.2357e-05
-1.58748e-05
8.40374e-06
-1.69096e-05
5.06483e-06
-1.72203e-05
2.26757e-06
-1.69724e-05
7.05509e-09
-1.63027e-05
-1.72309e-06
-1.53529e-05
-2.96806e-06
-1.4232e-05
-3.79559e-06
-1.30245e-05
-4.28427e-06
-1.17933e-05
-4.51102e-06
-1.05837e-05
-4.54072e-06
-9.42462e-06
-4.43248e-06
-8.33399e-06
-4.22894e-06
-7.32412e-06
-3.96342e-06
-6.40025e-06
-3.66846e-06
-5.56256e-06
-3.35483e-06
-4.80848e-06
-3.04223e-06
-4.13609e-06
-2.73456e-06
-3.53885e-06
-2.44432e-06
-3.01134e-06
-2.17039e-06
-2.54972e-06
-1.91941e-06
-2.14632e-06
-1.6867e-06
-1.79582e-06
-1.47488e-06
-1.49288e-06
-1.28426e-06
-1.23291e-06
-1.11246e-06
-1.01133e-06
-9.58177e-07
-8.23169e-07
-8.22994e-07
-6.64707e-07
-7.02596e-07
-5.32376e-07
-5.96925e-07
-4.2235e-07
-5.05013e-07
-3.32223e-07
-4.27082e-07
-2.58377e-07
-3.59607e-07
-1.98223e-07
-3.03453e-07
-1.49276e-07
-2.57674e-07
-1.09362e-07
-2.21385e-07
-7.58568e-08
-1.9483e-07
-4.64656e-08
-1.78145e-07
-2.42926e-07
-7.57035e-06
2.79854e-05
-1.30256e-05
2.2052e-05
-1.61447e-05
1.54761e-05
-1.7723e-05
9.98212e-06
-1.84057e-05
5.74753e-06
-1.84119e-05
2.27383e-06
-1.78813e-05
-5.23546e-07
-1.69582e-05
-2.64616e-06
-1.57891e-05
-4.13721e-06
-1.44907e-05
-5.09389e-06
-1.31462e-05
-5.62868e-06
-1.18121e-05
-5.84509e-06
-1.05297e-05
-5.82305e-06
-9.32201e-06
-5.64013e-06
-8.19846e-06
-5.35254e-06
-7.17273e-06
-4.98924e-06
-6.24254e-06
-4.59872e-06
-5.40228e-06
-4.19508e-06
-4.65548e-06
-3.78896e-06
-3.98725e-06
-3.40274e-06
-3.39964e-06
-3.03191e-06
-2.88219e-06
-2.68783e-06
-2.43093e-06
-2.37067e-06
-2.03909e-06
-2.07854e-06
-1.69829e-06
-1.8157e-06
-1.40547e-06
-1.57709e-06
-1.15651e-06
-1.36142e-06
-9.41998e-07
-1.17269e-06
-7.61869e-07
-1.00313e-06
-6.11043e-07
-8.53424e-07
-4.86031e-07
-7.21927e-07
-3.82043e-07
-6.08986e-07
-2.97895e-07
-5.11232e-07
-2.29657e-07
-4.27875e-07
-1.74939e-07
-3.58224e-07
-1.31109e-07
-3.01561e-07
-9.56167e-08
-2.56921e-07
-6.68984e-08
-2.23572e-07
-4.19219e-08
-2.03136e-07
-2.8486e-07
-1.01379e-05
3.81234e-05
-1.65311e-05
2.84452e-05
-1.93123e-05
1.82573e-05
-2.02273e-05
1.08972e-05
-2.03402e-05
5.8604e-06
-1.98953e-05
1.82896e-06
-1.89901e-05
-1.42876e-06
-1.77404e-05
-3.89574e-06
-1.62947e-05
-5.58295e-06
-1.47754e-05
-6.61314e-06
-1.32639e-05
-7.14003e-06
-1.18121e-05
-7.29695e-06
-1.04388e-05
-7.19644e-06
-9.17493e-06
-6.90403e-06
-8.02523e-06
-6.50219e-06
-6.97243e-06
-6.04198e-06
-6.03294e-06
-5.53815e-06
-5.19352e-06
-5.03449e-06
-4.4521e-06
-4.53036e-06
-3.79647e-06
-4.05833e-06
-3.22222e-06
-3.60612e-06
-2.71846e-06
-3.19156e-06
-2.28165e-06
-2.80748e-06
-1.90155e-06
-2.45865e-06
-1.57511e-06
-2.14216e-06
-1.29612e-06
-1.85608e-06
-1.05592e-06
-1.60162e-06
-8.54263e-07
-1.37437e-06
-6.84778e-07
-1.17263e-06
-5.43903e-07
-9.94294e-07
-4.26589e-07
-8.3922e-07
-3.31307e-07
-7.04253e-07
-2.54782e-07
-5.87768e-07
-1.93613e-07
-4.8908e-07
-1.45866e-07
-4.06021e-07
-1.08823e-07
-3.3865e-07
-7.96798e-08
-2.861e-07
-5.5752e-08
-2.47525e-07
-3.62592e-08
-2.22652e-07
-3.21137e-07
-1.39608e-05
5.20842e-05
-2.0789e-05
3.52735e-05
-2.3133e-05
2.06013e-05
-2.33483e-05
1.11126e-05
-2.27486e-05
5.26072e-06
-2.16837e-05
7.64092e-07
-2.02796e-05
-2.83285e-06
-1.86207e-05
-5.55458e-06
-1.68406e-05
-7.36313e-06
-1.50597e-05
-8.39408e-06
-1.33542e-05
-8.84554e-06
-1.176e-05
-8.89116e-06
-1.03048e-05
-8.6516e-06
-8.97104e-06
-8.23771e-06
-7.77788e-06
-7.69529e-06
-6.71823e-06
-7.10161e-06
-5.77381e-06
-6.48259e-06
-4.94736e-06
-5.86095e-06
-4.20896e-06
-5.26874e-06
-3.57009e-06
-4.69714e-06
-3.00744e-06
-4.1687e-06
-2.52138e-06
-3.67757e-06
-2.10053e-06
-3.22831e-06
-1.73845e-06
-2.82073e-06
-1.42867e-06
-2.45195e-06
-1.16321e-06
-2.12156e-06
-9.38769e-07
-1.82608e-06
-7.5054e-07
-1.56262e-06
-5.93634e-07
-1.32954e-06
-4.62631e-07
-1.12528e-06
-3.56905e-07
-9.44928e-07
-2.71329e-07
-7.89826e-07
-2.04293e-07
-6.54822e-07
-1.51939e-07
-5.41467e-07
-1.11136e-07
-4.4686e-07
-8.06642e-08
-3.69157e-07
-5.83292e-08
-3.08466e-07
-4.22499e-08
-2.63636e-07
-2.9713e-08
-2.35221e-07
-3.5087e-07
-1.79982e-05
7.00824e-05
-2.4513e-05
4.17883e-05
-2.69021e-05
2.29904e-05
-2.67339e-05
1.09444e-05
-2.55613e-05
4.08814e-06
-2.3806e-05
-9.91207e-07
-2.1743e-05
-4.89577e-06
-1.95675e-05
-7.73017e-06
-1.73926e-05
-9.53804e-06
-1.53158e-05
-1.04708e-05
-1.33914e-05
-1.07699e-05
-1.16452e-05
-1.06373e-05
-1.0085e-05
-1.02117e-05
-8.70191e-06
-9.62087e-06
-7.47435e-06
-8.92288e-06
-6.39802e-06
-8.17797e-06
-5.45612e-06
-7.42448e-06
-4.63066e-06
-6.68639e-06
-3.91642e-06
-5.98295e-06
-3.29317e-06
-5.32035e-06
-2.75516e-06
-4.70667e-06
-2.29086e-06
-4.14182e-06
-1.89092e-06
-3.62821e-06
-1.54912e-06
-3.16252e-06
-1.258e-06
-2.74307e-06
-1.0109e-06
-2.36868e-06
-8.03878e-07
-2.03314e-06
-6.30608e-07
-1.73591e-06
-4.87415e-07
-1.47273e-06
-3.69797e-07
-1.24289e-06
-2.77239e-07
-1.03748e-06
-2.03558e-07
-8.63515e-07
-1.45488e-07
-7.12909e-07
-1.0189e-07
-5.85084e-07
-7.09444e-08
-4.77826e-07
-4.9211e-08
-3.90915e-07
-3.51444e-08
-3.22564e-07
-2.68449e-08
-2.71971e-07
-2.20388e-08
-2.40065e-07
-3.7293e-07
-2.62752e-05
9.63576e-05
-2.90528e-05
4.45659e-05
-3.13791e-05
2.53168e-05
-3.0717e-05
1.02824e-05
-2.88439e-05
2.21505e-06
-2.62233e-05
-3.61177e-06
-2.33596e-05
-7.75938e-06
-2.05345e-05
-1.05552e-05
-1.78893e-05
-1.21832e-05
-1.54832e-05
-1.28769e-05
-1.33384e-05
-1.29147e-05
-1.14542e-05
-1.25215e-05
-9.78812e-06
-1.18778e-05
-8.34106e-06
-1.1068e-05
-7.09538e-06
-1.01686e-05
-6.01225e-06
-9.26108e-06
-5.07696e-06
-8.35973e-06
-4.26992e-06
-7.49341e-06
-3.57549e-06
-6.67738e-06
-2.9778e-06
-5.91803e-06
-2.46591e-06
-5.21852e-06
-2.02583e-06
-4.58185e-06
-1.65269e-06
-4.00132e-06
-1.33411e-06
-3.48109e-06
-1.06378e-06
-3.01343e-06
-8.39527e-07
-2.59295e-06
-6.50691e-07
-2.22199e-06
-4.94611e-07
-1.89199e-06
-3.69189e-07
-1.59815e-06
-2.69544e-07
-1.34254e-06
-1.86671e-07
-1.12036e-06
-1.24697e-07
-9.25501e-07
-7.89124e-08
-7.58701e-07
-4.66151e-08
-6.17387e-07
-2.60908e-08
-4.98361e-07
-1.39476e-08
-4.0308e-07
-9.05896e-09
-3.27484e-07
-9.57184e-09
-2.71494e-07
-1.38018e-08
-2.35872e-07
-3.86753e-07
-3.67609e-05
0.000133119
-3.84419e-05
4.62469e-05
-3.83728e-05
2.52477e-05
-3.61319e-05
8.04153e-06
-3.26733e-05
-1.2435e-06
-2.88174e-05
-7.4677e-06
-2.49679e-05
-1.16089e-05
-2.14311e-05
-1.4092e-05
-1.82844e-05
-1.53299e-05
-1.5534e-05
-1.56274e-05
-1.31577e-05
-1.5291e-05
-1.1117e-05
-1.45623e-05
-9.37879e-06
-1.3616e-05
-7.90518e-06
-1.25415e-05
-6.62914e-06
-1.14446e-05
-5.55106e-06
-1.03391e-05
-4.63264e-06
-9.27812e-06
-3.85083e-06
-8.27522e-06
-3.18538e-06
-7.34282e-06
-2.61931e-06
-6.48409e-06
-2.13731e-06
-5.70047e-06
-1.73146e-06
-4.98765e-06
-1.38414e-06
-4.34863e-06
-1.09361e-06
-3.77162e-06
-8.51886e-07
-3.25518e-06
-6.47159e-07
-2.79769e-06
-4.80777e-07
-2.38838e-06
-3.46123e-07
-2.02665e-06
-2.36335e-07
-1.70795e-06
-1.50509e-07
-1.42838e-06
-8.60418e-08
-1.18485e-06
-3.87911e-08
-9.72759e-07
-6.08091e-09
-7.9141e-07
1.37877e-08
-6.37254e-07
2.38979e-08
-5.0848e-07
2.50047e-08
-4.04208e-07
1.97562e-08
-3.22264e-07
8.688e-09
-2.60458e-07
-3.8389e-09
-2.23382e-07
-3.90613e-07
4.239e-05
0.000280471
0.000311564
3.36412e-05
4.00465e-05
0.000295007
0.000321936
2.96747e-05
3.57694e-05
0.000306153
0.00032798
2.97249e-05
3.17387e-05
0.000312224
0.000331183
2.85363e-05
2.98079e-05
0.000311559
0.000332556
2.84348e-05
2.8332e-05
0.00030459
0.000330835
3.00527e-05
2.74781e-05
0.000291336
0.000325968
3.23446e-05
2.53694e-05
0.00027605
0.000317347
3.39905e-05
2.12587e-05
0.000260307
0.000304251
3.43551e-05
1.51525e-05
0.000286296
3.31077e-05
0.00026847
3.22329e-05
0.000248848
3.68924e-05
0.000222696
4.71195e-05
0.000189849
5.41839e-05
0.000160775
4.74032e-05
0.000141821
3.50477e-05
0.000129955
2.91209e-05
0.000120508
2.92729e-05
0.000111716
3.03981e-05
0.00010359
3.02131e-05
9.6336e-05
2.88795e-05
8.99622e-05
2.69636e-05
8.43759e-05
2.47743e-05
7.9468e-05
2.24499e-05
7.51366e-05
2.00679e-05
7.12896e-05
1.7678e-05
6.78459e-05
1.53103e-05
6.47349e-05
1.29819e-05
6.18957e-05
1.07009e-05
5.92748e-05
8.47079e-06
5.68254e-05
6.29233e-06
5.45077e-05
4.16671e-06
2.09586e-06
-0.000183895
0.000217536
-0.000103408
-8.04873e-05
-8.09742e-05
-2.24333e-05
3.96248e-05
-0.000120599
-2.99133e-05
0.000277124
-0.000127416
1.70149e-05
-0.000131133
-1.87159e-05
3.37467e-05
-0.000125255
1.14618e-05
0.000295387
-9.59886e-05
0.000124465
-0.000116493
1.78881e-06
2.99273e-05
-0.000112674
2.03488e-05
0.000303575
-4.3354e-05
0.000188168
-9.80224e-05
5.64572e-05
4.86325e-05
-0.000116728
2.30789e-05
0.000308931
-1.48665e-05
0.000226114
-9.16729e-05
0.000133264
8.26682e-05
-0.000125709
2.60018e-05
0.000312982
-1.02181e-05
0.000262333
-8.44737e-05
0.000207519
0.000126518
-0.000128323
3.07637e-05
0.000314562
-1.53069e-06
0.000294628
-5.78945e-05
0.000263883
0.00018104
-0.000112417
3.57302e-05
0.000312823
2.03458e-05
0.000310012
-1.29735e-05
0.000297202
0.000234382
-6.63147e-05
4.12486e-05
0.000305929
4.04824e-05
0.000310779
3.08953e-05
0.000306789
0.000265703
-4.26291e-07
4.63301e-05
0.000292707
5.73895e-05
0.000299719
6.18316e-05
0.000302347
0.000272404
5.51311e-05
4.91028e-05
0.000275837
7.22556e-05
0.000276566
0.000100169
0.000274434
0.000256134
0.00011644
5.62625e-05
0.000256467
8.27034e-05
0.000250125
0.000121484
0.000235653
0.000228698
0.00014892
7.18571e-05
0.000231729
9.85704e-05
0.000223412
0.000130664
0.000203559
0.000200069
0.000159293
8.71912e-05
0.000198722
0.000116412
0.000194191
0.000139285
0.000180686
0.000178126
0.000161228
8.02546e-05
0.000165871
0.000107475
0.000166971
0.000125703
0.000162458
0.000158676
0.000145153
5.91311e-05
0.000141787
8.15027e-05
0.000144599
0.000100445
0.000143516
0.000137254
0.000121867
4.49595e-05
0.000125949
6.25448e-05
0.000127014
8.12649e-05
0.000124795
0.000116719
0.0001018
4.09123e-05
0.000114309
5.48329e-05
0.000113093
7.05752e-05
0.000109053
0.000100508
8.67864e-05
4.01825e-05
0.000104525
5.1387e-05
0.000101889
6.35154e-05
9.69248e-05
8.88045e-05
7.52186e-05
3.87112e-05
9.60267e-05
4.78443e-05
9.27555e-05
5.71366e-05
8.76325e-05
8.02853e-05
6.56558e-05
3.61864e-05
8.872e-05
4.37018e-05
8.52401e-05
5.10165e-05
8.03178e-05
7.38002e-05
5.75015e-05
3.32099e-05
8.24736e-05
3.94525e-05
7.89975e-05
4.53609e-05
7.44095e-05
6.86647e-05
5.04965e-05
3.01304e-05
7.71174e-05
3.5372e-05
7.37559e-05
4.0242e-05
6.95396e-05
6.4475e-05
4.44317e-05
2.70749e-05
7.24924e-05
3.153e-05
6.93008e-05
3.56192e-05
6.54505e-05
6.09698e-05
3.91245e-05
2.40963e-05
6.8464e-05
2.79327e-05
6.54644e-05
3.14285e-05
6.19547e-05
5.79701e-05
3.44282e-05
2.1221e-05
6.49211e-05
2.45692e-05
6.21162e-05
2.76095e-05
5.89145e-05
5.53505e-05
3.02291e-05
1.84595e-05
6.17721e-05
2.14213e-05
5.91545e-05
2.41088e-05
5.6227e-05
5.30207e-05
2.64386e-05
1.58124e-05
5.89415e-05
1.84677e-05
5.64992e-05
2.08802e-05
5.38145e-05
5.09139e-05
2.2987e-05
1.32753e-05
5.63671e-05
1.56877e-05
5.40867e-05
1.78853e-05
5.16169e-05
4.89795e-05
1.98196e-05
1.08411e-05
5.39968e-05
1.30621e-05
5.18656e-05
1.5092e-05
4.95871e-05
4.71785e-05
1.6893e-05
8.50266e-06
5.17864e-05
1.05744e-05
4.97938e-05
1.24744e-05
4.76871e-05
4.54797e-05
1.41732e-05
6.25374e-06
4.96994e-05
8.2107e-06
4.78369e-05
1.00116e-05
4.58863e-05
4.38582e-05
1.16332e-05
4.09071e-06
5.96132e-06
7.68764e-06
9.25136e-06
-6.98462e-05
8.23656e-05
-5.64879e-05
3.28887e-05
-4.84241e-05
1.71839e-05
-4.30358e-05
2.65322e-06
-3.73347e-05
-6.94465e-06
-3.18813e-05
-1.29211e-05
-2.69084e-05
-1.65817e-05
-2.2529e-05
-1.84714e-05
-1.88031e-05
-1.90559e-05
-1.56611e-05
-1.87694e-05
-1.30283e-05
-1.79238e-05
-1.08328e-05
-1.67578e-05
-8.99704e-06
-1.54516e-05
-7.44952e-06
-1.4089e-05
-6.16905e-06
-1.2725e-05
-5.09139e-06
-1.14168e-05
-4.18698e-06
-1.01825e-05
-3.42843e-06
-9.03378e-06
-2.7898e-06
-7.98144e-06
-2.25188e-06
-7.02198e-06
-1.80218e-06
-6.15014e-06
-1.42099e-06
-5.36881e-06
-1.10523e-06
-4.66439e-06
-8.40815e-07
-4.03604e-06
-6.21438e-07
-3.47455e-06
-4.43332e-07
-2.97579e-06
-2.98655e-07
-2.53305e-06
-1.82681e-07
-2.14263e-06
-9.24202e-08
-1.79822e-06
-2.44744e-08
-1.49634e-06
2.44518e-08
-1.23378e-06
5.63646e-08
-1.00467e-06
7.52474e-08
-8.10289e-07
8.20589e-08
-6.44066e-07
7.94795e-08
-5.05912e-07
6.87409e-08
-3.93488e-07
5.15322e-08
-3.05079e-07
3.0767e-08
-2.39722e-07
6.58487e-09
-1.99237e-07
-3.84052e-07
-8.70123e-05
4.41232e-05
-7.07197e-05
1.65961e-05
-5.88628e-05
5.32705e-06
-4.96598e-05
-6.54976e-06
-4.16244e-05
-1.49801e-05
-3.44653e-05
-2.00801e-05
-2.83052e-05
-2.27418e-05
-2.31418e-05
-2.36349e-05
-1.8879e-05
-2.33186e-05
-1.5398e-05
-2.22503e-05
-1.25715e-05
-2.07504e-05
-1.02433e-05
-1.90859e-05
-8.34336e-06
-1.73516e-05
-6.78848e-06
-1.56439e-05
-5.52369e-06
-1.39898e-05
-4.4727e-06
-1.24678e-05
-3.61238e-06
-1.10429e-05
-2.89095e-06
-9.75521e-06
-2.29886e-06
-8.57353e-06
-1.80231e-06
-7.51853e-06
-1.39459e-06
-6.55786e-06
-1.05619e-06
-5.7072e-06
-7.74767e-07
-4.94581e-06
-5.45536e-07
-4.26526e-06
-3.5846e-07
-3.66162e-06
-2.0803e-07
-3.12621e-06
-8.92267e-08
-2.65186e-06
1.8231e-09
-2.23369e-06
6.96933e-08
-1.8661e-06
1.17337e-07
-1.54399e-06
1.47242e-07
-1.2637e-06
1.63147e-07
-1.02058e-06
1.65591e-07
-8.12734e-07
1.57665e-07
-6.36148e-07
1.40988e-07
-4.89249e-07
1.16953e-07
-3.69469e-07
8.75459e-08
-2.75692e-07
5.42138e-08
-2.06418e-07
1.82022e-08
-1.63268e-07
-3.65878e-07
-9.32841e-05
2.47334e-05
-8.09743e-05
4.28631e-06
-6.776e-05
-7.88715e-06
-5.59773e-05
-1.83324e-05
-4.5552e-05
-2.54055e-05
-3.66135e-05
-2.90186e-05
-2.92588e-05
-3.00964e-05
-2.33158e-05
-2.95779e-05
-1.85709e-05
-2.80635e-05
-1.47928e-05
-2.60284e-05
-1.17818e-05
-2.37614e-05
-9.39267e-06
-2.14751e-05
-7.48922e-06
-1.92551e-05
-5.9766e-06
-1.71565e-05
-4.73475e-06
-1.52317e-05
-3.7368e-06
-1.34657e-05
-2.93207e-06
-1.18476e-05
-2.27212e-06
-1.04152e-05
-1.73826e-06
-9.10742e-06
-1.30565e-06
-7.95117e-06
-9.39226e-07
-6.92429e-06
-6.4607e-07
-6.00036e-06
-4.087e-07
-5.18318e-06
-2.17198e-07
-4.45674e-06
-6.6068e-08
-3.81273e-06
5.11732e-08
-3.24345e-06
1.39944e-07
-2.74062e-06
2.04291e-07
-2.29803e-06
2.47444e-07
-1.90926e-06
2.72787e-07
-1.56934e-06
2.8234e-07
-1.27326e-06
2.79092e-07
-1.01734e-06
2.64207e-07
-7.97862e-07
2.40111e-07
-6.12065e-07
2.08179e-07
-4.5733e-07
1.69657e-07
-3.3096e-07
1.26612e-07
-2.32664e-07
7.98576e-08
-1.59696e-07
3.09516e-08
-1.14412e-07
-3.34958e-07
-0.000111862
1.98677e-05
-9.60734e-05
-1.15022e-05
-7.75686e-05
-2.63919e-05
-6.19452e-05
-3.39557e-05
-4.88007e-05
-3.855e-05
-3.80339e-05
-3.97852e-05
-2.94878e-05
-3.86425e-05
-2.28269e-05
-3.62389e-05
-1.76778e-05
-3.32125e-05
-1.37101e-05
-2.99961e-05
-1.06232e-05
-2.68483e-05
-8.24704e-06
-2.38512e-05
-6.39283e-06
-2.11093e-05
-4.93492e-06
-1.86144e-05
-3.79126e-06
-1.63753e-05
-2.88931e-06
-1.43676e-05
-2.15649e-06
-1.25804e-05
-1.5793e-06
-1.09924e-05
-1.10658e-06
-9.58018e-06
-7.2967e-07
-8.32811e-06
-4.30517e-07
-7.22345e-06
-1.92674e-07
-6.2382e-06
-4.23446e-09
-5.3716e-06
1.41652e-07
-4.60262e-06
2.52595e-07
-3.92366e-06
3.33502e-07
-3.32434e-06
3.89131e-07
-2.79624e-06
4.24147e-07
-2.33303e-06
4.40233e-07
-1.92534e-06
4.41159e-07
-1.57028e-06
4.28473e-07
-1.26059e-06
4.04604e-07
-9.93492e-07
3.70898e-07
-7.64175e-07
3.29089e-07
-5.70272e-07
2.80459e-07
-4.08712e-07
2.26897e-07
-2.77408e-07
1.68751e-07
-1.74538e-07
1.07508e-07
-9.84908e-08
4.42615e-08
-5.12206e-08
-2.90729e-07
-0.000132081
2.62401e-05
-0.000115148
-2.84354e-05
-8.91947e-05
-5.2345e-05
-6.73529e-05
-5.57975e-05
-5.09172e-05
-5.49858e-05
-3.82336e-05
-5.24687e-05
-2.86051e-05
-4.82711e-05
-2.14095e-05
-4.34344e-05
-1.60516e-05
-3.85705e-05
-1.20591e-05
-3.39885e-05
-9.05058e-06
-2.98568e-05
-6.76677e-06
-2.6135e-05
-5.03406e-06
-2.2842e-05
-3.70488e-06
-1.99436e-05
-2.68598e-06
-1.73941e-05
-1.89877e-06
-1.51548e-05
-1.27023e-06
-1.3209e-05
-7.90974e-07
-1.14717e-05
-4.01938e-07
-9.96925e-06
-1.02082e-07
-8.62798e-06
1.26085e-07
-7.45163e-06
3.03239e-07
-6.41535e-06
4.34906e-07
-5.50326e-06
5.30525e-07
-4.69823e-06
5.9649e-07
-3.98962e-06
6.38459e-07
-3.36629e-06
6.57119e-07
-2.81487e-06
6.60006e-07
-2.3359e-06
6.47713e-07
-1.91304e-06
6.2172e-07
-1.5443e-06
5.85198e-07
-1.22409e-06
5.39037e-07
-9.47358e-07
4.85293e-07
-7.10452e-07
4.24214e-07
-5.09206e-07
3.58223e-07
-3.42728e-07
2.87818e-07
-2.07013e-07
2.13788e-07
-1.0053e-07
1.37162e-07
-2.19074e-08
5.90004e-08
2.68838e-08
-2.31758e-07
-0.00014493
4.28476e-05
-0.00013211
-4.12555e-05
-0.000100719
-8.37367e-05
-7.14005e-05
-8.51155e-05
-5.09892e-05
-7.53971e-05
-3.66469e-05
-6.6811e-05
-2.63215e-05
-5.85966e-05
-1.89121e-05
-5.08438e-05
-1.35925e-05
-4.389e-05
-9.76706e-06
-3.7814e-05
-6.99063e-06
-3.26332e-05
-4.9293e-06
-2.81964e-05
-3.39906e-06
-2.43722e-05
-2.27788e-06
-2.10648e-05
-1.40932e-06
-1.82627e-05
-7.56583e-07
-1.58076e-05
-2.71075e-07
-1.36945e-05
1.03142e-07
-1.18459e-05
3.75242e-07
-1.02414e-05
5.81247e-07
-8.83401e-06
7.29757e-07
-7.60015e-06
8.36156e-07
-6.52176e-06
9.0607e-07
-5.57317e-06
9.48216e-07
-4.74037e-06
9.6433e-07
-4.00572e-06
9.61656e-07
-3.36359e-06
9.44874e-07
-2.79805e-06
9.11897e-07
-2.3029e-06
8.68084e-07
-1.86924e-06
8.13679e-07
-1.48993e-06
7.51438e-07
-1.16189e-06
6.8188e-07
-8.77827e-07
6.06807e-07
-6.35395e-07
5.24916e-07
-4.27324e-07
4.4063e-07
-2.58447e-07
3.52467e-07
-1.1886e-07
2.61543e-07
-9.63064e-09
1.68625e-07
7.09683e-08
7.46027e-08
1.20854e-07
-1.57179e-07
-0.000139654
7.00838e-05
-0.000136045
-4.48645e-05
-0.000106255
-0.000113526
-7.19054e-05
-0.000119465
-4.78818e-05
-9.94207e-05
-3.25235e-05
-8.21693e-05
-2.21613e-05
-6.89588e-05
-1.50659e-05
-5.79391e-05
-1.02544e-05
-4.87016e-05
-6.8225e-06
-4.12459e-05
-4.40955e-06
-3.50462e-05
-2.71588e-06
-2.98901e-05
-1.4997e-06
-2.55885e-05
-5.94616e-07
-2.19698e-05
3.69308e-08
-1.88942e-05
4.99752e-07
-1.62704e-05
8.22408e-07
-1.40172e-05
1.05465e-06
-1.20782e-05
1.21199e-06
-1.03987e-05
1.31499e-06
-8.93704e-06
1.37723e-06
-7.66242e-06
1.40568e-06
-6.55022e-06
1.40751e-06
-5.575e-06
1.38915e-06
-4.722e-06
1.35622e-06
-3.97276e-06
1.30541e-06
-3.31273e-06
1.24653e-06
-2.73915e-06
1.17737e-06
-2.23374e-06
1.09994e-06
-1.79183e-06
1.01625e-06
-1.40628e-06
9.26406e-07
-1.07207e-06
8.32031e-07
-7.83473e-07
7.33046e-07
-5.36419e-07
6.32507e-07
-3.2679e-07
5.27462e-07
-1.53405e-07
4.20486e-07
-1.1895e-08
3.11761e-07
9.90713e-08
2.01712e-07
1.80982e-07
9.09928e-08
2.3153e-07
-6.62022e-08
-0.000103974
0.000107743
-0.000116388
-3.24506e-05
-9.82626e-05
-0.000131652
-6.53873e-05
-0.00015234
-4.02019e-05
-0.000124606
-2.51773e-05
-9.71939e-05
-1.58564e-05
-7.82797e-05
-9.82541e-06
-6.39701e-05
-5.81312e-06
-5.27139e-05
-3.1387e-06
-4.39203e-05
-1.34313e-06
-3.68418e-05
-1.14317e-07
-3.11189e-05
7.10954e-07
-2.64138e-05
1.26087e-06
-2.25198e-05
1.62595e-06
-1.92593e-05
1.8607e-06
-1.65051e-05
2.00411e-06
-1.41605e-05
2.07937e-06
-1.21534e-05
2.10514e-06
-1.04245e-05
2.09587e-06
-8.9278e-06
2.06048e-06
-7.62706e-06
2.00544e-06
-6.49519e-06
1.93626e-06
-5.50581e-06
1.85384e-06
-4.63957e-06
1.76304e-06
-3.88193e-06
1.66712e-06
-3.21679e-06
1.5628e-06
-2.63482e-06
1.45481e-06
-2.12576e-06
1.34273e-06
-1.67979e-06
1.22708e-06
-1.29067e-06
1.10928e-06
-9.54302e-07
9.88672e-07
-6.6288e-07
8.66454e-07
-4.14206e-07
7.43072e-07
-2.0341e-07
6.17779e-07
-2.81153e-08
4.91384e-07
1.14491e-07
3.64126e-07
2.26311e-07
2.36217e-07
3.08863e-07
1.08084e-07
3.59632e-07
4.18717e-08
-4.2063e-05
0.00014938
-6.9768e-05
-4.74551e-06
-7.09322e-05
-0.000130488
-4.82951e-05
-0.000174977
-2.68103e-05
-0.000146091
-1.4241e-05
-0.000109763
-7.23259e-06
-8.5288e-05
-3.05248e-06
-6.81503e-05
-3.44893e-07
-5.54215e-05
1.25213e-06
-4.55173e-05
2.21965e-06
-3.78093e-05
2.79022e-06
-3.16895e-05
3.11647e-06
-2.674e-05
3.27966e-06
-2.26829e-05
3.33516e-06
-1.93148e-05
3.3191e-06
-1.6489e-05
3.25578e-06
-1.40972e-05
3.16039e-06
-1.2058e-05
3.04334e-06
-1.03075e-05
2.91369e-06
-8.79819e-06
2.77541e-06
-7.4888e-06
2.6317e-06
-6.35149e-06
2.48511e-06
-5.35921e-06
2.33733e-06
-4.49177e-06
2.18798e-06
-3.73256e-06
2.03927e-06
-3.06805e-06
1.8907e-06
-2.48625e-06
1.7419e-06
-1.97699e-06
1.59455e-06
-1.53248e-06
1.44503e-06
-1.14118e-06
1.29871e-06
-8.08e-07
1.15056e-06
-5.14744e-07
1.00423e-06
-2.67876e-07
8.57736e-07
-5.69218e-08
7.11191e-07
1.18429e-07
5.6471e-07
2.60966e-07
4.18292e-07
3.72716e-07
2.71915e-07
4.55221e-07
1.2577e-07
5.05754e-07
1.67635e-07
2.73895e-05
0.000177122
-3.77692e-06
2.64209e-05
-2.44065e-05
-0.000109858
-1.86966e-05
-0.000180687
-7.11131e-06
-0.000157676
5.69505e-07
-0.000117444
3.85617e-06
-8.85748e-05
5.33342e-06
-6.96276e-05
5.92273e-06
-5.60108e-05
6.12e-06
-4.57146e-05
6.08772e-06
-3.77771e-05
5.92307e-06
-3.15249e-05
5.68954e-06
-2.65065e-05
5.4204e-06
-2.24138e-05
5.13545e-06
-1.90298e-05
4.84685e-06
-1.62004e-05
4.56148e-06
-1.38118e-05
4.28391e-06
-1.17805e-05
4.0166e-06
-1.00402e-05
3.75975e-06
-8.54136e-06
3.5121e-06
-7.24115e-06
3.27683e-06
-6.11622e-06
3.05092e-06
-5.13329e-06
2.83351e-06
-4.27435e-06
2.62424e-06
-3.52328e-06
2.42216e-06
-2.86596e-06
2.22658e-06
-2.29069e-06
2.03643e-06
-1.78688e-06
1.8503e-06
-1.34639e-06
1.67082e-06
-9.61726e-07
1.49189e-06
-6.29091e-07
1.31823e-06
-3.41083e-07
1.14564e-06
-9.5292e-08
9.75493e-07
1.13224e-07
8.07055e-07
2.86868e-07
6.39953e-07
4.28066e-07
4.7388e-07
5.38782e-07
3.08555e-07
6.20533e-07
1.4393e-07
6.70362e-07
3.11558e-07
0.000100106
0.000193455
5.98305e-05
6.66967e-05
3.41437e-05
-8.41712e-05
2.33682e-05
-0.000169912
2.03242e-05
-0.000154632
1.81533e-05
-0.000115273
1.60867e-05
-8.65082e-05
1.41932e-05
-6.77341e-05
1.25875e-05
-5.44051e-05
1.12586e-05
-4.43857e-05
1.01403e-05
-3.66587e-05
9.18479e-06
-3.05694e-05
8.35498e-06
-2.56766e-05
7.62917e-06
-2.1688e-05
6.98677e-06
-1.83874e-05
6.41303e-06
-1.56267e-05
5.89837e-06
-1.32972e-05
5.43246e-06
-1.13146e-05
5.00839e-06
-9.61616e-06
4.61972e-06
-8.15271e-06
4.26423e-06
-6.88567e-06
3.93328e-06
-5.78529e-06
3.6258e-06
-4.82583e-06
3.33895e-06
-3.98751e-06
3.06703e-06
-3.25134e-06
2.81142e-06
-2.61036e-06
2.56825e-06
-2.04753e-06
2.33594e-06
-1.55461e-06
2.11282e-06
-1.12329e-06
1.89808e-06
-7.47009e-07
1.68964e-06
-4.20662e-07
1.48723e-06
-1.38682e-07
1.28924e-06
1.02689e-07
1.09529e-06
3.07177e-07
9.04614e-07
4.77551e-07
7.16538e-07
6.16144e-07
5.30468e-07
7.24846e-07
3.45862e-07
8.05126e-07
1.62428e-07
8.5378e-07
4.73978e-07
0.000146278
0.000196097
0.000121445
9.15295e-05
9.59276e-05
-5.86541e-05
6.82507e-05
-0.000142235
4.83281e-05
-0.000134709
3.60154e-05
-0.000102961
2.83277e-05
-7.88205e-05
2.30528e-05
-6.24591e-05
1.92368e-05
-5.0589e-05
1.639e-05
-4.1539e-05
1.41928e-05
-3.44615e-05
1.24465e-05
-2.88231e-05
1.10247e-05
-2.42549e-05
9.84213e-06
-2.05055e-05
8.84249e-06
-1.73878e-05
7.98385e-06
-1.4768e-05
7.23922e-06
-1.25525e-05
6.58403e-06
-1.06594e-05
6.00359e-06
-9.03573e-06
5.485e-06
-7.63413e-06
5.01718e-06
-6.41787e-06
4.59225e-06
-5.36039e-06
4.20343e-06
-4.43704e-06
3.84458e-06
-3.62865e-06
3.51439e-06
-2.92115e-06
3.20238e-06
-2.29835e-06
2.91231e-06
-1.75747e-06
2.63755e-06
-1.27988e-06
2.37669e-06
-8.62462e-07
2.12766e-06
-4.97999e-07
1.88853e-06
-1.81541e-07
1.65779e-06
9.20428e-08
1.43403e-06
3.26456e-07
1.21614e-06
5.25077e-07
1.00306e-06
6.90635e-07
7.93844e-07
8.25368e-07
5.87602e-07
9.3108e-07
3.83538e-07
1.00918e-06
1.81119e-07
1.05618e-06
6.55085e-07
0.000171611
0.000183779
0.000170372
9.27682e-05
0.00014244
-3.07217e-05
0.000103391
-0.000103186
7.13788e-05
-0.000102698
5.13601e-05
-8.29418e-05
3.91566e-05
-6.6617e-05
3.10842e-05
-5.43867e-05
2.53875e-05
-4.48923e-05
2.12109e-05
-3.73624e-05
1.80461e-05
-3.12967e-05
1.55769e-05
-2.63539e-05
1.36036e-05
-2.22816e-05
1.19917e-05
-1.88936e-05
1.0652e-05
-1.6048e-05
9.52255e-06
-1.36385e-05
8.55614e-06
-1.15861e-05
7.71655e-06
-9.81983e-06
6.98546e-06
-8.30465e-06
6.33851e-06
-6.98719e-06
5.76262e-06
-5.84201e-06
5.24488e-06
-4.8427e-06
4.77607e-06
-3.96825e-06
4.34826e-06
-3.20084e-06
3.95447e-06
-2.52735e-06
3.59364e-06
-1.93752e-06
3.25479e-06
-1.41863e-06
2.93825e-06
-9.63369e-07
2.63969e-06
-5.63917e-07
2.35688e-06
-2.1521e-07
2.08702e-06
8.83044e-08
1.82824e-06
3.50815e-07
1.57874e-06
5.75963e-07
1.33698e-06
7.66858e-07
1.10155e-06
9.26073e-07
8.71208e-07
1.05571e-06
6.44797e-07
1.15748e-06
4.21266e-07
1.23269e-06
1.99847e-07
1.27758e-06
8.5492e-07
0.000177871
0.000167136
0.000183716
8.6923e-05
0.000160235
-7.24076e-06
0.000118196
-6.11465e-05
8.40057e-05
-6.85072e-05
6.17661e-05
-6.07023e-05
4.74106e-05
-5.22615e-05
3.76267e-05
-4.46029e-05
3.06313e-05
-3.78969e-05
2.54572e-05
-3.21883e-05
2.15212e-05
-2.73607e-05
1.84506e-05
-2.32834e-05
1.60028e-05
-1.98339e-05
1.4013e-05
-1.69038e-05
1.23686e-05
-1.44036e-05
1.09898e-05
-1.22597e-05
9.81683e-06
-1.04132e-05
8.81171e-06
-8.81472e-06
7.93557e-06
-7.42852e-06
7.16757e-06
-6.21923e-06
6.48822e-06
-5.16271e-06
5.88138e-06
-4.23591e-06
5.33714e-06
-3.42403e-06
4.8395e-06
-2.70319e-06
4.39047e-06
-2.07831e-06
3.97567e-06
-1.52273e-06
3.5921e-06
-1.03507e-06
3.23433e-06
-6.05625e-07
2.89933e-06
-2.28934e-07
2.58321e-06
1.0089e-07
2.28324e-06
3.88273e-07
1.99691e-06
6.37145e-07
1.72204e-06
8.50848e-07
1.4567e-06
1.03221e-06
1.19918e-06
1.1836e-06
9.47935e-07
1.30696e-06
7.01545e-07
1.40385e-06
4.58715e-07
1.47549e-06
2.1845e-07
1.51782e-06
1.07336e-06
0.00016602
0.00014627
0.000171824
8.11183e-05
0.000150849
1.37345e-05
0.00011637
-2.66673e-05
8.73794e-05
-3.95168e-05
6.70416e-05
-4.03645e-05
5.27111e-05
-3.79309e-05
4.23663e-05
-3.42581e-05
3.47254e-05
-3.0256e-05
2.89458e-05
-2.64087e-05
2.4482e-05
-2.28969e-05
2.09663e-05
-1.97678e-05
1.81469e-05
-1.70145e-05
1.58483e-05
-1.46051e-05
1.3947e-05
-1.25024e-05
1.23533e-05
-1.06659e-05
1.10006e-05
-9.06056e-06
9.84154e-06
-7.65564e-06
8.83607e-06
-6.42306e-06
7.95762e-06
-5.34081e-06
7.18194e-06
-4.38709e-06
6.49308e-06
-3.54708e-06
5.8739e-06
-2.80485e-06
5.31926e-06
-2.14854e-06
4.81137e-06
-1.57042e-06
4.3476e-06
-1.05896e-06
3.91972e-06
-6.07216e-07
3.52303e-06
-2.08953e-07
3.1525e-06
1.41585e-07
2.80435e-06
4.49034e-07
2.47519e-06
7.17428e-07
2.1621e-06
9.50244e-07
1.86251e-06
1.15045e-06
1.57417e-06
1.32058e-06
1.29504e-06
1.46274e-06
1.02331e-06
1.57868e-06
7.57321e-07
1.66982e-06
4.95541e-07
1.73725e-06
2.3676e-07
1.77657e-06
1.31011e-06
0.0001432
0.000124936
0.000147768
7.65508e-05
0.000132115
2.93871e-05
0.000107841
-2.39306e-06
8.56772e-05
-1.7353e-05
6.85114e-05
-2.31987e-05
5.53751e-05
-2.47946e-05
4.53305e-05
-2.42136e-05
3.76061e-05
-2.25316e-05
3.15932e-05
-2.03957e-05
2.68497e-05
-1.81534e-05
2.30556e-05
-1.59737e-05
1.99793e-05
-1.39382e-05
1.74516e-05
-1.20774e-05
1.53502e-05
-1.0401e-05
1.35826e-05
-8.89838e-06
1.20796e-05
-7.55759e-06
1.079e-05
-6.36598e-06
9.67213e-06
-5.30522e-06
8.69526e-06
-4.36398e-06
7.83471e-06
-3.52658e-06
7.07035e-06
-2.78274e-06
6.38689e-06
-2.1214e-06
5.77175e-06
-1.53339e-06
5.21325e-06
-1.01193e-06
4.70327e-06
-5.48989e-07
4.23448e-06
-1.38427e-07
3.80059e-06
2.2492e-07
3.39654e-06
5.4563e-07
3.0179e-06
8.27668e-07
2.66086e-06
1.07447e-06
2.32211e-06
1.28901e-06
1.99874e-06
1.47384e-06
1.6882e-06
1.63115e-06
1.38817e-06
1.76277e-06
1.0966e-06
1.87024e-06
8.11591e-07
1.9548e-06
5.31396e-07
2.01742e-06
2.54604e-07
2.05335e-06
1.5647e-06
0.000119512
0.000107225
0.000123384
7.26785e-05
0.000113794
3.89765e-05
9.74572e-05
1.39441e-05
8.12667e-05
-1.16244e-06
6.73717e-05
-9.30373e-06
5.5957e-05
-1.33799e-05
4.67358e-05
-1.49924e-05
3.93436e-05
-1.51394e-05
3.3401e-05
-1.4453e-05
2.85983e-05
-1.33507e-05
2.46841e-05
-1.20595e-05
2.14647e-05
-1.07187e-05
1.87921e-05
-9.40487e-06
1.65507e-05
-8.15968e-06
1.46542e-05
-7.00191e-06
1.30346e-05
-5.93795e-06
1.164e-05
-4.97137e-06
1.04294e-05
-4.09464e-06
9.36942e-06
-3.30403e-06
8.43535e-06
-2.59254e-06
7.6053e-06
-1.9527e-06
6.86392e-06
-1.38002e-06
6.1957e-06
-8.65176e-07
5.59091e-06
-4.07156e-07
5.03895e-06
2.95931e-09
4.53218e-06
3.68341e-07
4.06398e-06
6.93119e-07
3.62871e-06
9.809e-07
3.22152e-06
1.23485e-06
2.83824e-06
1.45775e-06
2.47524e-06
1.65202e-06
2.12931e-06
1.81978e-06
1.79763e-06
1.96285e-06
1.47764e-06
2.08276e-06
1.16707e-06
2.1808e-06
8.63819e-07
2.25804e-06
5.65929e-07
2.31529e-06
2.71811e-07
2.34745e-06
1.83651e-06
9.9872e-05
9.41396e-05
0.000103316
6.92342e-05
9.78255e-05
4.44671e-05
8.72956e-05
2.44741e-05
7.55768e-05
1.05564e-05
6.46281e-05
1.64491e-06
5.50411e-05
-3.79284e-06
4.68868e-05
-6.83807e-06
4.00821e-05
-8.33469e-06
3.44297e-05
-8.80064e-06
2.97462e-05
-8.66723e-06
2.58488e-05
-8.16207e-06
2.25912e-05
-7.46112e-06
1.98515e-05
-6.66522e-06
1.75309e-05
-5.83914e-06
1.55512e-05
-5.02226e-06
1.38508e-05
-4.23747e-06
1.23786e-05
-3.4992e-06
1.10958e-05
-2.8118e-06
9.96968e-06
-2.17797e-06
8.97507e-06
-1.59795e-06
8.09023e-06
-1.06787e-06
7.2984e-06
-5.88203e-07
6.58609e-06
-1.52884e-07
5.93964e-06
2.39284e-07
5.35022e-06
5.9237e-07
4.80941e-06
9.09158e-07
4.31013e-06
1.19241e-06
3.84636e-06
1.44467e-06
3.41294e-06
1.66827e-06
3.0054e-06
1.86529e-06
2.61985e-06
2.03759e-06
2.25284e-06
2.18681e-06
1.90132e-06
2.31438e-06
1.56254e-06
2.42153e-06
1.23402e-06
2.50931e-06
9.13477e-07
2.57857e-06
5.9879e-07
2.62997e-06
2.88207e-07
2.65802e-06
2.12471e-06
8.45337e-05
8.48244e-05
8.75512e-05
6.62167e-05
8.46026e-05
4.74157e-05
7.78055e-05
3.12712e-05
6.94425e-05
1.89194e-05
6.09807e-05
1.01067e-05
5.30953e-05
4.09261e-06
4.60782e-05
1.78977e-07
3.99959e-05
-2.25245e-06
3.47741e-05
-3.57879e-06
3.03435e-05
-4.23666e-06
2.657e-05
-4.38852e-06
2.33628e-05
-4.25403e-06
2.06271e-05
-3.92958e-06
1.82833e-05
-3.49535e-06
1.62649e-05
-3.00382e-06
1.45177e-05
-2.49027e-06
1.29957e-05
-1.97726e-06
1.16626e-05
-1.47871e-06
1.0488e-05
-1.00335e-06
9.44671e-06
-5.56678e-07
8.51903e-06
-1.40202e-07
7.68652e-06
2.44285e-07
6.93595e-06
5.97657e-07
6.25484e-06
9.20384e-07
5.63331e-06
1.2139e-06
5.06284e-06
1.47964e-06
4.53615e-06
1.71911e-06
4.04699e-06
1.93383e-06
3.58999e-06
2.12526e-06
3.16048e-06
2.2948e-06
2.75435e-06
2.44372e-06
2.36799e-06
2.57318e-06
1.99816e-06
2.68421e-06
1.64195e-06
2.77774e-06
1.29672e-06
2.85453e-06
9.60048e-07
2.91524e-06
6.29642e-07
2.96036e-06
3.03626e-07
2.98402e-06
2.42832e-06
7.24675e-05
7.80128e-05
7.51149e-05
6.35693e-05
7.36736e-05
4.8857e-05
6.92856e-05
3.56593e-05
6.33338e-05
2.48711e-05
5.68671e-05
1.65734e-05
5.05087e-05
1.0451e-05
4.45963e-05
6.09133e-06
3.92542e-05
3.08961e-06
3.45574e-05
1.11795e-06
3.0443e-05
-1.22171e-07
2.68827e-05
-8.28281e-07
2.37981e-05
-1.16942e-06
2.11266e-05
-1.25815e-06
1.88088e-05
-1.17758e-06
1.67922e-05
-9.87157e-07
1.50308e-05
-7.28909e-07
1.34857e-05
-4.32158e-07
1.21241e-05
-1.17133e-07
1.09185e-05
2.02251e-07
9.84536e-06
5.16482e-07
8.88554e-06
8.19602e-07
8.02231e-06
1.10748e-06
7.24204e-06
1.3779e-06
6.53288e-06
1.62954e-06
5.88488e-06
1.86192e-06
5.2895e-06
2.07504e-06
4.73942e-06
2.2692e-06
4.22831e-06
2.44494e-06
3.75068e-06
2.60289e-06
3.30174e-06
2.74374e-06
2.87726e-06
2.86819e-06
2.4735e-06
2.97694e-06
2.0871e-06
3.07061e-06
1.71503e-06
3.14981e-06
1.35453e-06
3.21503e-06
1.00304e-06
3.26673e-06
6.5816e-07
3.30524e-06
3.17907e-07
3.32426e-06
2.74622e-06
6.27358e-05
7.27786e-05
6.50873e-05
6.12178e-05
6.45434e-05
4.94008e-05
6.17356e-05
3.84671e-05
5.75136e-05
2.9093e-05
5.2611e-05
2.1476e-05
4.75407e-05
1.55213e-05
4.26245e-05
1.10075e-05
3.80378e-05
7.67626e-06
3.38724e-05
5.28336e-06
3.01423e-05
3.60795e-06
2.68389e-05
2.47517e-06
2.39267e-05
1.74266e-06
2.13661e-05
1.30244e-06
1.91156e-05
1.07291e-06
1.71357e-05
9.92816e-07
1.539e-05
1.01676e-06
1.38464e-05
1.11138e-06
1.24769e-05
1.25234e-06
1.12573e-05
1.42193e-06
1.01664e-05
1.60732e-06
9.1866e-06
1.7994e-06
8.30244e-06
1.99161e-06
7.50088e-06
2.17945e-06
6.77065e-06
2.35977e-06
6.10208e-06
2.5305e-06
5.48682e-06
2.69031e-06
4.91765e-06
2.83838e-06
4.38827e-06
2.97431e-06
3.89321e-06
3.09795e-06
3.42762e-06
3.20933e-06
2.98723e-06
3.30858e-06
2.56822e-06
3.39594e-06
2.16718e-06
3.47166e-06
1.781e-06
3.53599e-06
1.40682e-06
3.58921e-06
1.04199e-06
3.63155e-06
6.8404e-07
3.66318e-06
3.30899e-07
3.67739e-06
3.0771e-06
5.46936e-05
6.85815e-05
5.6811e-05
5.91004e-05
5.68157e-05
4.93961e-05
5.50653e-05
4.02175e-05
5.20903e-05
3.20681e-05
4.83997e-05
2.51666e-05
4.43942e-05
1.95266e-05
4.03565e-05
1.50453e-05
3.64671e-05
1.15657e-05
3.28324e-05
8.91814e-06
2.95006e-05
6.93976e-06
2.64866e-05
5.48908e-06
2.37823e-05
4.44695e-06
2.13676e-05
3.71712e-06
1.9217e-05
3.22353e-06
1.73031e-05
2.90676e-06
1.55988e-05
2.72101e-06
1.40789e-05
2.63123e-06
1.27205e-05
2.6108e-06
1.15029e-05
2.63955e-06
1.04079e-05
2.70227e-06
9.41972e-06
2.78756e-06
8.52441e-06
2.88689e-06
7.70991e-06
2.99393e-06
6.9657e-06
3.10398e-06
6.28263e-06
3.21359e-06
5.65269e-06
3.32025e-06
5.0689e-06
3.42217e-06
4.52514e-06
3.51807e-06
4.01601e-06
3.60708e-06
3.53673e-06
3.68861e-06
3.08304e-06
3.76227e-06
2.65112e-06
3.82786e-06
2.23753e-06
3.88525e-06
1.83912e-06
3.93441e-06
1.45301e-06
3.97534e-06
1.07648e-06
4.00808e-06
7.07003e-07
4.03265e-06
3.42466e-07
4.0419e-06
3.41955e-06
4.79113e-05
6.51019e-05
4.98426e-05
5.7169e-05
5.01904e-05
4.90484e-05
4.91616e-05
4.12463e-05
4.70931e-05
3.41366e-05
4.4338e-05
2.79217e-05
4.12013e-05
2.26633e-05
3.79187e-05
1.83279e-05
3.46571e-05
1.48273e-05
3.1526e-05
1.20493e-05
2.8589e-05
9.87677e-06
2.58778e-05
8.20028e-06
2.34019e-05
6.9228e-06
2.1157e-05
5.96201e-06
1.91306e-05
5.24993e-06
1.73059e-05
4.73146e-06
1.56643e-05
4.36254e-06
1.41872e-05
4.10833e-06
1.28566e-05
3.94143e-06
1.16557e-05
3.84042e-06
1.05694e-05
3.78863e-06
9.5838e-06
3.77311e-06
8.68679e-06
3.78388e-06
7.8675e-06
3.81321e-06
7.11634e-06
3.85514e-06
6.42482e-06
3.90511e-06
5.78546e-06
3.95962e-06
5.19163e-06
4.016e-06
4.63748e-06
4.07223e-06
4.11779e-06
4.12678e-06
3.62791e-06
4.17849e-06
3.16366e-06
4.22652e-06
2.72129e-06
4.27023e-06
2.29737e-06
4.30917e-06
1.88878e-06
4.34301e-06
1.49261e-06
4.37153e-06
1.10614e-06
4.39456e-06
7.26801e-07
4.41198e-06
3.52485e-07
4.41619e-06
3.77202e-06
4.20905e-05
6.21358e-05
4.38731e-05
5.53864e-05
4.444e-05
4.84815e-05
4.39136e-05
4.17728e-05
4.25113e-05
3.55387e-05
4.04792e-05
2.99538e-05
3.80463e-05
2.50962e-05
3.54033e-05
2.0971e-05
3.2696e-05
1.75346e-05
3.00287e-05
1.47166e-05
2.74699e-05
1.24356e-05
2.50608e-05
1.06094e-05
2.28224e-05
9.16122e-06
2.07616e-05
8.0228e-06
1.88762e-05
7.13535e-06
1.71581e-05
6.4495e-06
1.55962e-05
5.92444e-06
1.41777e-05
5.52687e-06
1.28893e-05
5.22981e-06
1.17181e-05
5.0116e-06
1.06519e-05
4.8549e-06
9.67902e-06
4.74592e-06
8.7892e-06
4.67368e-06
7.97291e-06
4.62949e-06
7.22159e-06
4.60645e-06
6.52758e-06
4.59912e-06
5.884e-06
4.60319e-06
5.28472e-06
4.61529e-06
4.72421e-06
4.63275e-06
4.19753e-06
4.65347e-06
3.70022e-06
4.67581e-06
3.22826e-06
4.69849e-06
2.77799e-06
4.7205e-06
2.34607e-06
4.74109e-06
1.92943e-06
4.75967e-06
1.52518e-06
4.77579e-06
1.13063e-06
4.78912e-06
7.43221e-07
4.79938e-06
3.6085e-07
4.79853e-06
4.13285e-06
3.70173e-05
5.95468e-05
3.86808e-05
5.3723e-05
3.9391e-05
4.77713e-05
3.92215e-05
4.19422e-05
3.83153e-05
3.64449e-05
3.68447e-05
3.14244e-05
3.49807e-05
2.69603e-05
3.28747e-05
2.3077e-05
3.06504e-05
1.97589e-05
2.84018e-05
1.69651e-05
2.61965e-05
1.46409e-05
2.40796e-05
1.27263e-05
2.20788e-05
1.11621e-05
2.02086e-05
9.89297e-06
1.84744e-05
8.86955e-06
1.68751e-05
8.04879e-06
1.54056e-05
7.39397e-06
1.40582e-05
6.87424e-06
1.28241e-05
6.46395e-06
1.16937e-05
6.14197e-06
1.06577e-05
5.89097e-06
9.70672e-06
5.69684e-06
8.83226e-06
5.54812e-06
8.02622e-06
5.4355e-06
7.28121e-06
5.35145e-06
6.59042e-06
5.28988e-06
5.94771e-06
5.2459e-06
5.34747e-06
5.21555e-06
4.7846e-06
5.19563e-06
4.2545e-06
5.18359e-06
3.75297e-06
5.17735e-06
3.27618e-06
5.17528e-06
2.82064e-06
5.17605e-06
2.38312e-06
5.17862e-06
1.96064e-06
5.18217e-06
1.55038e-06
5.18606e-06
1.14971e-06
5.1898e-06
7.56087e-07
5.19299e-06
3.67474e-07
5.18712e-06
4.50031e-06
3.25359e-05
5.72401e-05
3.41041e-05
5.21547e-05
3.49107e-05
4.69647e-05
3.50004e-05
4.18524e-05
3.44686e-05
3.69768e-05
3.34371e-05
3.2456e-05
3.20334e-05
2.8364e-05
3.03767e-05
2.47336e-05
2.85694e-05
2.15663e-05
2.66939e-05
1.88406e-05
2.48132e-05
1.65216e-05
2.29727e-05
1.45668e-05
2.12033e-05
1.29315e-05
1.95242e-05
1.1572e-05
1.7946e-05
1.04477e-05
1.6473e-05
9.52182e-06
1.51048e-05
8.76218e-06
1.38382e-05
8.14092e-06
1.26678e-05
7.63431e-06
1.15875e-05
7.22231e-06
1.05903e-05
6.88815e-06
9.66922e-06
6.61786e-06
8.81745e-06
6.39987e-06
8.02833e-06
6.2246e-06
7.29561e-06
6.08414e-06
6.61346e-06
5.97203e-06
5.97645e-06
5.88291e-06
5.3796e-06
5.81242e-06
4.81829e-06
5.75696e-06
4.28829e-06
5.7136e-06
3.78571e-06
5.67993e-06
3.30699e-06
5.654e-06
2.84883e-06
5.63422e-06
2.40815e-06
5.61931e-06
1.98209e-06
5.60825e-06
1.56795e-06
5.60023e-06
1.16316e-06
5.59461e-06
7.65266e-07
5.59087e-06
3.7229e-07
5.58007e-06
4.87259e-06
2.85307e-05
5.51479e-05
3.00232e-05
5.06621e-05
3.08968e-05
4.60911e-05
3.11789e-05
4.15704e-05
3.09339e-05
3.72217e-05
3.02488e-05
3.31412e-05
2.92191e-05
2.93937e-05
2.79378e-05
2.60149e-05
2.64888e-05
2.30153e-05
2.49427e-05
2.03867e-05
2.33563e-05
1.8108e-05
2.1773e-05
1.61501e-05
2.02245e-05
1.44801e-05
1.87324e-05
1.3064e-05
1.73109e-05
1.18692e-05
1.59679e-05
1.08649e-05
1.47067e-05
1.00234e-05
1.35274e-05
9.32017e-06
1.24281e-05
8.73363e-06
1.14052e-05
8.24528e-06
1.0454e-05
7.83927e-06
9.56972e-06
7.50214e-06
8.74705e-06
7.22251e-06
7.98079e-06
6.99083e-06
7.26585e-06
6.79907e-06
6.59731e-06
6.64055e-06
5.97057e-06
6.50967e-06
5.38124e-06
6.40178e-06
4.82524e-06
6.31299e-06
4.29876e-06
6.24009e-06
3.79827e-06
6.18042e-06
3.32048e-06
6.13178e-06
2.86233e-06
6.09237e-06
2.42094e-06
6.06072e-06
1.99359e-06
6.03562e-06
1.57772e-06
6.01613e-06
1.17086e-06
6.00148e-06
7.70666e-07
5.99106e-06
3.75253e-07
5.97546e-06
5.24783e-06
2.49145e-05
5.32204e-05
2.63474e-05
4.92292e-05
2.72696e-05
4.5169e-05
2.76978e-05
4.11422e-05
2.76761e-05
3.72435e-05
2.72672e-05
3.35501e-05
2.65428e-05
3.01182e-05
2.55756e-05
2.69821e-05
2.44337e-05
2.41573e-05
2.31768e-05
2.16437e-05
2.18549e-05
1.94299e-05
2.05082e-05
1.74968e-05
1.91674e-05
1.58208e-05
1.78553e-05
1.43761e-05
1.65878e-05
1.31367e-05
1.53753e-05
1.20774e-05
1.42239e-05
1.11749e-05
1.31364e-05
1.04077e-05
1.21133e-05
9.75675e-06
1.11533e-05
9.20527e-06
1.02539e-05
8.73858e-06
9.41206e-06
8.34397e-06
8.624e-06
8.01055e-06
7.8858e-06
7.72899e-06
7.1935e-06
7.49136e-06
6.54313e-06
7.29093e-06
5.93083e-06
7.12199e-06
5.35289e-06
6.97975e-06
4.80576e-06
6.86014e-06
4.28608e-06
6.75978e-06
3.79069e-06
6.6758e-06
3.31663e-06
6.60584e-06
2.86109e-06
6.54792e-06
2.4214e-06
6.50043e-06
1.99505e-06
6.46201e-06
1.5796e-06
6.43161e-06
1.17274e-06
6.40836e-06
7.72239e-07
6.39156e-06
3.76336e-07
6.37135e-06
5.62416e-06
2.16204e-05
5.14196e-05
2.30074e-05
4.78422e-05
2.39669e-05
4.42096e-05
2.45087e-05
4.06004e-05
2.46637e-05
3.70885e-05
2.44773e-05
3.37364e-05
2.40039e-05
3.05916e-05
2.33003e-05
2.76857e-05
2.24216e-05
2.50361e-05
2.14177e-05
2.26476e-05
2.03322e-05
2.05154e-05
1.92011e-05
1.86278e-05
1.80537e-05
1.69682e-05
1.69123e-05
1.55175e-05
1.57938e-05
1.42553e-05
1.471e-05
1.31613e-05
1.36689e-05
1.2216e-05
1.26753e-05
1.14013e-05
1.17317e-05
1.07004e-05
1.08386e-05
1.00983e-05
9.99552e-06
9.58168e-06
9.20065e-06
9.13883e-06
8.45172e-06
8.75946e-06
7.74604e-06
8.43466e-06
7.08065e-06
8.15675e-06
6.45248e-06
7.91911e-06
5.85843e-06
7.71607e-06
5.29542e-06
7.54278e-06
4.76047e-06
7.39511e-06
4.25068e-06
7.26957e-06
3.76328e-06
7.16319e-06
3.29564e-06
7.07348e-06
2.84522e-06
6.99835e-06
2.40961e-06
6.93607e-06
1.98649e-06
6.88518e-06
1.5736e-06
6.84453e-06
1.16879e-06
6.81318e-06
7.6998e-07
6.79037e-06
3.75538e-07
6.76578e-06
5.99969e-06
1.85969e-05
4.97158e-05
1.99495e-05
4.64897e-05
2.09392e-05
4.32199e-05
2.15718e-05
3.99678e-05
2.18689e-05
3.67914e-05
2.18641e-05
3.37413e-05
2.15986e-05
3.0857e-05
2.11172e-05
2.81672e-05
2.04643e-05
2.56891e-05
1.96815e-05
2.34304e-05
1.88062e-05
2.13907e-05
1.78707e-05
1.95633e-05
1.69016e-05
1.79373e-05
1.59205e-05
1.64985e-05
1.49443e-05
1.52315e-05
1.39856e-05
1.412e-05
1.30535e-05
1.31481e-05
1.21542e-05
1.23005e-05
1.12918e-05
1.15628e-05
1.04684e-05
1.09217e-05
9.68462e-06
1.03654e-05
8.94022e-06
9.88321e-06
8.23409e-06
9.46557e-06
7.5646e-06
9.10414e-06
6.92975e-06
8.7916e-06
6.3273e-06
8.52157e-06
5.75487e-06
8.28852e-06
5.21002e-06
8.08765e-06
4.69029e-06
7.91486e-06
4.19326e-06
7.7666e-06
3.71656e-06
7.63989e-06
3.25789e-06
7.53216e-06
2.81502e-06
7.44125e-06
2.38577e-06
7.36535e-06
1.96806e-06
7.30294e-06
1.55982e-06
7.2528e-06
1.15909e-06
7.21394e-06
7.63928e-07
7.18554e-06
3.72874e-07
7.15683e-06
6.37256e-06
1.58036e-05
4.80854e-05
1.71317e-05
4.51616e-05
1.81476e-05
4.2204e-05
1.88546e-05
3.92608e-05
1.9268e-05
3.6378e-05
1.94131e-05
3.35963e-05
1.93214e-05
3.09488e-05
1.90282e-05
2.84604e-05
1.85694e-05
2.61478e-05
1.79798e-05
2.402e-05
1.72912e-05
2.20792e-05
1.6532e-05
2.03225e-05
1.57264e-05
1.87429e-05
1.48947e-05
1.73303e-05
1.40531e-05
1.60731e-05
1.32145e-05
1.49586e-05
1.23887e-05
1.39739e-05
1.15829e-05
1.31063e-05
1.08021e-05
1.23436e-05
1.00496e-05
1.16742e-05
9.3272e-06
1.10878e-05
8.63577e-06
1.05746e-05
7.97522e-06
1.01261e-05
7.34488e-06
9.73448e-06
6.74359e-06
9.3929e-06
6.16986e-06
9.09531e-06
5.62199e-06
8.8364e-06
5.09815e-06
8.61151e-06
4.59638e-06
8.41662e-06
4.11474e-06
8.24825e-06
3.65125e-06
8.10339e-06
3.20395e-06
7.97948e-06
2.7709e-06
7.87433e-06
2.35021e-06
7.78608e-06
1.94e-06
7.71319e-06
1.53845e-06
7.65439e-06
1.14375e-06
7.60865e-06
7.54163e-07
7.57513e-06
3.68385e-07
7.5426e-06
6.74094e-06
1.32091e-05
4.65096e-05
1.45213e-05
4.38494e-05
1.55612e-05
4.11641e-05
1.63307e-05
3.84913e-05
1.6841e-05
3.58676e-05
1.71112e-05
3.33261e-05
1.71659e-05
3.08941e-05
1.7033e-05
2.85933e-05
1.67418e-05
2.64391e-05
1.63211e-05
2.44407e-05
1.5798e-05
2.26022e-05
1.51975e-05
2.09231e-05
1.45411e-05
1.93992e-05
1.38475e-05
1.80238e-05
1.31323e-05
1.67883e-05
1.24081e-05
1.56828e-05
1.16849e-05
1.46971e-05
1.09705e-05
1.38208e-05
1.02705e-05
1.30435e-05
9.58918e-06
1.23555e-05
8.92925e-06
1.17477e-05
8.29241e-06
1.12114e-05
7.67946e-06
1.0739e-05
7.09052e-06
1.03234e-05
6.52518e-06
9.95824e-06
5.98266e-06
9.63784e-06
5.46186e-06
9.3572e-06
4.9615e-06
9.11187e-06
4.48014e-06
8.89798e-06
4.01626e-06
8.71214e-06
3.56827e-06
8.55141e-06
3.13455e-06
8.41324e-06
2.71347e-06
8.29546e-06
2.30339e-06
8.19621e-06
1.90268e-06
8.11394e-06
1.50974e-06
8.04736e-06
1.12297e-06
7.99544e-06
7.40804e-07
7.9573e-06
3.62129e-07
7.92127e-06
7.10306e-06
1.0789e-05
1.20927e-05
1.31554e-05
1.39787e-05
1.4571e-05
1.49469e-05
1.51259e-05
1.51304e-05
1.49842e-05
1.47114e-05
1.43352e-05
1.3877e-05
1.33562e-05
1.279e-05
1.21927e-05
1.15765e-05
1.09514e-05
1.03254e-05
9.70467e-06
9.09395e-06
8.49668e-06
7.91527e-06
7.3512e-06
6.80528e-06
6.27775e-06
5.76841e-06
5.27675e-06
4.80199e-06
4.34315e-06
3.89913e-06
3.4687e-06
3.05058e-06
2.64342e-06
2.24586e-06
1.85653e-06
1.47403e-06
1.09699e-06
7.24013e-07
3.54192e-07
)
;

boundaryField
{
    leftWall
    {
        type            calculated;
        value           nonuniform 0();
    }
    rightWall
    {
        type            calculated;
        value           uniform 0;
    }
    lowerWall
    {
        type            calculated;
        value           uniform 0;
    }
    atmosphere
    {
        type            calculated;
        value           nonuniform 0();
    }
    defaultFaces
    {
        type            empty;
        value           nonuniform 0();
    }
    procBoundary1to0
    {
        type            processor;
        value           nonuniform List<scalar> 
44
(
1.11596e-05
-3.59376e-05
-5.62245e-05
-5.8389e-05
-5.74404e-05
-6.11078e-05
-7.12885e-05
-8.16533e-05
-8.19713e-05
-7.1347e-05
-6.14768e-05
-5.45816e-05
-4.69162e-05
-3.78094e-05
-2.91425e-05
-2.13639e-05
-1.42233e-05
-1.00829e-05
-5.516e-06
1.04979e-07
0.000245051
-1.44074e-05
-1.727e-05
-2.09666e-05
-2.13376e-05
-1.83291e-05
-1.6093e-05
-1.72547e-05
-1.9826e-05
-2.1607e-05
-2.20868e-05
-2.16252e-05
-2.05899e-05
-1.91881e-05
-1.75419e-05
-1.57361e-05
-1.38307e-05
-1.18668e-05
-9.87127e-06
-7.8616e-06
-5.84944e-06
-3.84277e-06
-1.84905e-06
1.23216e-07
)
;
    }
    procBoundary1to3
    {
        type            processor;
        value           nonuniform List<scalar> 
45
(
5.22885e-05
4.77044e-05
4.59662e-05
4.41599e-05
4.22944e-05
4.4972e-05
4.25456e-05
4.01015e-05
3.7668e-05
3.52754e-05
3.29501e-05
3.0715e-05
2.85888e-05
2.65852e-05
2.47135e-05
2.29785e-05
2.13813e-05
1.992e-05
1.85902e-05
1.73856e-05
1.6299e-05
1.53222e-05
1.44468e-05
1.36642e-05
1.29662e-05
1.23449e-05
1.17928e-05
1.13031e-05
1.08693e-05
1.04858e-05
1.01472e-05
9.84885e-06
9.58664e-06
9.35686e-06
9.15624e-06
8.98194e-06
8.83149e-06
8.70274e-06
8.59388e-06
8.50336e-06
8.42992e-06
8.37252e-06
8.33026e-06
8.29106e-06
7.45721e-06
)
;
    }
}


// ************************************************************************* //
