/*--------------------------------*- C++ -*----------------------------------*\
| =========                 |                                                 |
| \\      /  F ield         | OpenFOAM: The Open Source CFD Toolbox           |
|  \\    /   O peration     | Version:  3.0.1                                 |
|   \\  /    A nd           | Web:      www.OpenFOAM.org                      |
|    \\/     M anipulation  |                                                 |
\*---------------------------------------------------------------------------*/
FoamFile
{
    version     2.0;
    format      ascii;
    class       volVectorField;
    location    "0.15";
    object      U;
}
// * * * * * * * * * * * * * * * * * * * * * * * * * * * * * * * * * * * * * //

dimensions      [0 1 -1 0 0 0 0];

internalField   nonuniform List<vector> 
1915
(
(-0.37313 -0.0688366 0)
(-0.172203 -0.382904 0)
(0.30342 0.264897 0)
(0.222331 -0.171184 0)
(0.648972 0.49447 0)
(0.35288 0.083574 0)
(0.714978 0.730857 0)
(0.383206 0.448863 0)
(0.690561 0.982838 0)
(0.365504 0.823378 0)
(0.709521 1.25108 0)
(0.367292 1.19462 0)
(0.813712 1.55009 0)
(0.400819 1.5968 0)
(0.9244 1.89913 0)
(0.430113 2.05505 0)
(0.929654 2.2887 0)
(0.424962 2.55514 0)
(0.828668 2.66552 0)
(0.382308 3.04259 0)
(-0.0332822 0.0222425 0)
(-0.0911279 0.0193901 0)
(-0.138842 0.0161182 0)
(-0.176883 0.0122898 0)
(-0.203529 0.00831031 0)
(-0.219976 0.00477966 0)
(-0.227348 0.00172502 0)
(-0.227311 -0.000704199 0)
(-0.221693 -0.00249824 0)
(-0.212011 -0.00377337 0)
(-0.199628 -0.00456561 0)
(-0.185685 -0.00495548 0)
(-0.171048 -0.00509845 0)
(-0.156258 -0.00512582 0)
(-0.141698 -0.00504935 0)
(-0.12765 -0.0048865 0)
(-0.114368 -0.00461613 0)
(-0.101972 -0.00433228 0)
(-0.0905045 -0.00401216 0)
(-0.0800023 -0.00369022 0)
(-0.070449 -0.00336868 0)
(-0.0618158 -0.00307462 0)
(-0.0540742 -0.00276491 0)
(-0.0471493 -0.00250062 0)
(-0.0409722 -0.00225171 0)
(-0.0354923 -0.0020255 0)
(-0.0306374 -0.00181312 0)
(-0.0263454 -0.00162316 0)
(-0.0225733 -0.00145618 0)
(-0.0192538 -0.00129944 0)
(-0.0163078 -0.0011635 0)
(-0.0137305 -0.00106039 0)
(-0.0114826 -0.000951798 0)
(-0.0094777 -0.000862348 0)
(-0.00769596 -0.000795726 0)
(-0.00610012 -0.000731638 0)
(-0.00464583 -0.000682603 0)
(-0.00330401 -0.000651821 0)
(-0.00203123 -0.00064002 0)
(-0.000763258 -0.000637114 0)
(-0.0379406 0.068903 0)
(-0.10091 0.0584545 0)
(-0.149177 0.046947 0)
(-0.185006 0.0344944 0)
(-0.208126 0.0224367 0)
(-0.220983 0.0118892 0)
(-0.225395 0.00302138 0)
(-0.223191 -0.00391952 0)
(-0.215686 -0.00905343 0)
(-0.204387 -0.0126293 0)
(-0.190612 -0.0148697 0)
(-0.175321 -0.0160398 0)
(-0.159305 -0.0164204 0)
(-0.143286 -0.0162623 0)
(-0.127785 -0.015717 0)
(-0.11308 -0.0149188 0)
(-0.0994324 -0.0139414 0)
(-0.0869276 -0.0128801 0)
(-0.0755271 -0.0117782 0)
(-0.0652628 -0.0106871 0)
(-0.0560869 -0.00962904 0)
(-0.0479175 -0.00864476 0)
(-0.0407296 -0.00768845 0)
(-0.0344441 -0.00683194 0)
(-0.0289379 -0.00603908 0)
(-0.0241651 -0.00532077 0)
(-0.0200457 -0.0046686 0)
(-0.0165168 -0.00408437 0)
(-0.0135146 -0.00356192 0)
(-0.0109747 -0.0030971 0)
(-0.00883169 -0.00268688 0)
(-0.00704363 -0.00235348 0)
(-0.00557773 -0.00203421 0)
(-0.00437641 -0.00177403 0)
(-0.00338644 -0.00155936 0)
(-0.00257656 -0.00137891 0)
(-0.00191893 -0.00123772 0)
(-0.00137615 -0.00113794 0)
(-0.000893064 -0.00108345 0)
(-0.000458427 -0.00131304 0)
(-0.0409027 0.119911 0)
(-0.108693 0.100191 0)
(-0.159037 0.0784541 0)
(-0.195088 0.0560937 0)
(-0.21772 0.0355165 0)
(-0.229667 0.0178109 0)
(-0.232698 0.00326351 0)
(-0.228715 -0.00811328 0)
(-0.21957 -0.0164824 0)
(-0.206848 -0.0222237 0)
(-0.191919 -0.0257965 0)
(-0.175831 -0.0276664 0)
(-0.159369 -0.0282209 0)
(-0.143124 -0.0277974 0)
(-0.127516 -0.0266853 0)
(-0.112784 -0.0251409 0)
(-0.0991289 -0.0233924 0)
(-0.0866275 -0.0214735 0)
(-0.0752612 -0.0195401 0)
(-0.0650351 -0.0176297 0)
(-0.0559042 -0.0158064 0)
(-0.047776 -0.0140827 0)
(-0.0406262 -0.0124986 0)
(-0.0343758 -0.0110212 0)
(-0.0288984 -0.00967043 0)
(-0.0241541 -0.00845264 0)
(-0.0200574 -0.00735685 0)
(-0.0165407 -0.00637307 0)
(-0.0135514 -0.00549987 0)
(-0.0110214 -0.00472979 0)
(-0.00888647 -0.00405044 0)
(-0.00709682 -0.00346554 0)
(-0.0056273 -0.00295892 0)
(-0.00442541 -0.00252704 0)
(-0.00342978 -0.00216232 0)
(-0.00261604 -0.00186946 0)
(-0.00194895 -0.00163832 0)
(-0.00139645 -0.00146684 0)
(-0.000900432 -0.00135835 0)
(-0.000463826 -0.00175874 0)
(-0.0478535 0.177466 0)
(-0.126316 0.145898 0)
(-0.180005 0.111033 0)
(-0.214704 0.0771824 0)
(-0.234662 0.0473968 0)
(-0.243714 0.0222101 0)
(-0.243906 0.00182625 0)
(-0.237217 -0.0139324 0)
(-0.225588 -0.0253287 0)
(-0.210772 -0.0329868 0)
(-0.194157 -0.0375938 0)
(-0.176777 -0.039815 0)
(-0.159389 -0.0402442 0)
(-0.142513 -0.0394049 0)
(-0.126491 -0.0376854 0)
(-0.111534 -0.0353827 0)
(-0.0977607 -0.0328067 0)
(-0.0852181 -0.0300372 0)
(-0.0738802 -0.0272666 0)
(-0.0637195 -0.0245345 0)
(-0.0546778 -0.0219489 0)
(-0.0466611 -0.0195028 0)
(-0.0396165 -0.0172718 0)
(-0.0334538 -0.0151884 0)
(-0.0280811 -0.0132917 0)
(-0.0234328 -0.0115863 0)
(-0.0194189 -0.0100491 0)
(-0.0159849 -0.00866543 0)
(-0.0130697 -0.0074538 0)
(-0.0106023 -0.00637505 0)
(-0.00852543 -0.00542706 0)
(-0.006795 -0.00460264 0)
(-0.00537315 -0.00390601 0)
(-0.00420864 -0.0033004 0)
(-0.00325423 -0.00279499 0)
(-0.0024767 -0.00238417 0)
(-0.0018433 -0.0020623 0)
(-0.00132243 -0.00182133 0)
(-0.000853238 -0.00167128 0)
(-0.000445001 -0.00224591 0)
(-0.0605339 0.246306 0)
(-0.157417 0.198165 0)
(-0.213703 0.14484 0)
(-0.24335 0.0965931 0)
(-0.257947 0.0568527 0)
(-0.262597 0.0241022 0)
(-0.258752 -0.00211435 0)
(-0.248293 -0.0220108 0)
(-0.233303 -0.0361177 0)
(-0.215679 -0.0453292 0)
(-0.196836 -0.0506316 0)
(-0.177755 -0.0529362 0)
(-0.159125 -0.0529985 0)
(-0.141387 -0.051518 0)
(-0.124782 -0.0490142 0)
(-0.109485 -0.0457956 0)
(-0.0955385 -0.0422906 0)
(-0.0829298 -0.0386243 0)
(-0.0716148 -0.0349425 0)
(-0.0615365 -0.0313929 0)
(-0.0526196 -0.0280104 0)
(-0.044747 -0.0248488 0)
(-0.0378538 -0.0219419 0)
(-0.0318346 -0.0192566 0)
(-0.0266161 -0.0168287 0)
(-0.0221151 -0.0146332 0)
(-0.0182324 -0.0126536 0)
(-0.0149308 -0.0108969 0)
(-0.0121411 -0.00933812 0)
(-0.0097805 -0.00795859 0)
(-0.0078077 -0.00674382 0)
(-0.00617791 -0.00569778 0)
(-0.00484485 -0.00479784 0)
(-0.00375964 -0.00402829 0)
(-0.00288325 -0.00338331 0)
(-0.00218073 -0.00285977 0)
(-0.00161509 -0.00244893 0)
(-0.00116031 -0.00213955 0)
(-0.000756773 -0.00194965 0)
(-0.000411963 -0.00269889 0)
(-0.0833945 0.33909 0)
(-0.207962 0.260956 0)
(-0.263196 0.177219 0)
(-0.283299 0.110571 0)
(-0.28872 0.0615923 0)
(-0.286435 0.0222033 0)
(-0.277054 -0.00937144 0)
(-0.261717 -0.0330792 0)
(-0.242432 -0.0494586 0)
(-0.221264 -0.059719 0)
(-0.199669 -0.0652218 0)
(-0.178522 -0.0671858 0)
(-0.158409 -0.0665805 0)
(-0.139684 -0.0641583 0)
(-0.122412 -0.0606383 0)
(-0.10673 -0.0564312 0)
(-0.0926339 -0.0518565 0)
(-0.0799621 -0.0472169 0)
(-0.0687062 -0.0425564 0)
(-0.0587584 -0.0381661 0)
(-0.049994 -0.0339633 0)
(-0.0423171 -0.0300774 0)
(-0.0356136 -0.0264899 0)
(-0.0297931 -0.0232057 0)
(-0.0247709 -0.0202416 0)
(-0.0204432 -0.0175577 0)
(-0.0167429 -0.0151539 0)
(-0.01361 -0.0130264 0)
(-0.0109647 -0.0111263 0)
(-0.00874341 -0.00944982 0)
(-0.0069052 -0.00798319 0)
(-0.0054002 -0.00671554 0)
(-0.00417638 -0.00561986 0)
(-0.00319451 -0.00468952 0)
(-0.00241634 -0.00390799 0)
(-0.00180656 -0.00327591 0)
(-0.00132662 -0.00277722 0)
(-0.000957375 -0.00240909 0)
(-0.000637094 -0.00217746 0)
(-0.000371736 -0.00310267 0)
(-0.122703 0.456443 0)
(-0.274662 0.327578 0)
(-0.3204 0.200479 0)
(-0.332741 0.113877 0)
(-0.327659 0.058378 0)
(-0.315908 0.0146763 0)
(-0.298782 -0.0210348 0)
(-0.277107 -0.0478777 0)
(-0.252538 -0.0659218 0)
(-0.227115 -0.0765829 0)
(-0.20229 -0.0816761 0)
(-0.178806 -0.0827654 0)
(-0.157013 -0.0810447 0)
(-0.13717 -0.0774526 0)
(-0.119275 -0.0726292 0)
(-0.103214 -0.0672396 0)
(-0.0889488 -0.0614974 0)
(-0.0762744 -0.0557361 0)
(-0.0651323 -0.0501294 0)
(-0.0553793 -0.0447885 0)
(-0.0468201 -0.039779 0)
(-0.0393864 -0.0351399 0)
(-0.032923 -0.0308773 0)
(-0.027349 -0.027008 0)
(-0.02256 -0.0234963 0)
(-0.0184596 -0.0203424 0)
(-0.0149753 -0.0175297 0)
(-0.0120347 -0.0150229 0)
(-0.00956833 -0.0127956 0)
(-0.00751862 -0.0108391 0)
(-0.00583932 -0.0091241 0)
(-0.00447602 -0.00764007 0)
(-0.00338544 -0.0063547 0)
(-0.00252616 -0.00526986 0)
(-0.00186436 -0.00436133 0)
(-0.00136543 -0.00362205 0)
(-0.000989888 -0.00304049 0)
(-0.00071925 -0.00261394 0)
(-0.000495708 -0.00234161 0)
(-0.000326446 -0.00344033 0)
(-0.162383 0.642615 0)
(-0.33917 0.400861 0)
(-0.371413 0.220981 0)
(-0.385012 0.112717 0)
(-0.372585 0.0485288 0)
(-0.351354 8.57595e-05 0)
(-0.324158 -0.0385401 0)
(-0.2941 -0.0673179 0)
(-0.263043 -0.0860874 0)
(-0.232696 -0.0962993 0)
(-0.204251 -0.10025 0)
(-0.178187 -0.0998483 0)
(-0.154684 -0.0964721 0)
(-0.133713 -0.091358 0)
(-0.115136 -0.0850135 0)
(-0.0987865 -0.0781686 0)
(-0.0844152 -0.0711483 0)
(-0.0718345 -0.0641902 0)
(-0.0608741 -0.057561 0)
(-0.0513505 -0.0512444 0)
(-0.0430851 -0.0453994 0)
(-0.0359413 -0.0399962 0)
(-0.0297873 -0.0350701 0)
(-0.0245036 -0.0306085 0)
(-0.0199925 -0.0265854 0)
(-0.0161645 -0.0229646 0)
(-0.0129274 -0.0197365 0)
(-0.0102134 -0.0168714 0)
(-0.00796201 -0.0143309 0)
(-0.00610761 -0.0121102 0)
(-0.00460806 -0.010147 0)
(-0.0034111 -0.00845452 0)
(-0.00247356 -0.00700019 0)
(-0.00176207 -0.00576067 0)
(-0.00123193 -0.00472904 0)
(-0.000856893 -0.00388756 0)
(-0.000601563 -0.00322685 0)
(-0.000444772 -0.00273903 0)
(-0.000332146 -0.00243101 0)
(-0.000272563 -0.00370146 0)
(-0.271022 0.822762 0)
(-0.431504 0.449512 0)
(-0.434008 0.255467 0)
(-0.448668 0.112558 0)
(-0.424692 0.0348806 0)
(-0.392491 -0.0219848 0)
(-0.352686 -0.0635497 0)
(-0.312119 -0.0927411 0)
(-0.273246 -0.110675 0)
(-0.237342 -0.119215 0)
(-0.205025 -0.121062 0)
(-0.176267 -0.118441 0)
(-0.151042 -0.112997 0)
(-0.129038 -0.105837 0)
(-0.109879 -0.0976706 0)
(-0.093319 -0.0892237 0)
(-0.0789648 -0.0807521 0)
(-0.0665626 -0.0725427 0)
(-0.0558747 -0.0647659 0)
(-0.0466779 -0.0574893 0)
(-0.0387696 -0.0507697 0)
(-0.031991 -0.0446217 0)
(-0.0262 -0.0390236 0)
(-0.0212712 -0.0339802 0)
(-0.0170832 -0.0294571 0)
(-0.0135514 -0.0253787 0)
(-0.0106074 -0.0217614 0)
(-0.00815879 -0.0185535 0)
(-0.00615368 -0.0157196 0)
(-0.00451728 -0.0132214 0)
(-0.00321629 -0.011044 0)
(-0.00221768 -0.00914845 0)
(-0.0014517 -0.00753126 0)
(-0.000895475 -0.00614895 0)
(-0.000519149 -0.00500148 0)
(-0.000286316 -0.00406039 0)
(-0.000164554 -0.00332415 0)
(-0.000135913 -0.00277967 0)
(-0.000148737 -0.00244521 0)
(-0.00021217 -0.00388442 0)
(-0.266192 1.22651 0)
(-0.666117 0.505374 0)
(-0.523697 0.273694 0)
(-0.545603 0.101206 0)
(-0.487921 0.00933946 0)
(-0.437779 -0.0543573 0)
(-0.382208 -0.0977303 0)
(-0.329663 -0.125269 0)
(-0.282102 -0.140316 0)
(-0.240205 -0.145623 0)
(-0.203931 -0.144234 0)
(-0.172637 -0.138541 0)
(-0.145807 -0.130421 0)
(-0.122834 -0.120788 0)
(-0.1033 -0.110588 0)
(-0.0867159 -0.100286 0)
(-0.0725028 -0.0902412 0)
(-0.0604105 -0.0806731 0)
(-0.0501111 -0.0717251 0)
(-0.041339 -0.0634451 0)
(-0.0338776 -0.055857 0)
(-0.0275337 -0.0489503 0)
(-0.0221682 -0.0427094 0)
(-0.0176527 -0.0370956 0)
(-0.0138313 -0.0320614 0)
(-0.0106509 -0.0275735 0)
(-0.00803632 -0.0235792 0)
(-0.00588269 -0.0200403 0)
(-0.0041392 -0.0169228 0)
(-0.00275479 -0.0141704 0)
(-0.00168679 -0.0117888 0)
(-0.000891075 -0.00970757 0)
(-0.0003213 -0.00792721 0)
(5.35564e-05 -0.00641601 0)
(0.000267404 -0.00515817 0)
(0.000347549 -0.00412821 0)
(0.000318393 -0.00332289 0)
(0.000199532 -0.00273315 0)
(5.24262e-05 -0.00236001 0)
(-0.000141052 -0.00397461 0)
(0.746228 2.95357 0)
(0.396759 3.3704 0)
(0.698047 3.13022 0)
(0.387732 3.46498 0)
(0.651502 3.2462 0)
(0.370294 3.50954 0)
(0.561788 3.34988 0)
(0.363142 3.55766 0)
(0.474731 3.38763 0)
(0.371819 3.59019 0)
(0.387215 3.34958 0)
(0.387784 3.59218 0)
(0.312929 3.23319 0)
(0.397483 3.55939 0)
(0.245336 3.05044 0)
(0.392363 3.49555 0)
(0.167791 2.89663 0)
(0.371328 3.37811 0)
(0.0851082 2.73988 0)
(0.330423 3.18021 0)
(0.300398 2.98638 0)
(0.331162 2.80218 0)
(0.44115 2.57021 0)
(0.46814 2.2228 0)
(0.378576 1.86315 0)
(0.284654 1.60629 0)
(0.264749 1.4562 0)
(0.287112 1.34965 0)
(0.305197 1.25181 0)
(0.305495 1.15942 0)
(0.293038 1.07614 0)
(0.273887 1.00283 0)
(0.251218 0.938616 0)
(0.22665 0.882302 0)
(0.201194 0.832733 0)
(0.175523 0.788854 0)
(0.150065 0.749732 0)
(0.125076 0.714551 0)
(0.1007 0.682602 0)
(0.0770139 0.653272 0)
(0.0540622 0.626029 0)
(0.0318716 0.600404 0)
(0.0104819 0.576001 0)
(0.329355 2.00555 0)
(-3.77143 -1.04287 0)
(-0.645555 0.220526 0)
(-1.69432 0.858268 0)
(0.387677 3.01096 0)
(-1.31841 -0.763998 0)
(-2.01828 -0.395853 0)
(-1.82076 0.4259 0)
(0.388692 3.30956 0)
(-0.259199 1.04952 0)
(-1.89619 -0.176416 0)
(-1.52976 0.235198 0)
(0.382932 3.43336 0)
(0.148222 1.9689 0)
(-1.32029 0.291934 0)
(-1.46878 0.430646 0)
(0.382393 3.49762 0)
(0.308296 2.36696 0)
(-0.886639 1.01701 0)
(-1.53749 0.710314 0)
(0.406913 3.55376 0)
(0.336503 2.73575 0)
(-0.707624 1.8705 0)
(-1.5716 1.13539 0)
(0.447044 3.5954 0)
(0.378941 3.22778 0)
(-0.365288 2.73814 0)
(-1.34456 1.63486 0)
(0.478353 3.59486 0)
(0.453849 3.50586 0)
(0.145095 3.2896 0)
(-0.630556 2.33097 0)
(0.487762 3.54922 0)
(0.571655 3.58527 0)
(0.481897 3.5003 0)
(0.201326 2.96681 0)
(0.480675 3.44451 0)
(0.674072 3.52018 0)
(0.817314 3.5381 0)
(0.734438 3.23587 0)
(0.491683 3.24111 0)
(0.717835 3.34461 0)
(1.1145 3.35012 0)
(1.43906 3.0013 0)
(0.573479 3.05309 0)
(0.82289 3.00978 0)
(1.27781 2.99418 0)
(1.76164 2.85058 0)
(0.723261 2.80988 0)
(1.04519 2.70856 0)
(1.42523 2.47119 0)
(1.85592 2.51043 0)
(0.869343 2.4648 0)
(1.26329 2.36633 0)
(1.6073 2.13048 0)
(1.88692 2.08115 0)
(0.783929 2.05462 0)
(1.16891 2.03839 0)
(1.45007 1.94559 0)
(1.67455 1.89856 0)
(0.566906 1.72563 0)
(0.86328 1.75917 0)
(1.11121 1.74597 0)
(1.35646 1.68675 0)
(0.436858 1.51047 0)
(0.644458 1.53505 0)
(0.863633 1.51943 0)
(1.11042 1.43353 0)
(0.411992 1.36443 0)
(0.566349 1.35966 0)
(0.746766 1.31969 0)
(0.94895 1.22046 0)
(0.414278 1.24533 0)
(0.539412 1.21968 0)
(0.680801 1.16457 0)
(0.829131 1.06748 0)
(0.403176 1.14111 0)
(0.507665 1.10543 0)
(0.618066 1.04611 0)
(0.726531 0.957344 0)
(0.378234 1.05117 0)
(0.465453 1.0117 0)
(0.553222 0.953677 0)
(0.635712 0.874556 0)
(0.347143 0.974358 0)
(0.419972 0.934186 0)
(0.491043 0.879658 0)
(0.556059 0.809851 0)
(0.314155 0.908663 0)
(0.375342 0.869402 0)
(0.433806 0.8191 0)
(0.486422 0.757636 0)
(0.280959 0.852137 0)
(0.332842 0.814633 0)
(0.381687 0.76863 0)
(0.425245 0.714372 0)
(0.24836 0.803109 0)
(0.292827 0.767745 0)
(0.334283 0.725811 0)
(0.371106 0.677688 0)
(0.216811 0.760189 0)
(0.255364 0.727071 0)
(0.291102 0.688849 0)
(0.322835 0.645927 0)
(0.186538 0.722233 0)
(0.220371 0.691313 0)
(0.251649 0.65641 0)
(0.279482 0.617902 0)
(0.157625 0.688298 0)
(0.187688 0.659453 0)
(0.215465 0.627493 0)
(0.240279 0.592744 0)
(0.130071 0.657607 0)
(0.157127 0.630685 0)
(0.182148 0.601327 0)
(0.204607 0.569804 0)
(0.103834 0.629513 0)
(0.128501 0.604363 0)
(0.15135 0.577312 0)
(0.171967 0.548579 0)
(0.0788564 0.603475 0)
(0.101639 0.579962 0)
(0.122782 0.554972 0)
(0.141961 0.528679 0)
(0.0550843 0.579036 0)
(0.0763972 0.557049 0)
(0.0962098 0.533921 0)
(0.114269 0.509787 0)
(0.0324816 0.555807 0)
(0.052663 0.535267 0)
(0.0714468 0.513845 0)
(0.088646 0.491649 0)
(-1.05106 1.22032 0)
(-1.0683 0.397099 0)
(-0.684168 0.231034 0)
(-0.658969 0.063344 0)
(-0.559574 -0.0378775 0)
(-0.483309 -0.10174 0)
(-0.409582 -0.142844 0)
(-0.344404 -0.165888 0)
(-0.288236 -0.175576 0)
(-0.240398 -0.175835 0)
(-0.200239 -0.169888 0)
(-0.1666 -0.16023 0)
(-0.138455 -0.148724 0)
(-0.114883 -0.136272 0)
(-0.0952019 -0.123671 0)
(-0.0787334 -0.111321 0)
(-0.0648935 -0.0995722 0)
(-0.0532707 -0.0885668 0)
(-0.0435017 -0.0784012 0)
(-0.0352769 -0.0690957 0)
(-0.028352 -0.060624 0)
(-0.0225395 -0.0529787 0)
(-0.0176759 -0.046107 0)
(-0.0136132 -0.0399355 0)
(-0.0102335 -0.0344203 0)
(-0.00744844 -0.0295293 0)
(-0.00518626 -0.0251769 0)
(-0.00336764 -0.0213227 0)
(-0.00192784 -0.0179314 0)
(-0.000820714 -0.0149588 0)
(-2.4036e-06 -0.0123688 0)
(0.000563806 -0.0101244 0)
(0.000919671 -0.00819091 0)
(0.00109991 -0.00655438 0)
(0.00112982 -0.00518788 0)
(0.00103681 -0.00407933 0)
(0.000841546 -0.00321061 0)
(0.000573048 -0.0025708 0)
(0.000279309 -0.00216186 0)
(-6.75753e-05 -0.00396083 0)
(-1.37412 0.667419 0)
(-1.10796 0.254663 0)
(-0.891727 0.119748 0)
(-0.752396 -0.012053 0)
(-0.631452 -0.108238 0)
(-0.525238 -0.166575 0)
(-0.432813 -0.20004 0)
(-0.354614 -0.214879 0)
(-0.28995 -0.216572 0)
(-0.236626 -0.209787 0)
(-0.193038 -0.197843 0)
(-0.157557 -0.183427 0)
(-0.128587 -0.167879 0)
(-0.104737 -0.152164 0)
(-0.0852344 -0.13671 0)
(-0.069242 -0.122222 0)
(-0.0559922 -0.108606 0)
(-0.0450405 -0.096143 0)
(-0.0359698 -0.084699 0)
(-0.0284227 -0.0743882 0)
(-0.0221649 -0.0650094 0)
(-0.0169815 -0.0566588 0)
(-0.0126855 -0.0491629 0)
(-0.00915466 -0.0424665 0)
(-0.00626275 -0.0365008 0)
(-0.00392697 -0.0312092 0)
(-0.0020657 -0.0265246 0)
(-0.000610419 -0.0223838 0)
(0.000492271 -0.0187402 0)
(0.00129415 -0.0155516 0)
(0.00183262 -0.0127723 0)
(0.00215094 -0.0103694 0)
(0.0022787 -0.00830017 0)
(0.00224102 -0.0065498 0)
(0.0020707 -0.00508926 0)
(0.00178853 -0.0039024 0)
(0.00141821 -0.00297314 0)
(0.000980276 -0.00228208 0)
(0.000519985 -0.00185388 0)
(1.25582e-05 -0.00383467 0)
(-1.41659 0.285493 0)
(-1.18352 0.125921 0)
(-1.01897 -4.94187e-05 0)
(-0.846134 -0.119878 0)
(-0.693806 -0.202268 0)
(-0.560832 -0.248993 0)
(-0.449203 -0.269275 0)
(-0.358303 -0.271866 0)
(-0.285647 -0.262811 0)
(-0.227535 -0.247059 0)
(-0.181471 -0.227831 0)
(-0.144947 -0.207619 0)
(-0.1157 -0.187372 0)
(-0.0921093 -0.167874 0)
(-0.0732734 -0.149561 0)
(-0.0581293 -0.132716 0)
(-0.0457594 -0.117131 0)
(-0.0357199 -0.103206 0)
(-0.0275245 -0.0904634 0)
(-0.0208119 -0.0791463 0)
(-0.0153228 -0.0689728 0)
(-0.0108919 -0.0598895 0)
(-0.00724175 -0.0518122 0)
(-0.0043023 -0.0446184 0)
(-0.00195424 -0.0382337 0)
(-0.000109945 -0.0325794 0)
(0.00130678 -0.0275802 0)
(0.00236028 -0.0231801 0)
(0.00310022 -0.0193086 0)
(0.00357195 -0.0159237 0)
(0.00381261 -0.0129753 0)
(0.0038566 -0.0104227 0)
(0.00373252 -0.00823775 0)
(0.00346504 -0.00638476 0)
(0.00308032 -0.0048411 0)
(0.00259631 -0.00358762 0)
(0.00203609 -0.00260081 0)
(0.00141608 -0.00187236 0)
(0.000779067 -0.00141997 0)
(9.90017e-05 -0.00359006 0)
(-1.5885 0.220572 0)
(-1.41053 -0.0167424 0)
(-1.16984 -0.151735 0)
(-0.940313 -0.255435 0)
(-0.748242 -0.322565 0)
(-0.585964 -0.349958 0)
(-0.455233 -0.350945 0)
(-0.352683 -0.336651 0)
(-0.273334 -0.313678 0)
(-0.211851 -0.286889 0)
(-0.164483 -0.259194 0)
(-0.127972 -0.232077 0)
(-0.0993661 -0.206643 0)
(-0.0768484 -0.183115 0)
(-0.0592463 -0.161775 0)
(-0.0452487 -0.142483 0)
(-0.0341419 -0.125009 0)
(-0.0252856 -0.10954 0)
(-0.0181376 -0.095618 0)
(-0.0124908 -0.0832907 0)
(-0.00788463 -0.0723796 0)
(-0.00425247 -0.0626358 0)
(-0.00135575 -0.0539932 0)
(0.000921675 -0.0463399 0)
(0.00267262 -0.0395734 0)
(0.00398127 -0.033598 0)
(0.00491281 -0.0283193 0)
(0.00553175 -0.0236869 0)
(0.00588133 -0.0196188 0)
(0.0059984 -0.0160572 0)
(0.00591929 -0.0129623 0)
(0.00567113 -0.010284 0)
(0.00527967 -0.00799175 0)
(0.00476589 -0.00604695 0)
(0.00415037 -0.00443107 0)
(0.00345466 -0.00311659 0)
(0.00269434 -0.00208259 0)
(0.0018784 -0.00132027 0)
(0.00105081 -0.000846906 0)
(0.000187686 -0.00320594 0)
(-1.78893 0.216018 0)
(-1.6821 -0.200798 0)
(-1.36673 -0.382135 0)
(-1.03633 -0.44389 0)
(-0.788134 -0.473643 0)
(-0.594392 -0.471065 0)
(-0.445949 -0.444877 0)
(-0.33418 -0.408168 0)
(-0.250644 -0.367844 0)
(-0.188136 -0.327799 0)
(-0.141248 -0.290479 0)
(-0.106087 -0.256024 0)
(-0.0793431 -0.225053 0)
(-0.0586997 -0.197448 0)
(-0.0429655 -0.172852 0)
(-0.0306793 -0.151128 0)
(-0.0211428 -0.131979 0)
(-0.0137476 -0.11495 0)
(-0.00789219 -0.100028 0)
(-0.00342601 -0.0867522 0)
(0.000133774 -0.075077 0)
(0.00287068 -0.0647583 0)
(0.00495894 -0.0556326 0)
(0.006496 -0.0475841 0)
(0.00758932 -0.0404768 0)
(0.00832064 -0.034226 0)
(0.0087325 -0.0287287 0)
(0.00887994 -0.0238801 0)
(0.00881826 -0.0196388 0)
(0.00856147 -0.0159299 0)
(0.00814075 -0.0127105 0)
(0.0075837 -0.00992724 0)
(0.00691029 -0.00754421 0)
(0.00613603 -0.00552134 0)
(0.00527901 -0.00384598 0)
(0.00435889 -0.00247783 0)
(0.00338473 -0.00140666 0)
(0.00236518 -0.000615596 0)
(0.00134062 -0.000124339 0)
(0.00028441 -0.00267174 0)
(-1.87056 0.323563 0)
(-1.88194 -0.398908 0)
(-1.5572 -0.701589 0)
(-1.12648 -0.711156 0)
(-0.80199 -0.663221 0)
(-0.577863 -0.611039 0)
(-0.415409 -0.548264 0)
(-0.298998 -0.483683 0)
(-0.215278 -0.422877 0)
(-0.154988 -0.368069 0)
(-0.111178 -0.320208 0)
(-0.0790651 -0.278337 0)
(-0.0554293 -0.241797 0)
(-0.0376066 -0.210044 0)
(-0.0243722 -0.18254 0)
(-0.0144471 -0.158474 0)
(-0.00686083 -0.137682 0)
(-0.00118125 -0.119321 0)
(0.00314274 -0.103413 0)
(0.0063465 -0.089344 0)
(0.00872459 -0.0770265 0)
(0.0104355 -0.066184 0)
(0.0116202 -0.056662 0)
(0.0123748 -0.0482892 0)
(0.0127692 -0.0409217 0)
(0.0128625 -0.0344233 0)
(0.0127353 -0.0287378 0)
(0.0124057 -0.0237288 0)
(0.0118944 -0.0193454 0)
(0.0112393 -0.015526 0)
(0.0104607 -0.0122035 0)
(0.00958053 -0.00933798 0)
(0.00861435 -0.00688372 0)
(0.0075655 -0.00481339 0)
(0.00645491 -0.00307593 0)
(0.0053022 -0.00166662 0)
(0.00410531 -0.000563298 0)
(0.00287314 0.000250966 0)
(0.00164289 0.000755577 0)
(0.000385162 -0.00198812 0)
(-1.68055 0.476148 0)
(-1.85212 -0.51646 0)
(-1.62246 -1.05277 0)
(-1.16765 -1.05491 0)
(-0.771944 -0.895732 0)
(-0.524131 -0.765265 0)
(-0.357497 -0.655747 0)
(-0.243663 -0.558788 0)
(-0.16544 -0.475158 0)
(-0.111538 -0.405502 0)
(-0.0738251 -0.34694 0)
(-0.0468685 -0.297617 0)
(-0.0276051 -0.255895 0)
(-0.0137233 -0.220401 0)
(-0.00377815 -0.190277 0)
(0.00343441 -0.164218 0)
(0.00864694 -0.141881 0)
(0.0123403 -0.122448 0)
(0.0149367 -0.105615 0)
(0.0166766 -0.090926 0)
(0.0177833 -0.0781053 0)
(0.0183944 -0.0668765 0)
(0.0186032 -0.0570413 0)
(0.0185001 -0.0484037 0)
(0.0181659 -0.0408354 0)
(0.0176162 -0.0341821 0)
(0.016893 -0.0283224 0)
(0.0160477 -0.0232069 0)
(0.0150792 -0.018726 0)
(0.0140137 -0.0148201 0)
(0.0128655 -0.0114278 0)
(0.0116463 -0.00849931 0)
(0.0103662 -0.0059949 0)
(0.00904514 -0.00388053 0)
(0.00768372 -0.00210659 0)
(0.00627946 -0.000668706 0)
(0.00485102 0.000457414 0)
(0.00339864 0.00128845 0)
(0.00195544 0.00180203 0)
(0.000489316 -0.00114127 0)
(-1.1176 0.821989 0)
(-1.43682 -0.4965 0)
(-1.44344 -1.32517 0)
(-1.08408 -1.42204 0)
(-0.675298 -1.15762 0)
(-0.419935 -0.924175 0)
(-0.266203 -0.758105 0)
(-0.165565 -0.626837 0)
(-0.100467 -0.520867 0)
(-0.0580778 -0.436975 0)
(-0.0291765 -0.368593 0)
(-0.00959263 -0.312635 0)
(0.00364052 -0.266379 0)
(0.0126724 -0.227834 0)
(0.0187172 -0.195379 0)
(0.0226973 -0.167789 0)
(0.0252129 -0.144264 0)
(0.0266806 -0.124022 0)
(0.0273695 -0.106553 0)
(0.0274972 -0.0914083 0)
(0.0272203 -0.0782287 0)
(0.0266395 -0.0667392 0)
(0.0258342 -0.0566966 0)
(0.0248476 -0.0478973 0)
(0.023717 -0.0401787 0)
(0.0224966 -0.0334306 0)
(0.0211869 -0.0274942 0)
(0.0197967 -0.022299 0)
(0.0183548 -0.0177601 0)
(0.0168621 -0.0137947 0)
(0.0153314 -0.0103671 0)
(0.0137678 -0.00739843 0)
(0.0121749 -0.00486495 0)
(0.0105635 -0.00271234 0)
(0.00893182 -0.000928446 0)
(0.00728009 0.000524623 0)
(0.00561566 0.00166392 0)
(0.00393765 0.00250491 0)
(0.00227602 0.003023 0)
(0.0005962 -0.000123271 0)
(-0.306329 1.32396 0)
(-0.662045 -0.244073 0)
(-0.9549 -1.4218 0)
(-0.810033 -1.72343 0)
(-0.486248 -1.40715 0)
(-0.257015 -1.06972 0)
(-0.138279 -0.843101 0)
(-0.0650507 -0.679828 0)
(-0.0211429 -0.555577 0)
(0.00491943 -0.458973 0)
(0.0217072 -0.3828 0)
(0.0319041 -0.321891 0)
(0.037886 -0.272297 0)
(0.0411865 -0.231494 0)
(0.0427014 -0.197493 0)
(0.04303 -0.168889 0)
(0.0425679 -0.144622 0)
(0.0415787 -0.123899 0)
(0.0402311 -0.106092 0)
(0.0386523 -0.0906984 0)
(0.036929 -0.077341 0)
(0.0351105 -0.0657241 0)
(0.0332346 -0.0555822 0)
(0.0313296 -0.0467189 0)
(0.0294048 -0.0389533 0)
(0.0274723 -0.0321477 0)
(0.0255437 -0.0262004 0)
(0.0236136 -0.0209875 0)
(0.0216906 -0.0164334 0)
(0.0197621 -0.0124707 0)
(0.0178399 -0.00901534 0)
(0.0159261 -0.00604394 0)
(0.014012 -0.00349036 0)
(0.0121083 -0.00133169 0)
(0.0102031 0.000461726 0)
(0.00829772 0.00191995 0)
(0.00639336 0.00306321 0)
(0.00448595 0.00390722 0)
(0.00260216 0.00442523 0)
(0.000705032 0.00107255 0)
(0.55014 1.86939 0)
(0.250384 0.141722 0)
(-0.215927 -1.28675 0)
(-0.322402 -1.87607 0)
(-0.187066 -1.58345 0)
(-0.0380947 -1.17644 0)
(0.0235189 -0.896567 0)
(0.0542712 -0.708894 0)
(0.0695209 -0.57246 0)
(0.0755638 -0.468189 0)
(0.0772305 -0.387602 0)
(0.0763957 -0.323993 0)
(0.0741104 -0.272781 0)
(0.0710578 -0.230944 0)
(0.0676236 -0.196316 0)
(0.0640261 -0.16733 0)
(0.0603991 -0.142845 0)
(0.0568256 -0.121995 0)
(0.053355 -0.104124 0)
(0.0500081 -0.0887175 0)
(0.0467804 -0.0753841 0)
(0.043686 -0.063785 0)
(0.0407278 -0.0536768 0)
(0.0378821 -0.0448469 0)
(0.035141 -0.0371179 0)
(0.0324969 -0.0303558 0)
(0.0299398 -0.0244346 0)
(0.0274584 -0.0192548 0)
(0.0250369 -0.0147268 0)
(0.0226834 -0.0107883 0)
(0.0203757 -0.00735352 0)
(0.0181051 -0.00439799 0)
(0.015875 -0.00185785 0)
(0.0136673 0.000287712 0)
(0.0114861 0.0020725 0)
(0.0093242 0.00352345 0)
(0.0071778 0.00466103 0)
(0.00503907 0.00550092 0)
(0.00293122 0.00601412 0)
(0.000814959 0.00245166 0)
(1.45554 1.79057 0)
(1.12478 0.399514 0)
(0.623424 -1.02008 0)
(0.331651 -1.82747 0)
(0.211716 -1.62526 0)
(0.220682 -1.20505 0)
(0.208966 -0.902699 0)
(0.185749 -0.706427 0)
(0.166406 -0.567057 0)
(0.149457 -0.462276 0)
(0.134756 -0.381629 0)
(0.122112 -0.3182 0)
(0.111101 -0.26732 0)
(0.101419 -0.225832 0)
(0.0928527 -0.191555 0)
(0.0852096 -0.16291 0)
(0.0783468 -0.138745 0)
(0.0721503 -0.118182 0)
(0.0665151 -0.100576 0)
(0.0613605 -0.0854158 0)
(0.056635 -0.0722959 0)
(0.0522728 -0.0608866 0)
(0.0482119 -0.0509469 0)
(0.0444286 -0.042267 0)
(0.0408705 -0.0346766 0)
(0.0375095 -0.0280142 0)
(0.0343305 -0.0221929 0)
(0.0312993 -0.0170927 0)
(0.0283949 -0.0126347 0)
(0.0256019 -0.00874141 0)
(0.022902 -0.00537261 0)
(0.0202804 -0.00245442 0)
(0.0177251 3.75806e-05 0)
(0.0152236 0.00214974 0)
(0.0127684 0.00390897 0)
(0.0103505 0.00533968 0)
(0.00796226 0.00646164 0)
(0.00559231 0.00729014 0)
(0.00326042 0.00779372 0)
(0.000925075 0.0040182 0)
(1.94811 2.14242 0)
(1.82058 1.00104 0)
(1.42722 -0.631611 0)
(1.03203 -1.58618 0)
(0.658888 -1.4961 0)
(0.491214 -1.12695 0)
(0.393288 -0.851069 0)
(0.316134 -0.668851 0)
(0.261884 -0.538792 0)
(0.222022 -0.440613 0)
(0.191283 -0.364493 0)
(0.167049 -0.304254 0)
(0.147464 -0.25573 0)
(0.131288 -0.216024 0)
(0.117681 -0.183125 0)
(0.106063 -0.155579 0)
(0.0960205 -0.132283 0)
(0.0872359 -0.112436 0)
(0.079471 -0.0954352 0)
(0.072557 -0.0807695 0)
(0.0663456 -0.0680599 0)
(0.0607198 -0.0570173 0)
(0.0555884 -0.0473835 0)
(0.0508711 -0.0389611 0)
(0.0465219 -0.0315956 0)
(0.0424672 -0.0251394 0)
(0.0386644 -0.0194655 0)
(0.0350957 -0.014501 0)
(0.0317111 -0.0101585 0)
(0.0284882 -0.00637054 0)
(0.0254021 -0.00308096 0)
(0.0224313 -0.000238733 0)
(0.0195573 0.00219452 0)
(0.0167643 0.00425592 0)
(0.0140385 0.00597372 0)
(0.0113674 0.00737133 0)
(0.0087397 0.00846767 0)
(0.00614074 0.00927746 0)
(0.00358686 0.00976658 0)
(0.00103444 0.00577486 0)
(2.10238 2.08658 0)
(2.18773 1.11085 0)
(2.0762 -0.351612 0)
(1.58778 -1.23258 0)
(1.02967 -1.21469 0)
(0.721823 -0.953531 0)
(0.551061 -0.745966 0)
(0.431108 -0.599129 0)
(0.347966 -0.489364 0)
(0.288443 -0.404245 0)
(0.243709 -0.336809 0)
(0.209161 -0.282538 0)
(0.181808 -0.238251 0)
(0.15966 -0.201665 0)
(0.141375 -0.171117 0)
(0.126046 -0.145379 0)
(0.113017 -0.123509 0)
(0.101775 -0.104819 0)
(0.0919839 -0.0887174 0)
(0.0833869 -0.0747984 0)
(0.0757535 -0.0627181 0)
(0.0689213 -0.0521913 0)
(0.0627551 -0.0429963 0)
(0.0571483 -0.0349356 0)
(0.0520087 -0.0278847 0)
(0.0472869 -0.0216968 0)
(0.0429077 -0.0162501 0)
(0.0388046 -0.0114765 0)
(0.0349527 -0.00729817 0)
(0.0313116 -0.00364911 0)
(0.0278497 -0.000476852 0)
(0.0245379 0.00226485 0)
(0.0213532 0.00461491 0)
(0.0182749 0.00660669 0)
(0.0152844 0.00826734 0)
(0.0123653 0.00961913 0)
(0.00950294 0.01068 0)
(0.00667935 0.0114638 0)
(0.00390759 0.0119336 0)
(0.00114208 0.00772285 0)
(2.10594 1.76127 0)
(2.28378 0.890561 0)
(2.25009 -0.189786 0)
(1.77336 -0.825318 0)
(1.21431 -0.865219 0)
(0.868238 -0.730333 0)
(0.662758 -0.606847 0)
(0.51967 -0.506235 0)
(0.418256 -0.423618 0)
(0.34475 -0.355936 0)
(0.289403 -0.300197 0)
(0.246638 -0.254025 0)
(0.212855 -0.215515 0)
(0.18562 -0.183168 0)
(0.16327 -0.155804 0)
(0.144648 -0.132499 0)
(0.128909 -0.112542 0)
(0.11546 -0.0953652 0)
(0.103835 -0.0804793 0)
(0.0936668 -0.0675563 0)
(0.0847088 -0.0562883 0)
(0.0767448 -0.0464425 0)
(0.0696142 -0.0378117 0)
(0.0631575 -0.0302454 0)
(0.0572887 -0.0235732 0)
(0.0519321 -0.0177023 0)
(0.0469807 -0.0125542 0)
(0.0423814 -0.00802693 0)
(0.0380829 -0.00405657 0)
(0.0340421 -0.000584195 0)
(0.0302181 0.00243772 0)
(0.0265786 0.00505272 0)
(0.0230946 0.00729671 0)
(0.0197406 0.00920014 0)
(0.016494 0.0107883 0)
(0.0133347 0.0120818 0)
(0.0102447 0.0130975 0)
(0.00720304 0.0138483 0)
(0.0042196 0.0142942 0)
(0.00124702 0.00986171 0)
(1.91931 1.5464 0)
(2.13404 0.779658 0)
(2.06244 -0.0067305 0)
(1.66603 -0.44122 0)
(1.23252 -0.538683 0)
(0.928287 -0.510072 0)
(0.725299 -0.458297 0)
(0.578068 -0.402103 0)
(0.469549 -0.348048 0)
(0.388558 -0.299475 0)
(0.32657 -0.256957 0)
(0.278136 -0.22016 0)
(0.2396 -0.188456 0)
(0.208411 -0.161157 0)
(0.182778 -0.137615 0)
(0.161421 -0.117256 0)
(0.143397 -0.0996009 0)
(0.128019 -0.0842359 0)
(0.114757 -0.0708435 0)
(0.103207 -0.0591236 0)
(0.0930597 -0.0488434 0)
(0.0840717 -0.0398104 0)
(0.0760407 -0.0318584 0)
(0.0688315 -0.0248603 0)
(0.0623043 -0.0186615 0)
(0.0563338 -0.0132078 0)
(0.0508534 -0.00839967 0)
(0.0457846 -0.00416672 0)
(0.0410674 -0.000445317 0)
(0.036648 0.00281359 0)
(0.0324825 0.00565546 0)
(0.0285322 0.00811839 0)
(0.0247634 0.0102347 0)
(0.0211466 0.0120319 0)
(0.0176553 0.0135327 0)
(0.0142659 0.0147561 0)
(0.0109577 0.0157174 0)
(0.00770675 0.0164284 0)
(0.0045199 0.0168459 0)
(0.00134828 0.0121893 0)
(1.64063 1.36209 0)
(1.82833 0.782047 0)
(1.74987 0.220194 0)
(1.47422 -0.132255 0)
(1.17133 -0.278452 0)
(0.928865 -0.318277 0)
(0.747688 -0.317187 0)
(0.608778 -0.297186 0)
(0.501841 -0.268985 0)
(0.419198 -0.238833 0)
(0.354408 -0.209638 0)
(0.302894 -0.182614 0)
(0.261384 -0.158192 0)
(0.227485 -0.136406 0)
(0.199453 -0.117089 0)
(0.176001 -0.100026 0)
(0.156162 -0.084973 0)
(0.139209 -0.0716922 0)
(0.124585 -0.0599764 0)
(0.111855 -0.0496212 0)
(0.100683 -0.040469 0)
(0.0907992 -0.0323647 0)
(0.0819898 -0.0251931 0)
(0.074086 -0.0188253 0)
(0.0669412 -0.0132059 0)
(0.0604351 -0.00822088 0)
(0.054474 -0.00381142 0)
(0.0489754 8.46716e-05 0)
(0.0438705 0.00351698 0)
(0.0391015 0.00653098 0)
(0.0346183 0.00916505 0)
(0.0303779 0.0114522 0)
(0.0263423 0.0134208 0)
(0.0224783 0.0150948 0)
(0.0187563 0.0164945 0)
(0.0151497 0.0176366 0)
(0.0116349 0.0185348 0)
(0.00818551 0.0191996 0)
(0.00480556 0.0195843 0)
(0.00144491 0.0147019 0)
(1.36682 1.16768 0)
(1.50652 0.751784 0)
(1.45898 0.35047 0)
(1.28456 0.0701106 0)
(1.07766 -0.0856403 0)
(0.892864 -0.160304 0)
(0.740538 -0.191699 0)
(0.616805 -0.198449 0)
(0.517207 -0.191394 0)
(0.437333 -0.177468 0)
(0.372958 -0.160651 0)
(0.320701 -0.143069 0)
(0.277906 -0.125904 0)
(0.242533 -0.109741 0)
(0.213012 -0.0948299 0)
(0.188136 -0.0812507 0)
(0.166985 -0.0689827 0)
(0.148844 -0.0579441 0)
(0.133157 -0.04805 0)
(0.119479 -0.0391942 0)
(0.107462 -0.0312785 0)
(0.096827 -0.0242083 0)
(0.0873513 -0.0178974 0)
(0.0788491 -0.0122691 0)
(0.0711695 -0.00725175 0)
(0.0641897 -0.00278652 0)
(0.0578003 0.00118134 0)
(0.0519155 0.00469941 0)
(0.0464615 0.00781019 0)
(0.0413752 0.0105503 0)
(0.0366023 0.0129514 0)
(0.0320958 0.0150413 0)
(0.0278145 0.0168438 0)
(0.0237219 0.0183793 0)
(0.0197858 0.0196651 0)
(0.0159769 0.0207157 0)
(0.0122694 0.0215428 0)
(0.00863451 0.0221555 0)
(0.00507374 0.0225036 0)
(0.00153597 0.0173937 0)
(1.14011 1.01239 0)
(1.24137 0.717681 0)
(1.22134 0.427681 0)
(1.11545 0.201735 0)
(0.975668 0.0539448 0)
(0.837392 -0.034662 0)
(0.713954 -0.0846411 0)
(0.607877 -0.109595 0)
(0.518637 -0.118626 0)
(0.444428 -0.118049 0)
(0.382891 -0.11203 0)
(0.331805 -0.103034 0)
(0.289198 -0.0927102 0)
(0.253472 -0.0819984 0)
(0.223316 -0.0714573 0)
(0.197678 -0.0613952 0)
(0.175728 -0.051976 0)
(0.156798 -0.0432641 0)
(0.140353 -0.0352789 0)
(0.125969 -0.0280058 0)
(0.113303 -0.0214053 0)
(0.102074 -0.0154384 0)
(0.0920543 -0.0100498 0)
(0.0830639 -0.0052037 0)
(0.0749409 -0.000847374 0)
(0.0675514 0.00305384 0)
(0.0607925 0.00654063 0)
(0.0545719 0.00964844 0)
(0.0488113 0.0124088 0)
(0.0434441 0.0148497 0)
(0.0384128 0.0169961 0)
(0.0336674 0.0188698 0)
(0.0291642 0.02049 0)
(0.0248643 0.0218734 0)
(0.020733 0.023034 0)
(0.0167391 0.0239838 0)
(0.0128547 0.0247326 0)
(0.00904921 0.0252879 0)
(0.00532172 0.0255956 0)
(0.00162057 0.0202573 0)
(0.962311 0.904413 0)
(1.03662 0.688072 0)
(1.03296 0.470568 0)
(0.969482 0.288393 0)
(0.875322 0.154553 0)
(0.773346 0.0633838 0)
(0.67554 0.00419795 0)
(0.586912 -0.032171 0)
(0.509239 -0.052565 0)
(0.442334 -0.0623959 0)
(0.385261 -0.0652239 0)
(0.33678 -0.0637423 0)
(0.29553 -0.0596008 0)
(0.260408 -0.0539576 0)
(0.230386 -0.0475716 0)
(0.204597 -0.0409239 0)
(0.182329 -0.0343152 0)
(0.162991 -0.0279352 0)
(0.146098 -0.0218877 0)
(0.131257 -0.0162305 0)
(0.118139 -0.010985 0)
(0.106481 -0.00615796 0)
(0.0960566 -0.00173693 0)
(0.0866798 0.00229261 0)
(0.0781985 0.00594516 0)
(0.0704805 0.00924895 0)
(0.0634171 0.0122255 0)
(0.0569149 0.0148966 0)
(0.050894 0.017283 0)
(0.0452855 0.0194039 0)
(0.0400302 0.0212772 0)
(0.035076 0.0229188 0)
(0.0303773 0.024343 0)
(0.0258934 0.0255625 0)
(0.0215881 0.0265881 0)
(0.0174284 0.0274291 0)
(0.0133849 0.0280933 0)
(0.00942537 0.0285866 0)
(0.00554701 0.0288508 0)
(0.00169789 0.0232836 0)
(0.821314 0.826373 0)
(0.877746 0.660812 0)
(0.882761 0.492568 0)
(0.845245 0.344367 0)
(0.781736 0.226589 0)
(0.707048 0.138899 0)
(0.630787 0.0763977 0)
(0.558268 0.0336518 0)
(0.491996 0.00568737 0)
(0.433004 -0.0116943 0)
(0.381297 -0.0215063 0)
(0.336289 -0.0262066 0)
(0.297334 -0.0273928 0)
(0.263598 -0.0262772 0)
(0.234354 -0.0237082 0)
(0.208946 -0.0202676 0)
(0.186797 -0.0163527 0)
(0.167409 -0.0122362 0)
(0.150362 -0.00809471 0)
(0.135303 -0.0040458 0)
(0.121933 -0.000163537 0)
(0.110004 0.00350821 0)
(0.0993051 0.00694007 0)
(0.0896585 0.0101248 0)
(0.080915 0.0130577 0)
(0.0729471 0.0157435 0)
(0.0656463 0.0181894 0)
(0.0589197 0.0204046 0)
(0.0526874 0.0223992 0)
(0.0468801 0.0241842 0)
(0.0414375 0.02577 0)
(0.0363067 0.0271668 0)
(0.031441 0.0283839 0)
(0.0267986 0.0294299 0)
(0.0223422 0.0303124 0)
(0.0180377 0.031038 0)
(0.0138545 0.0316124 0)
(0.00975913 0.0320397 0)
(0.0057473 0.0322578 0)
(0.00176716 0.0264618 0)
(0.706681 0.766999 0)
(0.751415 0.636117 0)
(0.760851 0.502472 0)
(0.739423 0.380379 0)
(0.696705 0.277804 0)
(0.642297 0.196435 0)
(0.583433 0.134451 0)
(0.524838 0.0887807 0)
(0.469287 0.0561104 0)
(0.418245 0.0335484 0)
(0.37227 0.0184444 0)
(0.331351 0.00888966 0)
(0.295212 0.00328769 0)
(0.263402 0.00049684 0)
(0.235441 -0.000329212 0)
(0.210855 0.00018767 0)
(0.189202 0.0015956 0)
(0.170084 0.00357042 0)
(0.15315 0.00588197 0)
(0.138098 0.00836687 0)
(0.124663 0.0109097 0)
(0.112622 0.0134325 0)
(0.101782 0.01588 0)
(0.0919768 0.0182173 0)
(0.0830661 0.0204213 0)
(0.0749283 0.0224786 0)
(0.0674586 0.0243823 0)
(0.0605666 0.0261297 0)
(0.0541738 0.0277212 0)
(0.0482117 0.0291592 0)
(0.0426204 0.0304474 0)
(0.037347 0.03159 0)
(0.0323445 0.0325917 0)
(0.0275707 0.0334569 0)
(0.0229877 0.0341901 0)
(0.0185608 0.0347951 0)
(0.0142586 0.0352754 0)
(0.0100471 0.0356337 0)
(0.00592057 0.0358034 0)
(0.00182772 0.0297794 0)
(0.61158 0.720068 0)
(0.648364 0.613829 0)
(0.660008 0.505103 0)
(0.648787 0.403186 0)
(0.620356 0.31404 0)
(0.580966 0.239909 0)
(0.535909 0.18053 0)
(0.489084 0.134355 0)
(0.443105 0.0993293 0)
(0.39957 0.0733693 0)
(0.359327 0.0545255 0)
(0.322711 0.0411859 0)
(0.289738 0.0320085 0)
(0.260234 0.0259459 0)
(0.233928 0.0221872 0)
(0.210511 0.0201111 0)
(0.189665 0.0192479 0)
(0.17109 0.0192451 0)
(0.154507 0.01984 0)
(0.139664 0.0208375 0)
(0.126338 0.0220931 0)
(0.114333 0.023501 0)
(0.103478 0.0249834 0)
(0.0936228 0.0264845 0)
(0.0846378 0.0279638 0)
(0.0764096 0.0293929 0)
(0.0688396 0.0307518 0)
(0.0618414 0.0320271 0)
(0.0553397 0.03321 0)
(0.049268 0.0342952 0)
(0.0435678 0.0352798 0)
(0.0381869 0.0361626 0)
(0.0330789 0.0369434 0)
(0.028202 0.037623 0)
(0.0235181 0.0382025 0)
(0.0189924 0.0386832 0)
(0.0145933 0.0390666 0)
(0.0102864 0.0393535 0)
(0.00606513 0.0394732 0)
(0.00187901 0.0332226 0)
(0.531343 0.681616 0)
(0.5625 0.593481 0)
(0.575188 0.50323 0)
(0.570587 0.417073 0)
(0.552108 0.339433 0)
(0.52386 0.272511 0)
(0.489659 0.216773 0)
(0.452596 0.171594 0)
(0.414947 0.135771 0)
(0.37826 0.107892 0)
(0.343494 0.0865414 0)
(0.311173 0.070443 0)
(0.281514 0.0584925 0)
(0.254537 0.0497755 0)
(0.230136 0.0435529 0)
(0.208141 0.0392367 0)
(0.188345 0.0363648 0)
(0.170536 0.0345777 0)
(0.154503 0.0335977 0)
(0.140047 0.0332106 0)
(0.126985 0.0332525 0)
(0.115152 0.0335981 0)
(0.1044 0.0341521 0)
(0.094597 0.034842 0)
(0.0856262 0.0356132 0)
(0.0773848 0.0364242 0)
(0.0697815 0.0372443 0)
(0.0627359 0.0380504 0)
(0.0561767 0.0388255 0)
(0.0500408 0.0395572 0)
(0.0442717 0.0402365 0)
(0.0388191 0.0408572 0)
(0.0336378 0.0414146 0)
(0.0286866 0.0419061 0)
(0.0239284 0.0423295 0)
(0.0193285 0.0426838 0)
(0.0148553 0.0429684 0)
(0.0104748 0.0431827 0)
(0.00617959 0.0432512 0)
(0.00192057 0.0367761 0)
(0.462625 0.649167 0)
(0.489671 0.574723 0)
(0.502779 0.498518 0)
(0.502562 0.424816 0)
(0.49112 0.356902 0)
(0.471183 0.296719 0)
(0.44549 0.245027 0)
(0.416432 0.201724 0)
(0.38591 0.166172 0)
(0.355324 0.137463 0)
(0.325634 0.114595 0)
(0.297446 0.0965979 0)
(0.271098 0.0825853 0)
(0.24674 0.0717878 0)
(0.224392 0.0635565 0)
(0.20399 0.0573557 0)
(0.185423 0.0527501 0)
(0.168554 0.0493896 0)
(0.153234 0.046995 0)
(0.139314 0.0453448 0)
(0.126651 0.0442643 0)
(0.11511 0.0436159 0)
(0.104568 0.0432921 0)
(0.0949106 0.0432082 0)
(0.0860373 0.0432984 0)
(0.0778557 0.0435111 0)
(0.0702836 0.0438063 0)
(0.0632473 0.0441528 0)
(0.056681 0.0445265 0)
(0.0505255 0.0449088 0)
(0.0447274 0.0452854 0)
(0.0392389 0.0456451 0)
(0.0340166 0.0459797 0)
(0.0290207 0.0462828 0)
(0.0242151 0.0465498 0)
(0.019566 0.0467772 0)
(0.0150424 0.0469624 0)
(0.0106106 0.0471035 0)
(0.00626294 0.0471203 0)
(0.00195207 0.0404236 0)
(0.402978 0.621104 0)
(0.426948 0.557266 0)
(0.44015 0.491975 0)
(0.442897 0.428237 0)
(0.436509 0.36851 0)
(0.422821 0.314426 0)
(0.403798 0.266818 0)
(0.381268 0.225861 0)
(0.356777 0.191279 0)
(0.33154 0.162521 0)
(0.306453 0.138904 0)
(0.282139 0.119708 0)
(0.258995 0.104243 0)
(0.237253 0.0918778 0)
(0.217018 0.0820606 0)
(0.198309 0.0743179 0)
(0.181091 0.0682525 0)
(0.165289 0.0635355 0)
(0.150808 0.0598969 0)
(0.137546 0.0571169 0)
(0.125395 0.0550176 0)
(0.11425 0.0534557 0)
(0.104011 0.0523161 0)
(0.0945855 0.0515061 0)
(0.0858855 0.0509518 0)
(0.0778316 0.0505939 0)
(0.0703513 0.0503852 0)
(0.0633786 0.0502879 0)
(0.0568535 0.0502721 0)
(0.0507217 0.0503137 0)
(0.0449337 0.0503938 0)
(0.0394446 0.0504972 0)
(0.0342132 0.0506121 0)
(0.0292021 0.0507291 0)
(0.0243763 0.0508412 0)
(0.0197033 0.0509426 0)
(0.015153 0.0510291 0)
(0.0106926 0.0510973 0)
(0.00631453 0.0510626 0)
(0.00197328 0.0441477 0)
(0.350594 0.596309 0)
(0.372217 0.540859 0)
(0.38535 0.484219 0)
(0.390145 0.428556 0)
(0.387446 0.375725 0)
(0.378501 0.327069 0)
(0.364725 0.283383 0)
(0.347508 0.244978 0)
(0.328086 0.211797 0)
(0.307487 0.183535 0)
(0.286513 0.159744 0)
(0.26576 0.139907 0)
(0.245647 0.123497 0)
(0.226446 0.110011 0)
(0.20832 0.0989891 0)
(0.191347 0.0900233 0)
(0.175546 0.0827613 0)
(0.160896 0.0769023 0)
(0.147348 0.0721932 0)
(0.134837 0.0684228 0)
(0.123289 0.0654164 0)
(0.112627 0.0630298 0)
(0.102773 0.0611447 0)
(0.0936522 0.0596643 0)
(0.0851934 0.0585095 0)
(0.0773289 0.0576156 0)
(0.0699963 0.0569302 0)
(0.0631376 0.0564104 0)
(0.0566995 0.0560216 0)
(0.0506328 0.0557354 0)
(0.0448924 0.0555289 0)
(0.0394369 0.0553837 0)
(0.034228 0.0552847 0)
(0.0292306 0.0552202 0)
(0.0244115 0.0551807 0)
(0.0197398 0.0551586 0)
(0.0151866 0.0551481 0)
(0.0107205 0.0551447 0)
(0.00633409 0.0550591 0)
(0.00198411 0.0479304 0)
(0.304116 0.573989 0)
(0.323924 0.525298 0)
(0.336916 0.475635 0)
(0.343156 0.426597 0)
(0.343194 0.379599 0)
(0.337887 0.335733 0)
(0.328262 0.295713 0)
(0.315371 0.2599 0)
(0.300195 0.228363 0)
(0.283588 0.200964 0)
(0.26625 0.177421 0)
(0.248727 0.157376 0)
(0.23143 0.140437 0)
(0.21465 0.126208 0)
(0.198579 0.114315 0)
(0.183336 0.104416 0)
(0.168981 0.0962024 0)
(0.155533 0.0894071 0)
(0.142979 0.0837982 0)
(0.131287 0.0791781 0)
(0.120412 0.0753795 0)
(0.110302 0.072262 0)
(0.1009 0.0697077 0)
(0.0921485 0.0676185 0)
(0.0839901 0.0659129 0)
(0.0763699 0.0645232 0)
(0.0692354 0.0633933 0)
(0.0625371 0.062477 0)
(0.0562283 0.0617359 0)
(0.0502656 0.0611384 0)
(0.0446085 0.0606586 0)
(0.0392194 0.0602752 0)
(0.0340634 0.0599707 0)
(0.0291077 0.0597311 0)
(0.0243217 0.059545 0)
(0.0196761 0.0594033 0)
(0.0151437 0.0592988 0)
(0.0106945 0.0592258 0)
(0.00632173 0.0590904 0)
(0.00198458 0.0517528 0)
(0.262508 0.553564 0)
(0.280899 0.510409 0)
(0.293729 0.466464 0)
(0.301015 0.422928 0)
(0.303117 0.380893 0)
(0.300634 0.341242 0)
(0.294312 0.304594 0)
(0.284953 0.271314 0)
(0.273331 0.241539 0)
(0.260146 0.215236 0)
(0.245997 0.192244 0)
(0.231374 0.172321 0)
(0.216662 0.155183 0)
(0.20215 0.140526 0)
(0.188047 0.128051 0)
(0.174494 0.117474 0)
(0.16158 0.108533 0)
(0.149352 0.100994 0)
(0.137827 0.0946486 0)
(0.127 0.0893165 0)
(0.11685 0.084841 0)
(0.107345 0.0810883 0)
(0.0984486 0.0779441 0)
(0.090118 0.0753116 0)
(0.0823103 0.0731092 0)
(0.074982 0.0712679 0)
(0.0680904 0.0697299 0)
(0.061594 0.0684466 0)
(0.0554532 0.0673774 0)
(0.0496303 0.0664884 0)
(0.0440898 0.0657513 0)
(0.0387981 0.0651427 0)
(0.0337238 0.0646432 0)
(0.028837 0.0642369 0)
(0.0241095 0.0639109 0)
(0.0195141 0.0636546 0)
(0.0150255 0.06346 0)
(0.0106155 0.0633201 0)
(0.00627791 0.0631366 0)
(0.00197484 0.0555959 0)
(0.22497 0.534599 0)
(0.242251 0.496045 0)
(0.254927 0.456856 0)
(0.262989 0.417944 0)
(0.266675 0.380162 0)
(0.266408 0.344221 0)
(0.262737 0.31065 0)
(0.256274 0.279789 0)
(0.247628 0.25181 0)
(0.237369 0.226743 0)
(0.226005 0.204509 0)
(0.213966 0.184955 0)
(0.201603 0.167878 0)
(0.189193 0.15305 0)
(0.176947 0.140236 0)
(0.165019 0.129204 0)
(0.153514 0.119736 0)
(0.142501 0.111629 0)
(0.132017 0.104701 0)
(0.12208 0.098789 0)
(0.112687 0.093749 0)
(0.103827 0.0894564 0)
(0.0954762 0.0858026 0)
(0.0876085 0.0826944 0)
(0.080193 0.0800516 0)
(0.0731968 0.0778058 0)
(0.0665866 0.0758989 0)
(0.0603288 0.0742813 0)
(0.0543905 0.0729111 0)
(0.0487401 0.0717529 0)
(0.0433467 0.0707769 0)
(0.0381813 0.0699582 0)
(0.0332158 0.069276 0)
(0.0284235 0.0687131 0)
(0.0237787 0.0682551 0)
(0.0192567 0.0678907 0)
(0.0148341 0.0676106 0)
(0.0104848 0.0674074 0)
(0.00620346 0.0671779 0)
(0.00195513 0.0594405 0)
(0.190877 0.516755 0)
(0.20729 0.482082 0)
(0.219835 0.446902 0)
(0.22849 0.411924 0)
(0.233413 0.377815 0)
(0.234908 0.34515 0)
(0.233382 0.314373 0)
(0.229304 0.285793 0)
(0.223154 0.25959 0)
(0.215396 0.235832 0)
(0.206456 0.214496 0)
(0.196707 0.195489 0)
(0.186463 0.178673 0)
(0.175983 0.163881 0)
(0.165472 0.150931 0)
(0.155085 0.139636 0)
(0.144939 0.129817 0)
(0.135115 0.121301 0)
(0.125667 0.113931 0)
(0.116628 0.107562 0)
(0.108011 0.102065 0)
(0.099819 0.0973254 0)
(0.0920439 0.0932415 0)
(0.0846709 0.0897253 0)
(0.0776802 0.0866997 0)
(0.0710491 0.0840984 0)
(0.0647527 0.0818637 0)
(0.0587649 0.0799464 0)
(0.0530596 0.0783043 0)
(0.0476106 0.0769012 0)
(0.0423922 0.0757067 0)
(0.0373793 0.0746949 0)
(0.0325477 0.073844 0)
(0.0278737 0.0731358 0)
(0.0233345 0.0725551 0)
(0.0189078 0.0720898 0)
(0.0145725 0.0717299 0)
(0.0103044 0.0714673 0)
(0.00609953 0.0711943 0)
(0.00192583 0.0632673 0)
(0.159741 0.499768 0)
(0.17548 0.468411 0)
(0.187923 0.436659 0)
(0.197045 0.405064 0)
(0.202952 0.374156 0)
(0.205864 0.344395 0)
(0.206089 0.316155 0)
(0.203985 0.289709 0)
(0.199935 0.265231 0)
(0.194316 0.242809 0)
(0.187483 0.222456 0)
(0.179756 0.204124 0)
(0.171414 0.187722 0)
(0.162693 0.17313 0)
(0.153786 0.160209 0)
(0.144847 0.148813 0)
(0.135996 0.138795 0)
(0.127322 0.130012 0)
(0.118889 0.122327 0)
(0.110741 0.115616 0)
(0.102905 0.109763 0)
(0.0953949 0.104665 0)
(0.0882136 0.100228 0)
(0.0813573 0.0963704 0)
(0.0748162 0.0930197 0)
(0.068576 0.0901121 0)
(0.0626197 0.0875919 0)
(0.0569284 0.085411 0)
(0.051482 0.0835274 0)
(0.0462598 0.0819055 0)
(0.0412408 0.0805143 0)
(0.0364042 0.0793276 0)
(0.0317292 0.0783232 0)
(0.0271955 0.0774822 0)
(0.0227831 0.0767891 0)
(0.0184722 0.0762309 0)
(0.0142441 0.0757975 0)
(0.0100769 0.0754801 0)
(0.00596758 0.0751666 0)
(0.00188741 0.0670576 0)
(0.131176 0.483423 0)
(0.146398 0.454941 0)
(0.158771 0.426157 0)
(0.168272 0.397508 0)
(0.174975 0.369412 0)
(0.179042 0.342243 0)
(0.180706 0.31631 0)
(0.180247 0.29185 0)
(0.17797 0.269029 0)
(0.174181 0.24794 0)
(0.169177 0.228619 0)
(0.163232 0.211049 0)
(0.156589 0.195174 0)
(0.149462 0.180909 0)
(0.14203 0.168153 0)
(0.13444 0.156791 0)
(0.126812 0.146705 0)
(0.119237 0.137777 0)
(0.111787 0.129892 0)
(0.104513 0.122942 0)
(0.0974515 0.116827 0)
(0.090625 0.111453 0)
(0.0840465 0.106737 0)
(0.0777207 0.102603 0)
(0.071646 0.0989838 0)
(0.0658159 0.0958189 0)
(0.0602204 0.0930556 0)
(0.0548469 0.0906475 0)
(0.0496811 0.088554 0)
(0.0447072 0.08674 0)
(0.039909 0.0851749 0)
(0.0352695 0.0838326 0)
(0.0307717 0.0826909 0)
(0.0263982 0.0817305 0)
(0.0221319 0.0809358 0)
(0.0179558 0.0802936 0)
(0.0138533 0.0797933 0)
(0.00980512 0.0794261 0)
(0.00580934 0.0790751 0)
(0.00184041 0.0707924 0)
(0.104882 0.467543 0)
(0.119709 0.441588 0)
(0.132045 0.415414 0)
(0.141863 0.389359 0)
(0.14922 0.363759 0)
(0.154237 0.338915 0)
(0.157095 0.315086 0)
(0.158015 0.292475 0)
(0.157239 0.271234 0)
(0.155019 0.251456 0)
(0.151603 0.23319 0)
(0.147224 0.216438 0)
(0.142095 0.201171 0)
(0.136406 0.187333 0)
(0.130321 0.174849 0)
(0.12398 0.163632 0)
(0.117496 0.153589 0)
(0.110964 0.144623 0)
(0.104456 0.136638 0)
(0.098029 0.129543 0)
(0.0917262 0.123251 0)
(0.0855773 0.117679 0)
(0.0796025 0.112753 0)
(0.0738133 0.108404 0)
(0.0682152 0.10457 0)
(0.0628082 0.101196 0)
(0.0575885 0.0982319 0)
(0.0525493 0.0956333 0)
(0.0476813 0.0933616 0)
(0.0429738 0.0913829 0)
(0.0384144 0.0896674 0)
(0.0339902 0.0881897 0)
(0.0296873 0.0869274 0)
(0.0254916 0.0858618 0)
(0.0213889 0.0849771 0)
(0.0173647 0.0842601 0)
(0.0134049 0.0837003 0)
(0.00949251 0.0832885 0)
(0.00562688 0.0829034 0)
(0.00178557 0.0744561 0)
)
;

boundaryField
{
    leftWall
    {
        type            fixedValue;
        value           nonuniform 0();
    }
    rightWall
    {
        type            fixedValue;
        value           uniform (0 0 0);
    }
    lowerWall
    {
        type            fixedValue;
        value           uniform (0 0 0);
    }
    atmosphere
    {
        type            pressureInletOutletVelocity;
        value           nonuniform 0();
    }
    defaultFaces
    {
        type            empty;
    }
    procBoundary1to0
    {
        type            processor;
        value           nonuniform List<vector> 
44
(
(0.0131197 0.12666 0)
(0.676205 0.377272 0)
(0.950376 0.573684 0)
(0.966991 0.730458 0)
(0.962309 0.898154 0)
(1.04361 1.10763 0)
(1.23155 1.34705 0)
(1.43156 1.59118 0)
(1.47813 1.88163 0)
(1.35168 2.28254 0)
(1.15275 2.73912 0)
(0.968845 3.09995 0)
(0.75596 3.31532 0)
(0.506705 3.39802 0)
(0.29984 3.30753 0)
(0.175521 3.14274 0)
(0.0992597 2.99994 0)
(0.0620798 2.83277 0)
(0.0136238 2.66832 0)
(-0.0703543 2.49926 0)
(0.11198 2.56424 0)
(0.11198 2.56424 0)
(0.157052 2.34154 0)
(0.140105 2.10722 0)
(0.10403 1.84336 0)
(0.0975541 1.63192 0)
(0.121923 1.50334 0)
(0.159296 1.41459 0)
(0.191213 1.33195 0)
(0.20955 1.24716 0)
(0.215224 1.16491 0)
(0.211859 1.08918 0)
(0.202279 1.02091 0)
(0.188347 0.959801 0)
(0.17143 0.905219 0)
(0.152558 0.856453 0)
(0.132482 0.812771 0)
(0.111727 0.773459 0)
(0.0906515 0.737848 0)
(0.069493 0.705323 0)
(0.0484187 0.675326 0)
(0.0275427 0.647342 0)
(0.00696993 0.620913 0)
(-0.0131694 0.595653 0)
)
;
    }
    procBoundary1to3
    {
        type            processor;
        value           nonuniform List<vector> 
45
(
(-0.0100381 0.552501 0)
(0.0110388 0.53348 0)
(0.0303583 0.514321 0)
(0.0483528 0.494489 0)
(0.0648977 0.474068 0)
(0.0806222 0.451989 0)
(0.0951598 0.428291 0)
(0.107481 0.404438 0)
(0.117567 0.380695 0)
(0.125469 0.35733 0)
(0.131277 0.33459 0)
(0.135133 0.312688 0)
(0.137212 0.2918 0)
(0.137711 0.272058 0)
(0.136839 0.253557 0)
(0.134802 0.236347 0)
(0.131798 0.220448 0)
(0.128014 0.205847 0)
(0.123618 0.19251 0)
(0.118758 0.180383 0)
(0.113564 0.169402 0)
(0.108145 0.159494 0)
(0.102593 0.150581 0)
(0.0969801 0.142584 0)
(0.0913675 0.135427 0)
(0.0858014 0.129035 0)
(0.0803167 0.123336 0)
(0.0749392 0.118264 0)
(0.0696862 0.113759 0)
(0.0645686 0.109763 0)
(0.0595923 0.106226 0)
(0.0547585 0.103101 0)
(0.0500656 0.100348 0)
(0.0455088 0.0979291 0)
(0.0410817 0.095813 0)
(0.0367759 0.0939708 0)
(0.0325818 0.0923776 0)
(0.0284891 0.091012 0)
(0.0244866 0.0898555 0)
(0.0205629 0.0888927 0)
(0.0167058 0.0881105 0)
(0.0129039 0.0874985 0)
(0.00914236 0.0870475 0)
(0.00542199 0.0866318 0)
(0.00172342 0.0780297 0)
)
;
    }
}


// ************************************************************************* //
