/*--------------------------------*- C++ -*----------------------------------*\
| =========                 |                                                 |
| \\      /  F ield         | OpenFOAM: The Open Source CFD Toolbox           |
|  \\    /   O peration     | Version:  3.0.1                                 |
|   \\  /    A nd           | Web:      www.OpenFOAM.org                      |
|    \\/     M anipulation  |                                                 |
\*---------------------------------------------------------------------------*/
FoamFile
{
    version     2.0;
    format      ascii;
    class       surfaceScalarField;
    location    "0.05";
    object      alphaPhi;
}
// * * * * * * * * * * * * * * * * * * * * * * * * * * * * * * * * * * * * * //

dimensions      [0 3 -1 0 0 0 0];

internalField   nonuniform List<scalar> 
3782
(
3.25097e-39
2.43371e-40
3.31434e-40
1.26979e-41
3.10496e-41
-2.33731e-45
2.82368e-42
-5.74708e-45
2.48938e-43
-9.79931e-46
2.12334e-44
-1.23168e-46
1.74806e-45
-1.33491e-47
1.38517e-46
-1.30917e-48
1.05319e-47
-1.18531e-49
7.65776e-49
-9.99772e-51
5.30563e-50
-7.88733e-52
3.48993e-51
-5.82726e-53
2.17133e-52
-4.03073e-54
1.27311e-53
-2.60723e-55
7.0092e-55
-1.57441e-56
3.61108e-56
-8.85801e-58
1.73525e-57
-4.63372e-59
7.75399e-59
-2.249e-60
3.21298e-60
-1.01072e-61
1.23139e-61
-4.19759e-63
4.35504e-63
-1.60807e-64
1.41844e-64
-5.67308e-66
4.24691e-66
-1.84028e-67
1.16714e-67
-5.48174e-69
2.94055e-69
-1.49769e-70
6.78548e-71
-3.74953e-72
1.4332e-72
-8.59523e-74
2.76996e-74
-1.80309e-75
4.89909e-76
-3.46025e-77
7.93302e-78
-6.07414e-79
1.17719e-79
-9.75454e-81
1.60318e-81
-1.43363e-82
2.00795e-83
-1.92951e-84
2.31939e-85
-2.38008e-86
2.47976e-87
-2.69333e-88
2.46502e-89
-2.79859e-90
2.29083e-91
-2.6715e-92
2.00347e-93
-2.34134e-94
1.66165e-95
-1.87771e-96
1.31854e-97
-1.36489e-98
1.01095e-99
-8.76489e-101
7.5706e-102
-4.60365e-103
-1.3301e-105
1.39605e-41
1.54988e-40
7.91313e-43
7.94327e-42
4.4692e-44
4.09218e-43
2.11246e-44
2.50958e-45
7.66672e-43
1.54639e-41
4.62564e-44
7.74222e-43
2.73954e-45
3.90672e-44
1.97709e-45
1.58993e-46
1.27458e-44
1.40071e-42
1.36945e-45
6.8802e-44
1.05041e-46
3.41298e-45
1.69826e-46
7.07019e-48
-2.02404e-46
1.23332e-43
-6.3047e-48
5.86299e-45
-1.3911e-49
2.81541e-46
1.35697e-47
2.38763e-50
-3.87427e-47
1.05265e-44
-1.50397e-48
4.84712e-46
-5.63528e-50
2.25544e-47
1.05417e-48
-1.78647e-51
-4.93343e-48
8.69305e-46
-1.97123e-49
3.8807e-47
-7.7905e-51
1.7516e-48
7.94739e-50
-2.71578e-52
-5.29411e-49
6.93182e-47
-2.10715e-50
3.00302e-48
-8.36054e-52
1.31628e-49
5.80417e-51
-2.95904e-53
-5.09933e-50
5.3244e-48
-2.00013e-51
2.24113e-49
-7.85155e-53
9.55134e-51
4.09823e-52
-2.76422e-54
-4.52007e-51
3.92877e-49
-1.73982e-52
1.60896e-50
-6.71911e-54
6.67672e-52
2.79147e-53
-2.33536e-55
-3.72922e-52
2.77648e-50
-1.40656e-53
1.10813e-51
-5.33256e-55
4.48467e-53
1.82983e-54
-1.82443e-56
-2.87875e-53
1.87323e-51
-1.06394e-54
7.30006e-53
-3.95788e-56
2.88655e-54
1.15138e-55
-1.33186e-57
-2.08355e-54
1.20253e-52
-7.55197e-56
4.58581e-54
-2.75809e-57
1.77532e-55
6.93602e-57
-9.13221e-59
-1.41432e-55
7.32044e-54
-5.03491e-57
2.73847e-55
-1.80742e-58
1.04031e-56
3.98952e-58
-5.89514e-60
-8.99764e-57
4.2117e-55
-3.15208e-58
1.54971e-56
-1.11406e-59
5.79153e-58
2.18516e-59
-3.58537e-61
-5.35762e-58
2.28259e-56
-1.85125e-59
8.28552e-58
-6.45514e-61
3.05445e-59
1.13672e-60
-2.05403e-62
-2.98094e-59
1.16163e-57
-1.01859e-60
4.17292e-59
-3.51226e-62
1.52193e-60
5.60177e-62
-1.10759e-63
-1.54695e-60
5.53453e-59
-5.24222e-62
1.97421e-60
-1.79215e-63
7.14567e-62
2.60878e-63
-5.61541e-65
-7.47344e-62
2.46175e-60
-2.51932e-63
8.75074e-62
-8.56304e-65
3.15366e-63
1.1455e-64
-2.67335e-66
-3.3549e-63
1.0196e-61
-1.12868e-64
3.62525e-63
-3.82557e-66
1.30534e-64
4.73233e-66
-1.1935e-67
-1.39693e-64
3.92292e-63
-4.7062e-66
1.40059e-64
-1.59564e-67
5.05675e-66
1.83585e-67
-4.98987e-69
-5.38605e-66
1.39914e-64
-1.82351e-67
5.03621e-66
-6.20481e-69
1.83e-67
6.67614e-69
-1.95118e-70
-1.92e-67
4.61708e-66
-6.55643e-69
1.68251e-67
-2.24653e-70
6.17673e-69
2.2724e-70
-7.12722e-72
-6.31916e-69
1.40744e-67
-2.1847e-70
5.2147e-69
-7.56434e-72
1.94176e-70
7.23036e-72
-2.4293e-73
-1.91785e-70
3.95788e-69
-6.73894e-72
1.49755e-70
-2.36626e-73
5.67901e-72
2.14833e-73
-7.71908e-75
-5.36179e-72
1.02566e-70
-1.92246e-73
3.98109e-72
-6.87081e-75
1.5439e-73
5.95623e-75
-2.28469e-76
-1.37969e-73
2.44743e-72
-5.06825e-75
9.7905e-74
-1.8506e-76
3.89933e-75
1.54014e-76
-6.29499e-78
-3.26544e-75
5.37502e-74
-1.23409e-76
2.22656e-75
-4.62127e-78
9.14674e-77
3.71346e-78
-1.61389e-79
-7.10559e-77
1.08631e-75
-2.77441e-78
4.68255e-77
-1.06961e-79
1.99286e-78
8.34988e-80
-3.84904e-81
-1.4212e-78
2.02085e-77
-5.75786e-80
9.10947e-79
-2.29438e-81
4.03456e-80
1.75172e-81
-8.53903e-83
-2.6128e-80
3.46256e-79
-1.10319e-81
1.64055e-80
-4.56174e-83
7.59583e-82
3.43158e-83
-1.76239e-84
-4.41626e-82
5.47036e-81
-1.95192e-83
2.73829e-82
-8.4094e-85
1.3315e-83
6.28502e-85
-3.38517e-86
-6.86602e-84
7.9815e-83
-3.19099e-85
4.24313e-84
-1.43813e-86
2.17685e-85
1.07803e-86
-6.05438e-88
-9.82543e-86
1.07783e-84
-4.82326e-87
6.11741e-86
-2.28315e-88
3.32649e-87
1.73539e-88
-1.00892e-89
-1.29529e-87
1.35095e-86
-6.74648e-89
8.22891e-88
-3.36762e-90
4.7644e-89
2.62889e-90
-1.56772e-91
-1.57454e-89
1.57726e-88
-8.74009e-91
1.03637e-89
-4.61861e-92
6.41726e-91
3.75965e-92
-2.27302e-93
-1.76635e-91
1.72277e-90
-1.04946e-92
1.22717e-91
-5.89322e-94
8.16104e-93
5.09538e-94
-3.07649e-95
-1.82926e-93
1.76964e-92
-1.16814e-94
1.37295e-93
-6.99574e-96
9.84517e-95
6.57315e-96
-3.88616e-97
-1.74729e-95
1.72002e-94
-1.20392e-96
1.45967e-95
-7.71512e-98
1.1327e-96
8.11188e-98
-4.57382e-99
-1.53371e-97
1.59313e-96
-1.14426e-98
1.48438e-97
-7.87026e-100
1.2504e-98
9.63099e-100
-4.99232e-101
-1.22473e-99
1.41746e-98
-9.92481e-101
1.45448e-99
-7.34601e-102
1.3334e-100
1.10695e-101
-4.99702e-103
-8.66745e-102
1.22223e-100
-7.64922e-103
1.38432e-101
-6.10636e-104
1.38371e-102
1.24005e-103
-4.46264e-105
-5.03089e-104
1.03123e-102
-4.84646e-105
1.29092e-103
-4.18117e-106
1.40844e-104
1.36381e-105
-3.28833e-107
-1.60966e-106
-1.69566e-107
-1.5834e-108
-1.34178e-109
1.25865e-46
1.08849e-45
6.19157e-48
4.959e-47
2.97859e-49
2.22712e-48
1.39735e-50
9.8264e-50
6.37563e-52
4.24566e-51
2.82207e-53
1.79096e-52
1.20897e-54
7.3554e-54
5.00152e-56
2.93349e-55
1.99403e-57
1.13342e-56
7.64646e-59
4.23316e-58
2.81516e-60
1.52519e-59
9.93395e-62
5.29098e-61
3.35429e-63
1.76408e-62
1.08203e-64
5.64322e-64
3.32926e-66
1.72917e-65
9.75528e-68
5.06695e-67
2.71779e-69
1.41757e-68
7.18691e-71
3.78017e-70
1.80071e-72
9.59174e-72
4.26666e-74
2.31162e-73
9.54059e-76
5.28104e-75
2.00865e-77
1.14127e-76
3.97147e-79
2.32754e-78
7.35246e-81
4.46795e-80
1.27025e-82
8.0488e-82
2.04002e-84
1.35612e-83
3.03189e-86
2.12872e-85
4.14786e-88
3.09904e-87
5.19056e-90
4.16203e-89
5.89602e-92
5.12385e-91
6.02245e-94
5.73815e-93
5.46692e-96
5.79091e-95
4.3442e-98
5.20486e-97
2.96209e-100
4.10395e-99
1.68593e-102
2.78259e-101
7.69355e-105
1.5783e-103
2.63965e-107
7.19321e-106
6.04903e-110
2.4703e-108
6.90975e-113
5.67819e-111
6.29871e-114
8.18175e-48
9.98157e-47
4.09106e-49
4.45734e-48
1.98736e-50
1.9629e-49
9.37021e-52
8.49605e-51
4.28185e-53
3.60287e-52
1.89326e-54
1.49244e-53
8.08627e-56
6.0223e-55
3.33039e-57
2.36118e-56
1.32043e-58
8.97366e-58
5.03146e-60
3.29858e-59
1.83965e-61
1.17035e-60
6.44423e-63
4.0004e-62
2.15947e-64
1.31494e-63
6.91216e-66
4.14922e-65
2.11015e-67
1.25477e-66
6.13464e-69
3.6306e-68
1.69574e-70
1.00346e-69
4.44948e-72
2.64481e-71
1.1063e-73
6.63605e-73
2.60154e-75
1.58215e-74
5.77399e-77
3.57728e-76
1.20675e-78
7.65417e-78
2.36885e-80
1.54616e-79
4.35471e-82
2.94087e-81
7.47185e-84
5.25131e-83
1.19196e-85
8.77313e-85
1.75993e-87
1.36597e-86
2.39237e-89
1.97312e-88
2.97515e-91
2.63008e-90
3.35902e-93
3.21463e-92
3.41082e-95
3.57524e-94
3.07849e-97
3.58434e-96
2.43274e-99
3.20131e-98
1.64988e-101
2.50902e-100
9.34202e-104
1.69146e-102
4.24184e-106
9.5419e-105
1.44837e-108
4.32646e-107
3.30372e-111
1.47862e-109
3.75648e-114
3.38336e-112
3.72864e-115
4.03586e-49
8.42126e-48
2.15741e-50
3.69515e-49
1.09553e-51
1.59932e-50
5.32149e-53
6.80518e-52
2.48067e-54
2.83785e-53
1.11121e-55
1.15641e-54
4.78432e-57
4.59215e-56
1.9791e-58
1.77259e-57
7.85984e-60
6.63544e-59
2.99392e-61
2.40355e-60
1.09262e-62
8.40764e-62
3.81588e-64
2.8347e-63
1.27375e-65
9.19526e-65
4.0586e-67
2.86479e-66
1.2328e-68
8.55777e-68
3.56478e-70
2.44709e-69
9.79845e-72
6.68712e-71
2.55616e-73
1.74339e-72
6.31815e-75
4.3287e-74
1.47693e-76
1.0217e-75
3.25846e-78
2.28785e-77
6.76963e-80
4.84996e-79
1.32101e-81
9.71004e-81
2.41421e-83
1.83114e-82
4.11834e-85
3.24298e-84
6.53242e-87
5.37534e-86
9.59126e-89
8.3063e-88
1.29665e-90
1.19116e-89
1.60384e-92
1.57677e-91
1.80125e-94
1.91442e-93
1.81962e-96
2.11566e-95
1.6341e-98
2.10817e-97
1.28503e-100
1.87198e-99
8.67387e-103
1.45907e-101
4.88882e-105
9.78483e-104
2.20996e-107
5.49246e-106
7.51348e-110
2.47871e-108
1.70675e-112
8.43405e-111
1.93293e-115
1.92195e-113
2.10461e-116
8.56759e-51
6.5391e-49
6.8839e-52
2.82639e-50
4.24741e-53
1.20507e-51
2.30931e-54
5.05138e-53
1.15603e-55
2.07548e-54
5.42928e-57
8.33453e-56
2.41412e-58
3.26239e-57
1.021e-59
1.24167e-58
4.11679e-61
4.5845e-60
1.58417e-62
1.63854e-61
5.81915e-64
5.65759e-63
2.04001e-65
1.88361e-64
6.82143e-67
6.0361e-66
2.17393e-68
1.85855e-67
6.59661e-70
5.48923e-69
1.9038e-71
1.55256e-70
5.21913e-73
4.19822e-72
1.35721e-74
1.08349e-73
3.34263e-76
2.66415e-75
7.78332e-78
6.22961e-77
1.71012e-79
1.38251e-78
3.53767e-81
2.90559e-80
6.87302e-83
5.76932e-82
1.25046e-84
1.07939e-83
2.12352e-86
1.89712e-85
3.35307e-88
3.12169e-87
4.90097e-90
4.79024e-89
6.59595e-92
6.82363e-91
8.12242e-94
8.975e-93
9.08214e-96
1.08305e-94
9.13511e-98
1.18992e-96
8.1689e-100
1.17911e-98
6.39721e-102
1.04147e-100
4.30054e-104
8.07671e-103
2.4143e-106
5.39062e-105
1.08716e-108
3.01227e-107
3.68226e-111
1.35366e-109
8.33418e-114
4.58773e-112
9.40579e-117
1.0416e-114
1.13341e-117
-4.81437e-53
4.93501e-50
-9.15441e-55
2.06494e-51
1.22171e-55
8.52804e-53
4.45597e-56
3.47726e-54
3.33794e-57
1.41037e-55
1.89887e-58
5.59112e-57
9.43428e-60
2.16074e-58
4.28184e-61
8.12095e-60
1.81026e-62
2.96156e-61
7.19856e-64
1.04576e-62
2.7062e-65
3.56846e-64
9.64416e-67
1.17451e-65
3.26244e-68
3.7221e-67
1.0481e-69
1.13377e-68
3.19755e-71
3.31389e-70
9.25929e-73
9.27916e-72
2.54298e-74
2.48494e-73
6.61691e-76
6.35364e-75
1.62912e-77
1.54832e-76
3.78937e-79
3.58939e-78
8.31224e-81
7.90007e-80
1.71593e-82
1.6472e-81
3.32558e-84
3.24584e-83
6.03402e-86
6.02847e-85
1.02168e-87
1.05216e-86
1.60826e-89
1.71974e-88
2.34314e-91
2.62208e-90
3.14312e-93
3.71227e-92
3.85753e-95
4.85416e-94
4.29872e-97
5.82501e-96
4.30911e-99
6.36576e-98
3.84027e-101
6.27603e-100
2.99725e-103
5.51677e-102
2.00819e-105
4.25882e-104
1.12367e-107
2.83023e-106
5.04342e-110
1.57512e-108
1.70277e-112
7.05147e-111
3.84185e-115
2.38138e-113
4.32259e-118
5.38896e-116
5.82691e-119
-8.9441e-54
3.61808e-51
-2.77567e-55
1.46723e-52
-7.91656e-57
5.8768e-54
-1.9504e-58
2.33027e-55
-3.19873e-60
9.17938e-57
8.77319e-61
3.5359e-58
1.75291e-61
1.3353e-59
1.14651e-62
4.96321e-61
5.79926e-64
1.79022e-62
2.56332e-65
6.25348e-64
1.03178e-66
2.11144e-65
3.85248e-68
6.87808e-67
1.34687e-69
2.15787e-68
4.43105e-71
6.50907e-70
1.37548e-72
1.88461e-71
4.03406e-74
5.22896e-73
1.11827e-75
1.38799e-74
2.9294e-77
3.5188e-76
7.24661e-79
8.50499e-78
1.69098e-80
1.95619e-79
3.71666e-82
4.27301e-81
7.68033e-84
8.84495e-83
1.48888e-85
1.73081e-84
2.7005e-87
3.19322e-86
4.56861e-89
5.53765e-88
7.18263e-91
8.99605e-90
1.04484e-92
1.36362e-91
1.39901e-94
1.91984e-93
1.71354e-96
2.49704e-95
1.90536e-98
2.98128e-97
1.90557e-100
3.24234e-99
1.69418e-102
3.18201e-101
1.31901e-104
2.78493e-103
8.81524e-107
2.14111e-105
4.9199e-109
1.41741e-107
2.20251e-111
7.85988e-110
7.41681e-114
3.50682e-112
1.66904e-116
1.1806e-114
1.87296e-119
2.66398e-117
2.86186e-120
-1.00786e-54
2.57217e-52
-3.32856e-56
1.01215e-53
-1.0642e-57
3.93657e-55
-3.2645e-59
1.51934e-56
-9.32998e-61
5.81962e-58
-2.42003e-62
2.18114e-59
-5.28748e-64
8.03312e-61
-7.05404e-66
2.90887e-62
3.63934e-66
1.02261e-63
4.60038e-67
3.50707e-65
2.57181e-68
1.1731e-66
1.13524e-69
3.78645e-68
4.39075e-71
1.1773e-69
1.54365e-72
3.52033e-71
5.01784e-74
1.01063e-72
1.5213e-75
2.78104e-74
4.32156e-77
7.32351e-76
1.15297e-78
1.84242e-77
2.89188e-80
4.4203e-79
6.81926e-82
1.00947e-80
1.51076e-83
2.19e-82
3.14057e-85
4.50349e-84
6.11498e-87
8.75717e-86
1.11264e-88
1.60591e-87
1.88642e-90
2.76891e-89
2.96985e-92
4.47339e-91
4.32328e-94
6.74511e-93
5.78987e-96
9.44872e-95
7.08976e-98
1.22307e-96
7.87861e-100
1.45361e-98
7.87233e-102
1.57406e-100
6.99094e-104
1.53845e-102
5.43543e-106
1.34126e-104
3.62702e-108
1.02744e-106
2.02086e-110
6.77838e-109
9.03039e-113
3.74681e-111
3.03505e-115
1.66676e-113
6.81604e-118
5.59605e-116
7.63221e-121
1.25958e-118
1.34408e-121
-9.416e-56
1.76993e-53
-3.13881e-57
6.76694e-55
-1.02729e-58
2.55895e-56
-3.28368e-60
9.62176e-58
-1.00799e-61
3.5882e-59
-2.9709e-63
1.31011e-60
-8.30821e-65
4.71028e-62
-2.14484e-66
1.66367e-63
-4.97659e-68
5.70805e-65
-9.51663e-70
1.91458e-66
-1.02072e-71
6.25801e-68
7.89081e-72
1.97461e-69
7.4293e-73
6.05097e-71
3.5482e-74
1.79551e-72
1.35481e-75
5.11593e-74
4.53474e-77
1.39753e-75
1.37624e-78
3.65427e-77
3.847e-80
9.13057e-79
9.98356e-82
2.17617e-80
2.41508e-83
4.93825e-82
5.45561e-85
1.0648e-83
1.15125e-86
2.17681e-85
2.26788e-88
4.2091e-87
4.16416e-90
7.67723e-89
7.11033e-92
1.3169e-90
1.12557e-93
2.11711e-92
1.64542e-95
3.17728e-94
2.21059e-97
4.43092e-96
2.71317e-99
5.71109e-98
3.01991e-101
6.76016e-100
3.02059e-103
7.29233e-102
2.68382e-105
7.10158e-104
2.08686e-107
6.17031e-106
1.39217e-109
4.71151e-108
7.75209e-112
3.0991e-110
3.46104e-114
1.70831e-112
1.16191e-116
7.58003e-115
2.60581e-119
2.53903e-117
2.91294e-122
5.7029e-120
6.04245e-123
-7.86469e-57
1.17647e-54
-2.60349e-58
4.3765e-56
-8.51644e-60
1.6114e-57
-2.73751e-61
5.9087e-59
-8.53026e-63
2.14821e-60
-2.58915e-64
7.65112e-62
-7.59882e-66
2.68788e-63
-2.1261e-67
9.27162e-65
-5.68037e-69
3.10842e-66
-1.42713e-70
1.02068e-67
-3.29015e-72
3.26384e-69
-6.78308e-74
1.00808e-70
-1.14393e-75
3.02979e-72
-1.06357e-77
8.81102e-74
8.53337e-78
2.46157e-75
6.90081e-79
6.64329e-77
2.85368e-80
1.72641e-78
9.39888e-82
4.28788e-80
2.70023e-83
1.01606e-81
6.99561e-85
2.29287e-83
1.65935e-86
4.91743e-85
3.6299e-88
1.00012e-86
7.34851e-90
1.92429e-88
1.37805e-91
3.49324e-90
2.39218e-93
5.96504e-92
3.83644e-95
9.54833e-94
5.66661e-97
1.42708e-95
7.6758e-99
1.98236e-97
9.4826e-101
2.54559e-99
1.06092e-102
3.00256e-101
1.06542e-104
3.22814e-103
9.49532e-107
3.13385e-105
7.39988e-109
2.71488e-107
4.94417e-111
2.06733e-109
2.75566e-113
1.35636e-111
1.23079e-115
7.45907e-114
4.13155e-118
3.30257e-116
9.26067e-121
1.10409e-118
1.03405e-123
2.47557e-121
2.60304e-124
-6.04589e-58
7.53751e-56
-1.97479e-59
2.73254e-57
-6.39785e-61
9.811e-59
-2.04288e-62
3.51251e-60
-6.35119e-64
1.24677e-61
-1.93544e-65
4.33768e-63
-5.73911e-67
1.49054e-64
-1.63798e-68
5.02787e-66
-4.52953e-70
1.64926e-67
-1.20114e-71
5.30653e-69
-3.02093e-73
1.66206e-70
-7.2263e-75
5.03087e-72
-1.61634e-76
1.48431e-73
-3.31187e-78
4.23511e-75
-6.07293e-80
1.16151e-76
-9.21806e-82
3.08294e-78
-8.61953e-84
7.87461e-80
3.71791e-84
1.92333e-81
3.39115e-85
4.50485e-83
1.25237e-86
1.01174e-84
3.56907e-88
2.15983e-86
8.73413e-90
4.37334e-88
1.90742e-91
8.37866e-90
3.77541e-93
1.51484e-91
6.82154e-95
2.57669e-93
1.12775e-96
4.10929e-95
1.70554e-98
6.11997e-97
2.35365e-100
8.47268e-99
2.95099e-102
1.08453e-100
3.34077e-104
1.27536e-102
3.38671e-106
1.36729e-104
3.04102e-108
1.32382e-106
2.38393e-110
1.14399e-108
1.60006e-112
8.6912e-111
8.94825e-115
5.6901e-113
4.00616e-117
3.12306e-115
1.34676e-119
1.38032e-117
3.02048e-122
4.60737e-120
3.37114e-125
1.03161e-122
1.07572e-125
-4.33546e-59
4.644e-57
-1.39365e-60
1.64352e-58
-4.45453e-62
5.76386e-60
-1.4058e-63
2.01761e-61
-4.33066e-65
7.00259e-63
-1.31225e-66
2.3834e-64
-3.88079e-68
8.02047e-66
-1.1094e-69
2.64933e-67
-3.09164e-71
8.51427e-69
-8.31477e-73
2.6871e-70
-2.14097e-74
8.25392e-72
-5.31846e-76
2.45138e-73
-1.25939e-77
7.10631e-75
-2.81869e-79
1.99159e-76
-5.9804e-81
5.36788e-78
-1.18472e-82
1.40243e-79
-2.15425e-84
3.52438e-81
-3.5309e-86
8.474e-83
-4.96111e-88
1.95728e-84
-5.09882e-90
4.33249e-86
-8.6094e-93
9.12132e-88
7.15061e-92
1.82362e-89
2.65367e-93
3.47916e-91
6.69395e-95
6.26916e-93
1.39498e-96
1.06289e-94
2.53038e-98
1.68988e-96
4.08608e-100
2.50927e-98
5.91685e-102
3.46417e-100
7.69366e-104
4.42248e-102
8.95762e-106
5.18769e-104
9.28167e-108
5.54859e-106
8.4792e-110
5.36045e-108
6.73796e-112
4.62288e-110
4.57074e-114
3.50553e-112
2.57718e-116
2.29112e-114
1.16088e-118
1.25555e-116
3.91925e-121
5.54154e-119
8.81213e-124
1.84748e-121
9.84006e-127
4.13224e-124
4.26896e-127
-2.91943e-60
2.74486e-58
-9.2291e-62
9.50109e-60
-2.90606e-63
3.26055e-61
-9.04608e-65
1.11769e-62
-2.75329e-66
3.79936e-64
-8.2613e-68
1.26708e-65
-2.42347e-69
4.18129e-67
-6.88886e-71
1.35449e-68
-1.91525e-72
4.27077e-70
-5.154e-74
1.3236e-71
-1.3334e-75
3.99243e-73
-3.34748e-77
1.16491e-74
-8.05967e-79
3.32121e-76
-1.85034e-80
9.15321e-78
-4.07989e-82
2.4272e-79
-8.54357e-84
6.24709e-81
-1.68711e-85
1.5462e-82
-3.14605e-87
3.66336e-84
-5.48758e-89
8.35042e-86
-8.8289e-91
1.82343e-87
-1.29185e-92
3.78917e-89
-1.68606e-94
7.48838e-91
-1.84228e-96
1.4121e-92
-1.40751e-98
2.516e-94
3.2521e-101
4.22052e-96
1.8435e-100
6.64875e-98
4.89418e-102
9.84983e-100
9.0063e-104
1.35682e-101
1.35289e-105
1.7285e-103
1.73315e-107
2.02359e-105
1.92076e-109
2.16035e-107
1.84379e-111
2.08349e-109
1.52058e-113
1.79397e-111
1.06089e-115
1.3584e-113
6.11004e-118
8.86649e-116
2.7961e-120
4.8532e-118
9.54602e-123
2.13986e-120
2.16147e-125
7.12789e-123
2.4186e-128
1.59312e-125
1.62847e-128
-1.85207e-61
1.55252e-59
-5.75972e-63
5.26701e-61
-1.78639e-64
1.77221e-62
-5.48216e-66
5.95963e-64
-1.64694e-67
1.98766e-65
-4.88509e-69
6.50619e-67
-1.41828e-70
2.10855e-68
-3.99618e-72
6.7089e-70
-1.10356e-73
2.07846e-71
-2.95471e-75
6.33368e-73
-7.62304e-77
1.87861e-74
-1.91435e-78
5.39215e-76
-4.62348e-80
1.51357e-77
-1.06882e-81
4.107e-79
-2.38558e-83
1.07274e-80
-5.08413e-85
2.72234e-82
-1.02957e-86
6.64315e-84
-1.99048e-88
1.55253e-85
-3.64816e-90
3.49506e-87
-6.29149e-92
7.53581e-89
-1.01886e-93
1.54705e-90
-1.54824e-95
3.02432e-92
-2.17817e-97
5.64109e-94
-2.81375e-99
9.94592e-96
-3.3019e-101
1.65187e-97
-3.47739e-103
2.58056e-99
-3.16776e-105
3.78946e-101
-2.34102e-107
5.17731e-103
-1.16608e-109
6.54561e-105
5.51317e-111
7.60946e-107
1.02127e-111
8.08077e-109
1.61579e-113
7.78378e-111
1.70778e-115
6.69463e-113
1.38376e-117
5.06401e-115
8.78796e-120
3.30235e-117
4.29859e-122
1.80615e-119
1.53362e-124
7.95846e-122
3.56861e-127
2.64957e-124
4.01158e-130
5.91938e-127
5.97637e-130
-1.1084e-62
8.38223e-61
-3.3944e-64
2.79347e-62
-1.03764e-65
9.23528e-64
-3.14064e-67
3.05261e-65
-9.31348e-69
1.00081e-66
-2.72985e-70
3.22114e-68
-7.83818e-72
1.02689e-69
-2.18653e-73
3.2144e-71
-5.98636e-75
9.80011e-73
-1.59079e-76
2.94042e-74
-4.07931e-78
8.58827e-76
-1.02017e-79
2.42828e-77
-2.45746e-81
6.71866e-79
-5.67805e-83
1.79718e-80
-1.27022e-84
4.62931e-82
-2.7199e-86
1.15949e-83
-5.55232e-88
2.79266e-85
-1.08694e-89
6.44453e-87
-2.02583e-91
1.43395e-88
-3.5736e-93
3.05575e-90
-5.96682e-95
6.20304e-92
-9.4327e-97
1.20033e-93
-1.39802e-98
2.2163e-95
-1.93441e-100
3.8697e-97
-2.49446e-102
6.36794e-99
-2.98745e-104
9.87007e-101
-3.28611e-106
1.43758e-102
-3.29715e-108
1.94917e-104
-2.99079e-110
2.44698e-106
-2.43461e-112
2.82623e-108
-1.75778e-114
2.98629e-110
-1.10467e-116
2.86116e-112
-5.92041e-119
2.44909e-114
-2.63943e-121
1.84482e-116
-9.45192e-124
1.19872e-118
-2.60157e-126
6.53645e-121
-5.06811e-129
2.87322e-123
-6.13603e-132
9.54845e-126
-3.18187e-135
2.13061e-128
2.12006e-131
-6.2593e-64
4.30946e-62
-1.89041e-65
1.41424e-63
-5.7025e-67
4.60444e-65
-1.70396e-68
1.49908e-66
-4.99157e-70
4.84108e-68
-1.44634e-71
1.53497e-69
-4.10783e-73
4.8221e-71
-1.13436e-74
1.48754e-72
-3.07729e-76
4.47044e-74
-8.10896e-78
1.32263e-75
-2.06403e-79
3.80977e-77
-5.13012e-81
1.06262e-78
-1.22944e-82
2.9017e-80
-2.8298e-84
7.66147e-82
-6.31708e-86
1.94864e-83
-1.35166e-87
4.82214e-85
-2.7622e-89
1.14763e-86
-5.42607e-91
2.61788e-88
-1.01679e-92
5.7623e-90
-1.80802e-94
1.21482e-91
-3.05333e-96
2.44069e-93
-4.89694e-98
4.67835e-95
-7.39148e-100
8.5577e-97
-1.04628e-101
1.48086e-98
-1.38847e-103
2.41625e-100
-1.72061e-105
3.71755e-102
-1.97283e-107
5.37404e-104
-2.08081e-109
7.23551e-106
-2.0049e-111
9.02449e-108
-1.75514e-113
1.03608e-109
-1.38028e-115
1.08963e-111
-9.60115e-118
1.03884e-113
-5.80786e-120
8.85323e-116
-2.98473e-122
6.6432e-118
-1.26064e-124
4.30234e-120
-4.15724e-127
2.33954e-122
-9.83003e-130
1.02612e-124
-1.40483e-132
3.40448e-127
-7.13006e-136
7.58847e-130
7.44162e-133
-3.33397e-65
2.10469e-63
-9.94847e-67
6.81929e-65
-2.96605e-68
2.19178e-66
-8.76187e-70
7.04448e-68
-2.53845e-71
2.24561e-69
-7.27797e-73
7.02863e-71
-2.04613e-74
2.17992e-72
-5.5961e-76
6.63914e-74
-1.50455e-77
1.97012e-75
-3.93139e-79
5.75677e-77
-9.92984e-81
1.63786e-78
-2.4512e-82
4.51318e-80
-5.83836e-84
1.21797e-81
-1.33678e-85
3.17854e-83
-2.97191e-87
7.99283e-85
-6.33852e-89
1.9564e-86
-1.29262e-90
4.60611e-88
-2.53768e-92
1.03977e-89
-4.75772e-94
2.26617e-91
-8.4764e-96
4.7312e-93
-1.43689e-97
9.41672e-95
-2.31657e-99
1.78936e-96
-3.52119e-101
3.2453e-98
-5.02887e-103
5.57009e-100
-6.75e-105
9.01832e-102
-8.47466e-107
1.37803e-103
-9.86668e-109
1.97842e-105
-1.05909e-110
2.64668e-107
-1.04086e-112
3.2815e-109
-9.31896e-115
3.74685e-111
-7.50451e-117
3.92314e-113
-5.35387e-119
3.72343e-115
-3.32443e-121
3.16048e-117
-1.75397e-123
2.3632e-119
-7.59778e-126
1.52588e-121
-2.56501e-128
8.27666e-124
-6.18542e-131
3.62288e-126
-8.97422e-134
1.20022e-128
-4.45112e-137
2.67275e-131
2.58298e-134
-1.67359e-66
9.74233e-65
-4.94459e-68
3.12512e-66
-1.45977e-69
9.94147e-68
-4.27035e-71
3.16188e-69
-1.2254e-72
9.9719e-71
-3.48083e-74
3.08758e-72
-9.69779e-76
9.47285e-74
-2.6293e-77
2.85375e-75
-7.01084e-79
8.37669e-77
-1.81752e-80
2.4215e-78
-4.55682e-82
6.81585e-80
-1.11724e-83
1.85832e-81
-2.64439e-85
4.96325e-83
-6.02056e-87
1.28202e-84
-1.33197e-88
3.1915e-86
-2.82879e-90
7.73614e-88
-5.74876e-92
1.80398e-89
-1.12579e-93
4.03446e-91
-2.10695e-95
8.71526e-93
-3.75059e-97
1.80371e-94
-6.35987e-99
3.55993e-96
-1.02654e-100
6.71142e-98
-1.56375e-102
1.2079e-99
-2.24055e-104
2.05798e-101
-3.02121e-106
3.30878e-103
-3.81347e-108
5.0242e-105
-4.4683e-110
7.16855e-107
-4.83169e-112
9.5345e-109
-4.78785e-114
1.1758e-110
-4.32705e-116
1.3359e-112
-3.51795e-118
1.39302e-114
-2.53472e-120
1.31672e-116
-1.58967e-122
1.1136e-118
-8.46905e-125
8.30033e-121
-3.70235e-127
5.34479e-123
-1.26024e-129
2.89257e-125
-3.05993e-132
1.26386e-127
-4.46257e-135
4.18147e-130
-2.16852e-138
9.30428e-133
8.86094e-136
-7.90928e-68
4.2649e-66
-2.31914e-69
1.35842e-67
-6.7941e-71
4.28868e-69
-1.97203e-72
1.35319e-70
-5.61472e-74
4.23221e-72
-1.58259e-75
1.2992e-73
-4.37552e-77
3.95128e-75
-1.17746e-78
1.17976e-76
-3.11696e-80
3.43193e-78
-8.02416e-82
9.83181e-80
-1.99839e-83
2.74244e-81
-4.86898e-85
7.4101e-83
-1.14563e-86
1.96158e-84
-2.59404e-88
5.02221e-86
-5.71072e-90
1.2394e-87
-1.20739e-91
2.97889e-89
-2.44406e-93
6.88854e-91
-4.77073e-95
1.52804e-92
-8.9041e-97
3.27511e-94
-1.5817e-98
6.72624e-96
-2.67855e-100
1.31771e-97
-4.32022e-102
2.46686e-99
-6.58052e-104
4.40956e-101
-9.43414e-106
7.46392e-103
-1.27401e-107
1.1926e-104
-1.61118e-109
1.80065e-106
-1.89263e-111
2.555e-108
-2.05292e-113
3.38073e-110
-2.04157e-115
4.14916e-112
-1.85296e-117
4.6933e-114
-1.51295e-119
4.87559e-116
-1.09497e-121
4.59177e-118
-6.89824e-124
3.87082e-120
-3.69129e-126
2.87698e-122
-1.62038e-128
1.84806e-124
-5.53613e-131
9.98144e-127
-1.3484e-133
4.35428e-129
-1.97113e-136
1.43892e-131
-9.4043e-140
3.19967e-134
3.00279e-137
-3.51499e-69
1.7622e-67
-1.02548e-70
5.59026e-69
-2.98808e-72
1.75655e-70
-8.62376e-74
5.51289e-72
-2.44093e-75
1.71413e-73
-6.83903e-77
5.22915e-75
-1.8794e-78
1.57991e-76
-5.02702e-80
4.68493e-78
-1.32285e-81
1.35324e-79
-3.38558e-83
3.84897e-81
-8.38389e-85
1.06578e-82
-2.03161e-86
2.8586e-84
-4.75531e-88
7.51169e-86
-1.07145e-89
1.90909e-87
-2.34806e-91
4.67701e-89
-4.94338e-93
1.11607e-90
-9.96815e-95
2.56255e-92
-1.93919e-96
5.64483e-94
-3.60846e-98
1.20174e-95
-6.39367e-100
2.45177e-97
-1.08059e-101
4.77243e-99
-1.74012e-103
8.87986e-101
-2.64758e-105
1.57788e-102
-3.79328e-107
2.65565e-104
-5.12229e-109
4.22026e-106
-6.47969e-111
6.34008e-108
-7.61689e-113
8.95261e-110
-8.27079e-115
1.17922e-111
-8.23681e-117
1.44116e-113
-7.49e-119
1.62382e-115
-6.12734e-121
1.68121e-117
-4.44374e-123
1.57826e-119
-2.80552e-125
1.32666e-121
-1.50446e-127
9.83572e-124
-6.61772e-130
6.3046e-126
-2.26519e-132
3.39911e-128
-5.52594e-135
1.48075e-130
-8.08807e-138
4.88831e-133
-3.79307e-141
1.08643e-135
1.0047e-138
-1.46723e-70
6.85971e-69
-4.27062e-72
2.17429e-70
-1.24077e-73
6.81978e-72
-3.5687e-75
2.13485e-73
-1.00629e-76
6.6161e-75
-2.80798e-78
2.01055e-76
-7.68338e-80
6.04829e-78
-2.04606e-81
1.78501e-79
-5.36002e-83
5.12997e-81
-1.3656e-84
1.45135e-82
-3.36658e-86
3.99659e-84
-8.12225e-88
1.06588e-85
-1.89303e-89
2.78474e-87
-4.24779e-91
7.03605e-89
-9.27277e-93
1.71363e-90
-1.94502e-94
4.06537e-92
-3.90863e-96
9.28001e-94
-7.58022e-98
2.03247e-95
-1.40653e-99
4.3027e-97
-2.48591e-101
8.72974e-99
-4.19248e-103
1.69011e-100
-6.739e-105
3.12845e-102
-1.02381e-106
5.53103e-104
-1.46516e-108
9.2639e-106
-1.97707e-110
1.46537e-107
-2.4998e-112
2.19193e-109
-2.93802e-114
3.08228e-111
-3.19062e-116
4.0441e-113
-3.17868e-118
4.92443e-115
-2.89252e-120
5.52995e-117
-2.36809e-122
5.70852e-119
-1.71897e-124
5.34411e-121
-1.08634e-126
4.48107e-123
-5.83157e-129
3.31504e-125
-2.56782e-131
2.12099e-127
-8.79809e-134
1.14179e-129
-2.14817e-136
4.96799e-132
-3.14662e-139
1.63864e-134
-1.45178e-142
3.64045e-137
3.31749e-140
-5.74582e-72
2.5116e-70
-1.67329e-73
7.98049e-72
-4.86005e-75
2.50632e-73
-1.39645e-76
7.84781e-75
-3.93151e-78
2.43056e-76
-1.09485e-79
7.37602e-78
-2.98863e-81
2.21447e-79
-7.93734e-83
6.5188e-81
-2.07332e-84
1.86782e-82
-5.26622e-86
5.26651e-84
-1.2942e-87
1.44488e-85
-3.11251e-89
3.83824e-87
-7.23122e-91
9.98635e-89
-1.61756e-92
2.51234e-90
-3.5204e-94
6.09181e-92
-7.36267e-96
1.43875e-93
-1.47547e-97
3.2694e-95
-2.8541e-99
7.12815e-97
-5.28313e-101
1.50227e-98
-9.31697e-103
3.03444e-100
-1.56828e-104
5.84918e-102
-2.51652e-106
1.07813e-103
-3.81753e-108
1.89824e-105
-5.45653e-110
3.16667e-107
-7.35615e-112
4.98987e-109
-9.29418e-114
7.43703e-111
-1.09179e-115
1.04217e-112
-1.18531e-117
1.36291e-114
-1.18075e-119
1.65453e-116
-1.07461e-121
1.85274e-118
-8.79974e-124
1.90777e-120
-6.38982e-126
1.78181e-122
-4.03996e-128
1.49095e-124
-2.1698e-130
1.10098e-126
-9.55945e-133
7.0332e-129
-3.27712e-135
3.78132e-131
-8.00556e-138
1.64364e-133
-1.17327e-140
5.41753e-136
-5.32727e-144
1.20325e-138
1.08051e-141
-2.1087e-73
8.63707e-72
-6.16231e-75
2.76053e-73
-1.7942e-76
8.70806e-75
-5.16318e-78
2.7354e-76
-1.45475e-79
8.48967e-78
-4.05182e-81
2.5794e-79
-1.10559e-82
7.74702e-81
-2.93387e-84
2.27979e-82
-7.6546e-86
6.52639e-84
-1.94141e-87
1.83762e-85
-4.76311e-89
5.03229e-87
-1.14342e-90
1.33388e-88
-2.6513e-92
3.46187e-90
-5.91884e-94
8.68543e-92
-1.28555e-95
2.09984e-93
-2.68323e-97
4.9441e-95
-5.36659e-99
1.1199e-96
-1.03615e-100
2.43368e-98
-1.91455e-102
5.11211e-100
-3.37073e-104
1.02915e-101
-5.6652e-106
1.97721e-103
-9.0781e-108
3.63256e-105
-1.37546e-109
6.37522e-107
-1.96392e-111
1.06019e-108
-2.64539e-113
1.66553e-110
-3.33997e-115
2.47521e-112
-3.92134e-117
3.45893e-114
-4.25557e-119
4.5116e-116
-4.23818e-121
5.46347e-118
-3.85697e-123
6.10399e-120
-3.15839e-125
6.27243e-122
-2.29367e-127
5.84715e-124
-1.45045e-129
4.88437e-126
-7.7922e-132
3.60147e-128
-3.43405e-134
2.29777e-130
-1.17763e-136
1.2341e-132
-2.87774e-139
5.35999e-135
-4.21935e-142
1.7657e-137
-1.88594e-145
3.9211e-140
3.46982e-143
-7.24534e-75
2.78632e-73
-2.13121e-76
8.98917e-75
-6.23791e-78
2.85744e-76
-1.80253e-79
9.03166e-78
-5.09505e-81
2.81686e-79
-1.4225e-82
8.59098e-81
-3.88808e-84
2.58754e-82
-1.03292e-85
7.62971e-84
-2.69662e-87
2.18691e-85
-6.84075e-89
6.16145e-87
-1.67811e-90
1.68742e-88
-4.0268e-92
4.47098e-90
-9.33127e-94
1.15945e-91
-2.08149e-95
2.9056e-93
-4.51681e-97
7.0147e-95
-9.41812e-99
1.64888e-96
-1.8817e-100
3.72796e-98
-3.62925e-102
8.08502e-100
-6.69891e-104
1.69471e-101
-1.1782e-105
3.40417e-103
-1.97833e-107
6.52528e-105
-3.16733e-109
1.1961e-106
-4.79509e-111
2.09437e-108
-6.84175e-113
3.475e-110
-9.21046e-115
5.44698e-112
-1.1623e-116
8.07764e-114
-1.36409e-118
1.12644e-115
-1.47993e-120
1.46634e-117
-1.47361e-122
1.77239e-119
-1.34098e-124
1.97671e-121
-1.09809e-126
2.02804e-123
-7.975e-129
1.88777e-125
-5.04383e-131
1.57486e-127
-2.71016e-133
1.15989e-129
-1.19464e-135
7.39304e-132
-4.09775e-138
3.96754e-134
-1.00161e-140
1.72216e-136
-1.46915e-143
5.67088e-139
-6.46559e-147
1.25929e-141
1.09815e-144
-2.32866e-76
8.42414e-75
-6.91635e-78
2.75314e-76
-2.04098e-79
8.84811e-78
-5.93817e-81
2.82269e-79
-1.6881e-82
8.87214e-81
-4.73535e-84
2.72339e-82
-1.29931e-85
8.24641e-84
-3.46261e-87
2.44207e-85
-9.06231e-89
7.02388e-87
-2.30339e-90
1.98422e-88
-5.6589e-92
5.44504e-90
-1.35939e-93
1.44477e-91
-3.15251e-95
3.75009e-93
-7.03565e-97
9.40218e-95
-1.52714e-98
2.27009e-96
-3.18457e-100
5.33483e-98
-6.36235e-102
1.20553e-99
-1.22693e-103
2.61256e-101
-2.26418e-105
5.47111e-103
-3.98116e-107
1.09778e-104
-6.68292e-109
2.10173e-106
-1.06963e-110
3.84752e-108
-1.61888e-112
6.72779e-110
-2.30929e-114
1.11471e-111
-3.1082e-116
1.7448e-113
-3.92172e-118
2.58384e-115
-4.60207e-120
3.59821e-117
-4.99264e-122
4.67764e-119
-4.97129e-124
5.64664e-121
-4.52415e-126
6.28994e-123
-3.70505e-128
6.4461e-125
-2.69122e-130
5.99403e-127
-1.70237e-132
4.99587e-129
-9.14913e-135
3.6765e-131
-4.03386e-137
2.34176e-133
-1.38399e-139
1.25604e-135
-3.38372e-142
5.44978e-138
-4.96518e-145
1.79408e-140
-2.15177e-148
3.98431e-143
3.42399e-146
-6.9959e-78
2.38528e-76
-2.10483e-79
7.92571e-78
-6.28081e-81
2.58396e-79
-1.84501e-82
8.3459e-81
-5.28852e-84
2.65134e-82
-1.49408e-85
8.21346e-84
-4.1245e-87
2.50661e-85
-1.10489e-88
7.47268e-87
-2.9045e-90
2.16148e-88
-7.41008e-92
6.13519e-90
-1.82623e-93
1.69026e-91
-4.39862e-95
4.49949e-93
-1.02231e-96
1.17099e-94
-2.28574e-98
2.94202e-96
-4.96886e-100
7.1148e-98
-1.03744e-101
1.67403e-99
-2.07477e-103
3.78605e-101
-4.00434e-105
8.20924e-103
-7.39455e-107
1.71959e-104
-1.30091e-108
3.45048e-106
-2.18473e-110
6.60496e-108
-3.49806e-112
1.20876e-109
-5.29601e-114
2.1127e-111
-7.55679e-116
3.49857e-113
-1.01739e-117
5.47274e-115
-1.284e-119
8.09908e-117
-1.50714e-121
1.12707e-118
-1.63547e-123
1.46414e-120
-1.6289e-125
1.76619e-122
-1.48282e-127
1.96605e-124
-1.21469e-129
2.01357e-126
-8.82565e-132
1.87122e-128
-5.58446e-134
1.55876e-130
-3.00216e-136
1.14656e-132
-1.32404e-138
7.30016e-135
-4.54399e-141
3.91433e-137
-1.11127e-143
1.698e-139
-1.63135e-146
5.58924e-142
-6.96263e-150
1.24149e-144
1.05143e-147
-1.96349e-79
6.32241e-78
-6.00377e-81
2.14379e-79
-1.81709e-82
7.11436e-81
-5.40438e-84
2.33384e-82
-1.56604e-85
7.5156e-84
-4.46662e-87
2.35606e-85
-1.24335e-88
7.26536e-87
-3.35514e-90
2.18564e-88
-8.87625e-92
6.37201e-90
-2.27717e-93
1.82105e-91
-5.63944e-95
5.04676e-93
-1.36405e-96
1.35031e-94
-3.18197e-98
3.52952e-96
-7.13721e-100
8.90068e-98
-1.55585e-101
2.15927e-99
-3.25631e-103
5.09393e-101
-6.52599e-105
1.15459e-102
-1.26184e-106
2.50798e-104
-2.33388e-108
5.26111e-106
-4.11169e-110
1.05689e-107
-6.91367e-112
2.02492e-109
-1.10818e-113
3.70822e-111
-1.6794e-115
6.48437e-113
-2.3984e-117
1.07413e-114
-3.2316e-119
1.68053e-116
-4.08143e-121
2.48718e-118
-4.79391e-123
3.4611e-120
-5.20534e-125
4.49579e-122
-5.18748e-127
5.42255e-124
-4.72487e-129
6.03517e-126
-3.87252e-131
6.17997e-128
-2.81505e-133
5.74203e-130
-1.78205e-135
4.7824e-132
-9.58428e-138
3.5172e-134
-4.22863e-140
2.23915e-136
-1.45175e-142
1.20053e-138
-3.55155e-145
5.20766e-141
-5.21615e-148
1.71423e-143
-2.19269e-151
3.80874e-146
3.17902e-149
-5.14624e-81
1.56851e-79
-1.60454e-82
5.44772e-81
-4.94069e-84
1.8466e-82
-1.49203e-85
6.17216e-84
-4.38229e-87
2.02074e-85
-1.26496e-88
6.42819e-87
-3.55877e-90
2.00807e-88
-9.69403e-92
6.11034e-90
-2.58613e-93
1.79951e-91
-6.68393e-95
5.1889e-93
-1.66621e-96
1.44938e-94
-4.05375e-98
3.90491e-96
-9.50533e-100
1.02692e-97
-2.14188e-101
2.60351e-99
-4.68821e-103
6.34555e-101
-9.8478e-105
1.50308e-102
-1.97998e-106
3.41892e-104
-3.83941e-108
7.44927e-106
-7.11949e-110
1.56679e-107
-1.25714e-111
3.15461e-109
-2.11816e-113
6.05561e-111
-3.40139e-115
1.11078e-112
-5.16318e-117
1.94504e-114
-7.3847e-119
3.22564e-116
-9.96364e-121
5.05153e-118
-1.25993e-122
7.48223e-120
-1.48153e-124
1.04189e-121
-1.61033e-126
1.35407e-123
-1.60631e-128
1.6339e-125
-1.46433e-130
1.81913e-127
-1.20112e-132
1.86331e-129
-8.73759e-135
1.73167e-131
-5.53489e-137
1.44255e-133
-2.97854e-139
1.0611e-135
-1.31483e-141
6.75633e-138
-4.5161e-144
3.623e-140
-1.10526e-146
1.57182e-142
-1.62415e-149
5.1749e-145
-6.72485e-153
1.15021e-147
9.4619e-151
-1.25932e-82
3.64269e-81
-4.01716e-84
1.30082e-82
-1.26236e-85
4.51943e-84
-3.8818e-87
1.54407e-85
-1.15871e-88
5.15475e-87
-3.39328e-90
1.66852e-88
-9.67045e-92
5.29359e-90
-2.66482e-93
1.63319e-91
-7.18298e-95
4.86949e-93
-1.87373e-96
1.41965e-94
-4.70989e-98
4.00449e-96
-1.15444e-99
1.08837e-97
-2.7251e-101
2.88461e-99
-6.17756e-103
7.36415e-101
-1.35946e-104
1.80598e-102
-2.86946e-106
4.30134e-104
-5.79445e-108
9.83151e-106
-1.12802e-109
2.15136e-107
-2.09911e-111
4.54214e-109
-3.71835e-113
9.17591e-111
-6.28312e-115
1.76662e-112
-1.01158e-116
3.2489e-114
-1.53915e-118
5.70193e-116
-2.20608e-120
9.47482e-118
-2.98226e-122
1.48638e-119
-3.77778e-124
2.20491e-121
-4.44931e-126
3.07432e-123
-4.84312e-128
4.00003e-125
-4.83739e-130
4.83141e-127
-4.41509e-132
5.3837e-129
-3.62539e-134
5.51854e-131
-2.63987e-136
5.13195e-133
-1.6737e-138
4.2775e-135
-9.01371e-141
3.14795e-137
-3.98164e-143
2.00523e-139
-1.36837e-145
1.07569e-141
-3.35057e-148
4.66836e-144
-4.92639e-151
1.53742e-146
-2.00929e-154
3.41875e-149
2.77188e-152
-2.87712e-84
7.92313e-83
-9.42162e-86
2.92018e-84
-3.03086e-87
1.04351e-85
-9.5175e-89
3.65581e-87
-2.89492e-90
1.24817e-88
-8.6222e-92
4.12221e-90
-2.49484e-93
1.33161e-91
-6.96957e-95
4.17533e-93
-1.90193e-96
1.26313e-94
-5.01676e-98
3.73093e-96
-1.27375e-99
1.06483e-97
-3.15047e-101
2.92477e-99
-7.49788e-103
7.8256e-101
-1.71232e-104
2.01489e-102
-3.7935e-106
4.97926e-104
-8.05569e-108
1.19409e-105
-1.63567e-109
2.74618e-107
-3.20006e-111
6.04253e-109
-5.98178e-113
1.28207e-110
-1.06394e-114
2.60148e-112
-1.80448e-116
5.02838e-114
-2.915e-118
9.28009e-116
-4.44883e-120
1.63381e-117
-6.39428e-122
2.72247e-119
-8.66584e-124
4.28153e-121
-1.10026e-125
6.36528e-123
-1.29853e-127
8.89243e-125
-1.41612e-129
1.159e-126
-1.41686e-131
1.40202e-128
-1.29516e-133
1.56439e-130
-1.06497e-135
1.60546e-132
-7.76427e-138
1.49454e-134
-4.92797e-140
1.24683e-136
-2.65649e-142
9.18307e-139
-1.17442e-144
5.8536e-141
-4.03897e-147
3.14194e-143
-9.89547e-150
1.36425e-145
-1.45587e-152
4.49477e-148
-5.84945e-156
1.00004e-150
7.99189e-154
-6.13793e-86
1.61539e-84
-2.07035e-87
6.16819e-86
-6.83921e-89
2.27492e-87
-2.19944e-90
8.19864e-89
-6.83509e-92
2.87111e-90
-2.07552e-93
9.70094e-92
-6.11133e-95
3.19875e-93
-1.73444e-96
1.02171e-94
-4.80124e-98
3.14297e-96
-1.28293e-99
9.42446e-98
-3.2958e-101
2.72668e-99
-8.23904e-103
7.58221e-101
-1.97987e-104
2.05143e-102
-4.56138e-106
5.33532e-104
-1.01863e-107
1.33053e-105
-2.17887e-109
3.21713e-107
-4.45338e-111
7.45394e-109
-8.76518e-113
1.65116e-110
-1.64743e-114
3.52463e-112
-2.9448e-116
7.19105e-114
-5.01717e-118
1.39681e-115
-8.13836e-120
2.58931e-117
-1.24674e-121
4.57681e-119
-1.79806e-123
7.65384e-121
-2.44441e-125
1.20756e-122
-3.1123e-127
1.80043e-124
-3.68257e-129
2.52172e-126
-4.02538e-131
3.29424e-128
-4.03592e-133
3.99313e-130
-3.69622e-135
4.46365e-132
-3.04442e-137
4.58822e-134
-2.22288e-139
4.27727e-136
-1.41272e-141
3.57277e-138
-7.62422e-144
2.63423e-140
-3.37394e-146
1.68071e-142
-1.16129e-148
9.02845e-145
-2.84708e-151
3.92281e-147
-4.19166e-154
1.29314e-149
-1.65913e-157
2.87886e-152
2.26777e-155
-1.22314e-87
3.091e-86
-4.26396e-89
1.2274e-87
-1.4509e-90
4.68826e-89
-4.79207e-92
1.74355e-90
-1.52549e-93
6.28078e-92
-4.73416e-95
2.1769e-93
-1.4217e-96
7.34499e-95
-4.10766e-98
2.39533e-96
-1.15567e-99
7.50847e-98
-3.13392e-101
2.29019e-99
-8.15966e-103
6.72922e-101
-2.06486e-104
1.89767e-102
-5.01743e-106
5.2001e-104
-1.16774e-107
1.36817e-105
-2.63196e-109
3.44799e-107
-5.67748e-111
8.41688e-109
-1.16938e-112
1.9671e-110
-2.31782e-114
4.39182e-112
-4.38439e-116
9.44203e-114
-7.88318e-118
1.93888e-115
-1.35028e-119
3.78827e-117
-2.201e-121
7.05981e-119
-3.3868e-123
1.25388e-120
-4.90432e-125
2.10598e-122
-6.69188e-127
3.33568e-124
-8.54892e-129
4.99093e-126
-1.01461e-130
7.01257e-128
-1.11212e-132
9.18693e-130
-1.1178e-134
1.11643e-131
-1.026e-136
1.25082e-133
-8.4675e-139
1.28832e-135
-6.19345e-141
1.20314e-137
-3.94224e-143
1.00655e-139
-2.13041e-145
7.43143e-142
-9.43848e-148
4.74699e-144
-3.25176e-150
2.55251e-146
-7.97826e-153
1.10996e-148
-1.17549e-155
3.66135e-151
-4.5839e-159
8.15657e-154
6.33362e-157
-2.27791e-89
5.56e-88
-8.23453e-91
2.30457e-89
-2.89499e-92
9.14742e-91
-9.84744e-94
3.52134e-92
-3.21942e-95
1.30852e-93
-1.02351e-96
4.66437e-95
-3.14172e-98
1.61424e-96
-9.25973e-100
5.3868e-98
-2.65281e-101
1.72418e-99
-7.31348e-103
5.35965e-101
-1.93305e-104
1.6022e-102
-4.95937e-106
4.58973e-104
-1.22029e-107
1.2758e-105
-2.87278e-109
3.40062e-107
-6.54313e-111
8.67228e-109
-1.42502e-112
2.13998e-110
-2.96093e-114
5.05078e-112
-5.91602e-116
1.13781e-113
-1.12731e-117
2.46623e-115
-2.04056e-119
5.10207e-117
-3.51671e-121
1.00362e-118
-5.76455e-123
1.88188e-120
-8.91572e-125
3.36106e-122
-1.2971e-126
5.67378e-124
-1.77741e-128
9.028e-126
-2.27945e-130
1.3564e-127
-2.71482e-132
1.91297e-129
-2.98516e-134
2.51456e-131
-3.00899e-136
3.06503e-133
-2.76896e-138
3.44325e-135
-2.29044e-140
3.555e-137
-1.6787e-142
3.32703e-139
-1.07041e-144
2.78858e-141
-5.79343e-147
2.06217e-143
-2.57002e-149
1.31909e-145
-8.86378e-152
7.10119e-148
-2.17661e-154
3.09092e-150
-3.20951e-157
1.02036e-152
-1.23309e-160
2.27477e-155
1.74128e-158
-3.9671e-91
9.42128e-90
-1.49199e-92
4.09114e-91
-5.43565e-94
1.69304e-92
-1.90943e-95
6.76644e-94
-6.42707e-97
2.60084e-95
-2.09801e-98
9.5587e-97
-6.59655e-100
3.40094e-98
-1.98723e-101
1.16379e-99
-5.80783e-103
3.81105e-101
-1.63055e-104
1.20956e-102
-4.38202e-106
3.68497e-104
-1.14145e-107
1.07401e-105
-2.84794e-109
3.03282e-107
-6.79048e-111
8.2011e-109
-1.56475e-112
2.11912e-110
-3.44444e-114
5.29227e-112
-7.22728e-116
1.26285e-113
-1.45704e-117
2.8735e-115
-2.79932e-119
6.28559e-117
-5.10535e-121
1.31124e-118
-8.85941e-123
2.59903e-120
-1.46141e-124
4.90732e-122
-2.27334e-126
8.82008e-124
-3.32479e-128
1.49749e-125
-4.57785e-130
2.39523e-127
-5.89653e-132
3.61575e-129
-7.0506e-134
5.12123e-131
-7.78048e-136
6.75776e-133
-7.8679e-138
8.26574e-135
-7.26118e-140
9.31459e-137
-6.02178e-142
9.64352e-139
-4.42348e-144
9.04723e-141
-2.82621e-146
7.59933e-143
-1.53225e-148
5.63024e-145
-6.80707e-151
3.6072e-147
-2.35049e-153
1.94451e-149
-5.77736e-156
8.47311e-152
-8.52617e-159
2.79953e-154
-3.22744e-162
6.24601e-157
4.7135e-160
-6.46511e-93
1.50771e-91
-2.53773e-94
6.88352e-93
-9.60878e-96
2.9794e-94
-3.49496e-97
1.23981e-95
-1.2141e-98
4.94225e-97
-4.07843e-100
1.87725e-98
-1.3162e-101
6.88175e-100
-4.06044e-103
2.41971e-101
-1.21271e-104
8.12211e-103
-3.47283e-106
2.63654e-104
-9.50381e-108
8.19905e-106
-2.51703e-109
2.43495e-107
-6.37625e-111
6.99486e-109
-1.54166e-112
1.9214e-110
-3.5982e-114
5.03655e-112
-8.014e-116
1.27445e-113
-1.69972e-117
3.07789e-115
-3.46067e-119
7.0809e-117
-6.70924e-121
1.56456e-118
-1.23382e-122
3.29401e-120
-2.15742e-124
6.58424e-122
-3.58367e-126
1.25278e-123
-5.61033e-128
2.26749e-125
-8.25309e-130
3.87444e-127
-1.1424e-131
6.23327e-129
-1.4786e-133
9.45926e-131
-1.77576e-135
1.34619e-132
-1.96736e-137
1.78406e-134
-1.99657e-139
2.19067e-136
-1.8485e-141
2.47725e-138
-1.53734e-143
2.57271e-140
-1.13213e-145
2.42027e-142
-7.24914e-148
2.03784e-144
-3.93759e-150
1.51297e-146
-1.75206e-152
9.71073e-149
-6.05777e-155
5.24255e-151
-1.49048e-157
2.2872e-153
-2.20157e-160
7.56414e-156
-8.21089e-164
1.689e-158
1.25662e-161
-9.86508e-95
2.28577e-93
-4.05403e-96
1.10092e-94
-1.59976e-97
4.99901e-96
-6.04011e-99
2.17184e-97
-2.17051e-100
9.00087e-99
-7.51898e-102
3.54137e-100
-2.49546e-103
1.34036e-101
-7.89766e-105
4.85178e-103
-2.41445e-106
1.67224e-104
-7.06341e-108
5.56095e-106
-1.97115e-109
1.76789e-107
-5.31482e-111
5.3572e-109
-1.36868e-112
1.56762e-110
-3.35948e-114
4.37941e-112
-7.95021e-116
1.16588e-113
-1.79334e-117
2.99229e-115
-3.84821e-119
7.3211e-117
-7.91945e-121
1.70445e-118
-1.55053e-122
3.80739e-120
-2.87727e-124
8.09653e-122
-5.07295e-126
1.63325e-123
-8.49079e-128
3.13368e-125
-1.33852e-129
5.71539e-127
-1.98157e-131
9.83418e-129
-2.75884e-133
1.59223e-130
-3.58961e-135
2.43027e-132
-4.33167e-137
3.4768e-134
-4.81984e-139
4.62957e-136
-4.91044e-141
5.709e-138
-4.56211e-143
6.48062e-140
-3.80591e-145
6.75335e-142
-2.81041e-147
6.37244e-144
-1.80381e-149
5.37978e-146
-9.81793e-152
4.00336e-148
-4.37608e-154
2.57453e-150
-1.51516e-156
1.3922e-152
-3.73204e-159
6.08195e-155
-5.51755e-162
2.01347e-157
-2.02742e-165
4.49967e-160
3.30074e-163
-1.40984e-96
3.2947e-95
-6.08341e-98
1.67939e-96
-2.50843e-99
8.0227e-98
-9.85475e-101
3.64823e-99
-3.67118e-102
1.57552e-100
-1.31408e-103
6.43437e-102
-4.4933e-105
2.51917e-103
-1.46128e-106
9.40393e-105
-4.57993e-108
3.33349e-106
-1.3707e-109
1.13731e-107
-3.9058e-111
3.70132e-109
-1.07347e-112
1.14591e-110
-2.81339e-114
3.41965e-112
-7.01789e-116
9.72686e-114
-1.68558e-117
2.63257e-115
-3.85429e-119
6.85967e-117
-8.37483e-121
1.70179e-118
-1.74344e-122
4.0128e-120
-3.44968e-124
9.06914e-122
-6.46384e-126
1.94935e-123
-1.14984e-127
3.97108e-125
-1.94029e-129
7.68802e-127
-3.08168e-131
1.41376e-128
-4.59345e-133
2.45092e-130
-6.43522e-135
3.99549e-132
-8.42068e-137
6.13658e-134
-1.02139e-138
8.82893e-136
-1.14179e-140
1.18166e-137
-1.16813e-142
1.46391e-139
-1.08933e-144
1.66867e-141
-9.11791e-147
1.74533e-143
-6.75269e-149
1.65228e-145
-4.34515e-151
1.39891e-147
-2.3702e-153
1.04359e-149
-1.05839e-155
6.72549e-152
-3.67e-158
3.64331e-154
-9.05017e-161
1.59389e-156
-1.33924e-163
5.28249e-159
-4.84804e-167
1.18154e-161
8.5459e-165
-1.88625e-98
4.53382e-97
-8.56954e-100
2.45294e-98
-3.70139e-101
1.236e-99
-1.51642e-102
5.89663e-101
-5.86805e-104
2.65911e-102
-2.17431e-105
1.12936e-103
-7.6726e-107
4.58174e-105
-2.56802e-108
1.7666e-106
-8.26302e-110
6.44983e-108
-2.53325e-111
2.26066e-109
-7.37954e-113
7.54091e-111
-2.06968e-114
2.38796e-112
-5.52609e-116
7.27519e-114
-1.40222e-117
2.10901e-115
-3.42121e-119
5.80833e-117
-7.93682e-121
1.53787e-118
-1.74761e-122
3.87168e-120
-3.68278e-124
9.25327e-122
-7.36919e-126
2.11733e-123
-1.39511e-127
4.60303e-125
-2.5053e-129
9.47511e-127
-4.26441e-131
1.85197e-128
-6.82703e-133
3.43549e-130
-1.02503e-134
6.00357e-132
-1.44558e-136
9.85856e-134
-1.90304e-138
1.52423e-135
-2.32095e-140
2.20622e-137
-2.60741e-142
2.96894e-139
-2.67945e-144
3.69625e-141
-2.50866e-146
4.23189e-143
-2.10723e-148
4.44377e-145
-1.56546e-150
4.22157e-147
-1.01005e-152
3.58516e-149
-5.52243e-155
2.68164e-151
-2.47077e-157
1.73211e-153
-8.58093e-160
9.4008e-156
-2.11861e-162
4.11894e-158
-3.13803e-165
1.36669e-160
-1.11895e-168
3.05957e-163
2.18208e-166
-2.35807e-100
5.98437e-99
-1.1308e-101
3.44557e-100
-5.12763e-103
1.83551e-101
-2.19511e-104
9.20556e-103
-8.83954e-106
4.34279e-104
-3.39613e-107
1.92132e-105
-1.23861e-108
8.08909e-107
-4.27242e-110
3.226e-108
-1.41313e-111
1.21462e-109
-4.44303e-113
4.37868e-111
-1.32459e-114
1.49867e-112
-3.79475e-116
4.85901e-114
-1.03317e-117
1.5127e-115
-2.66908e-119
4.47305e-117
-6.62047e-121
1.25455e-118
-1.55936e-122
3.3777e-120
-3.4818e-124
8.63526e-122
-7.43203e-126
2.09317e-123
-1.50479e-127
4.85209e-125
-2.87985e-129
1.06747e-126
-5.22332e-131
2.22148e-128
-8.97243e-133
4.38575e-130
-1.44849e-134
8.21076e-132
-2.19152e-136
1.44693e-133
-3.1123e-138
2.3943e-135
-4.12329e-140
3.72775e-137
-5.05784e-142
5.43e-139
-5.71175e-144
7.34931e-141
-5.89708e-146
9.19724e-143
-5.54435e-148
1.05791e-144
-4.67447e-150
1.1155e-146
-3.48404e-152
1.06363e-148
-2.25433e-154
9.06199e-151
-1.23554e-156
6.79715e-153
-5.53909e-159
4.40083e-155
-1.92686e-161
2.39321e-157
-4.76331e-164
1.05025e-159
-7.06184e-167
3.48901e-162
-2.47972e-170
7.81758e-165
5.49802e-168
-2.74085e-102
7.61644e-101
-1.39045e-103
4.67718e-102
-6.63242e-105
2.63931e-103
-2.97211e-106
1.39395e-104
-1.24748e-107
6.89014e-106
-4.97674e-109
3.1798e-107
-1.87843e-110
1.39109e-108
-6.68565e-112
5.74482e-110
-2.27561e-113
2.23297e-111
-7.34508e-115
8.28747e-113
-2.24315e-116
2.91307e-114
-6.5699e-118
9.67814e-116
-1.82545e-119
3.0812e-117
-4.80477e-121
9.30022e-119
-1.21244e-122
2.65812e-120
-2.90121e-124
7.28184e-122
-6.57282e-126
1.89156e-123
-1.42188e-127
4.65277e-125
-2.91454e-129
1.09316e-126
-5.64122e-131
2.43491e-128
-1.03385e-132
5.12507e-130
-1.7929e-134
1.02241e-131
-2.91977e-136
1.93244e-133
-4.45291e-138
3.43527e-135
-6.37002e-140
5.72999e-137
-8.49533e-142
8.98622e-139
-1.04836e-143
1.31764e-140
-1.19034e-145
1.79408e-142
-1.23497e-147
2.25734e-144
-1.16617e-149
2.60912e-146
-9.87017e-152
2.76308e-148
-7.38162e-154
2.64469e-150
-4.79036e-156
2.26082e-152
-2.63209e-158
1.70071e-154
-1.18248e-160
1.10385e-156
-4.12038e-163
6.01518e-159
-1.01989e-165
2.64406e-161
-1.51342e-168
8.79476e-164
-5.2308e-172
1.97229e-166
1.36789e-169
-2.92791e-104
9.40086e-103
-1.57438e-105
6.16831e-104
-7.91319e-107
3.69286e-105
-3.71758e-108
2.05677e-106
-1.62862e-109
1.0665e-107
-6.75499e-111
5.13994e-109
-2.6416e-112
2.33885e-110
-9.71108e-114
1.00111e-111
-3.40467e-115
4.0205e-113
-1.12915e-116
1.53741e-114
-3.53521e-118
5.55381e-116
-1.05934e-119
1.89197e-117
-3.00582e-121
6.16348e-119
-8.06578e-123
1.90006e-120
-2.07178e-124
5.53696e-122
-5.03915e-126
1.54412e-123
-1.15893e-127
4.07734e-125
-2.54198e-129
1.01815e-126
-5.27716e-131
2.42549e-128
-1.03342e-132
5.47174e-130
-1.91435e-134
1.16524e-131
-3.35272e-136
2.34961e-133
-5.50946e-138
4.48481e-135
-8.47201e-140
8.04459e-137
-1.2211e-141
1.35289e-138
-1.6397e-143
2.13765e-140
-2.03606e-145
3.15583e-142
-2.32481e-147
4.32351e-144
-2.42416e-149
5.47026e-146
-2.29945e-151
6.35441e-148
-1.95398e-153
6.75942e-150
-1.46646e-155
6.49537e-152
-9.54573e-158
5.57182e-154
-5.25856e-160
4.20397e-156
-2.36753e-162
2.73554e-158
-8.26399e-165
1.49381e-160
-2.04822e-167
6.57733e-163
-3.04209e-170
2.19056e-165
-1.03396e-173
4.91667e-168
3.36293e-171
-2.79586e-106
1.13233e-104
-1.59609e-107
7.94878e-106
-8.46555e-109
5.05449e-107
-4.17485e-110
2.97164e-108
-1.91115e-111
1.61791e-109
-8.2499e-113
8.14925e-111
-3.34577e-114
3.85979e-112
-1.27153e-115
1.71349e-113
-4.59554e-117
7.1143e-115
-1.56713e-118
2.80446e-116
-5.03342e-120
1.0417e-117
-1.54409e-121
3.64039e-119
-4.47674e-123
1.21403e-120
-1.22534e-124
3.82392e-122
-3.20534e-126
1.13657e-123
-7.92819e-128
3.2277e-125
-1.85173e-129
8.6665e-127
-4.11966e-131
2.19761e-128
-8.6649e-133
5.3097e-130
-1.71734e-134
1.21347e-131
-3.21654e-136
2.61515e-133
-5.69061e-138
5.33119e-135
-9.43834e-140
1.02784e-136
-1.4637e-141
1.86067e-138
-2.12606e-143
3.1555e-140
-2.87503e-145
5.02412e-142
-3.59283e-147
7.46883e-144
-4.12603e-149
1.0297e-145
-4.32468e-151
1.31023e-147
-4.1212e-153
1.52978e-149
-3.51641e-155
1.6347e-151
-2.64858e-157
1.57718e-153
-1.72943e-159
1.3577e-155
-9.55237e-162
1.02752e-157
-4.31018e-164
6.70342e-160
-1.50715e-166
3.66841e-162
-3.74048e-169
1.61798e-164
-5.56058e-172
5.39556e-167
-1.85507e-175
1.21202e-169
8.17603e-173
-2.20665e-108
1.33986e-106
-1.33949e-109
1.00702e-107
-7.50748e-111
6.8058e-109
-3.89137e-112
4.22612e-110
-1.86356e-113
2.41713e-111
-8.38107e-115
1.27301e-112
-3.5283e-116
6.2785e-114
-1.38743e-117
2.89184e-115
-5.17331e-119
1.24172e-116
-1.81533e-120
5.04755e-118
-5.98557e-122
1.92835e-119
-1.88095e-123
6.91494e-121
-5.57552e-125
2.36125e-122
-1.55749e-126
7.60078e-124
-4.15125e-128
2.30471e-125
-1.04464e-129
6.66631e-127
-2.47891e-131
1.8204e-128
-5.59608e-133
4.68827e-130
-1.19293e-134
1.14903e-131
-2.39369e-136
2.66063e-133
-4.53446e-138
5.80339e-135
-8.10606e-140
1.19622e-136
-1.35732e-141
2.32976e-138
-2.12335e-143
4.25678e-140
-3.1088e-145
7.28047e-142
-4.23443e-147
1.16817e-143
-5.32639e-149
1.74883e-145
-6.15313e-151
2.42642e-147
-6.48374e-153
3.10526e-149
-6.20806e-155
3.64432e-151
-5.31934e-157
3.9122e-153
-4.02134e-159
3.78991e-155
-2.63419e-161
3.27415e-157
-1.45892e-163
2.48553e-159
-6.59772e-166
1.62576e-161
-2.31122e-168
8.91606e-164
-5.74433e-171
3.93924e-166
-8.54927e-174
1.31532e-168
-2.7868e-177
2.95698e-171
1.96735e-174
-9.65799e-111
-6.24184e-112
-3.70113e-113
-2.01853e-114
-1.01228e-115
-4.74745e-117
-2.07645e-118
-8.45528e-120
-3.2551e-121
-1.17618e-122
-3.98384e-124
-1.28322e-125
-3.89114e-127
-1.10992e-128
-3.01578e-130
-7.72459e-132
-1.86315e-133
-4.26956e-135
-9.22802e-137
-1.8753e-138
-3.5941e-140
-6.49411e-142
-1.09811e-143
-1.73331e-145
-2.55856e-147
-3.51097e-149
-4.44622e-151
-5.16769e-153
-5.47519e-155
-5.26805e-157
-4.53345e-159
-3.44024e-161
-2.26093e-163
-1.25568e-165
-5.69172e-168
-1.99757e-170
-4.97213e-173
-7.40809e-176
-2.35578e-179
)
;

boundaryField
{
    leftWall
    {
        type            calculated;
        value           nonuniform 0();
    }
    rightWall
    {
        type            calculated;
        value           uniform 0;
    }
    lowerWall
    {
        type            calculated;
        value           nonuniform 0();
    }
    atmosphere
    {
        type            calculated;
        value           nonuniform List<scalar> 
45
(
5.5988e-104
8.59801e-105
1.19007e-105
1.41767e-106
1.48362e-107
1.56826e-108
1.26225e-109
9.0682e-111
5.94829e-112
3.57444e-113
1.96858e-114
1.01111e-115
4.83232e-117
2.14601e-118
8.99624e-120
3.53513e-121
1.30085e-122
4.54856e-124
1.49638e-125
4.62899e-127
1.36377e-128
3.7876e-130
9.90746e-132
2.46312e-133
5.7789e-135
1.27579e-136
2.65897e-138
5.23142e-140
9.64766e-142
1.66412e-143
2.69084e-145
4.05678e-147
5.66455e-149
7.29104e-151
8.60094e-153
9.27568e-155
9.0223e-157
7.82221e-159
5.95637e-161
3.90613e-163
2.14681e-165
9.50106e-168
3.17645e-170
7.1464e-173
4.68944e-176
)
;
    }
    defaultFaces
    {
        type            empty;
        value           nonuniform 0();
    }
    procBoundary3to1
    {
        type            processor;
        value           nonuniform List<scalar> 
45
(
-2.88489e-38
-1.41353e-39
-7.4118e-41
-3.91235e-42
-2.06797e-43
-1.091e-44
-5.0854e-46
-2.33497e-47
-1.05249e-48
-4.64239e-50
-1.99776e-51
-8.36401e-53
-3.39813e-54
-1.33657e-55
-5.07829e-57
-1.86011e-58
-6.5558e-60
-2.21924e-61
-7.20345e-63
-2.23834e-64
-6.6476e-66
-1.8839e-67
-5.08624e-69
-1.306e-70
-3.1836e-72
-7.35337e-74
-1.60595e-75
-3.30855e-77
-6.4132e-79
-1.16616e-80
-1.98259e-82
-3.13915e-84
-4.60823e-86
-6.23859e-88
-7.73955e-90
-8.73161e-92
-8.87439e-94
-8.03042e-96
-6.3729e-98
-4.34772e-100
-2.48053e-102
-1.1368e-104
-3.92441e-107
-9.06483e-110
-1.01226e-112
)
;
    }
    procBoundary3to2
    {
        type            processor;
        value           nonuniform List<scalar> 
43
(
-4.52431e-39
-2.06642e-40
4.1791e-43
1.57719e-43
2.50862e-44
3.14903e-45
3.46781e-46
3.47806e-47
3.22861e-48
2.7939e-49
2.26019e-50
1.71006e-51
1.20896e-52
7.9728e-54
4.89432e-55
2.79038e-56
1.47402e-57
7.19755e-59
3.24129e-60
1.34329e-61
5.11304e-63
1.78424e-64
5.6986e-66
1.66335e-67
4.43125e-69
1.07624e-70
2.38084e-72
4.79394e-74
8.78182e-76
1.46313e-77
2.21705e-79
3.05605e-81
3.83402e-83
4.38105e-85
4.5638e-87
4.33821e-89
3.7654e-91
2.98319e-93
2.15114e-95
1.39917e-97
8.00681e-100
3.73416e-102
9.55339e-105
)
;
    }
}


// ************************************************************************* //
