/*--------------------------------*- C++ -*----------------------------------*\
| =========                 |                                                 |
| \\      /  F ield         | OpenFOAM: The Open Source CFD Toolbox           |
|  \\    /   O peration     | Version:  3.0.1                                 |
|   \\  /    A nd           | Web:      www.OpenFOAM.org                      |
|    \\/     M anipulation  |                                                 |
\*---------------------------------------------------------------------------*/
FoamFile
{
    version     2.0;
    format      ascii;
    class       volScalarField;
    location    "0.05";
    object      p;
}
// * * * * * * * * * * * * * * * * * * * * * * * * * * * * * * * * * * * * * //

dimensions      [1 -1 -2 0 0 0 0];

internalField   nonuniform List<scalar> 
1935
(
-1.83043
-1.9201
-2.01014
-2.10068
-2.19153
-2.28264
-2.37395
-2.46539
-2.55689
-2.64837
-2.73978
-2.83108
-2.9222
-3.01311
-3.10381
-3.19428
-3.28453
-3.37458
-3.46444
-3.55415
-3.64375
-3.73328
-3.82278
-3.9123
-4.0019
-4.0916
-4.18147
-4.27155
-4.3619
-4.45256
-4.54357
-4.63498
-4.72685
-4.8192
-4.91208
-5.00555
-5.09962
-5.19436
-5.28981
-5.38599
-5.48297
-5.58078
-5.67947
-1.82914
-1.82821
-1.82761
-1.82731
-1.91798
-1.91628
-1.91495
-1.91394
-2.00725
-2.00483
-2.00277
-2.00108
-2.09697
-2.0938
-2.09104
-2.08867
-2.18704
-2.18315
-2.17971
-2.17669
-2.27739
-2.27281
-2.26872
-2.26509
-2.36798
-2.36275
-2.35804
-2.35382
-2.45875
-2.45291
-2.44761
-2.44283
-2.54964
-2.54322
-2.53739
-2.53209
-2.64057
-2.63364
-2.62732
-2.62155
-2.73149
-2.72411
-2.71735
-2.71117
-2.82236
-2.81459
-2.80746
-2.80091
-2.91315
-2.90505
-2.89759
-2.89073
-3.0038
-2.99545
-2.98774
-2.98063
-3.09432
-3.08578
-3.07788
-3.07056
-3.18468
-3.17603
-3.16799
-3.16054
-3.2749
-3.26619
-3.25808
-3.25054
-3.36498
-3.35627
-3.34814
-3.34057
-3.45493
-3.44629
-3.4382
-3.43063
-3.54479
-3.53626
-3.52825
-3.52075
-3.63459
-3.62621
-3.61833
-3.61093
-3.72436
-3.71618
-3.70847
-3.70121
-3.81413
-3.80619
-3.79868
-3.7916
-3.90396
-3.89628
-3.88901
-3.88213
-3.99388
-3.98649
-3.97949
-3.97285
-4.08395
-4.07687
-4.07015
-4.06377
-4.17419
-4.16746
-4.16104
-4.15494
-4.26467
-4.25829
-4.2522
-4.2464
-4.35542
-4.34941
-4.34366
-4.33818
-4.4465
-4.44086
-4.43546
-4.43031
-4.53793
-4.53268
-4.52766
-4.52285
-4.62978
-4.62493
-4.62027
-4.61582
-4.72208
-4.71763
-4.71336
-4.70926
-4.81487
-4.81083
-4.80695
-4.80322
-4.9082
-4.90457
-4.90108
-4.89773
-5.00211
-4.9989
-4.99581
-4.99284
-5.09664
-5.09385
-5.09116
-5.08857
-5.19183
-5.18947
-5.18718
-5.18498
-5.28773
-5.28579
-5.28391
-5.28211
-5.38438
-5.38286
-5.3814
-5.37999
-5.48181
-5.48073
-5.47968
-5.47867
-5.58008
-5.57943
-5.5788
-5.5782
-5.67924
-5.67902
-5.67881
-5.67861
-1.82728
-1.82756
-1.82811
-1.82892
-1.82994
-1.83115
-1.83252
-1.83402
-1.83564
-1.83735
-1.83913
-1.84097
-1.84284
-1.84474
-1.84664
-1.84854
-1.85043
-1.85228
-1.85411
-1.85589
-1.85763
-1.8593
-1.86092
-1.86247
-1.86394
-1.86534
-1.86666
-1.8679
-1.86905
-1.87012
-1.87109
-1.87198
-1.87276
-1.87346
-1.87406
-1.87456
-1.87496
-1.87526
-1.87546
-1.87556
-1.91319
-1.91275
-1.91262
-1.91277
-1.91316
-1.91377
-1.91458
-1.91554
-1.91665
-1.91788
-1.9192
-1.9206
-1.92206
-1.92357
-1.92511
-1.92667
-1.92823
-1.92978
-1.93132
-1.93284
-1.93432
-1.93577
-1.93717
-1.93851
-1.9398
-1.94103
-1.94219
-1.94329
-1.94431
-1.94525
-1.94612
-1.94691
-1.94761
-1.94823
-1.94876
-1.94921
-1.94957
-1.94984
-1.95002
-1.95011
-1.99963
-1.99849
-1.99769
-1.9972
-1.99698
-1.99702
-1.99727
-1.99771
-1.99832
-1.99908
-1.99995
-2.00093
-2.00199
-2.00312
-2.0043
-2.00552
-2.00677
-2.00803
-2.00929
-2.01054
-2.01178
-2.013
-2.01418
-2.01533
-2.01644
-2.01749
-2.0185
-2.01945
-2.02034
-2.02117
-2.02193
-2.02262
-2.02324
-2.02378
-2.02426
-2.02465
-2.02497
-2.02521
-2.02537
-2.02545
-2.08656
-2.08473
-2.08328
-2.08217
-2.08137
-2.08084
-2.08056
-2.0805
-2.08063
-2.08093
-2.08137
-2.08194
-2.08261
-2.08337
-2.08421
-2.0851
-2.08604
-2.087
-2.08799
-2.08899
-2.08999
-2.09098
-2.09195
-2.09291
-2.09383
-2.09472
-2.09558
-2.09639
-2.09715
-2.09786
-2.09851
-2.09911
-2.09964
-2.10012
-2.10053
-2.10087
-2.10115
-2.10136
-2.1015
-2.10157
-2.17392
-2.17144
-2.16936
-2.16766
-2.1663
-2.16523
-2.16444
-2.16389
-2.16355
-2.16341
-2.16343
-2.16361
-2.1639
-2.16431
-2.16481
-2.16538
-2.16602
-2.1667
-2.16742
-2.16817
-2.16893
-2.1697
-2.17047
-2.17124
-2.17199
-2.17272
-2.17342
-2.17409
-2.17472
-2.17532
-2.17587
-2.17637
-2.17683
-2.17723
-2.17758
-2.17788
-2.17811
-2.17829
-2.17841
-2.17847
-2.26169
-2.25858
-2.25591
-2.25364
-2.25173
-2.25015
-2.24887
-2.24785
-2.24707
-2.24651
-2.24613
-2.24592
-2.24585
-2.24591
-2.24608
-2.24635
-2.24669
-2.2471
-2.24757
-2.24807
-2.24861
-2.24917
-2.24974
-2.25032
-2.25089
-2.25146
-2.25202
-2.25255
-2.25306
-2.25355
-2.254
-2.25441
-2.25479
-2.25512
-2.25541
-2.25566
-2.25585
-2.256
-2.2561
-2.25615
-2.34982
-2.34611
-2.34288
-2.34007
-2.33764
-2.33557
-2.33382
-2.33236
-2.33116
-2.33019
-2.32943
-2.32885
-2.32844
-2.32817
-2.32803
-2.328
-2.32806
-2.32821
-2.32842
-2.32869
-2.32901
-2.32936
-2.32974
-2.33014
-2.33055
-2.33096
-2.33137
-2.33177
-2.33217
-2.33254
-2.33289
-2.33322
-2.33351
-2.33378
-2.33401
-2.33421
-2.33437
-2.33449
-2.33457
-2.33461
-2.43828
-2.43401
-2.43024
-2.42692
-2.42401
-2.42148
-2.41929
-2.4174
-2.41579
-2.41444
-2.41331
-2.41239
-2.41164
-2.41106
-2.41062
-2.41031
-2.4101
-2.40999
-2.40997
-2.41002
-2.41012
-2.41027
-2.41047
-2.41069
-2.41094
-2.4112
-2.41147
-2.41175
-2.41202
-2.41229
-2.41255
-2.41279
-2.41301
-2.41321
-2.41339
-2.41354
-2.41366
-2.41375
-2.41381
-2.41385
-2.52702
-2.52223
-2.51796
-2.51416
-2.5108
-2.50783
-2.50523
-2.50294
-2.50096
-2.49924
-2.49777
-2.49651
-2.49545
-2.49457
-2.49385
-2.49327
-2.49281
-2.49246
-2.4922
-2.49203
-2.49194
-2.4919
-2.49191
-2.49197
-2.49206
-2.49218
-2.49232
-2.49247
-2.49263
-2.4928
-2.49296
-2.49312
-2.49327
-2.49341
-2.49353
-2.49363
-2.49372
-2.49379
-2.49383
-2.49385
-2.616
-2.61073
-2.606
-2.60177
-2.59799
-2.59462
-2.59162
-2.58897
-2.58663
-2.58457
-2.58277
-2.58121
-2.57986
-2.57869
-2.5777
-2.57686
-2.57616
-2.57558
-2.57511
-2.57474
-2.57445
-2.57423
-2.57407
-2.57397
-2.57391
-2.57389
-2.5739
-2.57394
-2.57399
-2.57406
-2.57413
-2.57421
-2.57429
-2.57437
-2.57444
-2.5745
-2.57455
-2.57459
-2.57462
-2.57463
-2.70519
-2.69949
-2.69434
-2.68971
-2.68554
-2.6818
-2.67845
-2.67545
-2.67279
-2.67042
-2.66832
-2.66646
-2.66483
-2.66341
-2.66216
-2.66109
-2.66016
-2.65936
-2.65869
-2.65812
-2.65764
-2.65725
-2.65693
-2.65668
-2.65648
-2.65633
-2.65622
-2.65614
-2.65609
-2.65606
-2.65605
-2.65606
-2.65607
-2.65609
-2.65611
-2.65613
-2.65615
-2.65616
-2.65617
-2.65618
-2.79455
-2.78846
-2.78295
-2.77795
-2.77344
-2.76936
-2.76569
-2.76238
-2.75941
-2.75675
-2.75438
-2.75226
-2.75037
-2.7487
-2.74723
-2.74593
-2.74478
-2.74379
-2.74292
-2.74217
-2.74152
-2.74096
-2.74049
-2.74009
-2.73976
-2.73949
-2.73926
-2.73908
-2.73893
-2.73881
-2.73872
-2.73865
-2.7386
-2.73856
-2.73854
-2.73852
-2.7385
-2.7385
-2.73849
-2.73849
-2.88405
-2.87764
-2.8718
-2.86648
-2.86166
-2.85729
-2.85332
-2.84973
-2.84649
-2.84357
-2.84094
-2.83858
-2.83646
-2.83456
-2.83287
-2.83137
-2.83003
-2.82884
-2.82779
-2.82687
-2.82606
-2.82536
-2.82475
-2.82421
-2.82376
-2.82337
-2.82303
-2.82274
-2.8225
-2.8223
-2.82214
-2.822
-2.82188
-2.82179
-2.82172
-2.82167
-2.82162
-2.82159
-2.82157
-2.82156
-2.97368
-2.96698
-2.96086
-2.95528
-2.95019
-2.94555
-2.94133
-2.9375
-2.93401
-2.93086
-2.928
-2.92541
-2.92308
-2.92098
-2.91909
-2.9174
-2.91588
-2.91452
-2.91331
-2.91223
-2.91128
-2.91043
-2.90969
-2.90903
-2.90845
-2.90795
-2.90752
-2.90714
-2.90681
-2.90653
-2.90629
-2.90608
-2.90592
-2.90578
-2.90566
-2.90557
-2.9055
-2.90545
-2.90542
-2.9054
-3.0634
-3.05648
-3.05013
-3.04432
-3.039
-3.03414
-3.0297
-3.02565
-3.02196
-3.01859
-3.01553
-3.01275
-3.01023
-3.00795
-3.00588
-3.00402
-3.00233
-3.00082
-2.99946
-2.99824
-2.99715
-2.99617
-2.99531
-2.99453
-2.99385
-2.99325
-2.99271
-2.99225
-2.99184
-2.99148
-2.99118
-2.99092
-2.99069
-2.99051
-2.99035
-2.99023
-2.99013
-2.99006
-2.99002
-2.98999
-3.15322
-3.14612
-3.13959
-3.1336
-3.1281
-3.12305
-3.11843
-3.11419
-3.11031
-3.10677
-3.10354
-3.10059
-3.0979
-3.09545
-3.09323
-3.09121
-3.08938
-3.08773
-3.08623
-3.08488
-3.08367
-3.08258
-3.0816
-3.08072
-3.07994
-3.07924
-3.07862
-3.07808
-3.07759
-3.07717
-3.0768
-3.07649
-3.07622
-3.07599
-3.0758
-3.07564
-3.07552
-3.07543
-3.07538
-3.07535
-3.24311
-3.23589
-3.22923
-3.2231
-3.21746
-3.21226
-3.20749
-3.2031
-3.19908
-3.19538
-3.192
-3.18891
-3.18607
-3.18349
-3.18113
-3.17898
-3.17702
-3.17524
-3.17363
-3.17216
-3.17084
-3.16964
-3.16856
-3.16759
-3.16672
-3.16594
-3.16524
-3.16462
-3.16407
-3.16359
-3.16316
-3.1628
-3.16248
-3.16221
-3.16199
-3.16181
-3.16166
-3.16156
-3.16149
-3.16145
-3.33309
-3.32579
-3.31905
-3.31283
-3.30708
-3.30178
-3.29689
-3.29238
-3.28824
-3.28443
-3.28092
-3.2777
-3.27475
-3.27205
-3.26957
-3.26731
-3.26524
-3.26336
-3.26164
-3.26007
-3.25865
-3.25736
-3.2562
-3.25514
-3.25419
-3.25333
-3.25257
-3.25188
-3.25127
-3.25073
-3.25026
-3.24984
-3.24949
-3.24918
-3.24893
-3.24872
-3.24856
-3.24844
-3.24836
-3.24832
-3.42315
-3.41583
-3.40905
-3.40277
-3.39696
-3.39159
-3.38662
-3.38203
-3.3778
-3.37389
-3.37029
-3.36698
-3.36393
-3.36113
-3.35856
-3.3562
-3.35404
-3.35207
-3.35026
-3.34861
-3.3471
-3.34574
-3.34449
-3.34336
-3.34234
-3.34142
-3.34059
-3.33985
-3.33919
-3.3386
-3.33808
-3.33762
-3.33723
-3.33689
-3.33661
-3.33638
-3.3362
-3.33607
-3.33598
-3.33594
-3.51331
-3.50601
-3.49924
-3.49295
-3.48711
-3.4817
-3.47669
-3.47204
-3.46775
-3.46378
-3.46012
-3.45673
-3.45361
-3.45074
-3.44809
-3.44566
-3.44342
-3.44137
-3.43949
-3.43777
-3.43619
-3.43476
-3.43345
-3.43226
-3.43118
-3.4302
-3.42932
-3.42853
-3.42782
-3.42719
-3.42663
-3.42614
-3.42571
-3.42535
-3.42505
-3.4248
-3.4246
-3.42446
-3.42436
-3.42431
-3.60358
-3.59635
-3.58961
-3.58335
-3.57753
-3.57211
-3.56709
-3.56243
-3.5581
-3.5541
-3.55039
-3.54696
-3.54379
-3.54086
-3.53816
-3.53567
-3.53337
-3.53127
-3.52933
-3.52755
-3.52592
-3.52443
-3.52307
-3.52183
-3.5207
-3.51968
-3.51875
-3.51792
-3.51717
-3.5165
-3.51591
-3.51539
-3.51494
-3.51455
-3.51423
-3.51396
-3.51375
-3.5136
-3.5135
-3.51344
-3.69398
-3.68685
-3.6802
-3.674
-3.66822
-3.66284
-3.65784
-3.65318
-3.64885
-3.64484
-3.64111
-3.63766
-3.63446
-3.6315
-3.62876
-3.62624
-3.6239
-3.62175
-3.61978
-3.61796
-3.61629
-3.61475
-3.61335
-3.61207
-3.61091
-3.60984
-3.60888
-3.60802
-3.60724
-3.60654
-3.60592
-3.60538
-3.6049
-3.6045
-3.60416
-3.60388
-3.60366
-3.60349
-3.60339
-3.60333
-3.78453
-3.77754
-3.77101
-3.76491
-3.75921
-3.75389
-3.74894
-3.74432
-3.74001
-3.73601
-3.73229
-3.72884
-3.72564
-3.72266
-3.71991
-3.71737
-3.71501
-3.71284
-3.71084
-3.70899
-3.70729
-3.70573
-3.7043
-3.70299
-3.70179
-3.70071
-3.69972
-3.69883
-3.69802
-3.6973
-3.69666
-3.6961
-3.69561
-3.69519
-3.69484
-3.69454
-3.69431
-3.69415
-3.69403
-3.69398
-3.87526
-3.86845
-3.86207
-3.8561
-3.85051
-3.84528
-3.8404
-3.83584
-3.83159
-3.82763
-3.82394
-3.82051
-3.81732
-3.81436
-3.81161
-3.80906
-3.80671
-3.80453
-3.80251
-3.80065
-3.79894
-3.79736
-3.79591
-3.79459
-3.79337
-3.79227
-3.79126
-3.79035
-3.78953
-3.78879
-3.78814
-3.78756
-3.78706
-3.78663
-3.78627
-3.78597
-3.78573
-3.78556
-3.78544
-3.78538
-3.96619
-3.95959
-3.9534
-3.94758
-3.94213
-3.93702
-3.93224
-3.92778
-3.9236
-3.9197
-3.91607
-3.91268
-3.90952
-3.90659
-3.90387
-3.90134
-3.89899
-3.89682
-3.8948
-3.89295
-3.89123
-3.88965
-3.8882
-3.88686
-3.88564
-3.88452
-3.88351
-3.88259
-3.88176
-3.88102
-3.88035
-3.87977
-3.87926
-3.87882
-3.87845
-3.87815
-3.87791
-3.87773
-3.87761
-3.87755
-4.05737
-4.051
-4.04501
-4.03938
-4.0341
-4.02913
-4.02448
-4.02013
-4.01605
-4.01224
-4.00868
-4.00535
-4.00226
-3.99937
-3.99668
-3.99419
-3.99187
-3.98972
-3.98772
-3.98588
-3.98418
-3.9826
-3.98115
-3.97982
-3.9786
-3.97749
-3.97647
-3.97555
-3.97472
-3.97397
-3.97331
-3.97272
-3.97221
-3.97177
-3.97139
-3.97109
-3.97084
-3.97066
-3.97055
-3.97049
-4.14881
-4.1427
-4.13695
-4.13153
-4.12643
-4.12164
-4.11714
-4.11292
-4.10896
-4.10525
-4.10179
-4.09855
-4.09552
-4.0927
-4.09007
-4.08763
-4.08535
-4.08324
-4.08128
-4.07946
-4.07778
-4.07623
-4.07479
-4.07348
-4.07227
-4.07116
-4.07015
-4.06924
-4.06841
-4.06767
-4.06701
-4.06642
-4.06591
-4.06547
-4.0651
-4.06479
-4.06455
-4.06437
-4.06425
-4.06419
-4.24056
-4.23473
-4.22923
-4.22404
-4.21916
-4.21456
-4.21023
-4.20616
-4.20235
-4.19877
-4.19541
-4.19228
-4.18934
-4.1866
-4.18405
-4.18167
-4.17945
-4.17739
-4.17547
-4.17369
-4.17205
-4.17053
-4.16912
-4.16783
-4.16664
-4.16555
-4.16456
-4.16366
-4.16284
-4.16211
-4.16146
-4.16088
-4.16038
-4.15994
-4.15957
-4.15927
-4.15903
-4.15885
-4.15873
-4.15867
-4.33265
-4.32712
-4.3219
-4.31696
-4.3123
-4.30791
-4.30378
-4.29989
-4.29623
-4.29279
-4.28957
-4.28656
-4.28373
-4.28109
-4.27862
-4.27632
-4.27417
-4.27218
-4.27032
-4.26859
-4.26699
-4.26551
-4.26415
-4.26289
-4.26173
-4.26067
-4.2597
-4.25882
-4.25802
-4.25731
-4.25667
-4.2561
-4.2556
-4.25518
-4.25482
-4.25452
-4.25428
-4.25411
-4.25399
-4.25393
-4.42511
-4.4199
-4.41497
-4.4103
-4.40589
-4.40173
-4.39781
-4.39411
-4.39063
-4.38736
-4.38428
-4.3814
-4.3787
-4.37617
-4.37381
-4.3716
-4.36954
-4.36762
-4.36583
-4.36417
-4.36263
-4.3612
-4.35988
-4.35866
-4.35754
-4.35652
-4.35558
-4.35473
-4.35395
-4.35326
-4.35264
-4.35209
-4.35161
-4.35119
-4.35084
-4.35055
-4.35032
-4.35015
-4.35004
-4.34998
-4.51798
-4.51311
-4.50848
-4.5041
-4.49996
-4.49604
-4.49234
-4.48885
-4.48557
-4.48247
-4.47956
-4.47683
-4.47427
-4.47187
-4.46962
-4.46752
-4.46556
-4.46373
-4.46202
-4.46043
-4.45896
-4.4576
-4.45633
-4.45517
-4.45409
-4.45311
-4.45221
-4.45139
-4.45065
-4.44998
-4.44938
-4.44885
-4.44839
-4.44799
-4.44765
-4.44737
-4.44715
-4.44699
-4.44688
-4.44682
-4.6113
-4.60677
-4.60247
-4.59839
-4.59453
-4.59087
-4.58741
-4.58415
-4.58107
-4.57817
-4.57543
-4.57287
-4.57046
-4.5682
-4.56608
-4.5641
-4.56224
-4.56052
-4.5589
-4.5574
-4.55601
-4.55471
-4.55352
-4.55241
-4.55139
-4.55046
-4.5496
-4.54882
-4.54812
-4.54748
-4.54691
-4.54641
-4.54596
-4.54558
-4.54526
-4.54499
-4.54478
-4.54462
-4.54452
-4.54447
-4.70511
-4.70094
-4.69697
-4.6932
-4.68963
-4.68625
-4.68304
-4.68002
-4.67716
-4.67446
-4.67192
-4.66953
-4.66729
-4.66518
-4.6632
-4.66135
-4.65962
-4.658
-4.6565
-4.65509
-4.65378
-4.65257
-4.65145
-4.65041
-4.64945
-4.64857
-4.64777
-4.64703
-4.64637
-4.64577
-4.64523
-4.64476
-4.64434
-4.64398
-4.64367
-4.64342
-4.64322
-4.64307
-4.64297
-4.64292
-4.79944
-4.79563
-4.79201
-4.78857
-4.7853
-4.7822
-4.77927
-4.77649
-4.77387
-4.77139
-4.76905
-4.76685
-4.76478
-4.76284
-4.76101
-4.75931
-4.75771
-4.75621
-4.75481
-4.75351
-4.7523
-4.75118
-4.75013
-4.74917
-4.74828
-4.74747
-4.74672
-4.74603
-4.74542
-4.74486
-4.74436
-4.74391
-4.74352
-4.74319
-4.7429
-4.74267
-4.74248
-4.74234
-4.74225
-4.7422
-4.89433
-4.8909
-4.88763
-4.88453
-4.88157
-4.87877
-4.87611
-4.8736
-4.87122
-4.86897
-4.86684
-4.86485
-4.86296
-4.86119
-4.85953
-4.85798
-4.85652
-4.85515
-4.85388
-4.85269
-4.85158
-4.85055
-4.8496
-4.84872
-4.8479
-4.84715
-4.84647
-4.84584
-4.84527
-4.84476
-4.8443
-4.84389
-4.84354
-4.84323
-4.84296
-4.84274
-4.84257
-4.84244
-4.84236
-4.84232
-4.98981
-4.98677
-4.98387
-4.98111
-4.97848
-4.97598
-4.97361
-4.97136
-4.96924
-4.96723
-4.96533
-4.96354
-4.96186
-4.96027
-4.95878
-4.95739
-4.95608
-4.95485
-4.9537
-4.95264
-4.95164
-4.95072
-4.94986
-4.94906
-4.94833
-4.94765
-4.94704
-4.94647
-4.94596
-4.94549
-4.94508
-4.94471
-4.94438
-4.9441
-4.94386
-4.94367
-4.94351
-4.94339
-4.94332
-4.94328
-5.08594
-5.08329
-5.08076
-5.07834
-5.07605
-5.07387
-5.07179
-5.06983
-5.06797
-5.0662
-5.06454
-5.06297
-5.06149
-5.0601
-5.05879
-5.05756
-5.05641
-5.05533
-5.05432
-5.05338
-5.0525
-5.05168
-5.05093
-5.05023
-5.04958
-5.04898
-5.04843
-5.04793
-5.04748
-5.04707
-5.0467
-5.04637
-5.04609
-5.04584
-5.04562
-5.04545
-5.04531
-5.04521
-5.04514
-5.04511
-5.18275
-5.18049
-5.17834
-5.17628
-5.17433
-5.17246
-5.1707
-5.16902
-5.16743
-5.16592
-5.1645
-5.16316
-5.16189
-5.1607
-5.15957
-5.15852
-5.15753
-5.15661
-5.15574
-5.15493
-5.15418
-5.15348
-5.15283
-5.15222
-5.15167
-5.15115
-5.15068
-5.15025
-5.14986
-5.14951
-5.14919
-5.14891
-5.14866
-5.14844
-5.14826
-5.14811
-5.14799
-5.1479
-5.14784
-5.14781
-5.28027
-5.27842
-5.27665
-5.27495
-5.27334
-5.27181
-5.27035
-5.26897
-5.26766
-5.26642
-5.26524
-5.26413
-5.26308
-5.2621
-5.26117
-5.2603
-5.25948
-5.25871
-5.258
-5.25733
-5.2567
-5.25612
-5.25558
-5.25508
-5.25462
-5.25419
-5.2538
-5.25344
-5.25312
-5.25282
-5.25256
-5.25232
-5.25211
-5.25193
-5.25178
-5.25166
-5.25156
-5.25148
-5.25143
-5.25141
-5.37856
-5.37711
-5.37572
-5.3744
-5.37314
-5.37194
-5.3708
-5.36972
-5.36869
-5.36772
-5.3668
-5.36593
-5.36511
-5.36433
-5.3636
-5.36292
-5.36228
-5.36168
-5.36111
-5.36059
-5.36009
-5.35964
-5.35921
-5.35882
-5.35845
-5.35812
-5.35781
-5.35753
-5.35727
-5.35704
-5.35683
-5.35664
-5.35648
-5.35634
-5.35621
-5.35612
-5.35604
-5.35598
-5.35594
-5.35592
-5.47764
-5.47661
-5.47561
-5.47466
-5.47376
-5.4729
-5.47208
-5.4713
-5.47056
-5.46987
-5.4692
-5.46858
-5.46799
-5.46743
-5.46691
-5.46641
-5.46595
-5.46552
-5.46511
-5.46473
-5.46438
-5.46405
-5.46374
-5.46346
-5.46319
-5.46295
-5.46273
-5.46253
-5.46234
-5.46217
-5.46202
-5.46188
-5.46177
-5.46166
-5.46158
-5.4615
-5.46145
-5.4614
-5.46138
-5.46136
-5.57758
-5.57695
-5.57635
-5.57578
-5.57524
-5.57472
-5.57423
-5.57376
-5.57331
-5.57289
-5.57249
-5.57212
-5.57176
-5.57142
-5.57111
-5.57081
-5.57053
-5.57027
-5.57002
-5.56979
-5.56958
-5.56938
-5.56919
-5.56902
-5.56886
-5.56872
-5.56858
-5.56846
-5.56835
-5.56824
-5.56815
-5.56807
-5.568
-5.56794
-5.56788
-5.56784
-5.56781
-5.56778
-5.56776
-5.56776
-5.6784
-5.6782
-5.678
-5.67781
-5.67762
-5.67745
-5.67729
-5.67713
-5.67698
-5.67684
-5.67671
-5.67658
-5.67646
-5.67635
-5.67624
-5.67614
-5.67605
-5.67596
-5.67588
-5.6758
-5.67573
-5.67566
-5.6756
-5.67554
-5.67549
-5.67544
-5.6754
-5.67535
-5.67532
-5.67528
-5.67525
-5.67522
-5.6752
-5.67518
-5.67516
-5.67515
-5.67513
-5.67513
-5.67512
-5.67512
)
;

boundaryField
{
    leftWall
    {
        type            calculated;
        value           nonuniform 0();
    }
    rightWall
    {
        type            calculated;
        value           nonuniform List<scalar> 
43
(
-1.87556
-1.95011
-2.02545
-2.10157
-2.17847
-2.25615
-2.33461
-2.41385
-2.49385
-2.57463
-2.65618
-2.73849
-2.82156
-2.9054
-2.98999
-3.07535
-3.16145
-3.24832
-3.33594
-3.42431
-3.51344
-3.60333
-3.69398
-3.78538
-3.87755
-3.97049
-4.06419
-4.15867
-4.25393
-4.34998
-4.44682
-4.54447
-4.64292
-4.7422
-4.84232
-4.94328
-5.04511
-5.14781
-5.25141
-5.35592
-5.46136
-5.56776
-5.67512
)
;
    }
    lowerWall
    {
        type            calculated;
        value           nonuniform 0();
    }
    atmosphere
    {
        type            calculated;
        value           nonuniform List<scalar> 
45
(
-5.72904
-5.72904
-5.72904
-5.72904
-5.72904
-5.72904
-5.72904
-5.72904
-5.72904
-5.72904
-5.72904
-5.72904
-5.72904
-5.72904
-5.72904
-5.72904
-5.72904
-5.72904
-5.72904
-5.72904
-5.72904
-5.72904
-5.72904
-5.72904
-5.72904
-5.72904
-5.72904
-5.72904
-5.72904
-5.72904
-5.72904
-5.72904
-5.72904
-5.72904
-5.72904
-5.72904
-5.72904
-5.72904
-5.72904
-5.72904
-5.72904
-5.72904
-5.72904
-5.72904
-5.72904
)
;
    }
    defaultFaces
    {
        type            empty;
    }
    procBoundary3to1
    {
        type            processor;
        value           nonuniform List<scalar> 
45
(
-1.74121
-1.74077
-1.74063
-1.74079
-1.74121
-1.74192
-1.74294
-1.7442
-1.74568
-1.74734
-1.74916
-1.75111
-1.75317
-1.75531
-1.75752
-1.75977
-1.76205
-1.76435
-1.76664
-1.76891
-1.77116
-1.77338
-1.77554
-1.77766
-1.77971
-1.7817
-1.78361
-1.78544
-1.78719
-1.78886
-1.79044
-1.79192
-1.7933
-1.79458
-1.79577
-1.79685
-1.79783
-1.7987
-1.79947
-1.80013
-1.80068
-1.80112
-1.80146
-1.80167
-1.80178
)
;
    }
    procBoundary3to2
    {
        type            processor;
        value           nonuniform List<scalar> 
43
(
-1.83209
-1.92267
-2.01373
-2.10507
-2.19674
-2.28867
-2.38076
-2.47293
-2.56511
-2.65721
-2.74915
-2.84088
-2.93235
-3.02353
-3.1144
-3.20496
-3.29521
-3.38519
-3.47492
-3.56444
-3.6538
-3.74304
-3.83222
-3.92138
-4.01058
-4.09988
-4.18933
-4.27898
-4.36888
-4.45907
-4.54962
-4.64056
-4.73195
-4.82382
-4.91623
-5.00921
-5.10281
-5.19706
-5.29201
-5.38771
-5.4842
-5.58152
-5.67972
)
;
    }
}


// ************************************************************************* //
