/*--------------------------------*- C++ -*----------------------------------*\
| =========                 |                                                 |
| \\      /  F ield         | OpenFOAM: The Open Source CFD Toolbox           |
|  \\    /   O peration     | Version:  3.0.1                                 |
|   \\  /    A nd           | Web:      www.OpenFOAM.org                      |
|    \\/     M anipulation  |                                                 |
\*---------------------------------------------------------------------------*/
FoamFile
{
    version     2.0;
    format      ascii;
    class       volVectorField;
    location    "0.05";
    object      U;
}
// * * * * * * * * * * * * * * * * * * * * * * * * * * * * * * * * * * * * * //

dimensions      [0 1 -1 0 0 0 0];

internalField   nonuniform List<vector> 
1935
(
(0.0121551 0.190155 0)
(0.00561546 0.188725 0)
(-0.00178042 0.186345 0)
(-0.00893684 0.184198 0)
(-0.0160158 0.181536 0)
(-0.0230278 0.178396 0)
(-0.0298975 0.174758 0)
(-0.0365547 0.170589 0)
(-0.0429249 0.165886 0)
(-0.0489265 0.16066 0)
(-0.0544767 0.154945 0)
(-0.0594993 0.148787 0)
(-0.0639285 0.142255 0)
(-0.0677135 0.135426 0)
(-0.0708218 0.128387 0)
(-0.07324 0.121228 0)
(-0.0749721 0.114037 0)
(-0.0760382 0.106898 0)
(-0.0764711 0.0998835 0)
(-0.0763136 0.0930575 0)
(-0.0756142 0.0864722 0)
(-0.0744247 0.0801684 0)
(-0.0727979 0.0741759 0)
(-0.0707858 0.068515 0)
(-0.0684382 0.0631982 0)
(-0.0658019 0.0582315 0)
(-0.0629191 0.053615 0)
(-0.0598269 0.0493444 0)
(-0.0565579 0.0454113 0)
(-0.0531411 0.0418057 0)
(-0.0496011 0.0385164 0)
(-0.0459589 0.0355315 0)
(-0.0422313 0.032839 0)
(-0.0384326 0.0304269 0)
(-0.0345742 0.0282845 0)
(-0.0306649 0.0264018 0)
(-0.0267112 0.0247703 0)
(-0.0227182 0.0233825 0)
(-0.018689 0.0222327 0)
(-0.0146256 0.0213173 0)
(-0.0105288 0.0206343 0)
(-0.00639867 0.0201859 0)
(-0.00218665 0.0199176 0)
(0.0139367 0.183485 0)
(0.0148483 0.177421 0)
(0.0159204 0.171609 0)
(0.0168847 0.166014 0)
(0.0066864 0.182001 0)
(0.00821077 0.176039 0)
(0.00955401 0.170303 0)
(0.0108001 0.164806 0)
(-8.90162e-05 0.180093 0)
(0.00174966 0.174243 0)
(0.00334273 0.168644 0)
(0.00484539 0.163286 0)
(-0.00683836 0.178053 0)
(-0.00473886 0.172269 0)
(-0.00283643 0.166769 0)
(-0.00104667 0.161524 0)
(-0.0135191 0.175477 0)
(-0.0111324 0.169837 0)
(-0.00891505 0.164483 0)
(-0.0068346 0.159392 0)
(-0.0201073 0.172467 0)
(-0.0173983 0.167001 0)
(-0.0148631 0.161823 0)
(-0.0124883 0.156908 0)
(-0.0265564 0.169021 0)
(-0.0235034 0.163763 0)
(-0.0206469 0.158791 0)
(-0.017977 0.154078 0)
(-0.0328019 0.16511 0)
(-0.0293986 0.160103 0)
(-0.0262235 0.155374 0)
(-0.023263 0.150895 0)
(-0.0387748 0.160728 0)
(-0.0350291 0.156019 0)
(-0.0315463 0.151571 0)
(-0.0283059 0.147359 0)
(-0.0444048 0.155885 0)
(-0.0403376 0.15152 0)
(-0.0365663 0.147394 0)
(-0.0330641 0.143482 0)
(-0.0496225 0.150607 0)
(-0.0452666 0.146631 0)
(-0.0412348 0.142863 0)
(-0.0374958 0.139282 0)
(-0.0543634 0.144934 0)
(-0.0497614 0.141385 0)
(-0.0455055 0.138007 0)
(-0.0415616 0.134785 0)
(-0.0585714 0.138922 0)
(-0.0537743 0.13583 0)
(-0.0493374 0.132868 0)
(-0.0452259 0.130027 0)
(-0.062203 0.132636 0)
(-0.0572666 0.130021 0)
(-0.0526967 0.127493 0)
(-0.048459 0.125048 0)
(-0.0652283 0.126149 0)
(-0.0602112 0.12402 0)
(-0.0555586 0.121935 0)
(-0.0512385 0.119895 0)
(-0.0676327 0.119538 0)
(-0.0625929 0.117894 0)
(-0.0579083 0.116251 0)
(-0.0535501 0.114617 0)
(-0.0694164 0.11288 0)
(-0.0644089 0.111708 0)
(-0.0597411 0.110499 0)
(-0.0553879 0.109265 0)
(-0.0705924 0.106246 0)
(-0.0656678 0.105526 0)
(-0.0610618 0.104735 0)
(-0.056754 0.103888 0)
(-0.0711851 0.0997032 0)
(-0.0663875 0.099408 0)
(-0.0618838 0.0990119 0)
(-0.0576581 0.0985334 0)
(-0.0712276 0.0933083 0)
(-0.0665943 0.0934058 0)
(-0.0622276 0.0933785 0)
(-0.0581162 0.0932463 0)
(-0.0707597 0.087111 0)
(-0.0663204 0.0875658 0)
(-0.0621193 0.0878774 0)
(-0.0581494 0.088066 0)
(-0.0698251 0.0811512 0)
(-0.0656021 0.0819264 0)
(-0.0615893 0.082545 0)
(-0.0577831 0.083027 0)
(-0.0684689 0.0754596 0)
(-0.0644782 0.0765184 0)
(-0.0606704 0.0774116 0)
(-0.0570451 0.0781586 0)
(-0.0667366 0.0700587 0)
(-0.062988 0.0713651 0)
(-0.0593969 0.0725012 0)
(-0.0559651 0.0734847 0)
(-0.0646718 0.0649635 0)
(-0.0611704 0.0664837 0)
(-0.0578031 0.0678318 0)
(-0.0545732 0.0690243 0)
(-0.062316 0.0601826 0)
(-0.0590627 0.061885 0)
(-0.0559223 0.0634164 0)
(-0.0528992 0.0647916 0)
(-0.0597077 0.0557195 0)
(-0.0567001 0.0575754 0)
(-0.0537865 0.0592633 0)
(-0.0509719 0.0607966 0)
(-0.0568824 0.0515735 0)
(-0.0541152 0.0535569 0)
(-0.0514256 0.0553772 0)
(-0.0488189 0.057046 0)
(-0.0538714 0.0477404 0)
(-0.0513374 0.0498285 0)
(-0.0488672 0.0517595 0)
(-0.0464656 0.0535433 0)
(-0.0507021 0.0442137 0)
(-0.0483932 0.0463867 0)
(-0.0461363 0.0484091 0)
(-0.0439356 0.0502896 0)
(-0.0473983 0.0409853 0)
(-0.0453058 0.0432261 0)
(-0.0432552 0.0453233 0)
(-0.0412503 0.0472843 0)
(-0.0439807 0.0380462 0)
(-0.0420955 0.0403404 0)
(-0.0402438 0.0424979 0)
(-0.0384287 0.0445252 0)
(-0.0404668 0.0353871 0)
(-0.0387799 0.0377224 0)
(-0.0371193 0.0399281 0)
(-0.0354878 0.0420094 0)
(-0.0368711 0.0329986 0)
(-0.0353737 0.0353651 0)
(-0.0338967 0.0376085 0)
(-0.0324426 0.0397335 0)
(-0.0332056 0.0308718 0)
(-0.0318894 0.0332613 0)
(-0.0305889 0.035534 0)
(-0.0293061 0.0376936 0)
(-0.0294799 0.0289987 0)
(-0.0283375 0.0314047 0)
(-0.0272067 0.0336995 0)
(-0.0260894 0.0358863 0)
(-0.0257018 0.0273722 0)
(-0.0247263 0.0297895 0)
(-0.0237592 0.0321007 0)
(-0.0228022 0.0343084 0)
(-0.0218773 0.0259863 0)
(-0.0210626 0.028411 0)
(-0.0202539 0.0307339 0)
(-0.0194525 0.0329574 0)
(-0.0180107 0.0248363 0)
(-0.017352 0.0272654 0)
(-0.0166972 0.0295965 0)
(-0.0160475 0.0318314 0)
(-0.014105 0.0239193 0)
(-0.0135984 0.0263506 0)
(-0.013094 0.0286869 0)
(-0.0125929 0.0309296 0)
(-0.0101625 0.0232339 0)
(-0.00980509 0.0256657 0)
(-0.00944871 0.0280048 0)
(-0.00909396 0.0302524 0)
(-0.00618481 0.0227826 0)
(-0.00597503 0.0252137 0)
(-0.00576514 0.0275535 0)
(-0.00555548 0.0298032 0)
(-0.00211841 0.0225112 0)
(-0.00205062 0.0249406 0)
(-0.00198245 0.0272798 0)
(-0.00191393 0.0295295 0)
(0.0178097 0.160336 0)
(0.0186784 0.154601 0)
(0.0194251 0.149128 0)
(0.0200493 0.143913 0)
(0.0205508 0.13895 0)
(0.0209317 0.134233 0)
(0.0211961 0.129754 0)
(0.0213503 0.125508 0)
(0.0214009 0.121487 0)
(0.021355 0.117683 0)
(0.0212196 0.114088 0)
(0.0210021 0.110695 0)
(0.0207096 0.107496 0)
(0.020349 0.104483 0)
(0.0199265 0.101649 0)
(0.0194481 0.0989852 0)
(0.0189195 0.096485 0)
(0.0183462 0.0941411 0)
(0.0177327 0.0919464 0)
(0.0170832 0.0898944 0)
(0.0164012 0.0879787 0)
(0.0156901 0.0861933 0)
(0.0149534 0.0845327 0)
(0.0141938 0.0829916 0)
(0.0134142 0.0815653 0)
(0.0126168 0.0802494 0)
(0.0118036 0.0790396 0)
(0.0109764 0.077932 0)
(0.0101368 0.076923 0)
(0.00928622 0.0760091 0)
(0.00842616 0.0751873 0)
(0.00755792 0.074455 0)
(0.00668265 0.0738098 0)
(0.00580134 0.0732498 0)
(0.00491483 0.0727733 0)
(0.00402396 0.0723788 0)
(0.00312958 0.0720649 0)
(0.0022325 0.0718308 0)
(0.00133533 0.0716687 0)
(0.000436665 0.0703658 0)
(0.0120091 0.159246 0)
(0.0131595 0.153645 0)
(0.0141741 0.148309 0)
(0.0150546 0.143229 0)
(0.015803 0.138396 0)
(0.0164226 0.133804 0)
(0.0169182 0.129443 0)
(0.0172957 0.125307 0)
(0.0175618 0.121388 0)
(0.0177237 0.117679 0)
(0.0177886 0.114173 0)
(0.0177637 0.11086 0)
(0.0176563 0.107735 0)
(0.0174733 0.10479 0)
(0.0172212 0.102016 0)
(0.0169062 0.0994081 0)
(0.0165341 0.0969582 0)
(0.0161103 0.0946596 0)
(0.0156396 0.0925058 0)
(0.0151267 0.0904904 0)
(0.0145755 0.0886076 0)
(0.01399 0.0868518 0)
(0.0133735 0.0852178 0)
(0.0127294 0.0837008 0)
(0.0120606 0.0822959 0)
(0.0113696 0.080999 0)
(0.0106587 0.0798059 0)
(0.00993028 0.0787129 0)
(0.00918609 0.0777167 0)
(0.00842801 0.076814 0)
(0.00765772 0.0760021 0)
(0.00687681 0.0752785 0)
(0.00608669 0.0746409 0)
(0.00528865 0.0740873 0)
(0.00448384 0.073616 0)
(0.00367338 0.0732257 0)
(0.00285836 0.0729152 0)
(0.0020398 0.0726835 0)
(0.00122047 0.0725226 0)
(0.000399174 0.0712049 0)
(0.00632087 0.157867 0)
(0.00774504 0.152415 0)
(0.00902324 0.147224 0)
(0.0101564 0.142286 0)
(0.0111474 0.137591 0)
(0.0120004 0.13313 0)
(0.012721 0.128896 0)
(0.0133156 0.124879 0)
(0.0137911 0.121072 0)
(0.0141549 0.117467 0)
(0.0144144 0.114057 0)
(0.0145768 0.110835 0)
(0.0146495 0.107792 0)
(0.0146395 0.104923 0)
(0.0145534 0.10222 0)
(0.0143976 0.099675 0)
(0.0141781 0.0972829 0)
(0.0139003 0.0950369 0)
(0.0135695 0.0929307 0)
(0.0131904 0.0909586 0)
(0.0127676 0.0891149 0)
(0.0123051 0.0873945 0)
(0.0118068 0.0857923 0)
(0.0112762 0.0843039 0)
(0.0107164 0.0829247 0)
(0.0101304 0.0816508 0)
(0.00952086 0.0804782 0)
(0.00889014 0.0794036 0)
(0.00824053 0.0784236 0)
(0.00757412 0.0775354 0)
(0.0068929 0.0767363 0)
(0.00619872 0.0760237 0)
(0.00549325 0.0753958 0)
(0.00477807 0.0748505 0)
(0.00405461 0.0743862 0)
(0.00332421 0.0740017 0)
(0.00258818 0.0736957 0)
(0.00184776 0.0734673 0)
(0.0011058 0.0733085 0)
(0.000361645 0.0719774 0)
(0.00071137 0.156232 0)
(0.00241559 0.150925 0)
(0.00396065 0.145882 0)
(0.00534774 0.14109 0)
(0.00658119 0.136538 0)
(0.00766652 0.132216 0)
(0.00860983 0.128115 0)
(0.00941815 0.124226 0)
(0.010099 0.120539 0)
(0.0106599 0.117049 0)
(0.0111088 0.113745 0)
(0.0114532 0.110622 0)
(0.0117006 0.107671 0)
(0.0118582 0.104887 0)
(0.0119331 0.102261 0)
(0.0119317 0.0997877 0)
(0.0118601 0.0974609 0)
(0.0117243 0.0952743 0)
(0.0115295 0.0932223 0)
(0.011281 0.0912996 0)
(0.0109835 0.0895008 0)
(0.0106413 0.0878211 0)
(0.0102587 0.0862559 0)
(0.00983934 0.0848008 0)
(0.00938672 0.0834518 0)
(0.00890398 0.082205 0)
(0.00839406 0.0810568 0)
(0.00785965 0.080004 0)
(0.00730332 0.0790435 0)
(0.00672745 0.0781725 0)
(0.00613429 0.0773886 0)
(0.00552593 0.0766896 0)
(0.00490432 0.0760733 0)
(0.00427128 0.075538 0)
(0.00362848 0.0750822 0)
(0.00297751 0.0747045 0)
(0.00231988 0.0744039 0)
(0.00165705 0.0741796 0)
(0.000991926 0.0740233 0)
(0.00032438 0.0726805 0)
(-0.00478895 0.154265 0)
(-0.00279889 0.149131 0)
(-0.000987381 0.144255 0)
(0.000650796 0.139626 0)
(0.00212335 0.135234 0)
(0.00343724 0.131066 0)
(0.00459857 0.127111 0)
(0.0056154 0.123361 0)
(0.00649592 0.119805 0)
(0.00724834 0.116437 0)
(0.0078808 0.113248 0)
(0.00840128 0.110231 0)
(0.00881763 0.10738 0)
(0.00913743 0.104687 0)
(0.00936784 0.102146 0)
(0.0095157 0.0997506 0)
(0.00958746 0.0974953 0)
(0.00958918 0.0953744 0)
(0.00952656 0.0933826 0)
(0.00940494 0.091515 0)
(0.00922935 0.0897666 0)
(0.00900447 0.0881329 0)
(0.00873465 0.0866095 0)
(0.00842393 0.0851924 0)
(0.00807601 0.0838777 0)
(0.00769433 0.0826618 0)
(0.00728208 0.0815416 0)
(0.00684226 0.0805138 0)
(0.00637766 0.0795758 0)
(0.00589093 0.0787249 0)
(0.00538453 0.0779589 0)
(0.00486082 0.0772754 0)
(0.00432197 0.0766728 0)
(0.00377003 0.0761492 0)
(0.00320692 0.0757033 0)
(0.00263444 0.0753337 0)
(0.00205433 0.0750395 0)
(0.00146828 0.0748199 0)
(0.000879241 0.0746666 0)
(0.000287521 0.0733136 0)
(-0.0101551 0.151969 0)
(-0.00788221 0.147027 0)
(-0.00580576 0.142341 0)
(-0.00391503 0.137897 0)
(-0.00220594 0.133682 0)
(-0.000671235 0.12968 0)
(0.000701584 0.125882 0)
(0.00192023 0.122281 0)
(0.0029939 0.118866 0)
(0.00393116 0.11563 0)
(0.00474065 0.112565 0)
(0.00543078 0.109663 0)
(0.00600987 0.106919 0)
(0.00648581 0.104325 0)
(0.00686605 0.101875 0)
(0.00715777 0.0995649 0)
(0.00736775 0.0973878 0)
(0.00750232 0.0953389 0)
(0.00756744 0.0934133 0)
(0.0075687 0.0916064 0)
(0.00751132 0.0899136 0)
(0.00740021 0.0883307 0)
(0.00723997 0.0868538 0)
(0.00703487 0.0854789 0)
(0.00678889 0.0842026 0)
(0.00650574 0.0830216 0)
(0.0061889 0.0819328 0)
(0.00584159 0.0809334 0)
(0.00546684 0.0800209 0)
(0.00506751 0.0791928 0)
(0.00464628 0.0784469 0)
(0.00420571 0.0777813 0)
(0.00374822 0.0771942 0)
(0.00327605 0.076684 0)
(0.00279136 0.0762493 0)
(0.00229617 0.075889 0)
(0.00179246 0.0756021 0)
(0.0012821 0.0753878 0)
(0.000768122 0.0752381 0)
(0.00025119 0.0738762 0)
(-0.0153584 0.149351 0)
(-0.0128063 0.144624 0)
(-0.010469 0.140147 0)
(-0.00833502 0.135904 0)
(-0.00639705 0.131876 0)
(-0.00464541 0.128056 0)
(-0.00306556 0.12443 0)
(-0.0016517 0.12099 0)
(-0.000394252 0.117726 0)
(0.000720251 0.11463 0)
(0.00169945 0.111698 0)
(0.0025521 0.10892 0)
(0.00328711 0.10629 0)
(0.00391269 0.103803 0)
(0.00443647 0.101453 0)
(0.00486617 0.0992336 0)
(0.00520887 0.097141 0)
(0.00547113 0.0951702 0)
(0.00565915 0.0933165 0)
(0.00577874 0.0915756 0)
(0.00583535 0.0899435 0)
(0.00583411 0.0884162 0)
(0.00577982 0.0869901 0)
(0.00567701 0.0856616 0)
(0.00552991 0.0844276 0)
(0.00534249 0.083285 0)
(0.00511845 0.0822311 0)
(0.00486125 0.0812632 0)
(0.00457413 0.080379 0)
(0.00426013 0.0795763 0)
(0.00392214 0.078853 0)
(0.00356291 0.0782073 0)
(0.00318506 0.0776375 0)
(0.00279106 0.0771422 0)
(0.00238326 0.0767201 0)
(0.00196391 0.0763701 0)
(0.00153518 0.0760914 0)
(0.00109918 0.0758833 0)
(0.000658952 0.0757375 0)
(0.000215506 0.0743682 0)
(-0.0203648 0.146407 0)
(-0.0175402 0.141921 0)
(-0.014951 0.137673 0)
(-0.0125835 0.133647 0)
(-0.0104259 0.129827 0)
(-0.00846603 0.126202 0)
(-0.00669082 0.12276 0)
(-0.0050911 0.119491 0)
(-0.0036561 0.116388 0)
(-0.00237118 0.113445 0)
(-0.00122989 0.110653 0)
(-0.000224194 0.108006 0)
(0.000659104 0.105497 0)
(0.00142737 0.103126 0)
(0.00208777 0.100881 0)
(0.00264908 0.0987602 0)
(0.00311853 0.0967584 0)
(0.00350282 0.0948714 0)
(0.00380842 0.093095 0)
(0.00404138 0.0914253 0)
(0.00420737 0.0898585 0)
(0.00431169 0.0883913 0)
(0.00435937 0.0870202 0)
(0.00435519 0.0857421 0)
(0.0043036 0.0845541 0)
(0.00420877 0.0834535 0)
(0.00407462 0.0824377 0)
(0.0039048 0.0815043 0)
(0.00370274 0.0806512 0)
(0.00347167 0.0798762 0)
(0.00321466 0.0791776 0)
(0.00293466 0.0785537 0)
(0.00263448 0.078003 0)
(0.00231677 0.0775241 0)
(0.00198407 0.0771159 0)
(0.00163884 0.0767774 0)
(0.00128344 0.0765078 0)
(0.000920171 0.0763064 0)
(0.000552117 0.076165 0)
(0.000180588 0.0747897 0)
(-0.0251395 0.14314 0)
(-0.0220544 0.138921 0)
(-0.0192255 0.134925 0)
(-0.0166357 0.131135 0)
(-0.0142701 0.127538 0)
(-0.0121145 0.124122 0)
(-0.0101553 0.120876 0)
(-0.0083801 0.117792 0)
(-0.00677703 0.114862 0)
(-0.00533349 0.112079 0)
(-0.00404044 0.109436 0)
(-0.00288849 0.106928 0)
(-0.00186263 0.10455 0)
(-0.000959224 0.102298 0)
(-0.000171565 0.100165 0)
(0.000514453 0.0981482 0)
(0.00110427 0.0962436 0)
(0.00160446 0.0944459 0)
(0.00202188 0.0927519 0)
(0.00236281 0.0911581 0)
(0.00263319 0.0896612 0)
(0.00283842 0.0882585 0)
(0.00298373 0.0869464 0)
(0.00307421 0.0857224 0)
(0.00311444 0.084584 0)
(0.00310873 0.0835288 0)
(0.00306116 0.0825541 0)
(0.00297564 0.0816579 0)
(0.00285576 0.0808383 0)
(0.00270492 0.0800934 0)
(0.00252636 0.0794216 0)
(0.00232321 0.0788214 0)
(0.00209843 0.0782914 0)
(0.00185487 0.0778304 0)
(0.00159523 0.0774373 0)
(0.00132214 0.0771113 0)
(0.00103815 0.0768516 0)
(0.000745731 0.0766576 0)
(0.000447993 0.0765209 0)
(0.000146553 0.0751411 0)
(-0.0296472 0.139561 0)
(-0.0263187 0.135634 0)
(-0.0232663 0.131912 0)
(-0.0204692 0.128377 0)
(-0.01791 0.125019 0)
(-0.0155725 0.121826 0)
(-0.0134414 0.118789 0)
(-0.011503 0.1159 0)
(-0.00974428 0.113152 0)
(-0.00815283 0.110538 0)
(-0.00671745 0.108054 0)
(-0.00542781 0.105694 0)
(-0.00427207 0.103454 0)
(-0.00324315 0.101326 0)
(-0.00233275 0.099312 0)
(-0.0015285 0.0974048 0)
(-0.000825424 0.0956013 0)
(-0.000216859 0.0938974 0)
(0.000306019 0.0922901 0)
(0.000749029 0.0907775 0)
(0.00111863 0.0893546 0)
(0.00141975 0.0880212 0)
(0.00165785 0.0867715 0)
(0.0018387 0.0856052 0)
(0.00196679 0.0845196 0)
(0.00204637 0.0835129 0)
(0.0020817 0.0825821 0)
(0.00207708 0.0817257 0)
(0.00203621 0.0809419 0)
(0.00196263 0.0802293 0)
(0.00185971 0.0795863 0)
(0.00173073 0.0790115 0)
(0.00157885 0.0785038 0)
(0.00140703 0.078062 0)
(0.00121814 0.0776853 0)
(0.00101497 0.0773727 0)
(0.000800201 0.0771236 0)
(0.000576481 0.0769375 0)
(0.000346944 0.0768061 0)
(0.000113519 0.075423 0)
(-0.0338523 0.135686 0)
(-0.0303028 0.132077 0)
(-0.0270473 0.128648 0)
(-0.0240615 0.125387 0)
(-0.0213258 0.122283 0)
(-0.018822 0.119326 0)
(-0.0165337 0.116509 0)
(-0.0144458 0.113825 0)
(-0.0125444 0.111268 0)
(-0.0108164 0.108833 0)
(-0.00924997 0.106514 0)
(-0.00783395 0.104308 0)
(-0.00655769 0.102211 0)
(-0.0054117 0.100218 0)
(-0.00438709 0.0983277 0)
(-0.00347426 0.0965356 0)
(-0.00266609 0.0948376 0)
(-0.00195527 0.0932324 0)
(-0.00133237 0.0917166 0)
(-0.000793226 0.0902881 0)
(-0.00033021 0.0889436 0)
(6.11859e-05 0.0876809 0)
(0.000386196 0.0864978 0)
(0.000653117 0.0853932 0)
(0.000864952 0.0843629 0)
(0.00102565 0.0834089 0)
(0.00113964 0.0825239 0)
(0.00121229 0.0817095 0)
(0.00124704 0.0809639 0)
(0.00124751 0.0802856 0)
(0.00121714 0.0796733 0)
(0.00115939 0.0791256 0)
(0.00107761 0.0786415 0)
(0.000974879 0.0782202 0)
(0.000854176 0.0778609 0)
(0.000718412 0.0775626 0)
(0.000570435 0.077325 0)
(0.000413019 0.0771473 0)
(0.000249318 0.0770214 0)
(8.15936e-05 0.0756365 0)
(-0.0377208 0.13154 0)
(-0.0339778 0.12827 0)
(-0.0305435 0.125153 0)
(-0.0273908 0.122181 0)
(-0.0244982 0.119344 0)
(-0.0218462 0.116636 0)
(-0.0194171 0.11405 0)
(-0.0171948 0.11158 0)
(-0.0151648 0.109222 0)
(-0.0133133 0.106972 0)
(-0.0116279 0.104826 0)
(-0.010097 0.102781 0)
(-0.00870996 0.100833 0)
(-0.00745669 0.098979 0)
(-0.00632795 0.0972172 0)
(-0.00531475 0.0955446 0)
(-0.00440889 0.0939581 0)
(-0.00360272 0.0924562 0)
(-0.00288822 0.0910363 0)
(-0.0022595 0.0896951 0)
(-0.00171011 0.0884325 0)
(-0.00123397 0.0872441 0)
(-0.000824546 0.0861312 0)
(-0.000477943 0.0850902 0)
(-0.000186468 0.0841191 0)
(5.08006e-05 0.0832167 0)
(0.000237722 0.0823812 0)
(0.000384326 0.0816117 0)
(0.000491105 0.0809061 0)
(0.000562274 0.0802641 0)
(0.000601041 0.0796847 0)
(0.000611203 0.0791653 0)
(0.000596524 0.0787063 0)
(0.000559976 0.0783067 0)
(0.000504636 0.0779657 0)
(0.000433546 0.0776826 0)
(0.000349675 0.077457 0)
(0.000255921 0.0772883 0)
(0.000155438 0.0771682 0)
(5.08704e-05 0.0757828 0)
(-0.0412222 0.127151 0)
(-0.0373172 0.124238 0)
(-0.0337318 0.12145 0)
(-0.0304369 0.11878 0)
(-0.0274095 0.116223 0)
(-0.0246291 0.113772 0)
(-0.0220773 0.111425 0)
(-0.0197372 0.109178 0)
(-0.0175937 0.107026 0)
(-0.0156327 0.104968 0)
(-0.0138413 0.103001 0)
(-0.0122077 0.101121 0)
(-0.0107209 0.0993274 0)
(-0.00937077 0.0976173 0)
(-0.00814773 0.0959887 0)
(-0.00704281 0.0944399 0)
(-0.00604762 0.0929687 0)
(-0.00515432 0.0915734 0)
(-0.00435539 0.0902524 0)
(-0.003644 0.0890032 0)
(-0.00301373 0.0878253 0)
(-0.00245858 0.0867163 0)
(-0.00197233 0.0856755 0)
(-0.00155022 0.0847001 0)
(-0.00118674 0.0837907 0)
(-0.00087761 0.0829421 0)
(-0.000618039 0.0821584 0)
(-0.000403083 0.0814354 0)
(-0.000228746 0.0807721 0)
(-9.01244e-05 0.0801678 0)
(1.38023e-05 0.0796216 0)
(8.7918e-05 0.0791325 0)
(0.000137315 0.0787001 0)
(0.000163827 0.0783233 0)
(0.000170778 0.0780016 0)
(0.000161393 0.0777344 0)
(0.000138725 0.0775215 0)
(0.00010577 0.0773622 0)
(6.55714e-05 0.0772484 0)
(2.13712e-05 0.0758633 0)
(-0.0443302 0.122556 0)
(-0.0402981 0.120014 0)
(-0.0365922 0.117566 0)
(-0.033182 0.115208 0)
(-0.0300439 0.112938 0)
(-0.0271567 0.110754 0)
(-0.0245016 0.108654 0)
(-0.0220614 0.106635 0)
(-0.0198206 0.104695 0)
(-0.0177649 0.102834 0)
(-0.0158812 0.10105 0)
(-0.0141576 0.0993406 0)
(-0.0125828 0.0977053 0)
(-0.0111466 0.0961426 0)
(-0.00983944 0.0946511 0)
(-0.00865222 0.0932296 0)
(-0.0075765 0.0918768 0)
(-0.00660437 0.0905915 0)
(-0.00572833 0.0893723 0)
(-0.00494144 0.0882181 0)
(-0.00423721 0.0871276 0)
(-0.00360951 0.0860996 0)
(-0.00305252 0.0851332 0)
(-0.00256082 0.0842268 0)
(-0.00212927 0.0833799 0)
(-0.0017531 0.0825907 0)
(-0.00142741 0.0818594 0)
(-0.00114775 0.0811841 0)
(-0.0009098 0.0805647 0)
(-0.000709333 0.0799996 0)
(-0.000543241 0.0794879 0)
(-0.000407345 0.0790304 0)
(-0.00029794 0.0786254 0)
(-0.000211999 0.0782723 0)
(-0.000146183 0.0779707 0)
(-9.70417e-05 0.0777201 0)
(-6.16148e-05 0.0775203 0)
(-3.67701e-05 0.0773709 0)
(-2.01315e-05 0.0772638 0)
(-7.11732e-06 0.0758801 0)
(-0.0470247 0.117795 0)
(-0.0429025 0.115631 0)
(-0.0391086 0.11353 0)
(-0.0356116 0.111491 0)
(-0.0323882 0.109515 0)
(-0.029417 0.107602 0)
(-0.0266791 0.105753 0)
(-0.0241573 0.103967 0)
(-0.0218362 0.102244 0)
(-0.0197013 0.100584 0)
(-0.0177397 0.0989863 0)
(-0.0159392 0.0974509 0)
(-0.0142886 0.0959773 0)
(-0.0127777 0.094565 0)
(-0.0113969 0.0932135 0)
(-0.0101371 0.0919223 0)
(-0.00898996 0.0906906 0)
(-0.00794753 0.0895178 0)
(-0.00700236 0.0884031 0)
(-0.00614748 0.0873458 0)
(-0.00537635 0.0863451 0)
(-0.00468282 0.0854002 0)
(-0.00406108 0.0845103 0)
(-0.00350569 0.0836748 0)
(-0.00301145 0.0828928 0)
(-0.00257344 0.0821636 0)
(-0.00218685 0.0814867 0)
(-0.00184711 0.0808612 0)
(-0.00154991 0.0802867 0)
(-0.00129119 0.0797623 0)
(-0.00106721 0.0792875 0)
(-0.000874115 0.0788621 0)
(-0.000708326 0.0784852 0)
(-0.000566462 0.0781566 0)
(-0.000445124 0.0778756 0)
(-0.00034095 0.0776423 0)
(-0.000250743 0.077456 0)
(-0.000171272 0.0773169 0)
(-0.000101144 0.0772197 0)
(-3.40414e-05 0.075833 0)
(-0.0492922 0.11291 0)
(-0.0451177 0.111127 0)
(-0.0412689 0.109375 0)
(-0.0377147 0.107658 0)
(-0.034432 0.105978 0)
(-0.0314003 0.10434 0)
(-0.0286008 0.102744 0)
(-0.0260167 0.101193 0)
(-0.0236327 0.0996891 0)
(-0.0214347 0.0982322 0)
(-0.0194098 0.0968238 0)
(-0.0175459 0.0954645 0)
(-0.0158321 0.0941549 0)
(-0.0142581 0.0928953 0)
(-0.0128145 0.0916859 0)
(-0.0114923 0.090527 0)
(-0.0102831 0.0894184 0)
(-0.0091792 0.0883601 0)
(-0.00817314 0.0873518 0)
(-0.00725798 0.0863932 0)
(-0.00642721 0.0854841 0)
(-0.0056747 0.0846239 0)
(-0.00499465 0.0838125 0)
(-0.00438159 0.0830492 0)
(-0.00383032 0.0823338 0)
(-0.00333587 0.0816658 0)
(-0.00289345 0.0810448 0)
(-0.00249851 0.0804705 0)
(-0.00214674 0.0799422 0)
(-0.00183406 0.0794597 0)
(-0.00155657 0.0790224 0)
(-0.0013105 0.0786301 0)
(-0.00109221 0.0782824 0)
(-0.000898209 0.0779789 0)
(-0.000725065 0.0777194 0)
(-0.000569424 0.0775037 0)
(-0.00042798 0.0773315 0)
(-0.000297447 0.0772028 0)
(-0.000176742 0.0771165 0)
(-5.88858e-05 0.0757267 0)
(-0.0511258 0.107946 0)
(-0.0469367 0.106541 0)
(-0.0430661 0.105135 0)
(-0.039484 0.103738 0)
(-0.0361686 0.102354 0)
(-0.0330999 0.10099 0)
(-0.0302603 0.099648 0)
(-0.0276333 0.0983333 0)
(-0.0252042 0.0970482 0)
(-0.0229593 0.0957955 0)
(-0.020886 0.0945772 0)
(-0.0189726 0.093395 0)
(-0.0172083 0.0922505 0)
(-0.0155831 0.0911447 0)
(-0.0140877 0.0900788 0)
(-0.0127133 0.0890534 0)
(-0.0114517 0.0880693 0)
(-0.0102953 0.0871267 0)
(-0.00923681 0.0862261 0)
(-0.00826929 0.0853676 0)
(-0.00738633 0.0845513 0)
(-0.00658183 0.0837772 0)
(-0.00585006 0.0830454 0)
(-0.0051855 0.0823557 0)
(-0.00458306 0.0817082 0)
(-0.00403778 0.0811025 0)
(-0.00354483 0.0805386 0)
(-0.00309975 0.0800163 0)
(-0.00269824 0.0795354 0)
(-0.00233619 0.0790955 0)
(-0.00200967 0.0786965 0)
(-0.00171489 0.0783381 0)
(-0.0014482 0.0780202 0)
(-0.00120606 0.0777425 0)
(-0.000985 0.077505 0)
(-0.000781649 0.0773074 0)
(-0.000592669 0.0771496 0)
(-0.000414755 0.0770317 0)
(-0.000246766 0.0769563 0)
(-8.17187e-05 0.0755646 0)
(-0.0525258 0.102946 0)
(-0.048358 0.10191 0)
(-0.0444977 0.100845 0)
(-0.0409165 0.0997626 0)
(-0.0375941 0.0986708 0)
(-0.034512 0.097577 0)
(-0.0316534 0.0964872 0)
(-0.0290029 0.0954066 0)
(-0.0265464 0.0943397 0)
(-0.0242709 0.0932903 0)
(-0.0221642 0.0922616 0)
(-0.0202151 0.0912563 0)
(-0.0184131 0.0902769 0)
(-0.0167487 0.0893252 0)
(-0.0152126 0.088403 0)
(-0.0137965 0.0875116 0)
(-0.0124923 0.0866524 0)
(-0.0112926 0.0858263 0)
(-0.0101901 0.0850341 0)
(-0.00917824 0.0842764 0)
(-0.00825063 0.0835538 0)
(-0.00740126 0.0828667 0)
(-0.00662447 0.0822155 0)
(-0.00591483 0.0816003 0)
(-0.00526725 0.0810213 0)
(-0.00467682 0.0804788 0)
(-0.00413884 0.0799728 0)
(-0.00364882 0.0795034 0)
(-0.00320256 0.0790704 0)
(-0.00279594 0.0786738 0)
(-0.00242498 0.0783137 0)
(-0.00208592 0.0779899 0)
(-0.00177509 0.0777023 0)
(-0.00148894 0.077451 0)
(-0.00122399 0.0772358 0)
(-0.000976865 0.0770567 0)
(-0.000744212 0.0769137 0)
(-0.000522719 0.0768069 0)
(-0.000311129 0.0767422 0)
(-0.000102646 0.0753501 0)
(-0.0534987 0.0979539 0)
(-0.0493858 0.0972729 0)
(-0.0455661 0.0965381 0)
(-0.042013 0.095762 0)
(-0.0387085 0.0949551 0)
(-0.0356355 0.0941265 0)
(-0.0327787 0.0932838 0)
(-0.0301236 0.0924338 0)
(-0.0276571 0.0915821 0)
(-0.0253669 0.0907336 0)
(-0.0232417 0.0898926 0)
(-0.0212706 0.0890628 0)
(-0.0194439 0.0882473 0)
(-0.0177521 0.0874489 0)
(-0.0161866 0.0866698 0)
(-0.0147391 0.0859122 0)
(-0.0134021 0.0851777 0)
(-0.0121681 0.0844681 0)
(-0.0110303 0.0837844 0)
(-0.00998219 0.0831278 0)
(-0.00901756 0.0824993 0)
(-0.00813054 0.0818996 0)
(-0.00731556 0.0813293 0)
(-0.0065673 0.080789 0)
(-0.00588073 0.0802792 0)
(-0.00525104 0.0798004 0)
(-0.00467362 0.0793527 0)
(-0.00414405 0.0789366 0)
(-0.00365815 0.078552 0)
(-0.00321182 0.0781993 0)
(-0.00280115 0.0778784 0)
(-0.00242235 0.0775896 0)
(-0.00207178 0.0773328 0)
(-0.00174589 0.0771082 0)
(-0.00144122 0.0769157 0)
(-0.00115441 0.0767554 0)
(-0.000882096 0.0766272 0)
(-0.000620974 0.0765316 0)
(-0.000369688 0.0764775 0)
(-0.000121675 0.0750865 0)
(-0.0540568 0.0930088 0)
(-0.0500291 0.0926663 0)
(-0.0462776 0.0922471 0)
(-0.0427782 0.0917657 0)
(-0.0395149 0.091234 0)
(-0.0364725 0.0906625 0)
(-0.033637 0.0900603 0)
(-0.0309956 0.0894351 0)
(-0.0285359 0.0887939 0)
(-0.0262468 0.0881425 0)
(-0.0241174 0.087486 0)
(-0.022138 0.086829 0)
(-0.020299 0.0861753 0)
(-0.0185916 0.0855283 0)
(-0.0170076 0.0848909 0)
(-0.0155392 0.0842659 0)
(-0.0141789 0.0836554 0)
(-0.0129198 0.0830615 0)
(-0.0117553 0.0824859 0)
(-0.0106791 0.0819302 0)
(-0.00968511 0.0813955 0)
(-0.0087677 0.080883 0)
(-0.00792142 0.0803937 0)
(-0.00714109 0.0799284 0)
(-0.00642178 0.0794879 0)
(-0.0057588 0.0790729 0)
(-0.00514763 0.0786838 0)
(-0.00458395 0.0783211 0)
(-0.00406361 0.0779853 0)
(-0.00358259 0.0776766 0)
(-0.003137 0.0773953 0)
(-0.00272312 0.0771417 0)
(-0.00233732 0.0769159 0)
(-0.00197609 0.0767182 0)
(-0.00163601 0.0765486 0)
(-0.00131372 0.0764072 0)
(-0.00100589 0.0762941 0)
(-0.000709232 0.0762097 0)
(-0.00042227 0.0761658 0)
(-0.000138737 0.0747775 0)
(-0.0542168 0.0881476 0)
(-0.0503012 0.0881232 0)
(-0.0466428 0.0880028 0)
(-0.04322 0.0878016 0)
(-0.0400193 0.0875331 0)
(-0.0370274 0.0872085 0)
(-0.0342319 0.0868381 0)
(-0.0316213 0.0864306 0)
(-0.0291845 0.0859937 0)
(-0.0269112 0.085534 0)
(-0.0247918 0.0850576 0)
(-0.0228169 0.0845696 0)
(-0.0209779 0.0840744 0)
(-0.0192665 0.0835761 0)
(-0.0176748 0.0830783 0)
(-0.0161955 0.0825839 0)
(-0.0148216 0.0820958 0)
(-0.0135465 0.0816164 0)
(-0.0123638 0.0811478 0)
(-0.0112675 0.080692 0)
(-0.0102518 0.0802504 0)
(-0.00931129 0.0798246 0)
(-0.00844063 0.0794158 0)
(-0.00763481 0.0790252 0)
(-0.00688905 0.0786538 0)
(-0.00619878 0.0783023 0)
(-0.00555961 0.0779717 0)
(-0.00496731 0.0776625 0)
(-0.00441781 0.0773754 0)
(-0.00390717 0.0771108 0)
(-0.00343157 0.0768692 0)
(-0.00298734 0.0766509 0)
(-0.00257093 0.0764562 0)
(-0.00217888 0.0762854 0)
(-0.00180779 0.0761387 0)
(-0.00145434 0.0760163 0)
(-0.00111525 0.0759182 0)
(-0.000787242 0.0758452 0)
(-0.00046875 0.0758111 0)
(-0.000153809 0.0744271 0)
(-0.0539996 0.0834027 0)
(-0.0502189 0.083674 0)
(-0.0466751 0.0838331 0)
(-0.0433495 0.083896 0)
(-0.0402307 0.0838766 0)
(-0.0373073 0.083787 0)
(-0.0345688 0.0836382 0)
(-0.032005 0.0834395 0)
(-0.0296061 0.0831993 0)
(-0.0273629 0.0829249 0)
(-0.0252666 0.082623 0)
(-0.0233088 0.0822991 0)
(-0.0214815 0.0819583 0)
(-0.0197771 0.0816052 0)
(-0.0181882 0.0812437 0)
(-0.016708 0.0808774 0)
(-0.0153298 0.0805094 0)
(-0.0140475 0.0801425 0)
(-0.012855 0.0797793 0)
(-0.0117466 0.0794219 0)
(-0.0107168 0.0790723 0)
(-0.00976038 0.0787321 0)
(-0.00887222 0.0784031 0)
(-0.00804749 0.0780864 0)
(-0.00728157 0.0777834 0)
(-0.00657003 0.0774951 0)
(-0.00590862 0.0772226 0)
(-0.00529322 0.0769666 0)
(-0.00471988 0.076728 0)
(-0.00418474 0.0765073 0)
(-0.0036841 0.0763051 0)
(-0.00321436 0.076122 0)
(-0.00277203 0.0759583 0)
(-0.00235373 0.0758144 0)
(-0.00195612 0.0756905 0)
(-0.00157591 0.075587 0)
(-0.00120988 0.075504 0)
(-0.000854803 0.0754422 0)
(-0.000509009 0.0754177 0)
(-0.000166856 0.0740393 0)
(-0.0534286 0.0788024 0)
(-0.0498018 0.0793455 0)
(-0.046391 0.0797635 0)
(-0.0431802 0.0800726 0)
(-0.0401601 0.0802869 0)
(-0.0373215 0.080419 0)
(-0.0346553 0.0804802 0)
(-0.0321528 0.0804803 0)
(-0.0298057 0.0804281 0)
(-0.0276056 0.0803314 0)
(-0.0255449 0.0801973 0)
(-0.023616 0.0800317 0)
(-0.0218116 0.0798404 0)
(-0.0201248 0.079628 0)
(-0.0185487 0.0793991 0)
(-0.0170771 0.0791574 0)
(-0.0157038 0.0789067 0)
(-0.0144229 0.0786498 0)
(-0.0132288 0.0783897 0)
(-0.0121162 0.0781289 0)
(-0.0110798 0.0778695 0)
(-0.0101146 0.0776136 0)
(-0.00921571 0.0773629 0)
(-0.00837857 0.0771191 0)
(-0.00759873 0.0768836 0)
(-0.00687191 0.0766578 0)
(-0.00619401 0.0764427 0)
(-0.00556106 0.0762393 0)
(-0.00496921 0.0760486 0)
(-0.00441474 0.0758715 0)
(-0.00389407 0.0757084 0)
(-0.00340368 0.0755602 0)
(-0.0029402 0.0754272 0)
(-0.00250028 0.0753099 0)
(-0.00208068 0.0752087 0)
(-0.00167818 0.075124 0)
(-0.0012896 0.0750559 0)
(-0.000911766 0.0750052 0)
(-0.00054295 0.0749899 0)
(-0.00017784 0.0736185 0)
(-0.0525292 0.0743703 0)
(-0.0490714 0.0751607 0)
(-0.0458086 0.0758162 0)
(-0.0427273 0.0763527 0)
(-0.0398204 0.0767843 0)
(-0.0370806 0.0771238 0)
(-0.0345004 0.0773824 0)
(-0.0320725 0.0775703 0)
(-0.0297896 0.0776964 0)
(-0.0276448 0.077769 0)
(-0.0256312 0.0777952 0)
(-0.0237422 0.0777814 0)
(-0.0219712 0.0777336 0)
(-0.020312 0.0776569 0)
(-0.0187584 0.077556 0)
(-0.0173045 0.0774352 0)
(-0.0159447 0.077298 0)
(-0.0146736 0.0771481 0)
(-0.013486 0.0769884 0)
(-0.0123767 0.0768217 0)
(-0.011341 0.0766504 0)
(-0.0103739 0.0764768 0)
(-0.00947107 0.076303 0)
(-0.00862794 0.0761307 0)
(-0.00784034 0.0759615 0)
(-0.00710417 0.0757969 0)
(-0.00641549 0.0756383 0)
(-0.0057705 0.0754867 0)
(-0.00516548 0.0753433 0)
(-0.00459687 0.075209 0)
(-0.00406119 0.0750845 0)
(-0.00355506 0.0749706 0)
(-0.00307518 0.0748679 0)
(-0.00261832 0.0747769 0)
(-0.00218129 0.0746982 0)
(-0.00176097 0.074632 0)
(-0.00135424 0.0745786 0)
(-0.000958022 0.074539 0)
(-0.000570505 0.0745323 0)
(-0.000186739 0.0731692 0)
(-0.0513277 0.0701258 0)
(-0.0480503 0.0711389 0)
(-0.0449472 0.0720102 0)
(-0.0420076 0.0727549 0)
(-0.0392261 0.073387 0)
(-0.0365971 0.0739188 0)
(-0.0341147 0.0743617 0)
(-0.0317728 0.0747256 0)
(-0.0295655 0.0750197 0)
(-0.0274868 0.0752523 0)
(-0.0255309 0.0754306 0)
(-0.0236919 0.0755614 0)
(-0.0219642 0.0756508 0)
(-0.020342 0.075704 0)
(-0.0188198 0.075726 0)
(-0.0173924 0.0757213 0)
(-0.0160545 0.0756938 0)
(-0.0148012 0.0756472 0)
(-0.0136277 0.0755847 0)
(-0.0125292 0.0755092 0)
(-0.0115011 0.0754236 0)
(-0.0105391 0.0753301 0)
(-0.00963873 0.0752311 0)
(-0.0087959 0.0751284 0)
(-0.0080066 0.0750239 0)
(-0.00726692 0.0749193 0)
(-0.00657312 0.0748159 0)
(-0.00592155 0.074715 0)
(-0.00530868 0.0746179 0)
(-0.00473108 0.0745256 0)
(-0.0041854 0.0744389 0)
(-0.00366841 0.0743588 0)
(-0.0031769 0.0742858 0)
(-0.00270774 0.0742207 0)
(-0.00225786 0.0741639 0)
(-0.0018242 0.0741159 0)
(-0.00140375 0.0740771 0)
(-0.000993515 0.0740484 0)
(-0.000591637 0.07405 0)
(-0.000193541 0.0726962 0)
(-0.0498505 0.0660839 0)
(-0.0467616 0.0672959 0)
(-0.0438272 0.0683616 0)
(-0.0410386 0.0692955 0)
(-0.0383923 0.0701109 0)
(-0.0358842 0.0708198 0)
(-0.0335095 0.0714332 0)
(-0.0312638 0.071961 0)
(-0.029142 0.0724122 0)
(-0.0271392 0.072795 0)
(-0.0252505 0.0731168 0)
(-0.0234709 0.0733843 0)
(-0.0217954 0.0736038 0)
(-0.0202189 0.0737807 0)
(-0.0187367 0.07392 0)
(-0.0173439 0.0740264 0)
(-0.0160358 0.0741041 0)
(-0.0148079 0.0741567 0)
(-0.0136558 0.0741877 0)
(-0.0125751 0.0742003 0)
(-0.0115616 0.0741974 0)
(-0.0106111 0.0741814 0)
(-0.0097196 0.0741549 0)
(-0.0088832 0.0741198 0)
(-0.00809811 0.0740782 0)
(-0.00736067 0.0740317 0)
(-0.0066673 0.073982 0)
(-0.00601456 0.0739306 0)
(-0.00539907 0.0738785 0)
(-0.00481757 0.0738272 0)
(-0.00426687 0.0737774 0)
(-0.00374384 0.0737302 0)
(-0.00324543 0.0736863 0)
(-0.0027686 0.0736464 0)
(-0.0023104 0.0736112 0)
(-0.00186787 0.0735811 0)
(-0.00143812 0.0735565 0)
(-0.00101824 0.0735384 0)
(-0.000606347 0.0735477 0)
(-0.000198246 0.0722044 0)
(-0.0481235 0.0622563 0)
(-0.0452283 0.0636442 0)
(-0.0424688 0.0648836 0)
(-0.0398384 0.0659879 0)
(-0.037335 0.0669697 0)
(-0.0349558 0.0678404 0)
(-0.0326974 0.0686106 0)
(-0.0305563 0.0692899 0)
(-0.0285286 0.0698869 0)
(-0.0266104 0.0704098 0)
(-0.0247974 0.070866 0)
(-0.0230855 0.071262 0)
(-0.0214704 0.0716042 0)
(-0.0199477 0.0718981 0)
(-0.0185132 0.0721487 0)
(-0.0171626 0.0723608 0)
(-0.0158917 0.0725387 0)
(-0.0146965 0.0726861 0)
(-0.0135728 0.0728067 0)
(-0.0125166 0.0729038 0)
(-0.0115242 0.0729802 0)
(-0.0105915 0.0730388 0)
(-0.00971503 0.0730821 0)
(-0.008891 0.0731122 0)
(-0.0081159 0.0731312 0)
(-0.00738628 0.073141 0)
(-0.00669878 0.0731434 0)
(-0.00605014 0.0731397 0)
(-0.00543718 0.0731314 0)
(-0.0048568 0.0731197 0)
(-0.00430596 0.0731057 0)
(-0.00378167 0.0730905 0)
(-0.00328101 0.0730749 0)
(-0.00280109 0.0730596 0)
(-0.00233906 0.0730453 0)
(-0.00189211 0.0730326 0)
(-0.00145744 0.0730219 0)
(-0.00103227 0.0730141 0)
(-0.000614674 0.0730306 0)
(-0.000200869 0.0716986 0)
(-0.0461715 0.0586511 0)
(-0.0434728 0.0601933 0)
(-0.0408921 0.0615866 0)
(-0.0384249 0.0628432 0)
(-0.0360702 0.063975 0)
(-0.0338263 0.0649925 0)
(-0.031691 0.0659058 0)
(-0.0296618 0.066724 0)
(-0.0277356 0.0674556 0)
(-0.0259093 0.0681084 0)
(-0.0241795 0.0686896 0)
(-0.0225428 0.0692057 0)
(-0.0209955 0.0696629 0)
(-0.0195339 0.0700667 0)
(-0.0181543 0.0704223 0)
(-0.016853 0.0707343 0)
(-0.0156262 0.0710071 0)
(-0.0144702 0.0712446 0)
(-0.0133815 0.0714505 0)
(-0.0123563 0.071628 0)
(-0.0113911 0.0717803 0)
(-0.0104824 0.0719102 0)
(-0.00962682 0.0720203 0)
(-0.00882089 0.0721129 0)
(-0.00806134 0.0721902 0)
(-0.00734496 0.0722541 0)
(-0.00666862 0.0723064 0)
(-0.00602924 0.0723488 0)
(-0.00542382 0.0723826 0)
(-0.00484945 0.0724092 0)
(-0.00430324 0.0724298 0)
(-0.00378236 0.0724455 0)
(-0.00328404 0.0724572 0)
(-0.00280553 0.0724657 0)
(-0.00234412 0.0724717 0)
(-0.00189712 0.0724758 0)
(-0.00146187 0.0724785 0)
(-0.00103571 0.0724808 0)
(-0.000616696 0.072504 0)
(-0.000201439 0.071184 0)
(-0.0440183 0.0552737 0)
(-0.0415165 0.0569502 0)
(-0.0391168 0.0584787 0)
(-0.0368159 0.0598706 0)
(-0.0346139 0.0611364 0)
(-0.0325102 0.0622861 0)
(-0.0305034 0.0633292 0)
(-0.0285918 0.0642741 0)
(-0.0267732 0.065129 0)
(-0.0250453 0.0659014 0)
(-0.0234052 0.0665981 0)
(-0.0218503 0.0672257 0)
(-0.0203774 0.06779 0)
(-0.0189835 0.0682966 0)
(-0.0176653 0.0687505 0)
(-0.0164197 0.0691564 0)
(-0.0152434 0.0695186 0)
(-0.0141331 0.0698411 0)
(-0.0130855 0.0701276 0)
(-0.0120973 0.0703814 0)
(-0.0111653 0.0706057 0)
(-0.0102863 0.0708034 0)
(-0.00945719 0.0709771 0)
(-0.00867483 0.0711293 0)
(-0.00793619 0.0712621 0)
(-0.00723829 0.0713777 0)
(-0.00657819 0.0714779 0)
(-0.00595305 0.0715642 0)
(-0.00536004 0.0716384 0)
(-0.00479643 0.0717018 0)
(-0.00425951 0.0717557 0)
(-0.00374661 0.0718011 0)
(-0.00325511 0.071839 0)
(-0.00278242 0.0718704 0)
(-0.00232598 0.0718959 0)
(-0.00188324 0.0719162 0)
(-0.00145167 0.0719318 0)
(-0.00102874 0.0719436 0)
(-0.000612524 0.0719729 0)
(-0.000199994 0.0706657 0)
(-0.0416857 0.0521271 0)
(-0.0393799 0.0539195 0)
(-0.0371614 0.0555661 0)
(-0.0350284 0.057077 0)
(-0.0329819 0.0584618 0)
(-0.0310218 0.0597299 0)
(-0.0291476 0.0608897 0)
(-0.0273583 0.0619494 0)
(-0.0256524 0.0629166 0)
(-0.0240281 0.0637983 0)
(-0.0224833 0.0646013 0)
(-0.0210159 0.0653316 0)
(-0.0196233 0.0659951 0)
(-0.018303 0.066597 0)
(-0.0170523 0.0671425 0)
(-0.0158683 0.067636 0)
(-0.0147483 0.0680819 0)
(-0.0136894 0.0684841 0)
(-0.0126886 0.0688463 0)
(-0.0117431 0.0691719 0)
(-0.0108498 0.0694642 0)
(-0.010006 0.0697259 0)
(-0.00920872 0.0699598 0)
(-0.00845517 0.0701684 0)
(-0.00774255 0.070354 0)
(-0.00706811 0.0705186 0)
(-0.00642916 0.0706642 0)
(-0.00582304 0.0707926 0)
(-0.00524714 0.0709052 0)
(-0.00469889 0.0710037 0)
(-0.00417576 0.0710892 0)
(-0.00367527 0.0711629 0)
(-0.00319496 0.0712259 0)
(-0.0027324 0.0712791 0)
(-0.00228518 0.0713232 0)
(-0.0018509 0.071359 0)
(-0.00142718 0.0713869 0)
(-0.00101162 0.071408 0)
(-0.000602306 0.0714428 0)
(-0.000196582 0.0701488 0)
(-0.039194 0.0492125 0)
(-0.0370818 0.0511041 0)
(-0.0350436 0.0528529 0)
(-0.033079 0.0544679 0)
(-0.0311892 0.0559578 0)
(-0.029375 0.0573309 0)
(-0.0276364 0.0585952 0)
(-0.025973 0.0597582 0)
(-0.0243838 0.0608268 0)
(-0.0228676 0.061808 0)
(-0.0214229 0.0627078 0)
(-0.020048 0.0635323 0)
(-0.0187408 0.0642869 0)
(-0.0174994 0.0649768 0)
(-0.0163214 0.0656069 0)
(-0.0152044 0.0661817 0)
(-0.0141462 0.0667054 0)
(-0.013144 0.0671818 0)
(-0.0121954 0.0676147 0)
(-0.0112977 0.0680075 0)
(-0.0104484 0.0683633 0)
(-0.00964479 0.0686851 0)
(-0.00888438 0.0689756 0)
(-0.00816456 0.0692374 0)
(-0.00748281 0.0694726 0)
(-0.00683662 0.0696835 0)
(-0.00622349 0.0698721 0)
(-0.00564098 0.0700401 0)
(-0.00508668 0.0701891 0)
(-0.00455821 0.0703207 0)
(-0.00405323 0.0704362 0)
(-0.00356944 0.0705368 0)
(-0.00310454 0.0706236 0)
(-0.00265628 0.0706975 0)
(-0.00222239 0.0707593 0)
(-0.00180065 0.0708098 0)
(-0.00138881 0.0708494 0)
(-0.000984637 0.0708792 0)
(-0.000586212 0.0709189 0)
(-0.000191258 0.0696385 0)
(-0.0365616 0.0465296 0)
(-0.0346396 0.0485055 0)
(-0.0327799 0.0503422 0)
(-0.0309829 0.0520476 0)
(-0.0292504 0.0536294 0)
(-0.0275834 0.0550952 0)
(-0.0259825 0.0564523 0)
(-0.0244476 0.0577074 0)
(-0.0229783 0.0588673 0)
(-0.0215738 0.0599381 0)
(-0.0202332 0.0609258 0)
(-0.018955 0.0618358 0)
(-0.0177377 0.0626736 0)
(-0.0165798 0.0634441 0)
(-0.0154793 0.0641519 0)
(-0.0144342 0.0648015 0)
(-0.0134425 0.0653969 0)
(-0.012502 0.065942 0)
(-0.0116104 0.0664404 0)
(-0.0107654 0.0668956 0)
(-0.00996483 0.0673105 0)
(-0.00920626 0.0676883 0)
(-0.00848743 0.0680316 0)
(-0.007806 0.068343 0)
(-0.00715971 0.0686247 0)
(-0.00654626 0.068879 0)
(-0.00596338 0.0691078 0)
(-0.00540885 0.069313 0)
(-0.00488045 0.0694962 0)
(-0.004376 0.069659 0)
(-0.00389335 0.0698027 0)
(-0.00343037 0.0699286 0)
(-0.00298495 0.0700377 0)
(-0.00255499 0.0701311 0)
(-0.00213841 0.0702096 0)
(-0.00173312 0.0702739 0)
(-0.00133706 0.0703245 0)
(-0.000948129 0.0703625 0)
(-0.000564443 0.0704066 0)
(-0.000184085 0.06914 0)
(-0.033805 0.0440773 0)
(-0.0320692 0.0461242 0)
(-0.0303855 0.0480358 0)
(-0.0287548 0.049819 0)
(-0.0271791 0.0514807 0)
(-0.0256598 0.0530277 0)
(-0.0241978 0.0544666 0)
(-0.0227933 0.0558035 0)
(-0.0214464 0.0570447 0)
(-0.0201566 0.0581957 0)
(-0.0189233 0.0592623 0)
(-0.0177455 0.0602497 0)
(-0.016622 0.0611628 0)
(-0.0155517 0.0620064 0)
(-0.0145328 0.062785 0)
(-0.013564 0.0635029 0)
(-0.0126432 0.064164 0)
(-0.0117688 0.0647721 0)
(-0.0109386 0.0653308 0)
(-0.0101509 0.0658434 0)
(-0.00940347 0.066313 0)
(-0.00869434 0.0667425 0)
(-0.00802147 0.0671347 0)
(-0.00738279 0.067492 0)
(-0.00677624 0.0678169 0)
(-0.00619978 0.0681114 0)
(-0.00565135 0.0683777 0)
(-0.00512893 0.0686175 0)
(-0.00463051 0.0688325 0)
(-0.00415411 0.0690243 0)
(-0.00369775 0.0691944 0)
(-0.00325951 0.0693438 0)
(-0.00283743 0.0694739 0)
(-0.00242961 0.0695854 0)
(-0.00203412 0.0696795 0)
(-0.00164905 0.0697567 0)
(-0.00127248 0.0698176 0)
(-0.000902488 0.0698633 0)
(-0.000537225 0.0699111 0)
(-0.000175136 0.0686584 0)
(-0.0309389 0.0418536 0)
(-0.029385 0.0439598 0)
(-0.0278743 0.0459347 0)
(-0.0264079 0.0477844 0)
(-0.0249881 0.0495151 0)
(-0.0236164 0.0511326 0)
(-0.0222939 0.052643 0)
(-0.0210212 0.0540518 0)
(-0.0197986 0.0553648 0)
(-0.0186258 0.0565872 0)
(-0.0175025 0.0577241 0)
(-0.0164281 0.0587806 0)
(-0.0154018 0.0597613 0)
(-0.0144226 0.0606708 0)
(-0.0134892 0.0615134 0)
(-0.0126003 0.0622931 0)
(-0.0117545 0.0630138 0)
(-0.0109501 0.0636792 0)
(-0.0101855 0.0642928 0)
(-0.00945901 0.0648578 0)
(-0.00876885 0.0653774 0)
(-0.00811324 0.0658543 0)
(-0.0074904 0.0662913 0)
(-0.0068985 0.0666909 0)
(-0.00633571 0.0670554 0)
(-0.00580021 0.067387 0)
(-0.00529015 0.0676877 0)
(-0.00480373 0.0679595 0)
(-0.00433913 0.0682039 0)
(-0.00389456 0.0684225 0)
(-0.00346826 0.0686168 0)
(-0.00305846 0.0687881 0)
(-0.00266341 0.0689374 0)
(-0.00228135 0.0690659 0)
(-0.00191054 0.0691743 0)
(-0.00154924 0.0692635 0)
(-0.00119569 0.069334 0)
(-0.000848153 0.0693868 0)
(-0.000504814 0.0694378 0)
(-0.000164492 0.0681989 0)
(-0.0279763 0.0398564 0)
(-0.0266 0.0420116 0)
(-0.0252589 0.0440396 0)
(-0.0239546 0.0459456 0)
(-0.0226894 0.0477351 0)
(-0.0214648 0.0494134 0)
(-0.0202821 0.0509857 0)
(-0.019142 0.0524572 0)
(-0.0180449 0.053833 0)
(-0.016991 0.0551181 0)
(-0.01598 0.0563171 0)
(-0.0150116 0.0574349 0)
(-0.0140853 0.0584757 0)
(-0.0132003 0.0594439 0)
(-0.0123555 0.0603436 0)
(-0.0115501 0.0611787 0)
(-0.0107826 0.061953 0)
(-0.0100519 0.0626701 0)
(-0.0093565 0.0633332 0)
(-0.00869496 0.0639456 0)
(-0.0080658 0.0645103 0)
(-0.00746746 0.0650302 0)
(-0.00689839 0.0655079 0)
(-0.006357 0.0659458 0)
(-0.00584168 0.0663464 0)
(-0.00535082 0.0667117 0)
(-0.00488279 0.0670439 0)
(-0.00443598 0.0673447 0)
(-0.00400878 0.0676159 0)
(-0.00359961 0.0678591 0)
(-0.00320688 0.0680756 0)
(-0.002829 0.0682668 0)
(-0.00246441 0.0684338 0)
(-0.00211152 0.0685777 0)
(-0.00176876 0.0686993 0)
(-0.00143457 0.0687994 0)
(-0.00110738 0.0688787 0)
(-0.00078561 0.0689381 0)
(-0.000467501 0.0689916 0)
(-0.000152247 0.0677663 0)
(-0.0249287 0.0380835 0)
(-0.0237255 0.0402787 0)
(-0.0225508 0.0423507 0)
(-0.0214064 0.0443039 0)
(-0.0202942 0.0461431 0)
(-0.0192159 0.047873 0)
(-0.0181729 0.0494984 0)
(-0.0171658 0.0510239 0)
(-0.0161953 0.0524541 0)
(-0.0152616 0.0537936 0)
(-0.0143647 0.0550469 0)
(-0.0135045 0.0562182 0)
(-0.0126806 0.0573118 0)
(-0.0118924 0.0583318 0)
(-0.0111392 0.059282 0)
(-0.0104201 0.0601662 0)
(-0.00973419 0.0609881 0)
(-0.00908035 0.061751 0)
(-0.00845743 0.0624582 0)
(-0.00786421 0.0631129 0)
(-0.00729942 0.063718 0)
(-0.00676176 0.0642763 0)
(-0.00624989 0.0647904 0)
(-0.00576242 0.0652627 0)
(-0.00529797 0.0656957 0)
(-0.00485514 0.0660914 0)
(-0.00443249 0.0664518 0)
(-0.00402864 0.0667788 0)
(-0.00364217 0.0670742 0)
(-0.00327168 0.0673394 0)
(-0.00291577 0.067576 0)
(-0.00257304 0.0677852 0)
(-0.0022421 0.0679682 0)
(-0.00192155 0.068126 0)
(-0.00160999 0.0682596 0)
(-0.00130604 0.0683696 0)
(-0.00100831 0.0684569 0)
(-0.000715396 0.0685221 0)
(-0.000425605 0.0685776 0)
(-0.000138507 0.0673656 0)
(-0.0218059 0.036533 0)
(-0.0207719 0.0387604 0)
(-0.0197605 0.0408683 0)
(-0.0187735 0.0428605 0)
(-0.0178128 0.0447411 0)
(-0.01688 0.0465144 0)
(-0.0159762 0.0481846 0)
(-0.0151024 0.0497558 0)
(-0.0142592 0.0512324 0)
(-0.0134469 0.0526186 0)
(-0.0126656 0.0539185 0)
(-0.0119154 0.0551361 0)
(-0.0111959 0.0562754 0)
(-0.0105068 0.0573403 0)
(-0.0098476 0.0583344 0)
(-0.00921755 0.0592614 0)
(-0.00861591 0.0601248 0)
(-0.00804181 0.0609279 0)
(-0.00749431 0.0616738 0)
(-0.00697242 0.0623657 0)
(-0.00647507 0.0630063 0)
(-0.00600117 0.0635984 0)
(-0.00554958 0.0641446 0)
(-0.00511913 0.0646473 0)
(-0.00470864 0.0651089 0)
(-0.00431691 0.0655314 0)
(-0.00394273 0.0659168 0)
(-0.00358488 0.0662671 0)
(-0.00324217 0.0665838 0)
(-0.00291337 0.0668687 0)
(-0.00259726 0.0671231 0)
(-0.00229264 0.0673483 0)
(-0.00199829 0.0675455 0)
(-0.00171299 0.0677158 0)
(-0.00143552 0.06786 0)
(-0.00116469 0.0679789 0)
(-0.000899294 0.0680732 0)
(-0.000638102 0.0681437 0)
(-0.000379483 0.0682005 0)
(-0.000123389 0.0670013 0)
(-0.0186168 0.0352031 0)
(-0.0177482 0.0374561 0)
(-0.0168973 0.0395928 0)
(-0.0160656 0.0416166 0)
(-0.0152548 0.0435311 0)
(-0.0144665 0.0453401 0)
(-0.0137017 0.0470474 0)
(-0.0129613 0.0486568 0)
(-0.0122459 0.0501723 0)
(-0.0115558 0.0515977 0)
(-0.0108914 0.0529369 0)
(-0.0102526 0.0541936 0)
(-0.0096394 0.0553717 0)
(-0.00905141 0.0564748 0)
(-0.00848831 0.0575064 0)
(-0.0079496 0.05847 0)
(-0.00743467 0.059369 0)
(-0.00694285 0.0602065 0)
(-0.0064734 0.0609857 0)
(-0.0060255 0.0617095 0)
(-0.00559831 0.0623807 0)
(-0.00519091 0.063002 0)
(-0.00480238 0.063576 0)
(-0.00443172 0.064105 0)
(-0.00407797 0.0645913 0)
(-0.00374012 0.065037 0)
(-0.00341716 0.0654442 0)
(-0.00310808 0.0658146 0)
(-0.00281185 0.06615 0)
(-0.00252746 0.0664519 0)
(-0.00225386 0.0667218 0)
(-0.00199003 0.066961 0)
(-0.00173492 0.0671706 0)
(-0.00148752 0.0673516 0)
(-0.00124678 0.0675051 0)
(-0.0010117 0.0676318 0)
(-0.000781241 0.0677322 0)
(-0.000554371 0.0678073 0)
(-0.000329523 0.0678648 0)
(-0.000107021 0.0666778 0)
(-0.0153688 0.0340932 0)
(-0.0146626 0.0363658 0)
(-0.0139696 0.038525 0)
(-0.0132914 0.0405737 0)
(-0.0126293 0.0425153 0)
(-0.0119847 0.0443529 0)
(-0.0113585 0.0460901 0)
(-0.0107515 0.0477305 0)
(-0.0101643 0.0492776 0)
(-0.00959732 0.0507351 0)
(-0.00905078 0.0521066 0)
(-0.00852477 0.0533956 0)
(-0.00801926 0.0546057 0)
(-0.00753408 0.0557404 0)
(-0.00706899 0.0568032 0)
(-0.00662363 0.0577972 0)
(-0.00619755 0.0587259 0)
(-0.00579024 0.0595922 0)
(-0.00540113 0.0603991 0)
(-0.0050296 0.0611497 0)
(-0.00467496 0.0618465 0)
(-0.00433649 0.0624923 0)
(-0.00401344 0.0630896 0)
(-0.00370504 0.0636407 0)
(-0.00341048 0.0641479 0)
(-0.00312897 0.0646133 0)
(-0.00285969 0.0650387 0)
(-0.00260181 0.0654262 0)
(-0.0023545 0.0657773 0)
(-0.00211693 0.0660937 0)
(-0.00188823 0.0663767 0)
(-0.00166757 0.0666277 0)
(-0.00145409 0.0668478 0)
(-0.00124695 0.067038 0)
(-0.00104529 0.0671994 0)
(-0.000848298 0.0673326 0)
(-0.000655118 0.0674383 0)
(-0.000464897 0.0675172 0)
(-0.000276141 0.0675748 0)
(-8.95411e-05 0.0663993 0)
(-0.0120686 0.033203 0)
(-0.0115223 0.03549 0)
(-0.0109854 0.0376661 0)
(-0.0104591 0.0397337 0)
(-0.00994466 0.0416959 0)
(-0.00944312 0.0435556 0)
(-0.0089553 0.045316 0)
(-0.00848186 0.0469805 0)
(-0.00802332 0.0485524 0)
(-0.00758006 0.0500352 0)
(-0.00715231 0.0514321 0)
(-0.0067402 0.0527466 0)
(-0.00634375 0.0539822 0)
(-0.00596288 0.0551421 0)
(-0.00559744 0.0562297 0)
(-0.00524718 0.0572481 0)
(-0.0049118 0.0582004 0)
(-0.00459094 0.0590898 0)
(-0.00428418 0.0599191 0)
(-0.00399105 0.0606912 0)
(-0.00371104 0.0614087 0)
(-0.0034436 0.0620743 0)
(-0.00318817 0.0626904 0)
(-0.00294414 0.0632594 0)
(-0.00271092 0.0637835 0)
(-0.00248789 0.0642647 0)
(-0.00227441 0.0647051 0)
(-0.00206986 0.0651064 0)
(-0.00187359 0.0654703 0)
(-0.00168493 0.0657983 0)
(-0.00150323 0.066092 0)
(-0.00132782 0.0663526 0)
(-0.00115803 0.0665813 0)
(-0.000993206 0.066779 0)
(-0.000832692 0.0669468 0)
(-0.000675831 0.0670853 0)
(-0.000521967 0.0671953 0)
(-0.000370426 0.0672773 0)
(-0.00021979 0.0673345 0)
(-7.10984e-05 0.0661696 0)
(-0.00872201 0.0325334 0)
(-0.00833389 0.0348302 0)
(-0.0079517 0.0370179 0)
(-0.00757643 0.0390988 0)
(-0.007209 0.0410756 0)
(-0.00685021 0.0429512 0)
(-0.0065007 0.0447285 0)
(-0.00616102 0.0464105 0)
(-0.00583158 0.0480006 0)
(-0.00551271 0.0495019 0)
(-0.00520461 0.0509176 0)
(-0.00490744 0.0522511 0)
(-0.00462123 0.0535056 0)
(-0.00434598 0.0546843 0)
(-0.00408161 0.0557905 0)
(-0.00382798 0.0568271 0)
(-0.0035849 0.0577973 0)
(-0.00335214 0.0587041 0)
(-0.00312943 0.0595502 0)
(-0.00291644 0.0603386 0)
(-0.00271282 0.0610718 0)
(-0.00251821 0.0617523 0)
(-0.00233219 0.0623828 0)
(-0.00215435 0.0629654 0)
(-0.00198428 0.0635023 0)
(-0.00182154 0.0639956 0)
(-0.00166568 0.0644473 0)
(-0.00151625 0.0648591 0)
(-0.0013728 0.0652328 0)
(-0.00123483 0.0655698 0)
(-0.00110188 0.0658717 0)
(-0.000973475 0.0661396 0)
(-0.000849127 0.0663748 0)
(-0.000728367 0.0665783 0)
(-0.000610724 0.066751 0)
(-0.000495727 0.0668936 0)
(-0.000382901 0.0670068 0)
(-0.000271759 0.0670912 0)
(-0.000160959 0.0671472 0)
(-5.18599e-05 0.065992 0)
(-0.0053349 0.0320884 0)
(-0.00510402 0.0343907 0)
(-0.0048759 0.0365852 0)
(-0.00465121 0.0386741 0)
(-0.00443058 0.0406599 0)
(-0.00421455 0.0425454 0)
(-0.00400359 0.0443333 0)
(-0.00379806 0.0460266 0)
(-0.00359829 0.0476283 0)
(-0.00340452 0.0491416 0)
(-0.00321693 0.0505696 0)
(-0.00303564 0.0519155 0)
(-0.00286075 0.0531824 0)
(-0.00269227 0.0543735 0)
(-0.00253019 0.0554919 0)
(-0.00237448 0.0565407 0)
(-0.00222504 0.0575227 0)
(-0.00208176 0.0584411 0)
(-0.00194449 0.0592985 0)
(-0.00181307 0.0600977 0)
(-0.00168729 0.0608414 0)
(-0.00156694 0.0615321 0)
(-0.0014518 0.0621722 0)
(-0.00134162 0.0627639 0)
(-0.00123615 0.0633095 0)
(-0.00113515 0.063811 0)
(-0.00103836 0.0642703 0)
(-0.000945485 0.0646893 0)
(-0.000856262 0.0650696 0)
(-0.000770399 0.0654127 0)
(-0.000687608 0.0657201 0)
(-0.000607597 0.0659931 0)
(-0.000530077 0.0662327 0)
(-0.000454761 0.0664401 0)
(-0.000381361 0.0666161 0)
(-0.000309592 0.0667615 0)
(-0.000239167 0.0668769 0)
(-0.000169795 0.066963 0)
(-0.000100237 0.0670173 0)
(-3.20143e-05 0.0658704 0)
(-0.00184144 0.0318163 0)
(-0.00176519 0.0341209 0)
(-0.00168944 0.0363186 0)
(-0.00161446 0.0384116 0)
(-0.00154049 0.0404023 0)
(-0.00146776 0.0422932 0)
(-0.00139645 0.044087 0)
(-0.00132671 0.0457867 0)
(-0.00125869 0.0473951 0)
(-0.00119249 0.0489155 0)
(-0.0011282 0.0503507 0)
(-0.00106589 0.0517039 0)
(-0.00100562 0.0529783 0)
(-0.000947403 0.0541769 0)
(-0.000891265 0.0553027 0)
(-0.000837208 0.0563588 0)
(-0.00078522 0.0573482 0)
(-0.000735275 0.0582737 0)
(-0.000687337 0.059138 0)
(-0.000641358 0.059944 0)
(-0.00059728 0.0606943 0)
(-0.000555038 0.0613912 0)
(-0.000514563 0.0620373 0)
(-0.000475779 0.0626348 0)
(-0.000438608 0.0631859 0)
(-0.000402967 0.0636925 0)
(-0.00036877 0.0641567 0)
(-0.000335927 0.0645802 0)
(-0.000304341 0.0649646 0)
(-0.000273917 0.0653116 0)
(-0.000244556 0.0656225 0)
(-0.000216159 0.0658986 0)
(-0.000188626 0.0661411 0)
(-0.000161859 0.0663509 0)
(-0.00013576 0.066529 0)
(-0.000110231 0.0666762 0)
(-8.51728e-05 0.066793 0)
(-6.04923e-05 0.0668801 0)
(-3.55645e-05 0.0669323 0)
(-1.12225e-05 0.0657928 0)
)
;

boundaryField
{
    leftWall
    {
        type            fixedValue;
        value           nonuniform 0();
    }
    rightWall
    {
        type            fixedValue;
        value           uniform (0 0 0);
    }
    lowerWall
    {
        type            fixedValue;
        value           nonuniform 0();
    }
    atmosphere
    {
        type            pressureInletOutletVelocity;
        value           nonuniform List<vector> 
45
(
(-0.00218665 0.0199176 0)
(-0.00211841 0.0225112 0)
(-0.00205062 0.0249406 0)
(-0.00198245 0.0272798 0)
(-0.00191393 0.0295295 0)
(-0.00184144 0.0318163 0)
(-0.00176519 0.0341209 0)
(-0.00168944 0.0363186 0)
(-0.00161446 0.0384116 0)
(-0.00154049 0.0404023 0)
(-0.00146776 0.0422932 0)
(-0.00139645 0.044087 0)
(-0.00132671 0.0457867 0)
(-0.00125869 0.0473951 0)
(-0.00119249 0.0489155 0)
(-0.0011282 0.0503507 0)
(-0.00106589 0.0517039 0)
(-0.00100562 0.0529783 0)
(-0.000947403 0.0541769 0)
(-0.000891265 0.0553027 0)
(-0.000837208 0.0563588 0)
(-0.00078522 0.0573482 0)
(-0.000735275 0.0582737 0)
(-0.000687337 0.059138 0)
(-0.000641358 0.059944 0)
(-0.00059728 0.0606943 0)
(-0.000555038 0.0613912 0)
(-0.000514563 0.0620373 0)
(-0.000475779 0.0626348 0)
(-0.000438608 0.0631859 0)
(-0.000402967 0.0636925 0)
(-0.00036877 0.0641567 0)
(-0.000335927 0.0645802 0)
(-0.000304341 0.0649646 0)
(-0.000273917 0.0653116 0)
(-0.000244556 0.0656225 0)
(-0.000216159 0.0658986 0)
(-0.000188626 0.0661411 0)
(-0.000161859 0.0663509 0)
(-0.00013576 0.066529 0)
(-0.000110231 0.0666762 0)
(-8.51728e-05 0.066793 0)
(-6.04923e-05 0.0668801 0)
(-3.55645e-05 0.0669323 0)
(-1.12225e-05 0.0657928 0)
)
;
    }
    defaultFaces
    {
        type            empty;
    }
    procBoundary3to1
    {
        type            processor;
        value           nonuniform List<vector> 
45
(
(0.0195524 0.190866 0)
(0.0206201 0.184534 0)
(0.0214167 0.178425 0)
(0.0222245 0.172556 0)
(0.022967 0.166885 0)
(0.0236482 0.161111 0)
(0.0242592 0.155265 0)
(0.0247479 0.149675 0)
(0.0251184 0.144341 0)
(0.0253715 0.139261 0)
(0.0255105 0.13443 0)
(0.0255406 0.129844 0)
(0.0254675 0.125496 0)
(0.0252978 0.12138 0)
(0.0250389 0.117488 0)
(0.0246984 0.113814 0)
(0.0242834 0.110348 0)
(0.0238011 0.107083 0)
(0.0232581 0.10401 0)
(0.0226609 0.101122 0)
(0.0220155 0.0984094 0)
(0.0213273 0.0958655 0)
(0.0206012 0.0934822 0)
(0.0198414 0.0912526 0)
(0.0190522 0.0891698 0)
(0.018237 0.0872272 0)
(0.0173991 0.0854182 0)
(0.0165411 0.0837369 0)
(0.0156654 0.0821775 0)
(0.014774 0.0807349 0)
(0.0138688 0.0794044 0)
(0.0129518 0.0781817 0)
(0.0120247 0.0770627 0)
(0.0110888 0.0760437 0)
(0.0101453 0.0751212 0)
(0.00919521 0.0742919 0)
(0.00823943 0.0735532 0)
(0.00727876 0.0729027 0)
(0.00631393 0.0723382 0)
(0.00534553 0.071858 0)
(0.00437416 0.0714606 0)
(0.0034004 0.0711444 0)
(0.00242481 0.0709086 0)
(0.0014499 0.0707454 0)
(0.00047406 0.0694583 0)
)
;
    }
    procBoundary3to2
    {
        type            processor;
        value           nonuniform List<vector> 
43
(
(0.0108152 0.196522 0)
(0.00402602 0.194882 0)
(-0.00375585 0.193502 0)
(-0.011279 0.191082 0)
(-0.018761 0.188268 0)
(-0.0262115 0.184951 0)
(-0.0335414 0.181071 0)
(-0.0406685 0.176607 0)
(-0.0475017 0.171545 0)
(-0.0539404 0.165893 0)
(-0.0598829 0.159683 0)
(-0.0652353 0.152972 0)
(-0.0699186 0.145842 0)
(-0.0738742 0.138388 0)
(-0.0770671 0.130717 0)
(-0.079486 0.122934 0)
(-0.0811418 0.115144 0)
(-0.0820638 0.107441 0)
(-0.0822963 0.0999072 0)
(-0.0818929 0.0926115 0)
(-0.0809131 0.0856075 0)
(-0.0794194 0.0789366 0)
(-0.0774744 0.0726279 0)
(-0.0751383 0.0666997 0)
(-0.0724673 0.0611603 0)
(-0.0695125 0.0560103 0)
(-0.0663193 0.0512446 0)
(-0.0629279 0.0468541 0)
(-0.0593733 0.0428274 0)
(-0.0556856 0.0391509 0)
(-0.0518898 0.0358093 0)
(-0.0480063 0.0327872 0)
(-0.0440517 0.0300695 0)
(-0.0400391 0.027642 0)
(-0.0359789 0.0254914 0)
(-0.0318785 0.0236059 0)
(-0.0277434 0.0219753 0)
(-0.0235771 0.020591 0)
(-0.0193813 0.0194462 0)
(-0.0151563 0.018536 0)
(-0.0109014 0.0178581 0)
(-0.00661526 0.017414 0)
(-0.00225518 0.0171494 0)
)
;
    }
}


// ************************************************************************* //
