/*--------------------------------*- C++ -*----------------------------------*\
| =========                 |                                                 |
| \\      /  F ield         | OpenFOAM: The Open Source CFD Toolbox           |
|  \\    /   O peration     | Version:  3.0.1                                 |
|   \\  /    A nd           | Web:      www.OpenFOAM.org                      |
|    \\/     M anipulation  |                                                 |
\*---------------------------------------------------------------------------*/
FoamFile
{
    version     2.0;
    format      ascii;
    class       surfaceScalarField;
    location    "0.2";
    object      phi;
}
// * * * * * * * * * * * * * * * * * * * * * * * * * * * * * * * * * * * * * //

dimensions      [0 3 -1 0 0 0 0];

internalField   nonuniform List<scalar> 
3781
(
7.15411e-07
-7.15411e-07
3.02417e-06
-2.30876e-06
5.74974e-06
-2.72557e-06
8.33111e-06
-2.58138e-06
1.06605e-05
-2.32939e-06
1.28127e-05
-2.1522e-06
1.4889e-05
-2.07626e-06
1.69607e-05
-2.07169e-06
1.9063e-05
-2.10229e-06
2.12062e-05
-2.14328e-06
2.33891e-05
-2.18284e-06
2.56067e-05
-2.21762e-06
2.78546e-05
-2.2479e-06
3.01292e-05
-2.27464e-06
3.24276e-05
-2.29836e-06
3.47465e-05
-2.31889e-06
3.70819e-05
-2.3354e-06
3.94285e-05
-2.34657e-06
4.17792e-05
-2.35073e-06
4.41251e-05
-2.34589e-06
4.64548e-05
-2.32972e-06
4.87544e-05
-2.29961e-06
5.1007e-05
-2.25257e-06
5.31922e-05
-2.18523e-06
5.5286e-05
-2.0938e-06
5.726e-05
-1.97399e-06
5.90809e-05
-1.82093e-06
6.07099e-05
-1.62901e-06
6.2101e-05
-1.39108e-06
6.31978e-05
-1.09682e-06
6.39192e-05
-7.21409e-07
6.41294e-05
-2.10128e-07
6.36089e-05
5.20483e-07
6.20476e-05
1.56131e-06
5.91562e-05
2.89134e-06
5.46206e-05
4.53563e-06
4.81011e-05
6.51947e-06
3.9302e-05
8.79913e-06
2.81803e-05
1.11217e-05
1.52999e-05
1.28804e-05
1.97777e-06
1.33221e-05
-1.03003e-05
1.2278e-05
-2.12452e-05
1.09449e-05
6.74551e-06
7.34301e-07
-1.44971e-06
3.05512e-06
-4.62958e-06
5.78748e-06
-5.45793e-06
8.37394e-06
-5.16783e-06
1.07088e-05
-4.6643e-06
1.28694e-05
-4.31271e-06
1.49575e-05
-4.16442e-06
1.70433e-05
-4.15744e-06
1.916e-05
-4.21906e-06
2.13173e-05
-4.30054e-06
2.35135e-05
-4.37902e-06
2.5744e-05
-4.44813e-06
2.80046e-05
-4.5085e-06
3.0292e-05
-4.56208e-06
3.26036e-05
-4.6099e-06
3.49362e-05
-4.65152e-06
3.72861e-05
-4.6853e-06
3.96481e-05
-4.70859e-06
4.20154e-05
-4.71806e-06
4.43793e-05
-4.70972e-06
4.67286e-05
-4.679e-06
4.90496e-05
-4.62066e-06
5.13258e-05
-4.52877e-06
5.35372e-05
-4.39663e-06
5.56601e-05
-4.21672e-06
5.76667e-05
-3.98054e-06
5.95242e-05
-3.67849e-06
6.11948e-05
-3.29956e-06
6.26344e-05
-2.83067e-06
6.3793e-05
-2.2554e-06
6.46266e-05
-1.55503e-06
6.5138e-05
-7.21543e-07
6.53565e-05
3.01994e-07
6.53908e-05
1.52704e-06
6.51753e-05
3.10677e-06
6.45374e-05
5.17353e-06
6.31253e-05
7.93155e-06
6.03242e-05
1.16003e-05
5.5268e-05
1.61779e-05
4.69499e-05
2.11986e-05
3.4736e-05
2.5536e-05
1.96085e-05
2.74055e-05
4.98571e-06
2.55677e-05
1.72459e-05
7.56561e-07
-2.20627e-06
3.08029e-06
-6.95331e-06
5.7963e-06
-8.17393e-06
8.35872e-06
-7.73025e-06
1.06733e-05
-6.97887e-06
1.28223e-05
-6.46174e-06
1.49073e-05
-6.24944e-06
1.69948e-05
-6.24494e-06
1.91147e-05
-6.33895e-06
2.12745e-05
-6.46032e-06
2.34721e-05
-6.57664e-06
2.57033e-05
-6.67932e-06
2.79644e-05
-6.76962e-06
3.02528e-05
-6.85047e-06
3.25662e-05
-6.92328e-06
3.4902e-05
-6.98731e-06
3.72567e-05
-7.03997e-06
3.96254e-05
-7.07733e-06
4.20017e-05
-7.09436e-06
4.43772e-05
-7.08516e-06
4.6741e-05
-7.04287e-06
4.90801e-05
-6.95971e-06
5.13782e-05
-6.82684e-06
5.36158e-05
-6.63428e-06
5.57699e-05
-6.37081e-06
5.78132e-05
-6.02383e-06
5.97139e-05
-5.57921e-06
6.14354e-05
-5.02103e-06
6.29359e-05
-4.33123e-06
6.41697e-05
-3.48918e-06
6.50864e-05
-2.47169e-06
6.5617e-05
-1.25214e-06
6.57153e-05
2.03663e-07
6.53127e-05
1.9296e-06
6.4431e-05
3.98852e-06
6.31481e-05
6.45645e-06
6.16313e-05
9.44833e-06
6.00781e-05
1.31534e-05
5.84498e-05
1.78063e-05
5.61105e-05
2.35378e-05
5.17583e-05
2.98882e-05
4.41021e-05
3.50618e-05
3.38848e-05
3.5785e-05
2.86995e-05
7.89398e-07
-2.99567e-06
3.11976e-06
-9.28367e-06
5.81245e-06
-1.08666e-05
8.33975e-06
-1.02575e-05
1.06257e-05
-9.26479e-06
1.27598e-05
-8.59591e-06
1.48419e-05
-8.33153e-06
1.6933e-05
-8.33601e-06
1.90581e-05
-8.4641e-06
2.12223e-05
-8.62449e-06
2.34229e-05
-8.77719e-06
2.56561e-05
-8.91253e-06
2.79191e-05
-9.0327e-06
3.02103e-05
-9.1416e-06
3.25278e-05
-9.24086e-06
3.48698e-05
-9.32928e-06
3.72331e-05
-9.4033e-06
3.96134e-05
-9.45762e-06
4.20047e-05
-9.48562e-06
4.4399e-05
-9.47945e-06
4.67862e-05
-9.43009e-06
4.91537e-05
-9.32723e-06
5.1486e-05
-9.15916e-06
5.37644e-05
-8.91268e-06
5.59666e-05
-8.57296e-06
5.80661e-05
-8.12337e-06
6.00324e-05
-7.54547e-06
6.183e-05
-6.8187e-06
6.3419e-05
-5.92022e-06
6.47543e-05
-4.8245e-06
6.57854e-05
-3.50279e-06
6.64565e-05
-1.92316e-06
6.67079e-05
-4.77424e-08
6.64723e-05
2.16513e-06
6.5696e-05
4.76487e-06
6.43497e-05
7.80278e-06
6.2479e-05
1.1319e-05
6.02833e-05
1.53491e-05
5.81432e-05
1.99463e-05
5.64513e-05
2.52297e-05
5.50779e-05
3.12616e-05
5.26783e-05
3.74614e-05
4.71313e-05
4.13319e-05
3.89997e-05
8.3146e-07
-3.82713e-06
3.16963e-06
-1.16218e-05
5.83107e-06
-1.35281e-05
8.31269e-06
-1.27392e-05
1.05624e-05
-1.15145e-05
1.26785e-05
-1.0712e-05
1.47574e-05
-1.04104e-05
1.68527e-05
-1.04313e-05
1.89837e-05
-1.05952e-05
2.11526e-05
-1.07933e-05
2.33561e-05
-1.09807e-05
2.55914e-05
-1.11478e-05
2.78567e-05
-1.1298e-05
3.01512e-05
-1.14361e-05
3.24742e-05
-1.15639e-05
3.48243e-05
-1.16793e-05
3.7199e-05
-1.1778e-05
3.95945e-05
-1.18531e-05
4.20054e-05
-1.18966e-05
4.44246e-05
-1.18986e-05
4.68427e-05
-1.18482e-05
4.92478e-05
-1.17324e-05
5.16255e-05
-1.15368e-05
5.39579e-05
-1.12451e-05
5.62236e-05
-1.08387e-05
5.83976e-05
-1.02973e-05
6.04502e-05
-9.59814e-06
6.23478e-05
-8.71624e-06
6.40516e-05
-7.62403e-06
6.55181e-05
-6.29105e-06
6.6699e-05
-4.68367e-06
6.75411e-05
-2.76523e-06
6.79887e-05
-4.95354e-07
6.79858e-05
2.16808e-06
6.74799e-05
5.2707e-06
6.64262e-05
8.85646e-06
6.4793e-05
1.29523e-05
6.25911e-05
1.7551e-05
5.99483e-05
2.25891e-05
5.72146e-05
2.79634e-05
5.48663e-05
3.36098e-05
5.27753e-05
3.95525e-05
4.90948e-05
4.50124e-05
4.74394e-05
8.81817e-07
-4.70895e-06
3.2276e-06
-1.39676e-05
5.8499e-06
-1.61504e-05
8.27693e-06
-1.51662e-05
1.04849e-05
-1.37225e-05
1.2581e-05
-1.28081e-05
1.46565e-05
-1.24859e-05
1.67564e-05
-1.25312e-05
1.88933e-05
-1.27321e-05
2.10665e-05
-1.29665e-05
2.32725e-05
-1.31868e-05
2.55095e-05
-1.33847e-05
2.7777e-05
-1.35655e-05
3.00754e-05
-1.37346e-05
3.24049e-05
-1.38933e-05
3.47648e-05
-1.40392e-05
3.71533e-05
-1.41665e-05
3.95674e-05
-1.42672e-05
4.20024e-05
-1.43316e-05
4.44521e-05
-1.43484e-05
4.69082e-05
-1.43042e-05
4.93597e-05
-1.41839e-05
5.17933e-05
-1.39704e-05
5.41923e-05
-1.36441e-05
5.65366e-05
-1.31831e-05
5.88024e-05
-1.25631e-05
6.09617e-05
-1.17574e-05
6.2982e-05
-1.07365e-05
6.48262e-05
-9.46829e-06
6.64524e-05
-7.91724e-06
6.78137e-05
-6.04499e-06
6.88592e-05
-3.8107e-06
6.95354e-05
-1.17154e-06
6.97879e-05
1.9156e-06
6.95653e-05
5.4932e-06
6.88207e-05
9.60111e-06
6.75107e-05
1.42623e-05
6.55897e-05
1.9472e-05
6.30099e-05
2.5169e-05
5.97733e-05
3.12001e-05
5.60551e-05
3.7328e-05
5.21604e-05
4.34471e-05
4.7541e-05
4.96318e-05
5.53852e-05
9.39355e-07
-5.6483e-06
3.2912e-06
-1.63195e-05
5.86655e-06
-1.87257e-05
8.23169e-06
-1.75313e-05
1.03942e-05
-1.58849e-05
1.24694e-05
-1.48834e-05
1.45416e-05
-1.45581e-05
1.66458e-05
-1.46354e-05
1.87877e-05
-1.4874e-05
2.0964e-05
-1.51427e-05
2.31713e-05
-1.53941e-05
2.54092e-05
-1.56226e-05
2.76785e-05
-1.58349e-05
2.9981e-05
-1.60371e-05
3.23176e-05
-1.623e-05
3.46886e-05
-1.64101e-05
3.70929e-05
-1.65708e-05
3.95283e-05
-1.67026e-05
4.19913e-05
-1.67946e-05
4.44766e-05
-1.68336e-05
4.6977e-05
-1.68045e-05
4.94829e-05
-1.66899e-05
5.19823e-05
-1.64698e-05
5.44599e-05
-1.61216e-05
5.6897e-05
-1.56202e-05
5.92712e-05
-1.49373e-05
6.15562e-05
-1.40424e-05
6.37211e-05
-1.29015e-05
6.57303e-05
-1.14775e-05
6.75432e-05
-9.73011e-06
6.91145e-05
-7.61627e-06
7.03949e-05
-5.09113e-06
7.13322e-05
-2.10883e-06
7.18716e-05
1.3762e-06
7.19581e-05
5.40671e-06
7.15346e-05
1.00246e-05
7.05434e-05
1.52535e-05
6.89189e-05
2.10965e-05
6.65691e-05
2.75188e-05
6.33471e-05
3.4422e-05
5.90744e-05
4.16007e-05
5.37184e-05
4.88031e-05
4.72636e-05
5.60867e-05
6.41464e-05
1.00285e-06
-6.65115e-06
3.358e-06
-1.86746e-05
5.87889e-06
-2.12466e-05
8.17651e-06
-1.9829e-05
1.02915e-05
-1.79999e-05
1.23459e-05
-1.69377e-05
1.44148e-05
-1.66271e-05
1.65223e-05
-1.67428e-05
1.86674e-05
-1.70192e-05
2.08448e-05
-1.73201e-05
2.30517e-05
-1.76011e-05
2.52892e-05
-1.786e-05
2.75597e-05
-1.81054e-05
2.98659e-05
-1.83433e-05
3.22099e-05
-1.8574e-05
3.45927e-05
-1.87929e-05
3.70142e-05
-1.89923e-05
3.94732e-05
-1.91617e-05
4.19673e-05
-1.92887e-05
4.44925e-05
-1.93588e-05
4.70429e-05
-1.9355e-05
4.96105e-05
-1.92575e-05
5.21848e-05
-1.9044e-05
5.47519e-05
-1.86888e-05
5.7295e-05
-1.81633e-05
5.97934e-05
-1.74358e-05
6.22224e-05
-1.64714e-05
6.45528e-05
-1.52318e-05
6.67503e-05
-1.3675e-05
6.87759e-05
-1.17558e-05
7.05862e-05
-9.42659e-06
7.21336e-05
-6.63849e-06
7.33664e-05
-3.34159e-06
7.42266e-05
5.15946e-07
7.46553e-05
4.97802e-06
7.4584e-05
1.00959e-05
7.39385e-05
1.5899e-05
7.26331e-05
2.24019e-05
7.05588e-05
2.95931e-05
6.75482e-05
3.74326e-05
6.33136e-05
4.58354e-05
5.74711e-05
5.46455e-05
4.97695e-05
6.37883e-05
7.41325e-05
1.07101e-06
-7.72216e-06
3.42569e-06
-2.10293e-05
5.88509e-06
-2.3706e-05
8.11122e-06
-2.20551e-05
1.01784e-05
-2.00671e-05
1.22126e-05
-1.89719e-05
1.42778e-05
-1.86924e-05
1.63868e-05
-1.88518e-05
1.85327e-05
-1.9165e-05
2.07085e-05
-1.94959e-05
2.29129e-05
-1.98054e-05
2.51483e-05
-2.00954e-05
2.74187e-05
-2.03759e-05
2.9728e-05
-2.06526e-05
3.20792e-05
-2.09251e-05
3.4474e-05
-2.11878e-05
3.69135e-05
-2.14318e-05
3.93977e-05
-2.16458e-05
4.19253e-05
-2.18164e-05
4.44939e-05
-2.19274e-05
4.70992e-05
-2.19603e-05
4.97349e-05
-2.18932e-05
5.23921e-05
-2.17012e-05
5.50589e-05
-2.13556e-05
5.77203e-05
-2.08247e-05
6.03576e-05
-2.0073e-05
6.29478e-05
-1.90616e-05
6.54632e-05
-1.77472e-05
6.78714e-05
-1.60832e-05
7.01355e-05
-1.40198e-05
7.22141e-05
-1.15052e-05
7.4061e-05
-8.48535e-06
7.56234e-05
-4.90398e-06
7.68423e-05
-7.03032e-07
7.76489e-05
4.17143e-06
7.79685e-05
9.77624e-06
7.77143e-05
1.61532e-05
7.67869e-05
2.33294e-05
7.50655e-05
3.13144e-05
7.23863e-05
4.01119e-05
6.84888e-05
4.97329e-05
6.29047e-05
6.02296e-05
5.50732e-05
7.16198e-05
8.47713e-05
1.14253e-06
-8.86469e-06
3.49203e-06
-2.33788e-05
5.88366e-06
-2.60976e-05
8.036e-06
-2.42074e-05
1.00563e-05
-2.20875e-05
1.20712e-05
-2.09867e-05
1.4132e-05
-2.07532e-05
1.624e-05
-2.09598e-05
1.83833e-05
-2.13083e-05
2.05545e-05
-2.16671e-05
2.27537e-05
-2.20046e-05
2.49851e-05
-2.23268e-05
2.7254e-05
-2.26448e-05
2.95653e-05
-2.29639e-05
3.19228e-05
-2.32826e-05
3.43294e-05
-2.35943e-05
3.6787e-05
-2.38894e-05
3.9297e-05
-2.41559e-05
4.18598e-05
-2.43791e-05
4.44744e-05
-2.4542e-05
4.71385e-05
-2.46243e-05
4.98476e-05
-2.46023e-05
5.25948e-05
-2.44484e-05
5.53704e-05
-2.41312e-05
5.81614e-05
-2.36157e-05
6.09511e-05
-2.28627e-05
6.37183e-05
-2.18288e-05
6.64372e-05
-2.04661e-05
6.90778e-05
-1.87238e-05
7.16058e-05
-1.65479e-05
7.39823e-05
-1.38817e-05
7.61617e-05
-1.06647e-05
7.80898e-05
-6.83206e-06
7.97029e-05
-2.31609e-06
8.09262e-05
2.94813e-06
8.16808e-05
9.02162e-06
8.18723e-05
1.59617e-05
8.13967e-05
2.3805e-05
8.01326e-05
3.25785e-05
7.79264e-05
4.23181e-05
7.45813e-05
5.3078e-05
6.97211e-05
6.50898e-05
6.28117e-05
7.85292e-05
9.50958e-05
1.23818e-06
-1.01029e-05
3.61963e-06
-2.57602e-05
5.97884e-06
-2.84568e-05
8.09303e-06
-2.63216e-05
1.01033e-05
-2.40977e-05
1.21356e-05
-2.3019e-05
1.42273e-05
-2.28449e-05
1.63688e-05
-2.31014e-05
1.8544e-05
-2.34835e-05
2.07459e-05
-2.3869e-05
2.29762e-05
-2.42349e-05
2.52411e-05
-2.45916e-05
2.75472e-05
-2.49509e-05
2.99003e-05
-2.5317e-05
3.23052e-05
-2.56875e-05
3.47658e-05
-2.60549e-05
3.72854e-05
-2.64091e-05
3.98669e-05
-2.67374e-05
4.25124e-05
-2.70246e-05
4.52229e-05
-2.72525e-05
4.7998e-05
-2.73994e-05
5.08354e-05
-2.74397e-05
5.37304e-05
-2.73434e-05
5.66755e-05
-2.70764e-05
5.96601e-05
-2.66002e-05
6.26689e-05
-2.58716e-05
6.56827e-05
-2.48425e-05
6.86775e-05
-2.3461e-05
7.1626e-05
-2.16723e-05
7.44966e-05
-1.94184e-05
7.72515e-05
-1.66366e-05
7.9844e-05
-1.32573e-05
8.22169e-05
-9.20496e-06
8.43025e-05
-4.40164e-06
8.60176e-05
1.23302e-06
8.72834e-05
7.75576e-06
8.80002e-05
1.52449e-05
8.8062e-05
2.37433e-05
8.73517e-05
3.32888e-05
8.5736e-05
4.39338e-05
8.30918e-05
5.57222e-05
7.92265e-05
6.8955e-05
7.39857e-05
8.377e-05
0.000102186
1.32747e-06
-1.14303e-05
3.7142e-06
-2.8147e-05
6.01369e-06
-3.07563e-05
8.06971e-06
-2.83776e-05
1.00541e-05
-2.60821e-05
1.20868e-05
-2.50517e-05
1.41897e-05
-2.49478e-05
1.63428e-05
-2.52545e-05
1.85272e-05
-2.56679e-05
2.07371e-05
-2.60789e-05
2.29765e-05
-2.64743e-05
2.5253e-05
-2.68682e-05
2.75745e-05
-2.72724e-05
2.99476e-05
-2.76901e-05
3.23779e-05
-2.81178e-05
3.48705e-05
-2.85475e-05
3.74304e-05
-2.89689e-05
4.00619e-05
-2.93689e-05
4.27692e-05
-2.97318e-05
4.55554e-05
-3.00387e-05
4.84226e-05
-3.02666e-05
5.1371e-05
-3.03881e-05
5.43986e-05
-3.0371e-05
5.75007e-05
-3.01785e-05
6.06689e-05
-2.97684e-05
6.38903e-05
-2.9093e-05
6.71477e-05
-2.81e-05
7.04207e-05
-2.67339e-05
7.36852e-05
-2.49368e-05
7.69123e-05
-2.26455e-05
8.00648e-05
-1.97891e-05
8.30953e-05
-1.62878e-05
8.59445e-05
-1.20541e-05
8.85419e-05
-6.99903e-06
9.08102e-05
-1.03526e-06
9.26576e-05
5.90831e-06
9.39886e-05
1.39139e-05
9.46926e-05
2.30393e-05
9.46564e-05
3.33249e-05
9.37745e-05
4.48158e-05
9.20045e-05
5.74921e-05
8.94222e-05
7.15374e-05
8.62951e-05
8.68971e-05
0.000104809
1.41858e-06
-1.28489e-05
3.80374e-06
-3.05321e-05
6.03747e-06
-3.29901e-05
8.03512e-06
-3.03753e-05
9.99562e-06
-2.80426e-05
1.2029e-05
-2.70851e-05
1.41401e-05
-2.70589e-05
1.63001e-05
-2.74145e-05
1.84888e-05
-2.78566e-05
2.07024e-05
-2.82925e-05
2.29472e-05
-2.87191e-05
2.52321e-05
-2.91532e-05
2.7566e-05
-2.96062e-05
2.99561e-05
-3.00802e-05
3.24091e-05
-3.05708e-05
3.49314e-05
-3.10698e-05
3.75294e-05
-3.15669e-05
4.02095e-05
-3.2049e-05
4.29779e-05
-3.25003e-05
4.58405e-05
-3.29013e-05
4.88019e-05
-3.3228e-05
5.18654e-05
-3.34516e-05
5.50323e-05
-3.35378e-05
5.83006e-05
-3.34469e-05
6.16647e-05
-3.31325e-05
6.51143e-05
-3.25426e-05
6.86354e-05
-3.1621e-05
7.2211e-05
-3.03096e-05
7.58205e-05
-2.85463e-05
7.94365e-05
-2.62614e-05
8.30225e-05
-2.33752e-05
8.65325e-05
-1.97977e-05
8.99091e-05
-1.54308e-05
9.30847e-05
-1.01746e-05
9.59797e-05
-3.93026e-06
9.85004e-05
3.38764e-06
0.000100545
1.18695e-05
0.000101997
2.15872e-05
0.000102727
3.25948e-05
0.000102635
4.49078e-05
0.000101738
5.83891e-05
0.000100293
7.29825e-05
9.86077e-05
8.85822e-05
0.000105582
1.51033e-06
-1.43593e-05
3.88646e-06
-3.29083e-05
6.04922e-06
-3.51528e-05
7.98935e-06
-3.23154e-05
9.92826e-06
-2.99815e-05
1.19616e-05
-2.91184e-05
1.40772e-05
-2.91745e-05
1.62388e-05
-2.95761e-05
1.84265e-05
-3.00444e-05
2.06393e-05
-3.05053e-05
2.28853e-05
-3.09651e-05
2.51749e-05
-3.14428e-05
2.75174e-05
-3.19487e-05
2.99208e-05
-3.24836e-05
3.23928e-05
-3.30427e-05
3.4941e-05
-3.36181e-05
3.75737e-05
-3.41996e-05
4.02995e-05
-3.47747e-05
4.31269e-05
-3.53277e-05
4.60647e-05
-3.5839e-05
4.91206e-05
-3.6284e-05
5.23016e-05
-3.66325e-05
5.56124e-05
-3.68487e-05
5.90547e-05
-3.68892e-05
6.26257e-05
-3.67035e-05
6.63184e-05
-3.62353e-05
7.01225e-05
-3.54251e-05
7.40242e-05
-3.42113e-05
7.80047e-05
-3.25268e-05
8.20384e-05
-3.02951e-05
8.60924e-05
-2.74293e-05
9.01268e-05
-2.38321e-05
9.40911e-05
-1.93951e-05
9.79215e-05
-1.4005e-05
0.00010154
-7.54826e-06
0.000104844
8.27011e-08
0.000107718
8.9962e-06
0.000110036
1.92688e-05
0.000111611
3.10202e-05
0.000112322
4.41971e-05
0.0001122
5.85106e-05
0.000111486
7.36966e-05
0.000110478
8.95905e-05
0.000106039
1.60158e-06
-1.59608e-05
3.96072e-06
-3.52674e-05
6.04805e-06
-3.72402e-05
7.93237e-06
-3.41997e-05
9.85186e-06
-3.1901e-05
1.18839e-05
-3.11504e-05
1.39993e-05
-3.12899e-05
1.61567e-05
-3.17335e-05
1.8338e-05
-3.22257e-05
2.0545e-05
-3.27123e-05
2.27878e-05
-3.3208e-05
2.50776e-05
-3.37326e-05
2.74241e-05
-3.42951e-05
2.9836e-05
-3.48955e-05
3.2322e-05
-3.55287e-05
3.48912e-05
-3.61873e-05
3.75538e-05
-3.68622e-05
4.03204e-05
-3.75414e-05
4.32027e-05
-3.821e-05
4.62123e-05
-3.88486e-05
4.93608e-05
-3.94325e-05
5.26593e-05
-3.9931e-05
5.61167e-05
-4.03061e-05
5.97386e-05
-4.0511e-05
6.35261e-05
-4.0491e-05
6.74761e-05
-4.01853e-05
7.15811e-05
-3.95301e-05
7.58287e-05
-3.8459e-05
8.02021e-05
-3.69002e-05
8.46807e-05
-3.47737e-05
8.92416e-05
-3.19902e-05
9.38562e-05
-2.84467e-05
9.84828e-05
-2.40217e-05
0.000103061
-1.85836e-05
0.000107517
-1.20042e-05
0.000111757
-4.15713e-06
0.000115621
5.13183e-06
0.000119008
1.58822e-05
0.00012154
2.84879e-05
0.000123002
4.27353e-05
0.000123407
5.81054e-05
0.000123005
7.40989e-05
0.000122222
9.03734e-05
0.000106611
1.6912e-06
-1.7652e-05
4.02491e-06
-3.76011e-05
6.03319e-06
-3.92484e-05
7.86411e-06
-3.60307e-05
9.76603e-06
-3.38029e-05
1.17944e-05
-3.31788e-05
1.39043e-05
-3.33998e-05
1.60515e-05
-3.38807e-05
1.82206e-05
-3.43948e-05
2.04167e-05
-3.49083e-05
2.26514e-05
-3.54427e-05
2.49362e-05
-3.60175e-05
2.72813e-05
-3.66402e-05
2.96958e-05
-3.731e-05
3.21896e-05
-3.80224e-05
3.47733e-05
-3.87711e-05
3.7459e-05
-3.95478e-05
4.02598e-05
-4.03423e-05
4.31904e-05
-4.11406e-05
4.62659e-05
-4.19242e-05
4.95024e-05
-4.2669e-05
5.29156e-05
-4.33442e-05
5.65194e-05
-4.39099e-05
6.03242e-05
-4.43159e-05
6.43364e-05
-4.45032e-05
6.85562e-05
-4.44052e-05
7.29769e-05
-4.39507e-05
7.75871e-05
-4.30692e-05
8.23746e-05
-4.16876e-05
8.73301e-05
-3.97293e-05
9.24458e-05
-3.71058e-05
9.77081e-05
-3.37089e-05
0.000103089
-2.94029e-05
0.000108538
-2.40323e-05
0.000113981
-1.74468e-05
0.000119326
-9.50259e-06
0.00012445
8.26045e-09
0.000129113
1.12188e-05
0.000132352
2.52489e-05
0.000134455
4.06323e-05
0.000135601
5.69591e-05
0.000135778
7.39224e-05
0.00013519
9.09616e-05
0.000107536
1.7781e-06
-1.94301e-05
4.07753e-06
-3.99005e-05
6.00396e-06
-4.11749e-05
7.78442e-06
-3.78111e-05
9.67007e-06
-3.56886e-05
1.16916e-05
-3.52003e-05
1.37901e-05
-3.54983e-05
1.59205e-05
-3.60111e-05
1.80717e-05
-3.65459e-05
2.02514e-05
-3.70881e-05
2.24726e-05
-3.76638e-05
2.47467e-05
-3.82916e-05
2.70839e-05
-3.89774e-05
2.94941e-05
-3.97202e-05
3.19881e-05
-4.05165e-05
3.45782e-05
-4.13612e-05
3.72784e-05
-4.2248e-05
4.01045e-05
-4.31683e-05
4.30741e-05
-4.41101e-05
4.62065e-05
-4.50566e-05
4.95226e-05
-4.59851e-05
5.30439e-05
-4.68655e-05
5.67902e-05
-4.76563e-05
6.07789e-05
-4.83045e-05
6.50223e-05
-4.87466e-05
6.95229e-05
-4.89057e-05
7.42733e-05
-4.87012e-05
7.92652e-05
-4.80611e-05
8.44941e-05
-4.69165e-05
8.99626e-05
-4.51978e-05
9.56777e-05
-4.28209e-05
0.000101655
-3.96867e-05
0.000107911
-3.56587e-05
0.000114413
-3.0534e-05
0.000121055
-2.40889e-05
0.000127488
-1.59358e-05
0.000133632
-6.13583e-06
0.000139889
4.9624e-06
0.000144569
2.0569e-05
0.000147759
3.74421e-05
0.000148922
5.57957e-05
0.000148615
7.42294e-05
0.000147704
9.18723e-05
0.000108661
1.86119e-06
-2.12913e-05
4.11719e-06
-4.21565e-05
5.95987e-06
-4.30175e-05
7.69317e-06
-3.95444e-05
9.56312e-06
-3.75585e-05
1.15736e-05
-3.72108e-05
1.36541e-05
-3.75788e-05
1.57614e-05
-3.81184e-05
1.78888e-05
-3.86733e-05
2.00466e-05
-3.9246e-05
2.22482e-05
-3.98654e-05
2.4505e-05
-4.05483e-05
2.6827e-05
-4.12994e-05
2.92248e-05
-4.21181e-05
3.17103e-05
-4.30019e-05
3.4297e-05
-4.39479e-05
3.70009e-05
-4.49519e-05
3.98404e-05
-4.60078e-05
4.28364e-05
-4.71062e-05
4.60127e-05
-4.82329e-05
4.93957e-05
-4.93682e-05
5.30138e-05
-5.04835e-05
5.6895e-05
-5.15375e-05
6.10661e-05
-5.24756e-05
6.55471e-05
-5.32276e-05
7.03419e-05
-5.37006e-05
7.54423e-05
-5.38016e-05
8.08418e-05
-5.34605e-05
8.65371e-05
-5.26118e-05
9.25376e-05
-5.11983e-05
9.88722e-05
-4.91554e-05
0.000105616
-4.643e-05
0.000112838
-4.28816e-05
0.000120445
-3.81409e-05
0.000128041
-3.16849e-05
0.000135296
-2.31904e-05
0.000142519
-1.33591e-05
0.000147725
-2.42998e-07
0.000149964
1.83296e-05
0.000152195
3.52112e-05
0.000153672
5.43184e-05
0.000153984
7.39179e-05
0.000153731
9.21248e-05
0.000108874
1.93936e-06
-2.32307e-05
4.1426e-06
-4.43598e-05
5.90059e-06
-4.47755e-05
7.59022e-06
-4.1234e-05
9.44417e-06
-3.94125e-05
1.14386e-05
-3.92052e-05
1.34944e-05
-3.96346e-05
1.55721e-05
-4.01961e-05
1.76698e-05
-4.0771e-05
1.97998e-05
-4.1376e-05
2.19754e-05
-4.2041e-05
2.42076e-05
-4.27804e-05
2.65063e-05
-4.35982e-05
2.88825e-05
-4.44943e-05
3.13489e-05
-4.54683e-05
3.39205e-05
-4.65195e-05
3.6615e-05
-4.76464e-05
3.9453e-05
-4.88459e-05
4.2459e-05
-5.01122e-05
4.56616e-05
-5.14354e-05
4.90935e-05
-5.28001e-05
5.27926e-05
-5.41826e-05
5.6798e-05
-5.5543e-05
6.11488e-05
-5.68263e-05
6.58761e-05
-5.7955e-05
7.09861e-05
-5.88105e-05
7.64613e-05
-5.92768e-05
8.22792e-05
-5.92784e-05
8.84273e-05
-5.87599e-05
9.49375e-05
-5.77086e-05
0.000101864
-5.60824e-05
0.000109249
-5.38143e-05
0.00011705
-5.06827e-05
0.000124583
-4.56743e-05
0.000131722
-3.88236e-05
0.000134664
-2.61325e-05
0.000137174
-1.58693e-05
0.000139294
-2.363e-06
0.000144615
1.3009e-05
0.000148967
3.08587e-05
0.000151798
5.14881e-05
0.000153606
7.21097e-05
0.000154178
9.1553e-05
0.000108693
2.01152e-06
-2.52422e-05
4.15263e-06
-4.65009e-05
5.82601e-06
-4.64489e-05
7.47547e-06
-4.28835e-05
9.31215e-06
-4.12492e-05
1.12847e-05
-4.11777e-05
1.33088e-05
-4.16588e-05
1.53506e-05
-4.22379e-05
1.74128e-05
-4.28331e-05
1.9509e-05
-4.34722e-05
2.16517e-05
-4.41837e-05
2.38512e-05
-4.498e-05
2.61175e-05
-4.58645e-05
2.84618e-05
-4.68386e-05
3.08974e-05
-4.79039e-05
3.34401e-05
-4.90623e-05
3.61093e-05
-5.03156e-05
3.89278e-05
-5.16643e-05
4.19236e-05
-5.3108e-05
4.51304e-05
-5.46422e-05
4.85894e-05
-5.62591e-05
5.23505e-05
-5.79437e-05
5.64646e-05
-5.9657e-05
6.09858e-05
-6.13476e-05
6.59651e-05
-6.29343e-05
7.14061e-05
-6.42515e-05
7.72537e-05
-6.51244e-05
8.34407e-05
-6.54655e-05
8.99633e-05
-6.52825e-05
9.69068e-05
-6.46521e-05
0.000104151
-6.33268e-05
0.000111329
-6.0992e-05
0.000118389
-5.77432e-05
0.000121803
-4.90876e-05
0.000124437
-4.14575e-05
0.000123195
-2.48904e-05
0.000120299
-1.29739e-05
0.000119935
-1.99858e-06
0.000124269
8.67449e-06
0.000131427
2.37006e-05
0.000138393
4.45226e-05
0.000143641
6.68619e-05
0.000147683
8.75107e-05
0.000105632
2.07656e-06
-2.73188e-05
4.14635e-06
-4.85707e-05
5.73621e-06
-4.80388e-05
7.34884e-06
-4.44961e-05
9.16596e-06
-4.30663e-05
1.11102e-05
-4.31219e-05
1.30958e-05
-4.36444e-05
1.50956e-05
-4.42377e-05
1.71165e-05
-4.4854e-05
1.91723e-05
-4.5528e-05
2.12746e-05
-4.6286e-05
2.3433e-05
-4.71383e-05
2.5657e-05
-4.80885e-05
2.79579e-05
-4.91395e-05
3.03494e-05
-5.02954e-05
3.28481e-05
-5.15609e-05
3.54743e-05
-5.29418e-05
3.8253e-05
-5.44431e-05
4.12165e-05
-5.60715e-05
4.4403e-05
-5.78287e-05
4.78639e-05
-5.972e-05
5.166e-05
-6.17398e-05
5.58451e-05
-6.38421e-05
6.04959e-05
-6.59985e-05
6.56995e-05
-6.81378e-05
7.14425e-05
-6.99945e-05
7.75941e-05
-7.12761e-05
8.40296e-05
-7.1901e-05
9.07743e-05
-7.20273e-05
9.79582e-05
-7.18359e-05
0.000104696
-7.00642e-05
0.000110019
-6.63156e-05
0.000113788
-6.15121e-05
0.000113657
-4.89564e-05
0.0001125
-4.03003e-05
0.000115548
-2.79386e-05
0.000117982
-1.54081e-05
0.000121524
-5.54103e-06
0.000123229
6.96945e-06
0.00012476
2.21697e-05
0.000128527
4.07557e-05
0.000133739
6.16502e-05
0.000138765
8.24846e-05
0.000143194
0.000101203
0.000117286
2.13347e-06
-2.94522e-05
4.12305e-06
-5.05603e-05
5.63146e-06
-4.95472e-05
7.2102e-06
-4.60749e-05
9.00441e-06
-4.48605e-05
1.09134e-05
-4.50309e-05
1.28538e-05
-4.55848e-05
1.48058e-05
-4.61897e-05
1.67794e-05
-4.68276e-05
1.87882e-05
-4.75368e-05
2.08423e-05
-4.83402e-05
2.29504e-05
-4.92464e-05
2.51217e-05
-5.02598e-05
2.73675e-05
-5.13853e-05
2.97013e-05
-5.26292e-05
3.21405e-05
-5.40001e-05
3.47062e-05
-5.55075e-05
3.74256e-05
-5.71626e-05
4.0334e-05
-5.89798e-05
4.34718e-05
-6.09665e-05
4.68973e-05
-6.31455e-05
5.06651e-05
-6.55075e-05
5.4815e-05
-6.79921e-05
5.9477e-05
-7.06605e-05
6.48131e-05
-7.34739e-05
7.07809e-05
-7.59623e-05
7.71479e-05
-7.7643e-05
8.36817e-05
-7.84348e-05
9.04005e-05
-7.87461e-05
9.74515e-05
-7.88869e-05
0.000102279
-7.48918e-05
0.000105879
-6.99152e-05
0.000107389
-6.30228e-05
0.000111238
-5.28051e-05
0.000112051
-4.11129e-05
0.000112812
-2.87002e-05
0.000111532
-1.41282e-05
0.000107783
-1.79199e-06
0.00010445
1.03026e-05
0.0001046
2.202e-05
0.000110066
3.52892e-05
0.00011928
5.24364e-05
0.000128344
7.34203e-05
0.000134962
9.4585e-05
0.000112172
2.18133e-06
-3.16336e-05
4.08219e-06
-5.24611e-05
5.51221e-06
-5.09772e-05
7.05936e-06
-4.7622e-05
8.82624e-06
-4.66274e-05
1.0693e-05
-4.68977e-05
1.25817e-05
-4.74734e-05
1.44802e-05
-4.80883e-05
1.64008e-05
-4.87482e-05
1.83556e-05
-4.94917e-05
2.03537e-05
-5.03383e-05
2.24028e-05
-5.12955e-05
2.45116e-05
-5.23686e-05
2.66914e-05
-5.3565e-05
2.89557e-05
-5.48935e-05
3.13223e-05
-5.63667e-05
3.38123e-05
-5.79975e-05
3.64533e-05
-5.98036e-05
3.92771e-05
-6.18036e-05
4.23175e-05
-6.40069e-05
4.56226e-05
-6.64506e-05
4.9205e-05
-6.90899e-05
5.30961e-05
-7.18832e-05
5.75767e-05
-7.5141e-05
6.29611e-05
-7.88584e-05
6.91539e-05
-8.2155e-05
7.58085e-05
-8.42977e-05
8.24654e-05
-8.50916e-05
8.90678e-05
-8.53485e-05
9.55225e-05
-8.53417e-05
9.94511e-05
-7.88204e-05
0.000104731
-7.51949e-05
0.000109053
-6.73454e-05
0.000109582
-5.33336e-05
0.000104504
-3.60347e-05
9.53927e-05
-1.95893e-05
8.58713e-05
-4.60684e-06
7.83363e-05
5.74303e-06
7.60797e-05
1.25591e-05
7.94619e-05
1.86377e-05
8.81347e-05
2.66165e-05
0.00010165
3.89212e-05
0.000117022
5.80483e-05
0.000129001
8.26059e-05
0.000105513
2.21908e-06
-3.38526e-05
4.02341e-06
-5.42655e-05
5.37926e-06
-5.23331e-05
6.89626e-06
-4.9139e-05
8.63037e-06
-4.83615e-05
1.04476e-05
-4.87149e-05
1.22788e-05
-4.93046e-05
1.41188e-05
-4.99284e-05
1.59809e-05
-5.06102e-05
1.78758e-05
-5.13866e-05
1.98112e-05
-5.22736e-05
2.17941e-05
-5.32784e-05
2.38333e-05
-5.44078e-05
2.59393e-05
-5.56711e-05
2.81256e-05
-5.70797e-05
3.04081e-05
-5.86492e-05
3.28042e-05
-6.03936e-05
3.53339e-05
-6.23332e-05
3.80105e-05
-6.44803e-05
4.0844e-05
-6.68403e-05
4.38428e-05
-6.94494e-05
4.69623e-05
-7.22094e-05
5.03216e-05
-7.52426e-05
5.45494e-05
-7.93688e-05
6.01451e-05
-8.44541e-05
6.69478e-05
-8.89577e-05
7.46407e-05
-9.19906e-05
8.22313e-05
-9.26822e-05
9.01423e-05
-9.32595e-05
9.73257e-05
-9.25251e-05
0.000106424
-8.7919e-05
0.000109786
-7.85564e-05
0.000105782
-6.33417e-05
9.43784e-05
-4.19298e-05
7.93067e-05
-2.0963e-05
6.55549e-05
-5.83751e-06
5.81952e-05
2.75286e-06
5.73323e-05
6.60586e-06
6.09027e-05
8.98871e-06
6.77704e-05
1.177e-05
7.77857e-05
1.66011e-05
9.13405e-05
2.53664e-05
0.000108538
4.08503e-05
0.000125557
6.55874e-05
9.52288e-05
2.2454e-06
-3.6098e-05
3.94685e-06
-5.59669e-05
5.23445e-06
-5.36207e-05
6.72162e-06
-5.06262e-05
8.41674e-06
-5.00566e-05
1.0178e-05
-5.04762e-05
1.1947e-05
-5.10735e-05
1.37248e-05
-5.17062e-05
1.55245e-05
-5.24099e-05
1.73554e-05
-5.32175e-05
1.92239e-05
-5.41422e-05
2.11366e-05
-5.51911e-05
2.31014e-05
-5.63725e-05
2.51273e-05
-5.7697e-05
2.7224e-05
-5.91764e-05
2.93995e-05
-6.08247e-05
3.16575e-05
-6.26516e-05
3.39931e-05
-6.46689e-05
3.63841e-05
-6.68713e-05
3.88033e-05
-6.92595e-05
4.12268e-05
-7.18729e-05
4.36426e-05
-7.46251e-05
4.64952e-05
-7.80952e-05
5.09426e-05
-8.38162e-05
5.75367e-05
-9.10482e-05
6.61441e-05
-9.75651e-05
7.75469e-05
-0.000103393
8.94074e-05
-0.000104543
0.000101723
-0.000105575
0.000110296
-0.000101098
0.000111691
-8.93144e-05
0.000102746
-6.96111e-05
8.46852e-05
-4.5281e-05
6.47456e-05
-2.19901e-05
5.07071e-05
-6.92455e-06
4.55357e-05
-6.66069e-07
4.7064e-05
1.22452e-06
5.15892e-05
2.08063e-06
5.77751e-05
2.80277e-06
6.57583e-05
3.78687e-06
7.59805e-05
6.37888e-06
8.85703e-05
1.27766e-05
0.000104287
2.51337e-05
0.000122548
4.73268e-05
8.01078e-05
2.25847e-06
-3.83565e-05
3.85384e-06
-5.75623e-05
5.08148e-06
-5.48483e-05
6.538e-06
-5.20827e-05
8.188e-06
-5.17066e-05
9.88844e-06
-5.21767e-05
1.15928e-05
-5.27779e-05
1.33069e-05
-5.34202e-05
1.50427e-05
-5.41458e-05
1.68076e-05
-5.49824e-05
1.86066e-05
-5.59412e-05
2.04442e-05
-5.70287e-05
2.23252e-05
-5.82535e-05
2.42518e-05
-5.96237e-05
2.62221e-05
-6.11467e-05
2.82232e-05
-6.28259e-05
3.0231e-05
-6.46594e-05
3.22015e-05
-6.66394e-05
3.40858e-05
-6.87555e-05
3.58611e-05
-7.10349e-05
3.761e-05
-7.36218e-05
3.95851e-05
-7.66002e-05
4.28594e-05
-8.13694e-05
4.90187e-05
-8.99755e-05
5.8172e-05
-0.000100202
7.07872e-05
-0.00011018
8.68356e-05
-0.000119442
0.000104969
-0.000122676
0.00011405
-0.000114656
0.000111881
-9.89294e-05
9.81682e-05
-7.5602e-05
7.59722e-05
-4.7415e-05
5.33713e-05
-2.268e-05
4.00964e-05
-8.71527e-06
3.76486e-05
-4.47677e-06
4.08383e-05
-3.85572e-06
4.56897e-05
-3.62689e-06
5.11921e-05
-3.42183e-06
5.74412e-05
-3.44636e-06
6.47864e-05
-3.55821e-06
7.38374e-05
-2.67223e-06
8.52318e-05
1.38224e-06
9.99686e-05
1.03969e-05
0.000117843
2.94522e-05
6.23722e-05
2.25526e-06
-4.06118e-05
3.74773e-06
-5.90547e-05
4.92629e-06
-5.60269e-05
6.35034e-06
-5.35067e-05
7.95035e-06
-5.33066e-05
9.58764e-06
-5.38139e-05
1.12273e-05
-5.44176e-05
1.28773e-05
-5.50702e-05
1.45474e-05
-5.58159e-05
1.62412e-05
-5.66763e-05
1.79599e-05
-5.76598e-05
1.97018e-05
-5.87706e-05
2.14618e-05
-6.00135e-05
2.3226e-05
-6.13879e-05
2.49691e-05
-6.28897e-05
2.66479e-05
-6.45047e-05
2.82108e-05
-6.62223e-05
2.96054e-05
-6.8034e-05
3.08442e-05
-6.99944e-05
3.20778e-05
-7.22684e-05
3.37639e-05
-7.53079e-05
3.6749e-05
-7.95854e-05
4.29035e-05
-8.75239e-05
5.33692e-05
-0.000100441
6.68403e-05
-0.000113673
8.35466e-05
-0.000126887
0.000103285
-0.000139181
0.000113388
-0.000132779
0.000109582
-0.00011085
9.27176e-05
-8.2065e-05
6.77673e-05
-5.06517e-05
4.44968e-05
-2.41445e-05
3.25814e-05
-1.07647e-05
3.19992e-05
-8.13303e-06
3.59923e-05
-8.46988e-06
4.0853e-05
-8.71645e-06
4.5955e-05
-8.72891e-06
5.13629e-05
-8.82974e-06
5.70953e-05
-9.17878e-06
6.31745e-05
-9.63744e-06
6.9998e-05
-9.4958e-06
7.89115e-05
-7.53121e-06
9.2024e-05
-2.71558e-06
0.000108713
1.27631e-05
4.45578e-05
2.2329e-06
-4.28447e-05
3.63389e-06
-6.04557e-05
4.77391e-06
-5.71669e-05
6.16223e-06
-5.48951e-05
7.70837e-06
-5.48527e-05
9.28051e-06
-5.53861e-05
1.08529e-05
-5.59899e-05
1.24322e-05
-5.66495e-05
1.4023e-05
-5.74067e-05
1.56209e-05
-5.82742e-05
1.72177e-05
-5.92566e-05
1.87986e-05
-6.03515e-05
2.034e-05
-6.1555e-05
2.18054e-05
-6.28532e-05
2.31493e-05
-6.42336e-05
2.43205e-05
-6.56758e-05
2.53044e-05
-6.72062e-05
2.6171e-05
-6.89006e-05
2.72054e-05
-7.10289e-05
2.90419e-05
-7.41048e-05
3.28308e-05
-7.90968e-05
4.0374e-05
-8.71286e-05
5.39095e-05
-0.000101059
7.0269e-05
-0.000116801
8.41748e-05
-0.000127579
9.66199e-05
-0.000139332
0.000100786
-0.000143346
9.6974e-05
-0.000128967
8.35223e-05
-9.73978e-05
5.98454e-05
-5.8388e-05
3.71748e-05
-2.79811e-05
2.662e-05
-1.35898e-05
2.73225e-05
-1.14673e-05
3.17496e-05
-1.25602e-05
3.65549e-05
-1.32752e-05
4.13952e-05
-1.35567e-05
4.64509e-05
-1.37846e-05
5.1767e-05
-1.41458e-05
5.71872e-05
-1.4599e-05
6.25486e-05
-1.49989e-05
6.79316e-05
-1.48788e-05
7.43585e-05
-1.39581e-05
8.41474e-05
-1.25044e-05
9.6573e-05
3.37418e-07
2.84741e-05
2.19974e-06
-4.50444e-05
3.51525e-06
-6.17712e-05
4.61527e-06
-5.82669e-05
5.96049e-06
-5.62403e-05
7.44437e-06
-5.63366e-05
8.94054e-06
-5.68823e-05
1.04275e-05
-5.74769e-05
1.19062e-05
-5.81282e-05
1.33709e-05
-5.88713e-05
1.48047e-05
-5.9708e-05
1.61849e-05
-6.06368e-05
1.74811e-05
-6.16477e-05
1.86553e-05
-6.27292e-05
1.96732e-05
-6.38711e-05
2.05255e-05
-6.50858e-05
2.12509e-05
-6.64012e-05
2.20573e-05
-6.80127e-05
2.33924e-05
-7.02357e-05
2.61176e-05
-7.3754e-05
3.18311e-05
-7.98184e-05
4.26942e-05
-8.996e-05
6.21928e-05
-0.000106627
8.29661e-05
-0.000121833
9.49796e-05
-0.000128814
9.4056e-05
-0.000126655
8.71745e-05
-0.00013245
7.67813e-05
-0.000132953
6.77169e-05
-0.000119903
5.16807e-05
-8.13617e-05
3.1605e-05
-3.83123e-05
2.17219e-05
-1.80981e-05
2.3028e-05
-1.48958e-05
2.783e-05
-1.62694e-05
3.25686e-05
-1.72988e-05
3.70866e-05
-1.77931e-05
4.18035e-05
-1.82736e-05
4.68586e-05
-1.88398e-05
5.21908e-05
-1.9478e-05
5.771e-05
-2.01182e-05
6.3257e-05
-2.05459e-05
6.8883e-05
-2.05048e-05
7.51317e-05
-2.02068e-05
8.14511e-05
-1.88239e-05
9.10874e-05
-9.29899e-06
1.45609e-05
2.18819e-06
-4.72326e-05
3.3776e-06
-6.29606e-05
4.40499e-06
-5.92943e-05
5.69159e-06
-5.75269e-05
7.08784e-06
-5.77329e-05
8.47357e-06
-5.8268e-05
9.82606e-06
-5.88294e-05
1.11371e-05
-5.94392e-05
1.23892e-05
-6.01235e-05
1.35572e-05
-6.0876e-05
1.4615e-05
-6.16945e-05
1.55391e-05
-6.25718e-05
1.6327e-05
-6.35171e-05
1.70505e-05
-6.45947e-05
1.78859e-05
-6.59212e-05
1.91855e-05
-6.77008e-05
2.17082e-05
-7.05354e-05
2.67036e-05
-7.52311e-05
3.62671e-05
-8.33176e-05
5.2581e-05
-9.61322e-05
7.56854e-05
-0.000113064
9.45982e-05
-0.00012554
0.000102511
-0.000129746
9.69911e-05
-0.000123294
7.97996e-05
-0.000109463
6.66672e-05
-0.000119318
5.58291e-05
-0.000122115
4.59082e-05
-0.000109982
2.98055e-05
-6.5259e-05
1.89636e-05
-2.74703e-05
1.94485e-05
-1.85831e-05
2.42258e-05
-1.96731e-05
2.88334e-05
-2.08771e-05
3.30007e-05
-2.14661e-05
3.72705e-05
-2.20629e-05
4.18764e-05
-2.28796e-05
4.69186e-05
-2.38821e-05
5.24041e-05
-2.49634e-05
5.82806e-05
-2.59946e-05
6.45015e-05
-2.67668e-05
7.12474e-05
-2.72507e-05
7.885e-05
-2.78094e-05
8.72858e-05
-2.72596e-05
9.90985e-05
-2.11117e-05
-2.06276e-06
2.25047e-06
-4.94831e-05
3.19386e-06
-6.3904e-05
4.06779e-06
-6.01682e-05
5.26846e-06
-5.87276e-05
6.52773e-06
-5.89921e-05
7.74732e-06
-5.94876e-05
8.90389e-06
-5.9986e-05
9.98587e-06
-6.05212e-05
1.09808e-05
-6.11184e-05
1.18892e-05
-6.17844e-05
1.27386e-05
-6.25439e-05
1.35973e-05
-6.34306e-05
1.46471e-05
-6.45669e-05
1.62872e-05
-6.62348e-05
1.9206e-05
-6.884e-05
2.44388e-05
-7.29336e-05
3.39732e-05
-8.00698e-05
4.93346e-05
-9.05925e-05
7.27785e-05
-0.000106761
9.70492e-05
-0.000120403
0.000111479
-0.000127494
0.000111713
-0.000125774
0.000101254
-0.000119286
8.23121e-05
-0.000104352
6.40026e-05
-9.1154e-05
5.30314e-05
-0.000108347
4.54893e-05
-0.000114573
3.53989e-05
-9.98914e-05
2.10894e-05
-5.09494e-05
1.7784e-05
-2.4165e-05
2.14639e-05
-2.2263e-05
2.57057e-05
-2.39148e-05
2.93771e-05
-2.45485e-05
3.30087e-05
-2.50977e-05
3.70036e-05
-2.60578e-05
4.1513e-05
-2.7389e-05
4.65501e-05
-2.89192e-05
5.21931e-05
-3.06063e-05
5.84706e-05
-3.22722e-05
6.54277e-05
-3.3724e-05
7.32809e-05
-3.51038e-05
8.21154e-05
-3.66438e-05
9.32615e-05
-3.84057e-05
0.000110152
-3.80028e-05
-1.24171e-05
2.51324e-06
-5.19963e-05
3.01568e-06
-6.44065e-05
3.57284e-06
-6.07254e-05
4.66932e-06
-5.9824e-05
5.77266e-06
-6.00955e-05
6.8328e-06
-6.05477e-05
7.85072e-06
-6.10039e-05
8.84908e-06
-6.15196e-05
9.88661e-06
-6.2156e-05
1.10905e-05
-6.29883e-05
1.26768e-05
-6.41302e-05
1.49993e-05
-6.57531e-05
1.88283e-05
-6.8396e-05
2.5367e-05
-7.27734e-05
3.5651e-05
-7.9124e-05
5.22538e-05
-8.95364e-05
7.58847e-05
-0.000103701
9.96905e-05
-0.000114398
0.000114988
-0.000122059
0.000119322
-0.000124737
0.000114443
-0.000122615
0.000104073
-0.000115404
9.0732e-05
-0.000105945
7.28768e-05
-8.64973e-05
5.76161e-05
-7.58933e-05
4.88111e-05
-9.95416e-05
4.25809e-05
-0.000108343
3.14675e-05
-8.8778e-05
2.04556e-05
-3.99375e-05
2.04637e-05
-2.41731e-05
2.36944e-05
-2.54938e-05
2.65793e-05
-2.67998e-05
2.93569e-05
-2.73261e-05
3.25286e-05
-2.82695e-05
3.62616e-05
-2.97907e-05
4.0578e-05
-3.17054e-05
4.55981e-05
-3.39393e-05
5.13731e-05
-3.63814e-05
5.80003e-05
-3.88994e-05
6.56146e-05
-4.13383e-05
7.43632e-05
-4.38524e-05
8.42967e-05
-4.65773e-05
9.63703e-05
-5.04792e-05
0.000110318
-5.19507e-05
-1.5861e-05
3.40893e-06
-5.54052e-05
3.07099e-06
-6.40685e-05
3.13315e-06
-6.07875e-05
4.28597e-06
-6.09769e-05
5.46439e-06
-6.12739e-05
6.71075e-06
-6.17941e-05
8.14253e-06
-6.24357e-05
9.93837e-06
-6.33154e-05
1.24293e-05
-6.46469e-05
1.61128e-05
-6.66719e-05
2.14268e-05
-6.94441e-05
2.91766e-05
-7.35029e-05
4.16637e-05
-8.08831e-05
6.12327e-05
-9.23424e-05
8.23319e-05
-0.000100223
0.000100284
-0.000107488
0.000111265
-0.000114682
0.00011705
-0.000120184
0.000117633
-0.000122642
0.000114431
-0.000121535
0.000108196
-0.000116379
9.9499e-05
-0.000106707
8.86415e-05
-9.50876e-05
7.72894e-05
-7.51451e-05
6.01734e-05
-5.87773e-05
4.97473e-05
-8.91154e-05
4.18351e-05
-0.000100431
2.98115e-05
-7.67544e-05
2.28001e-05
-3.29261e-05
2.33165e-05
-2.46896e-05
2.51318e-05
-2.7309e-05
2.67603e-05
-2.84283e-05
2.88162e-05
-2.9382e-05
3.1508e-05
-3.09612e-05
3.48857e-05
-3.31685e-05
3.90089e-05
-3.58286e-05
4.39338e-05
-3.88641e-05
4.97612e-05
-4.22088e-05
5.66208e-05
-4.5759e-05
6.47465e-05
-4.9464e-05
7.43121e-05
-5.34181e-05
8.5811e-05
-5.80762e-05
9.88686e-05
-6.35368e-05
0.000112124
-6.52061e-05
-2.98915e-05
5.21612e-06
-6.06214e-05
3.99618e-06
-6.28486e-05
4.03083e-06
-6.08222e-05
5.9959e-06
-6.29419e-05
8.16779e-06
-6.34458e-05
1.08287e-05
-6.4455e-05
1.43801e-05
-6.59871e-05
1.93949e-05
-6.83302e-05
2.7075e-05
-7.2327e-05
3.90684e-05
-7.86652e-05
5.24809e-05
-8.28566e-05
6.59724e-05
-8.69944e-05
7.82565e-05
-9.31672e-05
8.69737e-05
-0.00010106
9.50327e-05
-0.000108282
0.000101958
-0.000114413
0.000106889
-0.000119613
0.000110073
-0.000123367
0.00011185
-0.000124419
0.000111947
-0.000121632
0.000109718
-0.000114151
0.000104435
-0.000101424
9.50302e-05
-8.56828e-05
8.60189e-05
-6.61337e-05
6.78309e-05
-4.05892e-05
5.09389e-05
-7.22234e-05
4.00721e-05
-8.95638e-05
3.02528e-05
-6.69352e-05
2.57134e-05
-2.83868e-05
2.53191e-05
-2.42952e-05
2.5572e-05
-2.75619e-05
2.61782e-05
-2.90345e-05
2.75783e-05
-3.0782e-05
2.98089e-05
-3.3192e-05
3.28306e-05
-3.61902e-05
3.66759e-05
-3.96738e-05
4.14045e-05
-4.35928e-05
4.71404e-05
-4.79447e-05
5.40526e-05
-5.26712e-05
6.24363e-05
-5.78476e-05
7.26692e-05
-6.3651e-05
8.55823e-05
-7.09894e-05
0.000101319
-7.92732e-05
0.000119389
-8.32767e-05
-5.69848e-05
7.86636e-06
-6.84877e-05
9.16926e-06
-6.41515e-05
1.0592e-05
-6.22449e-05
1.41556e-05
-6.65056e-05
1.88546e-05
-6.81447e-05
2.41214e-05
-6.97219e-05
3.03467e-05
-7.22125e-05
3.74404e-05
-7.54239e-05
4.47359e-05
-7.96224e-05
5.09373e-05
-8.48666e-05
5.78768e-05
-8.97961e-05
6.57246e-05
-9.48422e-05
7.33889e-05
-0.000100831
7.9958e-05
-0.000107629
8.60757e-05
-0.0001144
9.24004e-05
-0.000120738
9.90814e-05
-0.000126293
0.000105942
-0.000130228
0.000112429
-0.000130906
0.000116933
-0.000126136
0.000117689
-0.000114907
0.000113807
-9.75424e-05
0.000104287
-7.61626e-05
9.20036e-05
-5.38504e-05
7.37232e-05
-2.23088e-05
5.13796e-05
-4.98798e-05
3.88924e-05
-7.70766e-05
3.163e-05
-5.96729e-05
2.77909e-05
-2.45476e-05
2.60481e-05
-2.25524e-05
2.49687e-05
-2.64825e-05
2.478e-05
-2.88457e-05
2.56018e-05
-3.16038e-05
2.73514e-05
-3.49415e-05
2.99715e-05
-3.88103e-05
3.34582e-05
-4.31605e-05
3.78702e-05
-4.80048e-05
4.3322e-05
-5.33966e-05
5.00064e-05
-5.93555e-05
5.82471e-05
-6.60883e-05
6.85942e-05
-7.39982e-05
8.20075e-05
-8.44026e-05
9.96756e-05
-9.69415e-05
0.000121148
-0.000104749
-8.71251e-05
1.09559e-06
-6.95833e-05
5.69721e-06
-6.87532e-05
1.14762e-05
-6.80239e-05
1.57669e-05
-7.07963e-05
2.032e-05
-7.26979e-05
2.52773e-05
-7.46793e-05
3.05135e-05
-7.74487e-05
3.60142e-05
-8.09246e-05
4.15384e-05
-8.51466e-05
4.67195e-05
-9.00477e-05
5.21998e-05
-9.52764e-05
5.82759e-05
-0.000100918
6.46981e-05
-0.000107254
7.12652e-05
-0.000114196
7.82792e-05
-0.000121414
8.64824e-05
-0.000128941
9.61226e-05
-0.000135934
0.00010662
-0.000140726
0.000116351
-0.000140637
0.000122784
-0.000132569
0.000124206
-0.000116328
0.000120312
-9.36483e-05
0.000110926
-6.67769e-05
9.74227e-05
-4.03471e-05
8.10711e-05
-5.95723e-06
5.54886e-05
-2.42974e-05
4.05682e-05
-6.21562e-05
3.21088e-05
-5.12135e-05
2.79291e-05
-2.03679e-05
2.52266e-05
-1.985e-05
2.321e-05
-2.44659e-05
2.24148e-05
-2.80504e-05
2.27235e-05
-3.19125e-05
2.40211e-05
-3.62391e-05
2.62117e-05
-4.10008e-05
2.92704e-05
-4.62193e-05
3.32379e-05
-5.19723e-05
3.82102e-05
-5.83688e-05
4.43679e-05
-6.55133e-05
5.1903e-05
-7.36235e-05
6.13812e-05
-8.34764e-05
7.37182e-05
-9.67396e-05
8.98038e-05
-0.000113027
0.000109171
-0.000124116
-0.000109503
-1.67754e-07
-6.94156e-05
4.49559e-06
-7.34165e-05
1.03524e-05
-7.38807e-05
1.4611e-05
-7.50549e-05
1.8748e-05
-7.6835e-05
2.31196e-05
-7.90509e-05
2.76051e-05
-8.19342e-05
3.21911e-05
-8.55106e-05
3.68165e-05
-8.9772e-05
4.14634e-05
-9.46946e-05
4.63971e-05
-0.00010021
5.18319e-05
-0.000106353
5.77774e-05
-0.000113199
6.43152e-05
-0.000120734
7.19986e-05
-0.000129097
8.17754e-05
-0.000138718
9.35789e-05
-0.000147737
0.000105928
-0.000153074
0.000116047
-0.000150757
0.000121311
-0.000137832
0.00012137
-0.000116388
0.000117077
-8.93552e-05
0.000108925
-5.86247e-05
9.71663e-05
-2.85883e-05
8.52866e-05
5.92252e-06
6.3413e-05
-2.42377e-06
4.52473e-05
-4.39905e-05
3.24549e-05
-3.84211e-05
2.65939e-05
-1.45069e-05
2.28576e-05
-1.61136e-05
2.0168e-05
-2.17763e-05
1.8923e-05
-2.68054e-05
1.88327e-05
-3.18222e-05
1.97279e-05
-3.71344e-05
2.14907e-05
-4.27637e-05
2.40923e-05
-4.88209e-05
2.75346e-05
-5.54147e-05
3.18314e-05
-6.26657e-05
3.71123e-05
-7.07941e-05
4.3554e-05
-8.00651e-05
5.13318e-05
-9.12542e-05
6.08458e-05
-0.000106254
7.227e-05
-0.000124451
8.4675e-05
-0.000136521
-0.000117612
7.08916e-07
-7.01245e-05
5.20264e-06
-7.79102e-05
9.38664e-06
-7.80647e-05
1.3032e-05
-7.87003e-05
1.66479e-05
-8.04509e-05
2.04001e-05
-8.28031e-05
2.42284e-05
-8.57625e-05
2.81193e-05
-8.94016e-05
3.20797e-05
-9.37324e-05
3.61637e-05
-9.87786e-05
4.05064e-05
-0.000104553
4.5249e-05
-0.000111096
5.04972e-05
-0.000118447
5.65607e-05
-0.000126797
6.44914e-05
-0.000137028
7.51729e-05
-0.000149399
8.76753e-05
-0.00016024
9.89973e-05
-0.000164397
0.000105539
-0.000157299
0.000106486
-0.000138779
0.00010396
-0.000113863
9.94469e-05
-8.48417e-05
9.36183e-05
-5.27961e-05
8.49748e-05
-1.99447e-05
7.42866e-05
1.66106e-05
6.2225e-05
9.63784e-06
4.68182e-05
-2.85838e-05
3.08079e-05
-2.24108e-05
2.29806e-05
-6.67963e-06
1.8601e-05
-1.17339e-05
1.56613e-05
-1.88365e-05
1.42012e-05
-2.53453e-05
1.38568e-05
-3.14778e-05
1.44351e-05
-3.77127e-05
1.58053e-05
-4.41339e-05
1.79114e-05
-5.09271e-05
2.07345e-05
-5.82377e-05
2.43098e-05
-6.62411e-05
2.86929e-05
-7.51771e-05
3.37717e-05
-8.51439e-05
3.95755e-05
-9.7058e-05
4.57561e-05
-0.000112434
5.16198e-05
-0.000130315
5.4924e-05
-0.000139826
-0.000111268
1.63824e-06
-7.17627e-05
5.06688e-06
-8.13389e-05
8.10832e-06
-8.11061e-05
1.11874e-05
-8.17794e-05
1.42851e-05
-8.35485e-05
1.74243e-05
-8.59423e-05
2.06045e-05
-8.89427e-05
2.38218e-05
-9.2619e-05
2.70923e-05
-9.70028e-05
3.04569e-05
-0.000102143
3.4004e-05
-0.0001081
3.78224e-05
-0.000114914
4.20556e-05
-0.000122681
4.73098e-05
-0.000132052
5.49672e-05
-0.000144685
6.52151e-05
-0.000159647
7.58792e-05
-0.000170904
8.22929e-05
-0.00017081
8.19764e-05
-0.000156982
7.84808e-05
-0.000135283
7.58609e-05
-0.000111243
7.30093e-05
-8.19901e-05
6.86081e-05
-4.83949e-05
6.15793e-05
-1.2916e-05
5.11165e-05
2.70734e-05
5.08987e-05
9.85558e-06
4.09664e-05
-1.86514e-05
2.42589e-05
-5.70341e-06
1.63396e-05
1.23966e-06
1.21491e-05
-7.54333e-06
9.54206e-06
-1.62294e-05
8.19673e-06
-2.4e-05
7.80411e-06
-3.10852e-05
8.18149e-06
-3.809e-05
9.2073e-06
-4.51597e-05
1.08315e-05
-5.25513e-05
1.30366e-05
-6.04428e-05
1.58803e-05
-6.90848e-05
1.92218e-05
-7.85186e-05
2.31782e-05
-8.91003e-05
2.75026e-05
-0.000101383
3.16666e-05
-0.000116598
3.44026e-05
-0.000133051
3.18555e-05
-0.000137279
-9.45173e-05
2.01835e-06
-7.37811e-05
4.49954e-06
-8.38201e-05
6.81849e-06
-8.34251e-05
9.31774e-06
-8.42786e-05
1.18385e-05
-8.60692e-05
1.43538e-05
-8.84577e-05
1.68665e-05
-9.14554e-05
1.93677e-05
-9.51202e-05
2.18635e-05
-9.94986e-05
2.43793e-05
-0.000104659
2.69541e-05
-0.000110675
2.96135e-05
-0.000117574
3.25384e-05
-0.000125605
3.65971e-05
-0.00013611
4.29738e-05
-0.000151062
5.08377e-05
-0.000167511
5.69574e-05
-0.000177024
5.63865e-05
-0.000170239
5.06651e-05
-0.000151261
4.56085e-05
-0.000130227
4.41927e-05
-0.000109827
4.27843e-05
-8.05817e-05
3.82103e-05
-4.38209e-05
3.09177e-05
-5.62331e-06
2.23693e-05
3.56218e-05
3.4145e-05
-1.92005e-06
2.74513e-05
-1.19576e-05
1.174e-05
1.00078e-05
5.98208e-06
6.99753e-06
3.49296e-06
-5.05419e-06
1.8831e-06
-1.46196e-05
9.98979e-07
-2.31159e-05
7.72665e-07
-3.08589e-05
1.05239e-06
-3.83698e-05
1.78392e-06
-4.58913e-05
2.93678e-06
-5.37042e-05
4.52293e-06
-6.2029e-05
6.47796e-06
-7.10398e-05
8.94299e-06
-8.09836e-05
1.19386e-05
-9.20959e-05
1.54648e-05
-0.000104909
1.91638e-05
-0.000120297
2.29512e-05
-0.000136838
2.51019e-05
-0.000139429
-9.60412e-05
2.0987e-06
-7.58798e-05
3.76899e-06
-8.54905e-05
5.52911e-06
-8.51852e-05
7.45477e-06
-8.62042e-05
9.37284e-06
-8.79873e-05
1.12513e-05
-9.03362e-05
1.3076e-05
-9.32803e-05
1.48258e-05
-9.68699e-05
1.64896e-05
-0.000101162
1.80627e-05
-0.000106232
1.95256e-05
-0.000112138
2.08414e-05
-0.000118889
2.22327e-05
-0.000126997
2.45909e-05
-0.000138469
2.84227e-05
-0.000154894
3.22633e-05
-0.000171352
3.28412e-05
-0.000177602
2.76741e-05
-0.000165072
1.98514e-05
-0.000143438
1.48289e-05
-0.000125204
1.36271e-05
-0.000108625
1.16294e-05
-7.8584e-05
6.24666e-06
-3.84382e-05
-1.19131e-06
1.81462e-06
1.00923e-06
3.34213e-05
1.52793e-05
-1.61901e-05
5.079e-06
-1.75741e-06
-5.96434e-06
2.10512e-05
-5.93194e-06
6.96523e-06
-6.57541e-06
-4.41076e-06
-6.9048e-06
-1.42903e-05
-7.08991e-06
-2.29308e-05
-7.0252e-06
-3.09236e-05
-6.76728e-06
-3.86277e-05
-6.30904e-06
-4.63494e-05
-5.66066e-06
-5.43527e-05
-4.81221e-06
-6.28775e-05
-3.69946e-06
-7.21525e-05
-2.25693e-06
-8.24261e-05
-3.72755e-07
-9.398e-05
2.12758e-06
-0.000107409
5.69289e-06
-0.000123863
1.08343e-05
-0.00014198
1.8699e-05
-0.000147294
-0.000110983
1.94693e-06
-7.78268e-05
2.95788e-06
-8.65014e-05
4.21617e-06
-8.64434e-05
5.58134e-06
-8.75693e-05
6.90144e-06
-8.93074e-05
8.14328e-06
-9.1578e-05
9.27451e-06
-9.44115e-05
1.02603e-05
-9.78557e-05
1.10666e-05
-0.000101969
1.16561e-05
-0.000106822
1.19532e-05
-0.000112435
1.18753e-05
-0.000118811
1.16149e-05
-0.000126736
1.17331e-05
-0.000138587
1.21809e-05
-0.000155342
1.16664e-05
-0.000170837
8.25312e-06
-0.000174188
2.10809e-06
-0.000158927
-4.71724e-06
-0.000136613
-1.02102e-05
-0.000119711
-1.62777e-05
-0.000102557
-2.30368e-05
-7.18249e-05
-2.97745e-05
-3.17004e-05
-3.18138e-05
3.85395e-06
-1.29228e-05
1.45304e-05
-9.10157e-06
-2.00114e-05
-2.21256e-05
1.12666e-05
-2.22115e-05
2.11372e-05
-1.85366e-05
3.29037e-06
-1.71509e-05
-5.79642e-06
-1.62029e-05
-1.52383e-05
-1.56626e-05
-2.34711e-05
-1.52886e-05
-3.12976e-05
-1.50372e-05
-3.88792e-05
-1.4855e-05
-4.65316e-05
-1.47259e-05
-5.44818e-05
-1.46269e-05
-6.29765e-05
-1.45139e-05
-7.22656e-05
-1.4311e-05
-8.26289e-05
-1.38729e-05
-9.44181e-05
-1.29384e-05
-0.000108344
-1.09524e-05
-0.000125849
-6.55267e-06
-0.000146379
3.73633e-06
-0.000157583
-0.000129747
1.58913e-06
-7.94159e-05
2.09035e-06
-8.70026e-05
2.88095e-06
-8.7234e-05
3.70433e-06
-8.83927e-05
4.44701e-06
-9.00501e-05
5.06903e-06
-9.22001e-05
5.52484e-06
-9.48673e-05
5.76401e-06
-9.80947e-05
5.72969e-06
-0.000101934
5.35252e-06
-0.000106445
4.51916e-06
-0.000111601
3.12387e-06
-0.000117416
1.26097e-06
-0.000124874
-9.85929e-07
-0.00013634
-4.29571e-06
-0.000152032
-8.63232e-06
-0.000166501
-1.34978e-05
-0.000169323
-1.73203e-05
-0.000155105
-2.1346e-05
-0.000132587
-2.94277e-05
-0.000111629
-4.2369e-05
-5.4004e-05
-5.61098e-05
-4.47774e-05
-2.55751e-05
-3.51769e-05
-4.20983e-05
-3.50298e-05
-3.00696e-05
-2.72637e-05
-2.53995e-05
-2.42898e-05
-2.36842e-05
-2.34764e-05
-2.36003e-05
-2.40325e-05
-2.47622e-05
-2.57808e-05
-2.70584e-05
-2.85169e-05
-3.00293e-05
-3.1326e-05
-3.08295e-05
-2.43629e-05
1.09393e-06
1.20295e-06
1.55006e-06
1.85986e-06
2.0585e-06
2.0959e-06
1.9173e-06
1.45829e-06
6.44716e-07
-6.23179e-07
-2.48769e-06
-5.07643e-06
-8.57791e-06
-1.35143e-05
-2.0126e-05
-2.76821e-05
-3.37962e-05
-3.60738e-05
-3.75227e-05
)
;

boundaryField
{
    leftWall
    {
        type            calculated;
        value           uniform 0;
    }
    rightWall
    {
        type            calculated;
        value           nonuniform 0();
    }
    lowerWall
    {
        type            calculated;
        value           uniform 0;
    }
    atmosphere
    {
        type            calculated;
        value           nonuniform 0();
    }
    defaultFaces
    {
        type            empty;
        value           nonuniform 0();
    }
    procBoundary0to1
    {
        type            processor;
        value           nonuniform List<scalar> 
44
(
-2.79907e-05
-5.51464e-06
2.24311e-05
3.68311e-05
4.06552e-05
3.95952e-05
3.85024e-05
3.97833e-05
4.44344e-05
5.24872e-05
6.6896e-05
8.36715e-05
9.78349e-05
0.00011002
0.00012165
0.000134265
0.000146579
0.000153519
0.000154358
0.000150745
-0.000121266
0.000147174
0.000140076
0.000135659
0.000135841
0.000137669
0.000135579
0.000126527
0.000112657
0.000105001
0.000115722
0.000120507
0.000113762
0.000126155
0.000146483
0.000151288
0.000131549
9.27833e-05
4.85804e-05
1.51048e-05
2.66258e-05
3.36407e-05
2.25004e-05
-8.94658e-06
)
;
    }
    procBoundary0to2
    {
        type            processor;
        value           nonuniform List<scalar> 
46
(
-8.96161e-05
-6.01901e-05
-2.95947e-05
-7.47859e-06
-4.67186e-06
-1.04096e-05
1.8188e-05
1.40688e-05
-1.66989e-06
-8.6025e-06
-1.71026e-05
-2.45808e-05
-3.19032e-05
-3.90869e-05
-4.64075e-05
-5.40495e-05
-6.22467e-05
-7.12469e-05
-8.13513e-05
-9.29595e-05
-0.000106831
-0.000124552
-0.000146876
-0.00016405
-0.000145163
-8.05099e-05
-8.71116e-05
-8.75811e-05
-8.87025e-05
-9.02488e-05
-9.22375e-05
-9.46888e-05
-9.76358e-05
-0.000101121
-0.000105177
-0.000109737
-0.000114827
-0.000121372
-0.000131404
-0.00014542
-0.000158944
-0.000163209
-0.000152827
-0.000131138
-4.40454e-05
-0.000105107
)
;
    }
}


// ************************************************************************* //
