/*--------------------------------*- C++ -*----------------------------------*\
| =========                 |                                                 |
| \\      /  F ield         | OpenFOAM: The Open Source CFD Toolbox           |
|  \\    /   O peration     | Version:  3.0.1                                 |
|   \\  /    A nd           | Web:      www.OpenFOAM.org                      |
|    \\/     M anipulation  |                                                 |
\*---------------------------------------------------------------------------*/
FoamFile
{
    version     2.0;
    format      ascii;
    class       volVectorField;
    location    "0.2";
    object      U;
}
// * * * * * * * * * * * * * * * * * * * * * * * * * * * * * * * * * * * * * //

dimensions      [0 1 -1 0 0 0 0];

internalField   nonuniform List<vector> 
1935
(
(0.000272906 -0.00380652 0)
(0.0229766 -0.012389 0)
(0.0618058 -0.0146336 0)
(0.100773 -0.013842 0)
(0.136055 -0.0124734 0)
(0.167856 -0.0115157 0)
(0.197768 -0.0111049 0)
(0.227208 -0.011078 0)
(0.256928 -0.0112418 0)
(0.287202 -0.0114632 0)
(0.318067 -0.0116772 0)
(0.34947 -0.0118652 0)
(0.381337 -0.0120285 0)
(0.413609 -0.0121723 0)
(0.44624 -0.0122996 0)
(0.479187 -0.0124092 0)
(0.512402 -0.0124969 0)
(0.545819 -0.0125555 0)
(0.579349 -0.0125759 0)
(0.612882 -0.0125472 0)
(0.646271 -0.0124571 0)
(0.679338 -0.0122912 0)
(0.711865 -0.0120334 0)
(0.743587 -0.0116654 0)
(0.774189 -0.0111666 0)
(0.8033 -0.0105138 0)
(0.830481 -0.00968049 0)
(0.85522 -0.00863633 0)
(0.876917 -0.00734221 0)
(0.89484 -0.00574759 0)
(0.90805 -0.00372478 0)
(0.915424 -0.000884395 0)
(0.914456 0.00367211 0)
(0.900577 0.010465 0)
(0.869949 0.019715 0)
(0.818527 0.0314845 0)
(0.741685 0.0457355 0)
(0.634618 0.061827 0)
(0.493867 0.0773863 0)
(0.321229 0.0872771 0)
(0.125293 0.0827588 0)
(-0.0593351 0.0606885 0)
(-0.234679 0.0304798 0)
(-0.438432 -0.018923 0)
(0.000346507 -0.0116663 0)
(0.0234189 -0.0374758 0)
(0.0624601 -0.0442351 0)
(0.101451 -0.0418959 0)
(0.136717 -0.0378054 0)
(0.168585 -0.0349347 0)
(0.198648 -0.0337072 0)
(0.22828 -0.0336318 0)
(0.258205 -0.0341241 0)
(0.288684 -0.0347853 0)
(0.319746 -0.0354244 0)
(0.351337 -0.0359868 0)
(0.383387 -0.0364765 0)
(0.41584 -0.0369094 0)
(0.448656 -0.0372939 0)
(0.481796 -0.0376269 0)
(0.515212 -0.0378953 0)
(0.548842 -0.0380777 0)
(0.582602 -0.038147 0)
(0.61638 -0.038071 0)
(0.650037 -0.0378123 0)
(0.683397 -0.0373285 0)
(0.716245 -0.0365714 0)
(0.748321 -0.0354865 0)
(0.779317 -0.0340127 0)
(0.808866 -0.0320808 0)
(0.836539 -0.0296126 0)
(0.861836 -0.0265181 0)
(0.884174 -0.022688 0)
(0.902901 -0.017979 0)
(0.917317 -0.0121564 0)
(0.926726 -0.00472979 0)
(0.931454 0.00498488 0)
(0.933324 0.0178332 0)
(0.932536 0.0344514 0)
(0.927585 0.0556351 0)
(0.915021 0.0825367 0)
(0.888441 0.115971 0)
(0.83712 0.155041 0)
(0.746488 0.194692 0)
(0.600524 0.223023 0)
(0.398945 0.224837 0)
(0.157635 0.198285 0)
(-0.0362155 0.122747 0)
(0.000490846 -0.0196979 0)
(0.0238816 -0.0625196 0)
(0.0628693 -0.0736361 0)
(0.101494 -0.0696981 0)
(0.136351 -0.0629086 0)
(0.167962 -0.0581865 0)
(0.197932 -0.056209 0)
(0.227565 -0.0561273 0)
(0.257532 -0.0569596 0)
(0.288054 -0.058054 0)
(0.319147 -0.0591071 0)
(0.350753 -0.0600352 0)
(0.38281 -0.0608475 0)
(0.415272 -0.0615703 0)
(0.448107 -0.0622171 0)
(0.481282 -0.0627817 0)
(0.514754 -0.0632416 0)
(0.548466 -0.0635613 0)
(0.582337 -0.0636957 0)
(0.616262 -0.0635912 0)
(0.650105 -0.063186 0)
(0.683696 -0.0624098 0)
(0.716828 -0.0611827 0)
(0.749246 -0.0594145 0)
(0.780651 -0.057004 0)
(0.810683 -0.0538371 0)
(0.838924 -0.0497855 0)
(0.864888 -0.0447032 0)
(0.88802 -0.0384218 0)
(0.907693 -0.0307368 0)
(0.923229 -0.0214123 0)
(0.933788 -0.0102241 0)
(0.938509 0.00287608 0)
(0.936579 0.0184545 0)
(0.927488 0.0374233 0)
(0.911786 0.0611812 0)
(0.891298 0.0917674 0)
(0.869079 0.131678 0)
(0.847498 0.18303 0)
(0.823631 0.244502 0)
(0.78206 0.306879 0)
(0.701017 0.349265 0)
(0.554467 0.345814 0)
(0.390679 0.269584 0)
(0.000734383 -0.0280237 0)
(0.0245556 -0.0876257 0)
(0.0634281 -0.10284 0)
(0.101546 -0.097193 0)
(0.135858 -0.0877574 0)
(0.167132 -0.0813099 0)
(0.196988 -0.0786964 0)
(0.226643 -0.0786728 0)
(0.256682 -0.0798635 0)
(0.287279 -0.0813845 0)
(0.318425 -0.0828391 0)
(0.350065 -0.0841251 0)
(0.382148 -0.08526 0)
(0.414643 -0.0862806 0)
(0.447525 -0.0872038 0)
(0.480773 -0.0880195 0)
(0.51435 -0.0886948 0)
(0.548205 -0.0891798 0)
(0.582264 -0.0894116 0)
(0.616428 -0.0893158 0)
(0.650571 -0.0888066 0)
(0.68453 -0.0877862 0)
(0.718107 -0.0861434 0)
(0.751059 -0.0837531 0)
(0.783095 -0.0804744 0)
(0.813869 -0.0761495 0)
(0.842976 -0.070602 0)
(0.869947 -0.0636349 0)
(0.894248 -0.0550263 0)
(0.915273 -0.0445267 0)
(0.932347 -0.0318553 0)
(0.944711 -0.0167215 0)
(0.951557 0.00132425 0)
(0.952015 0.0226655 0)
(0.945159 0.047883 0)
(0.930268 0.0776089 0)
(0.907223 0.112548 0)
(0.877391 0.1538 0)
(0.844722 0.203169 0)
(0.81617 0.262954 0)
(0.795764 0.332518 0)
(0.776818 0.399494 0)
(0.722956 0.429432 0)
(0.615596 0.38032 0)
(0.00107425 -0.0367526 0)
(0.0254011 -0.112812 0)
(0.0640753 -0.131747 0)
(0.10154 -0.124244 0)
(0.135182 -0.112247 0)
(0.166049 -0.104249 0)
(0.195769 -0.101146 0)
(0.225451 -0.101258 0)
(0.255575 -0.102826 0)
(0.286253 -0.104762 0)
(0.317455 -0.1066 0)
(0.349129 -0.108233 0)
(0.381239 -0.10969 0)
(0.413771 -0.111019 0)
(0.446715 -0.112236 0)
(0.480058 -0.113327 0)
(0.513772 -0.114248 0)
(0.547815 -0.114935 0)
(0.582121 -0.115306 0)
(0.616602 -0.115267 0)
(0.65114 -0.114709 0)
(0.685586 -0.113508 0)
(0.719752 -0.111521 0)
(0.75341 -0.108589 0)
(0.786282 -0.104532 0)
(0.818037 -0.0991507 0)
(0.848287 -0.0922212 0)
(0.876584 -0.083498 0)
(0.902411 -0.0727088 0)
(0.925188 -0.0595514 0)
(0.94426 -0.0436904 0)
(0.958907 -0.0247523 0)
(0.968357 -0.00231409 0)
(0.971827 0.0240846 0)
(0.968526 0.0549775 0)
(0.957733 0.090866 0)
(0.938842 0.132067 0)
(0.911511 0.178575 0)
(0.876171 0.23001 0)
(0.8358 0.286266 0)
(0.796708 0.348102 0)
(0.767147 0.414578 0)
(0.734179 0.467783 0)
(0.665826 0.468947 0)
(0.00150623 -0.0459792 0)
(0.026392 -0.138085 0)
(0.0647786 -0.160274 0)
(0.101458 -0.150748 0)
(0.134329 -0.13631 0)
(0.164739 -0.126979 0)
(0.194315 -0.12356 0)
(0.224029 -0.123893 0)
(0.254241 -0.125854 0)
(0.284997 -0.128191 0)
(0.316248 -0.130394 0)
(0.347948 -0.132364 0)
(0.380083 -0.134147 0)
(0.412656 -0.135798 0)
(0.445672 -0.137335 0)
(0.479128 -0.138735 0)
(0.513009 -0.139941 0)
(0.547281 -0.140875 0)
(0.581889 -0.14144 0)
(0.616758 -0.141521 0)
(0.651782 -0.140988 0)
(0.686826 -0.139688 0)
(0.721719 -0.137451 0)
(0.756248 -0.134083 0)
(0.790152 -0.129365 0)
(0.823119 -0.123057 0)
(0.85478 -0.114891 0)
(0.884708 -0.104573 0)
(0.912409 -0.0917806 0)
(0.937322 -0.0761581 0)
(0.958815 -0.0573164 0)
(0.976192 -0.0348358 0)
(0.988714 -0.00826689 0)
(0.995621 0.0228473 0)
(0.996143 0.0589789 0)
(0.989548 0.100562 0)
(0.97518 0.147869 0)
(0.952408 0.200815 0)
(0.920439 0.258588 0)
(0.878586 0.319387 0)
(0.827047 0.381038 0)
(0.771028 0.443668 0)
(0.712911 0.506002 0)
(0.642444 0.55185 0)
(0.00202441 -0.0557885 0)
(0.027499 -0.163434 0)
(0.0655024 -0.188335 0)
(0.101274 -0.176619 0)
(0.133299 -0.159896 0)
(0.163229 -0.149485 0)
(0.192659 -0.145938 0)
(0.222406 -0.146576 0)
(0.252699 -0.148944 0)
(0.283517 -0.151661 0)
(0.314797 -0.154209 0)
(0.346509 -0.156509 0)
(0.37866 -0.158626 0)
(0.411272 -0.160621 0)
(0.444365 -0.162509 0)
(0.477949 -0.164255 0)
(0.51202 -0.165794 0)
(0.546554 -0.167032 0)
(0.581511 -0.167856 0)
(0.616829 -0.168134 0)
(0.65242 -0.167711 0)
(0.688165 -0.166413 0)
(0.723912 -0.164039 0)
(0.759466 -0.160361 0)
(0.794588 -0.155124 0)
(0.828985 -0.148046 0)
(0.862313 -0.138815 0)
(0.894165 -0.127092 0)
(0.92407 -0.112501 0)
(0.951486 -0.0946338 0)
(0.975802 -0.073049 0)
(0.996347 -0.0472835 0)
(1.0124 -0.0168593 0)
(1.02321 0.0186922 0)
(1.02799 0.0598333 0)
(1.02591 0.106972 0)
(1.01614 0.160357 0)
(0.997796 0.219964 0)
(0.969809 0.285275 0)
(0.930611 0.354844 0)
(0.877305 0.425831 0)
(0.808012 0.495662 0)
(0.72213 0.566233 0)
(0.625641 0.641706 0)
(0.00262164 -0.0662533 0)
(0.0286914 -0.188835 0)
(0.0662124 -0.215848 0)
(0.100972 -0.201786 0)
(0.132102 -0.182975 0)
(0.161547 -0.171763 0)
(0.190836 -0.168281 0)
(0.22061 -0.169302 0)
(0.250962 -0.172079 0)
(0.281814 -0.175156 0)
(0.313096 -0.178031 0)
(0.344798 -0.180659 0)
(0.376949 -0.183123 0)
(0.409593 -0.185488 0)
(0.442763 -0.187762 0)
(0.476482 -0.189901 0)
(0.510757 -0.191827 0)
(0.545579 -0.193434 0)
(0.580923 -0.194593 0)
(0.616744 -0.195156 0)
(0.652971 -0.194948 0)
(0.689509 -0.193769 0)
(0.726225 -0.19139 0)
(0.762948 -0.18755 0)
(0.799459 -0.181959 0)
(0.835493 -0.174294 0)
(0.870729 -0.164201 0)
(0.904784 -0.15129 0)
(0.937207 -0.135134 0)
(0.967478 -0.115271 0)
(0.99501 -0.0912091 0)
(1.01916 -0.0624428 0)
(1.03922 -0.028458 0)
(1.05442 0.0112456 0)
(1.06395 0.0571813 0)
(1.06686 0.109774 0)
(1.06212 0.169323 0)
(1.0486 0.235908 0)
(1.02493 0.309278 0)
(0.989374 0.38872 0)
(0.938757 0.472648 0)
(0.868515 0.558375 0)
(0.770829 0.645321 0)
(0.650411 0.744048 0)
(0.00329 -0.07743 0)
(0.0299387 -0.214253 0)
(0.0668762 -0.242733 0)
(0.100535 -0.2262 0)
(0.130747 -0.205536 0)
(0.15972 -0.193817 0)
(0.188875 -0.190587 0)
(0.218659 -0.192056 0)
(0.249039 -0.195238 0)
(0.279885 -0.198651 0)
(0.311133 -0.201838 0)
(0.342797 -0.204796 0)
(0.37493 -0.207626 0)
(0.407592 -0.210392 0)
(0.440833 -0.213094 0)
(0.474687 -0.215678 0)
(0.509173 -0.218052 0)
(0.5443 -0.2201 0)
(0.580058 -0.221681 0)
(0.616422 -0.22263 0)
(0.653347 -0.222753 0)
(0.690756 -0.221827 0)
(0.728544 -0.219595 0)
(0.766563 -0.215764 0)
(0.804624 -0.210008 0)
(0.842487 -0.201966 0)
(0.879858 -0.191237 0)
(0.916377 -0.177384 0)
(0.951617 -0.159924 0)
(0.985084 -0.138346 0)
(1.01622 -0.11211 0)
(1.04441 -0.0806623 0)
(1.06896 -0.0434359 0)
(1.08908 0.000140926 0)
(1.10388 0.0506376 0)
(1.11231 0.108562 0)
(1.1132 0.17432 0)
(1.10524 0.24813 0)
(1.08687 0.329977 0)
(1.05623 0.419675 0)
(1.01042 0.51693 0)
(0.945446 0.621168 0)
(0.851026 0.731466 0)
(0.724349 0.856952 0)
(0.0040207 -0.0893613 0)
(0.0312104 -0.239643 0)
(0.067464 -0.268921 0)
(0.0999558 -0.249826 0)
(0.12925 -0.227584 0)
(0.157774 -0.215659 0)
(0.186799 -0.21285 0)
(0.216569 -0.214815 0)
(0.246932 -0.218389 0)
(0.277725 -0.222113 0)
(0.308898 -0.225603 0)
(0.340492 -0.2289 0)
(0.372582 -0.232121 0)
(0.405244 -0.235325 0)
(0.438542 -0.238501 0)
(0.472521 -0.241583 0)
(0.507217 -0.244473 0)
(0.542653 -0.247043 0)
(0.578842 -0.249141 0)
(0.615781 -0.250587 0)
(0.653447 -0.251171 0)
(0.691793 -0.250648 0)
(0.730741 -0.248732 0)
(0.770171 -0.245101 0)
(0.809926 -0.239393 0)
(0.849795 -0.231206 0)
(0.88951 -0.220095 0)
(0.928737 -0.205569 0)
(0.967078 -0.187098 0)
(1.00408 -0.164122 0)
(1.03921 -0.136055 0)
(1.0719 -0.102283 0)
(1.10143 -0.0621585 0)
(1.12698 -0.0150067 0)
(1.14758 0.0398202 0)
(1.16211 0.10293 0)
(1.16932 0.174843 0)
(1.16781 0.255923 0)
(1.15598 0.346365 0)
(1.13201 0.446383 0)
(1.09338 0.55641 0)
(1.03728 0.678139 0)
(0.956304 0.812673 0)
(0.840512 0.971875 0)
(0.00480922 -0.102198 0)
(0.0324888 -0.265183 0)
(0.0679544 -0.29457 0)
(0.0992219 -0.272849 0)
(0.127612 -0.249327 0)
(0.155714 -0.237493 0)
(0.184607 -0.23526 0)
(0.214327 -0.237754 0)
(0.244618 -0.2417 0)
(0.275303 -0.245719 0)
(0.306355 -0.249511 0)
(0.33784 -0.253167 0)
(0.369857 -0.256811 0)
(0.402496 -0.260497 0)
(0.435829 -0.2642 0)
(0.469918 -0.267847 0)
(0.504812 -0.27133 0)
(0.540555 -0.274514 0)
(0.577182 -0.277239 0)
(0.614715 -0.279312 0)
(0.653161 -0.280508 0)
(0.692503 -0.280559 0)
(0.732692 -0.279154 0)
(0.773646 -0.27594 0)
(0.815238 -0.27052 0)
(0.857292 -0.26245 0)
(0.899566 -0.251235 0)
(0.941756 -0.236335 0)
(0.983503 -0.217178 0)
(1.0244 -0.193159 0)
(1.06397 -0.163637 0)
(1.10163 -0.127915 0)
(1.13667 -0.0852364 0)
(1.1682 -0.0348126 0)
(1.19521 0.0240936 0)
(1.21653 0.0922383 0)
(1.2309 0.17021 0)
(1.23691 0.258471 0)
(1.23298 0.357372 0)
(1.21742 0.467406 0)
(1.18851 0.589183 0)
(1.14406 0.725792 0)
(1.0856 0.87937 0)
(0.992783 1.06964 0)
(0.00564672 -0.116033 0)
(0.0337549 -0.290924 0)
(0.0683289 -0.31972 0)
(0.0983261 -0.295349 0)
(0.125837 -0.270873 0)
(0.153546 -0.259423 0)
(0.182296 -0.257898 0)
(0.211919 -0.260937 0)
(0.242076 -0.265235 0)
(0.272593 -0.269534 0)
(0.303472 -0.273637 0)
(0.334807 -0.277678 0)
(0.366715 -0.281786 0)
(0.399296 -0.286003 0)
(0.432635 -0.290294 0)
(0.466806 -0.294578 0)
(0.501876 -0.29874 0)
(0.537911 -0.302643 0)
(0.574971 -0.306119 0)
(0.613107 -0.308967 0)
(0.652358 -0.310944 0)
(0.69274 -0.311764 0)
(0.734243 -0.311092 0)
(0.776822 -0.308544 0)
(0.82039 -0.303686 0)
(0.864801 -0.296027 0)
(0.909846 -0.285022 0)
(0.95526 -0.270092 0)
(1.00074 -0.250627 0)
(1.04592 -0.225975 0)
(1.09036 -0.195419 0)
(1.13348 -0.158153 0)
(1.17454 -0.113292 0)
(1.21265 -0.0599295 0)
(1.24678 0.00280208 0)
(1.2758 0.0757102 0)
(1.29839 0.159482 0)
(1.31308 0.254694 0)
(1.31837 0.361777 0)
(1.31257 0.481261 0)
(1.2952 0.613347 0)
(1.26373 0.760981 0)
(1.23104 0.924945 0)
(1.16412 1.1255 0)
(0.00652114 -0.130845 0)
(0.0349791 -0.316687 0)
(0.0685634 -0.344189 0)
(0.0972677 -0.317215 0)
(0.123942 -0.292148 0)
(0.151288 -0.281361 0)
(0.179875 -0.280643 0)
(0.209342 -0.284221 0)
(0.239296 -0.288843 0)
(0.26958 -0.293412 0)
(0.300232 -0.297841 0)
(0.331371 -0.302299 0)
(0.363126 -0.306913 0)
(0.395608 -0.311712 0)
(0.428911 -0.316651 0)
(0.463123 -0.321644 0)
(0.498332 -0.326577 0)
(0.534626 -0.331309 0)
(0.572093 -0.335668 0)
(0.610817 -0.339447 0)
(0.650872 -0.342392 0)
(0.692313 -0.344196 0)
(0.735174 -0.344503 0)
(0.779454 -0.342899 0)
(0.825106 -0.338907 0)
(0.872017 -0.331987 0)
(0.920019 -0.321553 0)
(0.9689 -0.30699 0)
(1.01841 -0.287654 0)
(1.06822 -0.26283 0)
(1.1179 -0.231704 0)
(1.1669 -0.193351 0)
(1.2145 -0.146761 0)
(1.25985 -0.0909102 0)
(1.30195 -0.0247914 0)
(1.33965 0.0524378 0)
(1.37161 0.141639 0)
(1.39625 0.243498 0)
(1.41199 0.358442 0)
(1.4168 0.486701 0)
(1.41104 0.627733 0)
(1.39183 0.782681 0)
(1.37679 0.950548 0)
(1.3348 1.14166 0)
(0.00742138 -0.146647 0)
(0.0361386 -0.342394 0)
(0.06864 -0.367919 0)
(0.0960466 -0.338455 0)
(0.121937 -0.313179 0)
(0.148943 -0.303304 0)
(0.177335 -0.303458 0)
(0.20658 -0.307552 0)
(0.236257 -0.31247 0)
(0.266242 -0.317307 0)
(0.29661 -0.322082 0)
(0.327501 -0.326992 0)
(0.359053 -0.332155 0)
(0.391383 -0.337586 0)
(0.424595 -0.343235 0)
(0.458794 -0.349014 0)
(0.494087 -0.354811 0)
(0.530589 -0.360487 0)
(0.568417 -0.365871 0)
(0.60769 -0.370751 0)
(0.648524 -0.374863 0)
(0.691018 -0.377889 0)
(0.735256 -0.379448 0)
(0.781287 -0.379094 0)
(0.829104 -0.376305 0)
(0.878641 -0.370492 0)
(0.929777 -0.361034 0)
(0.982351 -0.347287 0)
(1.03615 -0.328557 0)
(1.09087 -0.304052 0)
(1.14612 -0.272858 0)
(1.2014 -0.233947 0)
(1.25612 -0.186198 0)
(1.30951 -0.128467 0)
(1.3606 -0.059632 0)
(1.40823 0.0213018 0)
(1.45094 0.115517 0)
(1.48694 0.223739 0)
(1.51431 0.346769 0)
(1.53042 0.484368 0)
(1.53539 0.634303 0)
(1.52677 0.794558 0)
(1.5183 0.963963 0)
(1.49593 1.14337 0)
(0.00833712 -0.16344 0)
(0.0372126 -0.367961 0)
(0.068543 -0.390857 0)
(0.0946635 -0.35908 0)
(0.119828 -0.333989 0)
(0.14651 -0.325242 0)
(0.174662 -0.326299 0)
(0.20361 -0.330871 0)
(0.232934 -0.336058 0)
(0.262553 -0.341167 0)
(0.292577 -0.346314 0)
(0.323162 -0.351712 0)
(0.354451 -0.357467 0)
(0.386566 -0.363581 0)
(0.419622 -0.370001 0)
(0.453737 -0.376642 0)
(0.489043 -0.383398 0)
(0.525679 -0.390137 0)
(0.563797 -0.396693 0)
(0.603555 -0.402854 0)
(0.645112 -0.408351 0)
(0.688622 -0.412856 0)
(0.734225 -0.415968 0)
(0.782024 -0.417203 0)
(0.832064 -0.415992 0)
(0.884333 -0.411702 0)
(0.938762 -0.403675 0)
(0.99522 -0.391225 0)
(1.05351 -0.373598 0)
(1.11336 -0.349932 0)
(1.17449 -0.319249 0)
(1.23657 -0.280456 0)
(1.29914 -0.232328 0)
(1.36154 -0.173562 0)
(1.42285 -0.10285 0)
(1.48203 -0.018988 0)
(1.53735 0.0794 0)
(1.58692 0.193665 0)
(1.62816 0.325177 0)
(1.6564 0.470726 0)
(1.66952 0.627945 0)
(1.66738 0.794951 0)
(1.65908 0.968913 0)
(1.64644 1.14498 0)
(0.00925823 -0.181211 0)
(0.0381817 -0.393301 0)
(0.0682587 -0.412959 0)
(0.09312 -0.379115 0)
(0.117618 -0.354601 0)
(0.143979 -0.347156 0)
(0.171837 -0.349111 0)
(0.200409 -0.354112 0)
(0.229301 -0.359545 0)
(0.258487 -0.364936 0)
(0.288105 -0.370486 0)
(0.31832 -0.376409 0)
(0.349278 -0.382796 0)
(0.381103 -0.38964 0)
(0.413921 -0.396887 0)
(0.447867 -0.404464 0)
(0.483094 -0.412275 0)
(0.519769 -0.420199 0)
(0.55808 -0.428079 0)
(0.598225 -0.435709 0)
(0.640416 -0.442822 0)
(0.684866 -0.449085 0)
(0.731783 -0.454077 0)
(0.78133 -0.457275 0)
(0.833623 -0.458064 0)
(0.888713 -0.455762 0)
(0.94656 -0.449651 0)
(1.00703 -0.438993 0)
(1.06996 -0.422987 0)
(1.13519 -0.400753 0)
(1.20261 -0.37132 0)
(1.27211 -0.33359 0)
(1.34342 -0.286189 0)
(1.41607 -0.227501 0)
(1.48926 -0.155842 0)
(1.56202 -0.0696039 0)
(1.63248 0.0317213 0)
(1.69885 0.14853 0)
(1.75364 0.289759 0)
(1.79073 0.455551 0)
(1.8123 0.633988 0)
(1.82044 0.812083 0)
(1.8163 0.986126 0)
(1.80511 1.15678 0)
(0.0101751 -0.199937 0)
(0.039028 -0.41832 0)
(0.0677759 -0.434191 0)
(0.0914187 -0.398589 0)
(0.115307 -0.375033 0)
(0.14134 -0.369015 0)
(0.168836 -0.371832 0)
(0.19695 -0.377208 0)
(0.225335 -0.38287 0)
(0.25402 -0.38856 0)
(0.283166 -0.394542 0)
(0.312942 -0.401024 0)
(0.343491 -0.408077 0)
(0.374941 -0.415692 0)
(0.407426 -0.423821 0)
(0.4411 -0.432404 0)
(0.476134 -0.441362 0)
(0.512728 -0.450588 0)
(0.551102 -0.459944 0)
(0.591501 -0.469235 0)
(0.634194 -0.478207 0)
(0.679464 -0.486528 0)
(0.727592 -0.493757 0)
(0.778826 -0.499334 0)
(0.833374 -0.502599 0)
(0.89135 -0.502793 0)
(0.952712 -0.499107 0)
(1.01734 -0.490755 0)
(1.08513 -0.476944 0)
(1.15605 -0.456893 0)
(1.23014 -0.429722 0)
(1.30759 -0.394253 0)
(1.38867 -0.34881 0)
(1.47344 -0.291188 0)
(1.56096 -0.219367 0)
(1.64893 -0.131663 0)
(1.73311 -0.0257889 0)
(1.81301 0.110662 0)
(1.88859 0.267072 0)
(1.94654 0.423453 0)
(1.97497 0.593972 0)
(1.978 0.785159 0)
(1.96738 0.982008 0)
(1.95291 1.16802 0)
(0.011078 -0.219583 0)
(0.0397345 -0.442921 0)
(0.0670856 -0.454528 0)
(0.0895637 -0.417536 0)
(0.112896 -0.395294 0)
(0.138576 -0.390781 0)
(0.165638 -0.394397 0)
(0.193209 -0.400089 0)
(0.221014 -0.405969 0)
(0.24913 -0.411978 0)
(0.277736 -0.418421 0)
(0.306997 -0.425488 0)
(0.337051 -0.433237 0)
(0.368028 -0.441657 0)
(0.400074 -0.450715 0)
(0.433354 -0.460366 0)
(0.468062 -0.470553 0)
(0.504424 -0.481194 0)
(0.542696 -0.492172 0)
(0.583172 -0.503317 0)
(0.626183 -0.514397 0)
(0.67209 -0.525089 0)
(0.72127 -0.534942 0)
(0.77409 -0.543371 0)
(0.830877 -0.54966 0)
(0.891809 -0.552913 0)
(0.956841 -0.552193 0)
(1.02586 -0.546723 0)
(1.09878 -0.535831 0)
(1.17555 -0.518921 0)
(1.25638 -0.495045 0)
(1.34208 -0.462838 0)
(1.43396 -0.420668 0)
(1.53186 -0.366568 0)
(1.63325 -0.301095 0)
(1.73018 -0.218918 0)
(1.82353 -0.128473 0)
(1.91203 -0.0337657 0)
(1.96312 0.095814 0)
(1.98748 0.284749 0)
(2.01152 0.50862 0)
(2.02579 0.732853 0)
(2.02638 0.950824 0)
(2.0209 1.15903 0)
(0.0119569 -0.240103 0)
(0.0402856 -0.467002 0)
(0.0661821 -0.473953 0)
(0.0875611 -0.435992 0)
(0.110381 -0.415387 0)
(0.135672 -0.412403 0)
(0.162218 -0.416732 0)
(0.189166 -0.422685 0)
(0.21632 -0.42878 0)
(0.243802 -0.435129 0)
(0.271796 -0.442055 0)
(0.30046 -0.449728 0)
(0.329925 -0.458192 0)
(0.360323 -0.467442 0)
(0.391806 -0.477463 0)
(0.424555 -0.488232 0)
(0.458778 -0.49972 0)
(0.494727 -0.511873 0)
(0.532692 -0.524608 0)
(0.573017 -0.53779 0)
(0.6161 -0.551225 0)
(0.6624 -0.564619 0)
(0.71243 -0.577529 0)
(0.766705 -0.589364 0)
(0.825707 -0.599326 0)
(0.889735 -0.606286 0)
(0.958721 -0.60916 0)
(1.03233 -0.607269 0)
(1.11021 -0.600046 0)
(1.1925 -0.586837 0)
(1.27986 -0.566474 0)
(1.37311 -0.539076 0)
(1.47276 -0.505244 0)
(1.57346 -0.463989 0)
(1.66689 -0.414536 0)
(1.73976 -0.348408 0)
(1.76591 -0.234793 0)
(1.78415 -0.019532 0)
(1.85352 0.193477 0)
(1.91816 0.366929 0)
(1.95994 0.560833 0)
(1.99051 0.767314 0)
(2.00666 0.95953 0)
(2.01162 1.14319 0)
(0.0128009 -0.261436 0)
(0.0406674 -0.490464 0)
(0.065063 -0.492462 0)
(0.0854187 -0.453997 0)
(0.10776 -0.435303 0)
(0.132611 -0.433822 0)
(0.158559 -0.438763 0)
(0.184805 -0.444927 0)
(0.211241 -0.451239 0)
(0.238024 -0.457948 0)
(0.265332 -0.465374 0)
(0.293311 -0.473661 0)
(0.322086 -0.482848 0)
(0.351788 -0.492941 0)
(0.382576 -0.503946 0)
(0.414635 -0.515867 0)
(0.448191 -0.528706 0)
(0.483513 -0.542447 0)
(0.520925 -0.557051 0)
(0.560825 -0.572437 0)
(0.603683 -0.58847 0)
(0.650094 -0.604926 0)
(0.700734 -0.621393 0)
(0.756255 -0.637286 0)
(0.817379 -0.651698 0)
(0.884626 -0.66317 0)
(0.957663 -0.670369 0)
(1.03542 -0.672517 0)
(1.11733 -0.668846 0)
(1.20449 -0.658942 0)
(1.29661 -0.643119 0)
(1.39012 -0.625248 0)
(1.47893 -0.606359 0)
(1.55292 -0.568829 0)
(1.58469 -0.483782 0)
(1.59338 -0.313214 0)
(1.56906 -0.142011 0)
(1.55814 -0.014992 0)
(1.54647 0.121587 0)
(1.64882 0.313054 0)
(1.7453 0.530926 0)
(1.82303 0.755071 0)
(1.87996 0.968265 0)
(1.92952 1.151 0)
(0.0135983 -0.283512 0)
(0.0408683 -0.513204 0)
(0.0637295 -0.510061 0)
(0.0831457 -0.471587 0)
(0.10503 -0.455023 0)
(0.129379 -0.454971 0)
(0.154644 -0.460414 0)
(0.180117 -0.466748 0)
(0.205773 -0.473283 0)
(0.23179 -0.480367 0)
(0.258334 -0.488298 0)
(0.285537 -0.497198 0)
(0.313514 -0.507103 0)
(0.342396 -0.518036 0)
(0.372341 -0.530027 0)
(0.403539 -0.543111 0)
(0.436228 -0.557327 0)
(0.470688 -0.572703 0)
(0.507283 -0.589265 0)
(0.546464 -0.607 0)
(0.588772 -0.625877 0)
(0.634976 -0.645795 0)
(0.685824 -0.666334 0)
(0.74202 -0.686954 0)
(0.804737 -0.706768 0)
(0.874813 -0.72375 0)
(0.951277 -0.735589 0)
(1.03203 -0.740839 0)
(1.11651 -0.739858 0)
(1.20592 -0.735927 0)
(1.29495 -0.729201 0)
(1.37061 -0.714441 0)
(1.42314 -0.680563 0)
(1.45286 -0.564223 0)
(1.45181 -0.440854 0)
(1.44721 -0.233249 0)
(1.49159 -0.0956262 0)
(1.54713 0.00785334 0)
(1.56983 0.124057 0)
(1.57516 0.27829 0)
(1.6109 0.507216 0)
(1.67375 0.740188 0)
(1.74173 0.950893 0)
(1.80068 1.1356 0)
(1.85623 1.28729 0)
(0.0143376 -0.306249 0)
(0.0408796 -0.535126 0)
(0.0621857 -0.526768 0)
(0.0807521 -0.488797 0)
(0.102183 -0.474517 0)
(0.125961 -0.475778 0)
(0.150461 -0.481612 0)
(0.175095 -0.488084 0)
(0.199912 -0.49485 0)
(0.225096 -0.502314 0)
(0.250797 -0.510744 0)
(0.277128 -0.520241 0)
(0.304197 -0.530845 0)
(0.33213 -0.542599 0)
(0.361086 -0.555558 0)
(0.391253 -0.569793 0)
(0.42288 -0.585385 0)
(0.456256 -0.602418 0)
(0.491786 -0.621008 0)
(0.529944 -0.641211 0)
(0.571308 -0.663168 0)
(0.616752 -0.686867 0)
(0.666757 -0.711723 0)
(0.722026 -0.737657 0)
(0.784797 -0.764098 0)
(0.856664 -0.78733 0)
(0.935781 -0.802849 0)
(1.0183 -0.810052 0)
(1.10179 -0.814944 0)
(1.18507 -0.823672 0)
(1.26255 -0.812789 0)
(1.31414 -0.759808 0)
(1.34733 -0.681684 0)
(1.38621 -0.516336 0)
(1.42589 -0.404293 0)
(1.43996 -0.276437 0)
(1.42804 -0.186507 0)
(1.39314 -0.0862759 0)
(1.33786 0.0646283 0)
(1.30778 0.236998 0)
(1.3433 0.428649 0)
(1.44676 0.652017 0)
(1.5731 0.881321 0)
(1.67139 1.08138 0)
(1.74245 1.24941 0)
(0.015009 -0.329553 0)
(0.0406938 -0.556136 0)
(0.0604393 -0.54261 0)
(0.0782485 -0.505656 0)
(0.099215 -0.493742 0)
(0.122342 -0.496167 0)
(0.146001 -0.502287 0)
(0.169736 -0.508872 0)
(0.193657 -0.515874 0)
(0.217943 -0.523716 0)
(0.242722 -0.532627 0)
(0.268091 -0.542692 0)
(0.294149 -0.553961 0)
(0.321022 -0.566501 0)
(0.348861 -0.580392 0)
(0.377858 -0.59575 0)
(0.408268 -0.612699 0)
(0.440366 -0.631394 0)
(0.474577 -0.652038 0)
(0.511258 -0.674728 0)
(0.55094 -0.699821 0)
(0.594257 -0.727119 0)
(0.640882 -0.755916 0)
(0.692167 -0.787762 0)
(0.753181 -0.822165 0)
(0.82676 -0.852059 0)
(0.908651 -0.872092 0)
(0.99163 -0.885322 0)
(1.07121 -0.89875 0)
(1.1477 -0.907443 0)
(1.21584 -0.85351 0)
(1.28813 -0.77936 0)
(1.35338 -0.680767 0)
(1.3923 -0.548514 0)
(1.36167 -0.437868 0)
(1.26459 -0.296129 0)
(1.13644 -0.125925 0)
(1.01568 0.0382428 0)
(0.952634 0.158992 0)
(0.961433 0.250612 0)
(1.03701 0.35399 0)
(1.17857 0.507914 0)
(1.37447 0.733531 0)
(1.55786 0.98602 0)
(1.67124 1.18817 0)
(0.0156036 -0.353321 0)
(0.0403018 -0.576143 0)
(0.0585034 -0.557625 0)
(0.0756482 -0.522183 0)
(0.0961185 -0.512645 0)
(0.118512 -0.516059 0)
(0.141261 -0.522367 0)
(0.164047 -0.529052 0)
(0.187024 -0.536291 0)
(0.210356 -0.544497 0)
(0.234147 -0.55386 0)
(0.258484 -0.564456 0)
(0.283458 -0.576351 0)
(0.309195 -0.589637 0)
(0.335836 -0.604422 0)
(0.363568 -0.620866 0)
(0.392611 -0.639124 0)
(0.423167 -0.65942 0)
(0.45555 -0.681957 0)
(0.48975 -0.70683 0)
(0.526096 -0.7345 0)
(0.564364 -0.764202 0)
(0.603623 -0.795913 0)
(0.648556 -0.834493 0)
(0.70884 -0.879398 0)
(0.786373 -0.920492 0)
(0.87375 -0.952393 0)
(0.96859 -0.971445 0)
(1.0621 -0.976576 0)
(1.16376 -0.965219 0)
(1.27021 -0.869202 0)
(1.37197 -0.811833 0)
(1.37644 -0.716635 0)
(1.26427 -0.546439 0)
(1.08382 -0.335117 0)
(0.887911 -0.124998 0)
(0.747791 0.0292974 0)
(0.703246 0.100201 0)
(0.726829 0.133857 0)
(0.792011 0.171948 0)
(0.896817 0.236762 0)
(1.04016 0.345905 0)
(1.23299 0.533043 0)
(1.46386 0.813145 0)
(1.64645 1.10662 0)
(0.0161099 -0.377436 0)
(0.039693 -0.595064 0)
(0.0564047 -0.571862 0)
(0.0729742 -0.538387 0)
(0.0928978 -0.531159 0)
(0.114479 -0.535377 0)
(0.136264 -0.541795 0)
(0.158069 -0.548574 0)
(0.180072 -0.556051 0)
(0.202415 -0.564603 0)
(0.225183 -0.574388 0)
(0.248454 -0.585481 0)
(0.27231 -0.597966 0)
(0.296869 -0.611954 0)
(0.322232 -0.627578 0)
(0.348539 -0.645016 0)
(0.375852 -0.664414 0)
(0.404186 -0.68599 0)
(0.433448 -0.709798 0)
(0.463105 -0.735886 0)
(0.493185 -0.764584 0)
(0.522692 -0.794576 0)
(0.552894 -0.828323 0)
(0.594953 -0.877545 0)
(0.66052 -0.942605 0)
(0.749426 -1.00584 0)
(0.862296 -1.05456 0)
(1.01743 -1.06725 0)
(1.19077 -1.06198 0)
(1.33229 -1.02814 0)
(1.39896 -0.953963 0)
(1.35512 -0.837974 0)
(1.17498 -0.624237 0)
(0.917046 -0.35159 0)
(0.685244 -0.114437 0)
(0.568682 0.00654732 0)
(0.559632 0.0412848 0)
(0.603367 0.0518351 0)
(0.671511 0.0628971 0)
(0.75639 0.0812562 0)
(0.867076 0.119582 0)
(1.00599 0.199719 0)
(1.17539 0.347719 0)
(1.3909 0.604667 0)
(1.61831 0.956536 0)
(0.0165 -0.401772 0)
(0.0388606 -0.612853 0)
(0.0541952 -0.585407 0)
(0.0702686 -0.554275 0)
(0.0895822 -0.549226 0)
(0.110287 -0.554068 0)
(0.131084 -0.560543 0)
(0.151903 -0.56742 0)
(0.172932 -0.575135 0)
(0.194282 -0.584015 0)
(0.216018 -0.594192 0)
(0.2382 -0.605741 0)
(0.26088 -0.618761 0)
(0.284127 -0.633363 0)
(0.307921 -0.649671 0)
(0.332238 -0.667809 0)
(0.356791 -0.687842 0)
(0.38127 -0.70982 0)
(0.404946 -0.733584 0)
(0.427249 -0.75912 0)
(0.448467 -0.78686 0)
(0.469685 -0.816042 0)
(0.498325 -0.856105 0)
(0.550013 -0.930985 0)
(0.637357 -1.03037 0)
(0.762051 -1.12178 0)
(0.938684 -1.20256 0)
(1.18349 -1.20714 0)
(1.38806 -1.1883 0)
(1.42584 -1.1051 0)
(1.3138 -0.93447 0)
(1.07745 -0.664526 0)
(0.777246 -0.354538 0)
(0.535929 -0.115974 0)
(0.451717 -0.0258712 0)
(0.472245 -0.0152913 0)
(0.526898 -0.0133077 0)
(0.591063 -0.00877022 0)
(0.662883 -0.0057736 0)
(0.7434 -0.00298805 0)
(0.84034 0.0125395 0)
(0.96133 0.0669924 0)
(1.11658 0.184944 0)
(1.31718 0.407225 0)
(1.55004 0.766134 0)
(0.0167077 -0.426174 0)
(0.0378161 -0.629502 0)
(0.0519546 -0.598368 0)
(0.0675965 -0.569831 0)
(0.0862347 -0.566777 0)
(0.106033 -0.572083 0)
(0.125848 -0.578584 0)
(0.145701 -0.585568 0)
(0.165762 -0.593514 0)
(0.1861 -0.602689 0)
(0.206734 -0.613202 0)
(0.227671 -0.625119 0)
(0.24887 -0.63853 0)
(0.270253 -0.653497 0)
(0.29155 -0.67006 0)
(0.312429 -0.688175 0)
(0.332167 -0.70775 0)
(0.350258 -0.72855 0)
(0.365928 -0.750491 0)
(0.380256 -0.774035 0)
(0.396122 -0.801654 0)
(0.42107 -0.836206 0)
(0.469108 -0.900943 0)
(0.560655 -1.02069 0)
(0.709979 -1.15249 0)
(0.894354 -1.27358 0)
(1.1338 -1.39249 0)
(1.35453 -1.39376 0)
(1.40495 -1.25117 0)
(1.26364 -1.01739 0)
(0.98177 -0.701458 0)
(0.658325 -0.361146 0)
(0.42677 -0.127298 0)
(0.370848 -0.0629036 0)
(0.406983 -0.0655907 0)
(0.464468 -0.0690915 0)
(0.525239 -0.0677464 0)
(0.58884 -0.0674144 0)
(0.656619 -0.0703854 0)
(0.726475 -0.0746457 0)
(0.802932 -0.0703285 0)
(0.888647 -0.0389837 0)
(1.01705 0.0331451 0)
(1.20061 0.218791 0)
(1.42001 0.56764 0)
(0.0166473 -0.450414 0)
(0.0366285 -0.64503 0)
(0.0497461 -0.610811 0)
(0.0650077 -0.584971 0)
(0.0829009 -0.583713 0)
(0.101783 -0.589355 0)
(0.120613 -0.595876 0)
(0.139471 -0.60297 0)
(0.158468 -0.611116 0)
(0.177597 -0.620507 0)
(0.196767 -0.63122 0)
(0.215862 -0.643277 0)
(0.234659 -0.656704 0)
(0.252816 -0.67143 0)
(0.269786 -0.687318 0)
(0.285029 -0.704088 0)
(0.29788 -0.721612 0)
(0.308646 -0.739814 0)
(0.318734 -0.759909 0)
(0.333695 -0.78516 0)
(0.362853 -0.823423 0)
(0.422002 -0.884494 0)
(0.539603 -0.998454 0)
(0.735663 -1.16262 0)
(0.943886 -1.299 0)
(1.10857 -1.4576 0)
(1.17142 -1.56681 0)
(1.20997 -1.44102 0)
(1.13824 -1.14503 0)
(0.887083 -0.765756 0)
(0.558625 -0.393041 0)
(0.339326 -0.151057 0)
(0.30566 -0.0973767 0)
(0.352209 -0.109844 0)
(0.410059 -0.119154 0)
(0.467418 -0.121364 0)
(0.526436 -0.122289 0)
(0.588774 -0.12477 0)
(0.653527 -0.129053 0)
(0.717044 -0.133403 0)
(0.780683 -0.13157 0)
(0.843726 -0.115394 0)
(0.94157 -0.0866558 0)
(1.06914 0.0632125 0)
(1.24744 0.401021 0)
(0.0163602 -0.474341 0)
(0.035482 -0.659635 0)
(0.0474619 -0.622879 0)
(0.0623763 -0.599728 0)
(0.079402 -0.600092 0)
(0.0972963 -0.605967 0)
(0.114992 -0.612487 0)
(0.132604 -0.619641 0)
(0.150112 -0.627859 0)
(0.167387 -0.637227 0)
(0.184163 -0.647757 0)
(0.200146 -0.659364 0)
(0.214946 -0.671945 0)
(0.228064 -0.685283 0)
(0.239124 -0.69918 0)
(0.248271 -0.713404 0)
(0.256532 -0.728718 0)
(0.267406 -0.746862 0)
(0.288228 -0.772698 0)
(0.331753 -0.815446 0)
(0.420989 -0.889673 0)
(0.583801 -1.00945 0)
(0.884844 -1.19901 0)
(1.09644 -1.34262 0)
(1.17563 -1.42708 0)
(1.08267 -1.50758 0)
(0.908667 -1.49488 0)
(0.870267 -1.35115 0)
(0.769435 -0.969242 0)
(0.492627 -0.495136 0)
(0.271636 -0.200719 0)
(0.247417 -0.133574 0)
(0.301228 -0.148996 0)
(0.359721 -0.163542 0)
(0.413837 -0.169335 0)
(0.46837 -0.172768 0)
(0.52608 -0.176753 0)
(0.58776 -0.181701 0)
(0.652364 -0.186985 0)
(0.717332 -0.190614 0)
(0.782002 -0.188847 0)
(0.848921 -0.182025 0)
(0.934052 -0.166458 0)
(1.01639 -0.0406819 0)
(1.1524 0.259384 0)
(0.0161992 -0.498036 0)
(0.0346318 -0.673604 0)
(0.0445879 -0.634763 0)
(0.0591681 -0.614228 0)
(0.0750183 -0.615974 0)
(0.0916388 -0.621886 0)
(0.107722 -0.628219 0)
(0.123441 -0.635142 0)
(0.138584 -0.642982 0)
(0.152916 -0.651697 0)
(0.166074 -0.661225 0)
(0.177748 -0.671388 0)
(0.187819 -0.681998 0)
(0.196429 -0.693139 0)
(0.204858 -0.705349 0)
(0.215861 -0.719296 0)
(0.235878 -0.738956 0)
(0.274399 -0.770044 0)
(0.351743 -0.823654 0)
(0.498015 -0.916372 0)
(0.73205 -1.06431 0)
(1.03797 -1.26315 0)
(1.20778 -1.39979 0)
(1.20368 -1.42984 0)
(1.08821 -1.31968 0)
(0.819833 -1.35098 0)
(0.66709 -1.36306 0)
(0.620878 -1.23075 0)
(0.489483 -0.783575 0)
(0.251743 -0.317882 0)
(0.201269 -0.179744 0)
(0.255697 -0.186261 0)
(0.314134 -0.203671 0)
(0.364454 -0.211353 0)
(0.413297 -0.216456 0)
(0.465227 -0.222951 0)
(0.521838 -0.231224 0)
(0.583669 -0.240002 0)
(0.650147 -0.248293 0)
(0.720823 -0.253888 0)
(0.794581 -0.255563 0)
(0.879798 -0.257512 0)
(0.97569 -0.246425 0)
(1.08731 -0.159686 0)
(1.24774 0.0557289 0)
(0.0169644 -0.52161 0)
(0.0344071 -0.685707 0)
(0.040239 -0.645363 0)
(0.0545507 -0.627592 0)
(0.0686009 -0.63024 0)
(0.0834078 -0.63583 0)
(0.0972104 -0.641546 0)
(0.110318 -0.647681 0)
(0.122462 -0.65446 0)
(0.133568 -0.661846 0)
(0.143686 -0.669876 0)
(0.153236 -0.678478 0)
(0.163597 -0.688111 0)
(0.17801 -0.700262 0)
(0.201879 -0.717091 0)
(0.244596 -0.74343 0)
(0.324752 -0.787188 0)
(0.463778 -0.861796 0)
(0.681839 -0.986133 0)
(1.00085 -1.1579 0)
(1.2735 -1.34431 0)
(1.33657 -1.43918 0)
(1.25569 -1.39984 0)
(1.09375 -1.2533 0)
(0.863018 -1.05337 0)
(0.624392 -1.22251 0)
(0.545626 -1.27016 0)
(0.50473 -1.12302 0)
(0.339472 -0.605413 0)
(0.192575 -0.260237 0)
(0.222442 -0.218909 0)
(0.277485 -0.238891 0)
(0.322141 -0.248012 0)
(0.363442 -0.253073 0)
(0.407575 -0.260808 0)
(0.456817 -0.272123 0)
(0.512322 -0.285646 0)
(0.574505 -0.300076 0)
(0.64349 -0.314146 0)
(0.720228 -0.325511 0)
(0.804185 -0.335166 0)
(0.907346 -0.346801 0)
(1.00856 -0.353204 0)
(1.17031 -0.325851 0)
(1.36598 -0.120532 0)
(0.0207861 -0.546596 0)
(0.0362887 -0.692504 0)
(0.0338315 -0.652287 0)
(0.0482529 -0.638935 0)
(0.060126 -0.641949 0)
(0.0729848 -0.647041 0)
(0.0848917 -0.652039 0)
(0.0963951 -0.65745 0)
(0.10793 -0.66361 0)
(0.120493 -0.670699 0)
(0.135901 -0.679191 0)
(0.156628 -0.690451 0)
(0.189029 -0.707107 0)
(0.245731 -0.732747 0)
(0.339312 -0.774778 0)
(0.481392 -0.840507 0)
(0.721707 -0.957537 0)
(1.02248 -1.10277 0)
(1.28936 -1.28427 0)
(1.37601 -1.40573 0)
(1.36627 -1.41036 0)
(1.27489 -1.31959 0)
(1.12823 -1.2109 0)
(0.966495 -1.00635 0)
(0.761214 -0.908421 0)
(0.554087 -1.12274 0)
(0.507686 -1.20414 0)
(0.479024 -1.02397 0)
(0.271265 -0.473943 0)
(0.2161 -0.256132 0)
(0.257625 -0.261152 0)
(0.292073 -0.277398 0)
(0.322896 -0.282103 0)
(0.356707 -0.289612 0)
(0.396323 -0.302508 0)
(0.442686 -0.31977 0)
(0.496705 -0.339964 0)
(0.558628 -0.361874 0)
(0.629625 -0.384169 0)
(0.711304 -0.404745 0)
(0.805143 -0.425339 0)
(0.91607 -0.44714 0)
(1.02627 -0.479031 0)
(1.21257 -0.483401 0)
(1.30436 -0.124601 0)
(0.0312972 -0.577836 0)
(0.0445489 -0.695021 0)
(0.0272203 -0.657466 0)
(0.0433673 -0.652365 0)
(0.0555205 -0.655449 0)
(0.0692726 -0.660549 0)
(0.0843008 -0.666006 0)
(0.101905 -0.672581 0)
(0.12522 -0.681307 0)
(0.159268 -0.69323 0)
(0.209468 -0.711058 0)
(0.27922 -0.737821 0)
(0.387902 -0.78039 0)
(0.563104 -0.854836 0)
(0.830239 -0.961747 0)
(1.06255 -1.08867 0)
(1.23032 -1.23385 0)
(1.31934 -1.33088 0)
(1.35316 -1.36438 0)
(1.33607 -1.33804 0)
(1.28115 -1.27747 0)
(1.19803 -1.17982 0)
(1.0818 -1.07244 0)
(0.960669 -0.857629 0)
(0.827975 -0.736772 0)
(0.550206 -1.02679 0)
(0.508928 -1.13433 0)
(0.467968 -0.90267 0)
(0.253709 -0.386671 0)
(0.252608 -0.265449 0)
(0.282369 -0.289234 0)
(0.296846 -0.300895 0)
(0.31667 -0.307722 0)
(0.343828 -0.320977 0)
(0.378898 -0.340785 0)
(0.42184 -0.365382 0)
(0.473507 -0.3937 0)
(0.534366 -0.424756 0)
(0.606293 -0.457318 0)
(0.691363 -0.490165 0)
(0.793644 -0.524404 0)
(0.907165 -0.562749 0)
(1.05575 -0.610998 0)
(1.21823 -0.62834 0)
(1.31937 -0.191981 0)
(0.0447975 -0.619934 0)
(0.063906 -0.698382 0)
(0.0332412 -0.662552 0)
(0.0568751 -0.671607 0)
(0.0793773 -0.67548 0)
(0.105557 -0.682214 0)
(0.139769 -0.691362 0)
(0.18604 -0.704561 0)
(0.253395 -0.725661 0)
(0.358512 -0.762344 0)
(0.525842 -0.818483 0)
(0.67214 -0.868884 0)
(0.818684 -0.955979 0)
(0.941772 -1.08695 0)
(1.03858 -1.16239 0)
(1.12188 -1.2259 0)
(1.18655 -1.27789 0)
(1.23209 -1.30868 0)
(1.26023 -1.31467 0)
(1.27374 -1.28947 0)
(1.2656 -1.22634 0)
(1.22464 -1.11231 0)
(1.15 -0.971061 0)
(1.00635 -0.767066 0)
(0.992293 -0.516234 0)
(0.539297 -0.883945 0)
(0.514 -1.02934 0)
(0.448612 -0.750068 0)
(0.279238 -0.325104 0)
(0.283237 -0.267672 0)
(0.29198 -0.299732 0)
(0.292068 -0.312129 0)
(0.303192 -0.326034 0)
(0.324139 -0.347314 0)
(0.354073 -0.375286 0)
(0.393005 -0.408397 0)
(0.441499 -0.445889 0)
(0.500146 -0.487433 0)
(0.571197 -0.532026 0)
(0.657307 -0.579953 0)
(0.763626 -0.632196 0)
(0.884166 -0.696046 0)
(1.0681 -0.767198 0)
(1.23331 -0.797922 0)
(1.45319 -0.48199 0)
(0.0428919 -0.6897 0)
(0.117806 -0.738103 0)
(0.0970181 -0.658981 0)
(0.138457 -0.692087 0)
(0.185367 -0.704856 0)
(0.239184 -0.717097 0)
(0.303921 -0.738561 0)
(0.379168 -0.771325 0)
(0.4598 -0.823056 0)
(0.536855 -0.899514 0)
(0.612279 -0.941083 0)
(0.695036 -0.990809 0)
(0.78165 -1.05704 0)
(0.861574 -1.13213 0)
(0.932557 -1.19911 0)
(1.00106 -1.25938 0)
(1.07298 -1.3134 0)
(1.14921 -1.35282 0)
(1.22757 -1.36368 0)
(1.29519 -1.32703 0)
(1.33101 -1.23059 0)
(1.31332 -1.07112 0)
(1.25271 -0.871176 0)
(1.0803 -0.650403 0)
(1.0643 -0.340186 0)
(0.568932 -0.669283 0)
(0.492103 -0.9054 0)
(0.43703 -0.687052 0)
(0.31024 -0.286243 0)
(0.298378 -0.255541 0)
(0.287149 -0.294048 0)
(0.277506 -0.313677 0)
(0.281085 -0.337669 0)
(0.296157 -0.368565 0)
(0.320878 -0.405631 0)
(0.355259 -0.447913 0)
(0.399518 -0.495325 0)
(0.454517 -0.548101 0)
(0.52211 -0.605983 0)
(0.605436 -0.670602 0)
(0.709729 -0.745051 0)
(0.83519 -0.841397 0)
(1.02816 -0.954957 0)
(1.21516 -1.02189 0)
(1.48261 -0.80803 0)
(0.00922819 -0.767808 0)
(0.0270412 -0.630954 0)
(0.0999357 -0.68344 0)
(0.151868 -0.734267 0)
(0.20047 -0.752462 0)
(0.252756 -0.774807 0)
(0.309854 -0.806253 0)
(0.369755 -0.844261 0)
(0.431289 -0.891942 0)
(0.491051 -0.947133 0)
(0.550104 -0.999758 0)
(0.614185 -1.05602 0)
(0.683356 -1.12164 0)
(0.755228 -1.19531 0)
(0.829531 -1.26972 0)
(0.912181 -1.34277 0)
(1.01118 -1.40873 0)
(1.12518 -1.45512 0)
(1.24419 -1.46045 0)
(1.34077 -1.39567 0)
(1.38968 -1.25067 0)
(1.37392 -1.03486 0)
(1.31376 -0.772087 0)
(1.14749 -0.508467 0)
(1.10596 -0.1524 0)
(0.667394 -0.412752 0)
(0.496189 -0.755262 0)
(0.436519 -0.60905 0)
(0.319997 -0.245812 0)
(0.291215 -0.230485 0)
(0.267767 -0.276201 0)
(0.25177 -0.307708 0)
(0.249058 -0.343347 0)
(0.25884 -0.384689 0)
(0.27841 -0.431379 0)
(0.307838 -0.483173 0)
(0.346898 -0.540597 0)
(0.396531 -0.604527 0)
(0.457943 -0.67574 0)
(0.53389 -0.756584 0)
(0.628764 -0.853656 0)
(0.745796 -0.983892 0)
(0.921739 -1.14478 0)
(1.06789 -1.25525 0)
(1.33629 -1.0992 0)
(-0.00782469 -0.750211 0)
(0.00902212 -0.743256 0)
(0.0875552 -0.765653 0)
(0.138445 -0.787406 0)
(0.183816 -0.807221 0)
(0.230394 -0.830525 0)
(0.279385 -0.861456 0)
(0.329531 -0.899913 0)
(0.380228 -0.945834 0)
(0.431202 -0.998672 0)
(0.483826 -1.05668 0)
(0.54066 -1.12033 0)
(0.602869 -1.19146 0)
(0.671264 -1.26936 0)
(0.746702 -1.35172 0)
(0.841406 -1.44146 0)
(0.960904 -1.52631 0)
(1.09927 -1.58367 0)
(1.23204 -1.57739 0)
(1.32021 -1.46844 0)
(1.35164 -1.26228 0)
(1.32234 -0.988627 0)
(1.26742 -0.672657 0)
(1.13284 -0.369732 0)
(1.07418 0.0016157 0)
(0.809475 -0.114709 0)
(0.530736 -0.569428 0)
(0.452657 -0.48761 0)
(0.319721 -0.191778 0)
(0.264728 -0.194858 0)
(0.233998 -0.249692 0)
(0.2134 -0.296022 0)
(0.206039 -0.344041 0)
(0.211325 -0.396192 0)
(0.226213 -0.452485 0)
(0.250555 -0.513598 0)
(0.28371 -0.580574 0)
(0.326501 -0.654606 0)
(0.379528 -0.737689 0)
(0.444297 -0.832399 0)
(0.523107 -0.947404 0)
(0.618673 -1.10281 0)
(0.748903 -1.29411 0)
(0.816848 -1.42603 0)
(1.0363 -1.25595 0)
(-0.00505379 -0.751059 0)
(0.0261781 -0.820027 0)
(0.0825511 -0.824185 0)
(0.122483 -0.831371 0)
(0.162063 -0.849941 0)
(0.202231 -0.874967 0)
(0.243624 -0.906611 0)
(0.285862 -0.945591 0)
(0.328671 -0.992046 0)
(0.372465 -1.04603 0)
(0.418275 -1.10706 0)
(0.467704 -1.17568 0)
(0.521679 -1.25241 0)
(0.582581 -1.33756 0)
(0.653961 -1.43599 0)
(0.757694 -1.55364 0)
(0.883593 -1.66329 0)
(1.02694 -1.72336 0)
(1.1313 -1.68058 0)
(1.16596 -1.50727 0)
(1.15705 -1.24783 0)
(1.11 -0.939803 0)
(1.06546 -0.597377 0)
(0.981489 -0.256435 0)
(0.922619 0.122239 0)
(0.756816 0.0607519 0)
(0.53765 -0.373881 0)
(0.441187 -0.329972 0)
(0.291017 -0.116942 0)
(0.215943 -0.149854 0)
(0.183697 -0.218323 0)
(0.160636 -0.280814 0)
(0.151312 -0.341243 0)
(0.153424 -0.403899 0)
(0.164382 -0.46919 0)
(0.183705 -0.538882 0)
(0.210851 -0.614353 0)
(0.245926 -0.697194 0)
(0.289082 -0.789902 0)
(0.341281 -0.894395 0)
(0.402033 -1.02008 0)
(0.471085 -1.18539 0)
(0.543481 -1.38066 0)
(0.54689 -1.4938 0)
(0.691621 -1.22388 0)
(0.00405282 -0.764277 0)
(0.0355362 -0.860961 0)
(0.0716729 -0.860704 0)
(0.104146 -0.867363 0)
(0.137912 -0.886248 0)
(0.171646 -0.912055 0)
(0.205787 -0.944374 0)
(0.240465 -0.984005 0)
(0.275568 -1.03123 0)
(0.311381 -1.0864 0)
(0.348661 -1.14998 0)
(0.388415 -1.22245 0)
(0.43139 -1.30443 0)
(0.480939 -1.39965 0)
(0.545389 -1.5224 0)
(0.65002 -1.67211 0)
(0.757295 -1.79827 0)
(0.880776 -1.83008 0)
(0.900944 -1.72021 0)
(0.859555 -1.49747 0)
(0.832824 -1.22889 0)
(0.802563 -0.912292 0)
(0.777229 -0.560684 0)
(0.713852 -0.190646 0)
(0.66159 0.22862 0)
(0.54746 0.14021 0)
(0.457197 -0.2451 0)
(0.375592 -0.153953 0)
(0.208573 -0.0264054 0)
(0.141246 -0.102291 0)
(0.114915 -0.187676 0)
(0.0930066 -0.265251 0)
(0.0849705 -0.336913 0)
(0.0855539 -0.40881 0)
(0.0936248 -0.481961 0)
(0.108296 -0.558934 0)
(0.129241 -0.641473 0)
(0.15614 -0.73187 0)
(0.189914 -0.831547 0)
(0.230336 -0.943044 0)
(0.275668 -1.07399 0)
(0.324757 -1.23847 0)
(0.359777 -1.42055 0)
(0.350111 -1.48375 0)
(0.402649 -1.0693 0)
(0.0100039 -0.784757 0)
(0.035488 -0.893323 0)
(0.0601534 -0.889233 0)
(0.0863191 -0.897492 0)
(0.113576 -0.916796 0)
(0.140585 -0.942703 0)
(0.167555 -0.975225 0)
(0.194516 -1.01503 0)
(0.221342 -1.06254 0)
(0.248205 -1.11841 0)
(0.275558 -1.18343 0)
(0.303659 -1.25804 0)
(0.333002 -1.34381 0)
(0.367813 -1.45116 0)
(0.421344 -1.60161 0)
(0.50788 -1.77584 0)
(0.572389 -1.89535 0)
(0.651886 -1.86185 0)
(0.557618 -1.679 0)
(0.502075 -1.43982 0)
(0.474055 -1.19377 0)
(0.458831 -0.883307 0)
(0.449448 -0.513506 0)
(0.390558 -0.106606 0)
(0.323793 0.332252 0)
(0.262822 0.0832301 0)
(0.34214 -0.1674 0)
(0.227564 0.0201943 0)
(0.0721734 0.0521834 0)
(0.0445974 -0.0655265 0)
(0.026905 -0.164399 0)
(0.012418 -0.252927 0)
(0.00846244 -0.333367 0)
(0.0090989 -0.412168 0)
(0.0151267 -0.491368 0)
(0.0255088 -0.573917 0)
(0.0400583 -0.661979 0)
(0.059213 -0.757807 0)
(0.0835558 -0.863017 0)
(0.11286 -0.980726 0)
(0.146853 -1.11645 0)
(0.186615 -1.28082 0)
(0.220091 -1.45622 0)
(0.254695 -1.48643 0)
(0.267762 -1.02133 0)
(0.0127484 -0.8077 0)
(0.0319035 -0.915438 0)
(0.0486508 -0.911096 0)
(0.0689578 -0.921349 0)
(0.0895962 -0.940756 0)
(0.109826 -0.966421 0)
(0.129578 -0.998646 0)
(0.14868 -1.03799 0)
(0.166911 -1.08503 0)
(0.18423 -1.14058 0)
(0.200604 -1.20541 0)
(0.215548 -1.2797 0)
(0.229419 -1.36731 0)
(0.24699 -1.48692 0)
(0.282062 -1.65974 0)
(0.329093 -1.8415 0)
(0.342342 -1.9281 0)
(0.363909 -1.81685 0)
(0.217655 -1.58779 0)
(0.173573 -1.37708 0)
(0.148405 -1.18326 0)
(0.116882 -0.874198 0)
(0.113252 -0.464922 0)
(0.0265574 -0.0301245 0)
(-0.0229854 0.427883 0)
(0.0508463 -0.12402 0)
(0.189817 -0.124669 0)
(-0.0524588 0.192084 0)
(-0.0653335 0.0822509 0)
(-0.0750008 -0.0472435 0)
(-0.0728641 -0.153659 0)
(-0.0768021 -0.246978 0)
(-0.0754968 -0.332443 0)
(-0.0735651 -0.415046 0)
(-0.0691401 -0.497812 0)
(-0.0629575 -0.583701 0)
(-0.054635 -0.675196 0)
(-0.043856 -0.774511 0)
(-0.0300126 -0.884346 0)
(-0.012377 -1.00747 0)
(0.0108821 -1.15001 0)
(0.042881 -1.32285 0)
(0.0838008 -1.51019 0)
(0.147965 -1.55373 0)
(0.190562 -1.136 0)
(0.0128272 -0.830054 0)
(0.0265016 -0.929454 0)
(0.0370847 -0.927239 0)
(0.0517021 -0.939023 0)
(0.0659845 -0.958134 0)
(0.0795857 -0.983178 0)
(0.0921988 -1.01451 0)
(0.103502 -1.05267 0)
(0.113119 -1.09829 0)
(0.120705 -1.15218 0)
(0.125751 -1.21485 0)
(0.127243 -1.28626 0)
(0.125327 -1.37351 0)
(0.12396 -1.50145 0)
(0.131636 -1.68371 0)
(0.129439 -1.85737 0)
(0.099568 -1.90349 0)
(0.0819732 -1.73903 0)
(-0.0404242 -1.49457 0)
(-0.0771503 -1.31653 0)
(-0.13101 -1.15324 0)
(-0.232745 -0.81746 0)
(-0.266171 -0.356617 0)
(-0.345083 0.0871634 0)
(-0.212664 0.302629 0)
(-0.114743 -0.259869 0)
(-0.107792 0.0837863 0)
(-0.293241 0.253174 0)
(-0.199757 0.0604708 0)
(-0.195289 -0.0514254 0)
(-0.175783 -0.157131 0)
(-0.169059 -0.2489 0)
(-0.162897 -0.334888 0)
(-0.159398 -0.417887 0)
(-0.156608 -0.501358 0)
(-0.154662 -0.587961 0)
(-0.15305 -0.68036 0)
(-0.151491 -0.781201 0)
(-0.149389 -0.893393 0)
(-0.145693 -1.02048 0)
(-0.137954 -1.16988 0)
(-0.121163 -1.35623 0)
(-0.0897866 -1.56933 0)
(-0.0430139 -1.66466 0)
(0.0380939 -1.32357 0)
(0.0109804 -0.849518 0)
(0.0198 -0.937232 0)
(0.0254837 -0.938199 0)
(0.0345798 -0.950726 0)
(0.0428837 -0.969136 0)
(0.0501524 -0.993107 0)
(0.0559339 -1.02294 0)
(0.0597647 -1.05912 0)
(0.0611009 -1.10228 0)
(0.0592797 -1.15314 0)
(0.0534388 -1.21166 0)
(0.0422574 -1.27792 0)
(0.0254897 -1.36198 0)
(0.00460263 -1.49033 0)
(-0.0207062 -1.66786 0)
(-0.0686726 -1.82912 0)
(-0.12658 -1.85471 0)
(-0.154722 -1.68499 0)
(-0.20494 -1.43927 0)
(-0.261109 -1.23754 0)
(-0.357953 -1.02878 0)
(-0.544366 -0.682318 0)
(-0.600672 -0.274979 0)
(-0.528889 0.031377 0)
(-0.30115 0.0386606 0)
(-0.304119 -0.168938 0)
(-0.413843 0.187192 0)
(-0.428484 0.205289 0)
(-0.325219 0.0111678 0)
(-0.303067 -0.0745575 0)
(-0.274184 -0.172559 0)
(-0.259196 -0.257952 0)
(-0.249688 -0.340307 0)
(-0.245158 -0.420445 0)
(-0.244366 -0.501683 0)
(-0.246932 -0.586257 0)
(-0.252549 -0.676824 0)
(-0.261106 -0.776134 0)
(-0.272388 -0.887425 0)
(-0.285823 -1.01496 0)
(-0.299778 -1.16715 0)
(-0.310071 -1.36139 0)
(-0.317128 -1.59981 0)
(-0.320031 -1.76132 0)
(-0.234592 -1.50856 0)
(0.00795992 -0.864251 0)
(0.0123446 -0.940196 0)
(0.0140935 -0.944237 0)
(0.0179177 -0.956697 0)
(0.0207081 -0.974061 0)
(0.0220951 -0.996495 0)
(0.0215598 -1.02424 0)
(0.0185043 -1.05771 0)
(0.0122141 -1.09743 0)
(0.00179396 -1.1439 0)
(-0.0139056 -1.19656 0)
(-0.0363452 -1.25573 0)
(-0.0663003 -1.33241 0)
(-0.105425 -1.45081 0)
(-0.16388 -1.61376 0)
(-0.250938 -1.76527 0)
(-0.335994 -1.80133 0)
(-0.371814 -1.66765 0)
(-0.373176 -1.42579 0)
(-0.414882 -1.16148 0)
)
;

boundaryField
{
    leftWall
    {
        type            fixedValue;
        value           uniform (0 0 0);
    }
    rightWall
    {
        type            fixedValue;
        value           nonuniform 0();
    }
    lowerWall
    {
        type            fixedValue;
        value           uniform (0 0 0);
    }
    atmosphere
    {
        type            pressureInletOutletVelocity;
        value           nonuniform 0();
    }
    defaultFaces
    {
        type            empty;
    }
    procBoundary0to1
    {
        type            processor;
        value           nonuniform List<vector> 
44
(
(-0.401968 -0.117307 0)
(-0.162624 -0.0848505 0)
(0.207739 0.0145719 0)
(0.422924 0.185848 0)
(0.494355 0.36151 0)
(0.490767 0.532922 0)
(0.473369 0.698301 0)
(0.483034 0.861398 0)
(0.546856 1.02134 0)
(0.689833 1.17977 0)
(0.965891 1.29177 0)
(1.20547 1.33169 0)
(1.3678 1.32802 0)
(1.50231 1.31636 0)
(1.63824 1.30994 0)
(1.78833 1.31445 0)
(1.93432 1.33078 0)
(2.01532 1.34004 0)
(2.01892 1.32881 0)
(1.96763 1.31091 0)
(1.96763 1.31091 0)
(1.91174 1.42758 0)
(1.80088 1.38984 0)
(1.72738 1.35478 0)
(1.72552 1.31817 0)
(1.76387 1.2763 0)
(1.75027 1.18146 0)
(1.63288 1.03918 0)
(1.44759 0.895187 0)
(1.34274 0.747436 0)
(1.464 0.468179 0)
(1.45679 0.317957 0)
(1.35351 0.29882 0)
(1.59816 0.110914 0)
(1.88588 -0.273537 0)
(1.96421 -0.666532 0)
(1.73666 -0.904774 0)
(1.00626 -0.847106 0)
(0.240366 -0.591128 0)
(-0.286971 -0.235916 0)
(0.122447 -0.0622892 0)
(0.587619 0.0127189 0)
(0.516507 -0.193975 0)
(0.186907 -0.494367 0)
)
;
    }
    procBoundary0to2
    {
        type            processor;
        value           nonuniform List<vector> 
46
(
(-0.505121 -0.880489 0)
(-0.642015 -0.58461 0)
(-0.639892 -0.333049 0)
(-0.518252 -0.189079 0)
(-0.419021 -0.132995 0)
(-0.523269 -0.035422 0)
(-0.597601 0.209678 0)
(-0.512284 0.104095 0)
(-0.43166 -0.0431266 0)
(-0.394762 -0.109663 0)
(-0.363304 -0.195798 0)
(-0.343241 -0.272029 0)
(-0.332209 -0.347516 0)
(-0.327687 -0.422073 0)
(-0.329441 -0.498398 0)
(-0.336794 -0.578249 0)
(-0.34984 -0.664015 0)
(-0.368873 -0.758277 0)
(-0.394465 -0.86429 0)
(-0.427286 -0.986458 0)
(-0.467764 -1.13291 0)
(-0.516248 -1.32096 0)
(-0.577942 -1.56402 0)
(-0.65586 -1.77121 0)
(-0.660495 -1.638 0)
(0.00456319 -0.873175 0)
(0.00486188 -0.939516 0)
(0.00323314 -0.945572 0)
(0.00215937 -0.95733 0)
(-4.67581e-05 -0.973326 0)
(-0.00396749 -0.993815 0)
(-0.0101647 -1.01897 0)
(-0.0193349 -1.04907 0)
(-0.0323052 -1.08451 0)
(-0.0501182 -1.12548 0)
(-0.0741147 -1.17117 0)
(-0.105613 -1.22169 0)
(-0.146049 -1.28596 0)
(-0.201393 -1.38388 0)
(-0.286162 -1.52289 0)
(-0.406529 -1.66273 0)
(-0.531229 -1.72028 0)
(-0.608646 -1.63564 0)
(-0.62877 -1.42264 0)
(-0.505121 -0.880489 0)
(-0.640127 -1.13932 0)
)
;
    }
}


// ************************************************************************* //
