/*--------------------------------*- C++ -*----------------------------------*\
| =========                 |                                                 |
| \\      /  F ield         | OpenFOAM: The Open Source CFD Toolbox           |
|  \\    /   O peration     | Version:  3.0.1                                 |
|   \\  /    A nd           | Web:      www.OpenFOAM.org                      |
|    \\/     M anipulation  |                                                 |
\*---------------------------------------------------------------------------*/
FoamFile
{
    version     2.0;
    format      ascii;
    class       volScalarField;
    location    "0.35";
    object      p;
}
// * * * * * * * * * * * * * * * * * * * * * * * * * * * * * * * * * * * * * //

dimensions      [1 -1 -2 0 0 0 0];

internalField   nonuniform List<scalar> 
1915
(
1209.62
1243.9
1115.81
1172.51
1034.2
1103.48
998.805
1062.39
996.12
1047.17
995.678
1042.97
980.547
1023.3
940.938
979.09
882.282
910.399
812.835
814.696
534.718
534.712
534.701
534.687
534.67
534.651
534.632
534.613
534.594
534.577
534.561
534.547
534.534
534.523
534.515
534.508
534.503
534.501
534.501
534.504
534.509
534.517
534.526
534.538
534.551
534.566
534.583
534.6
534.618
534.636
534.654
534.672
534.688
534.704
534.718
534.73
534.74
534.748
534.753
534.755
534.671
534.665
534.654
534.64
534.622
534.603
534.584
534.564
534.546
534.528
534.512
534.498
534.486
534.475
534.466
534.459
534.455
534.453
534.453
534.456
534.461
534.468
534.478
534.49
534.503
534.518
534.535
534.552
534.57
534.588
534.607
534.624
534.641
534.657
534.671
534.683
534.693
534.701
534.706
534.708
534.624
534.617
534.606
534.591
534.573
534.554
534.534
534.515
534.496
534.479
534.463
534.449
534.437
534.426
534.417
534.41
534.406
534.403
534.403
534.406
534.411
534.419
534.428
534.44
534.454
534.469
534.486
534.504
534.522
534.54
534.559
534.577
534.594
534.609
534.623
534.636
534.646
534.654
534.659
534.661
534.575
534.568
534.556
534.541
534.523
534.504
534.484
534.464
534.446
534.429
534.413
534.399
534.386
534.376
534.367
534.36
534.355
534.352
534.353
534.355
534.36
534.368
534.378
534.39
534.404
534.419
534.436
534.454
534.473
534.492
534.51
534.529
534.546
534.562
534.576
534.589
534.599
534.607
534.612
534.614
534.525
534.517
534.505
534.49
534.472
534.453
534.432
534.413
534.394
534.377
534.362
534.348
534.335
534.324
534.315
534.308
534.303
534.3
534.3
534.303
534.308
534.316
534.326
534.338
534.353
534.369
534.386
534.404
534.423
534.443
534.462
534.48
534.498
534.515
534.529
534.542
534.553
534.561
534.566
534.568
534.474
534.464
534.452
534.438
534.42
534.4
534.38
534.36
534.341
534.324
534.309
534.295
534.283
534.272
534.263
534.255
534.25
534.247
534.247
534.25
534.255
534.263
534.273
534.286
534.3
534.317
534.335
534.354
534.373
534.393
534.413
534.432
534.45
534.467
534.482
534.495
534.506
534.515
534.52
534.523
534.42
534.407
534.396
534.383
534.366
534.347
534.326
534.305
534.287
534.27
534.255
534.242
534.23
534.219
534.209
534.201
534.196
534.193
534.192
534.195
534.2
534.208
534.219
534.232
534.247
534.264
534.282
534.302
534.322
534.343
534.363
534.383
534.402
534.42
534.435
534.449
534.46
534.469
534.475
534.477
534.362
534.343
534.333
534.326
534.311
534.292
534.27
534.249
534.231
534.215
534.201
534.188
534.176
534.164
534.154
534.146
534.14
534.137
534.136
534.138
534.144
534.152
534.163
534.177
534.192
534.21
534.229
534.25
534.271
534.292
534.314
534.334
534.354
534.372
534.389
534.403
534.415
534.424
534.43
534.432
534.29
534.264
534.262
534.267
534.254
534.237
534.214
534.191
534.173
534.158
534.145
534.133
534.121
534.109
534.099
534.09
534.083
534.079
534.078
534.08
534.086
534.094
534.106
534.12
534.137
534.155
534.175
534.196
534.219
534.241
534.263
534.285
534.306
534.325
534.342
534.357
534.369
534.379
534.385
534.388
534.207
534.167
534.175
534.204
534.196
534.181
534.156
534.132
534.114
534.1
534.088
534.077
534.065
534.053
534.042
534.032
534.024
534.02
534.018
534.021
534.026
534.035
534.047
534.062
534.079
534.099
534.12
534.142
534.166
534.189
534.213
534.235
534.257
534.277
534.295
534.311
534.324
534.334
534.341
534.344
742.787
675.997
695.649
637.563
651.092
622.729
593.589
579.989
531.492
528.249
469.992
473.067
407.321
414.664
343.457
354.689
277.938
293.313
212.995
230.477
170.945
106.005
30.6611
7.8733
6.92946
6.90262
6.79059
6.63004
6.46191
6.32116
6.21487
6.13663
6.1046
6.10979
6.12814
6.17659
6.23961
6.21759
6.15171
6.06409
5.955
5.82885
5.68828
537.993
538.686
536.548
534.419
538.377
538.623
536.187
534.141
569.6
534.249
534.629
533.56
530.801
466.433
501.63
532.762
501.896
446.048
439.077
470.497
467.465
445.204
426.427
421.716
416.462
412.242
408.239
403.956
361.257
364.455
369.501
375.305
304.664
312.799
321.085
330.452
245.479
258.063
269.754
281.03
187.255
201.367
215.366
228.926
128.888
146.667
162.596
176.636
56.4716
82.0463
103.824
122.756
11.4963
18.9904
32.6321
54.1457
6.89474
7.10537
8.11221
11.796
6.91947
6.94934
6.89531
7.00834
6.82689
6.89172
6.96793
7.0939
6.70463
6.81692
6.93779
7.0717
6.57103
6.72178
6.87814
7.03125
6.44848
6.61979
6.80594
6.98789
6.35484
6.53286
6.73438
6.92926
6.29993
6.48028
6.67532
6.84959
6.29757
6.47487
6.64608
6.78755
6.31857
6.50507
6.66378
6.79601
6.33819
6.52456
6.68685
6.83033
6.34363
6.52156
6.69248
6.84101
6.37449
6.52204
6.66942
6.80271
6.35718
6.49345
6.6201
6.73477
6.28781
6.41688
6.53734
6.64715
6.19162
6.31347
6.42943
6.53801
6.07669
6.19326
6.30537
6.4119
5.94596
6.05828
6.16729
6.27206
5.80151
5.91017
6.01627
6.11914
534.158
534.015
534.057
534.146
534.14
534.126
534.097
534.07
534.051
534.04
534.03
534.021
534.009
533.996
533.984
533.972
533.963
533.958
533.956
533.958
533.964
533.973
533.986
534.002
534.02
534.041
534.063
534.087
534.111
534.136
534.161
534.185
534.208
534.229
534.248
534.265
534.279
534.29
534.297
534.3
533.87
533.769
533.859
534.101
534.082
534.072
534.036
534.003
533.984
533.976
533.971
533.963
533.952
533.938
533.923
533.91
533.9
533.893
533.891
533.893
533.899
533.909
533.922
533.939
533.958
533.98
534.004
534.029
534.055
534.082
534.108
534.134
534.158
534.181
534.201
534.219
534.234
534.245
534.253
534.256
533.582
533.486
533.499
534.127
534.03
534.024
533.973
533.931
533.911
533.908
533.912
533.907
533.896
533.88
533.862
533.846
533.833
533.825
533.822
533.824
533.831
533.841
533.856
533.874
533.894
533.918
533.943
533.97
533.997
534.026
534.054
534.081
534.107
534.132
534.154
534.173
534.188
534.201
534.209
534.212
533.15
533.24
533.01
534.018
533.962
533.979
533.918
533.859
533.834
533.834
533.855
533.853
533.841
533.821
533.798
533.778
533.763
533.753
533.75
533.752
533.759
533.771
533.786
533.806
533.828
533.853
533.88
533.908
533.938
533.968
533.999
534.028
534.056
534.082
534.106
534.126
534.143
534.157
534.166
534.169
522.973
527.059
530.337
533.23
534.098
534.072
533.857
533.728
533.732
533.749
533.81
533.802
533.79
533.763
533.731
533.707
533.688
533.677
533.673
533.675
533.684
533.697
533.714
533.735
533.758
533.785
533.814
533.845
533.877
533.909
533.942
533.974
534.004
534.032
534.058
534.08
534.098
534.113
534.122
534.126
436.892
439.838
509.811
531.514
533.374
533.801
533.755
533.647
533.679
533.589
533.746
533.759
533.748
533.707
533.66
533.631
533.608
533.595
533.591
533.594
533.604
533.619
533.638
533.66
533.686
533.714
533.746
533.779
533.813
533.849
533.884
533.918
533.951
533.982
534.009
534.033
534.053
534.069
534.08
534.083
401.052
399.182
436.432
472.295
519.177
531.715
533.616
533.134
533.401
533.605
533.859
533.743
533.706
533.633
533.575
533.55
533.519
533.507
533.503
533.508
533.52
533.537
533.558
533.583
533.61
533.641
533.674
533.71
533.748
533.786
533.825
533.862
533.897
533.93
533.96
533.987
534.009
534.026
534.037
534.041
382.481
385.279
402.547
417.141
440.793
466.694
521.38
521.343
531.977
532.678
533.659
533.778
533.756
533.628
533.471
533.456
533.418
533.414
533.408
533.416
533.431
533.452
533.475
533.501
533.531
533.563
533.6
533.639
533.68
533.722
533.763
533.804
533.843
533.879
533.912
533.94
533.964
533.983
533.996
534
342.813
353.003
367.084
376.442
388.621
396.074
421.145
423.307
481.807
516.755
531.731
533.59
533.474
533.446
533.297
533.472
533.328
533.32
533.302
533.318
533.337
533.363
533.388
533.417
533.447
533.482
533.521
533.564
533.609
533.655
533.701
533.745
533.787
533.826
533.862
533.894
533.92
533.941
533.955
533.96
293.851
306.742
321.675
335.586
349.937
356.702
360.022
373.066
405.226
428.742
458.055
517.495
523.789
532.717
532.785
533.106
533.134
533.212
533.169
533.211
533.237
533.271
533.298
533.328
533.359
533.396
533.438
533.485
533.535
533.586
533.636
533.684
533.73
533.773
533.813
533.848
533.877
533.9
533.916
533.921
243.197
257.741
272.875
287.881
303.56
316.23
326.278
339.93
353.155
367.778
381.501
415.59
444.528
483.176
517.837
531.241
532.826
532.882
532.983
533.087
533.127
533.181
533.204
533.237
533.267
533.304
533.35
533.402
533.458
533.514
533.569
533.622
533.672
533.719
533.763
533.801
533.834
533.86
533.878
533.884
190.955
205.969
220.784
235.461
250.435
264.284
277.967
291.985
306.626
322.736
334.326
345.648
367.592
393.716
429.806
465.502
515.996
527.86
532.639
532.966
533.002
533.086
533.102
533.148
533.172
533.206
533.255
533.312
533.376
533.44
533.5
533.558
533.613
533.664
533.712
533.755
533.792
533.821
533.841
533.848
140.266
156.534
170.237
183.356
196.471
208.71
221.305
235.183
250.914
268.085
284.745
301.453
318.957
335.306
353.577
379.234
412.416
450.033
511.149
526.407
532.721
532.999
532.978
533.033
533.051
533.082
533.152
533.221
533.293
533.363
533.43
533.493
533.552
533.608
533.661
533.709
533.75
533.783
533.806
533.814
77.8284
98.4694
115.377
131.463
146.572
159.209
171.203
183.114
195.666
209.703
225.355
242.354
259.391
279.05
300.743
321.14
338.376
368.451
404.194
444.438
508.942
527.998
532.64
532.856
532.878
532.925
533.051
533.131
533.206
533.282
533.356
533.425
533.489
533.55
533.608
533.662
533.709
533.747
533.774
533.783
18.5145
28.42
42.7965
60.8574
78.5601
94.1957
108.688
122.993
137.717
154.084
172.207
188.573
202.802
219.996
240.306
260.274
281.783
308.138
331.869
363.971
404.854
452.248
512.938
530.191
532.715
532.76
532.94
533.016
533.089
533.197
533.282
533.355
533.423
533.49
533.554
533.615
533.669
533.713
533.745
533.755
7.28526
8.06968
10.3075
13.4701
16.8987
21.8154
28.7663
38.8086
54.2829
73.6626
96.9593
118.351
136.27
157.716
184.064
204.964
223.596
246.774
271.902
298.922
326.683
365.243
412.057
466.632
519.534
532.463
532.895
532.875
532.928
533.096
533.21
533.288
533.357
533.426
533.498
533.567
533.629
533.682
533.719
533.731
7.24764
7.35321
7.53792
7.78086
7.91485
8.10216
8.90623
10.2932
12.174
14.733
19.4628
27.0235
41.4005
66.5553
101.59
129.563
153.936
186.969
215.271
238.359
265.212
295.028
325.949
370.334
426.755
497.322
526.609
532.689
532.708
532.929
533.127
533.223
533.292
533.361
533.437
533.517
533.59
533.653
533.698
533.712
7.22354
7.37835
7.55677
7.75655
7.93282
8.09843
8.26453
8.44035
8.59886
8.6466
8.6943
9.28376
10.8794
13.7484
19.1145
28.8591
53.2055
96.0335
134.141
168.037
205.661
235.391
263.161
294.835
331.963
383.589
450.072
519.196
532.219
532.857
533.023
533.137
533.218
533.293
533.373
533.462
533.55
533.626
533.682
533.699
7.19466
7.35139
7.50287
7.69661
7.93979
8.10723
8.23763
8.38878
8.55202
8.69607
8.82985
8.97919
9.19975
9.30193
9.39602
9.93169
12.2958
17.6293
28.5164
62.5291
113.275
156.324
199.391
236.288
267.615
303.698
357.703
428.438
503.695
530.305
532.99
533.033
533.099
533.202
533.302
533.404
533.508
533.602
533.672
533.695
7.17335
7.34342
7.491
7.69498
7.92195
8.06095
8.18525
8.33513
8.49832
8.64756
8.78984
8.95156
9.15255
9.34224
9.47941
9.61209
9.78765
9.96592
10.4331
13.4162
20.96
44.1866
96.3816
153.208
204.812
247.778
286.289
333.13
402.966
490.03
529.003
533.079
532.987
533.079
533.202
533.34
533.466
533.582
533.671
533.701
7.12932
7.31607
7.4818
7.68473
7.86163
7.99757
8.12879
8.27439
8.42927
8.57971
8.73173
8.90061
9.09073
9.27032
9.43278
9.61339
9.82267
9.99293
10.1307
10.285
10.6985
11.8955
18.2523
41.0405
97.0195
165.189
222.223
267.892
317.916
390.228
481.204
528.32
533.151
533.01
533.042
533.233
533.417
533.559
533.677
533.723
7.04654
7.24338
7.4409
7.62327
7.77655
7.91663
8.05341
8.20341
8.3607
8.51837
8.67785
8.84478
9.02161
9.1983
9.37488
9.565
9.76046
9.94802
10.1488
10.3599
10.5362
10.6779
11.0137
12.0167
18.9223
51.3959
118.32
194.467
255.296
307.481
379.363
477.095
529.182
533.139
532.87
532.972
533.306
533.519
533.696
533.771
6.94617
7.15789
7.36468
7.54115
7.6884
7.8234
7.96954
8.12681
8.28857
8.45125
8.61532
8.78412
8.95968
9.13838
9.31769
9.50304
9.69503
9.89445
10.1087
10.3167
10.5261
10.7442
10.9339
11.1166
11.4799
13.1342
26.2867
80.7751
168.656
242.661
300.915
379.068
482.875
530.363
532.551
532.516
533.068
533.464
533.758
533.871
6.92071
7.10737
7.29562
7.45462
7.59782
7.74028
7.89282
8.05245
8.21519
8.37937
8.54593
8.71707
8.89386
9.07467
9.25817
9.4466
9.64086
9.8398
10.0478
10.2622
10.4929
10.7225
10.944
11.1721
11.3757
11.5611
12.2128
16.8339
57.363
147.406
233.969
302.427
391.206
496.377
530.403
532.021
532.92
533.508
533.907
534.045
6.95621
7.09166
7.23768
7.38731
7.53481
7.68176
7.82805
7.98045
8.1395
8.30265
8.46987
8.64259
8.82134
9.00544
9.19415
9.38766
9.58558
9.78733
9.99671
10.2158
10.4458
10.681
10.9244
11.1693
11.4045
11.6222
11.8221
12.0695
14.7634
43.8883
134.812
233.254
313.266
416.84
514.542
531.648
533.215
533.658
534.145
534.291
6.96854
7.0869
7.20919
7.3425
7.4801
7.61896
7.75851
7.90368
8.05753
8.21879
8.38626
8.56049
8.74169
8.92935
9.1229
9.3221
9.52645
9.73536
9.94999
10.1717
10.4024
10.6434
10.893
11.1452
11.4008
11.6403
11.8744
12.0949
12.365
13.7601
36.7107
135.518
243.912
335.389
454.113
535.788
533.267
533.421
534.431
534.658
6.92633
7.04143
7.15507
7.27539
7.40216
7.53411
7.67095
7.8136
7.96577
8.12646
8.29456
8.47041
8.65407
8.8452
9.04348
9.24874
9.46049
9.67787
9.90055
10.1288
10.3643
10.6088
10.8621
11.1221
11.3869
11.646
11.9116
12.1486
12.3735
12.6445
13.5909
39.1024
153.507
267.746
373.54
499.647
530.43
532.805
534.906
535.391
6.84567
6.95628
7.06766
7.18503
7.30828
7.43701
7.572
7.71426
7.86541
8.02552
8.19422
8.37161
8.5577
8.7523
8.95527
9.16644
9.38545
9.61161
9.84414
10.0824
10.3262
10.5764
10.8342
11.0997
11.3715
11.644
11.9161
12.1782
12.4239
12.6733
12.9548
14.1821
55.84
190.012
306.327
431.555
531.597
534.129
535.792
536.654
6.75464
6.86316
6.97242
7.0867
7.20715
7.33329
7.46584
7.60612
7.75565
7.91502
8.08408
8.26283
8.45131
8.64944
8.85712
9.07424
9.30053
9.53547
9.77821
10.0276
10.2826
10.5426
10.8078
11.0788
11.3558
11.6369
11.9184
12.1976
12.4668
12.7279
12.9882
13.1187
16.4062
97.3997
245.158
369.379
511.257
536.853
536.011
538.221
6.64632
6.75594
6.86489
6.97705
7.09433
7.21742
7.34749
7.48605
7.63443
7.79324
7.96258
8.1426
8.33342
8.53511
8.74766
8.971
9.20488
9.44878
9.70187
9.96291
10.2304
10.5027
10.7789
11.0586
11.3421
11.6296
11.9202
12.2106
12.4939
12.7658
13.0258
13.2217
13.3864
29.4803
169.819
312.591
460.749
539.375
536.566
540.782
6.51966
6.62964
6.73872
6.84999
6.96556
7.0869
7.21551
7.35293
7.50039
7.6587
7.82829
8.00949
8.2026
8.40786
8.62542
8.85528
9.09721
9.35065
9.61468
9.88793
10.1686
10.4546
10.7441
11.0355
11.3285
11.6234
11.9205
12.2184
12.513
12.7973
13.0728
13.3464
13.6339
13.9716
60.1449
251.699
411.331
533.718
540.675
545.298
6.379
6.48877
6.59757
6.70807
6.82243
6.94238
7.0696
7.20574
7.35217
7.50989
7.67959
7.86186
8.05722
8.26609
8.48879
8.72548
8.97601
9.23978
9.51574
9.80224
10.0971
10.3979
10.7019
11.007
11.3119
11.6163
11.9205
12.2246
12.5273
12.8228
13.0985
13.404
13.7059
13.6162
16.4636
201.055
376.03
529.376
552.599
551.318
6.22489
6.33389
6.44193
6.55133
6.66428
6.78264
6.90822
7.04278
7.18793
7.34491
7.51462
7.69786
7.89542
8.108
8.33608
8.57999
8.83971
9.11471
9.40377
9.70493
10.0155
10.3322
10.652
10.9719
11.2901
11.6058
11.9192
12.2309
12.5418
12.8511
13.1409
13.4445
13.7842
13.9587
14.2539
122.604
337.329
509.953
555.417
559.893
)
;

boundaryField
{
    leftWall
    {
        type            calculated;
        value           nonuniform 0();
    }
    rightWall
    {
        type            calculated;
        value           nonuniform List<scalar> 
43
(
534.755
534.708
534.661
534.614
534.568
534.523
534.477
534.432
534.388
534.344
534.3
534.256
534.212
534.169
534.126
534.083
534.041
534
533.96
533.921
533.884
533.848
533.814
533.783
533.755
533.731
533.712
533.699
533.695
533.701
533.723
533.771
533.871
534.045
534.291
534.658
535.391
536.654
538.221
540.782
545.298
551.318
559.893
)
;
    }
    lowerWall
    {
        type            calculated;
        value           nonuniform List<scalar> 
66
(
1233
1267.28
1243.9
1172.51
1103.48
1062.39
1047.17
1042.97
1023.3
979.09
910.399
814.696
542.545
538.715
536.607
534.491
534.718
534.671
534.624
534.575
534.525
534.474
534.42
534.362
534.29
534.207
534.741
534.735
534.725
534.711
534.694
534.675
534.655
534.636
534.618
534.6
534.584
534.57
534.558
534.547
534.538
534.532
534.527
534.525
534.525
534.528
534.533
534.54
534.55
534.561
534.575
534.59
534.606
534.623
534.641
534.66
534.678
534.695
534.712
534.728
534.742
534.754
534.764
534.771
534.777
534.779
)
;
    }
    atmosphere
    {
        type            calculated;
        value           nonuniform 0();
    }
    defaultFaces
    {
        type            empty;
    }
    procBoundary1to0
    {
        type            processor;
        value           nonuniform List<scalar> 
44
(
1172.2
1084.85
1012.04
983.784
975.182
968.049
947.778
910.512
861.257
806.244
749.61
695.962
642.608
585.201
524.138
460.556
394.972
328.196
259.396
193.918
150.515
150.515
75.8887
15.6603
7.24531
7.13555
6.98314
6.81527
6.62487
6.41811
6.22017
6.08324
5.99575
5.95115
5.95889
5.9969
6.07293
6.10701
6.08397
6.02347
5.93776
5.832
5.70939
5.57218
)
;
    }
    procBoundary1to3
    {
        type            processor;
        value           nonuniform List<scalar> 
45
(
5.53439
5.64405
5.7493
5.85245
5.95298
6.05688
6.16438
6.27099
6.3787
6.48961
6.60578
6.72924
6.86191
7.0055
7.16147
7.33105
7.51535
7.71535
7.9319
8.16573
8.41738
8.68699
8.97413
9.27752
9.59483
9.9227
10.257
10.5937
10.9293
11.2618
11.59
11.9143
12.2362
12.5585
12.8846
13.204
13.518
13.8944
14.1356
14.7115
39.7019
315.811
518.07
576.632
592.634
)
;
    }
}


// ************************************************************************* //
