/*--------------------------------*- C++ -*----------------------------------*\
| =========                 |                                                 |
| \\      /  F ield         | OpenFOAM: The Open Source CFD Toolbox           |
|  \\    /   O peration     | Version:  3.0.1                                 |
|   \\  /    A nd           | Web:      www.OpenFOAM.org                      |
|    \\/     M anipulation  |                                                 |
\*---------------------------------------------------------------------------*/
FoamFile
{
    version     2.0;
    format      ascii;
    class       surfaceScalarField;
    location    "0.2";
    object      alphaPhi;
}
// * * * * * * * * * * * * * * * * * * * * * * * * * * * * * * * * * * * * * //

dimensions      [0 3 -1 0 0 0 0];

internalField   nonuniform List<scalar> 
3731
(
-1.58211e-05
-4.94036e-06
-2.12848e-05
-7.11075e-06
-4.07379e-06
-2.84811e-05
1.03667e-05
8.33e-06
-1.81951e-05
2.01316e-05
2.53395e-05
1.69241e-06
2.37908e-05
4.23995e-05
2.5234e-05
2.40516e-05
5.80765e-05
4.9023e-05
2.36932e-05
7.30329e-05
7.2455e-05
2.48267e-05
8.82014e-05
9.70408e-05
3.00405e-05
0.000102896
0.000126872
3.86225e-05
0.000117162
0.000165499
1.64199e-27
-9.38726e-26
1.00354e-26
-2.1399e-25
1.26384e-26
-1.2157e-25
8.35206e-27
-1.0397e-25
4.77084e-27
-9.80235e-26
2.56708e-27
-6.34761e-26
1.30555e-27
-3.00285e-26
6.42985e-28
-1.27047e-26
3.14629e-28
-5.09475e-27
1.35644e-28
-1.67224e-27
3.94958e-29
-3.79405e-28
8.4387e-30
-6.50012e-29
1.41754e-30
-8.90479e-30
1.95263e-31
-1.00271e-30
2.27709e-32
-9.51991e-32
2.29008e-33
-7.6044e-33
2.01299e-34
-5.05484e-34
1.56535e-35
-2.72443e-35
1.08366e-36
-1.02259e-36
6.71069e-38
-6.26613e-39
3.89847e-39
3.18594e-41
2.12384e-40
3.48507e-42
1.07978e-41
2.65336e-43
5.10336e-43
1.64587e-44
2.234e-44
8.93312e-46
9.02253e-46
4.33033e-47
3.34791e-47
1.88276e-48
1.13584e-48
7.38821e-50
3.50168e-50
2.62882e-51
9.73756e-52
8.38424e-53
2.41945e-53
2.39986e-54
5.30895e-55
6.07462e-56
1.01277e-56
1.35828e-57
1.64539e-58
2.62437e-59
2.21272e-60
4.30275e-61
2.36281e-62
5.82304e-63
1.87582e-64
6.23394e-65
9.81155e-67
4.94844e-67
2.51638e-69
2.57243e-69
6.40137e-72
-8.21037e-25
1.57461e-25
-1.4275e-24
2.51983e-25
-9.19415e-25
-1.6833e-24
-3.26491e-25
-1.03422e-23
-3.7001e-26
-9.83167e-24
8.67606e-26
-5.42819e-24
8.11399e-26
-2.33389e-24
4.54936e-26
-8.89151e-25
2.25988e-26
-3.31075e-25
9.07245e-27
-9.8663e-26
2.5819e-27
-2.16756e-26
5.5732e-28
-3.70569e-27
9.62711e-29
-5.12843e-28
1.38099e-29
-5.89128e-29
1.69027e-30
-5.70511e-30
1.79866e-31
-4.67408e-31
1.69018e-32
-3.22446e-32
1.41666e-33
-1.79536e-33
1.06768e-34
-7.12604e-35
7.27834e-36
-6.88456e-37
4.63027e-37
6.53915e-39
2.75122e-38
8.29223e-40
1.52069e-39
6.91514e-41
7.78993e-41
4.70588e-42
3.6851e-42
2.77497e-43
1.60396e-43
1.45178e-44
6.39611e-45
6.80727e-46
2.32538e-46
2.86787e-47
7.66205e-48
1.08995e-48
2.27144e-49
3.71048e-50
6.00353e-51
1.12934e-51
1.39815e-52
3.04347e-53
2.82627e-54
7.20239e-55
4.85954e-56
1.47352e-56
6.9108e-58
2.5552e-58
7.80137e-60
3.65455e-60
6.54535e-62
4.13837e-62
3.61565e-64
3.47368e-64
9.74664e-67
1.91005e-66
4.97024e-69
-1.9864e-23
9.59069e-24
-3.56615e-23
1.55335e-23
-2.36354e-23
-3.45925e-23
-7.41387e-24
-3.20601e-22
-2.98177e-25
-2.80059e-22
3.06397e-24
-1.49186e-22
2.43428e-24
-6.3583e-23
1.33843e-24
-2.432e-23
6.62442e-25
-8.93453e-24
2.52713e-25
-2.53073e-24
7.01043e-26
-5.43472e-25
1.50283e-26
-9.26549e-26
2.61162e-27
-1.29682e-26
3.80184e-28
-1.52154e-27
4.7488e-29
-1.51351e-28
5.17719e-30
-1.27976e-29
4.99248e-31
-9.11907e-31
4.29832e-32
-5.25452e-32
3.32775e-33
-2.1571e-33
2.32859e-34
-2.07897e-35
1.51833e-35
3.28373e-37
9.23098e-37
4.24976e-38
5.21263e-38
3.608e-39
2.72405e-39
2.50845e-40
1.31278e-40
1.50826e-41
5.81303e-42
8.02653e-43
2.35521e-43
3.82363e-44
8.6869e-45
1.63688e-45
2.89985e-46
6.29504e-47
8.69684e-48
2.16953e-48
2.32192e-49
6.66924e-50
5.45354e-51
1.81461e-51
1.1102e-52
4.32044e-53
1.91957e-54
8.8898e-55
2.74054e-56
1.54844e-56
3.10132e-58
2.2192e-58
2.60499e-60
2.51601e-60
1.43892e-62
2.11191e-62
3.87502e-65
1.16031e-64
3.00899e-67
-3.4524e-22
2.6455e-22
-6.64163e-22
4.31082e-22
-4.72204e-22
-1.24319e-22
-1.65357e-22
-5.08874e-21
-2.13773e-23
-4.42943e-21
3.76827e-23
-2.37366e-21
3.83909e-23
-1.03002e-21
2.27079e-23
-3.97871e-22
1.1479e-23
-1.43066e-22
4.24698e-24
-3.89113e-23
1.16026e-24
-8.21392e-24
2.49121e-25
-1.40433e-24
4.38927e-26
-1.99775e-25
6.53206e-27
-2.40396e-26
8.38691e-28
-2.467e-27
9.43038e-29
-2.15872e-28
9.39643e-30
-1.59292e-29
8.367e-31
-9.49899e-31
6.70103e-32
-4.00099e-32
4.84879e-33
-3.18264e-34
3.26669e-34
9.82192e-36
2.04761e-35
1.28159e-36
1.18948e-36
1.11399e-37
6.38194e-38
7.92347e-39
3.15196e-39
4.87366e-40
1.42786e-40
2.65112e-41
5.9085e-42
1.28917e-42
2.22232e-43
5.62856e-44
7.55352e-45
2.20255e-45
2.30322e-46
7.71748e-47
6.24299e-48
2.40842e-48
1.48693e-49
6.64267e-50
3.06506e-51
1.60219e-51
5.3585e-53
3.33377e-53
7.7277e-55
5.86131e-55
8.82207e-57
8.478e-57
7.46658e-59
9.6852e-59
4.15158e-61
8.18263e-61
1.12472e-63
4.52157e-63
1.17804e-65
-5.93896e-21
5.45646e-21
-1.11315e-20
8.03911e-21
-8.11894e-21
3.86514e-22
-2.99396e-21
-5.27354e-20
-5.96566e-22
-4.59643e-20
1.68777e-22
-2.51188e-20
3.88415e-22
-1.12048e-20
2.60855e-22
-4.37337e-21
1.33582e-22
-1.51618e-21
4.84042e-23
-4.00034e-22
1.3157e-23
-8.38111e-23
2.85226e-24
-1.44656e-23
5.12922e-25
-2.10212e-24
7.84984e-26
-2.60482e-25
1.04164e-26
-2.767e-26
1.21415e-27
-2.51163e-27
1.2565e-28
-1.92364e-28
1.1635e-29
-1.1888e-29
9.69223e-31
-5.09725e-31
7.29584e-32
-2.5187e-33
5.10948e-33
2.02538e-34
3.32064e-34
2.65377e-35
1.99539e-35
2.36538e-36
1.105e-36
1.72915e-37
5.62212e-38
1.09198e-38
2.61886e-39
6.10096e-40
1.11234e-40
3.04325e-41
4.28779e-42
1.36007e-42
1.4913e-43
5.44471e-44
4.64613e-45
1.94883e-45
1.28483e-46
6.20406e-47
3.11794e-48
1.74254e-48
6.53852e-50
4.2786e-50
1.16166e-51
9.03922e-52
1.70018e-53
1.61325e-53
1.96736e-55
2.36532e-55
1.68596e-57
2.73537e-57
9.48129e-60
2.33758e-59
2.59617e-62
1.30511e-61
3.43333e-64
-7.86909e-20
8.25969e-20
-1.34709e-19
9.98154e-20
-9.67435e-20
3.82402e-21
-3.55521e-20
-3.79685e-19
-8.53046e-21
-3.24753e-19
-4.65298e-22
-1.8601e-19
2.61535e-21
-8.5946e-20
2.11054e-21
-3.39269e-20
1.10097e-21
-1.12928e-20
3.95309e-22
-2.91762e-21
1.08163e-22
-6.12694e-22
2.38458e-23
-1.0727e-22
4.40215e-24
-1.59935e-23
6.96091e-25
-2.04667e-24
9.58062e-26
-2.25486e-25
1.16249e-26
-2.13192e-26
1.2545e-27
-1.69637e-27
1.21246e-28
-1.0852e-28
1.05466e-29
-4.70674e-30
8.29716e-31
1.09036e-34
6.06063e-32
3.07094e-33
4.09587e-33
4.02646e-34
2.55294e-34
3.68107e-35
1.46341e-35
2.76758e-36
7.69151e-37
1.80071e-37
3.69404e-38
1.03556e-38
1.61495e-39
5.30999e-40
6.39812e-41
2.43477e-41
2.28358e-42
1.00012e-42
7.28963e-44
3.66685e-44
2.06264e-45
1.19377e-45
5.1128e-47
3.42675e-47
1.09411e-48
8.57501e-49
1.98076e-50
1.84653e-50
2.94989e-52
3.35371e-52
3.4686e-54
4.99711e-54
3.01624e-56
5.86442e-56
1.71974e-58
5.07844e-58
4.76838e-61
2.87202e-60
7.64188e-63
-7.38145e-19
8.53925e-19
-1.07436e-18
7.36453e-19
-7.51878e-19
-7.60587e-20
-2.86125e-19
-1.93093e-18
-7.78247e-20
-1.6279e-18
-1.01534e-20
-9.97966e-19
1.17348e-20
-4.81904e-19
1.2484e-20
-1.9171e-19
6.65527e-21
-6.15766e-20
2.40831e-21
-1.57672e-20
6.67276e-22
-3.32785e-21
1.50607e-22
-5.93945e-22
2.86501e-23
-9.09361e-23
4.69818e-24
-1.20449e-23
6.73308e-25
-1.37814e-24
8.5265e-26
-1.35545e-25
9.6205e-27
-1.12208e-26
9.72679e-28
-7.40354e-28
8.85909e-29
-3.23191e-29
7.31261e-30
4.0394e-32
5.58383e-31
3.53082e-32
3.93304e-32
4.63968e-33
2.54872e-33
4.34978e-34
1.51561e-34
3.37007e-35
8.24736e-36
2.26234e-36
4.09418e-37
1.34115e-37
1.84734e-38
7.08434e-39
7.54038e-40
3.34566e-40
2.76847e-41
1.41259e-41
9.07878e-43
5.31598e-43
2.63499e-44
1.77517e-44
6.69239e-46
5.21625e-46
1.46489e-47
1.33584e-47
2.70864e-49
2.93755e-49
4.11485e-51
5.44043e-51
4.92995e-53
8.25743e-53
4.36337e-55
9.86126e-55
2.52853e-57
8.68124e-57
7.11588e-60
4.9845e-59
1.34444e-61
-4.18207e-18
5.49091e-18
-5.49137e-18
3.50941e-18
-3.86724e-18
-7.67175e-19
-1.5791e-18
-7.2571e-18
-4.87672e-19
-6.14301e-18
-8.62941e-20
-4.05322e-18
3.31355e-20
-2.05015e-18
5.56075e-20
-8.14728e-19
3.05988e-20
-2.56954e-19
1.12536e-20
-6.57273e-20
3.17767e-21
-1.39484e-20
7.35609e-22
-2.52747e-21
1.44516e-22
-3.96521e-22
2.46019e-23
-5.41817e-23
3.67557e-24
-6.43126e-24
4.86641e-25
-6.57126e-25
5.75067e-26
-5.64505e-26
6.09915e-27
-3.83633e-27
5.82975e-28
-1.64382e-28
5.05993e-29
6.73151e-31
4.0465e-30
3.14785e-31
2.97542e-31
4.13774e-32
2.00761e-32
3.97738e-33
1.24026e-33
3.17852e-34
6.99815e-35
2.20304e-35
3.59633e-36
1.34813e-36
1.67711e-37
7.34827e-38
7.06518e-39
3.57734e-39
2.67352e-40
1.55539e-40
9.02376e-42
6.0201e-42
2.69193e-43
2.06569e-43
7.01653e-45
6.22824e-45
1.57428e-46
1.63403e-46
2.98005e-48
3.6777e-48
4.628e-50
6.96366e-50
5.66064e-52
1.0789e-51
5.10838e-54
1.31363e-53
3.01498e-56
1.17761e-55
8.63089e-59
6.87882e-58
1.88493e-60
-1.98717e-17
2.74731e-17
-2.0129e-17
8.55614e-18
-1.45153e-17
-4.33463e-18
-6.30541e-18
-2.4989e-17
-2.16876e-18
-1.96838e-17
-4.54704e-19
-1.33898e-17
4.42483e-20
-7.05749e-18
1.92588e-19
-2.77497e-18
1.11598e-19
-8.75904e-19
4.1836e-20
-2.24298e-19
1.20151e-20
-4.75499e-20
2.84278e-21
-8.63318e-21
5.7481e-22
-1.36949e-21
1.01369e-22
-1.90869e-22
1.57633e-23
-2.32777e-23
2.18039e-24
-2.45621e-24
2.69835e-25
-2.17758e-25
3.0018e-26
-1.51094e-26
3.01248e-27
-6.16869e-28
2.74998e-28
6.50573e-30
2.30424e-29
2.17734e-30
1.76987e-30
2.86134e-31
1.2442e-31
2.82139e-32
7.99179e-33
2.32506e-33
4.68058e-34
1.66446e-34
2.49254e-35
1.05278e-35
1.20283e-36
5.92459e-37
5.23624e-38
2.97709e-38
2.04476e-39
1.33458e-39
7.11121e-41
5.32053e-41
2.18359e-42
1.87665e-42
5.85118e-44
5.81595e-44
1.34782e-45
1.56633e-45
2.61581e-47
3.61417e-47
4.15991e-49
7.00598e-49
5.20411e-51
1.10998e-50
4.79782e-53
1.38045e-52
2.88952e-55
1.26265e-54
8.42924e-58
7.51787e-57
2.09667e-59
-6.07663e-17
9.37224e-17
-6.85475e-17
1.94555e-17
-4.69252e-17
-3.71747e-17
-2.04158e-17
-1.12332e-16
-7.27268e-18
-7.69151e-17
-1.70309e-18
-4.37935e-17
-7.79286e-21
-2.32973e-17
5.58997e-19
-8.62182e-18
3.42851e-19
-2.7105e-18
1.31078e-19
-6.93664e-19
3.79272e-20
-1.45067e-19
9.04053e-21
-2.57114e-20
1.85457e-21
-3.99014e-21
3.3468e-22
-5.50191e-22
5.37358e-23
-6.73655e-23
7.7226e-24
-7.20316e-24
9.97324e-25
-6.49466e-25
1.16112e-25
-4.52923e-26
1.22163e-26
-1.66851e-27
1.17048e-27
4.32512e-29
1.02603e-28
1.1632e-29
8.22149e-30
1.52999e-30
6.01662e-31
1.5434e-31
4.01552e-32
1.3109e-32
2.43938e-33
9.68764e-34
1.34565e-34
6.32352e-35
6.71633e-36
3.67519e-36
3.02076e-37
1.90376e-37
1.21743e-38
8.7975e-39
4.36542e-40
3.61301e-40
1.38014e-41
1.31189e-41
3.80322e-43
4.17934e-43
8.99858e-45
1.1559e-44
1.79194e-46
2.73544e-46
2.92084e-48
5.4334e-48
3.74076e-50
8.81195e-50
3.52644e-52
1.12049e-51
2.16833e-54
1.04681e-53
6.45058e-57
6.35561e-56
1.80543e-58
6.13512e-05
0.000123238
0.000163176
6.36739e-05
8.34421e-05
0.000124146
0.000157794
8.88239e-05
9.87847e-05
0.000124025
0.000150056
0.000106523
0.000111338
0.000123671
0.000143511
0.000117884
0.000122721
0.000123817
0.000139724
0.000126509
0.00013462
0.000125078
0.000139054
0.00013529
0.000146298
0.000126764
0.000140389
0.000144964
0.000153344
0.0001265
0.000141088
0.000152657
0.000138461
8.33864e-05
0.000126652
0.000152836
7.16745e-05
3.84419e-05
0.000120833
5.59053e-06
3.27597e-05
1.37765e-06
6.17396e-06
2.90523e-07
1.49302e-06
6.43136e-08
3.06315e-07
1.25321e-08
6.5174e-08
1.63636e-09
1.23643e-08
9.00419e-10
4.39361e-09
2.11712e-09
4.12485e-09
1.8668e-09
3.22837e-09
4.9117e-09
3.75098e-09
5.22024e-09
2.60237e-08
1.09212e-09
1.77333e-08
-1.14684e-11
1.30546e-09
-3.60071e-11
1.28042e-10
-9.61431e-11
3.4048e-10
-5.84019e-10
2.47348e-09
-4.09842e-09
5.08553e-09
-4.27351e-08
4.05738e-08
-1.27408e-10
-3.77035e-08
4.70832e-11
3.96455e-11
-2.25129e-10
1.58743e-09
-2.6453e-09
8.42898e-09
1.15303e-08
-8.78518e-16
6.21416e-05
-8.64825e-16
5.9481e-17
-1.3454e-16
-7.47359e-16
2.06683e-17
-1.86474e-16
2.38202e-05
0.000123736
-7.96166e-14
2.26363e-05
-8.44214e-14
4.23875e-15
2.08808e-14
-5.62083e-14
8.29398e-05
0.000147371
8.20665e-06
9.2495e-05
-1.39828e-12
8.20665e-06
1.35593e-12
-2.62446e-12
0.000117309
0.000147947
7.13661e-05
0.000136895
5.12451e-06
7.15419e-05
5.12457e-06
-5.50774e-11
0.000129536
0.00014492
0.00011755
0.000148882
5.09662e-05
0.000123795
4.44362e-05
2.91622e-06
0.000137248
0.000142965
0.000134626
0.000151435
0.000108911
0.000149756
0.00010823
2.19096e-05
0.000144639
0.00014329
0.000143928
0.000152163
0.000136357
0.000157296
0.000146178
9.79014e-05
0.000151542
0.000144403
0.000150316
0.000153357
0.000146672
0.000160876
0.000161485
0.00013125
0.000155177
0.000142052
0.000154701
0.000153776
0.000152493
0.000162877
0.000168638
0.000145035
0.000150205
0.000112048
0.000155081
0.000148693
0.00015509
0.00016256
0.000172135
0.000151167
0.000110861
2.24308e-05
0.000146281
0.000104254
0.000153244
0.00015517
0.000172285
0.000152508
2.31893e-05
5.3562e-06
9.94348e-05
2.59692e-05
0.000144167
0.00010724
0.000166053
0.000149595
5.72536e-06
1.21577e-06
2.55462e-05
6.10954e-06
0.000115105
4.18873e-05
0.000140993
0.000143417
1.22004e-06
2.76687e-07
5.75924e-06
1.42712e-06
3.64373e-05
1.14258e-05
6.24569e-05
0.000129792
2.71158e-07
5.43425e-08
1.44638e-06
2.65119e-07
1.09937e-05
2.16195e-06
2.38628e-05
9.78751e-05
5.52197e-08
1.17785e-08
2.67785e-07
8.00395e-08
1.79645e-06
6.24231e-07
1.86701e-05
4.56077e-05
1.52845e-08
3.02805e-09
6.97052e-08
1.93656e-08
5.38978e-07
1.35145e-07
4.69485e-06
1.45116e-05
6.22608e-09
2.18949e-09
1.99561e-08
6.51656e-09
1.25383e-07
3.18065e-08
1.07162e-06
3.76297e-06
3.76706e-09
2.76311e-09
7.62161e-09
3.88419e-09
3.147e-08
9.43725e-09
2.66728e-07
8.39169e-07
3.82963e-09
4.41612e-09
4.27743e-09
4.03476e-09
8.97506e-09
5.05342e-09
7.27965e-08
2.04032e-07
2.73846e-08
1.41132e-08
1.72801e-08
1.30264e-08
1.59963e-08
7.50203e-09
9.72229e-07
4.18754e-06
3.16856e-08
1.1329e-08
1.71754e-08
8.19915e-09
1.88605e-08
1.2458e-08
1.03241e-05
1.45271e-05
6.59425e-09
2.69685e-10
9.83986e-09
2.56433e-09
1.39957e-08
8.59922e-09
6.79765e-05
3.1074e-05
7.09958e-10
1.44964e-10
3.03676e-09
1.21771e-09
1.17902e-05
3.69218e-06
0.000157101
4.62865e-05
6.50955e-10
2.16746e-09
1.61111e-09
1.86931e-09
1.55083e-05
8.16493e-06
0.000143741
3.92136e-05
2.87786e-07
2.13813e-06
1.48476e-07
1.44077e-07
1.64472e-05
4.4433e-05
0.000116064
3.71006e-05
5.83641e-06
1.43225e-05
7.01318e-06
3.50584e-05
3.17632e-05
0.000124828
6.88159e-05
1.73356e-05
1.48566e-05
9.9866e-06
2.10561e-05
0.000114778
1.76965e-05
0.000135849
0.000112048
5.05091e-06
9.19601e-06
2.17688e-06
2.25932e-05
0.000108026
1.9986e-05
0.00013959
0.000137248
1.21105e-05
2.05527e-06
1.2165e-07
2.12149e-05
9.22178e-05
2.10157e-05
0.000139426
0.000141414
1.89075e-05
1.16418e-07
9.13265e-09
1.67893e-05
5.60347e-05
2.29594e-05
0.000134881
0.000144193
2.205e-05
1.4595e-07
1.166e-08
8.73906e-06
1.0638e-05
2.09986e-05
0.000124302
0.00014323
2.29146e-05
2.79064e-07
5.63698e-06
1.5307e-05
2.076e-05
-7.56355e-16
6.61346e-16
-3.41601e-16
-4.18406e-16
-2.02951e-16
-2.13765e-16
-7.62492e-17
-2.86124e-16
-2.32184e-17
-4.80038e-16
-5.67209e-18
-1.85684e-16
-9.6282e-20
-9.96026e-17
1.61339e-18
-3.24523e-17
1.00914e-18
-9.13203e-18
3.89611e-19
-2.26504e-18
1.11775e-19
-4.62456e-19
2.60886e-20
-7.82284e-20
5.25158e-21
-1.13766e-20
9.41196e-22
-1.4681e-21
1.52296e-22
-1.7039e-22
2.23496e-23
-1.76125e-23
2.97647e-24
-1.55526e-24
3.59705e-25
-1.05204e-25
3.94447e-26
-3.09074e-27
3.94642e-27
2.07858e-28
3.60465e-28
4.78108e-29
3.0039e-29
6.27625e-30
2.28197e-30
6.46527e-31
1.57856e-31
5.63915e-32
9.92674e-33
4.2897e-33
5.66068e-34
2.885e-34
2.91784e-35
1.7266e-35
1.35358e-36
9.21223e-37
5.61954e-38
4.38091e-38
2.07334e-39
1.84959e-39
6.73778e-41
6.89787e-41
1.90653e-42
2.25523e-42
4.62726e-44
6.39561e-44
9.44131e-46
1.55056e-45
1.57496e-47
3.15171e-47
2.0619e-49
5.22516e-49
1.98454e-51
6.78396e-51
1.24557e-53
6.46264e-53
3.77771e-56
4.0019e-55
1.15763e-57
-6.19444e-14
1.29066e-14
-1.26858e-14
-5.11534e-14
-4.42202e-15
-8.81697e-15
-6.67927e-16
-4.1203e-15
-9.24533e-17
-1.39305e-15
-2.27604e-17
-2.1051e-16
-2.61977e-19
-5.40094e-16
5.97324e-18
-1.86701e-16
3.31197e-18
-4.05857e-17
1.24263e-18
-8.93714e-18
3.48404e-19
-1.73118e-18
7.77405e-20
-2.80414e-19
1.46984e-20
-3.8067e-20
2.47247e-21
-4.43756e-21
3.81342e-22
-4.56095e-22
5.45833e-23
-4.18017e-23
7.24746e-24
-3.31535e-24
8.88167e-25
-2.00363e-25
9.98965e-26
-3.31223e-27
1.03101e-26
7.37923e-28
9.72465e-28
1.50998e-28
8.36689e-29
1.96843e-29
6.55837e-30
2.05507e-30
4.67583e-31
1.83127e-31
3.02691e-32
1.42541e-32
1.77478e-33
9.81849e-34
9.39401e-35
6.01915e-35
4.46877e-36
3.28864e-36
1.90066e-37
1.59897e-37
7.17634e-39
6.90274e-39
2.3838e-40
2.63e-40
6.88654e-42
8.776e-42
1.70489e-43
2.53692e-43
3.54547e-45
6.26595e-45
6.02284e-47
1.29673e-46
8.02393e-49
2.18687e-48
7.85419e-51
2.88651e-50
5.00817e-53
2.79408e-52
1.54221e-55
1.75655e-54
5.15459e-57
-4.48879e-12
1.49728e-12
-6.82478e-13
-4.15105e-12
-1.75947e-13
-5.43167e-13
-1.19252e-14
-1.76826e-13
-9.71338e-16
-1.28828e-14
-1.63804e-16
-1.46827e-15
3.99071e-18
-9.87752e-16
3.5751e-17
-2.53255e-16
1.49072e-17
-2.28625e-16
4.90815e-18
-4.47366e-17
1.30238e-18
-7.86143e-18
2.78136e-19
-1.20996e-18
4.91435e-20
-1.58234e-19
7.49253e-21
-1.73945e-20
1.02998e-21
-1.61816e-21
1.3218e-22
-1.2779e-22
1.61383e-23
-8.36785e-24
1.87864e-24
-3.92718e-25
2.06812e-25
5.34845e-28
2.13033e-26
2.00005e-27
2.02832e-27
3.65418e-28
1.77217e-28
4.6684e-29
1.41439e-29
4.88117e-30
1.02814e-30
4.38624e-31
6.78552e-32
3.46217e-32
4.05364e-33
2.42004e-33
2.18427e-34
1.50576e-34
1.0568e-35
8.35037e-36
4.56509e-37
4.11921e-37
1.74856e-38
1.80171e-38
5.88589e-40
6.95042e-40
1.72153e-41
2.34608e-41
4.30966e-43
6.85685e-43
9.05097e-45
1.71027e-44
1.55156e-46
3.56947e-46
2.08416e-48
6.06876e-48
2.05554e-50
8.06945e-50
1.31985e-52
7.86452e-52
4.08968e-55
4.97622e-54
1.46836e-56
-2.84191e-10
2.27532e-10
-2.56239e-11
-2.82316e-10
-5.4917e-12
-2.05524e-11
-3.19823e-13
-5.60992e-12
-2.49188e-14
-3.13089e-13
-1.46036e-15
-2.89887e-14
7.03524e-17
-3.96636e-15
8.28426e-17
-1.10542e-15
8.73563e-17
-3.15794e-16
2.5183e-17
-2.4807e-16
6.02474e-18
-4.13528e-17
1.22122e-18
-5.97453e-18
2.07785e-19
-7.50595e-19
2.99874e-20
-8.07203e-20
3.75706e-21
-7.27979e-21
4.21536e-22
-5.37974e-22
4.38233e-23
-3.08515e-23
4.34809e-24
-1.07683e-24
4.20581e-25
1.08691e-26
3.96387e-26
4.72086e-27
3.57573e-27
7.42792e-28
3.03553e-28
8.9101e-29
2.39258e-29
9.04859e-30
1.73387e-30
8.0295e-31
1.14736e-31
6.30924e-32
6.89202e-33
4.41765e-33
3.73852e-34
2.75937e-34
1.82167e-35
1.53761e-35
7.92459e-37
7.62707e-37
3.05522e-38
3.35444e-38
1.03463e-39
1.30057e-39
3.04243e-41
4.41109e-41
7.65418e-43
1.29477e-42
1.61477e-44
3.24279e-44
2.77904e-46
6.79301e-46
3.7464e-48
1.15875e-47
3.70693e-50
1.54558e-49
2.38748e-52
1.51068e-51
7.41925e-55
9.58722e-54
2.83618e-56
2.87949e-08
2.88806e-06
-1.39125e-09
2.92747e-08
-1.26786e-10
-1.29965e-09
-6.46457e-12
-1.27102e-10
-4.48648e-13
-6.58262e-12
-2.43765e-14
-5.1821e-13
2.36356e-15
-4.9619e-14
7.37572e-16
-4.71659e-15
1.83239e-16
-5.89965e-16
1.46365e-16
-3.55423e-16
3.288e-17
-2.19856e-16
6.22993e-18
-3.16786e-17
1.02108e-18
-3.84594e-18
1.44663e-19
-4.01093e-19
1.7734e-20
-3.54885e-20
1.89795e-21
-2.56242e-21
1.80177e-22
-1.37605e-22
1.54964e-23
-3.49747e-24
1.25554e-24
6.64903e-26
9.81411e-26
1.44796e-26
7.46432e-27
1.77516e-27
5.52247e-28
1.79809e-28
3.93806e-29
1.62496e-29
2.66813e-30
1.33489e-30
1.69149e-31
9.9908e-32
9.90124e-33
6.78558e-33
5.29118e-34
4.16356e-34
2.55708e-35
2.29582e-35
1.10777e-36
1.13211e-36
4.26321e-38
4.96409e-38
1.44283e-39
1.92194e-39
4.24278e-41
6.51425e-41
1.06774e-42
1.9116e-42
2.25412e-44
4.78764e-44
3.88228e-46
1.00347e-45
5.23803e-48
1.71268e-47
5.18798e-50
2.28616e-49
3.3454e-52
2.23679e-51
1.04122e-54
1.42157e-53
4.21191e-56
1.43546e-06
2.06706e-05
5.49884e-09
1.45026e-06
-1.55963e-09
6.7387e-09
-9.66102e-11
-1.57835e-09
-5.9943e-12
-1.01719e-10
-3.01157e-13
-7.22792e-12
5.75548e-14
-6.89269e-13
1.41022e-14
-2.37565e-14
9.5615e-16
2.73353e-15
2.44309e-16
-6.94492e-16
1.84816e-16
-3.35758e-16
3.47862e-17
-1.61178e-16
5.51038e-18
-2.02237e-17
7.61431e-19
-2.06076e-18
9.27184e-20
-1.76378e-19
9.94585e-21
-1.22675e-20
9.40452e-22
-6.04046e-22
7.87635e-23
-6.77911e-24
6.04476e-24
5.07418e-25
4.28058e-25
7.66709e-26
2.82042e-26
7.62682e-27
1.7475e-27
6.28573e-28
1.02896e-28
4.61919e-29
5.80358e-30
3.12762e-30
3.14054e-31
1.98602e-31
1.62166e-32
1.1845e-32
7.89803e-34
6.60307e-34
3.57542e-35
3.40178e-35
1.48123e-36
1.6015e-36
5.53116e-38
6.80559e-38
1.83446e-39
2.57924e-39
5.32166e-41
8.61571e-41
1.32666e-42
2.50364e-42
2.78186e-44
6.22566e-44
4.76805e-46
1.29803e-45
6.4105e-48
2.20698e-47
6.33297e-50
2.93782e-49
4.07698e-52
2.86869e-51
1.26799e-54
1.82136e-53
5.39466e-56
8.42438e-06
0.000101789
6.5109e-07
9.04152e-06
-2.70411e-09
6.42842e-07
-1.17993e-09
-3.91749e-09
-6.94696e-11
-1.2708e-09
-3.11274e-12
-8.57541e-11
1.02156e-12
-8.31553e-12
2.35343e-13
-1.04819e-13
1.0067e-14
1.23636e-13
3.94051e-16
-3.96336e-15
2.50382e-16
-1.1141e-15
1.89737e-16
-2.54317e-16
3.10925e-17
-9.91841e-17
4.2301e-18
-1.03854e-17
5.06405e-19
-8.63833e-19
5.42164e-20
-5.66578e-20
5.18669e-21
-2.35597e-21
4.46335e-22
8.39814e-24
3.51219e-23
4.17118e-24
2.51545e-24
5.37639e-25
1.63966e-25
5.01074e-26
9.74441e-27
3.8632e-27
5.30074e-28
2.58003e-28
2.65081e-29
1.53553e-29
1.22572e-30
8.2732e-31
5.271e-32
4.09175e-32
2.11912e-33
1.87621e-33
7.98342e-35
8.02699e-35
2.812e-36
3.20758e-36
9.18746e-38
1.1906e-37
2.74573e-39
4.06205e-39
7.36628e-41
1.25427e-40
1.73496e-42
3.44011e-42
3.49337e-44
8.20789e-44
5.81594e-46
1.66209e-45
7.65829e-48
2.76666e-47
7.45415e-50
3.62706e-49
4.74733e-52
3.50343e-51
1.46518e-54
2.20704e-53
6.5007e-56
5.1856e-05
0.000142305
3.03111e-06
4.2191e-05
1.42625e-07
3.33026e-06
-8.01114e-09
1.39577e-07
-6.53413e-10
-9.10419e-09
-1.63274e-11
-8.31282e-10
1.62247e-11
-7.66569e-11
4.10542e-12
1.47705e-12
1.7171e-14
2.88891e-12
-6.07769e-15
-1.40914e-13
-6.57732e-17
-1.61801e-14
2.1965e-16
-1.16945e-15
1.67e-16
-1.48096e-16
2.35808e-17
-4.66205e-17
2.81028e-18
-3.81822e-18
2.99049e-19
-2.34062e-19
2.87674e-20
-6.73822e-21
2.55131e-21
1.48591e-22
2.0848e-22
3.27031e-23
1.55615e-23
3.91276e-24
1.0557e-24
3.62709e-25
6.49454e-26
2.82372e-26
3.61853e-27
1.90588e-27
1.82553e-28
1.13328e-28
8.33738e-30
5.99462e-30
3.44689e-31
2.83719e-31
1.28979e-32
1.20684e-32
4.36611e-34
4.62854e-34
1.33631e-35
1.60366e-35
3.69228e-37
5.02805e-37
9.1848e-39
1.42612e-38
2.04568e-40
3.65163e-40
4.03804e-42
8.38806e-42
6.94206e-44
1.70828e-43
1.01106e-45
3.02388e-45
1.19453e-47
4.51482e-47
1.06813e-49
5.43625e-49
6.37713e-52
4.9222e-51
1.8767e-54
2.95492e-53
8.40712e-56
0.000109626
0.000177245
1.05338e-05
0.000121206
1.11806e-06
1.17565e-05
-4.13989e-09
1.21193e-06
-8.43873e-10
-1.94902e-08
9.72627e-11
-2.66431e-09
2.66493e-10
-5.46892e-10
2.83169e-11
1.28649e-10
-5.49715e-13
-1.54225e-10
-1.69397e-13
-3.52227e-12
-5.63268e-15
-2.25468e-13
3.51675e-16
-1.16548e-14
1.57568e-16
-6.23969e-16
1.2041e-16
-1.30961e-16
1.46247e-17
-1.23548e-17
1.58529e-18
-7.23713e-19
1.55639e-19
-4.26412e-22
1.42798e-20
1.44901e-21
1.21366e-21
2.40823e-22
9.48049e-23
2.76912e-23
6.7586e-24
2.59586e-24
4.37511e-25
2.08099e-25
2.56261e-26
1.45712e-26
1.35486e-27
8.99954e-28
6.45374e-29
4.93256e-29
2.76397e-30
2.40758e-30
1.06172e-31
1.04786e-31
3.64694e-33
4.06693e-33
1.11568e-34
1.40576e-34
3.0237e-36
4.31682e-36
7.21113e-38
1.17232e-37
1.49962e-39
2.80055e-39
2.68689e-41
5.83497e-41
4.07915e-43
1.04877e-42
5.12364e-45
1.60029e-44
5.13309e-47
2.02533e-46
3.86003e-49
2.0502e-48
1.93932e-51
1.56207e-50
4.84628e-54
7.96094e-53
1.95376e-55
0.000134495
0.000193288
4.79301e-05
0.000147296
2.9971e-06
3.99962e-05
1.61228e-07
3.77092e-06
-1.28197e-08
1.27962e-07
7.89223e-10
-2.20993e-08
1.82866e-09
-1.20162e-08
1.166e-09
-1.48119e-08
-3.42602e-11
-4.7264e-10
-1.02142e-12
-4.06622e-11
-3.29002e-14
-1.46048e-12
-2.43645e-16
-6.23295e-14
4.05476e-16
-2.83774e-15
3.97973e-16
-2.25651e-16
5.88447e-17
-2.63131e-17
7.12864e-18
-1.31386e-18
7.59975e-19
3.7323e-20
7.38191e-20
1.09378e-20
6.59907e-21
1.60351e-21
5.4257e-22
1.82007e-22
4.08143e-23
1.74286e-23
2.79245e-24
1.44882e-24
1.72917e-25
1.05906e-25
9.65384e-27
6.84865e-27
4.84449e-28
3.93099e-28
2.17921e-29
2.00622e-29
8.76133e-31
9.10828e-31
3.13723e-32
3.67563e-32
9.96019e-34
1.31598e-33
2.78776e-35
4.16585e-35
6.82567e-37
1.16026e-36
1.44747e-38
2.8231e-38
2.62259e-40
5.94408e-40
3.98565e-42
1.06874e-41
4.9492e-44
1.61151e-43
4.82894e-46
1.98562e-45
3.47467e-48
1.92303e-47
1.63902e-50
1.37429e-49
3.76643e-53
6.44002e-52
1.42435e-54
0.000144795
0.000200142
0.000106273
0.000184729
7.01353e-06
0.00010783
7.91155e-07
9.35593e-06
-1.00688e-07
9.08329e-07
1.564e-08
-1.2528e-07
2.58107e-08
-1.48687e-07
-9.9471e-10
-2.90491e-08
-1.99247e-11
-1.54436e-09
-1.09214e-12
-6.61625e-11
-4.5569e-14
-2.96833e-12
5.25781e-16
-1.49971e-13
4.29498e-16
-7.24625e-15
2.31287e-16
-5.88039e-16
1.69938e-16
-2.87483e-17
2.56341e-17
6.16387e-20
3.07432e-18
3.14802e-19
3.23925e-19
6.41744e-20
3.09908e-20
9.01178e-21
2.71441e-21
1.0366e-21
2.17197e-22
1.0268e-22
1.57899e-23
8.91461e-24
1.03721e-24
6.83269e-25
6.12869e-26
4.63819e-26
3.24576e-27
2.79318e-27
1.53607e-28
1.49302e-28
6.47638e-30
7.0841e-30
2.4241e-31
2.98054e-31
8.01978e-33
1.10964e-32
2.33176e-34
3.64334e-34
5.91361e-36
1.04962e-35
1.2951e-37
2.63498e-37
2.41647e-39
5.70823e-39
3.77071e-41
1.05314e-40
4.79273e-43
1.6246e-42
4.77072e-45
2.04125e-44
3.48958e-47
2.00866e-46
1.6657e-49
1.45264e-48
3.85468e-52
6.85295e-51
1.51738e-53
0.000145544
0.000202847
0.000127844
0.000201209
2.32034e-05
0.000155793
1.67328e-06
2.08405e-05
-9.98615e-08
2.43995e-06
-4.39125e-08
-1.40005e-07
2.6922e-08
-1.58059e-07
4.83933e-10
-1.50818e-08
2.79596e-11
-1.102e-09
1.28881e-12
-4.06676e-11
8.49931e-14
-2.02281e-12
7.788e-15
-1.06971e-13
1.01445e-15
-5.22197e-15
4.03567e-16
-3.94715e-16
2.98613e-16
-1.14071e-17
6.044e-17
3.83241e-18
8.84728e-18
1.40653e-18
1.07327e-18
2.69735e-19
1.14124e-19
3.89908e-20
1.08863e-20
4.69409e-21
9.37768e-22
4.88817e-22
7.28762e-23
4.46651e-23
5.09135e-24
3.60199e-24
3.18596e-25
2.56953e-25
1.78011e-26
1.62294e-26
8.85513e-28
9.08017e-28
3.91098e-29
4.49759e-29
1.52855e-30
1.97072e-30
5.26461e-32
7.62233e-32
1.58918e-33
2.59387e-33
4.1736e-35
7.72841e-35
9.44348e-37
2.00225e-36
1.81652e-38
4.46805e-38
2.91644e-40
8.4757e-40
3.80733e-42
1.34207e-41
3.88591e-44
1.72831e-43
2.90991e-46
1.74049e-45
1.4202e-48
1.28636e-47
3.35335e-51
6.19562e-50
1.39762e-52
0.00014256
0.000202177
0.000133483
0.000208373
5.6032e-05
0.000184687
2.05163e-06
4.88665e-05
-1.084e-07
4.25798e-06
-8.41935e-08
-1.34293e-08
-1.17801e-08
-5.35216e-08
4.25144e-10
-6.75802e-09
9.63889e-12
-5.73149e-10
3.39321e-13
-2.71874e-11
2.84751e-14
-1.624e-12
3.8533e-15
-8.73768e-14
9.10841e-16
-3.84037e-15
4.62822e-16
-2.01678e-16
3.29776e-16
1.06992e-17
8.63511e-17
1.09772e-17
1.54801e-17
3.38143e-18
2.23305e-18
6.86687e-19
2.75717e-19
1.09031e-19
2.98956e-20
1.44526e-20
2.8727e-21
1.64472e-21
2.45099e-22
1.62718e-22
1.85578e-23
1.40812e-23
1.24562e-24
1.06959e-24
7.40348e-26
7.1474e-26
3.89211e-27
4.2074e-27
1.80672e-28
2.18336e-28
7.38815e-30
9.9829e-30
2.65216e-31
4.01595e-31
8.31651e-33
1.41726e-32
2.26241e-34
4.36803e-34
5.2893e-36
1.16794e-35
1.04882e-37
2.68473e-37
1.73262e-39
5.23537e-39
2.32306e-41
8.51047e-41
2.4316e-43
1.12332e-42
1.86474e-45
1.15818e-44
9.30615e-48
8.75333e-47
2.247e-50
4.30553e-49
9.92297e-52
0.000136541
0.000194426
0.000132171
0.000209798
8.36848e-05
0.000187584
3.04417e-06
8.42116e-05
4.20416e-07
6.11469e-06
2.66208e-08
2.98788e-07
1.24277e-09
-3.64872e-08
1.19241e-10
-5.89079e-09
4.34419e-12
-5.20379e-10
4.83791e-13
-3.09186e-11
6.95519e-14
-1.89741e-12
1.03389e-14
-9.71378e-14
1.64174e-15
-3.37405e-15
6.40121e-16
4.85993e-17
4.73567e-16
4.90994e-17
1.14257e-16
2.21043e-17
2.19947e-17
6.17422e-18
3.58855e-18
1.31564e-18
5.07076e-19
2.29314e-19
6.24287e-20
3.36236e-20
6.70678e-21
4.20331e-21
6.29415e-22
4.51755e-22
5.16783e-23
4.20061e-23
3.71802e-24
3.39704e-24
2.34735e-25
2.39816e-25
1.30136e-26
1.48276e-26
6.33436e-28
8.04168e-28
2.70349e-29
3.82758e-29
1.00903e-30
1.59752e-30
3.27905e-32
5.83287e-32
9.21896e-34
1.85529e-33
2.2219e-35
5.10901e-35
4.53363e-37
1.20693e-36
7.69192e-39
2.41578e-38
1.05741e-40
4.02443e-40
1.13322e-42
5.43576e-42
8.88693e-45
5.72894e-44
4.53065e-47
4.42174e-46
1.11661e-49
2.21924e-48
5.21641e-51
0.000129383
0.000175767
0.000126218
0.000210293
0.000106607
0.000202667
8.94897e-06
0.000120226
6.56868e-07
9.48893e-06
2.8007e-08
7.95696e-07
5.08521e-10
-2.6652e-08
2.00496e-11
-7.4485e-09
3.64738e-12
-7.17286e-10
1.14591e-12
-5.22898e-11
1.97251e-13
-3.3007e-12
2.81633e-14
-1.42274e-13
3.54095e-15
-5.07368e-16
7.97679e-16
6.08085e-16
8.207e-16
1.88856e-16
1.71177e-16
4.49151e-17
3.28396e-17
1.13572e-17
5.70468e-18
2.44556e-18
8.7519e-19
4.48131e-19
1.168e-19
6.97071e-20
1.34896e-20
9.22677e-21
1.34881e-21
1.04485e-21
1.17073e-22
1.01856e-22
8.8489e-24
8.59676e-24
5.8392e-25
6.31216e-25
3.36977e-26
4.04604e-26
1.70143e-27
2.26935e-27
7.51116e-29
1.11423e-28
2.89247e-30
4.78838e-30
9.67742e-32
1.79686e-31
2.7957e-33
5.86476e-33
6.91236e-35
1.65469e-34
1.44452e-36
4.00029e-36
2.50652e-38
8.18306e-38
3.52062e-40
1.39155e-39
3.85041e-42
1.91746e-41
3.0786e-44
2.05953e-43
1.59895e-46
1.61884e-45
4.01061e-49
8.2697e-48
1.97684e-50
0.000117957
0.000130381
0.000117926
0.000208757
0.000110225
0.000209309
1.92937e-05
0.000139139
9.1699e-07
1.39404e-05
6.62686e-08
1.39829e-06
3.88039e-09
-3.25957e-09
3.98158e-10
-9.19603e-09
5.416e-11
-1.02426e-09
7.2805e-12
-7.78042e-11
8.80051e-13
-4.30818e-12
9.1615e-14
-5.18868e-14
9.63696e-15
2.078e-14
1.19893e-15
2.88246e-15
3.89942e-16
6.24534e-16
2.75719e-16
9.21479e-17
5.08143e-17
2.10338e-17
8.79926e-18
4.34559e-18
1.37863e-18
7.92731e-19
1.89822e-19
1.2495e-19
2.26854e-20
1.68896e-20
2.34717e-21
1.95954e-21
2.10589e-22
1.95944e-22
1.6429e-23
1.69679e-23
1.11727e-24
1.27786e-24
6.63408e-26
8.39674e-26
3.44185e-27
4.82283e-27
1.55894e-28
2.42378e-28
6.15103e-30
1.06498e-29
2.10584e-31
4.08244e-31
6.21765e-33
1.35986e-32
1.56936e-34
3.91233e-34
3.34433e-36
9.63592e-36
5.91203e-38
2.0065e-37
8.4522e-40
3.47077e-39
9.40167e-42
4.86162e-41
7.6401e-44
5.30493e-43
4.03036e-46
4.2341e-45
1.02575e-48
2.19532e-47
5.32106e-50
0.000109553
9.56533e-05
0.000112279
0.000206818
0.000102946
0.00020916
2.50767e-05
0.000137681
8.82785e-07
1.67664e-05
1.34289e-07
1.72642e-06
1.48749e-08
4.26069e-08
1.83415e-09
-7.12554e-09
2.21019e-10
-8.6101e-10
2.49689e-11
-5.3108e-11
2.60038e-12
-2.9314e-13
2.45455e-13
5.2039e-13
2.1734e-14
8.67018e-14
2.28782e-15
8.54377e-15
4.11873e-16
8.83176e-16
3.9643e-16
1.622e-16
6.70825e-17
3.25458e-17
1.10971e-17
6.23986e-18
1.71959e-18
1.10286e-18
2.39313e-19
1.73058e-19
2.9228e-20
2.36327e-20
3.10547e-21
2.79082e-21
2.86599e-22
2.85041e-22
2.29999e-23
2.52504e-23
1.60776e-24
1.94593e-24
9.80222e-26
1.30802e-25
5.21462e-27
7.68072e-27
2.4186e-28
3.94293e-28
9.7588e-30
1.76802e-29
3.41206e-31
6.90986e-31
1.02759e-32
2.34438e-32
2.64258e-34
6.86354e-34
5.73098e-36
1.71889e-35
1.03007e-37
3.63588e-37
1.49588e-39
6.38471e-39
1.6888e-41
9.07246e-41
1.39191e-43
1.00366e-42
7.44117e-46
8.11737e-45
1.9194e-48
4.26193e-47
1.04623e-49
9.94841e-05
7.43619e-05
0.000106693
0.000203686
9.50449e-05
0.000207975
2.33657e-05
0.000130476
7.34794e-07
1.59204e-05
1.73567e-07
1.76738e-06
2.6796e-08
9.05969e-08
3.45019e-09
2.98588e-10
4.07261e-10
-3.77578e-11
4.47499e-11
3.45843e-11
4.5079e-12
9.51724e-12
4.13649e-13
1.57386e-12
3.40285e-14
1.89773e-13
3.29337e-15
1.65686e-14
6.62574e-16
1.5761e-15
5.40035e-16
2.63141e-16
7.61624e-17
4.26318e-17
1.1226e-17
7.11998e-18
1.66275e-18
1.18277e-18
2.31454e-19
1.83264e-19
2.88893e-20
2.53204e-20
3.16222e-21
3.05638e-21
3.01225e-22
3.20136e-22
2.49338e-23
2.9101e-23
1.79471e-24
2.29944e-24
1.12447e-25
1.5827e-25
6.13451e-27
9.50402e-27
2.9121e-28
4.98127e-28
1.20037e-29
2.27736e-29
4.28051e-31
9.06205e-31
1.31278e-32
3.12667e-32
3.4331e-34
9.29812e-34
7.56369e-36
2.36271e-35
1.3795e-37
5.06784e-37
2.03056e-39
9.01614e-39
2.32215e-41
1.29673e-40
1.93736e-43
1.45151e-42
1.04769e-45
1.18728e-44
2.73169e-48
6.30096e-47
1.56233e-49
8.62563e-05
7.60956e-05
9.60754e-05
0.000199927
8.88515e-05
0.000206422
2.01495e-05
0.000114062
5.48883e-07
1.27727e-05
1.90702e-07
1.5473e-06
3.3042e-08
1.32697e-07
4.31376e-09
9.75502e-09
5.13774e-10
9.97491e-10
5.65895e-11
1.41243e-10
5.64899e-12
2.07947e-11
5.10644e-13
2.66924e-12
4.04777e-14
2.85782e-13
4.26045e-15
2.36032e-14
9.35724e-16
2.13016e-15
6.47691e-16
3.68332e-16
8.15503e-17
5.2027e-17
1.10469e-17
7.84302e-18
1.56813e-18
1.23144e-18
2.15997e-19
1.86751e-19
2.71157e-20
2.57261e-20
3.00532e-21
3.12149e-21
2.90477e-22
3.2986e-22
2.44031e-23
3.0287e-23
1.7819e-24
2.418e-24
1.13168e-25
1.6815e-25
6.25308e-27
1.01981e-26
3.00392e-28
5.39652e-28
1.2521e-29
2.48985e-29
4.51158e-31
9.9947e-31
1.3972e-32
3.47722e-32
3.68747e-34
1.04234e-33
8.19361e-36
2.66888e-35
1.50635e-37
5.7663e-37
2.23476e-39
1.0329e-38
2.5744e-41
1.49598e-40
2.16266e-43
1.68562e-42
1.17775e-45
1.38753e-44
3.09003e-48
7.41283e-47
1.84846e-49
7.85896e-05
8.82094e-05
8.93717e-05
0.000192364
7.56746e-05
0.000192526
1.21681e-05
7.83469e-05
2.56944e-07
7.48969e-06
1.37766e-07
1.10769e-06
2.67232e-08
1.32008e-07
3.74543e-09
1.40141e-08
4.65198e-10
1.55035e-09
5.17764e-11
2.03264e-10
5.19375e-12
2.7015e-11
4.74367e-13
3.21304e-12
3.87998e-14
3.28286e-13
4.25256e-15
2.74613e-14
9.76309e-16
2.48468e-15
6.52819e-16
4.26847e-16
8.00822e-17
5.76736e-17
1.07966e-17
8.52858e-18
1.53979e-18
1.32987e-18
2.12945e-19
2.00599e-19
2.67531e-20
2.74424e-20
2.96008e-21
3.30305e-21
2.85258e-22
3.46177e-22
2.3882e-23
3.15347e-23
1.73771e-24
2.4994e-24
1.0999e-25
1.72682e-25
6.05869e-27
1.04127e-26
2.90248e-28
5.48235e-28
1.20688e-29
2.51838e-29
4.33936e-31
1.00719e-30
1.3414e-32
3.49272e-32
3.53481e-34
1.04415e-33
7.84413e-36
2.66761e-35
1.44088e-37
5.75265e-37
2.1361e-39
1.02917e-38
2.45971e-41
1.48911e-40
2.06627e-43
1.67687e-42
1.12506e-45
1.38026e-44
2.9528e-48
7.37323e-47
1.83891e-49
6.38189e-05
0.000119533
7.74974e-05
0.000188093
5.56581e-05
0.00015341
1.66023e-06
3.46478e-05
5.45164e-08
4.22864e-06
5.66509e-08
6.65793e-07
1.26958e-08
9.20693e-08
2.01605e-09
1.08167e-08
2.56728e-10
1.2807e-09
2.78132e-11
1.68639e-10
2.70089e-12
2.15186e-11
2.41461e-13
2.45903e-12
2.23028e-14
2.40487e-13
2.61659e-15
2.08662e-14
6.63417e-16
1.8677e-15
5.38219e-16
3.99993e-16
6.74629e-17
5.443e-17
9.32112e-18
8.15254e-18
1.34966e-18
1.27819e-18
1.87161e-19
1.91778e-19
2.33924e-20
2.59244e-20
2.56555e-21
3.07548e-21
2.44768e-22
3.17577e-22
2.02867e-23
2.85199e-23
1.46191e-24
2.23103e-24
9.17042e-26
1.523e-25
5.0097e-27
9.08465e-27
2.38184e-28
4.73668e-28
9.83545e-30
2.15691e-29
3.51458e-31
8.55813e-31
1.08035e-32
2.94736e-32
2.83253e-34
8.75632e-34
6.2578e-36
2.22475e-35
1.14488e-37
4.7747e-37
1.69103e-39
8.50643e-39
1.94096e-41
1.22608e-40
1.62558e-43
1.37627e-42
8.83317e-46
1.12951e-44
2.31557e-48
6.02259e-47
1.50002e-49
4.63113e-05
0.000153209
6.37394e-05
0.000183582
2.62984e-05
9.01904e-05
-1.05947e-06
1.0851e-05
-6.55395e-08
2.04177e-06
6.77025e-09
3.3773e-07
3.54153e-09
4.80786e-08
7.03238e-10
5.88378e-09
9.16151e-11
7.49811e-10
9.72698e-12
1.00626e-10
9.32635e-13
1.26586e-11
8.56081e-14
1.41919e-12
1.04424e-14
1.33228e-13
1.1493e-15
1.24104e-14
5.08263e-16
1.29922e-15
3.50118e-16
2.93124e-16
4.63166e-17
4.16189e-17
6.71765e-18
6.48098e-18
9.95663e-19
1.03167e-18
1.38424e-19
1.54109e-19
1.71672e-20
2.05487e-20
1.86104e-21
2.39728e-21
1.7533e-22
2.43376e-22
1.43523e-23
2.15049e-23
1.02218e-24
1.65721e-24
6.34215e-26
1.11577e-25
3.42972e-27
6.57257e-27
1.61553e-28
3.38789e-28
6.6145e-30
1.52682e-29
2.34519e-31
6.00143e-31
7.15744e-33
2.04943e-32
1.86433e-34
6.04193e-34
4.09431e-36
1.52446e-35
7.44975e-38
3.25154e-37
1.09521e-39
5.76014e-39
1.25161e-41
8.26338e-41
1.04424e-43
9.23569e-43
5.65317e-46
7.55171e-45
1.47552e-48
4.01288e-47
9.94922e-50
5.93417e-05
0.000170482
4.89498e-05
0.000179619
5.12715e-06
5.72449e-05
-3.15452e-07
5.84235e-06
-3.52067e-08
1.11357e-06
-4.02995e-10
1.74241e-07
1.02723e-09
2.3492e-08
2.16452e-10
2.9237e-09
2.63091e-11
3.87546e-10
2.5644e-12
5.17646e-11
2.29956e-13
6.37793e-12
2.36934e-14
6.94251e-13
4.68152e-15
6.61277e-14
1.37304e-15
6.21594e-15
3.63573e-16
1.08793e-15
2.23394e-16
2.09275e-16
2.99825e-17
2.98721e-17
4.42958e-18
4.70093e-18
6.57927e-19
7.44739e-19
9.04302e-20
1.09324e-19
1.10206e-20
1.42495e-20
1.17214e-21
1.62351e-21
1.08385e-22
1.61118e-22
8.71724e-24
1.39397e-23
6.10813e-25
1.05357e-24
3.73338e-26
6.96956e-26
1.99139e-27
4.03992e-27
9.26283e-29
2.05219e-28
3.74897e-30
9.1266e-30
1.31518e-31
3.54419e-31
3.97557e-33
1.197e-32
1.02651e-34
3.49417e-34
2.23631e-36
8.73768e-36
4.03954e-38
1.84855e-37
5.89887e-40
3.25089e-39
6.70093e-42
4.63298e-41
5.56036e-44
5.14802e-43
2.99478e-46
4.18764e-45
7.779e-49
2.21463e-47
5.46179e-50
3.90961e-05
0.000170697
3.81951e-05
0.000163512
3.62716e-07
4.61708e-05
-1.27733e-07
4.40182e-06
-2.05075e-08
6.80388e-07
-1.26476e-09
9.06807e-08
2.31925e-10
1.09798e-08
4.84258e-11
1.36993e-09
4.63749e-12
1.82546e-10
3.09873e-13
2.38389e-11
2.01907e-14
2.851e-12
7.03839e-15
2.96367e-13
1.29778e-15
3.0051e-14
9.99862e-16
2.96704e-15
6.02525e-16
6.38853e-16
1.1647e-16
1.21483e-16
1.71615e-17
1.88981e-17
2.66493e-18
3.10536e-18
3.98607e-19
4.92524e-19
5.39264e-20
7.07926e-20
6.41379e-21
8.96327e-21
6.64473e-22
9.90638e-22
5.98886e-23
9.54759e-23
4.70245e-24
8.03815e-24
3.22256e-25
5.92488e-25
1.92989e-26
3.83051e-26
1.01035e-27
2.17436e-27
4.61978e-29
1.08368e-28
1.84083e-30
4.7362e-30
6.36625e-32
1.81047e-31
1.89934e-33
6.02723e-33
4.84578e-35
1.73649e-34
1.04419e-36
4.29094e-36
1.86738e-38
8.98034e-38
2.70196e-40
1.5639e-39
3.04372e-42
2.20901e-41
2.50645e-44
2.43497e-43
1.34063e-46
1.9665e-45
3.46007e-49
1.03328e-47
2.53093e-50
4.14109e-05
0.000168592
2.9179e-05
0.000122041
-1.02447e-06
2.77099e-05
-1.67723e-07
2.58387e-06
-2.17606e-08
3.54595e-07
-1.76534e-09
3.91827e-08
-8.22235e-11
4.35773e-09
-7.26446e-12
5.47693e-10
-1.48681e-12
7.30562e-11
-2.34642e-13
9.38116e-12
-2.15819e-14
1.09551e-12
2.13712e-15
1.15899e-13
1.78621e-15
1.17876e-14
5.4143e-16
1.42273e-15
4.01985e-16
4.44773e-16
5.9937e-17
6.93753e-17
9.58088e-18
1.16383e-17
1.53203e-18
1.95852e-18
2.27116e-19
3.06319e-19
2.99127e-20
4.26669e-20
3.44305e-21
5.20641e-21
3.44978e-22
5.54428e-22
3.01126e-23
5.15763e-23
2.2947e-24
4.20144e-24
1.52962e-25
3.00417e-25
8.92999e-27
1.88882e-26
4.56686e-28
1.04512e-27
2.0438e-29
5.0883e-29
7.98458e-31
2.17672e-30
2.71177e-32
8.15927e-32
7.95677e-34
2.66805e-33
1.99915e-35
7.56171e-35
4.24771e-37
1.84069e-36
7.49896e-39
3.79987e-38
1.07227e-40
6.53513e-40
1.19484e-42
9.12643e-42
9.7417e-45
9.95639e-44
5.16295e-47
7.96572e-46
1.32101e-49
4.14987e-48
1.00734e-50
3.44273e-05
0.000147299
9.70015e-06
3.80853e-05
-1.10274e-06
9.41376e-06
-1.53364e-07
1.31746e-06
-1.42998e-08
1.37168e-07
-1.12698e-09
1.32578e-08
-9.79524e-11
1.41216e-09
-1.20652e-11
1.80669e-10
-1.64378e-12
2.43333e-11
-1.91056e-13
3.11347e-12
-1.23192e-14
3.5761e-13
1.39998e-16
4.0968e-14
1.28027e-15
4.63004e-15
3.1744e-16
9.3983e-16
1.97769e-16
2.43616e-16
3.15119e-17
4.04035e-17
5.27072e-18
7.05775e-18
8.44244e-19
1.18417e-18
1.21908e-19
1.79615e-19
1.54606e-20
2.39928e-20
1.70879e-21
2.80074e-21
1.64551e-22
2.85662e-22
1.38359e-23
2.55181e-23
1.01833e-24
2.00202e-24
6.57372e-26
1.38275e-25
3.726e-27
8.42116e-27
1.85434e-28
4.52516e-28
8.09329e-30
2.14464e-29
3.08959e-31
8.95043e-31
1.02718e-32
3.27954e-32
2.95526e-34
1.0502e-33
7.29173e-36
2.91976e-35
1.52361e-37
6.98284e-37
2.64858e-39
1.41831e-38
3.73364e-41
2.40319e-40
4.10616e-43
3.3106e-42
3.30747e-45
3.56685e-44
1.73327e-47
2.82128e-46
4.3876e-50
1.45442e-48
3.49148e-51
1.39922e-05
3.85392e-05
9.60546e-07
7.27183e-06
-3.718e-08
1.56406e-06
-6.95589e-08
7.97746e-07
-5.31712e-09
4.44987e-08
-3.8201e-10
4.10165e-09
-3.81106e-11
4.2789e-10
-5.09804e-12
5.49599e-11
-6.82976e-13
7.39101e-12
-7.19437e-14
9.29363e-13
-2.52065e-15
1.14266e-13
2.38032e-15
1.29537e-14
6.93444e-16
1.96919e-15
5.48323e-16
7.27081e-16
9.24422e-17
1.26614e-16
1.63655e-17
2.32374e-17
2.82154e-18
4.16695e-18
4.43198e-19
6.82864e-19
6.13943e-20
9.89804e-20
7.42067e-21
1.2555e-20
7.81728e-22
1.39209e-21
7.19327e-23
1.35245e-22
5.79855e-24
1.15485e-23
4.10532e-25
8.6921e-25
2.55732e-26
5.77905e-26
1.40279e-27
3.39858e-27
6.77424e-29
1.76851e-28
2.87571e-30
8.13764e-30
1.07004e-31
3.30501e-31
3.47436e-33
1.18101e-32
9.77969e-35
3.69545e-34
2.36465e-36
1.00572e-35
4.84914e-38
2.35835e-37
8.28438e-40
4.70389e-39
1.14918e-41
7.8379e-41
1.24512e-43
1.06321e-42
9.89133e-46
1.12934e-44
5.11695e-48
8.81674e-47
1.27942e-50
4.49048e-49
1.06423e-51
1.25767e-06
1.8022e-05
2.6227e-07
5.17984e-06
-6.8837e-09
1.06555e-06
-1.11182e-08
1.59321e-07
-1.67746e-09
1.44721e-08
-1.11197e-10
1.21881e-09
-1.09254e-11
1.32085e-10
-1.54086e-12
1.7587e-11
-2.05484e-13
2.29132e-12
-1.67534e-14
2.90569e-13
3.57398e-16
3.57699e-14
1.41078e-15
4.80254e-15
3.77215e-16
1.11311e-15
2.4486e-16
3.62304e-16
4.61008e-17
7.02514e-17
8.58523e-18
1.35173e-17
1.46156e-18
2.385e-18
2.19419e-19
3.72218e-19
2.87322e-20
5.0822e-20
3.27963e-21
6.06726e-21
3.27223e-22
6.35125e-22
2.8636e-23
5.85063e-23
2.20473e-24
4.75822e-24
1.49684e-25
3.4254e-25
8.97395e-27
2.18667e-26
4.75304e-28
1.23897e-27
2.22264e-29
6.23091e-29
9.16015e-31
2.77857e-30
3.31671e-32
1.09636e-31
1.05009e-33
3.81472e-33
2.88757e-35
1.16463e-34
6.83232e-37
3.09825e-36
1.3732e-38
7.11391e-38
2.30259e-40
1.39155e-39
3.13908e-42
2.27727e-41
3.34662e-44
3.03804e-43
2.61882e-46
3.17766e-45
1.33574e-48
2.44566e-47
3.29485e-51
1.22917e-49
2.87189e-52
5.85689e-07
4.20815e-05
3.44477e-08
5.52366e-06
-1.14499e-08
8.26131e-07
-4.35447e-09
7.42191e-08
-3.76523e-10
5.47995e-09
-2.43197e-11
4.69229e-10
-2.86153e-12
5.58927e-11
-4.36616e-13
7.21596e-12
-5.16651e-14
8.82917e-13
-2.11335e-15
1.05548e-13
2.49577e-15
1.18603e-14
6.5477e-16
2.0407e-15
5.39093e-16
8.70629e-16
1.15065e-16
1.90413e-16
2.37489e-17
4.03732e-17
4.4049e-18
7.71384e-18
7.13442e-19
1.29068e-18
1.00358e-19
1.88112e-19
1.22926e-20
2.3946e-20
1.31702e-21
2.67467e-21
1.23964e-22
2.63321e-22
1.02879e-23
2.29365e-23
7.54858e-25
1.77289e-24
4.90571e-26
1.21861e-25
2.82637e-27
7.45828e-27
1.44356e-28
4.06635e-28
6.52938e-30
1.97417e-29
2.60982e-31
8.52294e-31
9.18668e-33
3.26415e-32
2.83366e-34
1.10492e-33
7.60599e-36
3.2886e-35
1.75973e-37
8.545e-37
3.46379e-39
1.91968e-38
5.69639e-41
3.67987e-40
7.62646e-43
5.91016e-42
7.99445e-45
7.74853e-44
6.15774e-47
7.97481e-46
3.09436e-49
6.04639e-48
7.52375e-52
2.99652e-50
6.89481e-53
2.47473e-06
0.000125985
1.98021e-08
1.5692e-05
-4.4146e-09
8.07115e-07
-8.95328e-10
6.28901e-08
-1.90194e-11
4.40111e-09
2.81089e-12
4.13284e-10
-3.28698e-15
5.08155e-11
-8.19011e-14
5.75632e-12
-1.04933e-14
5.66687e-13
8.29847e-16
5.60301e-14
1.18243e-15
5.44001e-15
3.58054e-16
1.18241e-15
2.61164e-16
4.74948e-16
6.06918e-17
1.12897e-16
1.2303e-17
2.34505e-17
2.136e-18
4.18147e-18
3.19519e-19
6.441e-19
4.15429e-20
8.64822e-20
4.72944e-21
1.01986e-20
4.74129e-22
1.06251e-21
4.20319e-23
9.82191e-23
3.30497e-24
8.08232e-24
2.30965e-25
5.93394e-25
1.4362e-26
3.89273e-26
7.94908e-28
2.28338e-27
3.91396e-29
1.19756e-28
1.71191e-30
5.61099e-30
6.63466e-32
2.34456e-31
2.2699e-33
8.71318e-33
6.81968e-35
2.86861e-34
1.78637e-36
8.32125e-36
4.04028e-38
2.11128e-37
7.78656e-40
4.63942e-39
1.25557e-41
8.71276e-41
1.65036e-43
1.37291e-42
1.70048e-45
1.76835e-44
1.28882e-47
1.79024e-46
6.3784e-50
1.33666e-48
1.52799e-52
6.52946e-51
1.47839e-53
1.34321e-05
0.000137245
5.91864e-07
5.40131e-05
1.88373e-08
1.47857e-06
1.88495e-09
1.02876e-07
2.21239e-10
7.29927e-09
1.71621e-11
7.75118e-10
5.83013e-13
7.96548e-11
3.20233e-14
7.00464e-12
-1.06582e-16
5.93321e-13
1.04457e-15
5.07608e-14
7.08477e-16
4.60052e-15
4.89521e-16
9.91374e-16
1.45986e-16
3.01657e-16
3.27567e-17
6.90632e-17
6.01886e-18
1.29639e-17
9.41673e-19
2.07613e-18
1.27974e-19
2.8953e-19
1.52769e-20
3.55682e-20
1.61281e-21
3.8763e-21
1.51238e-22
3.76489e-22
1.26336e-23
3.26904e-23
9.4191e-25
2.54299e-24
6.27457e-26
1.77468e-25
3.73616e-27
1.11188e-26
1.98793e-28
6.25452e-28
9.44176e-30
3.15709e-29
3.99544e-31
1.42818e-30
1.50208e-32
5.77805e-32
4.99665e-34
2.08429e-33
1.46263e-35
6.67564e-35
3.73982e-37
1.88769e-36
8.27042e-39
4.67746e-38
1.56085e-40
1.0055e-39
2.46805e-42
1.85011e-41
3.1852e-44
2.8604e-43
3.22606e-46
3.61961e-45
2.4059e-48
3.6045e-47
1.17255e-50
2.65014e-49
2.76695e-53
1.27589e-51
2.84102e-54
2.0779e-05
0.000141637
1.21919e-06
5.30536e-05
1.32009e-07
2.38748e-06
1.41735e-08
2.3869e-07
1.6746e-09
2.25096e-08
1.44451e-10
2.42949e-09
1.02551e-11
2.27849e-10
5.76352e-13
1.75224e-11
2.95441e-14
1.17088e-12
1.4217e-15
7.55817e-14
5.99176e-16
5.11355e-15
3.50232e-16
8.19698e-16
8.68294e-17
2.06642e-16
1.64093e-17
3.9694e-17
2.6149e-18
6.43585e-18
3.63537e-19
9.12105e-19
4.47353e-20
1.14707e-19
4.9064e-21
1.28951e-20
4.81346e-22
1.30096e-21
4.23272e-23
1.18057e-22
3.34009e-24
9.64996e-24
2.36665e-25
7.11095e-25
1.5059e-26
4.72571e-26
8.60172e-28
2.83219e-27
4.40663e-29
1.52992e-28
2.02159e-30
7.44131e-30
8.28621e-32
3.25341e-31
3.02485e-33
1.27552e-32
9.79176e-35
4.46944e-34
2.79472e-36
1.3935e-35
6.97981e-38
3.84333e-37
1.5101e-39
9.30509e-39
2.79221e-41
1.95763e-40
4.33135e-43
3.53046e-42
5.49046e-45
5.35721e-44
5.46792e-47
6.66204e-46
4.01342e-49
6.52726e-48
1.92652e-51
4.72662e-50
4.47806e-54
2.24302e-52
4.9095e-55
1.18118e-05
-7.38126e-07
5.5203e-08
1.00971e-08
8.54046e-10
5.3405e-11
2.54661e-12
9.87324e-14
2.11939e-16
-1.11216e-15
2.68323e-16
2.45644e-16
4.4404e-17
6.92155e-18
9.57991e-19
1.19144e-19
1.33741e-20
1.35686e-21
1.24437e-22
1.03131e-23
7.72073e-25
5.21801e-26
3.18124e-27
1.74774e-28
8.64015e-30
3.83603e-31
1.52552e-32
5.41519e-34
1.70799e-35
4.75841e-37
1.16192e-38
2.46145e-40
4.46243e-42
6.79545e-44
8.46574e-46
8.29431e-48
5.99448e-50
2.835e-52
6.49191e-55
)
;

boundaryField
{
    leftWall
    {
        type            calculated;
        value           nonuniform 0();
    }
    rightWall
    {
        type            calculated;
        value           uniform 0;
    }
    lowerWall
    {
        type            calculated;
        value           uniform 0;
    }
    atmosphere
    {
        type            calculated;
        value           nonuniform 0();
    }
    defaultFaces
    {
        type            empty;
        value           nonuniform 0();
    }
    procBoundary1to0
    {
        type            processor;
        value           nonuniform List<scalar> 
44
(
1.6716e-05
4.62734e-06
-2.2639e-05
-3.714e-05
-4.08508e-05
-3.97286e-05
-3.86497e-05
-3.99952e-05
-4.47349e-05
-5.28888e-05
-6.74268e-05
-8.435e-05
-9.86641e-05
-0.000110984
-0.000122868
-0.000135881
-0.000147984
-0.000153074
-0.000119772
-1.90086e-05
7.94718e-06
-8.99069e-06
-2.06912e-06
-4.21703e-07
-7.7993e-08
-1.37749e-08
-2.11514e-09
-2.05905e-09
-4.45805e-09
-1.95083e-09
-1.46514e-10
-1.17287e-11
-1.2785e-10
-1.28049e-10
-6.82849e-11
-2.38532e-10
-1.87317e-09
-1.87906e-09
-2.5611e-09
-3.87204e-09
-2.42546e-10
-1.30379e-09
-1.28046e-09
-1.107e-09
)
;
    }
    procBoundary1to3
    {
        type            processor;
        value           nonuniform List<scalar> 
45
(
-1.46385e-08
1.63013e-07
4.53761e-06
7.70453e-05
0.000139376
8.38045e-05
2.31802e-05
2.30375e-06
2.59463e-07
2.82921e-08
2.89346e-09
2.49128e-10
1.82408e-11
1.184e-12
6.8523e-14
4.12804e-15
6.79271e-16
1.2408e-16
1.95427e-17
2.73649e-18
3.45069e-19
3.93841e-20
4.07582e-21
3.82642e-22
3.25871e-23
2.51698e-24
1.76256e-25
1.11845e-26
6.4267e-28
3.34036e-29
1.56815e-30
6.63583e-32
2.52427e-33
8.60118e-35
2.613e-36
7.03504e-38
1.66546e-39
3.4314e-41
6.0689e-43
9.04325e-45
1.10568e-46
1.06629e-48
7.60761e-51
3.55951e-53
7.65514e-56
)
;
    }
}


// ************************************************************************* //
