/*--------------------------------*- C++ -*----------------------------------*\
| =========                 |                                                 |
| \\      /  F ield         | OpenFOAM: The Open Source CFD Toolbox           |
|  \\    /   O peration     | Version:  3.0.1                                 |
|   \\  /    A nd           | Web:      www.OpenFOAM.org                      |
|    \\/     M anipulation  |                                                 |
\*---------------------------------------------------------------------------*/
FoamFile
{
    version     2.0;
    format      ascii;
    class       volScalarField;
    location    "0.2";
    object      p;
}
// * * * * * * * * * * * * * * * * * * * * * * * * * * * * * * * * * * * * * //

dimensions      [1 -1 -2 0 0 0 0];

internalField   nonuniform List<scalar> 
1915
(
2852.95
2946.55
2738.71
2867.27
2745.86
2856.6
2792.83
2892.7
2802.67
2919.39
2747.16
2867.58
2632.1
2739.92
2468.37
2536.15
2252.79
2229.23
1986.53
1739.21
5.40855
5.40668
5.4035
5.39949
5.39488
5.38982
5.3845
5.3788
5.37261
5.36581
5.35831
5.35001
5.34087
5.33089
5.32008
5.30848
5.29616
5.28322
5.26974
5.25585
5.24166
5.22728
5.21284
5.19847
5.18427
5.17037
5.15689
5.14391
5.13155
5.11991
5.10905
5.09907
5.09002
5.08197
5.07498
5.06909
5.06434
5.06075
5.05836
5.05717
5.36251
5.36033
5.35689
5.35266
5.34794
5.34277
5.33748
5.33181
5.32566
5.31892
5.31146
5.3032
5.2941
5.28413
5.27332
5.26171
5.24937
5.23638
5.22286
5.2089
5.19464
5.1802
5.16571
5.15127
5.13701
5.12306
5.10952
5.09649
5.08409
5.0724
5.0615
5.05148
5.0424
5.03433
5.02731
5.0214
5.01663
5.01303
5.01063
5.00944
5.31662
5.31421
5.31053
5.30612
5.30121
5.29581
5.29053
5.28491
5.27885
5.27222
5.26486
5.25669
5.24765
5.23773
5.22692
5.21529
5.2029
5.18983
5.17621
5.16214
5.14776
5.13319
5.11855
5.10398
5.0896
5.07552
5.06186
5.04872
5.03621
5.02442
5.01344
5.00334
4.9942
4.98606
4.979
4.97304
4.96824
4.96462
4.9622
4.961
5.27218
5.26929
5.26481
5.25981
5.25445
5.24895
5.24357
5.23804
5.23215
5.2257
5.21852
5.2105
5.20156
5.19169
5.1809
5.16923
5.15676
5.14358
5.1298
5.11556
5.10099
5.08621
5.07137
5.0566
5.04201
5.02774
5.0139
5.00059
4.98792
4.97599
4.96487
4.95466
4.94541
4.93718
4.93004
4.92402
4.91917
4.91551
4.91307
4.91185
5.22885
5.22515
5.21942
5.21361
5.20766
5.20196
5.19652
5.19116
5.18552
5.17935
5.17244
5.16463
5.15584
5.14605
5.13527
5.12355
5.11097
5.09762
5.08364
5.06916
5.05432
5.03927
5.02415
5.0091
4.99425
4.97971
4.96562
4.95209
4.93921
4.92708
4.91579
4.90542
4.89602
4.88768
4.88043
4.87433
4.86941
4.8657
4.86323
4.862
5.187
5.18199
5.17458
5.16735
5.16059
5.15464
5.14923
5.14417
5.13893
5.13317
5.12662
5.1191
5.11051
5.10083
5.09006
5.07827
5.06554
5.05198
5.03773
5.02293
5.00777
4.99237
4.97689
4.96149
4.94629
4.93143
4.91703
4.90321
4.89006
4.87769
4.86618
4.8556
4.84604
4.83754
4.83017
4.82396
4.81896
4.81519
4.81267
4.81142
5.14642
5.13947
5.12946
5.12053
5.11283
5.10668
5.10151
5.09694
5.0923
5.08713
5.08108
5.07395
5.06562
5.05606
5.04531
5.03342
5.02049
5.00667
4.99209
4.97693
4.96133
4.9455
4.92959
4.91375
4.89814
4.88288
4.86811
4.85394
4.84046
4.8278
4.81602
4.80521
4.79543
4.78676
4.77923
4.7729
4.76779
4.76395
4.76138
4.7601
5.10818
5.09771
5.08324
5.07244
5.0638
5.05771
5.05309
5.04932
5.04557
5.04121
5.03584
5.0292
5.02119
5.01179
5.00104
4.98902
4.97586
4.9617
4.94672
4.93109
4.915
4.89865
4.88222
4.86588
4.84977
4.83405
4.81884
4.80425
4.7904
4.77739
4.7653
4.75422
4.7442
4.73531
4.72761
4.72113
4.7159
4.71197
4.70935
4.70804
5.06657
5.05305
5.03437
5.02209
5.0127
5.00714
5.00362
5.00114
4.99867
4.99542
4.99091
4.98491
4.9773
4.96807
4.95731
4.94513
4.93167
4.91711
4.90163
4.88546
4.86879
4.85183
4.8348
4.81786
4.80118
4.78491
4.76919
4.75414
4.73986
4.72645
4.71401
4.70261
4.69231
4.68318
4.67528
4.66863
4.66327
4.65924
4.65655
4.65521
5.02284
5.01129
4.98234
4.96813
4.95836
4.95423
4.9527
4.95219
4.95155
4.94975
4.94636
4.94114
4.934
4.92498
4.91419
4.90179
4.88796
4.87291
4.85685
4.84003
4.82268
4.80502
4.78729
4.76967
4.75234
4.73545
4.71916
4.70357
4.6888
4.67495
4.66211
4.65035
4.63975
4.63035
4.62222
4.61538
4.60988
4.60574
4.60298
4.6016
1653.74
974.746
1371.28
854.213
1175.96
882.881
1007.14
798.753
837.934
660.892
668.18
533.046
495.028
409.772
301.913
273.48
109.036
139.227
10.0096
39.5448
-0.928017
-8.73084
-10.2648
-10.673
-10.9292
-11.1771
-11.4207
-11.6088
-11.7188
-11.9459
-12.359
-12.7306
-13.1468
-13.9335
-15.1343
-16.0562
-16.0563
-15.602
-15.1048
-14.7729
-14.9302
-15.3535
-16.0412
1.52409
5.2836
4.90085
4.78817
77.0174
4.20353
4.90383
4.91969
286.862
24.3588
5.07403
4.96149
406.031
89.469
5.8426
4.94371
400.336
159.34
28.5703
4.13084
354.959
189.862
73.4054
12.1917
295.374
182.527
97.7247
32.186
214.902
147.404
92.7138
48.6501
126.897
96.1336
67.7934
48.9666
60.2581
51.0811
35.0942
30.7654
15.4125
26.2111
11.5128
5.14656
-5.50216
5.57507
3.87048
-16.2877
-9.96404
-6.97415
3.63969
-21.9041
-10.822
-10.583
-5.88838
-11.5299
-11.145
-11.3175
-10.1969
-6.1695
-11.4079
-11.5946
-11.5417
-8.42204
-11.6525
-11.8328
-12.1047
-10.8674
-11.8571
-12.0674
-12.4055
-12.113
-12.0185
-12.349
-12.7296
-12.8854
-12.3108
-12.7345
-13.1517
-13.7369
-12.752
-13.1837
-13.4528
-14.7254
-13.1383
-13.5503
-13.6674
-14.4604
-13.5605
-13.8977
-13.9334
-13.3103
-14.4732
-14.6701
-14.4539
-10.5859
-16.1517
-16.0825
-14.792
-9.36768
-18.2723
-18.7815
-18.2623
-25.0501
-17.4068
-25.4736
-46.113
-40.9821
-15.4356
-54.0752
-53.3694
-38.1514
-13.8221
-45.323
-40.3115
-22.923
-14.5575
-17.4477
-30.1241
-16.0089
-15.333
-14.6803
-20.4293
-14.2124
-15.9273
-14.8717
-14.242
-9.08864
-17.4399
-18.9083
-20.794
-12.029
4.94073
4.94529
4.92072
4.90658
4.89873
4.89754
4.89934
4.90195
4.90377
4.90387
4.90187
4.89759
4.89101
4.88221
4.87136
4.85867
4.84438
4.82873
4.81199
4.79441
4.77626
4.7578
4.73926
4.72086
4.70279
4.6852
4.66825
4.65206
4.63674
4.6224
4.60911
4.59696
4.58601
4.57632
4.56793
4.56089
4.55522
4.55096
4.54811
4.5467
4.92416
4.8777
4.85069
4.835
4.8314
4.83567
4.84288
4.85002
4.85517
4.85766
4.85736
4.8542
4.84825
4.83968
4.82873
4.81567
4.8008
4.78443
4.76685
4.74839
4.72931
4.70991
4.69045
4.67116
4.65224
4.63387
4.61618
4.59932
4.58338
4.56849
4.55471
4.54212
4.53079
4.52077
4.5121
4.50483
4.49898
4.49458
4.49165
4.49019
4.87323
4.79601
4.7639
4.75048
4.75385
4.76772
4.7833
4.79662
4.80609
4.81151
4.81319
4.81132
4.80607
4.79771
4.78658
4.77304
4.75746
4.74022
4.72166
4.70216
4.68202
4.66155
4.64104
4.62074
4.60088
4.58162
4.56311
4.5455
4.52889
4.51339
4.49907
4.486
4.47425
4.46387
4.4549
4.44738
4.44133
4.43679
4.43376
4.43225
4.77887
4.66063
4.64061
4.64389
4.66263
4.69264
4.72069
4.74209
4.75681
4.7657
4.76962
4.76914
4.76463
4.75645
4.74504
4.73088
4.71443
4.69615
4.67645
4.65572
4.63435
4.61266
4.59097
4.56954
4.54862
4.52838
4.50898
4.49054
4.4732
4.45703
4.44211
4.42853
4.41632
4.40556
4.39626
4.38847
4.38222
4.37751
4.37438
4.37282
4.6084
4.53041
4.45886
4.49552
4.55212
4.60995
4.65545
4.68707
4.70784
4.72056
4.72694
4.72794
4.72416
4.71608
4.70427
4.6893
4.67177
4.65223
4.63117
4.60905
4.58626
4.56319
4.54018
4.5175
4.49541
4.47409
4.4537
4.43437
4.41622
4.39934
4.38379
4.36964
4.35696
4.34577
4.33613
4.32805
4.32157
4.3167
4.31346
4.31184
5.40568
4.4224
4.23541
4.2999
4.42372
4.52188
4.58938
4.63244
4.65983
4.67651
4.68544
4.68799
4.6849
4.67681
4.6644
4.6484
4.62954
4.6085
4.58585
4.5621
4.53772
4.5131
4.4886
4.46454
4.44115
4.41865
4.39719
4.3769
4.35789
4.34023
4.324
4.30926
4.29606
4.28444
4.27442
4.26604
4.25932
4.25428
4.25092
4.24924
6.12004
4.22253
4.01895
4.12293
4.29647
4.43298
4.52562
4.5796
4.61328
4.63397
4.64544
4.64954
4.64711
4.63885
4.6256
4.60829
4.58781
4.56497
4.54046
4.51485
4.48865
4.46228
4.43615
4.41055
4.38576
4.36198
4.33936
4.31804
4.2981
4.27962
4.26267
4.2473
4.23356
4.22147
4.21107
4.20237
4.1954
4.19017
4.18669
4.18495
2.23493
3.54868
4.38119
4.04855
4.16659
4.33875
4.4629
4.53019
4.56862
4.59293
4.60715
4.61289
4.61107
4.60245
4.58807
4.5691
4.54661
4.52165
4.49497
4.46722
4.43896
4.41066
4.38271
4.35544
4.32913
4.30396
4.28011
4.25767
4.23675
4.21741
4.1997
4.18367
4.16936
4.15679
4.14598
4.13695
4.12972
4.1243
4.12069
4.1189
14.1474
5.54134
4.71475
4.03503
3.95245
4.24372
4.39496
4.48182
4.5257
4.55277
4.57035
4.57832
4.57714
4.56791
4.55202
4.53094
4.50597
4.47852
4.44931
4.41912
4.38855
4.35809
4.32815
4.29907
4.27111
4.24447
4.21929
4.19569
4.17374
4.15349
4.135
4.11828
4.10337
4.0903
4.07907
4.06971
4.06221
4.05659
4.05286
4.051
17.2369
-7.31834
3.1172
4.04046
3.94278
4.23699
4.32015
4.41924
4.47911
4.51246
4.53482
4.5462
4.54589
4.53565
4.51769
4.49396
4.46618
4.43555
4.40338
4.37041
4.33725
4.30442
4.27231
4.24127
4.21156
4.18336
4.15679
4.13196
4.10893
4.08775
4.06843
4.05101
4.0355
4.02191
4.01026
4.00055
3.99278
3.98696
3.98309
3.98116
8.25978
-11.3153
3.75191
4.58166
4.26361
4.21116
4.17018
4.31948
4.42005
4.47102
4.50186
4.51761
4.51815
4.50626
4.48537
4.45816
4.42669
4.39255
4.357
4.3209
4.28488
4.24945
4.21501
4.18188
4.15031
4.12046
4.09245
4.06635
4.04221
4.02005
3.99989
3.98175
3.96562
3.95152
3.93943
3.92937
3.92133
3.91531
3.9113
3.90932
-10.0918
-10.2688
-4.08627
4.44454
4.57598
3.75357
3.86597
4.18064
4.35112
4.43105
4.47518
4.49523
4.49526
4.4804
4.45536
4.42362
4.38769
4.34936
4.30994
4.27034
4.23118
4.19294
4.15602
4.12068
4.08716
4.05561
4.0261
3.99869
3.97341
3.95027
3.92927
3.91039
3.89365
3.87902
3.8665
3.85609
3.84777
3.84155
3.83741
3.83536
-32.2914
-19.6788
-16.9527
5.02263
3.43102
2.4735
3.45854
4.06359
4.29756
4.40502
4.46154
4.48301
4.47916
4.45881
4.42787
4.3903
4.34893
4.30569
4.2619
4.21843
4.17586
4.13464
4.09508
4.05744
4.02191
3.98859
3.95755
3.92882
3.9024
3.87826
3.85641
3.83681
3.81945
3.8043
3.79135
3.78059
3.77201
3.76558
3.76132
3.7592
-47.3656
-34.9552
-28.4231
1.94953
1.25786
2.0542
3.49152
4.07709
4.30571
4.41521
4.46991
4.48472
4.47147
4.44202
4.40287
4.35789
4.31
4.26112
4.21246
4.16477
4.11857
4.07419
4.03189
3.99189
3.9543
3.9192
3.88662
3.85656
3.82899
3.80388
3.78118
3.76087
3.7429
3.72725
3.71388
3.70279
3.69394
3.68732
3.68293
3.68075
-55.9067
-51.1359
-36.2467
-6.06407
0.596001
2.95289
3.79141
4.1958
4.38568
4.46865
4.50335
4.50117
4.47213
4.4296
4.37974
4.32573
4.27026
4.21504
4.16107
4.10889
4.05887
4.01122
3.96613
3.92372
3.88406
3.84719
3.8131
3.78173
3.75304
3.72696
3.70345
3.68244
3.66388
3.64774
3.63398
3.62256
3.61346
3.60666
3.60215
3.59991
-47.564
-62.7333
-37.7235
-11.9893
2.02605
3.78478
4.0805
4.36454
4.51935
4.55789
4.55767
4.52921
4.47912
4.42004
4.35714
4.29268
4.22876
4.16668
4.10706
4.05021
3.99626
3.94531
3.89741
3.85262
3.81093
3.77233
3.73675
3.70411
3.67434
3.64735
3.62305
3.60138
3.58227
3.56567
3.55152
3.5398
3.53046
3.52349
3.51887
3.51657
-26.554
-67.4014
-37.4611
-14.4133
3.59009
4.62561
4.45741
4.59061
4.69079
4.67229
4.62532
4.56367
4.48865
4.41058
4.33303
4.25718
4.1843
4.11505
4.04964
3.98805
3.9302
3.87598
3.82535
3.77825
3.7346
3.69434
3.65734
3.62351
3.59272
3.56487
3.53984
3.51756
3.49793
3.48091
3.46641
3.45441
3.44486
3.43773
3.433
3.43065
-15.9126
-57.5251
-34.4048
-14.7939
3.92427
5.22265
4.87481
4.87126
4.885
4.79764
4.69847
4.59792
4.49582
4.39767
4.30484
4.21733
4.13539
4.05901
3.9879
3.92171
3.86008
3.80275
3.74952
3.70024
3.65476
3.61295
3.57465
3.53972
3.508
3.47936
3.45367
3.43083
3.41074
3.39333
3.37853
3.36627
3.35653
3.34926
3.34444
3.34204
-12.603
-39.8064
-26.0177
-11.3978
3.49122
5.83506
5.35018
5.22177
5.09361
4.91815
4.76328
4.62384
4.49487
4.37716
4.2696
4.17094
4.08042
3.99733
3.9209
3.85041
3.78529
3.72509
3.66949
3.61823
3.5711
3.5279
3.48844
3.45253
3.41998
3.39065
3.36438
3.34106
3.32057
3.30283
3.28776
3.27529
3.26538
3.258
3.2531
3.25066
-12.8327
-30.7133
-15.1003
-2.49767
6.57017
6.66906
5.83648
5.53385
5.2601
5.00977
4.80634
4.63213
4.47953
4.34468
4.22423
4.11581
4.01777
3.92878
3.84766
3.7734
3.70522
3.64251
3.58484
3.53187
3.48332
3.43893
3.39848
3.36174
3.3285
3.29859
3.27184
3.24812
3.2273
3.20929
3.194
3.18136
3.17133
3.16384
3.15888
3.15642
-15.9828
-24.7502
-8.55487
3.42557
9.56736
7.04948
6.1621
5.73881
5.34993
5.05069
4.81306
4.61395
4.44401
4.29625
4.16592
4.04988
3.9459
3.8522
3.76729
3.68996
3.61927
3.55452
3.49517
3.44081
3.39112
3.34579
3.30455
3.26715
3.23338
3.20302
3.1759
3.15187
3.13081
3.1126
3.09715
3.08439
3.07426
3.06671
3.0617
3.05922
-34.2551
-23.3666
-6.57646
2.53354
8.4406
6.69643
6.21805
5.75039
5.3368
5.02692
4.77478
4.56369
4.38434
4.22896
4.09247
3.97151
3.86355
3.76659
3.679
3.59946
3.52695
3.46069
3.40011
3.34476
3.29424
3.24823
3.20644
3.1686
3.13445
3.10379
3.07643
3.05221
3.03099
3.01266
2.99712
2.98429
2.9741
2.96651
2.96148
2.95899
-45.7533
-18.8838
-2.82295
3.90342
6.8373
6.2291
6.0289
5.60368
5.23464
4.93973
4.69072
4.47963
4.29873
4.14123
4.0026
3.87962
3.76983
3.67122
3.58218
3.50138
3.4278
3.36067
3.29937
3.24343
3.19244
3.14607
3.10398
3.0659
3.03158
3.00078
2.97332
2.94903
2.92775
2.90938
2.89381
2.88097
2.87077
2.86317
2.85814
2.85565
-30.2586
-8.19621
0.553355
5.79163
6.08707
5.97965
5.75868
5.38574
5.06908
4.79922
4.56506
4.36304
4.18739
4.03287
3.89589
3.77375
3.66427
3.56565
3.47642
3.39536
3.32152
3.25416
3.19268
3.13661
3.08554
3.03911
2.99701
2.95894
2.92464
2.89388
2.86646
2.84222
2.821
2.80268
2.78717
2.77436
2.7642
2.75664
2.75163
2.74914
-15.714
-4.7321
2.45495
6.59097
5.75622
5.77305
5.46059
5.12646
4.85342
4.61446
4.40314
4.21699
4.05206
3.90481
3.77278
3.65402
3.54683
3.44975
3.36155
3.28122
3.20791
3.14098
3.07987
3.02414
2.97338
2.92724
2.88541
2.84759
2.81353
2.78299
2.75577
2.73171
2.71066
2.69249
2.67711
2.66441
2.65434
2.64684
2.64188
2.63942
-12.4481
-3.97344
3.50096
5.63471
5.31652
5.38298
5.08437
4.81585
4.59303
4.39302
4.21102
4.0458
3.89563
3.75889
3.63442
3.52111
3.41786
3.32366
3.2376
3.1589
3.08689
3.02103
2.96085
2.90591
2.85586
2.81036
2.76909
2.73178
2.69817
2.66804
2.64119
2.61745
2.59669
2.57876
2.56359
2.55107
2.54113
2.53374
2.52885
2.52642
-8.83474
0.826534
3.92237
4.44212
4.73416
4.80029
4.63081
4.46017
4.29955
4.14523
3.99639
3.85492
3.72187
3.59766
3.48246
3.37605
3.278
3.18776
3.10476
3.0285
2.9585
2.89432
2.83557
2.78189
2.73294
2.68841
2.648
2.61145
2.57851
2.54898
2.52266
2.49939
2.47902
2.46145
2.44657
2.43429
2.42455
2.4173
2.4125
2.41012
-9.90765
1.52682
3.2735
3.61651
4.11898
4.19693
4.16632
4.08998
3.99303
3.88441
3.76826
3.6505
3.53496
3.42394
3.3188
3.22013
3.12809
3.04258
2.9634
2.89026
2.82287
2.76091
2.70409
2.65209
2.60461
2.56138
2.52211
2.48657
2.45453
2.42579
2.40016
2.37749
2.35765
2.34053
2.32602
2.31405
2.30456
2.29749
2.29282
2.2905
-6.27764
0.91899
2.67379
3.01306
3.45195
3.64933
3.73756
3.73667
3.69384
3.62366
3.53535
3.43845
3.33896
3.24051
3.14533
3.05462
2.96901
2.88876
2.81393
2.74446
2.6802
2.62095
2.5665
2.51657
2.47092
2.4293
2.39146
2.35717
2.32624
2.29846
2.27369
2.25176
2.23257
2.21599
2.20195
2.19036
2.18117
2.17432
2.16979
2.16754
-3.66462
1.08831
2.01211
2.39353
2.83707
3.20129
3.37723
3.42606
3.41838
3.37337
3.30451
3.22343
3.13707
3.04963
2.96367
2.88072
2.80163
2.72692
2.65683
2.59145
2.53076
2.47465
2.42294
2.37546
2.33196
2.29224
2.25608
2.22328
2.19366
2.16703
2.14326
2.12222
2.10378
2.08786
2.07436
2.06321
2.05437
2.04779
2.04343
2.04127
-3.18025
3.86979
1.81045
1.93456
2.47616
2.92609
3.12076
3.1767
3.17614
3.13893
3.07927
3.00793
2.93116
2.85272
2.77496
2.6993
2.62666
2.55763
2.49254
2.4316
2.37484
2.32222
2.27363
2.2289
2.18786
2.15031
2.11608
2.08498
2.05686
2.03155
2.00894
1.9889
1.97134
1.95615
1.94327
1.93264
1.9242
1.91791
1.91375
1.91169
-1.57396
8.68375
2.80167
2.27962
2.57425
2.87486
2.97625
2.98666
2.96379
2.91815
2.85859
2.79172
2.72147
2.65029
2.57976
2.51095
2.44463
2.38136
2.3215
2.26527
2.21276
2.16396
2.11878
2.0771
2.03878
2.00365
1.97157
1.94237
1.91592
1.8921
1.87078
1.85187
1.83528
1.82093
1.80875
1.79868
1.79069
1.78474
1.7808
1.77885
-1.66343
5.29643
3.88184
3.21856
2.96785
2.93281
2.87742
2.8192
2.76168
2.70077
2.63717
2.57219
2.50687
2.44196
2.37812
2.31593
2.25592
2.19853
2.14411
2.09285
2.04487
2.00015
1.95866
1.92029
1.88493
1.85243
1.82269
1.79559
1.77099
1.74878
1.72888
1.71121
1.69569
1.68225
1.67083
1.6614
1.65391
1.64832
1.64462
1.64278
)
;

boundaryField
{
    leftWall
    {
        type            calculated;
        value           nonuniform 0();
    }
    rightWall
    {
        type            calculated;
        value           nonuniform List<scalar> 
43
(
5.05717
5.00944
4.961
4.91185
4.862
4.81142
4.7601
4.70804
4.65521
4.6016
4.5467
4.49019
4.43225
4.37282
4.31184
4.24924
4.18495
4.1189
4.051
3.98116
3.90932
3.83536
3.7592
3.68075
3.59991
3.51657
3.43065
3.34204
3.25066
3.15642
3.05922
2.95899
2.85565
2.74914
2.63942
2.52642
2.41012
2.2905
2.16754
2.04127
1.91169
1.77885
1.64278
)
;
    }
    lowerWall
    {
        type            calculated;
        value           nonuniform List<scalar> 
66
(
2866.82
2966.98
2946.55
2867.27
2856.6
2892.7
2919.39
2867.58
2739.92
2536.15
2229.23
1739.21
10.9786
5.30756
4.92482
4.81214
5.40855
5.36251
5.31662
5.27218
5.22885
5.187
5.14642
5.10818
5.06657
5.02284
5.43209
5.43022
5.42704
5.42303
5.41842
5.41337
5.40804
5.40234
5.39615
5.38936
5.38185
5.37355
5.36442
5.35443
5.34362
5.33202
5.31971
5.30676
5.29328
5.2794
5.2652
5.25083
5.23639
5.22201
5.20782
5.19392
5.18043
5.16746
5.1551
5.14345
5.1326
5.12261
5.11357
5.10552
5.09853
5.09263
5.08788
5.0843
5.0819
5.08071
)
;
    }
    atmosphere
    {
        type            calculated;
        value           nonuniform 0();
    }
    defaultFaces
    {
        type            empty;
    }
    procBoundary1to0
    {
        type            processor;
        value           nonuniform List<scalar> 
44
(
2834.83
2770.61
2737.13
2733.08
2706.45
2639.54
2538.05
2406.36
2240.97
2037.72
1794.76
1549.78
1345.24
1160.88
966.775
761.692
547.512
286.28
53.4713
-1.71684
-6.83814
-6.83814
-9.51851
-10.1493
-10.4152
-10.6302
-10.8673
-11.1095
-11.3006
-11.4219
-11.6128
-11.9875
-12.3103
-12.6867
-13.272
-14.0393
-14.6589
-14.8162
-14.5547
-14.1329
-14.0585
-14.3227
-14.6933
-14.9524
)
;
    }
    procBoundary1to3
    {
        type            processor;
        value           nonuniform List<scalar> 
45
(
-16.8627
-19.9821
-27.3822
-36.4147
-24.4225
-1.54128
1.80186
3.48236
3.2948
3.03776
2.85106
2.71984
2.62364
2.54422
2.47361
2.40809
2.34573
2.28549
2.22687
2.16974
2.11426
2.06073
2.00947
1.96074
1.91473
1.87153
1.83116
1.79359
1.75875
1.72655
1.69688
1.66966
1.64479
1.62217
1.60171
1.58335
1.56702
1.55266
1.54021
1.52962
1.52086
1.5139
1.50871
1.50527
1.50357
)
;
    }
}


// ************************************************************************* //
