/*--------------------------------*- C++ -*----------------------------------*\
| =========                 |                                                 |
| \\      /  F ield         | OpenFOAM: The Open Source CFD Toolbox           |
|  \\    /   O peration     | Version:  3.0.1                                 |
|   \\  /    A nd           | Web:      www.OpenFOAM.org                      |
|    \\/     M anipulation  |                                                 |
\*---------------------------------------------------------------------------*/
FoamFile
{
    version     2.0;
    format      ascii;
    class       volScalarField;
    location    "0.2";
    object      p_rgh;
}
// * * * * * * * * * * * * * * * * * * * * * * * * * * * * * * * * * * * * * //

dimensions      [1 -1 -2 0 0 0 0];

internalField   nonuniform List<scalar> 
1915
(
2866.82
2966.98
2807.12
2937.49
2863.21
2973.66
2957.58
3055.43
3014.56
3128.67
3006.14
3123.46
2938.17
3042.43
2821.53
2885.21
2653.03
2624.89
2433.86
2183.27
5.43209
5.43022
5.42704
5.42303
5.41842
5.41337
5.40804
5.40234
5.39615
5.38936
5.38185
5.37355
5.36442
5.35443
5.34362
5.33202
5.31971
5.30676
5.29328
5.2794
5.2652
5.25083
5.23639
5.22201
5.20782
5.19392
5.18043
5.16746
5.1551
5.14345
5.1326
5.12261
5.11357
5.10552
5.09853
5.09263
5.08788
5.0843
5.0819
5.08071
5.43314
5.43096
5.42752
5.42329
5.41857
5.4134
5.40811
5.40244
5.39629
5.38955
5.38209
5.37383
5.36473
5.35476
5.34395
5.33234
5.32
5.30701
5.29349
5.27953
5.26528
5.25084
5.23634
5.2219
5.20765
5.19369
5.18015
5.16712
5.15472
5.14303
5.13213
5.12211
5.11303
5.10496
5.09794
5.09203
5.08726
5.08366
5.08126
5.08007
5.43434
5.43192
5.42825
5.42384
5.41893
5.41353
5.40825
5.40263
5.39657
5.38993
5.38258
5.37441
5.36537
5.35544
5.34464
5.33301
5.32061
5.30755
5.29393
5.27986
5.26548
5.2509
5.23627
5.2217
5.20732
5.19323
5.17957
5.16644
5.15393
5.14214
5.13116
5.12106
5.11191
5.10378
5.09671
5.09076
5.08596
5.08234
5.07992
5.07872
5.43699
5.43409
5.42962
5.42461
5.41925
5.41375
5.40838
5.40285
5.39695
5.3905
5.38333
5.3753
5.36637
5.3565
5.34571
5.33404
5.32156
5.30838
5.29461
5.28036
5.26579
5.25102
5.23618
5.2214
5.20682
5.19254
5.1787
5.16539
5.15273
5.14079
5.12968
5.11946
5.11021
5.10199
5.09484
5.08883
5.08397
5.08032
5.07787
5.07666
5.44075
5.43704
5.43131
5.4255
5.41955
5.41385
5.40842
5.40305
5.39742
5.39124
5.38433
5.37652
5.36773
5.35794
5.34717
5.33544
5.32286
5.30951
5.29553
5.28105
5.26621
5.25117
5.23605
5.22099
5.20614
5.19161
5.17751
5.16398
5.1511
5.13897
5.12768
5.11731
5.10792
5.09957
5.09233
5.08623
5.08131
5.07759
5.07512
5.07389
5.44598
5.44097
5.43355
5.42633
5.41957
5.41362
5.40821
5.40315
5.39791
5.39215
5.3856
5.37808
5.36949
5.35981
5.34904
5.33725
5.32452
5.31096
5.29671
5.28191
5.26675
5.25135
5.23587
5.22047
5.20527
5.19041
5.17601
5.16219
5.14904
5.13666
5.12515
5.11458
5.10502
5.09652
5.08915
5.08294
5.07794
5.07416
5.07165
5.0704
5.45248
5.44554
5.43552
5.42659
5.41889
5.41275
5.40758
5.403
5.39837
5.3932
5.38715
5.38001
5.37168
5.36213
5.35137
5.33948
5.32656
5.31273
5.29815
5.283
5.2674
5.25156
5.23565
5.21982
5.2042
5.18895
5.17417
5.16
5.14653
5.13386
5.12209
5.11127
5.1015
5.09282
5.0853
5.07896
5.07386
5.07001
5.06745
5.06617
5.46133
5.45086
5.4364
5.42559
5.41695
5.41086
5.40624
5.40248
5.39872
5.39437
5.38899
5.38235
5.37434
5.36494
5.35419
5.34218
5.32901
5.31485
5.29987
5.28424
5.26816
5.25181
5.23538
5.21903
5.20293
5.1872
5.17199
5.1574
5.14355
5.13054
5.11846
5.10737
5.09735
5.08846
5.08076
5.07428
5.06906
5.06512
5.0625
5.06119
5.46681
5.45329
5.43461
5.42233
5.41294
5.40738
5.40386
5.40138
5.39891
5.39566
5.39115
5.38515
5.37753
5.36831
5.35755
5.34537
5.33191
5.31735
5.30187
5.2857
5.26902
5.25207
5.23504
5.2181
5.20142
5.18515
5.16943
5.15438
5.14009
5.12669
5.11425
5.10285
5.09255
5.08342
5.07552
5.06887
5.06351
5.05948
5.05679
5.05545
5.47017
5.45861
5.42966
5.41545
5.40569
5.40156
5.40002
5.39951
5.39887
5.39708
5.39369
5.38846
5.38133
5.37231
5.36152
5.34912
5.33529
5.32023
5.30418
5.28736
5.27
5.25235
5.23461
5.21699
5.19967
5.18278
5.16648
5.15089
5.13612
5.12228
5.10944
5.09768
5.08708
5.07768
5.06955
5.06271
5.05721
5.05307
5.05031
5.04893
2148.58
1469.58
1914.26
1397.2
1767.55
1474.48
1647.78
1439.39
1528.08
1351.04
1408.3
1273.16
1285.57
1200.32
1143.37
1114.95
984.568
1031.99
222.78
653.535
52.5351
-4.29934
-8.35213
-9.37519
-9.69484
-9.90587
-10.0907
-10.2105
-10.2699
-10.4236
-10.5186
-10.8876
-11.4796
-12.2096
-13.35
-14.2107
-14.1476
-13.6234
-13.0643
-12.6641
-12.7578
-13.0659
-13.429
196.74
5.77843
5.39569
5.283
498.813
33.4113
5.44682
5.46268
878.837
200.694
5.66562
5.55308
1046.75
695.486
154.347
5.58436
1090.69
848.677
587.956
89.5779
1095.09
929.935
811.306
381.44
1085.93
973.15
887.492
817.544
1056.28
988.697
933.881
888.395
1019.65
988.57
959.275
939.68
1001.81
994.462
977.51
970.806
416.149
979.892
1003.54
995.034
9.39538
333.684
942.731
1021.59
-6.18941
5.71623
490.24
1033
-9.26518
-6.28916
9.49056
758.631
-9.77929
-9.36922
-6.31202
334.577
-10.1074
-10.2495
-9.88072
-3.16205
-10.3188
-10.4856
-10.6325
-8.59994
-10.4604
-10.6658
-10.9647
-10.4996
-10.5683
-10.8944
-11.264
-11.3798
-10.7868
-11.2146
-11.6263
-12.204
-10.8527
-11.517
-11.8609
-13.1167
-11.1679
-11.6959
-12.0044
16.8442
-11.8281
-12.197
-12.2282
139.726
-12.7493
-12.9433
-4.09352
624.824
-14.3661
-14.2916
2.69906
1117.49
-16.4243
-16.9273
42.5339
1094.76
110.661
28.4025
445.792
720.485
188.819
438.33
921.238
517.753
59.6882
949.767
986.676
957.261
-12.4486
1026.78
1045.34
1049.14
-13.1589
936.295
1078.91
1086.25
-13.6425
427.623
1125.49
1127.39
-11.3516
40.1339
1079.26
1154.29
5.43557
5.44013
5.41556
5.40142
5.39357
5.39238
5.39418
5.39679
5.39861
5.39871
5.3967
5.39243
5.38585
5.37705
5.3662
5.35351
5.33922
5.32357
5.30682
5.28924
5.27109
5.25263
5.23409
5.21569
5.19762
5.18004
5.16309
5.14689
5.13158
5.11723
5.10395
5.09179
5.08085
5.07115
5.06277
5.05572
5.05006
5.04579
5.04295
5.04153
5.46715
5.42069
5.39367
5.37799
5.37439
5.37866
5.38587
5.39301
5.39816
5.40065
5.40034
5.39719
5.39124
5.38267
5.37171
5.35866
5.34379
5.32742
5.30984
5.29138
5.2723
5.2529
5.23344
5.21415
5.19523
5.17686
5.15917
5.1423
5.12637
5.11148
5.0977
5.08511
5.07378
5.06375
5.05509
5.04782
5.04197
5.03757
5.03463
5.03318
5.46485
5.3876
5.35549
5.34207
5.34544
5.35931
5.37489
5.38821
5.39768
5.4031
5.40478
5.40291
5.39766
5.3893
5.37817
5.36463
5.34905
5.33181
5.31325
5.29375
5.27361
5.25314
5.23263
5.21233
5.19247
5.17321
5.1547
5.13709
5.12048
5.10498
5.09065
5.07759
5.06584
5.05546
5.04649
5.03897
5.03292
5.02837
5.02535
5.02384
5.41953
5.30136
5.28125
5.28453
5.30328
5.33328
5.36133
5.38273
5.39745
5.40634
5.41026
5.40978
5.40527
5.39709
5.38569
5.37152
5.35507
5.33679
5.31709
5.29636
5.27499
5.2533
5.23161
5.21019
5.18926
5.16902
5.14962
5.13119
5.11384
5.09767
5.08276
5.06917
5.05697
5.0462
5.0369
5.02911
5.02286
5.01816
5.01502
5.01346
5.29452
5.22321
5.14905
5.1857
5.24227
5.3001
5.3456
5.37722
5.39799
5.41071
5.41709
5.41809
5.41431
5.40623
5.39441
5.37945
5.36192
5.34238
5.32132
5.29919
5.27641
5.25334
5.23033
5.20765
5.18556
5.16423
5.14385
5.12452
5.10637
5.08948
5.07394
5.05979
5.0471
5.03592
5.02628
5.0182
5.01172
5.00685
5.00361
5.00199
15.9619
5.20289
4.97948
5.04058
5.16389
5.26201
5.32949
5.37256
5.39994
5.41662
5.42556
5.4281
5.42501
5.41692
5.40451
5.38852
5.36966
5.34861
5.32597
5.30222
5.27783
5.25321
5.22872
5.20465
5.18127
5.15877
5.13731
5.11702
5.098
5.08035
5.06412
5.04938
5.03618
5.02455
5.01454
5.00616
4.99944
4.99439
4.99103
4.98936
231.998
8.12186
4.87054
4.92169
5.08776
5.22362
5.31619
5.37015
5.40382
5.42452
5.43598
5.44009
5.43766
5.42939
5.41615
5.39884
5.37836
5.35552
5.33101
5.3054
5.27919
5.25283
5.22669
5.2011
5.17631
5.15253
5.12991
5.10858
5.08864
5.07017
5.05322
5.03785
5.02411
5.01202
5.00162
4.99292
4.98595
4.98072
4.97723
4.9755
684.3
91.7305
6.53992
4.94257
5.01442
5.18115
5.30466
5.37171
5.41007
5.43437
5.44859
5.45433
5.45251
5.44389
5.42952
5.41054
5.38806
5.3631
5.33641
5.30867
5.28041
5.2521
5.22415
5.19689
5.17057
5.14541
5.12155
5.09912
5.0782
5.05886
5.04115
5.02512
5.01081
4.99823
4.98743
4.9784
4.97117
4.96575
4.96214
4.96034
901.714
315.507
12.6662
5.41714
4.90812
5.14514
5.29087
5.37538
5.41917
5.4456
5.46317
5.47114
5.46995
5.46072
5.44484
5.42376
5.39879
5.37134
5.34213
5.31194
5.28137
5.25091
5.22097
5.19189
5.16393
5.13729
5.11211
5.08851
5.06656
5.04631
5.02781
5.0111
4.99619
4.98312
4.97189
4.96252
4.95503
4.94941
4.94567
4.94381
955.166
746.421
97.6514
7.51004
5.25733
5.24956
5.31006
5.45091
5.43089
5.45715
5.47949
5.49086
5.49055
5.48032
5.46236
5.43863
5.41085
5.38022
5.34805
5.31508
5.28192
5.24908
5.21698
5.18594
5.15623
5.12802
5.10146
5.07663
5.0536
5.03241
5.0131
4.99567
4.98016
4.96658
4.95492
4.94521
4.93745
4.93163
4.92776
4.92583
993.887
969.842
305.08
13.5375
7.03456
6.3883
6.98758
5.76287
5.41841
5.46811
5.49887
5.5146
5.51514
5.50326
5.48237
5.45516
5.42369
5.38954
5.35399
5.31789
5.28187
5.24644
5.212
5.17888
5.14731
5.11746
5.08945
5.06335
5.0392
5.01705
4.99689
4.97875
4.96262
4.94852
4.93643
4.92637
4.91833
4.9123
4.9083
4.90631
1022.7
1017.48
624.66
54.6481
10.5738
7.88739
8.13028
5.70234
5.40312
5.48103
5.525
5.54504
5.54507
5.53021
5.50517
5.47343
5.4375
5.39917
5.35975
5.32015
5.28099
5.24276
5.20583
5.1705
5.13698
5.10542
5.07591
5.0485
5.02323
5.00008
4.97908
4.96021
4.94346
4.92883
4.91631
4.9059
4.89758
4.89136
4.88723
4.88517
1047.42
1045.53
881.651
164.762
10.8903
5.55592
5.45722
5.24862
5.4022
5.50827
5.56467
5.58613
5.58228
5.56193
5.53099
5.49342
5.45204
5.40881
5.36502
5.32155
5.27898
5.23775
5.1982
5.16056
5.12503
5.09171
5.06067
5.03194
5.00552
4.98138
4.95953
4.93993
4.92257
4.90742
4.89447
4.88371
4.87513
4.8687
4.86444
4.86232
1067.19
1073.14
1064.37
312.949
10.459
4.34508
4.78775
5.24862
5.46395
5.57225
5.62684
5.64164
5.62839
5.59894
5.55979
5.51481
5.46692
5.41804
5.36938
5.32169
5.27549
5.23111
5.18881
5.14881
5.11122
5.07612
5.04354
5.01348
4.98591
4.9608
4.9381
4.91779
4.89982
4.88417
4.8708
4.85971
4.85086
4.84424
4.83985
4.83767
1027.2
1100.26
1094.13
514.056
23.5429
5.81721
5.22364
5.43247
5.59947
5.68014
5.71459
5.71239
5.68335
5.64082
5.59096
5.53695
5.48148
5.42626
5.37229
5.32011
5.27009
5.22244
5.17735
5.13494
5.09528
5.05841
5.02432
4.99295
4.96426
4.93818
4.91467
4.89366
4.8751
4.85896
4.8452
4.83378
4.82468
4.81788
4.81337
4.81113
906.275
1117.38
1113.44
739.829
64.4522
7.57788
5.72036
5.67849
5.79094
5.82451
5.82375
5.79524
5.74515
5.68606
5.62317
5.55871
5.49479
5.43271
5.37309
5.31623
5.26229
5.21133
5.16344
5.11864
5.07696
5.03835
5.00277
4.97014
4.94036
4.91337
4.88908
4.86741
4.8483
4.83169
4.81755
4.80583
4.79649
4.78952
4.78489
4.7826
732.247
1127.53
1150.22
858.761
99.1748
9.42954
6.34663
5.99208
6.02216
5.99476
5.94678
5.88502
5.80999
5.73192
5.65437
5.57852
5.50563
5.43639
5.37098
5.30939
5.25154
5.19732
5.14669
5.09959
5.05594
5.01568
4.97868
4.94485
4.91406
4.88621
4.86118
4.8389
4.81927
4.80225
4.78775
4.77575
4.7662
4.75907
4.75434
4.75199
503.484
1138.37
1191.45
869.313
104.439
10.6372
6.95543
6.35379
6.27603
6.17644
6.07581
5.97511
5.87299
5.77483
5.68201
5.5945
5.51255
5.43617
5.36507
5.29888
5.23725
5.17992
5.12669
5.0774
5.03193
4.99012
4.95182
4.91688
4.88517
4.85652
4.83084
4.808
4.78791
4.7705
4.75569
4.74344
4.7337
4.72643
4.7216
4.71921
369.285
1153.69
1219.88
861.382
100.081
11.477
7.5393
6.77168
6.5429
6.35357
6.197
6.05737
5.92839
5.81067
5.70312
5.60446
5.51394
5.43084
5.35441
5.28393
5.2188
5.1586
5.103
5.05174
5.00462
4.96142
4.92196
4.88604
4.8535
4.82416
4.7979
4.77457
4.75409
4.73634
4.72127
4.7088
4.6989
4.69151
4.68661
4.68418
372.788
1174.66
1251.5
803.04
73.2041
11.9259
8.00606
7.13044
6.76521
6.50198
6.29693
6.12254
5.96991
5.83506
5.71462
5.60619
5.50815
5.41916
5.33804
5.26379
5.1956
5.13289
5.07522
5.02225
4.9737
4.92932
4.88886
4.85212
4.81888
4.78897
4.76222
4.7385
4.71768
4.69967
4.68438
4.67174
4.66171
4.65422
4.64926
4.6468
421.715
1169.18
1205.86
565.031
34.1111
11.342
8.19473
7.36255
6.90835
6.59981
6.36099
6.16175
5.99179
5.84403
5.7137
5.59766
5.49368
5.39998
5.31507
5.23774
5.16705
5.1023
5.04294
4.98859
4.9389
4.89357
4.85233
4.81493
4.78116
4.7508
4.72368
4.69965
4.67859
4.66038
4.64493
4.63217
4.62204
4.61449
4.60948
4.607
621.486
1152.78
990.383
227.746
18.1717
9.89157
8.09885
7.39914
6.94858
6.6334
6.38058
6.16941
5.99005
5.83466
5.69818
5.57722
5.46926
5.3723
5.28471
5.20517
5.13265
5.0664
5.00582
4.95046
4.89995
4.85394
4.81215
4.7743
4.74016
4.7095
4.68214
4.65792
4.6367
4.61837
4.60283
4.59
4.57981
4.57222
4.56719
4.5647
914.905
1176.04
643.864
53.2249
12.9165
8.71449
7.83196
7.28933
6.90183
6.60429
6.35494
6.14381
5.96291
5.80541
5.66677
5.5438
5.43401
5.3354
5.24635
5.16555
5.09198
5.02484
4.96354
4.9076
4.85662
4.81024
4.76816
4.73008
4.69576
4.66496
4.6375
4.6132
4.59193
4.57356
4.55799
4.54514
4.53495
4.52735
4.52232
4.51983
1129.37
1191.34
469.759
21.0051
10.097
8.11487
7.54859
7.11896
6.79365
6.52258
6.28827
6.08623
5.91057
5.75605
5.61907
5.49693
5.38745
5.28884
5.19961
5.11855
5.04471
4.97734
4.91587
4.85979
4.80873
4.7623
4.7202
4.68213
4.64783
4.61707
4.58965
4.56541
4.54419
4.52587
4.51035
4.49755
4.48739
4.47983
4.47482
4.47233
1152.63
1146.49
373.633
15.3298
8.7202
7.75204
7.27288
6.91351
6.63675
6.39727
6.18589
5.99974
5.8348
5.68755
5.55553
5.43676
5.32957
5.23249
5.1443
5.06396
4.99066
4.92372
4.86262
4.80688
4.75612
4.70999
4.66816
4.63034
4.59627
4.56573
4.53852
4.51446
4.49341
4.47524
4.45985
4.44716
4.43709
4.42959
4.42462
4.42216
1140.31
863.468
199.898
11.2306
7.66195
7.3036
6.93865
6.66033
6.4361
6.23591
6.05388
5.88866
5.73849
5.60175
5.47728
5.36396
5.26072
5.16651
5.08046
5.00175
4.92975
4.86389
4.8037
4.74877
4.69872
4.65322
4.61195
4.57463
4.54102
4.51089
4.48405
4.46031
4.43954
4.42162
4.40644
4.39392
4.38399
4.3766
4.3717
4.36928
766.347
209.962
63.2034
12.109
6.82251
6.7305
6.53824
6.36424
6.20315
6.04877
5.89992
5.75845
5.62539
5.50118
5.38598
5.27958
5.18153
5.09128
5.00829
4.93203
4.86203
4.79785
4.7391
4.68542
4.63647
4.59194
4.55152
4.51497
4.48204
4.4525
4.42618
4.40291
4.38255
4.36498
4.35009
4.33781
4.32807
4.32082
4.31603
4.31365
133.186
28.6479
10.6146
9.80289
6.20552
6.17055
6.13234
6.05492
5.95781
5.84917
5.73302
5.61526
5.49972
5.3887
5.28355
5.18488
5.09285
5.00734
4.92816
4.85502
4.78763
4.72567
4.66885
4.61685
4.56937
4.52614
4.48687
4.45133
4.41929
4.39055
4.36492
4.34225
4.32241
4.30529
4.29078
4.27881
4.26932
4.26225
4.25758
4.25526
55.1256
12.5776
6.4914
5.43472
5.51435
5.67916
5.76454
5.76329
5.72041
5.65022
5.56191
5.46501
5.36552
5.26708
5.17189
5.08119
4.99557
4.91532
4.84049
4.77102
4.70676
4.64752
4.59306
4.54313
4.49748
4.45586
4.41802
4.38373
4.3528
4.32502
4.30025
4.27832
4.25913
4.24255
4.22851
4.21692
4.20773
4.20088
4.19635
4.19411
562.457
39.3132
4.7571
4.55993
4.93952
5.29183
5.46635
5.51502
5.50732
5.4623
5.39345
5.31237
5.22601
5.13856
5.05261
4.96965
4.89057
4.81586
4.74577
4.68039
4.6197
4.56358
4.51188
4.46439
4.4209
4.38118
4.34502
4.31222
4.28259
4.25597
4.2322
4.21116
4.19272
4.17679
4.16329
4.15215
4.14331
4.13672
4.13236
4.1302
1092.73
201.024
4.82047
4.17474
4.64568
5.07994
5.27284
5.32861
5.32803
5.29082
5.23116
5.15982
5.08305
5.00461
4.92685
4.85119
4.77855
4.70952
4.64444
4.58349
4.52673
4.47411
4.42552
4.38079
4.33975
4.3022
4.26797
4.23687
4.20875
4.18344
4.16083
4.14079
4.12323
4.10804
4.09517
4.08453
4.07609
4.0698
4.06564
4.06358
1131.38
530.494
8.51822
4.82917
4.82999
5.09468
5.19206
5.20212
5.17922
5.13358
5.07402
5.00715
4.9369
4.86572
4.79519
4.72638
4.66006
4.59679
4.53693
4.4807
4.42819
4.37939
4.33421
4.29253
4.25421
4.21908
4.187
4.1578
4.13135
4.10753
4.08621
4.0673
4.05071
4.03636
4.02418
4.01411
4.00612
4.00017
3.99623
3.99428
1077.19
461.146
11.8745
5.9794
5.30496
5.21781
5.15742
5.09879
5.04124
4.98033
4.91673
4.85175
4.78642
4.72152
4.65768
4.59548
4.53547
4.47809
4.42367
4.37241
4.32442
4.27971
4.23822
4.19985
4.16448
4.13199
4.10225
4.07515
4.05054
4.02834
4.00844
3.99077
3.97525
3.96181
3.95039
3.94096
3.93346
3.92788
3.92418
3.92234
)
;

boundaryField
{
    leftWall
    {
        type            fixedFluxPressure;
        gradient        nonuniform 0();
        value           nonuniform 0();
    }
    rightWall
    {
        type            fixedFluxPressure;
        gradient        uniform 0;
        value           nonuniform List<scalar> 
43
(
5.08071
5.08007
5.07872
5.07666
5.07389
5.0704
5.06617
5.06119
5.05545
5.04893
5.04153
5.03318
5.02384
5.01346
5.00199
4.98936
4.9755
4.96034
4.94381
4.92583
4.90631
4.88517
4.86232
4.83767
4.81113
4.7826
4.75199
4.71921
4.68418
4.6468
4.607
4.5647
4.51983
4.47233
4.42216
4.36928
4.31365
4.25526
4.19411
4.1302
4.06358
3.99428
3.92234
)
;
    }
    lowerWall
    {
        type            fixedFluxPressure;
        gradient        uniform 0;
        value           nonuniform List<scalar> 
66
(
2866.82
2966.98
2966.98
2937.49
2973.66
3055.43
3128.67
3123.46
3042.43
2885.21
2624.89
2183.27
196.74
5.77843
5.39569
5.283
5.43209
5.43314
5.43434
5.43699
5.44075
5.44598
5.45248
5.46133
5.46681
5.47017
5.43209
5.43022
5.42704
5.42303
5.41842
5.41337
5.40804
5.40234
5.39615
5.38936
5.38185
5.37355
5.36442
5.35443
5.34362
5.33202
5.31971
5.30676
5.29328
5.2794
5.2652
5.25083
5.23639
5.22201
5.20782
5.19392
5.18043
5.16746
5.1551
5.14345
5.1326
5.12261
5.11357
5.10552
5.09853
5.09263
5.08788
5.0843
5.0819
5.08071
)
;
    }
    atmosphere
    {
        type            totalPressure;
        rho             rho;
        psi             none;
        gamma           1;
        p0              nonuniform 0();
        value           nonuniform 0();
    }
    defaultFaces
    {
        type            empty;
    }
    procBoundary1to0
    {
        type            processor;
        value           nonuniform List<scalar> 
44
(
2847.14
2820.5
2854.11
2897.87
2918.34
2898.52
2844.12
2759.51
2641.21
2485.04
2289.6
2092.77
1936.83
1801.52
1656.92
1501.81
1338.06
1127.99
557.776
24.4878
0.725239
0.725239
-7.29357
-8.87698
-9.22513
-9.41417
-9.60077
-9.7807
-9.89755
-9.97681
-10.1225
-10.4397
-10.7046
-11.022
-11.5486
-12.2546
-12.7973
-12.8905
-12.5747
-12.0991
-11.958
-12.112
-12.3358
-12.5298
)
;
    }
    procBoundary1to3
    {
        type            processor;
        value           nonuniform List<scalar> 
45
(
-14.2531
-10.1562
40.4323
531.339
953.058
517.834
148.035
22.022
5.95646
5.4156
5.19833
5.06437
4.96794
4.8885
4.81789
4.75238
4.69001
4.62978
4.57115
4.51402
4.45854
4.40501
4.35375
4.30502
4.25901
4.21581
4.17545
4.13788
4.10304
4.07083
4.04116
4.01394
3.98907
3.96645
3.94599
3.92763
3.9113
3.89694
3.88449
3.87391
3.86515
3.85818
3.85299
3.84956
3.84786
)
;
    }
}


// ************************************************************************* //
