/*--------------------------------*- C++ -*----------------------------------*\
| =========                 |                                                 |
| \\      /  F ield         | OpenFOAM: The Open Source CFD Toolbox           |
|  \\    /   O peration     | Version:  3.0.1                                 |
|   \\  /    A nd           | Web:      www.OpenFOAM.org                      |
|    \\/     M anipulation  |                                                 |
\*---------------------------------------------------------------------------*/
FoamFile
{
    version     2.0;
    format      ascii;
    class       surfaceScalarField;
    location    "0.2";
    object      phi;
}
// * * * * * * * * * * * * * * * * * * * * * * * * * * * * * * * * * * * * * //

dimensions      [0 3 -1 0 0 0 0];

internalField   nonuniform List<scalar> 
3731
(
-2.15309e-05
-6.45974e-06
-2.15309e-05
-7.31302e-06
-4.66136e-06
-2.8844e-05
1.00444e-05
7.72532e-06
-1.87995e-05
1.99219e-05
2.46346e-05
1.12234e-06
2.36169e-05
4.16729e-05
2.47392e-05
2.39448e-05
5.73232e-05
4.8684e-05
2.36057e-05
7.22199e-05
7.22898e-05
2.47136e-05
8.72896e-05
9.70034e-05
2.98757e-05
0.000101848
0.000126879
3.83761e-05
0.000115959
0.000165255
2.74294e-07
-2.74294e-07
4.67265e-07
-1.92961e-07
5.68315e-07
-1.01041e-07
7.00646e-07
-1.32316e-07
9.50338e-07
-2.49694e-07
1.35405e-06
-4.03704e-07
1.89978e-06
-5.4573e-07
2.57796e-06
-6.7818e-07
3.33835e-06
-7.60403e-07
4.12761e-06
-7.89261e-07
4.88449e-06
-7.56895e-07
5.57945e-06
-6.94959e-07
6.1979e-06
-6.18434e-07
6.72964e-06
-5.3174e-07
7.17241e-06
-4.42761e-07
7.52351e-06
-3.51148e-07
7.78284e-06
-2.59327e-07
7.95552e-06
-1.72698e-07
8.04528e-06
-8.97582e-08
8.05787e-06
-1.26221e-08
7.99726e-06
6.061e-08
7.87254e-06
1.24699e-07
7.68794e-06
1.84603e-07
7.45165e-06
2.36303e-07
7.16868e-06
2.82946e-07
6.84363e-06
3.25083e-07
6.48203e-06
3.61558e-07
6.08861e-06
3.9345e-07
5.66558e-06
4.22996e-07
5.21822e-06
4.47375e-07
4.74884e-06
4.69417e-07
4.26235e-06
4.86467e-07
3.75925e-06
5.03169e-07
3.2428e-06
5.16432e-07
2.71533e-06
5.27428e-07
2.17881e-06
5.36533e-07
1.63556e-06
5.43257e-07
1.08736e-06
5.48213e-07
5.37768e-07
5.49607e-07
5.37734e-07
-6.55454e-07
3.81158e-07
-1.02101e-06
1.72613e-07
-1.05498e-06
-6.70529e-08
-7.5619e-07
-4.31078e-07
-1.69912e-07
-8.35968e-07
6.15554e-07
-1.18918e-06
1.53433e-06
-1.46451e-06
2.48645e-06
-1.63031e-06
3.42785e-06
-1.70181e-06
4.33138e-06
-1.6928e-06
5.18886e-06
-1.61436e-06
5.9821e-06
-1.48819e-06
6.69151e-06
-1.32783e-06
7.30537e-06
-1.14563e-06
7.8147e-06
-9.52103e-07
8.21853e-06
-7.55007e-07
8.52202e-06
-5.62829e-07
8.72572e-06
-3.7641e-07
8.83658e-06
-2.00621e-07
8.86095e-06
-3.70126e-08
8.80767e-06
1.13872e-07
8.68084e-06
2.51544e-07
8.48897e-06
3.7646e-07
8.23662e-06
4.88658e-07
7.93045e-06
5.89061e-07
7.57707e-06
6.78518e-07
7.18088e-06
7.57687e-07
6.74779e-06
8.26547e-07
6.28211e-06
8.88723e-07
5.78808e-06
9.41411e-07
5.26963e-06
9.87912e-07
4.72936e-06
1.02672e-06
4.17161e-06
1.0609e-06
3.59858e-06
1.08949e-06
3.0132e-06
1.11282e-06
2.41795e-06
1.13177e-06
1.81456e-06
1.14663e-06
1.20528e-06
1.15747e-06
5.93041e-07
1.16181e-06
1.13077e-06
-6.32246e-07
1.01341e-06
-9.2041e-07
4.6081e-07
-8.98412e-07
-8.90303e-08
-5.63739e-07
-7.65726e-07
-4.96202e-09
-1.39473e-06
7.33219e-07
-1.92736e-06
1.58893e-06
-2.32022e-06
2.51314e-06
-2.55451e-06
3.45964e-06
-2.6483e-06
4.38352e-06
-2.61666e-06
5.25872e-06
-2.48957e-06
6.05952e-06
-2.28897e-06
6.7691e-06
-2.03742e-06
7.37827e-06
-1.7548e-06
7.88189e-06
-1.45575e-06
8.28046e-06
-1.15354e-06
8.5761e-06
-8.5846e-07
8.77345e-06
-5.73741e-07
8.87824e-06
-3.0544e-07
8.89622e-06
-5.49565e-08
8.83526e-06
1.74814e-07
8.70185e-06
3.84907e-07
8.50433e-06
5.73926e-07
8.24725e-06
7.45775e-07
7.93696e-06
8.99341e-07
7.58005e-06
1.0354e-06
7.18178e-06
1.15598e-06
6.74588e-06
1.26244e-06
6.27896e-06
1.35563e-06
5.78385e-06
1.43659e-06
5.26471e-06
1.50698e-06
4.72387e-06
1.56761e-06
4.16663e-06
1.6182e-06
3.59412e-06
1.66196e-06
3.00882e-06
1.69813e-06
2.41432e-06
1.7263e-06
1.81188e-06
1.74908e-06
1.20355e-06
1.76579e-06
5.92299e-07
1.77304e-06
1.72309e-06
-6.70094e-07
1.68353e-06
-1.00895e-06
7.99707e-07
-1.0377e-06
-6.02399e-08
-7.52826e-07
-1.05059e-06
-2.09223e-07
-1.93832e-06
5.49373e-07
-2.68595e-06
1.46141e-06
-3.23223e-06
2.44287e-06
-3.53595e-06
3.45497e-06
-3.66041e-06
4.43583e-06
-3.59752e-06
5.34925e-06
-3.40297e-06
6.1751e-06
-3.11481e-06
6.89927e-06
-2.76159e-06
7.5146e-06
-2.37008e-06
8.01903e-06
-1.96017e-06
8.41368e-06
-1.54816e-06
8.70218e-06
-1.14698e-06
8.89044e-06
-7.61986e-07
8.98523e-06
-4.00234e-07
8.99275e-06
-6.25453e-08
8.92157e-06
2.45955e-07
8.77845e-06
5.28044e-07
8.56992e-06
7.82452e-07
8.30341e-06
1.01222e-06
7.98513e-06
1.21765e-06
7.62085e-06
1.39967e-06
7.21595e-06
1.56091e-06
6.77456e-06
1.70387e-06
6.3026e-06
1.82752e-06
5.80329e-06
1.93592e-06
5.28039e-06
2.0299e-06
4.73747e-06
2.11053e-06
4.17694e-06
2.17871e-06
3.60174e-06
2.23713e-06
3.01545e-06
2.28442e-06
2.41905e-06
2.32268e-06
1.81513e-06
2.35297e-06
1.20568e-06
2.37521e-06
5.93551e-07
2.38514e-06
2.31663e-06
-9.95995e-07
2.67955e-06
-1.49862e-06
1.30236e-06
-1.5655e-06
6.67559e-09
-1.22998e-06
-1.38609e-06
-6.04333e-07
-2.56395e-06
2.54804e-07
-3.54508e-06
1.27805e-06
-4.25548e-06
2.37296e-06
-4.63085e-06
3.46681e-06
-4.75423e-06
4.5159e-06
-4.64662e-06
5.4805e-06
-4.36755e-06
6.34184e-06
-3.97612e-06
7.08783e-06
-3.50756e-06
7.7139e-06
-2.99613e-06
8.22135e-06
-2.46762e-06
8.61203e-06
-1.93883e-06
8.89236e-06
-1.4273e-06
9.07051e-06
-9.40228e-07
9.15228e-06
-4.8198e-07
9.14728e-06
-5.7539e-08
9.06273e-06
3.30504e-07
8.90641e-06
6.84323e-07
8.68514e-06
1.00375e-06
8.40587e-06
1.29148e-06
8.07658e-06
1.54697e-06
7.70169e-06
1.77455e-06
7.28651e-06
1.97604e-06
6.83695e-06
2.15342e-06
6.35682e-06
2.30776e-06
5.85008e-06
2.44262e-06
5.3203e-06
2.55958e-06
4.77171e-06
2.65913e-06
4.20504e-06
2.74542e-06
3.62578e-06
2.81642e-06
3.03458e-06
2.87562e-06
2.43392e-06
2.92334e-06
1.82621e-06
2.96066e-06
1.21288e-06
2.98848e-06
5.97257e-07
3.00074e-06
2.91386e-06
-1.65314e-06
4.33272e-06
-2.39165e-06
2.04091e-06
-2.40329e-06
1.83241e-08
-1.8949e-06
-1.89447e-06
-1.13121e-06
-3.32765e-06
-1.14661e-07
-4.56161e-06
1.04957e-06
-5.41969e-06
2.28533e-06
-5.86662e-06
3.49613e-06
-5.96501e-06
4.62697e-06
-5.77748e-06
5.65985e-06
-5.40043e-06
6.56298e-06
-4.87923e-06
7.33502e-06
-4.27961e-06
7.97245e-06
-3.63355e-06
8.47908e-06
-2.97423e-06
8.86581e-06
-2.32561e-06
9.13591e-06
-1.69739e-06
9.30006e-06
-1.10439e-06
9.36638e-06
-5.48255e-07
9.3438e-06
-3.49586e-08
9.24186e-06
4.32467e-07
9.06864e-06
8.57506e-07
8.83096e-06
1.24147e-06
8.53734e-06
1.58508e-06
8.19307e-06
1.89123e-06
7.80409e-06
2.16353e-06
7.37643e-06
2.40383e-06
6.91662e-06
2.61316e-06
6.42629e-06
2.79804e-06
5.91004e-06
2.95885e-06
5.37228e-06
3.09741e-06
4.81451e-06
3.21693e-06
4.24272e-06
3.31718e-06
3.65666e-06
3.40247e-06
3.05931e-06
3.47302e-06
2.4529e-06
3.52975e-06
1.8398e-06
3.5738e-06
1.22211e-06
3.60616e-06
6.01641e-07
3.62121e-06
3.51553e-06
-2.92961e-06
7.26235e-06
-3.74335e-06
2.85466e-06
-3.59985e-06
-1.25161e-07
-2.84062e-06
-2.6537e-06
-1.83828e-06
-4.32998e-06
-5.81663e-07
-5.81822e-06
7.90251e-07
-6.7916e-06
2.20265e-06
-7.27903e-06
3.55211e-06
-7.31447e-06
4.7959e-06
-7.02127e-06
5.89662e-06
-6.50116e-06
6.8497e-06
-5.83232e-06
7.64605e-06
-5.07596e-06
8.29526e-06
-4.28276e-06
8.80244e-06
-3.4814e-06
9.17729e-06
-2.70043e-06
9.43242e-06
-1.95255e-06
9.57561e-06
-1.24757e-06
9.62299e-06
-5.95617e-07
9.57976e-06
8.28508e-09
9.45747e-06
5.54806e-07
9.2633e-06
1.05167e-06
9.00618e-06
1.49858e-06
8.69359e-06
1.89764e-06
8.33179e-06
2.25312e-06
7.92764e-06
2.56765e-06
7.48647e-06
2.84494e-06
7.01154e-06
3.0881e-06
6.50861e-06
3.30102e-06
5.98192e-06
3.4855e-06
5.43347e-06
3.64585e-06
4.86821e-06
3.78221e-06
4.28659e-06
3.8988e-06
3.69263e-06
3.99637e-06
3.08867e-06
4.07694e-06
2.47627e-06
4.14213e-06
1.85723e-06
4.19283e-06
1.23326e-06
4.23013e-06
6.06912e-07
4.24753e-06
4.12247e-06
-4.50063e-06
1.1763e-05
-5.37217e-06
3.72623e-06
-5.17611e-06
-3.21205e-07
-4.11906e-06
-3.71075e-06
-2.78196e-06
-5.66706e-06
-1.16731e-06
-7.43285e-06
5.06544e-07
-8.46545e-06
2.14479e-06
-8.91727e-06
3.66101e-06
-8.8307e-06
5.02757e-06
-8.38783e-06
6.21138e-06
-7.68496e-06
7.2109e-06
-6.83184e-06
8.03338e-06
-5.89846e-06
8.68773e-06
-4.9371e-06
9.18967e-06
-3.98333e-06
9.55064e-06
-3.06135e-06
9.78492e-06
-2.18686e-06
9.90711e-06
-1.36974e-06
9.92708e-06
-6.15584e-07
9.85801e-06
7.73655e-08
9.70913e-06
7.03683e-07
9.48992e-06
1.27089e-06
9.20958e-06
1.77896e-06
8.87481e-06
2.23235e-06
8.49269e-06
2.63516e-06
8.06986e-06
2.99055e-06
7.61091e-06
3.30387e-06
7.12081e-06
3.57822e-06
6.60377e-06
3.81804e-06
6.0642e-06
4.02505e-06
5.50416e-06
4.2059e-06
4.9275e-06
4.35881e-06
4.33713e-06
4.48908e-06
3.73483e-06
4.59863e-06
3.12234e-06
4.68936e-06
2.50238e-06
4.76207e-06
1.87635e-06
4.81881e-06
1.24588e-06
4.86058e-06
6.1305e-07
4.88034e-06
4.73549e-06
-8.00735e-06
1.97704e-05
-7.69362e-06
3.41252e-06
-7.32649e-06
-6.88301e-07
-5.76234e-06
-5.27489e-06
-3.93203e-06
-7.49736e-06
-1.84492e-06
-9.51995e-06
2.06371e-07
-1.05168e-05
2.12614e-06
-1.0837e-05
3.84678e-06
-1.05513e-05
5.34112e-06
-9.88218e-06
6.60903e-06
-8.95287e-06
7.65657e-06
-7.87938e-06
8.50103e-06
-6.74288e-06
9.15878e-06
-5.59483e-06
9.64699e-06
-4.47158e-06
9.987e-06
-3.40139e-06
1.0195e-05
-2.39484e-06
1.02868e-05
-1.46152e-06
1.02758e-05
-6.04594e-07
1.01763e-05
1.76901e-07
9.99639e-06
8.83585e-07
9.74857e-06
1.51868e-06
9.44016e-06
2.08733e-06
9.08006e-06
2.59256e-06
8.67505e-06
3.04015e-06
8.22996e-06
3.43563e-06
7.75178e-06
3.78201e-06
7.24369e-06
4.08635e-06
6.71028e-06
4.35143e-06
6.15489e-06
4.5804e-06
5.58341e-06
4.77738e-06
4.99523e-06
4.947e-06
4.39373e-06
5.09057e-06
3.78118e-06
5.21119e-06
3.15989e-06
5.31062e-06
2.53168e-06
5.39028e-06
1.89795e-06
5.45254e-06
1.26003e-06
5.49848e-06
6.19881e-07
5.52054e-06
5.35534e-06
-1.09096e-05
3.068e-05
-1.09964e-05
3.49935e-06
-9.86164e-06
-1.82302e-06
-7.75823e-06
-7.37829e-06
-5.15217e-06
-1.01034e-05
-2.53051e-06
-1.21416e-05
-3.39471e-08
-1.30133e-05
2.18032e-06
-1.30513e-05
4.12234e-06
-1.24933e-05
5.75894e-06
-1.15188e-05
7.11205e-06
-1.03059e-05
8.20455e-06
-8.9719e-06
9.06147e-06
-7.59984e-06
9.70984e-06
-6.24322e-06
1.01796e-05
-4.94134e-06
1.04904e-05
-3.7122e-06
1.0664e-05
-2.56835e-06
1.07191e-05
-1.51661e-06
1.06711e-05
-5.56642e-07
1.05339e-05
3.14146e-07
1.03189e-05
1.09866e-06
1.00366e-05
1.80105e-06
9.698e-06
2.42587e-06
9.30861e-06
2.98192e-06
8.87582e-06
3.47298e-06
8.40744e-06
3.90401e-06
7.90561e-06
4.28384e-06
7.37892e-06
4.61305e-06
6.82868e-06
4.90165e-06
6.25829e-06
5.15081e-06
5.67061e-06
5.36509e-06
5.06902e-06
5.54857e-06
4.45536e-06
5.70423e-06
3.8324e-06
5.83414e-06
3.2015e-06
5.94155e-06
2.56398e-06
6.0278e-06
1.9216e-06
6.09495e-06
1.27496e-06
6.14512e-06
6.27129e-07
6.16844e-06
5.98251e-06
6.09678e-05
0.000121888
0.00016195
6.42725e-05
8.29442e-05
0.000122615
0.000156125
8.87696e-05
9.81637e-05
0.000122286
0.000148124
0.000106165
0.000110604
0.000121703
0.00014133
0.000117397
0.000121787
0.000121566
0.00013724
0.000125877
0.000133345
0.000122486
0.0001362
0.000134385
0.000145073
0.000123993
0.00013729
0.000143982
0.000153072
0.00012444
0.000138231
0.000152132
0.000155269
0.000123529
0.00013746
0.00015604
0.000153007
0.000135071
0.000155397
0.000131271
0.000150974
0.000126739
0.000144608
0.000123046
0.000139352
0.000119844
0.000139044
0.000113935
0.000143578
0.000103259
0.000146255
8.95176e-05
0.000140268
7.4126e-05
0.000128048
5.68298e-05
0.000122297
3.81653e-05
0.000134387
2.72455e-05
0.000131426
1.69286e-05
0.000124079
-6.30418e-06
0.000149387
-3.84419e-05
0.00017862
-7.12452e-05
0.000184091
-8.39055e-05
0.00014421
-6.65021e-05
7.53798e-05
-4.30295e-05
2.51078e-05
-1.77659e-05
-1.01585e-05
-5.62989e-07
9.42279e-06
-6.98815e-06
4.00657e-05
-2.71612e-05
4.26736e-05
2.04061e-05
-5.13065e-05
0.000115579
-5.68292e-05
5.52276e-06
-3.55199e-05
-2.13093e-05
4.05262e-06
-3.95725e-05
6.05409e-05
0.000143808
-3.07773e-05
9.6841e-05
-5.86574e-05
6.57075e-06
-1.50147e-05
-3.959e-05
0.000100397
0.000149575
6.4745e-05
0.000132493
-1.19556e-05
8.32714e-05
1.65235e-05
-4.34938e-05
0.000119875
0.000147097
0.000105777
0.000146591
6.3632e-05
0.000125417
8.16521e-05
-1.49663e-06
0.000130215
0.000142759
0.000126895
0.000149911
0.000107921
0.000144391
0.000121896
6.76773e-05
0.000136981
0.000140163
0.00013752
0.000149372
0.000129429
0.000152482
0.000142966
0.000108359
0.000144005
0.000140141
0.000144286
0.000149091
0.000140991
0.000155777
0.000154875
0.000129082
0.000151072
0.000141201
0.000150216
0.000149946
0.000148192
0.000157801
0.000161819
0.000141247
0.000155877
0.000141363
0.000155008
0.000150815
0.000153309
0.0001595
0.000166336
0.000148793
0.000157205
0.000139555
0.000157638
0.000150382
0.000156686
0.000160452
0.000169468
0.000153554
0.000154965
0.000135563
0.000157812
0.000147536
0.000158299
0.000159965
0.000171459
0.000156307
0.000149254
0.000130917
0.000155294
0.000141496
0.000158205
0.000157054
0.000172252
0.000157412
0.000142902
0.000127367
0.000149008
0.00013539
0.000156085
0.000149977
0.000171238
0.000157099
0.000139314
0.000127096
0.000142259
0.000132446
0.000152382
0.000139854
0.00016778
0.00015584
0.000141301
0.000129373
0.000137722
0.000136025
0.000145282
0.000132295
0.000160043
0.000153018
0.000145143
0.000130484
0.000136665
0.000144503
0.000136763
0.000132197
0.00014726
0.000149546
0.000143223
0.000127529
0.000135412
0.000152315
0.000130589
0.00013702
0.000131701
0.000146148
0.000137906
0.000117672
0.000140518
0.000149702
0.000136848
0.000140691
0.000124359
0.00014419
0.000140312
9.96561e-05
0.000157284
0.00013273
0.000159205
0.00013877
0.000141601
0.000141963
0.000153865
8.01782e-05
0.000172042
0.000114553
0.000171619
0.000139193
0.000178929
0.000134291
0.000148066
6.35386e-05
0.000163022
9.95974e-05
0.000155319
0.000146895
0.00021188
0.000122368
0.000141001
4.66171e-05
0.000148361
9.22369e-05
0.000130665
0.000164591
0.000234769
0.000107776
0.000159164
3.68408e-05
0.000141436
0.000109964
0.000107008
0.000199019
0.000247685
9.40926e-05
0.000172051
4.34097e-05
0.000124832
0.000157184
9.07573e-05
0.000233094
0.000255284
8.31579e-05
0.000153655
7.38459e-05
0.000100922
0.000209917
8.04915e-05
0.000253525
0.000261556
7.422e-05
0.000112606
0.00010545
8.48531e-05
0.00023767
7.08207e-05
0.000267557
0.000266385
6.59919e-05
6.47875e-05
0.000116042
6.59086e-05
0.000236549
6.10145e-05
0.000272451
0.000269375
5.80237e-05
5.07828e-05
9.03671e-05
5.55077e-05
0.000231824
5.28677e-05
0.000275091
0.000273606
4.86366e-05
4.3385e-05
3.68235e-05
5.00868e-05
0.000225122
4.80364e-05
0.000277142
0.000279213
4.24295e-05
3.61874e-05
1.00589e-05
4.50727e-05
0.000216237
4.6062e-05
0.000276152
0.000282997
4.22788e-05
2.50322e-05
2.50923e-05
3.95063e-05
0.000201763
4.50545e-05
0.000270604
0.000284011
4.40402e-05
1.49204e-05
5.28456e-05
3.46212e-05
0.000182062
4.33036e-05
0.000261922
0.000282233
4.50819e-05
1.76286e-05
2.71252e-05
3.88865e-05
4.30453e-05
-2.30433e-05
1.41508e-05
-1.73757e-05
-2.16822e-06
-1.34035e-05
-5.79515e-06
-1.00464e-05
-1.07354e-05
-6.46782e-06
-1.3682e-05
-3.20118e-06
-1.54082e-05
-1.8381e-07
-1.60307e-05
2.40993e-06
-1.56451e-05
4.61772e-06
-1.47011e-05
6.42927e-06
-1.33303e-05
7.88774e-06
-1.17644e-05
9.03206e-06
-1.01162e-05
9.90574e-06
-8.47353e-06
1.05489e-05
-6.88632e-06
1.09923e-05
-5.38476e-06
1.12682e-05
-3.98801e-06
1.14002e-05
-2.70039e-06
1.141e-05
-1.5265e-06
1.13146e-05
-4.61186e-07
1.11305e-05
4.98345e-07
1.08701e-05
1.35896e-06
1.05451e-05
2.12606e-06
1.0163e-05
2.80796e-06
9.73338e-06
3.41151e-06
9.26317e-06
3.94325e-06
8.75771e-06
4.40942e-06
8.22376e-06
4.81782e-06
7.66401e-06
5.17279e-06
7.08255e-06
5.48306e-06
6.48342e-06
5.74989e-06
5.86933e-06
5.97912e-06
5.24245e-06
6.17536e-06
4.60477e-06
6.34188e-06
3.95812e-06
6.48074e-06
3.30443e-06
6.59523e-06
2.64494e-06
6.68725e-06
1.98122e-06
6.75864e-06
1.31523e-06
6.81108e-06
6.46649e-07
6.837e-06
6.62921e-06
-2.58506e-05
4.1138e-07
-2.12313e-05
-6.78746e-06
-1.66499e-05
-1.03765e-05
-1.21068e-05
-1.52785e-05
-7.78313e-06
-1.80056e-05
-3.76004e-06
-1.94313e-05
-2.14688e-07
-1.95761e-05
2.80709e-06
-1.86668e-05
5.26485e-06
-1.71589e-05
7.24143e-06
-1.53069e-05
8.77962e-06
-1.33026e-05
9.95051e-06
-1.12871e-05
1.08175e-05
-9.34045e-06
1.14288e-05
-7.4977e-06
1.18279e-05
-5.7839e-06
1.20518e-05
-4.21191e-06
1.21279e-05
-2.77639e-06
1.20826e-05
-1.48114e-06
1.19314e-05
-3.1005e-07
1.16949e-05
7.34804e-07
1.13824e-05
1.67154e-06
1.10076e-05
2.50078e-06
1.05817e-05
3.23391e-06
1.01092e-05
3.88404e-06
9.60002e-06
4.4524e-06
9.05938e-06
4.95003e-06
8.49182e-06
5.3854e-06
7.90043e-06
5.76413e-06
7.29267e-06
6.09077e-06
6.66806e-06
6.37448e-06
6.02961e-06
6.61755e-06
5.37984e-06
6.82512e-06
4.72211e-06
6.9996e-06
4.05688e-06
7.14595e-06
3.38514e-06
7.26698e-06
2.70882e-06
7.36357e-06
2.0288e-06
7.43861e-06
1.34618e-06
7.4937e-06
6.61834e-07
7.52129e-06
7.29105e-06
-3.19922e-05
-1.10902e-05
-2.66731e-05
-1.21065e-05
-1.99995e-05
-1.70501e-05
-1.4347e-05
-2.0931e-05
-9.10107e-06
-2.32516e-05
-4.19272e-06
-2.43397e-05
-1.33266e-08
-2.37555e-05
3.44996e-06
-2.21301e-05
6.19071e-06
-1.98996e-05
8.29524e-06
-1.74114e-05
9.8859e-06
-1.48933e-05
1.10536e-05
-1.24548e-05
1.1886e-05
-1.01729e-05
1.2443e-05
-8.05467e-06
1.27804e-05
-6.12127e-06
1.29358e-05
-4.36725e-06
1.29433e-05
-2.78391e-06
1.28282e-05
-1.36603e-06
1.26115e-05
-9.343e-08
1.23093e-05
1.03703e-06
1.194e-05
2.0409e-06
1.15105e-05
2.9303e-06
1.10312e-05
3.71325e-06
1.05149e-05
4.40036e-06
9.96222e-06
5.00508e-06
9.3818e-06
5.53047e-06
8.7789e-06
5.98833e-06
8.15578e-06
6.38723e-06
7.51584e-06
6.73072e-06
6.86361e-06
7.02675e-06
6.20015e-06
7.28102e-06
5.52792e-06
7.49738e-06
4.84729e-06
7.68021e-06
4.16042e-06
7.83283e-06
3.47003e-06
7.95737e-06
2.77546e-06
8.0582e-06
2.07803e-06
8.13602e-06
1.37852e-06
8.19324e-06
6.77527e-07
8.22229e-06
7.96855e-06
-3.98656e-05
2.72788e-05
-3.58455e-05
-1.61266e-05
-2.56495e-05
-2.72461e-05
-1.6936e-05
-2.96444e-05
-1.03937e-05
-2.97939e-05
-4.40483e-06
-3.03285e-05
5.40933e-07
-2.87012e-05
4.46376e-06
-2.60529e-05
7.43666e-06
-2.28725e-05
9.64033e-06
-1.96151e-05
1.12438e-05
-1.64968e-05
1.23784e-05
-1.35894e-05
1.3133e-05
-1.09275e-05
1.36083e-05
-8.52996e-06
1.38571e-05
-6.37013e-06
1.39235e-05
-4.43362e-06
1.38465e-05
-2.70697e-06
1.36477e-05
-1.1672e-06
1.33558e-05
1.98519e-07
1.29832e-05
1.40966e-06
1.25445e-05
2.47959e-06
1.20532e-05
3.42164e-06
1.15174e-05
4.24909e-06
1.0946e-05
4.97175e-06
1.03487e-05
5.60232e-06
9.72548e-06
6.15373e-06
9.08246e-06
6.63133e-06
8.42421e-06
7.04546e-06
7.75225e-06
7.40267e-06
7.06956e-06
7.70941e-06
6.37895e-06
7.97159e-06
5.68134e-06
8.19497e-06
4.97819e-06
8.38328e-06
4.27007e-06
8.54094e-06
3.55894e-06
8.66844e-06
2.84527e-06
8.77187e-06
2.12942e-06
8.85187e-06
1.41226e-06
8.9104e-06
6.93975e-07
8.94063e-06
8.66253e-06
4.34319e-06
9.0613e-05
-3.57145e-05
2.3931e-05
-3.3565e-05
-2.93956e-05
-2.0781e-05
-4.24284e-05
-1.17352e-05
-3.88397e-05
-4.41479e-06
-3.76489e-05
1.52786e-06
-3.46439e-05
5.9267e-06
-3.04518e-05
9.09661e-06
-2.60424e-05
1.13495e-05
-2.1868e-05
1.28874e-05
-1.80347e-05
1.39174e-05
-1.46194e-05
1.45706e-05
-1.15807e-05
1.49302e-05
-8.88957e-06
1.50643e-05
-6.50417e-06
1.50221e-05
-4.39135e-06
1.48408e-05
-2.52575e-06
1.45456e-05
-8.71926e-07
1.41637e-05
5.80445e-07
1.37078e-05
1.86557e-06
1.31938e-05
2.99351e-06
1.26341e-05
3.98137e-06
1.20372e-05
4.84602e-06
1.14103e-05
5.59863e-06
1.07582e-05
6.2543e-06
1.00886e-05
6.82335e-06
9.40293e-06
7.31698e-06
8.70595e-06
7.74242e-06
7.99978e-06
8.10884e-06
7.28576e-06
8.4234e-06
6.5657e-06
8.69164e-06
5.84124e-06
8.91942e-06
5.11369e-06
9.11079e-06
4.38386e-06
9.27075e-06
3.65139e-06
9.40088e-06
2.91764e-06
9.50556e-06
2.18284e-06
9.58666e-06
1.44734e-06
9.64585e-06
7.11163e-07
9.67683e-06
9.3737e-06
6.74598e-05
0.000131512
7.44982e-06
8.3941e-05
-3.26215e-05
1.06758e-05
-2.5844e-05
-4.9206e-05
-1.38268e-05
-5.08568e-05
-4.52603e-06
-4.69497e-05
3.00005e-06
-4.21699e-05
7.98585e-06
-3.54376e-05
1.12708e-05
-2.93274e-05
1.34434e-05
-2.40406e-05
1.48563e-05
-1.94477e-05
1.5722e-05
-1.54851e-05
1.62104e-05
-1.20691e-05
1.64154e-05
-9.09453e-06
1.64067e-05
-6.49545e-06
1.62329e-05
-4.21757e-06
1.59274e-05
-2.22012e-06
1.55196e-05
-4.64215e-07
1.50335e-05
1.06656e-06
1.44842e-05
2.41495e-06
1.38866e-05
3.5911e-06
1.32512e-05
4.61675e-06
1.25844e-05
5.51286e-06
1.18961e-05
6.28695e-06
1.11882e-05
6.96232e-06
1.04678e-05
7.54369e-06
9.73704e-06
8.04779e-06
9.00016e-06
8.4793e-06
8.25721e-06
8.85181e-06
7.50952e-06
9.17109e-06
6.75954e-06
9.44165e-06
6.00819e-06
9.67077e-06
5.25449e-06
9.86453e-06
4.50056e-06
1.00247e-05
3.74637e-06
1.01551e-05
2.99202e-06
1.02599e-05
2.23758e-06
1.03411e-05
1.48341e-06
1.04e-05
7.28924e-07
1.04313e-05
1.01026e-05
0.000102949
0.000157645
6.16211e-05
0.000125269
4.87998e-06
6.7417e-05
-2.49193e-05
-1.94067e-05
-1.70867e-05
-5.86895e-05
-4.6952e-06
-5.93411e-05
4.96302e-06
-5.18281e-05
1.07813e-05
-4.12559e-05
1.40884e-05
-3.26345e-05
1.60285e-05
-2.59807e-05
1.71714e-05
-2.05907e-05
1.77966e-05
-1.61102e-05
1.80588e-05
-1.23313e-05
1.80682e-05
-9.1039e-06
1.78802e-05
-6.30742e-06
1.75469e-05
-3.88432e-06
1.70975e-05
-1.77068e-06
1.65671e-05
6.62175e-08
1.59622e-05
1.67139e-06
1.53094e-05
3.06784e-06
1.46189e-05
4.2816e-06
1.3896e-05
5.33966e-06
1.31581e-05
6.25081e-06
1.24011e-05
7.04388e-06
1.16361e-05
7.72731e-06
1.08625e-05
8.31728e-06
1.00853e-05
8.82498e-06
9.30421e-06
9.26039e-06
8.52163e-06
9.63438e-06
7.74023e-06
9.95246e-06
6.95856e-06
1.02233e-05
6.17692e-06
1.04524e-05
5.39797e-06
1.06435e-05
4.62079e-06
1.08019e-05
3.84347e-06
1.09325e-05
3.06802e-06
1.10354e-05
2.29382e-06
1.11153e-05
1.52019e-06
1.11736e-05
7.46927e-07
1.12045e-05
1.08495e-05
0.000125
0.000173893
9.66522e-05
0.000153617
5.16475e-05
0.000112422
-4.0662e-06
3.6307e-05
-1.60769e-05
-4.66788e-05
-3.05266e-06
-7.23654e-05
8.07289e-06
-6.29537e-05
1.44799e-05
-4.76628e-05
1.765e-05
-3.58046e-05
1.91316e-05
-2.74624e-05
1.98431e-05
-2.13022e-05
2.01231e-05
-1.63901e-05
2.01113e-05
-1.23195e-05
1.98793e-05
-8.87189e-06
1.9485e-05
-5.91316e-06
1.89665e-05
-3.36577e-06
1.83583e-05
-1.16245e-06
1.76777e-05
7.46799e-07
1.69469e-05
2.40218e-06
1.61788e-05
3.83594e-06
1.53847e-05
5.07557e-06
1.45769e-05
6.14745e-06
1.37553e-05
7.07238e-06
1.29292e-05
7.86999e-06
1.20991e-05
8.5574e-06
1.12693e-05
9.14709e-06
1.04414e-05
9.65292e-06
9.61514e-06
1.00866e-05
8.79356e-06
1.0456e-05
7.97479e-06
1.07712e-05
7.16074e-06
1.10373e-05
6.35089e-06
1.12622e-05
5.54486e-06
1.14495e-05
4.74186e-06
1.16049e-05
3.94257e-06
1.17318e-05
3.14555e-06
1.18324e-05
2.35075e-06
1.191e-05
1.55733e-06
1.1967e-05
7.65386e-07
1.19965e-05
1.16149e-05
0.00013732
0.000185365
0.000118445
0.000172491
8.65061e-05
0.000144361
3.44311e-05
8.83821e-05
-1.03611e-06
-1.12116e-05
4.88635e-06
-7.82878e-05
1.39189e-05
-7.19862e-05
1.95158e-05
-5.32598e-05
2.1921e-05
-3.82097e-05
2.27392e-05
-2.82805e-05
2.28655e-05
-2.14285e-05
2.27037e-05
-1.62284e-05
2.23522e-05
-1.1968e-05
2.18447e-05
-8.36443e-06
2.121e-05
-5.27854e-06
2.04851e-05
-2.64084e-06
1.96915e-05
-3.68868e-07
1.88503e-05
1.58796e-06
1.79768e-05
3.27568e-06
1.70848e-05
4.728e-06
1.61817e-05
5.97868e-06
1.52764e-05
7.05284e-06
1.43705e-05
7.97828e-06
1.34687e-05
8.77185e-06
1.2574e-05
9.45207e-06
1.16858e-05
1.00353e-05
1.08053e-05
1.05335e-05
9.93352e-06
1.09584e-05
9.06999e-06
1.13195e-05
8.21411e-06
1.16272e-05
7.36683e-06
1.18847e-05
6.52612e-06
1.21029e-05
5.69234e-06
1.22833e-05
4.86429e-06
1.24329e-05
4.04162e-06
1.25544e-05
3.22295e-06
1.2651e-05
2.40773e-06
1.27252e-05
1.59444e-06
1.27803e-05
7.83567e-07
1.28073e-05
1.23985e-05
0.000145225
0.000193694
0.000131332
0.000186385
0.000108565
0.000167128
7.29015e-05
0.000124046
2.93962e-05
3.22936e-05
2.12192e-05
-7.01107e-05
2.23408e-05
-7.31078e-05
2.56875e-05
-5.66065e-05
2.67965e-05
-3.93188e-05
2.66759e-05
-2.81598e-05
2.61601e-05
-2.09127e-05
2.54987e-05
-1.5567e-05
2.47584e-05
-1.12276e-05
2.3929e-05
-7.53504e-06
2.30334e-05
-4.3829e-06
2.20747e-05
-1.68218e-06
2.10836e-05
6.22283e-07
2.00674e-05
2.60423e-06
1.90447e-05
4.29841e-06
1.80219e-05
5.75086e-06
1.7004e-05
6.99658e-06
1.59956e-05
8.06116e-06
1.5001e-05
8.97297e-06
1.40205e-05
9.75234e-06
1.30551e-05
1.04174e-05
1.21057e-05
1.09848e-05
1.11712e-05
1.14679e-05
1.02517e-05
1.18779e-05
9.34546e-06
1.22257e-05
8.45302e-06
1.25196e-05
7.57118e-06
1.27665e-05
6.70086e-06
1.29733e-05
5.83913e-06
1.3145e-05
4.98604e-06
1.32861e-05
4.13987e-06
1.34006e-05
3.29946e-06
1.34914e-05
2.46357e-06
1.35611e-05
1.63199e-06
1.36119e-05
8.0192e-07
1.36374e-05
1.32004e-05
0.000150086
0.000199915
0.000138926
0.000197545
0.00012242
0.000183634
9.4878e-05
0.000151587
5.62997e-05
7.0872e-05
3.7198e-05
-5.10091e-05
3.03628e-05
-6.62726e-05
3.13106e-05
-5.75543e-05
3.16546e-05
-3.96628e-05
3.06967e-05
-2.72019e-05
2.95695e-05
-1.97855e-05
2.84399e-05
-1.44375e-05
2.72914e-05
-1.00791e-05
2.61284e-05
-6.37209e-06
2.49487e-05
-3.20307e-06
2.37488e-05
-4.82305e-07
2.25369e-05
1.83421e-06
2.13328e-05
3.80826e-06
2.0144e-05
5.48717e-06
1.89774e-05
6.91753e-06
1.78365e-05
8.13745e-06
1.67216e-05
9.17611e-06
1.56338e-05
1.00607e-05
1.45727e-05
1.08135e-05
1.35364e-05
1.14538e-05
1.25248e-05
1.19964e-05
1.1536e-05
1.24567e-05
1.05681e-05
1.28459e-05
9.6197e-06
1.31741e-05
8.68877e-06
1.34506e-05
7.77371e-06
1.36815e-05
6.87249e-06
1.38745e-05
5.98374e-06
1.40337e-05
5.10557e-06
1.41642e-05
4.2364e-06
1.42698e-05
3.37478e-06
1.4353e-05
2.51919e-06
1.44167e-05
1.66797e-06
1.44631e-05
8.19603e-07
1.44857e-05
1.402e-05
0.000152595
0.000204732
0.000143402
0.000206738
0.000130791
0.000196245
0.000109342
0.000173036
7.74809e-05
0.000102734
4.97321e-05
-2.32602e-05
3.83661e-05
-5.49066e-05
3.59829e-05
-5.51711e-05
3.56509e-05
-3.93308e-05
3.43452e-05
-2.58962e-05
3.28771e-05
-1.83174e-05
3.14412e-05
-1.30016e-05
2.99357e-05
-8.57361e-06
2.84223e-05
-4.85869e-06
2.69344e-05
-1.71519e-06
2.54586e-05
9.9342e-07
2.40138e-05
3.27895e-06
2.26105e-05
5.21156e-06
2.12515e-05
6.84619e-06
1.99387e-05
8.23033e-06
1.86709e-05
9.40527e-06
1.74468e-05
1.04002e-05
1.62642e-05
1.12433e-05
1.51204e-05
1.19572e-05
1.40134e-05
1.25608e-05
1.29386e-05
1.30712e-05
1.18951e-05
1.35002e-05
1.08791e-05
1.38619e-05
9.88809e-06
1.41652e-05
8.9197e-06
1.4419e-05
7.97101e-06
1.46302e-05
7.04008e-06
1.48054e-05
6.12424e-06
1.49496e-05
5.22155e-06
1.50669e-05
4.33021e-06
1.51611e-05
3.44774e-06
1.52355e-05
2.57269e-06
1.52917e-05
1.70324e-06
1.53325e-05
8.36266e-07
1.53526e-05
1.48562e-05
0.000153324
0.000208507
0.000145612
0.00021445
0.00013501
0.000206847
0.000119062
0.000188984
9.62045e-05
0.000125591
6.08221e-05
1.21222e-05
4.52533e-05
-3.93379e-05
4.00039e-05
-4.99217e-05
3.85594e-05
-3.78864e-05
3.74151e-05
-2.47519e-05
3.60431e-05
-1.69454e-05
3.44291e-05
-1.13876e-05
3.2616e-05
-6.76057e-06
3.07616e-05
-3.00428e-06
2.89371e-05
1.09265e-07
2.71824e-05
2.74817e-06
2.54987e-05
4.96264e-06
2.38902e-05
6.82004e-06
2.23563e-05
8.38012e-06
2.08926e-05
9.69402e-06
1.94963e-05
1.08016e-05
1.81616e-05
1.1735e-05
1.68835e-05
1.25213e-05
1.56574e-05
1.31834e-05
1.4478e-05
1.37402e-05
1.33422e-05
1.42071e-05
1.22438e-05
1.45986e-05
1.11803e-05
1.49254e-05
1.01475e-05
1.5198e-05
9.14217e-06
1.54243e-05
8.16093e-06
1.56115e-05
7.20107e-06
1.57653e-05
6.2585e-06
1.58922e-05
5.33281e-06
1.59926e-05
4.41944e-06
1.60745e-05
3.51743e-06
1.61375e-05
2.62355e-06
1.61856e-05
1.73593e-06
1.62201e-05
8.53078e-07
1.62355e-05
1.57093e-05
0.000152662
0.000211685
0.000145843
0.000221269
0.000136618
0.000216072
0.000124815
0.000200787
0.000103392
0.000147013
6.59291e-05
4.95856e-05
5.11772e-05
-2.4586e-05
4.50097e-05
-4.37542e-05
4.21368e-05
-3.50135e-05
4.07873e-05
-2.34023e-05
3.93868e-05
-1.5545e-05
3.75043e-05
-9.50499e-06
3.53345e-05
-4.59082e-06
3.31018e-05
-7.71548e-07
3.09478e-05
2.26319e-06
2.89007e-05
4.79534e-06
2.69697e-05
6.89357e-06
2.51517e-05
8.63802e-06
2.34396e-05
1.00922e-05
2.18251e-05
1.13084e-05
2.02998e-05
1.23269e-05
1.88549e-05
1.31799e-05
1.74825e-05
1.38937e-05
1.61742e-05
1.44917e-05
1.49255e-05
1.4989e-05
1.37279e-05
1.54047e-05
1.25769e-05
1.57497e-05
1.14671e-05
1.60351e-05
1.0394e-05
1.62711e-05
9.35294e-06
1.64653e-05
8.34036e-06
1.66241e-05
7.35189e-06
1.67537e-05
6.38602e-06
1.68581e-05
5.43735e-06
1.69413e-05
4.50324e-06
1.70085e-05
3.58247e-06
1.70582e-05
2.6712e-06
1.70968e-05
1.76709e-06
1.71242e-05
8.68386e-07
1.71342e-05
1.65777e-05
0.000150592
0.000214111
0.000144181
0.00022768
0.000136065
0.000224188
0.000126761
0.000210092
0.000105407
0.000168367
7.67007e-05
7.82921e-05
5.95419e-05
-7.42713e-06
5.1889e-05
-3.61014e-05
4.81193e-05
-3.12437e-05
4.58247e-05
-2.11078e-05
4.34947e-05
-1.32149e-05
4.08508e-05
-6.86117e-06
3.81147e-05
-1.85473e-06
3.54534e-05
1.88972e-06
3.29268e-05
4.78979e-06
3.05793e-05
7.14271e-06
2.83974e-05
9.07548e-06
2.637e-05
1.06654e-05
2.44817e-05
1.19806e-05
2.27185e-05
1.30716e-05
2.10668e-05
1.39785e-05
1.95144e-05
1.47324e-05
1.80497e-05
1.53584e-05
1.6664e-05
1.58774e-05
1.53466e-05
1.63063e-05
1.4091e-05
1.66602e-05
1.28883e-05
1.69524e-05
1.17349e-05
1.71886e-05
1.06231e-05
1.73828e-05
9.54862e-06
1.75399e-05
8.50621e-06
1.76665e-05
7.49226e-06
1.77677e-05
6.50228e-06
1.7848e-05
5.5326e-06
1.79109e-05
4.58077e-06
1.79604e-05
3.64221e-06
1.79968e-05
2.71488e-06
1.80242e-05
1.7957e-06
1.80434e-05
8.821e-07
1.80478e-05
1.74598e-05
0.000147351
0.000216306
0.000140851
0.00023418
0.000133506
0.000231533
0.00012577
0.000217828
0.000108802
0.000185335
8.87317e-05
9.83629e-05
7.13763e-05
9.92832e-06
6.22552e-05
-2.69803e-05
5.6623e-05
-2.56115e-05
5.21705e-05
-1.66553e-05
4.81319e-05
-9.17637e-06
4.43597e-05
-3.08897e-06
4.09107e-05
1.59434e-06
3.77446e-05
5.05574e-06
3.48387e-05
7.69575e-06
3.21839e-05
9.79745e-06
2.97528e-05
1.15065e-05
2.75199e-05
1.28983e-05
2.54609e-05
1.40396e-05
2.35545e-05
1.4978e-05
2.17822e-05
1.57509e-05
2.01274e-05
1.63872e-05
1.85758e-05
1.691e-05
1.71151e-05
1.73381e-05
1.57339e-05
1.76875e-05
1.4422e-05
1.7972e-05
1.31739e-05
1.82005e-05
1.19785e-05
1.8384e-05
1.08312e-05
1.85302e-05
9.72538e-06
1.86457e-05
8.65599e-06
1.87359e-05
7.6178e-06
1.88059e-05
6.60646e-06
1.88593e-05
5.61808e-06
1.88993e-05
4.64916e-06
1.89293e-05
3.6952e-06
1.89508e-05
2.75359e-06
1.89658e-05
1.82087e-06
1.89761e-05
8.93977e-07
1.89747e-05
1.83538e-05
0.000142869
0.000219585
0.000135989
0.00024106
0.000129325
0.000238196
0.000122746
0.000224408
0.000111508
0.000196572
9.97136e-05
0.000110157
8.49107e-05
2.47312e-05
7.36376e-05
-1.57071e-05
6.50369e-05
-1.70109e-05
5.82162e-05
-9.83456e-06
5.2539e-05
-3.49924e-06
4.77275e-05
1.72249e-06
4.35646e-05
5.75725e-06
3.9897e-05
8.72329e-06
3.66178e-05
1.09749e-05
3.36658e-05
1.27494e-05
3.09986e-05
1.41737e-05
2.85723e-05
1.53245e-05
2.63537e-05
1.62582e-05
2.43142e-05
1.70175e-05
2.243e-05
1.76351e-05
2.06802e-05
1.8137e-05
1.90484e-05
1.85418e-05
1.75189e-05
1.88677e-05
1.60788e-05
1.91276e-05
1.47173e-05
1.93335e-05
1.34252e-05
1.94927e-05
1.21929e-05
1.96164e-05
1.10133e-05
1.97098e-05
9.87953e-06
1.97794e-05
8.78577e-06
1.98296e-05
7.72661e-06
1.98651e-05
6.6961e-06
1.98899e-05
5.69148e-06
1.99039e-05
4.70747e-06
1.99133e-05
3.74013e-06
1.99181e-05
2.78625e-06
1.99196e-05
1.84176e-06
1.99206e-05
9.04642e-07
1.99118e-05
1.92584e-05
0.000136982
0.000226793
0.000129687
0.000248355
0.000123851
0.000244032
0.000118323
0.000229935
0.000112419
0.000202475
0.000107494
0.000115083
9.57948e-05
3.64306e-05
8.21166e-05
-2.02887e-06
7.11721e-05
-6.06638e-06
6.29669e-05
-1.62948e-06
5.63301e-05
3.13767e-06
5.07115e-05
7.34098e-06
4.5936e-05
1.05328e-05
4.18147e-05
1.28446e-05
3.81951e-05
1.45945e-05
3.49776e-05
1.59669e-05
3.20973e-05
1.70541e-05
2.94978e-05
1.7924e-05
2.71363e-05
1.86196e-05
2.4978e-05
1.91758e-05
2.29941e-05
1.96189e-05
2.11593e-05
1.99718e-05
1.94559e-05
2.02452e-05
1.78653e-05
2.04584e-05
1.63735e-05
2.06194e-05
1.49685e-05
2.07385e-05
1.36377e-05
2.08235e-05
1.23729e-05
2.08811e-05
1.1165e-05
2.09177e-05
1.00072e-05
2.09372e-05
8.89236e-06
2.09445e-05
7.81477e-06
2.09426e-05
6.76982e-06
2.09348e-05
5.75092e-06
2.09228e-05
4.75387e-06
2.09104e-05
3.77637e-06
2.08956e-05
2.81257e-06
2.08834e-05
1.85871e-06
2.08744e-05
9.12684e-07
2.08578e-05
2.01711e-05
0.000129273
0.000239483
0.000122225
0.000255403
0.000117415
0.000248842
0.000113139
0.000234211
0.00011242
0.000203195
0.000113685
0.000113818
0.00010345
4.66649e-05
8.82679e-05
1.31534e-05
7.60218e-05
6.17975e-06
6.69193e-05
7.47304e-06
5.94465e-05
1.06105e-05
5.31659e-05
1.36216e-05
4.7899e-05
1.57997e-05
4.34089e-05
1.73347e-05
3.95069e-05
1.84965e-05
3.60713e-05
1.94024e-05
3.30126e-05
2.01128e-05
3.02677e-05
2.06689e-05
2.77857e-05
2.11016e-05
2.55265e-05
2.1435e-05
2.34572e-05
2.16883e-05
2.15526e-05
2.18763e-05
1.97881e-05
2.20097e-05
1.81457e-05
2.21007e-05
1.66103e-05
2.21548e-05
1.51674e-05
2.21814e-05
1.38051e-05
2.21858e-05
1.25131e-05
2.21732e-05
1.12823e-05
2.21484e-05
1.01046e-05
2.2115e-05
8.97315e-06
2.20759e-05
7.88118e-06
2.20346e-05
6.82329e-06
2.19927e-05
5.79335e-06
2.19528e-05
4.78845e-06
2.19153e-05
3.80201e-06
2.1882e-05
2.83072e-06
2.18547e-05
1.87098e-06
2.18342e-05
9.18133e-07
2.18107e-05
2.10892e-05
0.000120025
0.000253749
0.000114079
0.000261349
0.000110405
0.000252516
0.000107954
0.000236663
0.000116475
0.000194673
0.000120414
0.00010988
0.000109312
5.77671e-05
9.2786e-05
2.9679e-05
7.98169e-05
1.91488e-05
6.9882e-05
1.7408e-05
6.16873e-05
1.88052e-05
5.49367e-05
2.03721e-05
4.93442e-05
2.13921e-05
4.46031e-05
2.20759e-05
4.05002e-05
2.25994e-05
3.69022e-05
2.30004e-05
3.37105e-05
2.33046e-05
3.08549e-05
2.35245e-05
2.82801e-05
2.36764e-05
2.59424e-05
2.37727e-05
2.3807e-05
2.38237e-05
2.18456e-05
2.38378e-05
2.00333e-05
2.38219e-05
1.83507e-05
2.37832e-05
1.67808e-05
2.37247e-05
1.53086e-05
2.36536e-05
1.39217e-05
2.35727e-05
1.26089e-05
2.3486e-05
1.13609e-05
2.33965e-05
1.0168e-05
2.33078e-05
9.02427e-06
2.32197e-05
7.92217e-06
2.31367e-05
6.85531e-06
2.30595e-05
5.81929e-06
2.29888e-05
4.80779e-06
2.29267e-05
3.81648e-06
2.28733e-05
2.84127e-06
2.283e-05
1.87698e-06
2.27985e-05
9.2118e-07
2.27665e-05
2.20104e-05
0.00011018
0.000265937
0.000105694
0.000265835
0.00010329
0.000254919
0.000103528
0.000236426
0.000122369
0.000175832
0.000123065
0.000109184
0.000109167
7.16649e-05
9.34588e-05
4.53869e-05
8.11996e-05
3.1408e-05
7.11307e-05
2.74769e-05
6.27485e-05
2.71875e-05
5.58918e-05
2.72288e-05
5.0192e-05
2.70919e-05
4.53375e-05
2.69303e-05
4.11316e-05
2.68053e-05
3.74386e-05
2.66934e-05
3.41651e-05
2.6578e-05
3.1238e-05
2.64517e-05
2.86012e-05
2.63132e-05
2.62101e-05
2.61638e-05
2.40289e-05
2.60048e-05
2.20278e-05
2.58389e-05
2.01821e-05
2.56677e-05
1.84718e-05
2.54934e-05
1.68778e-05
2.53188e-05
1.53857e-05
2.51456e-05
1.39821e-05
2.49764e-05
1.26555e-05
2.48126e-05
1.13957e-05
2.46564e-05
1.01948e-05
2.45087e-05
9.04337e-06
2.43712e-05
7.93558e-06
2.42445e-05
6.86491e-06
2.41302e-05
5.82535e-06
2.40284e-05
4.81084e-06
2.39413e-05
3.81819e-06
2.3866e-05
2.84149e-06
2.38067e-05
1.87781e-06
2.37622e-05
9.21909e-07
2.37224e-05
2.29323e-05
9.96907e-05
0.000274022
9.7154e-05
0.000268372
9.61451e-05
0.000255928
0.00010061
0.000231961
0.000120499
0.000155944
0.000115371
0.000114311
0.000102084
8.49517e-05
9.05042e-05
5.69671e-05
8.01347e-05
4.17776e-05
7.06943e-05
3.69174e-05
6.26754e-05
3.52064e-05
5.60268e-05
3.38773e-05
5.04177e-05
3.2701e-05
4.55865e-05
3.17615e-05
4.13717e-05
3.10201e-05
3.76572e-05
3.04079e-05
3.43558e-05
2.98794e-05
3.13993e-05
2.94082e-05
2.87339e-05
2.89786e-05
2.63165e-05
2.85811e-05
2.41117e-05
2.82097e-05
2.209e-05
2.78606e-05
2.02266e-05
2.75311e-05
1.85012e-05
2.72188e-05
1.68948e-05
2.69252e-05
1.53929e-05
2.66476e-05
1.39812e-05
2.6388e-05
1.26488e-05
2.61451e-05
1.13848e-05
2.59204e-05
1.01807e-05
2.57127e-05
9.02748e-06
2.55244e-05
7.91891e-06
2.53531e-05
6.84849e-06
2.52007e-05
5.80951e-06
2.50673e-05
4.79783e-06
2.49529e-05
3.8067e-06
2.48572e-05
2.83267e-06
2.47808e-05
1.8712e-06
2.47237e-05
9.17682e-07
2.46759e-05
2.385e-05
8.93936e-05
0.000278721
8.8474e-05
0.000269292
8.87908e-05
0.000255612
9.95939e-05
0.000221158
0.000108756
0.000146782
0.000100676
0.000122391
9.31265e-05
9.25013e-05
8.59479e-05
6.41457e-05
7.73593e-05
5.03663e-05
6.89191e-05
4.53576e-05
6.16037e-05
4.25217e-05
5.53929e-05
4.00881e-05
5.00349e-05
3.80589e-05
4.53486e-05
3.64479e-05
4.12163e-05
3.51524e-05
3.75483e-05
3.4076e-05
3.42719e-05
3.31557e-05
3.13279e-05
3.23521e-05
2.86679e-05
3.16386e-05
2.62519e-05
3.09971e-05
2.40464e-05
3.04151e-05
2.20236e-05
2.98834e-05
2.01595e-05
2.93951e-05
1.84328e-05
2.89456e-05
1.68268e-05
2.85312e-05
1.53252e-05
2.81492e-05
1.39152e-05
2.7798e-05
1.25849e-05
2.74754e-05
1.13236e-05
2.71817e-05
1.01228e-05
2.69136e-05
8.97464e-06
2.66726e-05
7.87085e-06
2.64569e-05
6.80518e-06
2.62663e-05
5.77194e-06
2.61006e-05
4.76566e-06
2.59592e-05
3.78088e-06
2.5842e-05
2.81305e-06
2.57486e-05
1.85761e-06
2.56791e-05
9.10757e-07
2.56228e-05
2.47608e-05
8.01809e-05
0.000281698
8.01728e-05
0.0002693
8.25072e-05
0.000253277
0.000100098
0.000203567
9.64071e-05
0.000150473
8.87192e-05
0.000130079
8.57858e-05
9.54347e-05
8.08134e-05
6.91181e-05
7.34962e-05
5.76835e-05
6.61769e-05
5.2677e-05
5.97257e-05
4.89729e-05
5.40877e-05
4.5726e-05
4.90957e-05
4.30509e-05
4.46476e-05
4.0896e-05
4.06742e-05
3.91259e-05
3.71135e-05
3.76367e-05
3.3911e-05
3.63581e-05
3.10193e-05
3.52438e-05
2.83973e-05
3.42605e-05
2.60101e-05
3.33844e-05
2.38273e-05
3.25979e-05
2.1823e-05
3.18877e-05
1.99745e-05
3.12437e-05
1.8262e-05
3.06581e-05
1.66683e-05
3.01248e-05
1.51786e-05
2.96389e-05
1.378e-05
2.91966e-05
1.24603e-05
2.87951e-05
1.12104e-05
2.84316e-05
1.00201e-05
2.8104e-05
8.88205e-06
2.78107e-05
7.78864e-06
2.75503e-05
6.73333e-06
2.73217e-05
5.7103e-06
2.71236e-05
4.71403e-06
2.69555e-05
3.73954e-06
2.68165e-05
2.78198e-06
2.67062e-05
1.83692e-06
2.66242e-05
9.00461e-07
2.65593e-05
2.56612e-05
7.23727e-05
0.000283545
7.33248e-05
0.000268348
7.84234e-05
0.000248179
9.55996e-05
0.00018639
8.36995e-05
0.000162373
7.90627e-05
0.000134715
7.87647e-05
9.57327e-05
7.494e-05
7.29428e-05
6.88592e-05
6.37644e-05
6.27628e-05
5.87734e-05
5.72417e-05
5.44941e-05
5.2237e-05
5.07307e-05
4.76754e-05
4.76125e-05
4.35284e-05
4.5043e-05
3.97691e-05
4.28851e-05
3.63642e-05
4.10416e-05
3.32771e-05
3.94452e-05
3.04732e-05
3.80477e-05
2.792e-05
3.68138e-05
2.55878e-05
3.57165e-05
2.34504e-05
3.47353e-05
2.14842e-05
3.38539e-05
1.96683e-05
3.30595e-05
1.79845e-05
3.23418e-05
1.64167e-05
3.16926e-05
1.49503e-05
3.11052e-05
1.3573e-05
3.0574e-05
1.22735e-05
3.00946e-05
1.1042e-05
2.96631e-05
9.86949e-06
2.92765e-05
8.74812e-06
2.89321e-05
7.67083e-06
2.86276e-05
6.63123e-06
2.83612e-05
5.62344e-06
2.81314e-05
4.64213e-06
2.79369e-05
3.68226e-06
2.77764e-05
2.73916e-06
2.76493e-05
1.80842e-06
2.75549e-05
8.86205e-07
2.74815e-05
2.65474e-05
6.59745e-05
0.000283563
6.76023e-05
0.00026672
7.20775e-05
0.000243703
7.49441e-05
0.000183524
6.49389e-05
0.000172379
6.79755e-05
0.000131679
7.0787e-05
9.29212e-05
6.84239e-05
7.53059e-05
6.38026e-05
6.83857e-05
5.89694e-05
6.36067e-05
5.43565e-05
5.9107e-05
4.99781e-05
5.51091e-05
4.58634e-05
5.17272e-05
4.20461e-05
4.88603e-05
3.85348e-05
4.63964e-05
3.53195e-05
4.42569e-05
3.23807e-05
4.23839e-05
2.96949e-05
4.07335e-05
2.72376e-05
3.92711e-05
2.49849e-05
3.79693e-05
2.29142e-05
3.68059e-05
2.10051e-05
3.5763e-05
1.92388e-05
3.48258e-05
1.75986e-05
3.3982e-05
1.60695e-05
3.32218e-05
1.4638e-05
3.25367e-05
1.32922e-05
3.19197e-05
1.20217e-05
3.13651e-05
1.08169e-05
3.0868e-05
9.66933e-06
3.04241e-05
8.57149e-06
3.003e-05
7.51648e-06
2.96826e-05
6.49812e-06
2.93796e-05
5.51075e-06
2.91188e-05
4.54918e-06
2.88985e-05
3.6085e-06
2.87171e-05
2.68417e-06
2.85737e-05
1.77188e-06
2.84673e-05
8.67981e-07
2.83854e-05
2.74154e-05
5.86808e-05
0.000282905
6.07205e-05
0.00026468
6.0045e-05
0.000244379
4.62356e-05
0.000197333
4.62773e-05
0.000172337
5.78565e-05
0.0001201
6.31822e-05
8.75956e-05
6.2157e-05
7.63312e-05
5.88695e-05
7.16732e-05
5.51188e-05
6.73574e-05
5.12724e-05
6.29534e-05
4.74449e-05
5.89366e-05
4.37485e-05
5.54237e-05
4.02586e-05
5.23502e-05
3.7008e-05
4.96471e-05
3.40031e-05
4.72618e-05
3.12363e-05
4.51507e-05
2.86931e-05
4.32768e-05
2.63552e-05
4.16089e-05
2.42038e-05
4.01207e-05
2.222e-05
3.87897e-05
2.03861e-05
3.75969e-05
1.86855e-05
3.65263e-05
1.71033e-05
3.55643e-05
1.56256e-05
3.46994e-05
1.42404e-05
3.39219e-05
1.29364e-05
3.32236e-05
1.1704e-05
3.25976e-05
1.05342e-05
3.20378e-05
9.41904e-06
3.15392e-05
8.35144e-06
3.10976e-05
7.32486e-06
3.07092e-05
6.3334e-06
3.03711e-05
5.37169e-06
3.00806e-05
4.43474e-06
2.98355e-05
3.51787e-06
2.9634e-05
2.61672e-06
2.94748e-05
1.72716e-06
2.93568e-05
8.45756e-07
2.92668e-05
2.82612e-05
4.68902e-05
0.000284652
4.99818e-05
0.000261588
4.39212e-05
0.00025044
2.71621e-05
0.000214092
3.77592e-05
0.00016174
5.23803e-05
0.000105479
5.76873e-05
8.22886e-05
5.70516e-05
7.69668e-05
5.45323e-05
7.41925e-05
5.14666e-05
7.04232e-05
4.8144e-05
6.62759e-05
4.47391e-05
6.23415e-05
4.13999e-05
5.87629e-05
3.82142e-05
5.5536e-05
3.52223e-05
5.26389e-05
3.24381e-05
5.00461e-05
2.986e-05
4.77287e-05
2.74787e-05
4.56581e-05
2.52804e-05
4.38072e-05
2.32498e-05
4.21513e-05
2.13712e-05
4.06683e-05
1.96293e-05
3.93388e-05
1.80098e-05
3.81458e-05
1.64992e-05
3.70748e-05
1.50856e-05
3.61131e-05
1.37577e-05
3.52498e-05
1.25056e-05
3.44757e-05
1.13203e-05
3.37829e-05
1.01937e-05
3.31644e-05
9.11833e-06
3.26146e-05
8.08768e-06
3.21283e-05
7.09567e-06
3.17013e-05
6.1368e-06
3.133e-05
5.20601e-06
3.10114e-05
4.2986e-06
3.07429e-05
3.41021e-06
3.05224e-05
2.53671e-06
3.03484e-05
1.67418e-06
3.02194e-05
8.19469e-07
3.01216e-05
2.90807e-05
3.55689e-05
0.000291512
3.37345e-05
0.000263423
2.63531e-05
0.000257821
1.99861e-05
0.000220459
3.825e-05
0.000143476
5.14845e-05
9.22441e-05
5.46902e-05
7.90828e-05
5.33995e-05
7.82577e-05
5.09499e-05
7.66421e-05
4.8102e-05
7.32711e-05
4.5033e-05
6.9345e-05
4.1908e-05
6.54665e-05
3.88543e-05
6.18165e-05
3.59414e-05
5.84488e-05
3.32008e-05
5.53796e-05
3.06429e-05
5.26039e-05
2.82665e-05
5.01052e-05
2.60634e-05
4.78612e-05
2.40221e-05
4.58484e-05
2.21298e-05
4.40436e-05
2.03731e-05
4.2425e-05
1.87388e-05
4.0973e-05
1.72147e-05
3.967e-05
1.5789e-05
3.85004e-05
1.44512e-05
3.74509e-05
1.31914e-05
3.65095e-05
1.20008e-05
3.56663e-05
1.08714e-05
3.49123e-05
9.79589e-06
3.424e-05
8.76759e-06
3.36429e-05
7.7805e-06
3.31154e-05
6.82913e-06
3.26527e-05
5.90845e-06
3.22507e-05
5.0138e-06
3.19061e-05
4.14085e-06
3.16158e-05
3.28558e-06
3.13777e-05
2.44416e-06
3.11898e-05
1.61295e-06
3.10506e-05
7.89127e-07
3.09454e-05
2.98698e-05
3.48455e-05
0.000298946
2.46915e-05
0.000273577
1.78159e-05
0.000264697
2.67041e-05
0.000211571
4.61736e-05
0.000124006
5.44515e-05
8.39662e-05
5.38633e-05
7.9671e-05
5.0987e-05
8.1134e-05
4.79653e-05
7.96638e-05
4.49295e-05
7.63069e-05
4.18936e-05
7.23809e-05
3.8935e-05
6.84252e-05
3.61109e-05
6.46406e-05
3.3448e-05
6.11118e-05
3.09547e-05
5.78729e-05
2.86301e-05
5.49285e-05
2.64677e-05
5.22675e-05
2.44581e-05
4.98709e-05
2.25901e-05
4.77164e-05
2.08521e-05
4.57815e-05
1.92326e-05
4.40445e-05
1.77204e-05
4.24852e-05
1.63049e-05
4.10854e-05
1.49763e-05
3.9829e-05
1.37255e-05
3.87017e-05
1.2544e-05
3.7691e-05
1.14241e-05
3.67861e-05
1.0359e-05
3.59774e-05
9.34222e-06
3.52568e-05
8.36792e-06
3.46172e-05
7.43079e-06
3.40525e-05
6.52596e-06
3.35575e-05
5.64892e-06
3.31277e-05
4.7955e-06
3.27595e-05
3.96183e-06
3.24495e-05
3.14423e-06
3.21953e-05
2.33926e-06
3.19948e-05
1.5436e-06
3.18463e-05
7.54795e-07
3.17342e-05
3.06246e-05
4.08963e-05
0.00030209
3.62033e-05
0.00027827
3.17075e-05
0.000269192
4.82647e-05
0.000195014
6.12922e-05
0.000110979
6.02154e-05
8.50431e-05
5.42514e-05
8.5635e-05
4.91341e-05
8.62513e-05
4.51263e-05
8.36716e-05
4.1684e-05
7.97491e-05
3.85832e-05
7.54818e-05
3.57479e-05
7.12606e-05
3.31377e-05
6.72507e-05
3.07242e-05
6.35253e-05
2.84863e-05
6.01108e-05
2.64076e-05
5.70072e-05
2.44742e-05
5.42009e-05
2.26737e-05
5.16714e-05
2.09945e-05
4.93956e-05
1.94259e-05
4.73501e-05
1.79579e-05
4.55125e-05
1.65811e-05
4.3862e-05
1.52866e-05
4.23798e-05
1.40664e-05
4.10492e-05
1.29129e-05
3.98552e-05
1.18191e-05
3.87848e-05
1.07786e-05
3.78265e-05
9.78565e-06
3.69704e-05
8.83478e-06
3.62076e-05
7.92108e-06
3.55309e-05
7.04001e-06
3.49335e-05
6.18734e-06
3.44101e-05
5.35918e-06
3.39559e-05
4.55192e-06
3.35667e-05
3.76215e-06
3.32393e-05
2.98665e-06
3.29708e-05
2.22236e-06
3.27591e-05
1.46635e-06
3.26023e-05
7.16587e-07
3.2484e-05
3.13412e-05
4.48013e-05
0.00030237
4.95944e-05
0.000273477
6.103e-05
0.000257757
7.89003e-05
0.000177143
7.75725e-05
0.000112307
6.46511e-05
9.79646e-05
5.36554e-05
9.66307e-05
4.65932e-05
9.33135e-05
4.17275e-05
8.85373e-05
3.79855e-05
8.34911e-05
3.49009e-05
7.85664e-05
3.22442e-05
7.39172e-05
2.98869e-05
6.96081e-05
2.77525e-05
6.56598e-05
2.57943e-05
6.2069e-05
2.39824e-05
5.8819e-05
2.22966e-05
5.58867e-05
2.07221e-05
5.32459e-05
1.92473e-05
5.08704e-05
1.78624e-05
4.87349e-05
1.65591e-05
4.68157e-05
1.53298e-05
4.50913e-05
1.41675e-05
4.35421e-05
1.30659e-05
4.21508e-05
1.20191e-05
4.09021e-05
1.10216e-05
3.97823e-05
1.00684e-05
3.87797e-05
9.15477e-06
3.78839e-05
8.27648e-06
3.70859e-05
7.42953e-06
3.63778e-05
6.61019e-06
3.57528e-05
5.81498e-06
3.52053e-05
5.04065e-06
3.47302e-05
4.28418e-06
3.43232e-05
3.54272e-06
3.39808e-05
2.81353e-06
3.37e-05
2.09397e-06
3.34787e-05
1.38154e-06
3.33148e-05
6.74669e-07
3.31909e-05
3.20159e-05
4.62455e-05
5.60506e-05
8.5804e-05
9.706e-05
8.03672e-05
6.1337e-05
4.92801e-05
4.19703e-05
3.70677e-05
3.34798e-05
3.06669e-05
2.83364e-05
2.63209e-05
2.45222e-05
2.28819e-05
2.13646e-05
1.99479e-05
1.86172e-05
1.73619e-05
1.61742e-05
1.50477e-05
1.39768e-05
1.29567e-05
1.19828e-05
1.1051e-05
1.01574e-05
9.29844e-06
8.47073e-06
7.67106e-06
6.8964e-06
6.14397e-06
5.41107e-06
4.69515e-06
3.99378e-06
3.30473e-06
2.62578e-06
1.95476e-06
1.28962e-06
6.29281e-07
)
;

boundaryField
{
    leftWall
    {
        type            calculated;
        value           nonuniform 0();
    }
    rightWall
    {
        type            calculated;
        value           uniform 0;
    }
    lowerWall
    {
        type            calculated;
        value           uniform 0;
    }
    atmosphere
    {
        type            calculated;
        value           nonuniform 0();
    }
    defaultFaces
    {
        type            empty;
        value           nonuniform 0();
    }
    procBoundary1to0
    {
        type            processor;
        value           nonuniform List<scalar> 
44
(
2.79907e-05
5.51464e-06
-2.24311e-05
-3.68311e-05
-4.06552e-05
-3.95952e-05
-3.85024e-05
-3.97833e-05
-4.44344e-05
-5.24872e-05
-6.6896e-05
-8.36715e-05
-9.78349e-05
-0.00011002
-0.00012165
-0.000134265
-0.000146579
-0.000153519
-0.000154358
-0.000150745
0.000121266
-0.000147174
-0.000140076
-0.000135659
-0.000135841
-0.000137669
-0.000135579
-0.000126527
-0.000112657
-0.000105001
-0.000115722
-0.000120507
-0.000113762
-0.000126155
-0.000146483
-0.000151288
-0.000131549
-9.27833e-05
-4.85804e-05
-1.51048e-05
-2.66258e-05
-3.36407e-05
-2.25004e-05
8.94658e-06
)
;
    }
    procBoundary1to3
    {
        type            processor;
        value           nonuniform List<scalar> 
45
(
-5.65138e-05
5.5623e-05
0.000172565
0.00025016
0.000278074
0.00029917
0.000263672
0.000228003
0.000165887
0.000128999
0.000116995
0.000108688
0.000100623
9.34398e-05
8.7079e-05
8.13793e-05
7.62477e-05
7.16236e-05
6.74585e-05
6.37093e-05
6.03364e-05
5.73034e-05
5.45768e-05
5.21258e-05
4.99226e-05
4.79423e-05
4.61621e-05
4.45622e-05
4.31247e-05
4.18338e-05
4.06758e-05
3.96387e-05
3.87117e-05
3.78856e-05
3.71525e-05
3.65053e-05
3.59383e-05
3.54461e-05
3.50245e-05
3.46698e-05
3.4379e-05
3.41497e-05
3.39798e-05
3.38511e-05
3.26451e-05
)
;
    }
}


// ************************************************************************* //
