/*--------------------------------*- C++ -*----------------------------------*\
| =========                 |                                                 |
| \\      /  F ield         | OpenFOAM: The Open Source CFD Toolbox           |
|  \\    /   O peration     | Version:  3.0.1                                 |
|   \\  /    A nd           | Web:      www.OpenFOAM.org                      |
|    \\/     M anipulation  |                                                 |
\*---------------------------------------------------------------------------*/
FoamFile
{
    version     2.0;
    format      ascii;
    class       volVectorField;
    location    "0.2";
    object      U;
}
// * * * * * * * * * * * * * * * * * * * * * * * * * * * * * * * * * * * * * //

dimensions      [0 1 -1 0 0 0 0];

internalField   nonuniform List<vector> 
1915
(
(-0.401968 -0.117307 0)
(-0.108728 -0.210404 0)
(-0.162624 -0.0848505 0)
(0.0244704 -0.323997 0)
(0.207739 0.0145719 0)
(0.14723 -0.265412 0)
(0.422924 0.185848 0)
(0.213655 -0.0958369 0)
(0.494355 0.36151 0)
(0.242562 0.137007 0)
(0.490767 0.532922 0)
(0.24482 0.394117 0)
(0.473369 0.698301 0)
(0.241194 0.653093 0)
(0.483034 0.861398 0)
(0.244157 0.919398 0)
(0.546856 1.02134 0)
(0.289711 1.20269 0)
(0.689833 1.17977 0)
(0.321885 1.55637 0)
(0.00175896 -0.00393859 0)
(0.00565211 -0.0026349 0)
(0.00743269 -0.000927326 0)
(0.00865769 -0.000156319 0)
(0.0111337 -0.000209765 0)
(0.0156419 -0.000820873 0)
(0.0224445 -0.0016487 0)
(0.0312701 -0.00259698 0)
(0.0418087 -0.00332182 0)
(0.0531786 -0.0036444 0)
(0.0642403 -0.00347945 0)
(0.0746771 -0.00315104 0)
(0.0840943 -0.00278294 0)
(0.0923353 -0.00239507 0)
(0.0993152 -0.00200494 0)
(0.104982 -0.00159258 0)
(0.10934 -0.00116906 0)
(0.112423 -0.000770892 0)
(0.11429 -0.000384504 0)
(0.115025 -1.22098e-05 0)
(0.114669 0.00032039 0)
(0.113336 0.000619845 0)
(0.111111 0.000899884 0)
(0.108101 0.0011394 0)
(0.104386 0.00135657 0)
(0.100037 0.0015503 0)
(0.0951325 0.0017257 0)
(0.0897389 0.00187845 0)
(0.0839031 0.00201399 0)
(0.0776884 0.00213538 0)
(0.0711585 0.00223979 0)
(0.064335 0.00231831 0)
(0.0572508 0.00239886 0)
(0.0499727 0.00246314 0)
(0.0425218 0.00251322 0)
(0.0349271 0.00256097 0)
(0.0272205 0.00259462 0)
(0.0194291 0.00261615 0)
(0.011598 0.00261807 0)
(0.00378072 0.0026217 0)
(-0.00649505 -0.00103952 0)
(-0.0138805 -0.000948477 0)
(-0.0168676 -0.00091508 0)
(-0.0148517 -0.00258009 0)
(-0.00796313 -0.00503961 0)
(0.00243754 -0.00758601 0)
(0.0149992 -0.00981454 0)
(0.0284665 -0.0115002 0)
(0.0421831 -0.0124045 0)
(0.0552868 -0.0125832 0)
(0.0678711 -0.0120486 0)
(0.0797186 -0.011103 0)
(0.0905182 -0.00990586 0)
(0.100005 -0.00854441 0)
(0.108044 -0.00711457 0)
(0.114597 -0.00565582 0)
(0.119641 -0.00421397 0)
(0.123233 -0.0028277 0)
(0.125471 -0.00151058 0)
(0.126414 -0.000272191 0)
(0.126209 0.000860144 0)
(0.12493 0.00188968 0)
(0.12264 0.00283053 0)
(0.119441 0.0036649 0)
(0.115446 0.00441538 0)
(0.110728 0.00508372 0)
(0.105368 0.00567619 0)
(0.0994461 0.00620204 0)
(0.0930248 0.00665972 0)
(0.0861642 0.00706103 0)
(0.078935 0.007409 0)
(0.0713801 0.00769304 0)
(0.0635388 0.00795626 0)
(0.0554615 0.00816954 0)
(0.0471977 0.00834518 0)
(0.0387707 0.00849262 0)
(0.0302089 0.00860248 0)
(0.0215501 0.00868151 0)
(0.0128449 0.00870716 0)
(0.00411271 0.00847768 0)
(-0.00655578 0.00745014 0)
(-0.0131618 0.00360514 0)
(-0.0148916 -0.000675916 0)
(-0.0120764 -0.00615743 0)
(-0.00513393 -0.011572 0)
(0.00452415 -0.0161434 0)
(0.0161002 -0.0194956 0)
(0.0289046 -0.0214428 0)
(0.042437 -0.0221433 0)
(0.0558896 -0.0218728 0)
(0.0687799 -0.0208707 0)
(0.0807982 -0.0192531 0)
(0.0916349 -0.0171827 0)
(0.101082 -0.014819 0)
(0.109043 -0.0123031 0)
(0.115499 -0.00975626 0)
(0.120453 -0.00726766 0)
(0.123961 -0.00485947 0)
(0.12611 -0.00259064 0)
(0.126972 -0.000475983 0)
(0.126662 0.00147358 0)
(0.125282 0.00325362 0)
(0.122901 0.00485737 0)
(0.119626 0.00631007 0)
(0.115569 0.00761101 0)
(0.110796 0.00876457 0)
(0.105396 0.00978457 0)
(0.0994406 0.0106892 0)
(0.09299 0.0114761 0)
(0.0861121 0.012161 0)
(0.0788688 0.0127556 0)
(0.0713121 0.0132635 0)
(0.0634715 0.0136989 0)
(0.0553944 0.0140659 0)
(0.0471368 0.0143722 0)
(0.0387154 0.0146127 0)
(0.030164 0.0148024 0)
(0.0215184 0.0149431 0)
(0.0128304 0.0150043 0)
(0.00410165 0.0145895 0)
(-0.00676609 0.0140001 0)
(-0.0141917 0.00654274 0)
(-0.0165979 -0.000950788 0)
(-0.0145296 -0.00909455 0)
(-0.00817841 -0.0167514 0)
(0.0015403 -0.0232315 0)
(0.0138212 -0.0280071 0)
(0.0275805 -0.0308004 0)
(0.0420631 -0.0319546 0)
(0.0563282 -0.0315286 0)
(0.0698392 -0.0299297 0)
(0.0822995 -0.0274722 0)
(0.0934113 -0.0244185 0)
(0.103004 -0.021008 0)
(0.111012 -0.0174139 0)
(0.117434 -0.0137815 0)
(0.122308 -0.0102379 0)
(0.125702 -0.0068257 0)
(0.127713 -0.00361304 0)
(0.128429 -0.000615708 0)
(0.127963 0.00213901 0)
(0.126424 0.00465417 0)
(0.123901 0.00692008 0)
(0.120499 0.00897379 0)
(0.116316 0.01081 0)
(0.111429 0.0124355 0)
(0.105932 0.0138776 0)
(0.0998902 0.0151546 0)
(0.0933622 0.0162638 0)
(0.0864192 0.017232 0)
(0.0791209 0.0180737 0)
(0.071513 0.0187957 0)
(0.0636325 0.0194041 0)
(0.0555258 0.0199256 0)
(0.0472355 0.0203538 0)
(0.0387891 0.0206934 0)
(0.0302202 0.0209629 0)
(0.0215561 0.0211638 0)
(0.0128547 0.021252 0)
(0.00411244 0.0206477 0)
(-0.00961115 0.0214354 0)
(-0.0211548 0.0106071 0)
(-0.0244165 -0.000224737 0)
(-0.0218656 -0.011966 0)
(-0.0145039 -0.0224421 0)
(-0.00347245 -0.0312944 0)
(0.010455 -0.0377754 0)
(0.0258005 -0.04133 0)
(0.0416264 -0.0426358 0)
(0.0570552 -0.0418404 0)
(0.0714096 -0.039489 0)
(0.0844691 -0.0360712 0)
(0.0959803 -0.0319218 0)
(0.105801 -0.0273446 0)
(0.113906 -0.0225776 0)
(0.120313 -0.0177893 0)
(0.125098 -0.0131423 0)
(0.128362 -0.00870124 0)
(0.130209 -0.00451511 0)
(0.130742 -0.000640614 0)
(0.130079 0.00292999 0)
(0.128346 0.00617971 0)
(0.125636 0.00911317 0)
(0.122059 0.011759 0)
(0.117703 0.0141149 0)
(0.112659 0.0162091 0)
(0.107022 0.0180639 0)
(0.100844 0.0197035 0)
(0.0941902 0.0211264 0)
(0.0871405 0.0223695 0)
(0.0797423 0.0234499 0)
(0.0720417 0.0243706 0)
(0.0640816 0.0251617 0)
(0.0559005 0.0258233 0)
(0.0475386 0.026369 0)
(0.0390301 0.0268086 0)
(0.0304054 0.0271528 0)
(0.0216865 0.0274109 0)
(0.0129308 0.0275239 0)
(0.00413721 0.0267309 0)
(-0.0154876 0.0359406 0)
(-0.0348714 0.0176289 0)
(-0.0374531 0.000739131 0)
(-0.0324982 -0.0157181 0)
(-0.0229393 -0.0292914 0)
(-0.00995582 -0.0407363 0)
(0.00623137 -0.0488472 0)
(0.023695 -0.0531354 0)
(0.0412624 -0.0543268 0)
(0.0581781 -0.0529057 0)
(0.0736114 -0.0496446 0)
(0.0873967 -0.0450566 0)
(0.0993767 -0.0396529 0)
(0.109448 -0.0337814 0)
(0.11764 -0.0277488 0)
(0.124007 -0.0217632 0)
(0.128659 -0.0159591 0)
(0.131747 -0.0104516 0)
(0.133373 -0.00527707 0)
(0.133666 -0.000522302 0)
(0.132764 0.0038731 0)
(0.130784 0.00785641 0)
(0.12784 0.011452 0)
(0.124036 0.0146817 0)
(0.119466 0.0175548 0)
(0.114227 0.020111 0)
(0.10841 0.02237 0)
(0.102062 0.0243483 0)
(0.0952535 0.026084 0)
(0.0880679 0.0275966 0)
(0.0805412 0.0289044 0)
(0.0727279 0.0300247 0)
(0.0646636 0.0309799 0)
(0.056383 0.0317779 0)
(0.0479352 0.0324431 0)
(0.0393457 0.0329764 0)
(0.0306468 0.0333937 0)
(0.0218551 0.0337011 0)
(0.0130293 0.0338408 0)
(0.00416902 0.0328555 0)
(-0.0298919 0.0553832 0)
(-0.0573189 0.0258618 0)
(-0.0556229 8.70051e-05 0)
(-0.0477075 -0.0219481 0)
(-0.0346035 -0.038045 0)
(-0.0182855 -0.0520558 0)
(0.00117858 -0.0616482 0)
(0.0214134 -0.066609 0)
(0.041223 -0.0673228 0)
(0.0598723 -0.064982 0)
(0.0765663 -0.0605018 0)
(0.0912237 -0.0545113 0)
(0.103713 -0.0476462 0)
(0.114035 -0.0403508 0)
(0.122266 -0.0329288 0)
(0.128549 -0.0256535 0)
(0.133028 -0.018644 0)
(0.13587 -0.0120241 0)
(0.137207 -0.00586534 0)
(0.137199 -0.000183636 0)
(0.136 0.00501558 0)
(0.133714 0.00972912 0)
(0.13048 0.0139752 0)
(0.1264 0.0177727 0)
(0.121572 0.0211592 0)
(0.116096 0.024161 0)
(0.110052 0.0268085 0)
(0.103505 0.0291217 0)
(0.0965205 0.0311584 0)
(0.0891666 0.0329251 0)
(0.0814889 0.0344545 0)
(0.0735364 0.0357642 0)
(0.0653458 0.0368736 0)
(0.0569567 0.037808 0)
(0.0484048 0.0385826 0)
(0.0397176 0.0392048 0)
(0.0309287 0.0396906 0)
(0.0220528 0.0400467 0)
(0.0131453 0.0402133 0)
(0.00420434 0.0390323 0)
(-0.043898 0.10407 0)
(-0.0856995 0.0372926 0)
(-0.076842 -0.00212088 0)
(-0.0687232 -0.0310984 0)
(-0.0502937 -0.0496186 0)
(-0.0291394 -0.0662976 0)
(-0.00480831 -0.0769189 0)
(0.0191476 -0.0820251 0)
(0.0417688 -0.0818649 0)
(0.06239 -0.0782706 0)
(0.0805084 -0.072145 0)
(0.0961003 -0.0644616 0)
(0.109107 -0.0559101 0)
(0.119648 -0.0470086 0)
(0.127884 -0.0380812 0)
(0.134004 -0.0294145 0)
(0.138227 -0.0211481 0)
(0.140741 -0.0133893 0)
(0.141727 -0.00621515 0)
(0.141351 0.000387442 0)
(0.139773 0.00639917 0)
(0.137131 0.0118374 0)
(0.133548 0.0167197 0)
(0.129142 0.0210758 0)
(0.124014 0.0249486 0)
(0.118255 0.0283834 0)
(0.111952 0.0314055 0)
(0.105172 0.034052 0)
(0.0979762 0.036369 0)
(0.09043 0.0383726 0)
(0.0825777 0.0401131 0)
(0.0744645 0.0415992 0)
(0.0661324 0.0428581 0)
(0.0576123 0.0439218 0)
(0.0489408 0.0447983 0)
(0.0401438 0.0455037 0)
(0.0312523 0.046053 0)
(0.02228 0.0464586 0)
(0.0132785 0.0466486 0)
(0.00424589 0.0452698 0)
(-0.0942915 0.142321 0)
(-0.12915 0.0328721 0)
(-0.105383 -0.00422837 0)
(-0.097701 -0.0433732 0)
(-0.0694939 -0.0651006 0)
(-0.0421899 -0.0850129 0)
(-0.0112369 -0.0957932 0)
(0.0172111 -0.100041 0)
(0.0431284 -0.0983339 0)
(0.0660004 -0.0928405 0)
(0.0856913 -0.0846482 0)
(0.102225 -0.0749156 0)
(0.115715 -0.0644278 0)
(0.126405 -0.053708 0)
(0.134549 -0.0431482 0)
(0.140418 -0.0330057 0)
(0.144292 -0.0234189 0)
(0.146393 -0.0144905 0)
(0.146935 -0.00626901 0)
(0.146116 0.00124492 0)
(0.1441 0.00807196 0)
(0.141028 0.0142178 0)
(0.137038 0.019723 0)
(0.132251 0.0246249 0)
(0.126776 0.0289678 0)
(0.1207 0.0328142 0)
(0.1141 0.0361856 0)
(0.107052 0.0391514 0)
(0.0996118 0.0417281 0)
(0.0918477 0.0439666 0)
(0.0838016 0.0458945 0)
(0.0755053 0.0475505 0)
(0.0670131 0.0489483 0)
(0.0583505 0.0501297 0)
(0.049542 0.0510976 0)
(0.0406201 0.0518823 0)
(0.0316144 0.0524914 0)
(0.0225342 0.0529407 0)
(0.0134274 0.0531476 0)
(0.0042926 0.0515646 0)
(-0.083603 0.297192 0)
(-0.210028 0.052081 0)
(-0.132812 -0.00686818 0)
(-0.135558 -0.0610967 0)
(-0.089582 -0.0872837 0)
(-0.0559685 -0.109178 0)
(-0.0172303 -0.119152 0)
(0.0161724 -0.121103 0)
(0.0457884 -0.117029 0)
(0.071109 -0.108808 0)
(0.0924011 -0.0980222 0)
(0.109825 -0.0858389 0)
(0.123704 -0.0731113 0)
(0.134428 -0.0603895 0)
(0.142353 -0.0480585 0)
(0.147848 -0.0363438 0)
(0.151258 -0.0253821 0)
(0.152842 -0.0152523 0)
(0.15285 -0.00598142 0)
(0.151495 0.00244367 0)
(0.148955 0.01008 0)
(0.14539 0.0169199 0)
(0.140938 0.0230224 0)
(0.135717 0.0284505 0)
(0.129846 0.0332524 0)
(0.123403 0.0374788 0)
(0.116476 0.0411895 0)
(0.109133 0.044438 0)
(0.10142 0.0472642 0)
(0.0934128 0.0497181 0)
(0.0851462 0.0518222 0)
(0.0766547 0.0536301 0)
(0.0679829 0.0551608 0)
(0.0591557 0.0564437 0)
(0.0502 0.0574966 0)
(0.041146 0.0583499 0)
(0.0320122 0.0590134 0)
(0.0228085 0.0594978 0)
(0.013586 0.0597302 0)
(0.00434353 0.0579372 0)
(0.965891 1.29177 0)
(0.700613 1.81725 0)
(1.20547 1.33169 0)
(1.08557 1.77615 0)
(1.3678 1.32802 0)
(1.36158 1.64011 0)
(1.50231 1.31636 0)
(1.5339 1.54491 0)
(1.63824 1.30994 0)
(1.65823 1.49348 0)
(1.78833 1.31445 0)
(1.78215 1.46913 0)
(1.93432 1.33078 0)
(1.91334 1.47246 0)
(2.01532 1.34004 0)
(2.00586 1.48728 0)
(2.01892 1.32881 0)
(2.02838 1.49248 0)
(1.96763 1.31091 0)
(1.99344 1.46889 0)
(1.91174 1.42758 0)
(1.80088 1.38984 0)
(1.72738 1.35478 0)
(1.72552 1.31817 0)
(1.76387 1.2763 0)
(1.75027 1.18146 0)
(1.63288 1.03918 0)
(1.44759 0.895187 0)
(1.34274 0.747436 0)
(1.464 0.468179 0)
(1.45679 0.317957 0)
(1.35351 0.29882 0)
(1.59816 0.110914 0)
(1.88588 -0.273537 0)
(1.96421 -0.666532 0)
(1.73666 -0.904774 0)
(1.00626 -0.847106 0)
(0.240366 -0.591128 0)
(-0.286971 -0.235916 0)
(0.122447 -0.0622892 0)
(0.587619 0.0127189 0)
(0.516507 -0.193975 0)
(0.186907 -0.494367 0)
(0.705034 1.04613 0)
(-1.55288 -0.672537 0)
(-0.492876 0.0112426 0)
(-0.55587 0.221931 0)
(1.19468 1.61582 0)
(0.472129 0.837301 0)
(-1.13045 -0.510624 0)
(-0.621179 -0.0805303 0)
(1.46497 1.72458 0)
(1.24635 1.40764 0)
(0.48135 0.642685 0)
(-0.693602 -0.287075 0)
(1.62912 1.69646 0)
(1.61047 1.64617 0)
(1.26718 1.29017 0)
(0.488953 0.62589 0)
(1.72716 1.64773 0)
(1.77747 1.71254 0)
(1.64516 1.591 0)
(1.26643 1.25028 0)
(1.80742 1.6073 0)
(1.85461 1.7099 0)
(1.82456 1.71825 0)
(1.63397 1.54855 0)
(1.90208 1.59338 0)
(1.91399 1.69855 0)
(1.914 1.76565 0)
(1.82135 1.72343 0)
(1.98989 1.6038 0)
(1.97732 1.70344 0)
(1.97108 1.7899 0)
(1.92341 1.81829 0)
(2.03189 1.61621 0)
(2.02381 1.7169 0)
(2.01193 1.81117 0)
(1.98277 1.87701 0)
(2.01887 1.61439 0)
(2.03324 1.72507 0)
(2.03132 1.82825 0)
(2.014 1.91937 0)
(1.96081 1.57313 0)
(2.00294 1.71344 0)
(2.02504 1.8345 0)
(2.02219 1.94851 0)
(1.86047 1.50978 0)
(1.93777 1.65968 0)
(1.99141 1.82027 0)
(2.01008 1.96496 0)
(1.75935 1.46866 0)
(1.83173 1.56407 0)
(1.92581 1.77368 0)
(1.97785 1.96833 0)
(1.72502 1.44866 0)
(1.72231 1.51328 0)
(1.84686 1.65082 0)
(1.93123 1.94518 0)
(1.77696 1.4632 0)
(1.67204 1.51868 0)
(1.73674 1.52783 0)
(1.86068 1.89049 0)
(1.82792 1.49276 0)
(1.68879 1.59528 0)
(1.61655 1.49008 0)
(1.78842 1.76324 0)
(1.76967 1.48657 0)
(1.69186 1.7104 0)
(1.51035 1.53206 0)
(1.73972 1.59084 0)
(1.62607 1.42632 0)
(1.69473 1.77122 0)
(1.6031 1.60877 0)
(1.75073 1.41406 0)
(1.55346 1.2834 0)
(1.79383 1.64571 0)
(1.93501 1.59847 0)
(1.81623 1.42971 0)
(1.68056 0.99275 0)
(1.94999 1.39194 0)
(2.14486 1.57059 0)
(1.77415 1.80897 0)
(1.59059 0.806799 0)
(1.85893 1.2072 0)
(2.029 1.61563 0)
(1.52507 2.25986 0)
(1.49709 0.670161 0)
(1.74029 1.08149 0)
(1.73761 1.74294 0)
(1.27242 2.58785 0)
(1.80613 0.46729 0)
(1.81134 1.09583 0)
(1.40793 2.00977 0)
(1.09066 2.77518 0)
(2.10021 0.367889 0)
(1.76861 1.46405 0)
(1.10745 2.53102 0)
(0.957174 2.88219 0)
(2.02645 0.526525 0)
(1.40424 2.19771 0)
(0.962493 2.7973 0)
(0.849539 2.95214 0)
(1.359 1.07581 0)
(1.11883 2.59738 0)
(0.824193 2.99668 0)
(0.746981 3.01741 0)
(0.675491 1.40878 0)
(0.742639 2.6966 0)
(0.697009 3.0966 0)
(0.652016 3.05772 0)
(0.436107 1.25033 0)
(0.6116 2.68419 0)
(0.611424 3.13071 0)
(0.546003 3.09379 0)
(0.298395 0.847688 0)
(0.534987 2.62125 0)
(0.552016 3.15394 0)
(0.493509 3.15827 0)
(0.233482 0.0157572 0)
(0.443458 2.53007 0)
(0.515451 3.17337 0)
(0.479633 3.21612 0)
(0.220257 0.166363 0)
(0.352982 2.413 0)
(0.481446 3.13614 0)
(0.481346 3.24678 0)
(0.181794 0.454844 0)
(0.277674 2.20427 0)
(0.440738 3.051 0)
(0.480731 3.24135 0)
(0.179888 0.685533 0)
(0.166783 1.94171 0)
(0.377887 2.94887 0)
(0.455538 3.20268 0)
(-0.377421 0.260266 0)
(-0.332166 0.00538421 0)
(-0.193163 -0.0328137 0)
(-0.175044 -0.0892591 0)
(-0.111365 -0.119319 0)
(-0.068596 -0.139233 0)
(-0.0221668 -0.147355 0)
(0.0167934 -0.145599 0)
(0.0502562 -0.138177 0)
(0.0782347 -0.1264 0)
(0.101076 -0.112363 0)
(0.119265 -0.097272 0)
(0.133352 -0.0819717 0)
(0.143922 -0.0670138 0)
(0.151465 -0.0527347 0)
(0.156437 -0.0393588 0)
(0.159236 -0.0269605 0)
(0.160175 -0.015604 0)
(0.159523 -0.00526621 0)
(0.157545 0.00407347 0)
(0.154405 0.0124958 0)
(0.150254 0.0200127 0)
(0.145271 0.0266955 0)
(0.139565 0.0326287 0)
(0.13324 0.0378615 0)
(0.12639 0.0424524 0)
(0.119092 0.0464829 0)
(0.111415 0.0499876 0)
(0.103407 0.0530519 0)
(0.0951264 0.0556936 0)
(0.0866174 0.0579633 0)
(0.0779102 0.0599005 0)
(0.0690407 0.061555 0)
(0.0600349 0.0629308 0)
(0.0509175 0.0640668 0)
(0.0417153 0.0649787 0)
(0.0324422 0.0656875 0)
(0.0231109 0.0662062 0)
(0.013766 0.0664656 0)
(0.00439919 0.0644547 0)
(-0.436833 0.0777812 0)
(-0.322261 -0.0418159 0)
(-0.264188 -0.0773152 0)
(-0.200057 -0.130372 0)
(-0.136394 -0.160311 0)
(-0.0794502 -0.176492 0)
(-0.0257114 -0.180769 0)
(0.0197924 -0.174245 0)
(0.0572908 -0.161955 0)
(0.0879716 -0.145745 0)
(0.112179 -0.127684 0)
(0.130876 -0.109119 0)
(0.144927 -0.0909044 0)
(0.155113 -0.0734468 0)
(0.162043 -0.0570726 0)
(0.16628 -0.0419413 0)
(0.168298 -0.0280427 0)
(0.168446 -0.0154461 0)
(0.16702 -0.00403307 0)
(0.164285 0.00622409 0)
(0.160438 0.0154107 0)
(0.155633 0.0235808 0)
(0.150052 0.030814 0)
(0.143794 0.0372295 0)
(0.136962 0.0428616 0)
(0.129654 0.0477934 0)
(0.121945 0.0521096 0)
(0.113904 0.0558662 0)
(0.105568 0.0591273 0)
(0.0969853 0.0619434 0)
(0.0882081 0.0643627 0)
(0.0792701 0.0664229 0)
(0.0701908 0.068175 0)
(0.0609868 0.0696333 0)
(0.051694 0.0708384 0)
(0.0423288 0.0718058 0)
(0.0329073 0.072554 0)
(0.0234381 0.0731058 0)
(0.0139579 0.0733801 0)
(0.00445925 0.0711427 0)
(-0.477532 -0.0701649 0)
(-0.401756 -0.0757123 0)
(-0.317083 -0.124085 0)
(-0.232805 -0.179971 0)
(-0.160292 -0.209379 0)
(-0.089539 -0.222416 0)
(-0.0265282 -0.220064 0)
(0.026078 -0.207338 0)
(0.0677982 -0.188514 0)
(0.100915 -0.166596 0)
(0.126217 -0.14373 0)
(0.145009 -0.121105 0)
(0.158634 -0.0996157 0)
(0.168113 -0.0794613 0)
(0.174145 -0.0608839 0)
(0.177426 -0.0439218 0)
(0.17846 -0.0285034 0)
(0.177642 -0.0146509 0)
(0.175305 -0.00218482 0)
(0.171697 0.00896331 0)
(0.167048 0.0188839 0)
(0.161489 0.0276773 0)
(0.155241 0.0354351 0)
(0.148377 0.042276 0)
(0.140976 0.0482804 0)
(0.13317 0.0535186 0)
(0.125016 0.058091 0)
(0.116568 0.0620691 0)
(0.107874 0.0655011 0)
(0.0989771 0.0684668 0)
(0.089914 0.0710142 0)
(0.0807172 0.0731836 0)
(0.071406 0.075014 0)
(0.0619982 0.0765436 0)
(0.05252 0.0777996 0)
(0.0429816 0.0788096 0)
(0.0334012 0.0795943 0)
(0.0237837 0.0801695 0)
(0.0141607 0.0804579 0)
(0.00452356 0.0779836 0)
(-0.587921 -0.156729 0)
(-0.519346 -0.198847 0)
(-0.415752 -0.217538 0)
(-0.279458 -0.245881 0)
(-0.184294 -0.268397 0)
(-0.0981431 -0.277833 0)
(-0.0232253 -0.266159 0)
(0.0367284 -0.244944 0)
(0.0828334 -0.217703 0)
(0.117902 -0.18863 0)
(0.143669 -0.160085 0)
(0.162031 -0.132961 0)
(0.174699 -0.107792 0)
(0.183053 -0.0847958 0)
(0.187858 -0.0639229 0)
(0.189908 -0.0450914 0)
(0.189746 -0.0281926 0)
(0.187775 -0.0130731 0)
(0.184377 0.000394295 0)
(0.179759 0.0123893 0)
(0.174195 0.0230005 0)
(0.167817 0.032361 0)
(0.160812 0.0406132 0)
(0.153277 0.0478293 0)
(0.145271 0.054152 0)
(0.136912 0.0596622 0)
(0.128276 0.0644534 0)
(0.119395 0.0686156 0)
(0.110313 0.0722004 0)
(0.101077 0.0752888 0)
(0.091711 0.0779319 0)
(0.0822423 0.0801837 0)
(0.072689 0.0820835 0)
(0.0630592 0.0836642 0)
(0.0533809 0.0849627 0)
(0.0436659 0.0860067 0)
(0.0339199 0.0868171 0)
(0.0241445 0.0874092 0)
(0.0143709 0.0877116 0)
(0.00458909 0.0849926 0)
(0.54174 0.675175 0)
(-0.433768 -0.126258 0)
(-0.510575 -0.364919 0)
(-0.356109 -0.370428 0)
(-0.210833 -0.346175 0)
(-0.106929 -0.345246 0)
(-0.0148164 -0.321275 0)
(0.0532814 -0.287243 0)
(0.103549 -0.249157 0)
(0.139753 -0.211546 0)
(0.165038 -0.176219 0)
(0.182255 -0.144101 0)
(0.193379 -0.115087 0)
(0.200044 -0.0891389 0)
(0.203243 -0.065946 0)
(0.203739 -0.0452593 0)
(0.20214 -0.0269137 0)
(0.198829 -0.0105804 0)
(0.19419 0.00382547 0)
(0.188454 0.0165993 0)
(0.181864 0.0278522 0)
(0.174572 0.0377236 0)
(0.166744 0.0463926 0)
(0.158463 0.0539413 0)
(0.149803 0.0605303 0)
(0.14086 0.0662658 0)
(0.131705 0.0712272 0)
(0.122361 0.0755379 0)
(0.112868 0.0792418 0)
(0.103269 0.0824258 0)
(0.093582 0.0851398 0)
(0.0838299 0.0874509 0)
(0.0740174 0.089395 0)
(0.0641597 0.0910123 0)
(0.0542798 0.0923397 0)
(0.0443759 0.0934063 0)
(0.0344556 0.0942309 0)
(0.0245187 0.0948325 0)
(0.0145903 0.0951464 0)
(0.00465823 0.0921776 0)
(1.23975 1.18796 0)
(0.557879 0.608247 0)
(-0.361157 -0.270715 0)
(-0.441863 -0.523965 0)
(-0.249294 -0.460122 0)
(-0.122161 -0.428122 0)
(-0.00251492 -0.389165 0)
(0.0778727 -0.334883 0)
(0.131455 -0.282135 0)
(0.167435 -0.23435 0)
(0.191011 -0.191495 0)
(0.205897 -0.153898 0)
(0.214704 -0.121021 0)
(0.219151 -0.0921359 0)
(0.220308 -0.066672 0)
(0.218927 -0.0442398 0)
(0.215619 -0.0244741 0)
(0.210761 -0.00708257 0)
(0.204706 0.00823549 0)
(0.197729 0.0217152 0)
(0.19001 0.0335075 0)
(0.181715 0.0438226 0)
(0.172984 0.0528392 0)
(0.163902 0.0606585 0)
(0.154546 0.0674638 0)
(0.14497 0.0733676 0)
(0.135265 0.0784655 0)
(0.125443 0.082863 0)
(0.115514 0.0866472 0)
(0.105534 0.0898915 0)
(0.0955107 0.0926531 0)
(0.0854617 0.0949925 0)
(0.0753854 0.096954 0)
(0.0652898 0.0985933 0)
(0.0551956 0.099939 0)
(0.0451008 0.101011 0)
(0.0350024 0.101838 0)
(0.0249001 0.102446 0)
(0.0148156 0.102766 0)
(0.00472997 0.0995376 0)
(1.58827 1.51446 0)
(1.145 1.09972 0)
(0.479296 0.452862 0)
(-0.339592 -0.470274 0)
(-0.313322 -0.583762 0)
(-0.138887 -0.534218 0)
(0.0115812 -0.473744 0)
(0.112037 -0.389037 0)
(0.168764 -0.315544 0)
(0.201859 -0.255338 0)
(0.221882 -0.204751 0)
(0.233188 -0.16172 0)
(0.238713 -0.125002 0)
(0.240324 -0.0933428 0)
(0.238988 -0.0657698 0)
(0.23541 -0.0417324 0)
(0.230121 -0.0206803 0)
(0.223515 -0.0023358 0)
(0.215909 0.0137759 0)
(0.207521 0.0278391 0)
(0.198563 0.0400716 0)
(0.189191 0.0507522 0)
(0.179491 0.0600063 0)
(0.16955 0.0680374 0)
(0.15945 0.0749806 0)
(0.14922 0.0809835 0)
(0.138927 0.0861793 0)
(0.12859 0.0906206 0)
(0.118222 0.0944425 0)
(0.107848 0.0977056 0)
(0.0974736 0.10048 0)
(0.0871133 0.102827 0)
(0.076768 0.104786 0)
(0.0664411 0.106419 0)
(0.0561292 0.107757 0)
(0.0458299 0.108826 0)
(0.0355547 0.109651 0)
(0.0252878 0.110256 0)
(0.0150426 0.110575 0)
(0.00480229 0.10708 0)
(1.77397 1.71279 0)
(1.52001 1.46755 0)
(1.02887 0.96837 0)
(0.261564 0.0524865 0)
(-0.302286 -0.609287 0)
(-0.122165 -0.679106 0)
(0.0426217 -0.579557 0)
(0.157386 -0.450095 0)
(0.216805 -0.348494 0)
(0.244057 -0.272913 0)
(0.257661 -0.214394 0)
(0.263924 -0.166628 0)
(0.265293 -0.126511 0)
(0.263439 -0.0923605 0)
(0.259183 -0.0629083 0)
(0.253072 -0.0374511 0)
(0.245572 -0.0153419 0)
(0.236995 0.00386251 0)
(0.227663 0.0205739 0)
(0.217745 0.035079 0)
(0.207469 0.0476481 0)
(0.196921 0.0585643 0)
(0.186185 0.0679712 0)
(0.175354 0.0761169 0)
(0.164459 0.0831356 0)
(0.153553 0.0891774 0)
(0.142659 0.0943787 0)
(0.131787 0.0988294 0)
(0.120959 0.102641 0)
(0.110177 0.105886 0)
(0.0994517 0.108636 0)
(0.0887775 0.110959 0)
(0.0781534 0.112898 0)
(0.0675809 0.114506 0)
(0.0570531 0.115812 0)
(0.0465639 0.116863 0)
(0.0361087 0.117674 0)
(0.0256708 0.118264 0)
(0.0152682 0.118575 0)
(0.00487568 0.11481 0)
(1.87972 1.8483 0)
(1.69992 1.68389 0)
(1.38403 1.32978 0)
(0.853867 0.686716 0)
(0.0373739 -0.393588 0)
(-0.0138089 -0.819373 0)
(0.126324 -0.69603 0)
(0.224258 -0.512059 0)
(0.275101 -0.377269 0)
(0.293821 -0.285534 0)
(0.298249 -0.219216 0)
(0.297641 -0.16758 0)
(0.294092 -0.124938 0)
(0.288303 -0.0887811 0)
(0.280727 -0.0577655 0)
(0.271749 -0.0311573 0)
(0.261801 -0.00824371 0)
(0.251071 0.0116061 0)
(0.239859 0.0287426 0)
(0.228308 0.0435427 0)
(0.216606 0.0563117 0)
(0.204822 0.0673107 0)
(0.193006 0.0767921 0)
(0.181242 0.0849467 0)
(0.169532 0.0919545 0)
(0.157908 0.0979666 0)
(0.146392 0.103108 0)
(0.134985 0.107505 0)
(0.12369 0.11125 0)
(0.112497 0.11443 0)
(0.101411 0.117125 0)
(0.0904238 0.119386 0)
(0.0795242 0.121279 0)
(0.0687076 0.122841 0)
(0.0579637 0.124113 0)
(0.0472811 0.125125 0)
(0.0366482 0.125903 0)
(0.0260444 0.126463 0)
(0.0154896 0.126766 0)
(0.00494863 0.122727 0)
(1.94202 1.94441 0)
(1.80097 1.84232 0)
(1.60217 1.61706 0)
(1.20342 1.12278 0)
(0.62186 0.118109 0)
(0.232117 -0.786819 0)
(0.266369 -0.766159 0)
(0.31812 -0.564279 0)
(0.340641 -0.396393 0)
(0.34702 -0.290198 0)
(0.342448 -0.218141 0)
(0.333899 -0.163778 0)
(0.324595 -0.119606 0)
(0.314515 -0.0821104 0)
(0.303345 -0.0500646 0)
(0.291212 -0.0226294 0)
(0.278594 0.000838553 0)
(0.265563 0.0210573 0)
(0.252348 0.0384063 0)
(0.239076 0.0533047 0)
(0.225869 0.0661031 0)
(0.212792 0.0770737 0)
(0.199867 0.086494 0)
(0.187132 0.0945579 0)
(0.174587 0.101455 0)
(0.162239 0.107353 0)
(0.150093 0.112381 0)
(0.13814 0.116662 0)
(0.126368 0.120294 0)
(0.114769 0.123365 0)
(0.103329 0.12596 0)
(0.0920301 0.128132 0)
(0.0808611 0.129943 0)
(0.0698032 0.131434 0)
(0.0588458 0.132645 0)
(0.0479705 0.133604 0)
(0.0371618 0.134341 0)
(0.0264046 0.134872 0)
(0.0157084 0.135153 0)
(0.00501904 0.130832 0)
(1.97348 2.01602 0)
(1.85641 1.9706 0)
(1.70906 1.80883 0)
(1.42031 1.41989 0)
(0.987552 0.573758 0)
(0.479559 -0.601052 0)
(0.414202 -0.730702 0)
(0.405574 -0.596792 0)
(0.403374 -0.406925 0)
(0.397669 -0.285293 0)
(0.386226 -0.210272 0)
(0.371384 -0.155051 0)
(0.356232 -0.11017 0)
(0.341532 -0.0720788 0)
(0.326599 -0.0395671 0)
(0.311215 -0.0117056 0)
(0.295721 0.012065 0)
(0.28027 0.0323534 0)
(0.264965 0.0496743 0)
(0.249901 0.064469 0)
(0.235149 0.0771189 0)
(0.22074 0.0879156 0)
(0.206672 0.0971315 0)
(0.19295 0.104988 0)
(0.179559 0.111675 0)
(0.16648 0.117373 0)
(0.153704 0.122209 0)
(0.141209 0.126308 0)
(0.128968 0.129773 0)
(0.116963 0.132696 0)
(0.105171 0.135147 0)
(0.0935679 0.137194 0)
(0.0821332 0.138891 0)
(0.0708447 0.140284 0)
(0.059682 0.141411 0)
(0.0486247 0.142304 0)
(0.037654 0.142988 0)
(0.0267458 0.143485 0)
(0.0159077 0.143734 0)
(0.00508251 0.139116 0)
(1.97958 2.07092 0)
(1.88183 2.07176 0)
(1.75738 1.94845 0)
(1.56593 1.67747 0)
(1.20412 0.927194 0)
(0.695418 -0.387606 0)
(0.556986 -0.63329 0)
(0.468988 -0.593487 0)
(0.450685 -0.413156 0)
(0.44096 -0.274666 0)
(0.425419 -0.19659 0)
(0.407682 -0.141853 0)
(0.388295 -0.096705 0)
(0.36902 -0.0585181 0)
(0.35018 -0.0259145 0)
(0.331484 0.00193172 0)
(0.313005 0.0256038 0)
(0.294994 0.045663 0)
(0.277527 0.0626819 0)
(0.260626 0.0771404 0)
(0.244299 0.0894288 0)
(0.228537 0.0998672 0)
(0.213316 0.108732 0)
(0.198604 0.116256 0)
(0.184369 0.12263 0)
(0.170569 0.128028 0)
(0.157168 0.132596 0)
(0.144138 0.136447 0)
(0.131439 0.139687 0)
(0.11904 0.142404 0)
(0.106907 0.144673 0)
(0.0950113 0.146559 0)
(0.0833229 0.148117 0)
(0.0718129 0.149385 0)
(0.0604576 0.15041 0)
(0.0492304 0.151217 0)
(0.0381067 0.151835 0)
(0.0270606 0.15228 0)
(0.0160883 0.15249 0)
(0.00513646 0.14758 0)
(1.96587 2.1139 0)
(1.88331 2.15575 0)
(1.7723 2.06506 0)
(1.63531 1.86561 0)
(1.33387 1.1663 0)
(0.976434 -0.15921 0)
(0.678472 -0.507973 0)
(0.502973 -0.550483 0)
(0.478064 -0.404654 0)
(0.47369 -0.262536 0)
(0.459752 -0.181482 0)
(0.441736 -0.125785 0)
(0.420158 -0.0795726 0)
(0.396838 -0.0411923 0)
(0.373885 -0.00894141 0)
(0.351581 0.0184294 0)
(0.330086 0.0415592 0)
(0.309503 0.0610364 0)
(0.289841 0.0774579 0)
(0.271071 0.0913267 0)
(0.253156 0.103043 0)
(0.236049 0.112943 0)
(0.219686 0.121307 0)
(0.204 0.128369 0)
(0.188931 0.13432 0)
(0.174425 0.139329 0)
(0.160425 0.143543 0)
(0.146876 0.147077 0)
(0.133735 0.150031 0)
(0.120958 0.152495 0)
(0.108503 0.154538 0)
(0.0963324 0.156226 0)
(0.0844039 0.157605 0)
(0.0726877 0.15873 0)
(0.061156 0.159636 0)
(0.0497721 0.160339 0)
(0.0385102 0.160876 0)
(0.0273349 0.161262 0)
(0.0162512 0.161427 0)
(0.00519217 0.15622 0)
(1.93684 2.14933 0)
(1.86413 2.22867 0)
(1.76156 2.1651 0)
(1.65717 1.99897 0)
(1.42006 1.38197 0)
(1.10148 0.38936 0)
(0.710607 -0.32179 0)
(0.55297 -0.478301 0)
(0.514946 -0.374039 0)
(0.512676 -0.248002 0)
(0.498078 -0.167654 0)
(0.47669 -0.108161 0)
(0.452047 -0.0591291 0)
(0.42454 -0.0202029 0)
(0.397223 0.0114237 0)
(0.371302 0.0378807 0)
(0.346731 0.0600407 0)
(0.323523 0.0785552 0)
(0.301658 0.0940531 0)
(0.281037 0.107055 0)
(0.261561 0.117977 0)
(0.243136 0.127152 0)
(0.22566 0.134855 0)
(0.20903 0.141314 0)
(0.193161 0.146731 0)
(0.177978 0.151263 0)
(0.163402 0.155046 0)
(0.149364 0.158188 0)
(0.135808 0.160798 0)
(0.122678 0.162956 0)
(0.109923 0.164731 0)
(0.0974931 0.166184 0)
(0.0853508 0.16736 0)
(0.0734578 0.168314 0)
(0.0617618 0.169068 0)
(0.0502359 0.169659 0)
(0.038855 0.170103 0)
(0.0275706 0.170421 0)
(0.0163901 0.170545 0)
(0.00523806 0.16502 0)
(1.89049 2.17833 0)
(1.82603 2.29513 0)
(1.72614 2.25339 0)
(1.64384 2.10449 0)
(1.47414 1.62073 0)
(1.14243 0.682708 0)
(0.814235 -0.163685 0)
(0.638932 -0.409236 0)
(0.586946 -0.339684 0)
(0.578867 -0.230284 0)
(0.549798 -0.149763 0)
(0.51648 -0.0857154 0)
(0.485042 -0.0343141 0)
(0.45208 0.00471653 0)
(0.420013 0.0353445 0)
(0.390215 0.0603933 0)
(0.362521 0.081092 0)
(0.336738 0.0982354 0)
(0.31272 0.112474 0)
(0.290303 0.124332 0)
(0.269327 0.134226 0)
(0.249641 0.14248 0)
(0.231102 0.149363 0)
(0.213583 0.15509 0)
(0.196969 0.159856 0)
(0.181153 0.163808 0)
(0.166036 0.167067 0)
(0.151542 0.169758 0)
(0.137608 0.171968 0)
(0.124157 0.173772 0)
(0.111131 0.175237 0)
(0.0984745 0.176421 0)
(0.0861413 0.177371 0)
(0.0740821 0.178122 0)
(0.062253 0.178705 0)
(0.0506166 0.179163 0)
(0.039133 0.179502 0)
(0.0277606 0.179743 0)
(0.0164995 0.179816 0)
(0.00527126 0.173964 0)
(1.82968 2.19971 0)
(1.77007 2.35992 0)
(1.67159 2.33143 0)
(1.60068 2.19152 0)
(1.48138 1.83024 0)
(1.19066 0.940665 0)
(0.974949 0.0230346 0)
(0.780792 -0.322333 0)
(0.699442 -0.294406 0)
(0.665078 -0.197796 0)
(0.609992 -0.117891 0)
(0.559727 -0.0530186 0)
(0.518358 -0.00268065 0)
(0.478639 0.0345366 0)
(0.441576 0.0630658 0)
(0.407914 0.0860051 0)
(0.377124 0.104714 0)
(0.348828 0.120049 0)
(0.322755 0.132677 0)
(0.298646 0.143111 0)
(0.276266 0.151745 0)
(0.25541 0.158889 0)
(0.235893 0.164792 0)
(0.217553 0.16966 0)
(0.200251 0.17366 0)
(0.183851 0.176935 0)
(0.168253 0.179598 0)
(0.153365 0.181769 0)
(0.139089 0.183519 0)
(0.125354 0.184921 0)
(0.112093 0.186035 0)
(0.0992432 0.186915 0)
(0.0867466 0.187606 0)
(0.0745517 0.188134 0)
(0.062616 0.188536 0)
(0.0508905 0.188839 0)
(0.0393301 0.189058 0)
(0.0278941 0.18921 0)
(0.016573 0.18922 0)
(0.00529107 0.183043 0)
(1.75503 2.22589 0)
(1.69521 2.42772 0)
(1.60076 2.40284 0)
(1.53873 2.26496 0)
(1.45334 1.97016 0)
(1.23451 1.08496 0)
(1.14598 0.189415 0)
(0.946896 -0.223093 0)
(0.8142 -0.222409 0)
(0.743417 -0.137656 0)
(0.666326 -0.0664072 0)
(0.601036 -0.00837046 0)
(0.549375 0.0364809 0)
(0.502973 0.0695915 0)
(0.461119 0.0947832 0)
(0.423751 0.114749 0)
(0.390037 0.130846 0)
(0.359424 0.143916 0)
(0.331479 0.154582 0)
(0.305835 0.16331 0)
(0.282189 0.170459 0)
(0.260282 0.176312 0)
(0.239892 0.181082 0)
(0.220826 0.184956 0)
(0.202914 0.188086 0)
(0.18601 0.190595 0)
(0.169995 0.192603 0)
(0.154758 0.194185 0)
(0.140196 0.195419 0)
(0.126225 0.196371 0)
(0.112771 0.197096 0)
(0.0997673 0.197637 0)
(0.0871439 0.198033 0)
(0.074847 0.198322 0)
(0.0628334 0.198528 0)
(0.0510444 0.198659 0)
(0.0394354 0.198748 0)
(0.0279603 0.198807 0)
(0.0166107 0.19875 0)
(0.0053042 0.192242 0)
(1.67222 2.26624 0)
(1.59957 2.50238 0)
(1.51602 2.46781 0)
(1.46422 2.32644 0)
(1.4019 2.05125 0)
(1.26843 1.16618 0)
(1.26965 0.325312 0)
(1.06557 -0.0896384 0)
(0.894413 -0.118135 0)
(0.799802 -0.0581 0)
(0.711542 -0.00246723 0)
(0.636602 0.0454752 0)
(0.576165 0.082495 0)
(0.523779 0.109618 0)
(0.477702 0.130193 0)
(0.437067 0.146354 0)
(0.400802 0.159274 0)
(0.368174 0.169666 0)
(0.338607 0.178042 0)
(0.31164 0.184805 0)
(0.286911 0.190261 0)
(0.264106 0.194642 0)
(0.242968 0.198145 0)
(0.223287 0.200918 0)
(0.204869 0.203084 0)
(0.187552 0.204751 0)
(0.171197 0.206021 0)
(0.155675 0.206957 0)
(0.140883 0.207628 0)
(0.12673 0.20809 0)
(0.113131 0.208389 0)
(0.100011 0.208564 0)
(0.0873063 0.208643 0)
(0.0749537 0.208668 0)
(0.0628875 0.208646 0)
(0.0510658 0.2086 0)
(0.0394464 0.208551 0)
(0.0279606 0.208505 0)
(0.0166069 0.208383 0)
(0.00530242 0.201529 0)
(1.57186 2.36961 0)
(1.48842 2.57749 0)
(1.42096 2.52331 0)
(1.38197 2.37869 0)
(1.33544 2.09252 0)
(1.30308 1.19093 0)
(1.35573 0.437207 0)
(1.13503 0.0576355 0)
(0.95557 0.000973582 0)
(0.845421 0.0301081 0)
(0.746955 0.0697133 0)
(0.66428 0.10653 0)
(0.597008 0.13411 0)
(0.539914 0.153853 0)
(0.490492 0.168798 0)
(0.447261 0.180482 0)
(0.408983 0.189726 0)
(0.374745 0.197055 0)
(0.343873 0.202854 0)
(0.315847 0.207429 0)
(0.290246 0.211014 0)
(0.266731 0.213781 0)
(0.245018 0.215893 0)
(0.224853 0.21746 0)
(0.206037 0.218577 0)
(0.188399 0.219334 0)
(0.171785 0.219799 0)
(0.156058 0.220036 0)
(0.141107 0.2201 0)
(0.126832 0.220036 0)
(0.113142 0.219877 0)
(0.0999583 0.219657 0)
(0.0872112 0.219405 0)
(0.0748321 0.219137 0)
(0.0627614 0.218876 0)
(0.050951 0.218646 0)
(0.0393433 0.218445 0)
(0.0278829 0.218287 0)
(0.0165586 0.218092 0)
(0.00528288 0.210889 0)
(1.44734 2.52561 0)
(1.37076 2.64425 0)
(1.32203 2.56667 0)
(1.2985 2.41496 0)
(1.2752 2.07339 0)
(1.39643 1.1479 0)
(1.41978 0.528701 0)
(1.17734 0.219237 0)
(1.00263 0.130221 0)
(0.877451 0.126434 0)
(0.769833 0.149736 0)
(0.681976 0.17348 0)
(0.61045 0.189926 0)
(0.550415 0.201261 0)
(0.498835 0.209851 0)
(0.453856 0.216565 0)
(0.414183 0.221773 0)
(0.378826 0.225757 0)
(0.347043 0.228761 0)
(0.31827 0.230974 0)
(0.292055 0.232544 0)
(0.268038 0.23359 0)
(0.245914 0.234205 0)
(0.225417 0.23447 0)
(0.206336 0.234466 0)
(0.188488 0.234248 0)
(0.171711 0.233863 0)
(0.155863 0.233361 0)
(0.140828 0.23278 0)
(0.126494 0.232153 0)
(0.112769 0.231511 0)
(0.0995766 0.230875 0)
(0.0868355 0.230267 0)
(0.0744788 0.2297 0)
(0.0624487 0.229198 0)
(0.0506818 0.228759 0)
(0.0391255 0.228397 0)
(0.0277233 0.228121 0)
(0.016459 0.227846 0)
(0.00524926 0.220301 0)
(1.31606 2.6639 0)
(1.25067 2.69944 0)
(1.22396 2.59791 0)
(1.21929 2.4268 0)
(1.23308 1.90975 0)
(1.50583 1.0945 0)
(1.38929 0.650401 0)
(1.1604 0.387639 0)
(1.01373 0.261026 0)
(0.884467 0.229721 0)
(0.775706 0.235277 0)
(0.687801 0.243517 0)
(0.615537 0.24792 0)
(0.554634 0.250506 0)
(0.502228 0.252471 0)
(0.456499 0.253951 0)
(0.416152 0.254911 0)
(0.380212 0.25539 0)
(0.347939 0.255462 0)
(0.318757 0.255195 0)
(0.292207 0.25465 0)
(0.267915 0.253881 0)
(0.245568 0.252931 0)
(0.224904 0.25184 0)
(0.205701 0.250659 0)
(0.187762 0.249415 0)
(0.170924 0.24814 0)
(0.155046 0.246863 0)
(0.140001 0.245609 0)
(0.125684 0.244395 0)
(0.111995 0.243251 0)
(0.0988476 0.24218 0)
(0.0861666 0.241198 0)
(0.0738832 0.240321 0)
(0.0619269 0.239555 0)
(0.05024 0.238905 0)
(0.0387758 0.23838 0)
(0.0274731 0.23798 0)
(0.0163167 0.237622 0)
(0.00520569 0.229716 0)
(1.17873 2.76905 0)
(1.12987 2.7352 0)
(1.12488 2.61493 0)
(1.14112 2.40875 0)
(1.21574 1.6599 0)
(1.46626 1.116 0)
(1.23302 0.804121 0)
(1.10017 0.530604 0)
(0.987602 0.3769 0)
(0.867531 0.330197 0)
(0.765913 0.319829 0)
(0.682315 0.312989 0)
(0.612217 0.305984 0)
(0.552393 0.300194 0)
(0.500508 0.295681 0)
(0.454995 0.291936 0)
(0.414707 0.288613 0)
(0.378753 0.285539 0)
(0.346435 0.282626 0)
(0.317201 0.279825 0)
(0.290606 0.277111 0)
(0.266283 0.274473 0)
(0.243918 0.271911 0)
(0.223255 0.269431 0)
(0.204072 0.267036 0)
(0.186169 0.264736 0)
(0.169383 0.262544 0)
(0.153572 0.260468 0)
(0.138606 0.25852 0)
(0.12438 0.256705 0)
(0.110791 0.255033 0)
(0.0977464 0.253515 0)
(0.0851802 0.252154 0)
(0.0730168 0.250954 0)
(0.0611882 0.249914 0)
(0.0496352 0.249052 0)
(0.0383004 0.24836 0)
(0.0271297 0.24784 0)
(0.0161054 0.247393 0)
(0.00513225 0.239118 0)
(1.04243 2.83456 0)
(1.01154 2.75259 0)
(1.02181 2.61772 0)
(1.06031 2.33537 0)
(1.21112 1.51441 0)
(1.24138 1.21415 0)
(1.07045 0.91967 0)
(1.02888 0.624638 0)
(0.938331 0.472871 0)
(0.833551 0.422051 0)
(0.743208 0.398632 0)
(0.666792 0.378972 0)
(0.601065 0.362243 0)
(0.543936 0.34901 0)
(0.493765 0.338483 0)
(0.449364 0.329774 0)
(0.409828 0.322318 0)
(0.374403 0.315771 0)
(0.342473 0.309906 0)
(0.31354 0.304581 0)
(0.287191 0.299696 0)
(0.263078 0.295182 0)
(0.240909 0.290992 0)
(0.220426 0.287101 0)
(0.201411 0.283476 0)
(0.183677 0.280106 0)
(0.167058 0.276979 0)
(0.151413 0.274091 0)
(0.136615 0.271433 0)
(0.122552 0.269008 0)
(0.109134 0.266804 0)
(0.0962682 0.264831 0)
(0.0838737 0.263084 0)
(0.0718797 0.261555 0)
(0.0602252 0.260247 0)
(0.0488477 0.25916 0)
(0.0376878 0.258293 0)
(0.0266906 0.257647 0)
(0.0158374 0.257114 0)
(0.00504228 0.248482 0)
(0.922672 2.8691 0)
(0.898577 2.75592 0)
(0.923671 2.6079 0)
(1.00149 2.1902 0)
(1.20542 1.4998 0)
(1.01688 1.30356 0)
(0.967915 0.969462 0)
(0.95708 0.683479 0)
(0.877713 0.553848 0)
(0.788617 0.50293 0)
(0.710868 0.469152 0)
(0.643127 0.439635 0)
(0.583129 0.415266 0)
(0.529828 0.395823 0)
(0.482299 0.380023 0)
(0.439776 0.366816 0)
(0.401604 0.355516 0)
(0.367198 0.345668 0)
(0.33606 0.336962 0)
(0.307764 0.329182 0)
(0.281945 0.322168 0)
(0.258285 0.315806 0)
(0.236512 0.310008 0)
(0.216385 0.304708 0)
(0.197693 0.299857 0)
(0.180259 0.295416 0)
(0.163924 0.291354 0)
(0.148548 0.28765 0)
(0.13401 0.284282 0)
(0.120199 0.281242 0)
(0.107022 0.27851 0)
(0.0943925 0.276077 0)
(0.0822284 0.273934 0)
(0.0704611 0.272074 0)
(0.0590287 0.270493 0)
(0.0478704 0.269181 0)
(0.0369307 0.268139 0)
(0.0261517 0.267364 0)
(0.0155154 0.266745 0)
(0.0049375 0.257749 0)
(0.820197 2.89418 0)
(0.80559 2.75356 0)
(0.840182 2.57071 0)
(0.968099 1.9733 0)
(1.0969 1.59234 0)
(0.84423 1.36725 0)
(0.88375 0.98242 0)
(0.876924 0.727518 0)
(0.809392 0.622623 0)
(0.736632 0.571643 0)
(0.671937 0.530345 0)
(0.613337 0.494048 0)
(0.559677 0.464148 0)
(0.510878 0.439821 0)
(0.466627 0.419625 0)
(0.426534 0.4025 0)
(0.390204 0.387736 0)
(0.357235 0.374844 0)
(0.327249 0.36347 0)
(0.299901 0.353352 0)
(0.274878 0.344292 0)
(0.251901 0.336138 0)
(0.230723 0.32877 0)
(0.211124 0.322095 0)
(0.192909 0.31604 0)
(0.175909 0.310545 0)
(0.159974 0.305563 0)
(0.144971 0.301055 0)
(0.130782 0.296988 0)
(0.117304 0.293334 0)
(0.104441 0.290073 0)
(0.0921101 0.287183 0)
(0.0802368 0.28465 0)
(0.0687524 0.282461 0)
(0.0575943 0.280606 0)
(0.0467041 0.279074 0)
(0.0360289 0.277859 0)
(0.0255105 0.276957 0)
(0.0151325 0.276249 0)
(0.00481257 0.266884 0)
(0.738 2.90349 0)
(0.735298 2.73982 0)
(0.751407 2.50546 0)
(0.864336 1.8159 0)
(0.78234 1.72193 0)
(0.680143 1.37507 0)
(0.78396 0.966784 0)
(0.786594 0.758692 0)
(0.737001 0.677279 0)
(0.681384 0.627329 0)
(0.629283 0.581987 0)
(0.579444 0.541946 0)
(0.53211 0.508501 0)
(0.48802 0.48057 0)
(0.447344 0.456839 0)
(0.41002 0.436393 0)
(0.375878 0.418591 0)
(0.344676 0.402957 0)
(0.316145 0.38913 0)
(0.290016 0.376831 0)
(0.266032 0.365839 0)
(0.243952 0.355979 0)
(0.223559 0.347107 0)
(0.204655 0.33911 0)
(0.187064 0.331892 0)
(0.170628 0.325377 0)
(0.155208 0.3195 0)
(0.140678 0.314207 0)
(0.126929 0.309455 0)
(0.113861 0.305204 0)
(0.101385 0.301425 0)
(0.0894223 0.298089 0)
(0.0779003 0.295176 0)
(0.0667532 0.292666 0)
(0.055921 0.290543 0)
(0.0453475 0.288794 0)
(0.0349815 0.28741 0)
(0.0247667 0.286383 0)
(0.0146884 0.285589 0)
(0.00466751 0.275854 0)
(0.65769 2.89162 0)
(0.660532 2.71578 0)
(0.649598 2.47661 0)
(0.644279 1.92979 0)
(0.432012 1.78929 0)
(0.558702 1.29343 0)
(0.685946 0.921086 0)
(0.700047 0.774666 0)
(0.668218 0.717029 0)
(0.62738 0.67071 0)
(0.585734 0.62493 0)
(0.543376 0.583767 0)
(0.50176 0.548405 0)
(0.462157 0.517943 0)
(0.425066 0.491442 0)
(0.390657 0.468235 0)
(0.358919 0.447805 0)
(0.329724 0.429734 0)
(0.302889 0.413685 0)
(0.278209 0.399383 0)
(0.255477 0.386599 0)
(0.23449 0.375142 0)
(0.215058 0.364855 0)
(0.197006 0.355606 0)
(0.180178 0.347283 0)
(0.16443 0.339793 0)
(0.149634 0.333059 0)
(0.135677 0.327014 0)
(0.122456 0.321604 0)
(0.109879 0.31678 0)
(0.0978626 0.312503 0)
(0.0863328 0.308738 0)
(0.0752213 0.305457 0)
(0.0644661 0.302636 0)
(0.0540103 0.300254 0)
(0.0438007 0.298296 0)
(0.033789 0.296747 0)
(0.0239211 0.295599 0)
(0.0141842 0.294719 0)
(0.00450314 0.284619 0)
(0.543025 2.87895 0)
(0.522105 2.67924 0)
(0.536781 2.50655 0)
(0.381427 2.10921 0)
(0.282455 1.72414 0)
(0.509957 1.14946 0)
(0.616806 0.862897 0)
(0.63226 0.781711 0)
(0.609996 0.745846 0)
(0.57825 0.704957 0)
(0.543465 0.661253 0)
(0.506587 0.620608 0)
(0.469635 0.584337 0)
(0.434009 0.552079 0)
(0.400322 0.523387 0)
(0.368837 0.497873 0)
(0.339614 0.475173 0)
(0.312591 0.454952 0)
(0.287641 0.436914 0)
(0.264605 0.420798 0)
(0.243311 0.406376 0)
(0.223589 0.39345 0)
(0.205277 0.381853 0)
(0.188222 0.371438 0)
(0.172287 0.362082 0)
(0.157343 0.353679 0)
(0.143278 0.34614 0)
(0.129988 0.339387 0)
(0.11738 0.333355 0)
(0.105371 0.327988 0)
(0.0938836 0.323238 0)
(0.0828497 0.319065 0)
(0.0722065 0.315434 0)
(0.0618965 0.312317 0)
(0.0518668 0.309689 0)
(0.0420676 0.30753 0)
(0.0324542 0.305824 0)
(0.0229754 0.30456 0)
(0.0136208 0.303599 0)
(0.00431978 0.293136 0)
(0.429564 2.93062 0)
(0.364465 2.63734 0)
(0.365081 2.58804 0)
(0.167646 2.25233 0)
(0.316314 1.55937 0)
(0.514132 1.00033 0)
(0.582147 0.817175 0)
(0.586913 0.790704 0)
(0.564375 0.770608 0)
(0.53517 0.734735 0)
(0.503296 0.693713 0)
(0.469716 0.653918 0)
(0.436248 0.617008 0)
(0.404004 0.583275 0)
(0.37347 0.552726 0)
(0.344855 0.525222 0)
(0.31821 0.50054 0)
(0.293484 0.478426 0)
(0.270572 0.458622 0)
(0.249341 0.440884 0)
(0.229646 0.424989 0)
(0.211343 0.410735 0)
(0.194293 0.397947 0)
(0.178366 0.386468 0)
(0.163443 0.376166 0)
(0.149413 0.366923 0)
(0.136176 0.35864 0)
(0.123642 0.351232 0)
(0.111727 0.344623 0)
(0.100358 0.338751 0)
(0.089465 0.333562 0)
(0.0789873 0.329008 0)
(0.0688677 0.32505 0)
(0.0590542 0.321655 0)
(0.0494981 0.318796 0)
(0.0401543 0.316449 0)
(0.0309817 0.314596 0)
(0.0219328 0.313223 0)
(0.013 0.312184 0)
(0.00411801 0.301363 0)
(0.425654 3.03491 0)
(0.331988 2.74732 0)
(0.189884 2.66099 0)
(0.178961 2.21768 0)
(0.453043 1.35707 0)
(0.565494 0.886141 0)
(0.579271 0.802639 0)
(0.560555 0.811918 0)
(0.529073 0.79837 0)
(0.496742 0.764669 0)
(0.464526 0.724905 0)
(0.432497 0.685048 0)
(0.401578 0.647095 0)
(0.372252 0.611822 0)
(0.344681 0.579525 0)
(0.318909 0.550222 0)
(0.294904 0.52378 0)
(0.272586 0.499996 0)
(0.251846 0.478637 0)
(0.232561 0.459471 0)
(0.214605 0.442274 0)
(0.197856 0.426843 0)
(0.182195 0.412994 0)
(0.167514 0.400566 0)
(0.153711 0.389415 0)
(0.140693 0.379417 0)
(0.128374 0.370464 0)
(0.116676 0.362462 0)
(0.105529 0.35533 0)
(0.0948667 0.348998 0)
(0.0846303 0.343406 0)
(0.0747653 0.338504 0)
(0.0652214 0.334246 0)
(0.0559524 0.330597 0)
(0.0469153 0.327525 0)
(0.0380694 0.325005 0)
(0.029378 0.323017 0)
(0.0207979 0.321545 0)
(0.0123247 0.320432 0)
(0.00389876 0.309259 0)
(0.451853 3.0842 0)
(0.423989 2.85884 0)
(0.267746 2.74584 0)
(0.436678 2.09427 0)
(0.675903 1.19183 0)
(0.660613 0.846624 0)
(0.597169 0.837333 0)
(0.544155 0.853945 0)
(0.497933 0.834741 0)
(0.459245 0.798061 0)
(0.425104 0.756488 0)
(0.393883 0.714809 0)
(0.365159 0.674971 0)
(0.33861 0.637842 0)
(0.313988 0.603763 0)
(0.291118 0.572774 0)
(0.269855 0.544754 0)
(0.250066 0.519505 0)
(0.231626 0.496798 0)
(0.214416 0.476398 0)
(0.198325 0.458079 0)
(0.183248 0.441631 0)
(0.169089 0.426865 0)
(0.155756 0.413611 0)
(0.143168 0.401721 0)
(0.131249 0.391061 0)
(0.119928 0.381519 0)
(0.10914 0.372993 0)
(0.0988268 0.365398 0)
(0.0889332 0.358658 0)
(0.0794093 0.352709 0)
(0.0702087 0.347495 0)
(0.0612884 0.34297 0)
(0.0526086 0.339093 0)
(0.0441322 0.33583 0)
(0.0358238 0.333155 0)
(0.0276515 0.331044 0)
(0.0195765 0.329482 0)
(0.0115982 0.328302 0)
(0.00366318 0.316785 0)
(0.464771 3.10127 0)
(0.475765 2.84157 0)
(0.48501 2.79417 0)
(0.809673 1.96325 0)
(0.920062 1.1348 0)
(0.745019 0.923889 0)
(0.605425 0.930347 0)
(0.520351 0.918935 0)
(0.461084 0.881275 0)
(0.41726 0.835461 0)
(0.382167 0.78849 0)
(0.352412 0.743098 0)
(0.326298 0.700495 0)
(0.302815 0.661182 0)
(0.281363 0.625282 0)
(0.261577 0.592715 0)
(0.243212 0.563296 0)
(0.226092 0.53679 0)
(0.210082 0.512946 0)
(0.195068 0.491515 0)
(0.180953 0.472261 0)
(0.167652 0.454966 0)
(0.155089 0.439435 0)
(0.143194 0.425491 0)
(0.131904 0.412978 0)
(0.121159 0.401761 0)
(0.110905 0.391719 0)
(0.101091 0.382747 0)
(0.0916699 0.374755 0)
(0.0825988 0.367665 0)
(0.0738372 0.361407 0)
(0.0653472 0.355925 0)
(0.0570936 0.351167 0)
(0.0490433 0.347092 0)
(0.0411656 0.343663 0)
(0.0334309 0.340852 0)
(0.0258123 0.338634 0)
(0.0182758 0.336993 0)
(0.0108247 0.335753 0)
(0.00341262 0.323901 0)
(0.454817 3.09199 0)
(0.484241 2.76566 0)
(0.689228 2.48122 0)
(1.05732 1.72488 0)
(0.973137 1.21104 0)
(0.718579 1.10182 0)
(0.561403 1.0564 0)
(0.468977 0.995296 0)
(0.408425 0.932623 0)
(0.365692 0.873699 0)
(0.333165 0.819047 0)
(0.306835 0.768828 0)
(0.284446 0.723004 0)
(0.264697 0.681398 0)
(0.246836 0.643758 0)
(0.230412 0.609792 0)
(0.215146 0.579196 0)
(0.200852 0.551668 0)
(0.187399 0.526918 0)
(0.17469 0.504673 0)
(0.162649 0.484686 0)
(0.151212 0.466727 0)
(0.140326 0.450593 0)
(0.129943 0.436102 0)
(0.120018 0.423096 0)
(0.11051 0.411431 0)
(0.10138 0.400986 0)
(0.0925929 0.391654 0)
(0.0841142 0.383338 0)
(0.0759115 0.37596 0)
(0.0679548 0.369447 0)
(0.0602155 0.363742 0)
(0.0526661 0.35879 0)
(0.0452808 0.354549 0)
(0.0380352 0.35098 0)
(0.0309062 0.348055 0)
(0.023872 0.345748 0)
(0.0169041 0.34404 0)
(0.0100094 0.342747 0)
(0.00314883 0.330571 0)
)
;

boundaryField
{
    leftWall
    {
        type            fixedValue;
        value           nonuniform 0();
    }
    rightWall
    {
        type            fixedValue;
        value           uniform (0 0 0);
    }
    lowerWall
    {
        type            fixedValue;
        value           uniform (0 0 0);
    }
    atmosphere
    {
        type            pressureInletOutletVelocity;
        value           nonuniform 0();
    }
    defaultFaces
    {
        type            empty;
    }
    procBoundary1to0
    {
        type            processor;
        value           nonuniform List<vector> 
44
(
(-0.438432 -0.018923 0)
(-0.0362155 0.122747 0)
(0.390679 0.269584 0)
(0.615596 0.38032 0)
(0.665826 0.468947 0)
(0.642444 0.55185 0)
(0.625641 0.641706 0)
(0.650411 0.744048 0)
(0.724349 0.856952 0)
(0.840512 0.971875 0)
(0.992783 1.06964 0)
(1.16412 1.1255 0)
(1.3348 1.14166 0)
(1.49593 1.14337 0)
(1.64644 1.14498 0)
(1.80511 1.15678 0)
(1.95291 1.16802 0)
(2.0209 1.15903 0)
(2.01162 1.14319 0)
(1.92952 1.151 0)
(1.85623 1.28729 0)
(1.85623 1.28729 0)
(1.74245 1.24941 0)
(1.67124 1.18817 0)
(1.64645 1.10662 0)
(1.61831 0.956536 0)
(1.55004 0.766134 0)
(1.42001 0.56764 0)
(1.24744 0.401021 0)
(1.1524 0.259384 0)
(1.24774 0.0557289 0)
(1.36598 -0.120532 0)
(1.30436 -0.124601 0)
(1.31937 -0.191981 0)
(1.45319 -0.48199 0)
(1.48261 -0.80803 0)
(1.33629 -1.0992 0)
(1.0363 -1.25595 0)
(0.691621 -1.22388 0)
(0.402649 -1.0693 0)
(0.267762 -1.02133 0)
(0.190562 -1.136 0)
(0.0380939 -1.32357 0)
(-0.234592 -1.50856 0)
)
;
    }
    procBoundary1to3
    {
        type            processor;
        value           nonuniform List<vector> 
45
(
(-0.378922 -0.830106 0)
(-0.234032 0.50203 0)
(-0.0587191 1.98333 0)
(0.241071 2.82462 0)
(0.388232 3.145 0)
(0.402143 3.05056 0)
(0.441814 2.66398 0)
(0.715789 2.16541 0)
(0.91176 1.62385 0)
(0.729496 1.40632 0)
(0.55875 1.2829 0)
(0.452325 1.16456 0)
(0.383414 1.06238 0)
(0.336507 0.978399 0)
(0.302799 0.907144 0)
(0.277259 0.845063 0)
(0.256796 0.790216 0)
(0.239524 0.741398 0)
(0.224333 0.69777 0)
(0.210566 0.658693 0)
(0.197828 0.623645 0)
(0.18588 0.592188 0)
(0.174566 0.563938 0)
(0.163789 0.53856 0)
(0.153481 0.515754 0)
(0.143594 0.495256 0)
(0.134092 0.476828 0)
(0.124946 0.460264 0)
(0.116131 0.445378 0)
(0.107623 0.432008 0)
(0.0993999 0.420011 0)
(0.0914393 0.409263 0)
(0.0837204 0.399655 0)
(0.0762226 0.391092 0)
(0.0689255 0.38349 0)
(0.0618087 0.37678 0)
(0.0548526 0.370899 0)
(0.0480385 0.365795 0)
(0.0413481 0.361422 0)
(0.0347636 0.357743 0)
(0.0282675 0.354726 0)
(0.021844 0.352347 0)
(0.0154703 0.350585 0)
(0.0091576 0.349247 0)
(0.0028736 0.336761 0)
)
;
    }
}


// ************************************************************************* //
