/*--------------------------------*- C++ -*----------------------------------*\
| =========                 |                                                 |
| \\      /  F ield         | OpenFOAM: The Open Source CFD Toolbox           |
|  \\    /   O peration     | Version:  3.0.1                                 |
|   \\  /    A nd           | Web:      www.OpenFOAM.org                      |
|    \\/     M anipulation  |                                                 |
\*---------------------------------------------------------------------------*/
FoamFile
{
    version     2.0;
    format      ascii;
    class       surfaceScalarField;
    location    "0.05";
    object      alphaPhi;
}
// * * * * * * * * * * * * * * * * * * * * * * * * * * * * * * * * * * * * * //

dimensions      [0 3 -1 0 0 0 0];

internalField   nonuniform List<scalar> 
3731
(
1.27406e-18
1.26803e-18
4.39885e-20
2.60566e-18
4.88303e-18
1.9351e-19
1.80798e-18
5.19223e-18
2.03688e-19
1.11048e-18
4.18172e-18
1.68528e-19
6.79429e-19
3.05967e-18
1.30237e-19
4.43603e-19
2.2214e-18
1.01475e-19
3.01745e-19
1.55478e-18
8.12701e-20
2.22116e-19
1.07331e-18
6.98897e-20
1.86472e-19
7.23773e-19
6.86634e-20
1.52527e-19
4.75382e-19
6.95391e-20
2.32448e-39
-3.18648e-37
9.22092e-40
-6.31321e-38
1.16611e-40
-4.91776e-39
8.89539e-42
-2.56955e-40
4.92919e-43
-1.00818e-41
2.2361e-44
-3.23233e-43
8.87421e-46
-8.82573e-45
3.20517e-47
-2.06373e-46
1.08029e-48
-3.93209e-48
3.45194e-50
-4.60008e-50
1.07866e-51
3.76791e-54
3.42576e-53
4.2517e-55
1.09747e-54
2.15205e-56
3.51282e-56
8.99174e-58
1.11218e-57
3.41604e-59
3.45076e-59
1.2147e-60
1.04091e-60
4.08421e-62
3.03243e-62
1.30303e-63
8.48518e-64
3.94741e-65
2.26973e-65
1.13469e-66
5.77957e-67
3.09044e-68
1.39541e-68
7.96028e-70
3.18193e-70
1.93479e-71
6.82529e-72
4.4257e-73
1.3713e-73
9.49764e-75
2.56859e-75
1.90541e-76
4.46208e-77
3.55901e-78
7.14604e-79
6.15976e-80
1.04777e-80
9.82291e-82
1.39497e-82
1.43371e-83
1.66972e-84
1.90008e-85
1.77486e-86
2.26443e-87
1.64946e-88
2.3974e-89
1.31302e-90
2.22001e-91
8.70462e-93
1.76171e-93
4.61362e-95
1.16503e-95
1.83234e-97
6.16406e-98
4.84237e-100
2.44542e-100
6.36031e-103
6.45591e-103
8.36809e-106
3.35828e-37
-4.37895e-35
1.33881e-37
-8.72052e-36
1.70275e-38
-6.80488e-37
1.32661e-39
-3.61645e-38
7.56475e-41
-1.4539e-39
3.53704e-42
-4.77521e-41
1.44687e-43
-1.33112e-42
5.38684e-45
-3.15964e-44
1.87333e-46
-6.05322e-46
6.19433e-48
-6.94119e-48
2.01202e-49
1.45054e-51
6.63294e-51
1.61279e-52
2.20228e-52
8.45691e-54
7.29473e-54
3.66086e-55
2.38691e-55
1.43846e-56
7.6461e-57
5.28343e-58
2.37946e-58
1.83338e-59
7.14778e-60
6.03292e-61
2.06156e-61
1.88407e-62
5.68269e-63
5.58106e-64
1.49088e-64
1.56615e-65
3.70817e-66
4.15591e-67
8.71007e-68
1.04051e-68
1.92439e-69
2.45143e-70
3.98221e-71
5.41822e-72
7.68232e-73
1.11951e-73
1.37445e-74
2.15358e-75
2.26698e-76
3.8386e-77
3.42322e-78
6.3041e-79
4.69375e-80
9.47615e-81
5.78614e-82
1.29343e-82
6.33437e-84
1.58753e-84
6.06288e-86
1.73095e-86
4.97065e-88
1.65079e-88
3.39398e-90
1.34926e-90
1.85282e-92
9.19063e-93
7.57945e-95
5.0087e-95
2.06287e-97
2.04686e-97
2.78517e-100
5.56915e-100
7.40675e-103
2.36008e-35
-2.932e-33
9.4505e-36
-5.87871e-34
1.20403e-36
-4.58904e-35
9.52858e-38
-2.47752e-36
5.55949e-39
-1.02141e-37
2.66099e-40
-3.44395e-39
1.11191e-41
-9.82132e-41
4.21549e-43
-2.36715e-42
1.48763e-44
-4.52802e-44
4.97358e-46
-4.75179e-46
1.63688e-47
2.22272e-49
5.45041e-49
2.11418e-50
1.82279e-50
1.08595e-51
6.06721e-52
4.67305e-53
1.99111e-53
1.83164e-54
6.3874e-55
6.71656e-56
1.98834e-56
2.3269e-57
5.96948e-58
7.64274e-59
1.71963e-59
2.38179e-60
4.73207e-61
7.03917e-62
1.2389e-62
1.97039e-63
3.07417e-64
5.21458e-65
7.20224e-66
1.30185e-66
1.58687e-67
3.05809e-68
3.27426e-69
6.73859e-70
6.29762e-71
1.38801e-71
1.12324e-72
2.66159e-73
1.84679e-74
4.72871e-75
2.77976e-76
7.74053e-77
3.79906e-78
1.15971e-78
4.66781e-80
1.57766e-80
5.0931e-82
1.92987e-82
4.85849e-84
2.09707e-84
3.9698e-86
1.99318e-86
2.70141e-88
1.62358e-88
1.4697e-90
1.10214e-90
5.99148e-93
5.9857e-93
1.62499e-95
2.43766e-95
2.18726e-98
6.6097e-98
8.76102e-101
1.10323e-33
-1.27492e-31
4.46184e-34
-2.58163e-32
5.68933e-35
-2.00982e-33
4.56942e-36
-1.09892e-34
2.73193e-37
-4.64409e-36
1.34298e-38
-1.60985e-37
5.75683e-40
-4.70475e-39
2.23295e-41
-1.15102e-40
8.03513e-43
-2.17783e-42
2.72949e-44
-1.89282e-44
9.16757e-46
2.12497e-47
3.10298e-47
1.72936e-48
1.05104e-48
8.68453e-50
3.53181e-50
3.7184e-51
1.16696e-51
1.45638e-52
3.761e-53
5.34164e-54
1.17428e-54
1.85094e-55
3.5317e-56
6.07884e-57
1.01821e-57
1.89359e-58
2.80222e-59
5.59201e-60
7.33331e-61
1.56362e-61
1.8181e-62
4.13256e-63
4.25441e-64
1.03014e-64
9.36007e-66
2.41569e-66
1.92808e-67
5.31317e-68
3.70158e-69
1.09222e-69
6.58899e-71
2.08998e-71
1.08106e-72
3.70503e-73
1.6236e-74
6.05116e-75
2.21389e-76
9.04493e-77
2.71376e-78
1.22752e-78
2.95388e-80
1.49788e-80
2.81089e-82
1.62362e-82
2.291e-84
1.5393e-84
1.55505e-86
1.25068e-86
8.43849e-89
8.46802e-89
3.4311e-91
4.58691e-91
9.28135e-94
1.86309e-93
1.24623e-96
5.03851e-96
6.66182e-99
3.81708e-32
-4.02234e-30
1.57269e-32
-8.2453e-31
2.00447e-33
-6.36889e-32
1.63007e-34
-3.50739e-33
9.99015e-36
-1.51602e-34
5.05809e-37
-5.40493e-36
2.23387e-38
-1.62026e-37
8.90987e-40
-4.01603e-39
3.2871e-41
-7.39372e-41
1.14062e-42
-3.97445e-43
3.93785e-44
1.45112e-45
1.363e-45
1.03304e-46
4.69819e-47
5.07735e-48
1.59957e-48
2.16581e-49
5.33552e-50
8.48682e-51
1.73101e-51
3.11666e-52
5.42864e-53
1.08106e-53
1.63723e-54
3.55229e-55
4.72753e-56
1.10656e-56
1.30186e-57
3.26624e-58
3.40658e-59
9.1248e-60
8.44015e-61
2.40866e-61
1.97286e-62
5.99507e-63
4.3342e-64
1.40339e-64
8.91269e-66
3.08064e-66
1.70775e-67
6.31934e-68
3.03337e-69
1.20647e-69
4.96544e-71
2.13368e-71
7.43937e-73
3.47608e-73
1.01184e-74
5.18239e-75
1.23706e-76
7.01441e-77
1.34288e-78
8.5359e-79
1.27435e-80
9.2266e-81
1.03572e-82
8.72263e-83
7.00994e-85
7.06663e-85
3.79287e-87
4.77059e-87
1.53763e-89
2.57644e-89
4.14706e-92
1.04337e-91
5.55214e-95
2.81329e-94
3.70887e-97
1.02788e-30
-9.75428e-29
4.3712e-31
-2.02139e-29
5.55544e-32
-1.53611e-30
4.55456e-33
-8.44338e-32
2.85812e-34
-3.71543e-33
1.49365e-35
-1.36075e-34
6.8259e-37
-4.18254e-36
2.81505e-38
-1.04513e-37
1.07102e-39
-1.80868e-39
3.83156e-41
7.24707e-44
1.37037e-42
7.59009e-44
4.88025e-44
4.85695e-45
1.71965e-45
2.34451e-46
5.95156e-47
9.98125e-48
2.0088e-48
3.91815e-49
6.57123e-50
1.44206e-50
2.07234e-51
5.01052e-52
6.27233e-53
1.64803e-53
1.81491e-54
5.13514e-55
5.00257e-56
1.51524e-56
1.30912e-57
4.22952e-58
3.24157e-59
1.11506e-59
7.56864e-61
2.7709e-61
1.66022e-62
6.47415e-63
3.40763e-64
1.41811e-64
6.51528e-66
2.90214e-66
1.15452e-67
5.52668e-68
1.88503e-69
9.74787e-70
2.81652e-71
1.5836e-71
3.81986e-73
2.35402e-73
4.65621e-75
3.17654e-75
5.03904e-77
3.85356e-77
4.76683e-79
4.15215e-79
3.86178e-81
3.91263e-81
2.60516e-83
3.15934e-83
1.40488e-85
2.12568e-85
5.67621e-88
1.14413e-87
1.52572e-90
4.61763e-90
2.03577e-93
1.24084e-92
1.63034e-95
2.20095e-29
-1.88603e-27
9.85495e-30
-3.90806e-28
1.24435e-30
-2.88276e-29
1.02154e-31
-1.55869e-30
6.54364e-33
-6.92348e-32
3.53405e-34
-2.59363e-33
1.67863e-35
-8.14668e-35
7.20437e-37
-2.0293e-36
2.8474e-38
-3.04141e-38
1.0718e-39
2.27774e-41
3.99528e-41
3.16753e-42
1.47009e-42
1.87161e-43
5.31038e-44
8.90737e-45
1.87177e-45
3.78977e-46
6.4009e-47
1.49131e-47
2.11308e-48
5.50302e-49
6.70519e-50
1.91575e-50
2.03753e-51
6.30809e-52
5.90932e-53
1.96618e-53
1.63059e-54
5.79966e-55
4.26759e-56
1.61742e-56
1.05606e-57
4.2583e-58
2.46278e-59
1.05631e-59
5.39314e-61
2.46287e-61
1.10466e-62
5.38188e-63
2.10703e-64
1.09851e-64
3.72381e-66
2.08604e-66
6.06259e-68
3.66827e-68
9.03077e-70
5.94052e-70
1.22086e-71
8.80153e-72
1.48319e-73
1.18365e-73
1.59961e-75
1.4309e-75
1.50784e-77
1.53625e-77
1.21713e-79
1.44233e-79
8.18041e-82
1.16031e-81
4.39488e-84
7.77738e-84
1.76896e-86
4.17019e-86
4.7367e-89
1.67662e-88
6.29601e-92
4.4881e-91
5.87434e-94
3.54931e-28
-2.99585e-26
1.80077e-28
-6.03252e-27
2.27022e-29
-4.23884e-28
1.85152e-30
-2.19239e-29
1.20349e-31
-9.65177e-31
6.71073e-33
-3.65173e-32
3.32596e-34
-1.15725e-33
1.49713e-35
-2.79057e-35
6.2085e-37
-2.73473e-37
2.48242e-38
1.19024e-39
9.71913e-40
1.05653e-40
3.71528e-41
5.92137e-42
1.38095e-42
2.79605e-43
4.96965e-44
1.1921e-44
1.72474e-45
4.70929e-46
5.75237e-47
1.74371e-47
1.83797e-48
6.08494e-49
5.60989e-50
2.00635e-50
1.63121e-51
6.25633e-52
4.50648e-53
1.84481e-53
1.1796e-54
5.13982e-55
2.91705e-56
1.35116e-56
6.79354e-58
3.34512e-58
1.4849e-59
7.78123e-60
3.03448e-61
1.69587e-61
5.77264e-63
3.45142e-63
1.01721e-64
6.53357e-65
1.65079e-66
1.14508e-66
2.45063e-68
1.84785e-68
3.30113e-70
2.72776e-70
3.99556e-72
3.65446e-72
4.2926e-74
4.40059e-74
4.03033e-76
4.70568e-76
3.24012e-78
4.39995e-78
2.16873e-80
3.52491e-80
1.16027e-82
2.35277e-82
4.65041e-85
1.2562e-84
1.23993e-87
5.02897e-87
1.64105e-90
1.34041e-89
1.74689e-92
6.36571e-27
-4.09918e-25
2.79093e-27
-7.1947e-26
3.38083e-28
-4.6948e-27
2.6884e-29
-2.22726e-28
1.749e-30
-9.37343e-30
9.9891e-32
-3.46392e-31
5.16064e-33
-1.05589e-32
2.45274e-34
-2.19495e-34
1.08873e-35
8.79786e-38
4.67308e-37
3.83429e-38
1.93483e-38
2.78077e-39
7.71506e-40
1.51065e-40
2.95763e-41
7.11775e-42
1.08818e-42
3.04737e-43
3.83579e-44
1.2096e-44
1.2931e-45
4.49586e-46
4.16135e-47
1.57289e-47
1.27593e-48
5.19323e-49
3.7198e-50
1.61996e-50
1.02884e-51
4.77453e-52
2.69313e-53
1.32868e-53
6.65419e-55
3.48679e-55
1.5473e-56
8.61334e-57
3.37488e-58
1.99837e-58
6.87902e-60
4.34253e-60
1.30476e-61
8.80928e-62
2.29162e-63
1.66179e-63
3.70582e-65
2.90167e-65
5.48066e-67
4.66431e-67
7.35356e-69
6.85746e-69
8.86383e-71
9.1486e-71
9.48228e-73
1.09689e-72
8.86398e-75
1.16775e-74
7.09417e-77
1.08695e-76
4.72678e-79
8.66792e-79
2.51716e-81
5.75875e-81
1.00419e-83
3.06033e-83
2.66487e-86
1.21937e-85
3.51019e-89
3.23466e-88
4.19557e-91
2.51698e-25
-4.93954e-24
4.27788e-26
-5.0612e-25
4.07496e-27
-2.91234e-26
2.98943e-28
-1.29997e-27
1.88871e-29
-5.20375e-29
1.07597e-30
-1.84494e-30
5.64271e-32
-5.15863e-32
2.75308e-33
-6.58321e-34
1.27648e-34
6.5169e-36
5.66418e-36
6.97691e-37
2.40629e-37
4.43114e-38
9.78592e-39
2.31459e-39
3.80808e-40
1.07498e-40
1.41693e-41
4.57691e-42
5.03625e-43
1.81287e-43
1.70796e-44
6.73235e-45
5.51903e-46
2.35404e-46
1.6966e-47
7.7672e-48
4.95289e-49
2.42051e-49
1.37034e-50
7.12424e-51
3.58517e-52
1.97906e-52
8.84726e-54
5.18227e-54
2.05347e-55
1.27692e-55
4.4684e-57
2.95408e-57
9.08268e-59
6.39896e-59
1.71732e-60
1.29363e-60
3.0058e-62
2.4313e-62
4.84262e-64
4.22876e-64
7.13363e-66
6.76977e-66
9.53174e-68
9.91061e-68
1.14398e-69
1.31637e-69
1.21835e-71
1.57115e-71
1.13369e-73
1.6649e-73
9.03094e-76
1.54239e-75
5.98864e-78
1.2241e-77
3.1738e-80
8.09323e-80
1.25998e-82
4.27988e-82
3.32723e-85
1.69688e-84
4.36096e-88
4.47907e-87
5.78094e-90
1.68651e-19
2.63961e-19
4.91009e-20
4.22378e-20
1.14507e-19
1.1936e-19
2.61509e-20
3.14673e-20
4.83178e-20
4.56537e-20
9.76158e-21
1.3202e-20
1.71276e-20
1.55919e-20
3.0932e-21
4.25265e-21
5.59096e-21
5.01959e-21
9.30875e-22
1.24121e-21
1.74272e-21
1.58129e-21
2.75968e-22
3.52868e-22
5.37339e-22
5.0027e-22
8.23917e-23
1.00397e-22
1.67688e-22
1.61761e-22
2.51702e-23
2.90644e-23
5.34777e-23
5.38246e-23
7.9212e-24
8.63954e-24
1.74204e-23
2.5642e-24
2.6367e-24
8.2309e-25
7.97288e-25
2.79496e-25
2.55045e-25
9.43973e-26
8.11328e-26
3.15784e-26
2.55626e-26
1.04394e-26
7.95738e-27
3.39879e-27
2.43844e-27
1.08567e-27
7.32637e-28
3.38988e-28
2.14958e-28
1.03087e-28
6.13437e-29
3.04229e-29
1.69589e-29
8.68262e-30
4.52377e-30
2.38772e-30
1.15945e-30
6.3013e-31
2.84171e-31
1.58822e-31
6.62248e-32
3.80197e-32
1.4578e-32
8.59027e-33
3.00823e-33
1.81953e-33
5.76948e-34
3.58729e-34
1.01863e-34
6.5355e-35
1.63805e-35
1.09253e-35
2.37064e-36
1.66527e-36
3.04496e-37
2.3026e-37
3.411e-38
3.23233e-39
6.331e-21
3.44086e-21
1.05229e-21
-7.5137e-24
1.96251e-22
-2.30204e-23
-4.51602e-24
3.94802e-23
7.12104e-21
3.05059e-21
1.40354e-21
1.63941e-22
2.51516e-22
5.69899e-24
-4.80902e-25
4.23031e-23
3.11694e-21
1.40605e-21
5.89953e-22
1.48433e-22
9.88697e-23
1.44273e-23
1.09226e-24
1.51665e-23
9.57394e-22
4.904e-22
1.78946e-22
6.44683e-23
2.94394e-23
7.45437e-24
7.5473e-25
4.34895e-24
2.63405e-22
1.50125e-22
4.8537e-23
2.15623e-23
7.8995e-24
2.73554e-24
3.11136e-25
1.14934e-24
7.02855e-23
4.37225e-23
1.25723e-23
6.49957e-24
2.01198e-24
8.66881e-25
1.04722e-25
2.89202e-25
1.87164e-23
1.26362e-23
3.2134e-24
1.88169e-24
5.01811e-25
2.55788e-25
3.18183e-26
7.1069e-26
5.07143e-24
3.70514e-24
8.29845e-25
5.41262e-25
1.25464e-25
7.33578e-26
9.19907e-27
1.74021e-26
1.41348e-24
1.11399e-24
2.19532e-25
1.57654e-25
3.19195e-26
2.09787e-26
2.61038e-27
4.30649e-27
4.05654e-25
3.43911e-25
5.97217e-26
4.68308e-26
8.31466e-27
6.05731e-27
7.39388e-28
1.08496e-27
1.17263e-25
1.06622e-25
1.6494e-26
1.40349e-26
2.20291e-27
1.76125e-27
2.09729e-28
2.77529e-28
3.5151e-26
3.42237e-26
4.67919e-27
4.30065e-27
5.96204e-28
5.19267e-28
5.98936e-29
7.21886e-29
1.06039e-26
1.10362e-26
1.34165e-27
1.32715e-27
1.63207e-28
1.53997e-28
1.71526e-29
1.89688e-29
3.18373e-27
3.53749e-27
3.84309e-28
4.08053e-28
4.47243e-29
4.55318e-29
4.89304e-30
4.99188e-30
9.4614e-28
1.1214e-27
1.09176e-28
1.2419e-28
1.21724e-29
1.33306e-29
1.38163e-30
1.30551e-30
2.77031e-28
3.50112e-28
3.05882e-29
3.72296e-29
3.2699e-30
3.84414e-30
3.84106e-31
3.37116e-31
7.95669e-29
1.07222e-28
8.41055e-30
1.09457e-29
8.62378e-31
1.08688e-30
1.0465e-31
8.54751e-32
2.23202e-29
3.20857e-29
2.25912e-30
3.14337e-30
2.22207e-31
3.00042e-31
2.78237e-32
2.11728e-32
6.08959e-30
9.34641e-30
5.90163e-31
8.7831e-31
5.56816e-32
8.05509e-32
7.19018e-33
5.09968e-33
1.60909e-30
2.64042e-30
1.49288e-31
2.37872e-31
1.35085e-32
2.0949e-32
1.79894e-33
1.18891e-33
4.10062e-31
7.20783e-31
3.64085e-32
6.22076e-32
3.15869e-33
5.25761e-33
4.34082e-34
2.67075e-34
1.00346e-31
1.89413e-31
8.52248e-33
1.56487e-32
7.08649e-34
1.26841e-33
1.00626e-34
5.75452e-35
2.34662e-32
4.77202e-32
1.90552e-33
3.77107e-33
1.51807e-34
2.92954e-34
2.23192e-35
1.1836e-35
5.21525e-33
1.14724e-32
4.04766e-34
8.66604e-34
3.08892e-35
6.44893e-35
4.71647e-36
2.31207e-36
1.09456e-33
2.61798e-33
8.11895e-35
1.88951e-34
5.93545e-36
1.34656e-35
9.45214e-37
4.26577e-37
2.15387e-34
5.63743e-34
1.52743e-35
3.88738e-35
1.0702e-36
2.65318e-36
1.78776e-37
7.38905e-38
3.94222e-35
1.1383e-34
2.6752e-36
7.50239e-36
1.79822e-37
4.90636e-37
3.1753e-38
1.19396e-38
6.65234e-36
2.1411e-35
4.32685e-37
1.35012e-36
2.79485e-38
8.46891e-38
5.26968e-39
1.78747e-39
1.025e-36
3.7272e-36
6.40624e-38
2.25223e-37
3.98629e-39
1.35727e-38
8.13269e-40
2.46161e-40
1.42676e-37
5.96782e-37
8.60004e-39
3.46373e-38
5.17317e-40
2.00983e-39
1.16212e-40
3.09451e-41
1.77211e-38
8.74163e-38
1.03545e-39
4.88769e-39
6.04979e-41
2.73837e-40
1.5319e-41
3.52091e-42
1.9335e-39
1.16664e-38
1.10297e-40
6.30463e-40
6.30047e-42
3.4217e-41
1.85753e-42
3.58858e-43
1.80712e-40
1.01883e-41
5.74676e-43
3.23021e-44
4.80909e-24
-2.76927e-24
4.39977e-25
-3.29529e-25
3.26107e-26
-2.03916e-26
2.14176e-27
-1.04866e-27
1.29648e-28
-4.54931e-29
7.33199e-30
-1.57445e-30
3.9052e-31
-3.41987e-32
1.97035e-32
4.52783e-34
9.43703e-34
9.56582e-35
4.29645e-35
7.23877e-36
1.8627e-36
4.21841e-37
7.69762e-38
2.13419e-38
3.03331e-39
9.77912e-40
1.13968e-40
4.13893e-41
4.08093e-42
1.63503e-42
1.39157e-43
6.06413e-44
4.51406e-45
2.11864e-45
1.39114e-46
6.98472e-47
4.06667e-48
2.17437e-48
1.12558e-49
6.39091e-50
2.94351e-51
1.77222e-51
7.25545e-53
4.63075e-53
1.68106e-54
1.13818e-54
3.64974e-56
2.62566e-56
7.39853e-58
5.66968e-58
1.39457e-59
1.14227e-59
2.43254e-61
2.13896e-61
3.90457e-63
3.70582e-63
5.72918e-65
5.90836e-65
7.62344e-67
8.61269e-67
9.10996e-69
1.13892e-68
9.65873e-71
1.35318e-70
8.94625e-73
1.42723e-72
7.09305e-75
1.31593e-74
4.68107e-77
1.03934e-76
2.46877e-79
6.83804e-79
9.75269e-82
3.59824e-81
2.56261e-84
1.41952e-83
3.34202e-87
3.72824e-86
4.78789e-89
4.94157e-24
-4.58738e-25
4.53752e-25
-6.85593e-26
3.56654e-26
-4.88208e-27
2.49049e-27
-2.68454e-28
1.58762e-28
-1.17167e-29
9.39038e-30
-3.28639e-31
5.20065e-31
4.99511e-33
2.70909e-32
2.39643e-33
1.33261e-33
2.10982e-34
6.21074e-35
1.36595e-35
2.74844e-36
7.54664e-37
1.1564e-37
3.74085e-38
4.62913e-39
1.70254e-39
1.76338e-40
7.20273e-41
6.39073e-42
2.85282e-42
2.20227e-43
1.06237e-43
7.20985e-45
3.72882e-45
2.23986e-46
1.23515e-46
6.59373e-48
3.86275e-48
1.83619e-49
1.14024e-49
4.82742e-51
3.17448e-51
1.19541e-52
8.32466e-53
2.78081e-54
2.0527e-54
6.05828e-56
4.7489e-56
1.23175e-57
1.02803e-57
2.32769e-59
2.07573e-59
4.06905e-61
3.89433e-61
6.5435e-63
6.75814e-63
9.61629e-65
1.07899e-64
1.28125e-66
1.57471e-66
1.53275e-68
2.08442e-68
1.62652e-70
2.47855e-70
1.50764e-72
2.61594e-72
1.19605e-74
2.41326e-74
7.89715e-77
1.90684e-76
4.1665e-79
1.25499e-78
1.64644e-81
6.60569e-81
4.32724e-84
2.60658e-83
5.64466e-87
6.84739e-86
8.7947e-89
1.77695e-24
-2.81589e-26
1.71012e-25
-7.95421e-27
1.4249e-26
-6.57198e-28
1.05591e-27
-3.43382e-29
7.09299e-29
-1.03073e-30
4.38162e-30
9.90408e-32
2.5135e-31
2.33072e-32
1.35431e-32
2.15164e-33
6.8828e-34
1.51329e-34
3.30872e-35
9.11736e-36
1.50744e-36
4.91966e-37
6.51699e-38
2.43023e-38
2.67534e-39
1.11271e-39
1.04314e-40
4.75774e-41
3.86271e-42
1.90876e-42
1.35778e-43
7.20627e-44
4.52719e-45
2.5647e-45
1.43037e-46
8.612e-47
4.27676e-48
2.72895e-48
1.2082e-49
8.15737e-50
3.21886e-51
2.29825e-51
8.06934e-53
6.09501e-53
1.89861e-54
1.5189e-54
4.18027e-56
3.54909e-56
8.58316e-58
7.75515e-58
1.63691e-59
1.57969e-59
2.88609e-61
2.9883e-61
4.67849e-63
5.22636e-63
6.92733e-65
8.40575e-65
9.29523e-67
1.23529e-66
1.11941e-68
1.64588e-68
1.19542e-70
1.96931e-70
1.11471e-72
2.09082e-72
8.89389e-75
1.93977e-74
5.9045e-77
1.54103e-76
3.13154e-79
1.01952e-78
1.24373e-81
5.39332e-81
3.28489e-84
2.1386e-83
4.30558e-87
5.6449e-86
7.28308e-89
4.99151e-25
4.90114e-26
4.92438e-26
1.01007e-27
4.25407e-27
2.72873e-29
3.27591e-28
1.02762e-29
2.2797e-29
1.63987e-30
1.45656e-30
1.7838e-31
8.67135e-32
1.53686e-32
4.83631e-33
1.12177e-33
2.53724e-34
7.22171e-35
1.25575e-35
4.19989e-36
5.87549e-37
2.23992e-37
2.6026e-38
1.10648e-38
1.09239e-39
5.09674e-40
4.34662e-41
2.19927e-41
1.63965e-42
8.91771e-43
5.86215e-44
3.40491e-44
1.98522e-45
1.22564e-45
6.36243e-47
4.16169e-47
1.92745e-48
1.33301e-48
5.51122e-50
4.02577e-50
1.4847e-51
1.14533e-51
3.76043e-53
3.06556e-53
8.93235e-55
7.70616e-55
1.98411e-56
1.81543e-56
4.10743e-58
3.99761e-58
7.89352e-60
8.2023e-60
1.40171e-61
1.56228e-61
2.28751e-63
2.75004e-63
3.40844e-65
4.45007e-65
4.60072e-67
6.57765e-67
5.57175e-69
8.81226e-69
5.98186e-71
1.05993e-70
5.60641e-73
1.13099e-72
4.495e-75
1.05433e-74
2.99814e-77
8.41491e-77
1.59731e-79
5.59217e-79
6.37183e-82
2.97122e-81
1.69017e-84
1.18323e-83
2.22478e-87
3.13637e-86
4.0628e-89
1.31574e-25
2.97914e-26
1.29738e-26
2.16701e-27
1.13223e-27
1.65855e-28
8.92359e-29
1.39233e-29
6.42215e-30
1.16904e-30
4.25982e-31
9.3125e-32
2.62356e-32
6.85441e-33
1.50868e-33
4.62123e-34
8.135e-35
2.86005e-35
4.12638e-36
1.63357e-36
1.97365e-37
8.65833e-38
8.91662e-39
4.27891e-39
3.80941e-40
1.97919e-40
1.54005e-41
8.59332e-42
5.89311e-43
3.50969e-43
2.13424e-44
1.35031e-44
7.31208e-46
4.8981e-46
2.36817e-47
1.6757e-47
7.24268e-49
5.40622e-49
2.08883e-50
1.64395e-50
5.67141e-52
4.70732e-52
1.44671e-53
1.2676e-53
3.45882e-55
3.20456e-55
7.72868e-57
7.58938e-57
1.6087e-58
1.67945e-58
3.10705e-60
3.46179e-60
5.54295e-62
6.62201e-62
9.08447e-64
1.17034e-63
1.35898e-65
1.90098e-65
1.84116e-67
2.81981e-67
2.2375e-69
3.79043e-69
2.41007e-71
4.5736e-71
2.26583e-73
4.89499e-73
1.82204e-75
4.57647e-75
1.21876e-77
3.66283e-77
6.51105e-80
2.44078e-79
2.60435e-82
1.3003e-81
6.9267e-85
5.19188e-84
9.14218e-88
1.37986e-86
1.79192e-89
3.32513e-26
1.13092e-26
3.35367e-27
9.74391e-28
3.01255e-28
8.07233e-29
2.44542e-29
6.56641e-30
1.81144e-30
5.15255e-31
1.2345e-31
3.83743e-32
7.79356e-33
2.68167e-33
4.5827e-34
1.7467e-34
2.52069e-35
1.05862e-35
1.30134e-36
5.97678e-37
6.32197e-38
3.15052e-38
2.89557e-39
1.55446e-39
1.25204e-40
7.1956e-41
5.11533e-42
3.13096e-42
1.97556e-43
1.28248e-43
7.21253e-45
4.95038e-45
2.4885e-46
1.80175e-46
8.10901e-48
6.18435e-48
2.49323e-49
2.00146e-49
7.22384e-51
6.10379e-51
1.9692e-52
1.75241e-52
5.04052e-54
4.73022e-54
1.20868e-55
1.19838e-55
2.7077e-57
2.84351e-57
5.64835e-59
6.3029e-59
1.09298e-60
1.30109e-60
1.95299e-62
2.492e-62
3.20518e-64
4.4091e-64
4.80036e-66
7.1685e-66
6.51004e-68
1.06422e-67
7.91829e-70
1.43159e-69
8.5354e-72
1.7285e-71
8.0299e-74
1.85103e-73
6.46103e-76
1.7315e-75
4.32417e-78
1.38653e-77
2.31139e-80
9.24397e-80
9.2505e-83
4.92721e-82
2.4618e-85
1.96848e-84
3.25133e-88
5.23493e-87
6.80198e-90
8.16038e-27
3.61986e-27
8.3338e-28
3.33225e-28
7.63437e-29
2.87562e-29
6.33733e-30
2.35641e-30
4.80576e-31
1.82955e-31
3.3523e-32
1.33948e-32
2.16394e-33
9.2077e-34
1.29904e-34
5.92437e-35
7.2819e-36
3.56367e-36
3.82409e-37
2.0048e-37
1.88623e-38
1.05607e-38
8.75602e-40
5.21707e-40
3.83082e-41
2.42076e-41
1.58116e-42
1.05648e-42
6.16037e-44
4.34143e-44
2.26603e-45
1.68112e-45
7.86824e-47
6.13689e-47
2.57765e-48
2.1121e-48
7.96046e-50
6.85141e-50
2.3148e-51
2.09355e-51
6.3284e-53
6.02017e-53
1.62356e-54
1.62701e-54
3.89993e-56
4.12563e-56
8.74755e-58
9.79496e-58
1.82629e-59
2.17179e-59
3.53559e-61
4.48332e-61
6.31858e-63
8.58538e-63
1.03687e-64
1.51843e-64
1.55239e-66
2.46735e-66
2.10419e-68
3.66043e-68
2.55765e-70
4.92001e-70
2.7548e-72
5.93502e-72
2.58935e-74
6.34955e-74
2.08147e-76
5.93343e-76
1.39168e-78
4.74631e-78
7.43151e-81
3.16105e-80
2.97128e-83
1.68319e-82
7.89992e-86
6.71802e-85
1.04244e-88
1.78496e-87
2.31706e-90
1.98098e-27
1.06928e-27
2.02916e-28
1.01431e-28
1.87846e-29
8.95217e-30
1.58205e-30
7.40909e-31
1.21977e-31
5.75957e-32
8.65828e-33
4.20278e-33
5.68702e-34
2.87559e-34
3.47169e-35
1.84309e-35
1.97698e-36
1.1063e-36
1.05342e-37
6.22139e-38
5.26518e-39
3.28083e-39
2.47332e-40
1.62424e-40
1.09356e-41
7.55758e-42
4.55558e-43
3.30853e-43
1.78922e-44
1.36386e-44
6.62703e-46
5.29718e-46
2.31458e-47
1.93904e-47
7.61971e-49
6.6896e-49
2.36262e-50
2.17444e-50
6.89231e-52
6.65514e-52
1.889e-53
1.91609e-53
4.8553e-55
5.18274e-55
1.16779e-56
1.31481e-56
2.62142e-58
3.12194e-58
5.47476e-60
6.92069e-60
1.05982e-61
1.42796e-61
1.89327e-63
2.73239e-63
3.10462e-65
4.82775e-65
4.64371e-67
7.83538e-67
6.28685e-69
1.16082e-68
7.6312e-71
1.55788e-70
8.20688e-73
1.87618e-72
7.70129e-75
2.00372e-74
6.17996e-77
1.86901e-76
4.12453e-79
1.49228e-78
2.19846e-81
9.91999e-81
8.77381e-84
5.27228e-83
2.32852e-86
2.10042e-85
3.06714e-89
5.57075e-88
7.21786e-91
4.82269e-28
3.04235e-28
4.91108e-29
2.91549e-29
4.55428e-30
2.59778e-30
3.8609e-31
2.16171e-31
3.00538e-32
1.68341e-32
2.15749e-33
1.22772e-33
1.43427e-34
8.38746e-35
8.86267e-36
5.36835e-36
5.10692e-37
3.22008e-37
2.7518e-38
1.81122e-38
1.38974e-39
9.56115e-40
6.5903e-41
4.74123e-41
2.93867e-42
2.21063e-42
1.23343e-43
9.6994e-44
4.87622e-45
4.00744e-45
1.81629e-46
1.55983e-46
6.37392e-48
5.72084e-48
2.10662e-49
1.97692e-49
6.55279e-51
6.43446e-51
1.91637e-52
1.97127e-52
5.26202e-54
5.67905e-54
1.35423e-55
1.53652e-55
3.25962e-57
3.89773e-57
7.31912e-59
9.25135e-59
1.52836e-60
2.04941e-60
2.95708e-62
4.22448e-62
5.278e-64
8.07362e-64
8.64498e-66
1.42442e-65
1.29124e-67
2.30799e-67
1.74527e-69
3.41304e-69
2.1146e-71
4.57139e-71
2.26961e-73
5.49375e-73
2.12528e-75
5.85418e-75
1.70168e-77
5.44805e-77
1.13312e-79
4.33972e-79
6.02576e-82
2.87799e-81
2.3992e-84
1.52596e-83
6.3525e-87
6.06492e-86
8.34815e-90
1.6048e-88
2.07423e-91
1.187e-28
8.52848e-29
1.19224e-29
8.14694e-30
1.09871e-30
7.25341e-31
9.30579e-32
6.03091e-32
7.26366e-33
4.68949e-33
5.24139e-34
3.41317e-34
3.50758e-35
2.32677e-35
2.18348e-36
1.48644e-36
1.26784e-37
8.90413e-38
6.88329e-39
5.00485e-39
3.50133e-40
2.64171e-40
1.67148e-41
1.31047e-41
7.4985e-43
6.11443e-43
3.16427e-44
2.68515e-44
1.25681e-45
1.11044e-45
4.70002e-47
4.32594e-47
1.65482e-48
1.58774e-48
5.48373e-50
5.48951e-50
1.7092e-51
1.78721e-51
5.00579e-53
5.47534e-53
1.37575e-54
1.57695e-54
3.54207e-56
4.26419e-56
8.52544e-58
1.0808e-57
1.91344e-59
2.56245e-59
3.9923e-61
5.66873e-61
7.71546e-63
1.16663e-62
1.37511e-64
2.22555e-64
2.24847e-66
3.91858e-66
3.35184e-68
6.33534e-68
4.52072e-70
9.34662e-70
5.4647e-72
1.24877e-71
5.85087e-74
1.49684e-73
5.46474e-76
1.59076e-75
4.36391e-78
1.47633e-77
2.89797e-80
1.17272e-79
1.53687e-82
7.75537e-82
6.10228e-85
4.10052e-84
1.61128e-87
1.62521e-86
2.11166e-90
4.28852e-89
5.52705e-92
2.9539e-29
2.37525e-29
2.90962e-30
2.2418e-30
2.64761e-31
1.97883e-31
2.22607e-32
1.63423e-32
1.73178e-33
1.26347e-33
1.24906e-34
9.14976e-35
8.37149e-36
6.20999e-36
5.2259e-37
3.95237e-37
3.0452e-38
2.36035e-38
1.65974e-39
1.32355e-39
8.47599e-41
6.97353e-41
4.06169e-42
3.45479e-42
1.82851e-43
1.61038e-43
7.73999e-45
7.06673e-45
3.08237e-46
2.92058e-46
1.15517e-47
1.13707e-47
4.07394e-49
4.17055e-49
1.35158e-50
1.44079e-50
4.21554e-52
4.68626e-52
1.23489e-53
1.43405e-53
3.39312e-55
4.12463e-55
8.73068e-57
1.11358e-56
2.09931e-58
2.81746e-58
4.7054e-60
6.66662e-60
9.80153e-62
1.47159e-61
1.89059e-63
3.02136e-63
3.36226e-65
5.74909e-65
5.48456e-67
1.00952e-66
8.15481e-69
1.6275e-68
1.09683e-70
2.39395e-70
1.32203e-72
3.18865e-72
1.4112e-74
3.81003e-74
1.31399e-76
4.03609e-76
1.04598e-78
3.73358e-78
6.92397e-81
2.95605e-80
3.66017e-83
1.94849e-82
1.44865e-85
1.02688e-84
3.81288e-88
4.05688e-87
4.9811e-91
1.0671e-89
1.37074e-92
7.43882e-30
6.61196e-30
7.14715e-31
6.1206e-31
6.38505e-32
5.32079e-32
5.2988e-33
4.34034e-33
4.08586e-34
3.32143e-34
2.93037e-35
2.38454e-35
1.9576e-36
1.60648e-36
1.22012e-37
1.01602e-37
7.10696e-39
6.03522e-39
3.87483e-40
3.36891e-40
1.9803e-41
1.76823e-41
9.49833e-43
8.73156e-43
4.27992e-44
4.05857e-44
1.81308e-45
1.77653e-45
7.22439e-47
7.32522e-47
2.70819e-48
2.84567e-48
9.55039e-50
1.04147e-49
3.1672e-51
3.59006e-51
9.87097e-53
1.16504e-52
2.88842e-54
3.55669e-54
7.92531e-56
1.02042e-55
2.0357e-57
2.74767e-57
4.88499e-59
6.93246e-59
1.09241e-60
1.63553e-60
2.26977e-62
3.59915e-62
4.36602e-64
7.36575e-64
7.74159e-66
1.39688e-65
1.25885e-67
2.4444e-67
1.86559e-69
3.92671e-69
2.50066e-71
5.7549e-71
3.00344e-73
7.63686e-73
3.19443e-75
9.0907e-75
2.96346e-77
9.59349e-77
2.35028e-79
8.84065e-79
1.55e-81
6.97293e-81
8.16322e-84
4.57888e-83
3.21896e-86
2.40411e-85
8.44137e-89
9.46277e-88
1.09877e-91
2.48e-90
3.17367e-93
1.88738e-30
1.83781e-30
1.76221e-31
1.66014e-31
1.53887e-32
1.41419e-32
1.25464e-33
1.13418e-33
9.54437e-35
8.55561e-35
6.77587e-36
6.06754e-36
4.49246e-37
4.04493e-37
2.7845e-38
2.53507e-38
1.61529e-39
1.49403e-39
8.78013e-41
8.28279e-41
4.47685e-42
4.32134e-42
2.14329e-43
2.12258e-43
9.64212e-45
9.81924e-45
4.07849e-46
4.27949e-46
1.62264e-47
1.75748e-47
6.07288e-49
6.80135e-49
2.13778e-50
2.48002e-50
7.07555e-52
8.51797e-52
2.20036e-53
2.75427e-53
6.42306e-55
8.37784e-55
1.75771e-56
2.39477e-56
4.50191e-58
6.42421e-58
1.07698e-59
1.61464e-59
2.40052e-61
3.79441e-61
4.97043e-63
8.31658e-63
9.52617e-65
1.69506e-64
1.68274e-66
3.20121e-66
2.72559e-68
5.57805e-68
4.023e-70
8.92214e-70
5.37027e-72
1.30193e-71
6.423e-74
1.72011e-73
6.80246e-76
2.03855e-75
6.28363e-78
2.14182e-77
4.96212e-80
1.96508e-79
3.25851e-82
1.54317e-81
1.70884e-84
1.00898e-83
6.71006e-87
5.27506e-86
1.75233e-89
2.06762e-88
2.27158e-92
5.39654e-91
6.87678e-94
4.79106e-31
5.07716e-31
4.33764e-32
4.46166e-32
3.69157e-33
3.71132e-33
2.94663e-34
2.91604e-34
2.20325e-35
2.16105e-35
1.54252e-36
1.50919e-36
1.01129e-37
9.92693e-38
6.21149e-39
6.14878e-39
3.57676e-40
3.58646e-40
1.93236e-41
1.97018e-41
9.80213e-43
1.01953e-42
4.67185e-44
4.97114e-44
2.09336e-45
2.28439e-45
8.82197e-47
9.89502e-47
3.49749e-48
4.04042e-48
1.30446e-49
1.55517e-49
4.5761e-51
5.64136e-51
1.50926e-52
1.92787e-52
4.67656e-54
6.20302e-54
1.36005e-55
1.87763e-55
3.7075e-57
5.34111e-57
9.45786e-59
1.42587e-58
2.25324e-60
3.56634e-60
5.00094e-62
8.33998e-62
1.03094e-63
1.81897e-63
1.96698e-65
3.68901e-65
3.4586e-67
6.93218e-67
5.57577e-69
1.20187e-68
8.19078e-71
1.91273e-70
1.08813e-72
2.777e-72
1.29512e-74
3.65047e-74
1.36495e-76
4.30449e-76
1.2547e-78
4.49988e-78
9.86015e-81
4.10803e-80
6.44371e-83
3.21019e-82
3.3631e-85
2.08877e-84
1.31435e-87
1.08683e-86
3.4165e-90
4.24002e-89
4.40868e-93
1.10159e-91
1.39716e-94
1.20821e-31
1.38668e-31
1.05934e-32
1.18312e-32
8.76864e-34
9.58702e-34
6.83504e-35
7.36045e-35
5.00901e-36
5.34463e-36
3.44797e-37
3.66589e-37
2.22848e-38
2.3732e-38
1.35237e-39
1.44933e-39
7.70787e-41
8.34771e-41
4.12761e-42
4.53418e-42
2.07771e-43
2.32256e-43
9.83514e-45
1.12202e-44
4.37967e-46
5.1124e-46
1.83516e-47
2.19713e-47
7.23634e-49
8.90582e-49
2.68497e-50
3.40415e-50
9.37151e-52
1.22669e-51
3.07546e-53
4.16535e-53
9.48224e-55
1.33193e-54
2.7439e-56
4.00725e-56
7.44232e-58
1.13311e-57
1.8889e-59
3.00713e-59
4.47699e-61
7.47735e-61
9.88471e-63
1.73842e-62
2.02698e-64
3.76956e-64
3.84678e-66
7.60074e-66
6.72751e-68
1.42005e-67
1.07869e-69
2.44785e-69
1.57596e-71
3.87332e-71
2.08216e-73
5.59134e-73
2.46467e-75
7.30823e-75
2.58336e-77
8.56893e-77
2.36176e-79
8.90781e-79
1.84596e-81
8.0872e-81
1.1999e-83
6.28526e-83
6.22942e-86
4.06772e-85
2.42189e-88
2.1054e-87
6.26323e-91
8.17144e-90
8.04167e-94
2.11232e-92
2.66529e-95
3.00775e-32
3.72559e-32
2.55167e-33
3.08185e-33
2.05131e-34
2.42841e-34
1.5585e-35
1.81815e-35
1.11693e-36
1.29082e-36
7.5411e-38
8.67708e-38
4.79292e-39
5.51674e-39
2.86657e-40
3.31489e-40
1.61317e-41
1.88157e-41
8.54246e-43
1.00856e-42
4.2574e-44
5.10435e-44
1.9973e-45
2.43884e-45
8.82161e-47
1.1e-46
3.66847e-48
4.68291e-48
1.43626e-49
1.88141e-49
5.29304e-51
7.13151e-51
1.83542e-52
2.54942e-52
5.98506e-54
8.59073e-54
1.83381e-55
2.72673e-55
5.27385e-57
8.14481e-57
1.42168e-58
2.28691e-58
3.5863e-60
6.02738e-60
8.44829e-62
1.48856e-61
1.85391e-63
3.4376e-63
3.77846e-65
7.40459e-65
7.12687e-67
1.48322e-66
1.23877e-68
2.75307e-68
1.97411e-70
4.71505e-70
2.86652e-72
7.41304e-72
3.76418e-74
1.06332e-73
4.42864e-76
1.3811e-75
4.61388e-78
1.60928e-77
4.19286e-80
1.66266e-79
3.25775e-82
1.50037e-81
2.10521e-84
1.15914e-83
1.08665e-86
7.45805e-86
4.20083e-89
3.83812e-88
1.08035e-91
1.48133e-90
1.37959e-94
3.80837e-93
4.77857e-96
7.35007e-33
9.80177e-33
6.02919e-34
7.85226e-34
4.70197e-35
6.00833e-35
3.47675e-36
4.37977e-36
2.43237e-37
3.03497e-37
1.60761e-38
1.99583e-38
1.00269e-39
1.24392e-39
5.89777e-41
7.34086e-41
3.27017e-42
4.09899e-42
1.70892e-43
2.16453e-43
8.41592e-45
1.08055e-44
3.90561e-46
5.09805e-46
1.7079e-47
2.27264e-47
7.03682e-49
9.57007e-49
2.73117e-50
3.80568e-50
9.98248e-52
1.42864e-51
3.43429e-53
5.06028e-53
1.11136e-54
1.69016e-54
3.37998e-56
5.31916e-56
9.65003e-58
1.5758e-57
2.58283e-59
4.3892e-59
6.46949e-61
1.14779e-60
1.51339e-62
2.81298e-62
3.29803e-64
6.44731e-64
6.67547e-66
1.37848e-65
1.25051e-67
2.74111e-67
2.15882e-69
5.05131e-69
3.41705e-71
8.58974e-71
4.92846e-73
1.34102e-72
6.42868e-75
1.91024e-74
7.51349e-77
2.46417e-76
7.77652e-79
2.85198e-78
7.02117e-81
2.92706e-80
5.42045e-83
2.62416e-82
3.48075e-85
2.01439e-84
1.78557e-87
1.28797e-86
6.86087e-90
6.58765e-89
1.75397e-92
2.5273e-91
2.22683e-95
6.45966e-94
8.05702e-97
1.75424e-33
2.51472e-33
1.39049e-34
1.94908e-34
1.05098e-35
1.44652e-35
7.55382e-37
1.02524e-36
5.15137e-38
6.92407e-38
3.32743e-39
4.44757e-39
2.0331e-40
2.71313e-40
1.17398e-41
1.57001e-41
6.40218e-43
8.61054e-43
3.29576e-44
4.47253e-44
1.60104e-45
2.19905e-45
7.33761e-47
1.02301e-46
3.17183e-48
4.50116e-48
1.29287e-49
1.87238e-49
4.96752e-51
7.36061e-51
1.79835e-52
2.73322e-52
6.13063e-54
9.58144e-54
1.96657e-55
3.1687e-55
5.93029e-57
9.87785e-57
1.67919e-58
2.89953e-58
4.45815e-60
8.00461e-60
1.10786e-61
2.07514e-61
2.57142e-63
5.04281e-63
5.56072e-65
1.14626e-64
1.117e-66
2.43095e-66
2.07679e-68
4.79555e-68
3.5587e-70
8.76823e-70
5.59154e-72
1.47959e-71
8.00622e-74
2.29245e-73
1.03684e-75
3.24124e-75
1.20321e-77
4.15055e-77
1.23661e-79
4.76921e-79
1.10879e-81
4.86021e-81
8.50187e-84
4.32708e-83
5.42303e-86
3.29908e-85
2.76371e-88
2.09538e-87
1.05511e-90
1.06479e-89
2.68046e-93
4.05917e-92
3.38228e-96
1.03113e-94
1.27801e-97
4.06978e-34
6.26651e-34
3.11542e-35
4.69502e-35
2.28029e-36
3.37616e-36
1.59144e-37
2.32397e-37
1.05661e-38
1.52775e-38
6.661e-40
9.57256e-40
3.98121e-41
5.70765e-41
2.25339e-42
3.2342e-42
1.20674e-43
1.73977e-43
6.11011e-45
8.87684e-45
2.92353e-46
4.29299e-46
1.32127e-47
1.96669e-47
5.638e-49
8.53014e-49
2.2705e-50
3.50102e-50
8.6253e-52
1.35901e-51
3.08916e-53
4.98638e-53
1.04238e-54
1.72822e-54
3.31104e-56
5.65365e-56
9.89061e-58
1.74413e-57
2.77501e-59
5.06848e-59
7.30205e-61
1.38569e-60
1.79883e-62
3.55857e-62
4.13974e-64
8.56864e-64
8.87753e-66
1.93033e-65
1.76864e-67
4.0581e-67
3.26179e-69
7.93716e-69
5.54481e-71
1.43911e-70
8.64383e-73
2.40851e-72
1.22809e-74
3.70172e-74
1.57831e-76
5.19248e-76
1.8178e-78
6.59771e-78
1.85445e-80
7.52358e-80
1.65068e-82
7.61011e-82
1.25665e-84
6.72602e-84
7.95955e-87
5.09159e-86
4.02853e-89
3.21137e-88
1.52766e-91
1.62082e-90
3.85553e-94
6.1381e-93
4.83397e-97
1.54923e-95
1.90753e-98
9.13578e-35
1.51089e-34
6.75046e-36
1.09339e-35
4.78138e-37
7.61142e-37
3.23746e-38
5.08329e-38
2.09049e-39
3.24923e-39
1.28473e-40
1.9837e-40
7.502e-42
1.15471e-41
4.15674e-43
6.39932e-43
2.18307e-44
3.37233e-44
1.08576e-45
1.68819e-45
5.11022e-47
8.02105e-47
2.27461e-48
3.61444e-48
9.56941e-50
1.54368e-49
3.803e-51
6.24456e-51
1.42681e-52
2.39109e-52
5.05024e-54
8.6605e-54
1.68509e-55
2.96495e-55
5.29544e-57
9.58626e-57
1.56559e-58
2.92425e-58
4.34903e-60
8.40649e-60
1.13338e-61
2.2744e-61
2.76591e-63
5.7821e-63
6.3072e-65
1.37866e-64
1.34048e-66
3.07633e-66
2.64723e-68
6.40741e-68
4.84022e-70
1.24188e-69
8.15867e-72
2.23181e-71
1.26132e-73
3.7029e-73
1.77747e-75
5.64298e-75
2.26606e-77
7.84998e-77
2.58938e-79
9.89359e-79
2.62119e-81
1.11925e-80
2.31548e-83
1.12335e-82
1.74966e-85
9.85324e-85
1.10016e-87
7.40372e-87
5.52852e-90
4.636e-89
2.0819e-92
2.32342e-91
5.21875e-95
8.73879e-94
6.50003e-98
2.19104e-96
2.67939e-99
1.97538e-35
3.51111e-35
1.40826e-36
2.45254e-36
9.64709e-38
1.65147e-37
6.33263e-39
1.06918e-38
3.9736e-40
6.63903e-40
2.37836e-41
3.94544e-41
1.35545e-42
2.23985e-42
7.34424e-44
1.21278e-43
3.77848e-45
6.25455e-45
1.84388e-46
3.06873e-46
8.52711e-48
1.43098e-47
3.73404e-49
6.3364e-49
1.5472e-50
2.66216e-50
6.06172e-52
1.06043e-51
2.24392e-53
4.0018e-53
7.84219e-55
1.42961e-54
2.58527e-56
4.83062e-56
8.03112e-58
1.54244e-57
2.34827e-59
4.64917e-59
6.45403e-61
1.32125e-60
1.66471e-62
3.53532e-62
4.02214e-64
8.89201e-64
9.08308e-66
2.09833e-65
1.91223e-67
4.63531e-67
3.74153e-69
9.56055e-69
6.77939e-71
1.83546e-70
1.13265e-72
3.26806e-72
1.73591e-74
5.3733e-74
2.4255e-76
8.11643e-76
3.06651e-78
1.11937e-77
3.47547e-80
1.39893e-79
3.49004e-82
1.56961e-81
3.05887e-84
1.56274e-83
2.29368e-86
1.36002e-85
1.43143e-88
1.01414e-87
7.14064e-91
6.30319e-90
2.66982e-93
3.1362e-92
6.64606e-96
1.17134e-94
8.22198e-99
2.91697e-97
3.54214e-100
4.09555e-36
7.83405e-36
2.81597e-37
5.27858e-37
1.86479e-38
3.43599e-38
1.18607e-39
2.1549e-39
7.22736e-41
1.29887e-40
4.20998e-42
7.5076e-42
2.33978e-43
4.15323e-43
1.23865e-44
2.19522e-44
6.23712e-46
1.10696e-45
2.98367e-47
5.31845e-47
1.35453e-48
2.43193e-48
5.83021e-50
1.05728e-49
2.37718e-51
4.36615e-51
9.17383e-53
1.7112e-52
3.34797e-54
6.35951e-54
1.15442e-55
2.23915e-55
3.75728e-57
7.46239e-57
1.15303e-58
2.35164e-58
3.3322e-60
6.99963e-60
9.05588e-62
1.96536e-61
2.3106e-63
5.1981e-63
5.52438e-65
1.29286e-64
1.23491e-66
3.01804e-66
2.57419e-68
6.59747e-68
4.9884e-70
1.34698e-69
8.95393e-72
2.56054e-71
1.48226e-73
4.5154e-73
2.2514e-75
7.35493e-75
3.11824e-77
1.10087e-76
3.90855e-79
1.50481e-78
4.39269e-81
1.86439e-80
4.37496e-83
2.07427e-82
3.80374e-85
2.04826e-84
2.8299e-87
1.76832e-86
1.75257e-89
1.30835e-88
8.67753e-92
8.07038e-91
3.22092e-94
3.98605e-93
7.96148e-97
1.47818e-95
9.78203e-100
3.65585e-98
4.40773e-101
8.10389e-37
1.67163e-36
5.37253e-38
1.08595e-37
3.43823e-39
6.8296e-39
2.11807e-40
4.14688e-40
1.25279e-41
2.42487e-41
7.09828e-43
1.36238e-42
3.84485e-44
7.33941e-44
1.98739e-45
3.78429e-45
9.7878e-47
1.86455e-46
4.58665e-48
8.76629e-48
2.04263e-49
3.92795e-49
8.63572e-51
1.67546e-50
3.46243e-52
6.79623e-52
1.31527e-53
2.61904e-53
4.72915e-55
9.57938e-55
1.60785e-56
3.32225e-56
5.16349e-58
1.09141e-57
1.56447e-59
3.39259e-59
4.46635e-61
9.96669e-61
1.19966e-62
2.76357e-62
3.02656e-64
7.22168e-64
7.15769e-66
1.77544e-65
1.58322e-67
4.09839e-67
3.26662e-69
8.86261e-69
6.26752e-71
1.79056e-70
1.11414e-72
3.36929e-72
1.82703e-74
5.88316e-74
2.74963e-76
9.49116e-76
3.77419e-78
1.40741e-77
4.68939e-80
1.90641e-79
5.22526e-82
2.34117e-81
5.1608e-84
2.58241e-83
4.45048e-86
2.52878e-85
3.28479e-88
2.16549e-87
2.01855e-90
1.58959e-89
9.91926e-93
9.73029e-92
3.65489e-95
4.77034e-94
8.97009e-98
1.75638e-96
1.09456e-100
4.31392e-99
5.16363e-102
1.52282e-37
3.39709e-37
9.73356e-39
2.12697e-38
6.0191e-40
1.29196e-39
3.59076e-41
7.59219e-41
2.06107e-42
4.30518e-42
1.13556e-43
2.35012e-43
5.99249e-45
1.23233e-44
3.02315e-46
6.19543e-46
1.45557e-47
2.9811e-47
6.67844e-49
1.37082e-48
2.91614e-50
6.01568e-50
1.21033e-51
2.51625e-51
4.76946e-53
1.00204e-52
1.78251e-54
3.79499e-54
6.31133e-56
1.36542e-55
2.11476e-57
4.66217e-57
6.69808e-59
1.50906e-58
2.00285e-60
4.62506e-60
5.64625e-62
1.34054e-61
1.49836e-63
3.66935e-63
3.73645e-65
9.47051e-65
8.73808e-67
2.30072e-66
1.91197e-68
5.25026e-68
3.90376e-70
1.12282e-69
7.41413e-72
2.24429e-71
1.305e-73
4.17939e-73
2.11953e-75
7.22452e-75
3.16008e-77
1.15418e-76
4.29818e-79
1.69532e-78
5.29317e-81
2.27534e-80
5.84716e-83
2.76934e-82
5.72646e-85
3.02826e-84
4.8978e-87
2.94045e-86
3.58609e-89
2.49747e-88
2.18659e-91
1.81878e-90
1.06639e-93
1.10478e-92
3.90048e-96
5.37612e-95
9.50493e-99
1.96526e-97
1.15187e-101
4.79374e-100
5.69638e-103
2.70329e-38
6.54629e-38
1.66622e-39
3.9499e-39
9.95778e-41
2.31696e-40
5.75319e-42
1.31755e-41
3.20474e-43
7.24394e-43
1.71686e-44
3.84122e-44
8.82593e-46
1.9601e-45
4.345e-47
9.60554e-47
2.04474e-48
4.51242e-48
9.18339e-50
2.02876e-49
3.93053e-51
8.7165e-51
1.60104e-52
3.57404e-52
6.19885e-54
1.3968e-53
2.27855e-55
5.19701e-55
7.94203e-57
1.83872e-56
2.62188e-58
6.17902e-58
8.18775e-60
1.96998e-59
2.41554e-61
5.95123e-61
6.72261e-63
1.70132e-62
1.76214e-64
4.5959e-64
4.34249e-66
1.17129e-65
1.00402e-67
2.81113e-67
2.17284e-69
6.34047e-69
4.38942e-71
1.34077e-70
8.25099e-73
2.6509e-72
1.43784e-74
4.88489e-74
2.31271e-76
8.3584e-76
3.41569e-78
1.3222e-77
4.60339e-80
1.92363e-79
5.61862e-82
2.55793e-81
6.15294e-84
3.08541e-83
5.97517e-86
3.34459e-85
5.06863e-88
3.22027e-87
3.68158e-90
2.71281e-89
2.22742e-92
1.95999e-91
1.07813e-94
1.18146e-93
3.91473e-97
5.70684e-96
9.47254e-100
2.07134e-98
1.14015e-102
5.01803e-101
5.91972e-104
4.50797e-39
1.19078e-38
2.68088e-40
6.92526e-40
1.54912e-41
3.92361e-41
8.67171e-43
2.15934e-42
4.68937e-44
1.15119e-43
2.44341e-45
5.93001e-45
1.22384e-46
2.94463e-46
5.88002e-48
1.40654e-47
2.70472e-49
6.45032e-49
1.18907e-50
2.83508e-50
4.98821e-52
1.19239e-51
1.99393e-53
4.79188e-53
7.58426e-55
1.83756e-54
2.7415e-56
6.71538e-56
9.40549e-58
2.33588e-57
3.05872e-59
7.72416e-59
9.41655e-61
2.42511e-60
2.74052e-62
7.21991e-62
7.52857e-64
2.03542e-63
1.94899e-65
5.42558e-65
4.7459e-67
1.36518e-66
1.08475e-68
3.2365e-68
2.32167e-70
7.21422e-70
4.64013e-72
1.50829e-71
8.63238e-74
2.94958e-73
1.48928e-75
5.37799e-75
2.37225e-77
9.1084e-77
3.4707e-79
1.42665e-78
4.63483e-81
2.0558e-80
5.60683e-83
2.70845e-82
6.08712e-85
3.23778e-84
5.86174e-87
3.47939e-86
4.93195e-89
3.32199e-88
3.55398e-91
2.77581e-90
2.13373e-93
1.98978e-92
1.02511e-95
1.19034e-94
3.69544e-98
5.70784e-97
8.8799e-101
2.0572e-99
1.06167e-103
4.95032e-102
5.79779e-105
7.01993e-40
2.03519e-39
4.03189e-41
1.14145e-40
2.25469e-42
6.24938e-42
1.22384e-43
3.33002e-43
6.42929e-45
1.72207e-44
3.26017e-46
8.61999e-46
1.5918e-47
4.16634e-47
7.46693e-49
1.94013e-48
3.35832e-50
8.68681e-50
1.44554e-51
3.73288e-51
5.94486e-53
1.53693e-52
2.33228e-54
6.05363e-54
8.71601e-56
2.27774e-55
3.09846e-57
8.17568e-57
1.04635e-58
2.79577e-58
3.35214e-60
9.09645e-60
1.01737e-61
2.81233e-61
2.9209e-63
8.25077e-63
7.92052e-65
2.29369e-64
2.02511e-66
6.0327e-66
4.87274e-68
1.4986e-67
1.10103e-69
3.50934e-69
2.33059e-71
7.73041e-71
4.60851e-73
1.59792e-72
8.48555e-75
3.09076e-74
1.44941e-76
5.57611e-76
2.28652e-78
9.348e-78
3.31408e-80
1.44981e-79
4.38565e-82
2.06937e-81
5.25884e-84
2.70134e-83
5.66069e-86
3.20066e-85
5.40604e-88
3.41003e-87
4.51203e-90
3.2288e-89
3.22608e-92
2.67634e-91
1.92226e-94
1.90366e-93
9.16771e-97
1.13035e-95
3.28162e-99
5.38139e-98
7.832e-102
1.92624e-100
9.30266e-105
4.60479e-103
5.35465e-106
1.01447e-40
3.25341e-40
5.63566e-42
1.76132e-41
3.05413e-43
9.32642e-43
1.60946e-44
4.81536e-44
8.22283e-46
2.41717e-45
4.06173e-47
1.17642e-46
1.93483e-48
5.53732e-48
8.86764e-50
2.51488e-49
3.90202e-51
1.09976e-50
1.64532e-52
4.62174e-52
6.63626e-54
1.86326e-53
2.55621e-55
7.19433e-55
9.3886e-57
2.65641e-56
3.2832e-58
9.36608e-58
1.0916e-59
3.14901e-59
3.44573e-61
1.0082e-60
1.03114e-62
3.06962e-62
2.92091e-64
8.87498e-64
7.81944e-66
2.43304e-65
1.97482e-67
6.31443e-67
4.69595e-69
1.54867e-68
1.0491e-70
3.58246e-70
2.19653e-72
7.79917e-72
4.29785e-74
1.59399e-73
7.83336e-76
3.04977e-75
1.3249e-77
5.44472e-77
2.07029e-79
9.03587e-79
2.97313e-81
1.3878e-80
3.89947e-83
1.9623e-82
4.63555e-85
2.53841e-84
4.94809e-87
2.98135e-86
4.6872e-89
3.14959e-88
3.88135e-91
2.95792e-90
2.75403e-93
2.43257e-92
1.6289e-95
1.71718e-94
7.71338e-98
1.0122e-96
2.7421e-100
4.78532e-99
6.50122e-103
1.70145e-101
7.67301e-106
4.04152e-104
4.6666e-107
1.35166e-41
4.84344e-41
7.27809e-43
2.53443e-42
3.82959e-44
1.29951e-43
1.96266e-45
6.50839e-45
9.76689e-47
3.17429e-46
4.70598e-48
1.5034e-47
2.1897e-49
6.89651e-49
9.81567e-51
3.05683e-50
4.22963e-52
1.30632e-51
1.74849e-53
5.37144e-53
6.92151e-55
2.12128e-54
2.61921e-56
8.03204e-56
9.45964e-58
2.91126e-57
3.25569e-59
1.00856e-58
1.06617e-60
3.33473e-60
3.31723e-62
1.05083e-61
9.79128e-64
3.15131e-63
2.73737e-65
8.98055e-65
7.2366e-67
2.42827e-66
1.80574e-68
6.2195e-68
4.24455e-70
1.50625e-69
9.37776e-72
3.4424e-71
1.94254e-73
7.40767e-73
3.76185e-75
1.49716e-74
6.78845e-77
2.83391e-76
1.13717e-78
5.00732e-78
1.76049e-80
8.22768e-80
2.50557e-82
1.25161e-81
3.25773e-84
1.75346e-83
3.84015e-86
2.24814e-85
4.06571e-88
2.61785e-87
3.82099e-90
2.74277e-89
3.13991e-92
2.55539e-91
2.21149e-94
2.08544e-93
1.29868e-96
1.46131e-95
6.10733e-99
8.55298e-98
2.15676e-101
4.0162e-100
5.0809e-104
1.41878e-102
5.96e-107
3.34938e-105
3.84063e-108
1.64905e-42
6.68909e-42
8.63066e-44
3.38901e-43
4.42045e-45
1.68529e-44
2.20821e-46
8.19887e-46
1.0725e-47
3.89014e-47
5.0498e-49
1.79494e-48
2.29882e-50
8.03246e-50
1.0093e-51
3.47768e-51
4.26425e-53
1.45343e-52
1.73013e-54
5.85144e-54
6.72822e-56
2.26498e-55
2.50346e-57
8.41447e-57
8.89762e-59
2.99523e-58
3.01585e-60
1.01998e-59
9.73357e-62
3.31778e-61
2.98672e-63
1.02933e-62
8.69965e-65
3.04139e-64
2.40154e-66
8.54545e-66
6.27215e-68
2.27958e-67
1.54695e-69
5.7636e-69
3.59578e-71
1.37865e-70
7.85932e-73
3.11358e-72
1.61121e-74
6.62414e-74
3.08916e-76
1.32423e-75
5.52103e-78
2.48034e-77
9.16278e-80
4.33848e-79
1.4058e-81
7.05967e-81
1.98342e-83
1.06392e-82
2.5572e-85
1.47714e-84
2.9899e-87
1.8775e-86
3.14064e-89
2.16806e-88
2.92915e-91
2.25331e-90
2.38933e-93
2.08317e-92
1.67087e-95
1.68746e-94
9.74467e-98
1.17403e-96
4.55234e-100
6.82471e-99
1.59741e-102
3.18381e-101
3.74022e-105
1.11776e-103
4.36165e-108
2.62323e-106
2.98752e-109
1.82837e-43
8.54193e-43
9.33507e-45
4.199e-44
4.66916e-46
2.0289e-45
2.28008e-47
9.60402e-47
1.08361e-48
4.43967e-48
4.99716e-50
1.99835e-49
2.23012e-51
8.73427e-51
9.60734e-53
3.69764e-52
3.9862e-54
1.51273e-53
1.58959e-55
5.96781e-55
6.0805e-57
2.26584e-56
2.22708e-58
8.26446e-58
7.79712e-60
2.89084e-59
2.60512e-61
9.6817e-61
8.29324e-63
3.09969e-62
2.51154e-64
9.47236e-64
7.22404e-66
2.75871e-65
1.97029e-67
7.64507e-67
5.08661e-69
2.0127e-68
1.24068e-70
5.02508e-70
2.85317e-72
1.18757e-71
6.17225e-74
2.65118e-73
1.25284e-75
5.57811e-75
2.37917e-77
1.1033e-76
4.21298e-79
2.04548e-78
6.92977e-81
3.54284e-80
1.05406e-82
5.71077e-82
1.4748e-84
8.52853e-84
1.88616e-86
1.17379e-85
2.18816e-88
1.47944e-87
2.28117e-90
1.69463e-89
2.11207e-92
1.74762e-91
1.7107e-94
1.60365e-93
1.18817e-96
1.28976e-95
6.88411e-99
8.91198e-98
3.19571e-101
5.14677e-100
1.11458e-103
2.38609e-102
2.59456e-106
8.3275e-105
3.00879e-109
1.94341e-107
2.19853e-110
1.82582e-44
1.00605e-43
9.1376e-46
4.80972e-45
4.48209e-47
2.26289e-46
2.14754e-48
1.04421e-47
1.00195e-49
4.71089e-49
4.53868e-51
2.07163e-50
1.99075e-52
8.85542e-52
8.43404e-54
3.67017e-53
3.44348e-55
1.47137e-54
1.35204e-56
5.69348e-56
5.09529e-58
2.12218e-57
1.83966e-59
7.60549e-59
6.35261e-61
2.61607e-60
2.09459e-62
8.62232e-62
6.5838e-64
2.71866e-63
1.96966e-65
8.18766e-65
5.59932e-67
2.35155e-66
1.51003e-68
6.43046e-68
3.85629e-70
1.67149e-69
9.30812e-72
4.12258e-71
2.11912e-73
9.62974e-73
4.53994e-75
2.12585e-74
9.12908e-77
4.42504e-76
1.71799e-78
8.6626e-78
3.01567e-80
1.59021e-79
4.91858e-82
2.72826e-81
7.42054e-84
4.35778e-83
1.03007e-85
6.45117e-85
1.30733e-87
8.80435e-87
1.50546e-89
1.10075e-88
1.55826e-91
1.2511e-90
1.43279e-93
1.28063e-92
1.15277e-95
1.16676e-94
7.95503e-98
9.31977e-97
4.58044e-100
6.39774e-99
2.11362e-102
3.67177e-101
7.32952e-105
1.6922e-103
1.69686e-107
5.87271e-106
1.95744e-110
1.36328e-108
1.53217e-111
1.62248e-45
8.01142e-47
3.87563e-48
1.83101e-49
8.42254e-51
3.76165e-52
1.62693e-53
6.79796e-55
2.73809e-56
1.06094e-57
3.94702e-59
1.40733e-60
4.80093e-62
1.56439e-63
4.86136e-65
1.43838e-66
4.04554e-68
1.07979e-69
2.7302e-71
6.52689e-73
1.47218e-74
3.12574e-76
6.23089e-78
1.16274e-79
2.02442e-81
3.27587e-83
4.90456e-85
6.75792e-87
8.5156e-89
9.73826e-91
1.00123e-92
9.14651e-95
7.31297e-97
5.01612e-99
2.87145e-101
1.31761e-103
4.54474e-106
1.04678e-108
1.20167e-111
)
;

boundaryField
{
    leftWall
    {
        type            calculated;
        value           nonuniform 0();
    }
    rightWall
    {
        type            calculated;
        value           uniform 0;
    }
    lowerWall
    {
        type            calculated;
        value           uniform 0;
    }
    atmosphere
    {
        type            calculated;
        value           nonuniform 0();
    }
    defaultFaces
    {
        type            empty;
        value           nonuniform 0();
    }
    procBoundary1to0
    {
        type            processor;
        value           nonuniform List<scalar> 
44
(
-2.86041e-17
-4.9059e-17
-3.60548e-17
-2.26922e-17
-1.37028e-17
-8.88384e-18
-5.55401e-18
-3.49271e-18
-2.20849e-18
-1.38499e-18
-8.84193e-19
-4.79643e-19
-2.03249e-19
-7.50403e-20
-2.58947e-20
-8.61849e-21
-2.84707e-21
-9.52532e-22
-3.24978e-22
-1.12721e-22
1.8369e-23
-5.75454e-24
-1.91364e-24
-6.35879e-25
-2.09921e-25
-6.84942e-26
-2.19935e-26
-6.92222e-27
-2.1274e-27
-6.36011e-28
-1.84264e-28
-5.15406e-29
-1.38632e-29
-3.56888e-30
-8.74253e-31
-2.02382e-31
-4.39192e-32
-8.85356e-33
-1.64081e-33
-2.76283e-34
-4.17003e-35
-5.55266e-36
-6.38874e-37
-6.18789e-38
)
;
    }
    procBoundary1to3
    {
        type            processor;
        value           nonuniform List<scalar> 
45
(
2.88489e-38
1.41353e-39
7.4118e-41
3.91235e-42
2.06797e-43
1.091e-44
5.0854e-46
2.33497e-47
1.05249e-48
4.64239e-50
1.99776e-51
8.36401e-53
3.39813e-54
1.33657e-55
5.07829e-57
1.86011e-58
6.5558e-60
2.21924e-61
7.20345e-63
2.23834e-64
6.6476e-66
1.8839e-67
5.08624e-69
1.306e-70
3.1836e-72
7.35337e-74
1.60595e-75
3.30855e-77
6.4132e-79
1.16616e-80
1.98259e-82
3.13915e-84
4.60823e-86
6.23859e-88
7.73955e-90
8.73161e-92
8.87439e-94
8.03042e-96
6.3729e-98
4.34772e-100
2.48053e-102
1.1368e-104
3.92441e-107
9.06483e-110
1.01226e-112
)
;
    }
}


// ************************************************************************* //
