/*--------------------------------*- C++ -*----------------------------------*\
| =========                 |                                                 |
| \\      /  F ield         | OpenFOAM: The Open Source CFD Toolbox           |
|  \\    /   O peration     | Version:  3.0.1                                 |
|   \\  /    A nd           | Web:      www.OpenFOAM.org                      |
|    \\/     M anipulation  |                                                 |
\*---------------------------------------------------------------------------*/
FoamFile
{
    version     2.0;
    format      ascii;
    class       surfaceScalarField;
    location    "0.4";
    object      phi;
}
// * * * * * * * * * * * * * * * * * * * * * * * * * * * * * * * * * * * * * //

dimensions      [0 3 -1 0 0 0 0];

internalField   nonuniform List<scalar> 
760
(
6.84067e-09
-6.83964e-09
-3.06285e-08
3.74689e-08
-1.10241e-07
7.96121e-08
-2.16614e-07
1.06372e-07
-3.35774e-07
1.1916e-07
-4.56584e-07
1.2081e-07
-5.69712e-07
1.13128e-07
-6.66405e-07
9.6693e-08
-7.37773e-07
7.13689e-08
-7.75009e-07
3.72361e-08
-7.70514e-07
-4.49439e-09
-7.19985e-07
-5.05287e-08
-6.24617e-07
-9.53685e-08
-4.93022e-07
-1.31595e-07
-3.41652e-07
-1.5137e-07
-1.931e-07
-1.48551e-07
-7.19647e-08
-1.21136e-07
1.42599e-09
-7.33907e-08
2.0237e-08
-1.88111e-08
2.02368e-08
-3.83275e-08
3.14879e-08
-1.72701e-07
1.71842e-07
-3.88031e-07
2.94943e-07
-6.56876e-07
3.75216e-07
-9.51504e-07
4.13788e-07
-1.24686e-06
4.1617e-07
-1.52025e-06
3.86511e-07
-1.75013e-06
3.26579e-07
-1.91568e-06
2.36913e-07
-1.99763e-06
1.19188e-07
-1.98102e-06
-2.10985e-08
-1.85834e-06
-1.73211e-07
-1.6344e-06
-3.19305e-07
-1.32885e-06
-4.37146e-07
-9.76683e-07
-5.03537e-07
-6.24563e-07
-5.00671e-07
-3.22376e-07
-4.23323e-07
-1.11093e-07
-2.84673e-07
-1.06777e-08
-1.19227e-07
9.55898e-09
-8.98968e-08
1.21384e-07
-3.24736e-07
4.0668e-07
-6.66422e-07
6.36628e-07
-1.07553e-06
7.84325e-07
-1.51486e-06
8.53122e-07
-1.95053e-06
8.51837e-07
-2.35114e-06
7.87123e-07
-2.68665e-06
6.62089e-07
-2.92813e-06
4.7839e-07
-3.04921e-06
2.40273e-07
-3.02937e-06
-4.09408e-08
-2.85832e-06
-3.4426e-07
-2.54154e-06
-6.36091e-07
-2.10408e-06
-8.74601e-07
-1.59176e-06
-1.01586e-06
-1.06722e-06
-1.02521e-06
-5.99752e-07
-8.9079e-07
-2.4976e-07
-6.34666e-07
-5.15438e-08
-3.17443e-07
-4.19848e-08
-1.36488e-07
2.57873e-07
-4.66675e-07
7.36866e-07
-9.27071e-07
1.09702e-06
-1.46444e-06
1.32169e-06
-2.03326e-06
1.42195e-06
-2.5936e-06
1.41218e-06
-3.10863e-06
1.30216e-06
-3.54281e-06
1.09626e-06
-3.86133e-06
7.96909e-07
-4.03165e-06
4.10596e-07
-4.02726e-06
-4.53311e-08
-3.83181e-06
-5.39708e-07
-3.44721e-06
-1.0207e-06
-2.89845e-06
-1.42336e-06
-2.23729e-06
-1.67702e-06
-1.54013e-06
-1.72237e-06
-8.97499e-07
-1.53342e-06
-3.9514e-07
-1.13702e-06
-9.13579e-08
-6.21226e-07
-1.33343e-07
-1.77902e-07
4.35775e-07
-5.96092e-07
1.15506e-06
-1.16709e-06
1.66802e-06
-1.82396e-06
1.97856e-06
-2.51388e-06
2.11187e-06
-3.19279e-06
2.09108e-06
-3.8208e-06
1.93017e-06
-4.35896e-06
1.63443e-06
-4.76791e-06
1.20585e-06
-5.00851e-06
6.51203e-07
-5.04715e-06
-6.69415e-09
-4.85608e-06
-7.30776e-07
-4.42882e-06
-1.44796e-06
-3.78382e-06
-2.06837e-06
-2.97389e-06
-2.48694e-06
-2.08816e-06
-2.6081e-06
-1.24322e-06
-2.37836e-06
-5.60373e-07
-1.81988e-06
-1.33417e-07
-1.04818e-06
-2.6676e-07
-2.14812e-07
6.50587e-07
-7.13003e-07
1.65325e-06
-1.38581e-06
2.34083e-06
-2.15399e-06
2.74674e-06
-2.95879e-06
2.91667e-06
-3.75385e-06
2.88614e-06
-4.49828e-06
2.6746e-06
-5.15159e-06
2.28774e-06
-5.67093e-06
1.72519e-06
-6.01104e-06
9.91319e-07
-6.12517e-06
1.07434e-07
-5.97611e-06
-8.79834e-07
-5.53866e-06
-1.88541e-06
-4.81761e-06
-2.78942e-06
-3.8598e-06
-3.44475e-06
-2.76386e-06
-3.70404e-06
-1.67675e-06
-3.46546e-06
-7.68499e-07
-2.72813e-06
-1.85513e-07
-1.63117e-06
-4.52273e-07
-2.47294e-07
8.97881e-07
-8.16587e-07
2.22254e-06
-1.58076e-06
3.105e-06
-2.45011e-06
3.61609e-06
-3.36165e-06
3.8282e-06
-4.26857e-06
3.79307e-06
-5.13107e-06
3.5371e-06
-5.90917e-06
3.06583e-06
-6.55808e-06
2.37411e-06
-7.02635e-06
1.45959e-06
-7.25677e-06
3.37851e-07
-7.19338e-06
-9.43226e-07
-6.78981e-06
-2.28897e-06
-6.02736e-06
-3.55188e-06
-4.93589e-06
-4.53622e-06
-3.61475e-06
-5.02518e-06
-2.24096e-06
-4.83925e-06
-1.04705e-06
-3.92204e-06
-2.57141e-07
-2.42108e-06
-7.09414e-07
-2.7478e-07
1.17266e-06
-9.04615e-07
2.85237e-06
-1.74667e-06
3.94706e-06
-2.70255e-06
4.57196e-06
-3.70659e-06
4.83225e-06
-4.71349e-06
4.79997e-06
-5.68677e-06
4.51038e-06
-6.58953e-06
3.96859e-06
-7.37772e-06
3.1623e-06
-7.99623e-06
2.0781e-06
-8.37817e-06
7.19789e-07
-8.44911e-06
-8.72289e-07
-8.13663e-06
-2.60146e-06
-7.38939e-06
-4.29912e-06
-6.20556e-06
-5.72005e-06
-4.66804e-06
-6.5627e-06
-2.9733e-06
-6.53399e-06
-1.42531e-06
-5.47004e-06
-3.59305e-07
-3.48708e-06
-1.06872e-06
-2.96439e-07
1.4691e-06
-9.74188e-07
3.53012e-06
-1.87653e-06
4.84941e-06
-2.89738e-06
5.59281e-06
-3.96971e-06
5.90458e-06
-5.05146e-06
5.88172e-06
-6.11191e-06
5.57082e-06
-7.12035e-06
4.97704e-06
-8.0375e-06
4.07944e-06
-8.80934e-06
2.84994e-06
-9.36395e-06
1.2744e-06
-9.61249e-06
-6.23749e-07
-9.45659e-06
-2.75736e-06
-8.80573e-06
-4.94998e-06
-7.60994e-06
-6.91583e-06
-5.90954e-06
-8.2631e-06
-3.89352e-06
-8.55001e-06
-1.93111e-06
-7.43246e-06
-5.05023e-07
-4.91316e-06
-1.57374e-06
-3.12049e-07
1.78115e-06
-1.02377e-06
4.24185e-06
-1.96454e-06
5.79017e-06
-3.0204e-06
6.64867e-06
-4.12375e-06
7.00793e-06
-5.23738e-06
6.99534e-06
-6.33872e-06
6.67217e-06
-7.40692e-06
6.04524e-06
-8.4126e-06
5.08512e-06
-9.30986e-06
3.74721e-06
-1.00305e-05
1.995e-06
-1.04803e-05
-1.73909e-07
-1.05424e-05
-2.69531e-06
-1.0087e-05
-5.40529e-06
-9.00333e-06
-7.99955e-06
-7.25751e-06
-1.00089e-05
-4.98484e-06
-1.08227e-05
-2.58446e-06
-9.83284e-06
-7.09982e-07
-6.78764e-06
-2.28372e-06
-3.23416e-07
2.10456e-06
-1.05651e-06
4.97494e-06
-2.01095e-06
6.74461e-06
-3.06325e-06
7.70098e-06
-4.14584e-06
8.09052e-06
-5.2281e-06
8.0776e-06
-6.29821e-06
7.74228e-06
-7.34885e-06
7.09588e-06
-8.36623e-06
6.1025e-06
-9.32105e-06
4.70203e-06
-1.01602e-05
2.83419e-06
-1.0799e-05
4.64879e-07
-1.11163e-05
-2.378e-06
-1.09548e-05
-5.56681e-06
-1.01402e-05
-8.81415e-06
-8.53753e-06
-1.16116e-05
-6.16796e-06
-1.31922e-05
-3.38453e-06
-1.26163e-05
-9.92342e-07
-9.17983e-06
-3.27607e-06
-3.36568e-07
2.44113e-06
-1.08484e-06
5.72322e-06
-2.02826e-06
7.68802e-06
-3.03089e-06
8.70361e-06
-4.02688e-06
9.08651e-06
-4.99511e-06
9.04583e-06
-5.93749e-06
8.68465e-06
-6.86379e-06
8.02219e-06
-7.78101e-06
7.01971e-06
-8.68433e-06
5.60535e-06
-9.54783e-06
3.69768e-06
-1.03134e-05
1.23043e-06
-1.08765e-05
-1.81485e-06
-1.10759e-05
-5.36742e-06
-1.06898e-05
-9.20028e-06
-9.47288e-06
-1.28285e-05
-7.27451e-06
-1.53906e-05
-4.28748e-06
-1.56033e-05
-1.36965e-06
-1.20977e-05
-4.64571e-06
-3.65227e-07
2.80636e-06
-1.13651e-06
6.4945e-06
-2.04765e-06
8.59916e-06
-2.94794e-06
9.6039e-06
-3.77879e-06
9.91737e-06
-4.53439e-06
9.80143e-06
-5.23461e-06
9.38486e-06
-5.90956e-06
8.69714e-06
-6.59043e-06
7.70059e-06
-7.30216e-06
6.31707e-06
-8.05482e-06
4.45034e-06
-8.83144e-06
2.00705e-06
-9.56773e-06
-1.07856e-06
-1.01308e-05
-4.80437e-06
-1.0288e-05
-9.04308e-06
-9.70654e-06
-1.34099e-05
-8.03463e-06
-1.70625e-05
-5.17791e-06
-1.846e-05
-1.84898e-06
-1.54266e-05
-6.49469e-06
-4.36664e-07
3.24302e-06
-1.26182e-06
7.31965e-06
-2.12295e-06
9.46029e-06
-2.85856e-06
1.03395e-05
-3.43176e-06
1.04906e-05
-3.86327e-06
1.02329e-05
-4.19722e-06
9.71882e-06
-4.48693e-06
8.98684e-06
-4.78873e-06
8.0024e-06
-5.15786e-06
6.68621e-06
-5.64281e-06
4.93529e-06
-6.27522e-06
2.63946e-06
-7.04877e-06
-3.05014e-07
-7.89243e-06
-3.96071e-06
-8.61534e-06
-8.32016e-06
-8.85797e-06
-1.31673e-05
-8.09227e-06
-1.78282e-05
-5.84369e-06
-2.07086e-05
-2.40504e-06
-1.88653e-05
-8.89972e-06
-6.01655e-07
3.84468e-06
-1.53991e-06
8.25791e-06
-2.32357e-06
1.0244e-05
-2.80621e-06
1.08221e-05
-3.00421e-06
1.06886e-05
-2.98355e-06
1.02123e-05
-2.82128e-06
9.55655e-06
-2.59591e-06
8.76146e-06
-2.38701e-06
7.7935e-06
-2.27549e-06
6.5747e-06
-2.34298e-06
5.00278e-06
-2.66606e-06
2.96254e-06
-3.3047e-06
3.33628e-07
-4.26698e-06
-2.99843e-06
-5.46109e-06
-7.12606e-06
-6.59053e-06
-1.20379e-05
-7.04546e-06
-1.73733e-05
-5.96284e-06
-2.17912e-05
-2.94214e-06
-2.1886e-05
-1.18419e-05
-9.47747e-07
4.79243e-06
-2.06914e-06
9.3793e-06
-2.68561e-06
1.08604e-05
-2.75273e-06
1.08893e-05
-2.40002e-06
1.03359e-05
-1.76454e-06
9.5768e-06
-9.64722e-07
8.75674e-06
-1.03605e-07
7.90035e-06
7.23197e-07
6.96669e-06
1.41819e-06
5.8797e-06
1.87822e-06
4.54276e-06
1.99347e-06
2.84728e-06
1.65166e-06
6.75437e-07
7.58837e-07
-2.1056e-06
-7.18817e-07
-5.6484e-06
-2.64256e-06
-1.01141e-05
-4.48927e-06
-1.55266e-05
-5.09979e-06
-2.11807e-05
-3.24815e-06
-2.37376e-05
-1.509e-05
-1.59847e-06
6.3909e-06
-2.86493e-06
1.06458e-05
-3.00736e-06
1.10028e-05
-2.31237e-06
1.01943e-05
-1.11665e-06
9.14015e-06
3.53125e-07
8.10702e-06
1.94162e-06
7.16825e-06
3.53467e-06
6.30729e-06
5.03509e-06
5.46627e-06
6.34637e-06
4.56842e-06
7.36131e-06
3.52782e-06
7.9558e-06
2.25279e-06
7.98523e-06
6.46014e-07
7.29243e-06
-1.41281e-06
5.7245e-06
-4.08047e-06
3.22267e-06
-7.61231e-06
8.21248e-08
-1.2386e-05
-2.69335e-06
-1.84052e-05
-2.97324e-06
-2.34577e-05
-1.80633e-05
-2.60884e-06
8.99973e-06
-3.33186e-06
1.13688e-05
-2.11934e-06
9.79032e-06
-4.32263e-09
8.07926e-06
2.43944e-06
6.69638e-06
4.9452e-06
5.60127e-06
7.3834e-06
4.73004e-06
9.67495e-06
4.01574e-06
1.17563e-05
3.38496e-06
1.35583e-05
2.76639e-06
1.49929e-05
2.09321e-06
1.59438e-05
1.30187e-06
1.62594e-05
3.30433e-07
1.57586e-05
-9.12035e-07
1.42036e-05
-2.52545e-06
1.13349e-05
-4.74357e-06
7.02953e-06
-8.0807e-06
2.01484e-06
-1.33905e-05
-1.31207e-06
-2.01308e-05
-1.93753e-05
-2.60264e-06
1.16024e-05
-5.13505e-08
8.8175e-06
4.19009e-06
5.54889e-06
8.28557e-06
3.98378e-06
1.19648e-05
3.01713e-06
1.52341e-05
2.33201e-06
1.81216e-05
1.84254e-06
2.06547e-05
1.48267e-06
2.28455e-05
1.19415e-06
2.46796e-05
9.32226e-07
2.61105e-05
6.62395e-07
2.70543e-05
3.5805e-07
2.73754e-05
9.35028e-09
2.69325e-05
-4.69196e-07
2.54556e-05
-1.04854e-06
2.25853e-05
-1.87326e-06
1.78051e-05
-3.30053e-06
1.0817e-05
-6.40242e-06
3.13906e-06
-1.24528e-05
-1.62363e-05
1.16024e-05
2.04199e-05
2.59688e-05
2.99525e-05
3.29697e-05
3.53017e-05
3.71442e-05
3.86269e-05
3.9821e-05
4.07533e-05
4.14156e-05
4.17737e-05
4.1783e-05
4.13139e-05
4.02653e-05
3.83921e-05
3.50915e-05
2.86891e-05
1.62363e-05
)
;

boundaryField
{
    movingWall
    {
        type            calculated;
        value           uniform 0;
    }
    fixedWalls
    {
        type            calculated;
        value           uniform 0;
    }
    frontAndBack
    {
        type            empty;
        value           nonuniform 0();
    }
}


// ************************************************************************* //
